   7.4533641e-01   1.5700748e-01
   6.9211032e-01   1.8843811e-01
   5.7190935e-01   2.6421548e-01
   6.2602676e-01   2.2919885e-01
   5.8951372e-01   2.5264909e-01
   2.6995800e-01   5.0135164e-01
   1.2958029e-02   9.1257340e-01
   4.7729287e-02   8.0452038e-01
   2.4957512e-02   8.6640600e-01
   3.8472294e-01   4.0042523e-01
   2.9200495e-01   4.8049451e-01
   8.9597877e-01   7.3696261e-02
   1.6388483e-01   6.1652097e-01
   1.0015363e+00   1.9445953e-02
   6.5465281e-01   2.1128970e-01
   7.5929511e-01   1.4895252e-01
   7.1822301e-01   1.7287243e-01
   8.6245609e-01   9.1588311e-02
   1.9766730e-03   9.9846053e-01
   7.0504704e-01   1.8069047e-01
   6.6692275e-01   2.0373371e-01
   5.3788143e-01   2.8709006e-01
   1.7876067e-01   5.9846569e-01
   6.1672580e-01   2.3510577e-01
   8.3048796e-01   1.0897812e-01
   3.6496942e-02   8.3246826e-01
   2.3142102e-01   5.3998299e-01
   9.1690618e-01   6.2696302e-02
   3.3075717e-01   4.4566822e-01
   1.1933394e-01   6.7622932e-01
   7.5701567e-02   7.4711292e-01
   6.6487673e-02   7.6459033e-01
   5.7172514e-02   7.8357262e-01
   2.4672234e-01   5.2428330e-01
   7.7353848e-01   1.4080940e-01
   1.9369559e-01   5.8108616e-01
   5.9847407e-01   2.4682846e-01
   1.4607270e-01   6.3926650e-01
   5.1938079e-01   2.9983182e-01
   2.3905424e-01   5.3208781e-01
   8.7901253e-01   8.2708932e-02
   2.8566648e-01   4.8640731e-01
   9.6837973e-01   3.6163975e-02
   5.5470484e-01   2.7569293e-01
   5.4624688e-01   2.8140084e-01
   3.4398177e-01   4.3425754e-01
   1.5497632e-01   6.2773173e-01
   4.2367471e-01   3.6972415e-01
   9.4216225e-01   4.9587221e-02
   3.2420561e-01   4.5140606e-01
   4.5124958e-01   3.4883929e-01
   4.9932176e-01   3.1390682e-01
   6.7940621e-01   1.9611739e-01
   8.3313426e-02   7.3347893e-01
   3.1121787e-01   4.6295553e-01
   9.2387626e-02   7.1803039e-01
   5.2960428e-01   2.9276308e-01
   1.1038636e-01   6.8952160e-01
   3.5737713e-01   4.2292199e-01
   1.7131709e-01   6.0740129e-01
   5.6325931e-01   2.6996412e-01
   7.8807975e-01   1.3257309e-01
   7.3164921e-01   1.6497949e-01
   4.3276873e-01   3.6276304e-01
   3.3734966e-01   4.3995189e-01
   4.8947974e-01   3.2091646e-01
   1.0140816e-01   7.0342083e-01
   5.8066081e-01   2.5844364e-01
   1.3716950e-01   6.5116181e-01
   2.9837407e-01   4.7461774e-01
   3.6414180e-01   4.1727861e-01
   8.1810183e-01   1.1580579e-01
   2.1625044e-01   5.5607337e-01
   2.7778996e-01   4.9384756e-01
   4.1467369e-01   3.7668830e-01
   3.1769261e-01   4.5716815e-01
   4.7014432e-01   3.3489644e-01
   8.4628664e-01   1.0034294e-01
   2.2382117e-01   5.4797497e-01
   1.2825904e-01   6.6346455e-01
   3.5065771e-01   4.2858097e-01
   6.0754377e-01   2.4098113e-01
   6.3544251e-01   2.2326367e-01
   6.4498428e-01   2.1729385e-01
   2.0119076e-01   5.7261884e-01
   5.0928882e-01   3.0687839e-01
   3.7781291e-01   4.0603204e-01
   3.9869819e-01   3.8923812e-01
   4.6064359e-01   3.4187138e-01
   2.6217177e-01   5.0892124e-01
   4.0576342e-01   3.8365736e-01
   3.9168322e-01   3.9482852e-01
   1.8622013e-01   5.8969737e-01
   8.0292893e-01   1.2424059e-01
   2.5442719e-01   5.1656336e-01
   4.4195990e-01   3.5580176e-01
   4.7975332e-01   3.2791357e-01
   2.0870786e-01   5.6428491e-01
   3.7095472e-01   4.1164793e-01
   3.0477774e-01   4.6877232e-01
