   1.9877494e-01   5.5416105e-01
   4.1289573e-01   3.5743238e-01
   2.7318806e-01   4.7732851e-01
   2.5802255e-01   4.9204333e-01
   3.3580636e-01   4.2051420e-01
   4.3056135e-01   3.4383023e-01
   1.1339087e-01   6.6326821e-01
   9.5917523e-02   6.9029861e-01
   2.5050103e-01   4.9950179e-01
   1.6973580e-01   5.8801307e-01
   3.5532184e-01   4.0391338e-01
   2.3556824e-01   5.1464893e-01
   5.2682372e-02   7.7047920e-01
   4.9553895e-01   2.9605655e-01
   3.4226958e-01   4.1496410e-01
   4.7643331e-01   3.0976038e-01
   7.8255017e-02   7.2026362e-01
   2.4301698e-01   5.0703509e-01
   5.3115773e-01   2.7119608e-01
   4.6705024e-01   3.1659114e-01
   1.3941831e-01   6.2661583e-01
   8.5015695e-01   7.7961835e-02
   1.6250862e-01   5.9687962e-01
   1.0467324e-01   6.7647154e-01
   3.1034354e-01   4.4291745e-01
   5.0526916e-01   2.8917894e-01
   5.4754171e-01   2.6004113e-01
   3.4877447e-01   4.0943087e-01
   7.0669119e-01   1.5935227e-01
   2.1341189e-01   5.3803754e-01
   4.2168303e-01   3.5063072e-01
   3.3986637e-02   8.1565234e-01
   3.8874855e-01   3.7650503e-01
   3.2299921e-01   4.3167207e-01
   5.2309829e-01   2.7674644e-01
   2.2076791e-01   5.3014328e-01
   1.9148919e-01   5.6240817e-01
   4.8592833e-01   3.0291625e-01
   4.3953433e-01   3.3702809e-01
   8.7114762e-02   7.0485226e-01
   3.2938331e-01   4.2608299e-01
   4.5777519e-01   3.2341105e-01
   9.2802919e-01   3.6658620e-02
   5.9015331e-01   2.3178731e-01
   2.9627491e-01   4.5569096e-01
   4.4860430e-01   3.3022263e-01
   3.7523484e-01   3.8743795e-01
   3.0406919e-01   4.4857764e-01
   1.7697289e-01   5.7932160e-01
   6.6892327e-01   1.8212428e-01
   2.6558657e-01   4.8465157e-01
   5.1512293e-01   2.8228114e-01
   8.8290764e-01   6.0369720e-02
   6.1017233e-01   2.1886636e-01
   2.8853097e-01   4.6285161e-01
   1.2208360e-01   6.5059904e-01
   3.1665304e-01   4.3728296e-01
   2.2815279e-01   5.2234927e-01
   4.3423823e-02   7.9162234e-01
   3.6191368e-01   3.9840952e-01
   2.2750703e-04   9.8500226e-01
   7.3306892e-01   1.4380706e-01
   2.2675192e-02   8.4942571e-01
   7.0815039e-02   7.3389389e-01
   2.0608206e-01   5.4604022e-01
   7.4664658e-01   1.3591435e-01
   9.0335562e-01   4.9551133e-02
   3.6855113e-01   3.9291800e-01
   4.0419629e-01   3.6423769e-01
   8.0384192e-01   1.0342912e-01
   6.5677556e-01   1.8958468e-01
   8.6633226e-01   6.9231670e-02
   6.1803779e-02   7.5140152e-01
   3.8196740e-01   3.8196697e-01
   8.3436073e-01   8.6567926e-02
   7.6050072e-01   1.2793455e-01
   7.8908439e-01   1.1169723e-01
   7.7464204e-01   1.1986395e-01
   3.9558153e-01   3.7104932e-01
   1.4807505e-01   6.1519814e-01
   6.2153952e-01   2.1162385e-01
   6.9387241e-01   1.6701150e-01
   9.5739464e-01   2.1535863e-02
   5.3930467e-01   2.6562810e-01
   5.6429106e-01   2.4880862e-01
   1.8422392e-01   5.7078986e-01
   6.8128634e-01   1.7460084e-01
   1.5528978e-01   6.0593503e-01
   1.0879682e-02   8.9570663e-01
   5.9898270e-01   2.2606194e-01
   1.3075478e-01   6.3840326e-01
   2.8083731e-01   4.7006157e-01
   5.8143058e-01   2.3748573e-01
   6.3309165e-01   2.0433105e-01
   6.4483389e-01   1.9698610e-01
   5.7281096e-01   2.4315894e-01
   8.1892940e-01   9.5054240e-02
   5.5586890e-01   2.5443557e-01
   7.1975325e-01   1.5161879e-01
   1.0000026e+00   2.0999108e-28
