   5.4753999e-01   2.6004055e-01
   3.1507133e-01   4.3868785e-01
   4.8975666e-01   3.0017384e-01
   4.5225853e-01   3.2749831e-01
   2.4900059e-01   5.0100041e-01
   5.2309704e-01   2.7674552e-01
   3.2140833e-01   4.3307114e-01
   1.0878459e-02   8.9570015e-01
   1.9731571e-01   5.5579768e-01
   3.9901616e-01   3.6832274e-01
   5.5586730e-01   2.5443491e-01
   3.0250562e-01   4.4999489e-01
   7.6894937e-01   1.2310242e-01
   3.0877128e-01   4.4432808e-01
   6.4011180e-01   1.9993013e-01
   8.0384091e-01   1.0342825e-01
   3.4714331e-01   4.1081131e-01
   3.3419580e-01   4.2190330e-01
   2.2667251e-01   5.2389864e-01
   5.3930346e-01   2.6562716e-01
   6.0791887e-01   2.2030848e-01
   2.7930173e-01   4.7150995e-01
   5.8142868e-01   2.3748529e-01
   7.4118134e-01   1.3908111e-01
   6.7821305e-02   7.3957476e-01
   2.8698782e-01   4.6428756e-01
   8.2198564e-01   9.3365763e-02
   3.5368004e-01   4.0528995e-01
   2.4152418e-01   5.0854890e-01
   7.0153480e-01   1.6242326e-01
   2.0461771e-01   5.4765311e-01
   7.5492372e-01   1.3113654e-01
   5.6428909e-01   2.4880822e-01
   8.9646676e-01   5.3180714e-02
   4.4314928e-01   3.3430541e-01
   1.5096022e-01   6.1146401e-01
   1.3364418e-01   6.3442624e-01
   6.8880736e-01   1.7005581e-01
   7.1449699e-01   1.5472076e-01
   4.0766462e-01   3.6151380e-01
   1.5962049e-01   6.0047467e-01
   4.0299616e-02   7.9925236e-01
   5.1512070e-01   2.8228090e-01
   2.1194292e-01   5.3962741e-01
   3.9045088e-01   3.7513931e-01
   6.7631283e-01   1.7761759e-01
   4.3413751e-01   3.4110887e-01
   6.1696965e-01   2.1452584e-01
   6.6403701e-01   1.8511534e-01
   1.8277138e-01   5.7248230e-01
   3.8196565e-01   3.8196631e-01
   1.7552382e-01   5.8104437e-01
   3.7355859e-01   3.8880560e-01
   2.5651398e-01   4.9352791e-01
   5.8776564e-02   7.5756122e-01
   4.2522252e-01   3.4790912e-01
   3.2778227e-01   4.2747727e-01
   5.7280932e-01   2.4315832e-01
   1.2497588e-01   6.4648072e-01
   2.9472087e-01   4.5711800e-01
   1.4230408e-01   6.2276787e-01
   5.3115669e-01   2.7119502e-01
   4.9941343e-01   2.9330811e-01
   3.4064908e-01   4.1634849e-01
   9.6493880e-01   1.7687016e-02
   2.3408158e-01   5.1618022e-01
   5.9898097e-01   2.2606139e-01
   6.5197292e-01   1.9255160e-01
   9.0057120e-02   6.9990481e-01
   5.9015177e-01   2.3178663e-01
   7.5285083e-02   7.2561873e-01
   7.2770926e-01   1.4694123e-01
   7.8616945e-01   1.1333803e-01
   2.2482657e-04   9.8500578e-01
   1.9003469e-01   5.6407032e-01
   1.0758169e-01   6.7200353e-01
   2.1929399e-01   5.3171164e-01
   6.2844557e-01   2.0725441e-01
   4.7079059e-01   3.1385819e-01
   3.6026049e-01   3.9978296e-01
   2.7166324e-01   4.7878676e-01
   8.3748801e-01   8.4856292e-02
   3.6688655e-01   3.9428840e-01
   8.2693311e-02   7.1243555e-01
   8.5657826e-01   7.4484868e-02
   4.9612877e-02   7.7726052e-01
   9.3889005e-01   3.1036611e-02
   9.8840666e-02   6.8561065e-01
   2.6406790e-01   4.8612463e-01
   1.1629149e-01   6.5898462e-01
   3.0791694e-02   8.2452438e-01
   2.1024187e-02   8.5500280e-01
   4.6147099e-01   3.2068344e-01
   9.1734051e-01   4.2221054e-02
   5.0722829e-01   2.8780038e-01
   1.6828856e-01   5.8977011e-01
   4.8021629e-01   3.0702360e-01
   4.1639901e-01   3.5471014e-01
   8.7622581e-01   6.3930657e-02
   1.0000000e+00   3.0510582e-29
