   5.2309687e-01   2.7674564e-01
   8.1588324e-01   9.6737448e-02
   6.0791860e-01   2.2030865e-01
   5.3930355e-01   2.6562710e-01
   6.7879440e-01   1.7611020e-01
   3.4877394e-01   4.0942914e-01
   2.6255383e-01   4.8759993e-01
   2.7014034e-01   4.8024973e-01
   5.3115672e-01   2.7119501e-01
   6.6321311e-02   7.4247076e-01
   4.8071860e-02   7.8074704e-01
   4.7643164e-01   3.0975972e-01
   4.6147115e-01   3.2068332e-01
   5.9898070e-01   2.2606157e-01
   7.4664477e-01   1.3591391e-01
   3.9386714e-01   3.7241165e-01
   7.8354907e-04   9.7200805e-01
   2.4003265e-01   5.1006873e-01
   1.4314247e-02   8.8035784e-01
   5.1512162e-01   2.8228026e-01
   3.2299811e-01   4.3167077e-01
   3.6855002e-01   3.9291680e-01
   9.3162822e-01   3.4791102e-02
   3.5532105e-01   4.0391188e-01
   8.8965184e-01   5.6786427e-02
   6.9133588e-01   1.6853390e-01
   4.6891667e-01   3.1522509e-01
   6.4246595e-01   1.9846026e-01
   1.4518898e-01   6.1896328e-01
   8.6961210e-01   6.7470054e-02
   4.1114769e-01   3.5879201e-01
   8.5642444e-02   7.0735270e-01
   3.3580601e-01   4.2051229e-01
   1.5961977e-01   6.0047557e-01
   4.1991702e-01   3.5198995e-01
   2.4750165e-01   5.0250462e-01
   5.7280906e-01   2.4315850e-01
   4.5409316e-01   3.2613565e-01
   3.2938258e-01   4.2608139e-01
   3.7691194e-01   3.8606846e-01
   2.3259718e-01   5.1771670e-01
   1.5240279e-01   6.0961200e-01
   2.9162157e-01   4.5998003e-01
   4.9167897e-01   2.9880176e-01
   2.7777119e-01   4.7295998e-01
   4.4678082e-01   3.3158335e-01
   1.2931135e-01   6.4040112e-01
   4.3773091e-01   3.3838764e-01
   5.9015178e-01   2.3178663e-01
   8.3435887e-01   8.6567536e-02
   7.0410733e-01   1.6088896e-01
   3.0406828e-01   4.4857614e-01
   2.2519402e-01   5.2545388e-01
   5.5586724e-01   2.5443495e-01
   1.7407597e-01   5.8277588e-01
   1.2063545e-01   6.5267386e-01
   1.9585785e-01   5.5744170e-01
   2.8544616e-01   4.6572839e-01
   5.4753928e-01   2.6004103e-01
   7.8038104e-01   1.1660822e-01
   5.7258763e-02   7.6071197e-01
   3.6191275e-01   3.9840815e-01
   6.1924984e-01   2.1307571e-01
   1.3797413e-01   6.2855131e-01
   4.0246506e-01   3.6559866e-01
   2.7569495e-02   8.3395936e-01
   2.5500847e-01   4.9501637e-01
   1.8857976e-01   5.6574229e-01
   7.6330416e-01   1.2632720e-01
   4.9941458e-01   2.9330730e-01
   6.3076442e-01   2.0579321e-01
   4.2877742e-01   3.4518902e-01
   4.8401836e-01   3.0428572e-01
   7.1711926e-01   1.5317105e-01
   2.9782836e-01   4.5426347e-01
   2.1782136e-01   5.3328664e-01
   1.6684312e-01   5.9153566e-01
   1.0321644e-01   6.7872685e-01
   7.6142137e-02   7.2406135e-01
   3.1034250e-01   4.4291608e-01
   2.0315509e-01   5.4927271e-01
   5.6428956e-01   2.4880790e-01
   8.5015446e-01   7.7961789e-02
   1.1194026e-01   6.6542525e-01
   2.1047570e-01   5.4122369e-01
   5.8142868e-01   2.3748529e-01
   5.0722800e-01   2.8780059e-01
   9.4454027e-02   6.9266626e-01
   3.8534944e-01   3.7923479e-01
   9.6115521e-01   1.9614764e-02
   3.1665221e-01   4.3728141e-01
   7.3038234e-01   1.4537591e-01
   3.4226856e-01   4.1496277e-01
   6.5436843e-01   1.9106957e-01
   7.9789886e-01   1.0674816e-01
   3.8728839e-02   8.0320356e-01
   9.1031071e-01   4.5897957e-02
   6.6647538e-01   1.8362056e-01
   1.8132063e-01   5.7418239e-01
   1.0000000e+00   3.2180672e-28
