   6.2304868e-01   2.2579152e-01
   3.6005210e-01   4.1592189e-01
   4.2606591e-01   3.6294513e-01
   1.6020102e-01   6.1747385e-01
   1.5135658e-01   6.2883253e-01
   5.0141923e-01   3.0732112e-01
   3.0132479e-01   4.6736157e-01
   5.6085616e-01   2.6636600e-01
   6.4183046e-01   2.1394348e-01
   8.5388733e-01   9.0678596e-02
   7.8556752e-02   7.3974348e-01
   5.9575255e-01   2.4333595e-01
   9.8100387e-02   7.0600170e-01
   4.7686809e-02   8.0387736e-01
   2.8240501e-01   4.8500083e-01
   5.7810101e-01   2.5489766e-01
   2.4383031e-01   5.2292975e-01
   3.4671720e-01   4.2720516e-01
   4.0822757e-01   3.7682508e-01
   2.8867999e-01   4.7908590e-01
   9.4694314e-01   4.1514606e-02
   3.2703261e-01   4.4427054e-01
   1.0041724e+00   1.2478425e-02
   6.3237877e-01   2.1988372e-01
   5.3570545e-01   2.8341530e-01
   7.9821667e-01   1.2138681e-01
   5.5238074e-01   2.7206750e-01
   8.9115986e-02   7.2102760e-01
   5.1938234e-01   2.9469717e-01
   3.9420750e-01   3.8795053e-01
   4.0119026e-01   3.8238490e-01
   3.8039846e-01   3.9910573e-01
   3.4011437e-01   4.3287342e-01
   5.8687470e-01   2.4912903e-01
   7.5502729e-01   1.4595959e-01
   5.4399682e-01   2.7775098e-01
   2.7460535e-01   4.9244675e-01
   1.9869291e-01   5.7143363e-01
   5.6942950e-01   2.6064261e-01
   2.9498606e-01   4.7320702e-01
   6.0473918e-01   2.3751599e-01
   3.3355344e-01   4.3856116e-01
   2.5146396e-01   5.1519425e-01
   1.4251424e-01   6.4053510e-01
   4.6288595e-01   3.3519448e-01
   5.1134786e-01   3.0031591e-01
   4.1710157e-01   3.6988278e-01
   2.5913630e-01   5.0753893e-01
   6.6356139e-01   2.0045073e-01
   3.7356890e-01   4.0469845e-01
   4.5352979e-01   3.4213718e-01
   3.0769797e-01   4.6154689e-01
   3.6678682e-01   4.1030369e-01
   1.9125849e-01   5.7994394e-01
   4.9161234e-01   3.1430944e-01
   8.3482445e-01   1.0107728e-01
   1.1593893e-01   6.7816342e-01
   8.8688853e-01   7.2948689e-02
   7.8351757e-01   1.2967314e-01
   3.8727758e-01   3.9352352e-01
   4.3512328e-01   3.5600993e-01
   1.0703775e-01   6.9175215e-01
   3.2055014e-01   4.5000377e-01
   1.4787267e-02   9.0944997e-01
   7.6912670e-01   1.3786177e-01
   1.3366949e-01   6.5262140e-01
   4.7234958e-01   3.2824369e-01
   3.5336259e-01   4.2155526e-01
   5.7089127e-02   7.8244208e-01
   2.3623211e-01   5.3075267e-01
   4.8192401e-01   3.2128265e-01
   7.2765714e-01   1.6189937e-01
   1.8384213e-01   5.8860377e-01
   6.7592530e-01   1.9287310e-01
   5.2750056e-01   2.8906419e-01
   4.4427692e-01   3.4907469e-01
   9.2513697e-01   5.2809438e-02
   2.6674560e-02   8.6247124e-01
   4.2414183e-03   1.0041710e+00
   1.2481333e-01   6.6514440e-01
   9.0400820e-01   6.3881677e-02
   6.5140785e-01   2.0796898e-01
   3.1410577e-01   4.5576183e-01
   1.7644194e-01   5.9742478e-01
   7.4120829e-01   1.5397048e-01
   3.8119314e-02   8.2823155e-01
   6.8850618e-01   1.8523374e-01
   6.7889538e-02   7.6005590e-01
   8.1627634e-01   1.1131033e-01
   9.7329662e-01   2.8037359e-02
   2.1362772e-01   5.5481554e-01
   8.7018978e-01   8.1877877e-02
   2.0614871e-01   5.6306069e-01
   2.2866638e-01   5.3867048e-01
   2.6684878e-01   4.9995879e-01
   7.1436502e-01   1.6974916e-01
   2.2113262e-01   5.4668854e-01
   6.1383669e-01   2.3166840e-01
   1.6905337e-01   6.0642306e-01
   7.0131662e-01   1.7752680e-01
