   7.4812216e-01   7.6629549e-01
   8.0476277e-01   7.3104571e-01
   1.6612352e-01   1.3637485e+00
   9.7885917e-01   6.3110659e-01
   7.0456956e-01   7.9451471e-01
   1.4508671e-01   1.4319422e+00
   9.9231260e-01   6.2383147e-01
   7.2616009e-01   7.8039647e-01
   8.5201465e-01   7.0275750e-01
   1.4013356e-01   1.4547131e+00
   4.2755712e-01   1.0071981e+00
   2.0752965e-01   1.2748195e+00
   9.5239840e-01   6.4558593e-01
   1.1306516e+00   5.5208844e-01
   1.0476991e+00   5.9446246e-01
   4.3640561e-01   9.9913816e-01
   7.3709387e-01   7.7334441e-01
   1.7578906e-01   1.3396326e+00
   1.0763929e+00   5.7959611e-01
   2.9965375e-01   1.1409897e+00
   2.8316614e-01   1.1615573e+00
   3.9260951e-01   1.0402702e+00
   1.3065254e-01   1.5511201e+00
   4.5424403e-01   9.8323659e-01
   5.3711424e-01   9.1454421e-01
   6.3170294e-01   8.4423864e-01
   1.1057998e+00   5.6459254e-01
   5.2767925e-01   9.2198714e-01
   6.7284526e-01   8.1575044e-01
   4.4530104e-01   9.9115222e-01
   6.5211463e-01   8.2996447e-01
   1.0196831e+00   6.0920379e-01
   2.4239379e-01   1.2178098e+00
   1.0619590e+00   5.8704576e-01
   1.9954773e-01   1.2896077e+00
   1.8367101e-01   1.3218290e+00
   2.1553613e-01   1.2607389e+00
   5.4661047e-01   9.0713971e-01
   3.4983603e-01   1.0839171e+00
   3.6683198e-01   1.0661045e+00
   8.7634169e-01   6.8855495e-01
   2.7496258e-01   1.1722056e+00
   7.1531757e-01   7.8745391e-01
   3.7538502e-01   1.0573831e+00
   8.8869046e-01   6.8143417e-01
   7.9322830e-01   7.3810029e-01
   3.1625599e-01   1.1212702e+00
   9.2650931e-01   6.5997987e-01
   1.3370396e-01   1.4968403e+00
   4.9972818e-01   9.4457171e-01
   3.4139102e-01   1.0930248e+00
   4.0128200e-01   1.0318669e+00
   6.8333382e-01   8.0866244e-01
   2.2356698e-01   1.2472682e+00
   2.9139614e-01   1.1511588e+00
   4.8137585e-01   9.5986867e-01
   4.6323669e-01   9.7538653e-01
   3.3298013e-01   1.1022790e+00
   7.5924725e-01   7.5924819e-01
   9.1377164e-01   6.6714774e-01
   5.5616948e-01   8.9977112e-01
   1.5763742e-01   1.3878148e+00
   1.1207819e+00   5.5703555e-01
   3.2460230e-01   1.1116901e+00
   6.2161072e-01   8.5140369e-01
   3.5831570e-01   1.0749468e+00
   4.9052440e-01   9.5219445e-01
   9.3938462e-01   6.5279259e-01
   6.4186978e-01   8.3709321e-01
   7.8179843e-01   7.4515175e-01
   3.8397730e-01   1.0487737e+00
   2.6406322e-01   1.1868329e+00
   6.9390826e-01   8.0158417e-01
   8.4003086e-01   7.0984188e-01
   4.1875449e-01   1.0153363e+00
   6.0165268e-01   8.6579325e-01
   2.5320767e-01   1.2020083e+00
   1.0336086e+00   6.0184796e-01
   4.7228032e-01   9.6759830e-01
   6.6243931e-01   8.2285068e-01
   3.0794000e-01   1.1310321e+00
   5.8523941e-01   8.7785717e-01
   9.6555426e-01   6.3835836e-01
   5.0898725e-01   9.3699849e-01
   5.9178182e-01   8.7302275e-01
   8.6411805e-01   6.9566188e-01
   1.0059189e+00   6.1653125e-01
   7.7047258e-01   7.5220033e-01
   5.7548286e-01   8.8513172e-01
   8.1640783e-01   7.2398444e-01
   9.0116601e-01   6.7429894e-01
   1.5003782e-01   1.4128540e+00
   5.6579291e-01   8.9243602e-01
   6.1159547e-01   8.5858727e-01
   1.9159276e-01   1.3052258e+00
   5.1830385e-01   9.2947118e-01
   8.2816253e-01   7.1691724e-01
   4.0999654e-01   1.0235575e+00
   1.0910048e+00   5.7211230e-01
   2.3162109e-01   1.2343315e+00
