   8.7178325e-01   5.7156654e-01
   9.9145956e-01   5.0170253e-01
   9.2999272e-01   5.3687300e-01
   1.9681899e-01   1.3921058e+00
   1.1747612e+00   4.0421914e-01
   4.3952005e-01   9.0048120e-01
   1.0170502e+00   4.8746249e-01
   2.3497345e-01   1.1977949e+00
   2.9429530e-01   1.0809156e+00
   9.7888641e-01   5.0878291e-01
   8.6050004e-01   5.7846240e-01
   2.0889698e-01   1.2832246e+00
   5.2746560e-01   8.1810956e-01
   1.0976654e+00   4.4399942e-01
   4.7187204e-01   8.6867326e-01
   5.5034786e-01   7.9854545e-01
   2.6536877e-01   1.1313071e+00
   1.1403526e+00   4.2177217e-01
   6.9373350e-01   6.8820688e-01
   8.2731560e-01   5.9909044e-01
   9.4201299e-01   5.2988246e-01
   1.1648159e+00   4.0926040e-01
   3.8707659e-01   9.5694278e-01
   3.3878324e-01   1.0163464e+00
   2.1507173e-01   1.2580227e+00
   6.3684969e-01   7.2978037e-01
   6.2762062e-01   7.3677366e-01
   2.7975007e-01   1.1051499e+00
   7.8453704e-01   6.2650087e-01
   7.6373452e-01   6.4019064e-01
   9.5416748e-01   5.2287094e-01
   6.5551535e-01   7.1585723e-01
   1.1968179e+00   3.9312926e-01
   2.4418260e-01   1.1754950e+00
   4.6100926e-01   8.7913381e-01
   4.8281675e-01   8.5834070e-01
   1.0566051e+00   4.6588216e-01
   1.0838046e+00   4.5132958e-01
   4.2888984e-01   9.1139085e-01
   3.5641296e-01   9.9363581e-01
   2.8700371e-01   1.0928198e+00
   5.3885783e-01   8.0828750e-01
   2.2818424e-01   1.2160239e+00
   8.1646849e-01   6.0595041e-01
   5.8247379e-01   7.7211731e-01
   1.0041811e+00   4.9459538e-01
   7.0348271e-01   6.8132538e-01
   1.1117070e+00   4.3663091e-01
   7.3322017e-01   6.6073440e-01
   9.6645651e-01   5.1583879e-01
   7.4330299e-01   6.5388300e-01
   9.1810275e-01   5.4384439e-01
   4.0784516e-01   9.3375228e-01
   2.0320135e-01   1.3132330e+00
   7.9508138e-01   6.1965435e-01
   8.9470063e-01   5.5773553e-01
   1.1847994e+00   3.9915668e-01
   1.1259333e+00   4.2922296e-01
   6.6495772e-01   7.0892186e-01
   6.4614632e-01   7.2280965e-01
   5.6193935e-01   7.8887650e-01
   2.5118432e-01   1.1599633e+00
   8.0572466e-01   6.1280451e-01
   5.7363351e-01   7.7927621e-01
   5.1616809e-01   8.2801852e-01
   5.9137581e-01   7.6499085e-01
   2.5824885e-01   1.1452767e+00
   4.5022438e-01   8.8973435e-01
   8.4932856e-01   5.8534797e-01
   6.0034006e-01   7.5789535e-01
   1.0432620e+00   4.7310533e-01
   1.9849142e-01   1.3522210e+00
   3.9742819e-01   9.4523391e-01
   3.4631570e-01   1.0064799e+00
   3.0162448e-01   1.0693909e+00
   8.3826825e-01   5.9222334e-01
   3.0898726e-01   1.0582124e+00
   3.6657132e-01   9.8111788e-01
   7.7408908e-01   6.3334565e-01
   4.1833229e-01   9.2247615e-01
   7.2322342e-01   6.6759120e-01
   1.0300761e+00   4.8029949e-01
   7.1331172e-01   6.7445425e-01
   3.3128347e-01   1.0264338e+00
   6.7447341e-01   7.0200303e-01
   6.8406491e-01   6.9509849e-01
   1.1549626e+00   4.1428061e-01
   3.7679225e-01   9.6889547e-01
   2.7253710e-01   1.1179581e+00
   1.0701222e+00   4.5862179e-01
   6.1846144e-01   7.4378844e-01
   9.0634034e-01   5.5079774e-01
   8.8318282e-01   5.6465785e-01
   2.2153244e-01   1.2359208e+00
   6.0936809e-01   7.5082859e-01
   3.2381845e-01   1.0367580e+00
   7.5347454e-01   6.4703503e-01
   5.0496163e-01   8.3802235e-01
   3.1638611e-01   1.0473430e+00
   4.9384574e-01   8.4812669e-01
