   3.0121662e+00   1.6062423e+00
   2.4040237e+00   2.2911485e+00
   2.4505202e+00   2.1557488e+00
   3.1127501e+00   1.5470234e+00
   2.9071371e+00   1.6779100e+00
   2.4110412e+00   2.2568540e+00
   3.1379342e+00   1.5318017e+00
   2.3938912e+00   2.3562154e+00
   3.0495951e+00   1.5850488e+00
   2.5478695e+00   2.0018390e+00
   2.3913459e+00   2.3946795e+00
   2.5026444e+00   2.0643458e+00
   2.6414380e+00   1.8969055e+00
   2.5800363e+00   1.9624014e+00
   2.5880271e+00   1.9525957e+00
   2.8085883e+00   1.7509593e+00
   3.0743448e+00   1.5696819e+00
   2.9764940e+00   1.6311047e+00
   2.4682330e+00   2.1197412e+00
   2.8297650e+00   1.7343656e+00
   2.9187618e+00   1.6701697e+00
   2.5246918e+00   2.0322127e+00
   2.8959821e+00   1.6863998e+00
   2.8189555e+00   1.7424726e+00
   2.8625286e+00   1.7100188e+00
   2.5321482e+00   2.0210234e+00
   2.7770132e+00   1.7757730e+00
   3.1508021e+00   1.5239371e+00
   2.6785056e+00   1.8614998e+00
   2.4564398e+00   2.1437381e+00
   2.6234848e+00   1.9151393e+00
   2.6507198e+00   1.8882987e+00
   3.0618627e+00   1.5772301e+00
   3.2174815e+00   1.4868376e+00
   2.3900733e+00   2.5917823e+00
   3.3737801e+00   1.4043619e+00
   2.5173405e+00   2.0429801e+00
   2.4446653e+00   2.1673343e+00
   2.6875793e+00   1.8522928e+00
   2.6955618e+00   1.8423879e+00
   2.6687050e+00   1.8700577e+00
   3.0994478e+00   1.5541882e+00
   2.4890819e+00   2.0860842e+00
   3.2875686e+00   1.4493795e+00
   2.7873472e+00   1.7668653e+00
   2.5971032e+00   1.9433603e+00
   3.3594083e+00   1.4124932e+00
   2.9299958e+00   1.6618838e+00
   2.5094595e+00   2.0534596e+00
   2.6142580e+00   1.9247107e+00
   2.7170497e+00   1.8260329e+00
   3.1250126e+00   1.5393509e+00
   2.7070628e+00   1.8346619e+00
   2.4188308e+00   2.2328561e+00
   3.3140457e+00   1.4344389e+00
   3.3017498e+00   1.4420583e+00
   2.8734296e+00   1.7017960e+00
   3.3942201e+00   1.3947830e+00
   3.0242833e+00   1.5999661e+00
   3.3303950e+00   1.4271347e+00
   3.0369349e+00   1.5927527e+00
   2.5561948e+00   1.9921214e+00
   2.5395593e+00   2.0094056e+00
   3.0872611e+00   1.5622250e+00
   2.4394365e+00   2.1806812e+00
   2.4747319e+00   2.1085737e+00
   3.2733891e+00   1.4569748e+00
   2.4339142e+00   2.1926594e+00
   2.4287466e+00   2.2038022e+00
   2.4953075e+00   2.0750057e+00
   3.1907109e+00   1.5016062e+00
   2.4818461e+00   2.0970201e+00
   2.3980745e+00   2.3225329e+00
   3.0005384e+00   1.6156370e+00
   2.4627099e+00   2.1317410e+00
   2.7267837e+00   1.8179593e+00
   2.7366830e+00   1.8080007e+00
   2.9411372e+00   1.6539630e+00
   2.8407871e+00   1.7241008e+00
   2.7977589e+00   1.7589726e+00
   2.5723622e+00   1.9720785e+00
   3.2046343e+00   1.4939671e+00
   2.7556006e+00   1.7922297e+00
   2.8516690e+00   1.7180345e+00
   2.9888735e+00   1.6231825e+00
   2.6061626e+00   1.9342071e+00
   3.2312782e+00   1.4791620e+00
   3.1648928e+00   1.5165832e+00
   2.6599809e+00   1.8788897e+00
   2.5637567e+00   1.9821342e+00
   2.9527457e+00   1.6467088e+00
   3.3444536e+00   1.4195235e+00
   2.6320640e+00   1.9058429e+00
   2.9647363e+00   1.6387671e+00
   2.7459952e+00   1.8007747e+00
   2.8846001e+00   1.6940688e+00
   3.2451035e+00   1.4718858e+00
   2.7659537e+00   1.7831627e+00
   3.1782628e+00   1.5096145e+00
   3.2598670e+00   1.4641849e+00
