   8.5336106e-01   7.6226151e-02
   7.7464245e-01   1.1986384e-01
   7.9201092e-01   1.1005163e-01
   1.0000000e+00   1.5876319e-06
   8.7955987e-01   6.2153053e-02
   9.6874727e-01   1.5751988e-02
   6.6403897e-01   1.8511572e-01
   4.1464600e-01   3.5607147e-01
   3.7021733e-01   3.9154672e-01
   7.6612213e-01   1.2471756e-01
   8.2814655e-01   8.9976011e-02
   5.1910021e-01   2.7951550e-01
   5.3115820e-01   2.7119558e-01
   2.6998225e-01   4.8040343e-01
   8.0086514e-01   1.0509090e-01
   7.1712118e-01   1.5317151e-01
   6.8629336e-01   1.7157334e-01
   8.0983690e-01   1.0009220e-01
   6.7137852e-01   1.8062468e-01
   6.1469783e-01   2.1597491e-01
   4.3056153e-01   3.4382971e-01
   2.6487879e-01   4.8533782e-01
   7.5770725e-01   1.2953777e-01
   5.6853859e-01   2.4598661e-01
   5.6217650e-01   2.5021729e-01
   4.6332725e-01   3.1932013e-01
   5.0722955e-01   2.8780109e-01
   8.6633248e-01   6.9231754e-02
   7.3306811e-01   1.4380762e-01
   4.5226012e-01   3.2749871e-01
   8.9305384e-01   5.4986330e-02
   8.4063557e-01   8.3139782e-02
   8.1892955e-01   9.5054323e-02
   9.4623072e-01   2.7257675e-02
   3.6522641e-01   3.9566194e-01
   7.4939504e-01   1.3432553e-01
   7.2504835e-01   1.4850388e-01
   5.1314195e-01   2.8366232e-01
   2.8074191e-01   4.7015075e-01
   9.1031336e-01   4.5898153e-02
   9.2803054e-01   3.6658171e-02
   7.4118285e-01   1.3908182e-01
   5.4961413e-01   2.5864194e-01
   4.9553856e-01   2.9605659e-01
   6.7879602e-01   1.7611081e-01
   2.7478704e-01   4.7580025e-01
   6.0792046e-01   2.2030905e-01
   4.5777490e-01   3.2341094e-01
   3.0877103e-01   4.4432989e-01
   3.1349284e-01   4.4009728e-01
   5.2510529e-01   2.7536009e-01
   5.8143049e-01   2.3748569e-01
   3.4389160e-01   4.1357888e-01
   5.5586873e-01   2.5443554e-01
   6.5677554e-01   1.8958469e-01
   4.8975816e-01   3.0017435e-01
   3.8874858e-01   3.7650453e-01
   6.2153997e-01   2.1162353e-01
   4.4678213e-01   3.3158395e-01
   3.2459139e-01   4.3027236e-01
   6.9387250e-01   1.6701149e-01
   4.0940541e-01   3.6015363e-01
   3.5040701e-01   4.0804972e-01
   6.4958646e-01   1.9403232e-01
   4.1991843e-01   3.5199045e-01
   3.7523475e-01   3.8743751e-01
   3.1823607e-01   4.3587743e-01
   2.8541952e-01   4.6575490e-01
   4.7643319e-01   3.0976019e-01
   4.2522338e-01   3.4791004e-01
   4.3593357e-01   3.3974894e-01
   7.0153544e-01   1.6242446e-01
   6.3542451e-01   2.0286640e-01
   4.8211645e-01   3.0565553e-01
   4.4134019e-01   3.3566719e-01
   2.9006075e-01   4.6142870e-01
   5.7495618e-01   2.4174294e-01
   5.8796277e-01   2.3321428e-01
   4.7079015e-01   3.1386010e-01
   3.3098505e-01   4.2468858e-01
   3.3741804e-01   4.1912463e-01
   3.5532181e-01   4.0391283e-01
   6.0120641e-01   2.2462657e-01
   5.0136206e-01   2.9193234e-01
   3.0250715e-01   4.4999509e-01
   3.9386823e-01   3.7241237e-01
   6.2844835e-01   2.0725424e-01
   7.8327106e-01   1.1497557e-01
   5.3725994e-01   2.6702141e-01
   5.9455430e-01   2.2892811e-01
   2.9627258e-01   4.5569232e-01
   7.0928428e-01   1.5781142e-01
   3.6026142e-01   3.9978377e-01
   5.4341156e-01   2.6283705e-01
   3.8365761e-01   3.8060058e-01
   4.0419601e-01   3.6423747e-01
   3.9901716e-01   3.6832353e-01
   6.4247001e-01   1.9845932e-01
   3.7861544e-01   3.8468424e-01
   3.1076440e-28   1.0000016e+00
