   3.3903194e-01   4.1773551e-01
   8.7291093e-01   6.5702974e-02
   3.1032782e-01   4.4292925e-01
   7.9789854e-01   1.0674833e-01
   8.2505778e-01   9.1673087e-02
   9.4254785e-01   2.9150964e-02
   8.0683073e-01   1.0176243e-01
   8.1588266e-01   9.6737766e-02
   9.7642189e-01   1.1859375e-02
   3.2778007e-01   4.2747920e-01
   5.7280928e-01   2.4315835e-01
   9.2802770e-01   3.6658059e-02
   6.7631292e-01   1.7761753e-01
   8.9990156e-01   5.1368588e-02
   9.5739101e-01   2.1536403e-02
   7.5492312e-01   1.3113688e-01
   7.8038042e-01   1.1660857e-01
   8.4379194e-01   8.1418520e-02
   7.4664457e-01   1.3591402e-01
   6.1925035e-01   2.1307539e-01
   7.3038240e-01   1.4537587e-01
   3.4389091e-01   4.1357788e-01
   9.1381662e-01   4.4062437e-02
   8.8627019e-01   5.8580759e-02
   5.3521920e-01   2.6841323e-01
   5.2913387e-01   2.7258411e-01
   5.4753950e-01   2.6004088e-01
   4.5225904e-01   3.2749793e-01
   3.3419547e-01   4.2190358e-01
   8.3435964e-01   8.6567115e-02
   8.5335854e-01   7.6225926e-02
   4.7454659e-01   3.1112658e-01
   7.7178827e-01   1.2148519e-01
   5.9234893e-01   2.3035792e-01
   3.6356773e-01   3.9703422e-01
   3.7355844e-01   3.8880573e-01
   3.2299207e-01   4.3167609e-01
   7.6330345e-01   1.2632761e-01
   6.2613646e-01   2.0871215e-01
   4.8021634e-01   3.0702356e-01
   3.9386731e-01   3.7241151e-01
   6.4011201e-01   1.9993000e-01
   7.8908283e-01   1.1169666e-01
   7.3846518e-01   1.4066003e-01
   5.5377661e-01   2.5583832e-01
   4.4678107e-01   3.3158316e-01
   5.2309703e-01   2.7674553e-01
   3.9901624e-01   3.6832268e-01
   4.9941483e-01   2.9330712e-01
   4.4133914e-01   3.3566639e-01
   4.6891680e-01   3.1522500e-01
   5.9898068e-01   2.2606158e-01
   7.0668972e-01   1.5935160e-01
   6.1242998e-01   2.1742094e-01
   5.1116484e-01   2.8504207e-01
   6.9896978e-01   1.6395587e-01
   6.9133503e-01   1.6853441e-01
   3.0407743e-01   4.4856784e-01
   6.0567390e-01   2.2174946e-01
   5.8577732e-01   2.3463909e-01
   5.7926452e-01   2.3890571e-01
   8.6306347e-01   7.0987905e-02
   2.8793843e-01   4.6340105e-01
   4.8783959e-01   3.0154486e-01
   2.9286893e-01   4.5882634e-01
   4.0419507e-01   3.6423662e-01
   2.9776073e-01   4.5432544e-01
   3.5861128e-01   4.0115839e-01
   7.2239379e-01   1.5006248e-01
   5.6006651e-01   2.5162408e-01
   2.8455051e-01   4.6656724e-01
   4.9360581e-01   2.9742914e-01
   3.6854993e-01   3.9291687e-01
   6.8378341e-01   1.7308803e-01
   3.7859384e-01   3.8470020e-01
   4.3056051e-01   3.4382890e-01
   6.6892164e-01   1.8212370e-01
   4.1464503e-01   3.5607064e-01
   3.1665210e-01   4.3728151e-01
   3.8365673e-01   3.8059970e-01
   6.5436926e-01   1.9106906e-01
   4.2522238e-01   3.4790922e-01
   4.5777381e-01   3.2341016e-01
   5.1710768e-01   2.8089800e-01
   5.0526753e-01   2.8917827e-01
   5.6641034e-01   2.4739762e-01
   3.8874768e-01   3.7650366e-01
   4.3593253e-01   3.3974813e-01
   3.5368002e-01   4.0528997e-01
   4.1991745e-01   3.5198962e-01
   7.1449699e-01   1.5472076e-01
   4.6332613e-01   3.1931936e-01
   4.0940445e-01   3.6015279e-01
   3.4877344e-01   4.0942957e-01
   6.3308983e-01   2.0433058e-01
   5.4135405e-01   2.6423234e-01
   6.6160769e-01   1.8660730e-01
   6.4720460e-01   1.9550972e-01
   1.0000000e+00   3.5467310e-28
   6.6534197e-28   1.0000000e+00
