   5.3725860e-01   2.6702074e-01
   7.6894821e-01   1.2310308e-01
   7.7750427e-01   1.1823798e-01
   7.9494719e-01   1.0840189e-01
   8.3124471e-01   8.8273775e-02
   6.0120486e-01   2.2462599e-01
   8.5981287e-01   7.2739050e-02
   5.6217507e-01   2.5021665e-01
   8.9990156e-01   5.1368588e-02
   9.1381662e-01   4.4062437e-02
   7.8616959e-01   1.1333795e-01
   7.6049853e-01   1.2793433e-01
   7.5215243e-01   1.3273278e-01
   8.4063311e-01   8.3139538e-02
   8.7291093e-01   6.5702974e-02
   8.1285184e-01   9.8417038e-02
   4.3593253e-01   3.3974813e-01
   6.9641550e-01   1.6548487e-01
   8.5015450e-01   7.7961767e-02
   6.8128433e-01   1.7460051e-01
   5.5586732e-01   2.5443490e-01
   7.4390722e-01   1.3749944e-01
   5.8142900e-01   2.3748508e-01
   8.2198551e-01   9.3365837e-02
   5.1909892e-01   2.7951480e-01
   8.0384019e-01   1.0342865e-01
   9.4992815e-01   2.5357425e-02
   7.2770918e-01   1.4694128e-01
   6.8880868e-01   1.7005501e-01
   7.3576031e-01   1.4223529e-01
   6.7384045e-01   1.7912215e-01
   5.7495471e-01   2.4174232e-01
   8.8627019e-01   5.8580759e-02
   2.6682316e-01   4.8345072e-01
   4.7643203e-01   3.0975944e-01
   7.1975144e-01   1.5161834e-01
   4.2522238e-01   3.4790922e-01
   3.5861128e-01   4.0115838e-01
   3.8365673e-01   3.8059970e-01
   2.9315903e-01   4.5855838e-01
   4.6332613e-01   3.1931936e-01
   4.1991745e-01   3.5198962e-01
   5.0722830e-01   2.8780038e-01
   6.2153834e-01   2.1162297e-01
   6.1469622e-01   2.1597435e-01
   2.9938060e-01   4.5284317e-01
   5.4961274e-01   2.5864129e-01
   9.3162823e-01   3.4791096e-02
   4.4133914e-01   3.3566639e-01
   5.3115687e-01   2.7119490e-01
   3.1191597e-01   4.4150563e-01
   5.2510399e-01   2.7535941e-01
   4.0940445e-01   3.6015279e-01
   6.2844670e-01   2.0725370e-01
   4.0419507e-01   3.6423662e-01
   3.9386732e-01   3.7241151e-01
   4.8975696e-01   3.0017362e-01
   3.8874768e-01   3.7650366e-01
   6.5197293e-01   1.9255159e-01
   2.8698924e-01   4.6428624e-01
   3.6356773e-01   3.9703422e-01
   4.4678107e-01   3.3158316e-01
   3.5368001e-01   4.0528997e-01
   5.8796126e-01   2.3321368e-01
   5.9455277e-01   2.2892752e-01
   3.2140821e-01   4.3307125e-01
   2.8075238e-01   4.7013928e-01
   5.0136083e-01   2.9193162e-01
   4.6891680e-01   3.1522500e-01
   3.7355844e-01   3.8880573e-01
   3.1665125e-01   4.3728227e-01
   3.3903180e-01   4.1773563e-01
   3.6854993e-01   3.9291687e-01
   4.5225904e-01   3.2749793e-01
   4.5777381e-01   3.2341016e-01
   2.7307748e-01   4.7743185e-01
   9.7257202e-01   1.3809339e-02
   6.8599685e-27   1.0000000e+00
   3.4389080e-01   4.1357796e-01
   4.1464503e-01   3.5607064e-01
   3.3419582e-01   4.2190328e-01
   3.0563174e-01   4.4716029e-01
   6.5918658e-01   1.8809694e-01
   5.1314068e-01   2.8366162e-01
   4.3056051e-01   3.4382890e-01
   3.4877338e-01   4.0942962e-01
   6.3542283e-01   2.0286586e-01
   3.2778258e-01   4.2747700e-01
   3.9901624e-01   3.6832268e-01
   4.9553735e-01   2.9605586e-01
   3.7859385e-01   3.8470020e-01
   6.6647515e-01   1.8362071e-01
   5.6853714e-01   2.4598598e-01
   4.8401878e-01   3.0428542e-01
   6.4483248e-01   1.9698538e-01
   7.0410681e-01   1.6088927e-01
   7.1188473e-01   1.5626738e-01
   6.0791887e-01   2.2030847e-01
   1.0000000e+00   2.5737789e-27
   5.4341020e-01   2.6283639e-01
