   5.4971825e-01   2.5869094e-01
   5.6228250e-01   2.5026447e-01
   5.1919979e-01   2.7956912e-01
   5.4351476e-01   2.6288696e-01
   8.1299887e-01   9.8434840e-02
   1.7913005e-04   1.0000000e+00
   8.3764016e-01   8.4871030e-02
   8.6321886e-01   7.1000685e-02
   5.6864554e-01   2.4603288e-01
   4.7841663e-01   3.0845282e-01
   5.0732736e-01   2.8785659e-01
   5.5597379e-01   2.5448363e-01
   5.3736223e-01   2.6707224e-01
   4.2353681e-01   3.4934058e-01
   8.5030772e-01   7.7975817e-02
   5.8153938e-01   2.3753017e-01
   5.3125958e-01   2.7124734e-01
   5.1324064e-01   2.8371688e-01
   4.6156328e-01   3.2074736e-01
   7.8922596e-01   1.1171692e-01
   5.7506409e-01   2.4178831e-01
   8.0100790e-01   1.0510963e-01
   7.7764552e-01   1.1825946e-01
   4.4505277e-01   3.3301151e-01
   5.2520577e-01   2.7541278e-01
   1.8088299e-01   5.7490723e-01
   8.2520683e-01   9.1689647e-02
   9.6511122e-01   1.7690430e-02
   5.0145901e-01   2.9198879e-01
   7.5506072e-01   1.3116078e-01
   4.5051947e-01   3.2892598e-01
   3.9223921e-01   3.7385299e-01
   4.8411433e-01   3.0434549e-01
   4.8985338e-01   3.0023272e-01
   4.9563465e-01   2.9611399e-01
   6.8141020e-01   1.7463277e-01
   3.7196456e-01   3.9025790e-01
   9.3905643e-01   3.1043188e-02
   7.2252617e-01   1.5008998e-01
   4.6714192e-01   3.1665325e-01
   6.2395060e-01   2.1020796e-01
   8.9662862e-01   5.3189833e-02
   7.4404304e-01   1.3752454e-01
   4.3422606e-01   3.4117762e-01
   6.7150103e-01   1.8065764e-01
   5.8807264e-01   2.3325786e-01
   7.1201545e-01   1.5629607e-01
   6.9146249e-01   1.6856548e-01
   7.0166260e-01   1.6245390e-01
   6.5209422e-01   1.9258741e-01
   6.4258811e-01   1.9849580e-01
   4.2886460e-01   3.4525923e-01
   7.3320016e-01   1.4383352e-01
   3.9737907e-01   3.6976199e-01
   6.0578801e-01   2.2179124e-01
   1.8626092e-01   5.6862801e-01
   2.4905989e-01   5.0112050e-01
   8.7971541e-01   6.2164044e-02
   3.7699170e-01   3.8614939e-01
   2.2217175e-01   5.2883908e-01
   4.3962188e-01   3.3709522e-01
   9.1750576e-01   4.2228299e-02
   1.9652697e-01   5.5688846e-01
   4.7275943e-01   3.1255524e-01
   4.5602272e-01   3.2483810e-01
   4.0774856e-01   3.6158835e-01
   2.0468013e-01   5.4778213e-01
   4.0254865e-01   3.6567396e-01
   6.1481172e-01   2.1601493e-01
   3.4559026e-01   4.1228312e-01
   2.3413884e-01   5.1630618e-01
   3.8712843e-01   3.7794751e-01
   4.1297946e-01   3.5750461e-01
   4.1824199e-01   3.5342220e-01
   2.4158203e-01   5.0867231e-01
   3.1198597e-01   4.4160333e-01
   2.2820739e-01   5.2247695e-01
   3.3910538e-01   4.1782627e-01
   2.6261552e-01   4.8771454e-01
   2.9168768e-01   4.6008469e-01
   3.3266140e-01   4.2338724e-01
   2.6868236e-01   4.8182703e-01
   3.6530315e-01   3.9574507e-01
   3.8204612e-01   3.8204612e-01
   3.5868784e-01   4.0124403e-01
   3.0570207e-01   4.4725870e-01
   3.2625708e-01   4.2896764e-01
   6.3320817e-01   2.0436878e-01
   1.0001791e+00   7.7540790e-28
   2.5506898e-01   4.9513383e-01
   2.7477674e-01   4.7597938e-01
   2.1373467e-01   5.3787930e-01
   7.6625938e-01   1.2473990e-01
   5.9687607e-01   2.2753839e-01
   3.5211732e-01   4.0675621e-01
   3.1830556e-01   4.3597302e-01
   2.8089981e-01   4.7016920e-01
   6.6173048e-01   1.8664193e-01
   2.9789559e-01   4.5436600e-01
   2.8705266e-01   4.6439424e-01
