   4.0073916e-01   3.6696038e-01
   8.6961234e-01   6.7469923e-02
   7.8326883e-01   1.1497524e-01
   8.0983457e-01   1.0009191e-01
   7.9200866e-01   1.1005132e-01
   8.8290530e-01   6.0369593e-02
   7.5770512e-01   1.2953741e-01
   9.4254785e-01   2.9150964e-02
   7.2504634e-01   1.4850347e-01
   8.3748905e-01   8.4855719e-02
   8.5657794e-01   7.4485039e-02
   7.7464025e-01   1.1986350e-01
   8.1892718e-01   9.5054047e-02
   4.5409317e-01   3.2613564e-01
   8.4696569e-01   7.9692614e-02
   3.0249915e-01   4.5000077e-01
   8.0086284e-01   1.0509060e-01
   7.0153353e-01   1.6242402e-01
   8.9646758e-01   5.3180280e-02
   4.1114781e-01   3.5879191e-01
   7.6611997e-01   1.2471720e-01
   3.8535056e-01   3.7923389e-01
   9.2444648e-01   3.8518603e-02
   3.9558034e-01   3.7104822e-01
   9.1031060e-01   4.5898013e-02
   3.9045101e-01   3.7513921e-01
   3.1982094e-01   4.3447287e-01
   2.8998402e-01   4.6149836e-01
   9.6493832e-01   1.7687260e-02
   6.9387061e-01   1.6701104e-01
   4.3773086e-01   3.3838768e-01
   4.6518539e-01   3.1795500e-01
   3.7021648e-01   3.9154583e-01
   4.0592811e-01   3.6287513e-01
   4.9941483e-01   2.9330712e-01
   4.5962037e-01   3.2204693e-01
   7.0928234e-01   1.5781098e-01
   5.7926452e-01   2.3890571e-01
   5.1710768e-01   2.8089800e-01
   7.4118078e-01   1.3908143e-01
   4.8783959e-01   3.0154486e-01
   6.6403719e-01   1.8511523e-01
   4.2168211e-01   3.5062945e-01
   3.2458996e-01   4.3027203e-01
   5.2913387e-01   2.7258411e-01
   4.7078901e-01   3.1385934e-01
   4.4860302e-01   3.3022167e-01
   5.1116484e-01   2.8504207e-01
   6.1242998e-01   2.1742094e-01
   7.1711920e-01   1.5317109e-01
   5.4753950e-01   2.6004088e-01
   5.0526753e-01   2.8917827e-01
   6.8629150e-01   1.7157288e-01
   3.6026061e-01   3.9978286e-01
   3.5532099e-01   4.0391193e-01
   3.0877417e-01   4.4432548e-01
   3.4551560e-01   4.1219425e-01
   6.7137671e-01   1.8062419e-01
   5.6006651e-01   2.5162408e-01
   6.3776354e-01   2.0139901e-01
   5.3521920e-01   2.6841323e-01
   4.2699804e-01   3.4654913e-01
   4.4314916e-01   3.3430551e-01
   6.5197293e-01   1.9255159e-01
   2.8365131e-01   4.6741075e-01
   3.7523389e-01   3.8743662e-01
   4.8211528e-01   3.0565478e-01
   3.6522558e-01   3.9566104e-01
   2.9615213e-01   4.5580138e-01
   4.3234739e-01   3.4246872e-01
   4.9360581e-01   2.9742914e-01
   5.8577732e-01   2.3463909e-01
   5.2309703e-01   2.7674553e-01
   3.1506721e-01   4.3869152e-01
   6.5677379e-01   1.8958419e-01
   3.3580504e-01   4.2051312e-01
   3.8027839e-01   3.8333284e-01
   3.3098241e-01   4.2468930e-01
   5.7280928e-01   2.4315835e-01
   5.9234893e-01   2.3035792e-01
   5.6641034e-01   2.4739762e-01
   7.3306608e-01   1.4380722e-01
   3.5040618e-01   4.0804884e-01
   6.3308983e-01   2.0433058e-01
   4.1639893e-01   3.5471020e-01
   4.7643203e-01   3.0975944e-01
   3.4064888e-01   4.1634867e-01
   5.4135405e-01   2.6423234e-01
   6.4246830e-01   1.9845880e-01
   6.0567390e-01   2.2174946e-01
   6.7879419e-01   1.7611033e-01
   6.2613646e-01   2.0871215e-01
   7.4939295e-01   1.3432515e-01
   5.9898068e-01   2.2606158e-01
   8.2814414e-01   8.9975749e-02
   5.5377661e-01   2.5583832e-01
   3.6701353e-26   1.0000000e+00
   6.1925035e-01   2.1307539e-01
   6.4720460e-01   1.9550972e-01
   1.0000000e+00   2.5429844e-26
