   1.4384488e-01   6.2128748e-01
   1.0004217e+00   1.6929121e-09
   5.0550006e-01   2.8931136e-01
   1.5106173e-01   6.1187629e-01
   5.8822348e-01   2.3331769e-01
   1.8579490e-01   5.6945014e-01
   1.2940417e-01   6.4085873e-01
   1.9306479e-01   5.6108876e-01
   4.9665375e-02   7.7809087e-01
   3.2955200e-01   4.2630122e-01
   4.5430747e-01   3.2628956e-01
   1.0621038e-01   6.7474830e-01
   9.1569447e-03   9.0653753e-01
   9.0028206e-01   5.1390308e-02
   1.5781279e-01   6.0327456e-01
   4.8233956e-01   3.0579697e-01
   5.4571891e-01   2.6155759e-01
   5.3750257e-01   2.6714200e-01
   4.9383418e-01   2.9756675e-01
   5.7315399e-02   7.6147602e-01
   8.7992960e-01   6.2179180e-02
   4.6540364e-01   3.1810417e-01
   2.1489008e-01   5.3689271e-01
   1.1782768e-01   6.5735445e-01
   2.0182509e-01   5.5122012e-01
   5.1337602e-01   2.8379171e-01
   6.8658968e-01   1.7164744e-01
   1.7129162e-01   5.8663586e-01
   9.4531033e-02   6.9322757e-01
   4.8806590e-01   3.0168475e-01
   5.5402651e-01   2.5595377e-01
   3.4895010e-01   4.0963707e-01
   3.8215462e-01   3.8215462e-01
   3.6873374e-01   3.9311284e-01
   3.5550008e-01   4.0411547e-01
   7.0183183e-01   1.6249769e-01
   4.1911084e-02   7.9631060e-01
   3.0110517e-01   4.5165389e-01
   2.9333423e-01   4.5878607e-01
   4.4335957e-01   3.3446423e-01
   4.9964527e-01   2.9344246e-01
   4.1659982e-01   3.5488133e-01
   9.6534537e-01   1.7694722e-02
   8.6017739e-01   7.2769888e-02
   4.3255395e-01   3.4263234e-01
   1.6406013e-01   5.9547755e-01
   5.9702874e-01   2.2759659e-01
   3.2316572e-01   4.3189437e-01
   4.7100925e-01   3.1400617e-01
   6.1496814e-01   2.1606989e-01
   7.1784466e-01   1.5299177e-01
   4.0266136e-01   3.6577635e-01
   3.3597733e-01   4.2072837e-01
   6.4879527e-02   7.4611456e-01
   3.4028293e-02   8.1667902e-01
   7.2372264e-02   7.3176400e-01
   4.0960285e-01   3.6032732e-01
   3.7542010e-01   3.8762888e-01
   3.0893569e-01   4.4455965e-01
   6.2410893e-01   2.1026130e-01
   1.7853414e-01   5.7796631e-01
   6.4275035e-01   1.9854592e-01
   3.6209419e-01   3.9860789e-01
   1.3662693e-01   6.3094009e-01
   2.5983113e-02   8.4012066e-01
   4.7665428e-01   3.0990394e-01
   7.8483992e-01   1.1432613e-01
   1.7723732e-02   8.6846285e-01
   1.0037993e-01   6.8383830e-01
   3.1681707e-01   4.3750968e-01
   4.4881537e-01   3.3037798e-01
   6.3336845e-01   2.0442050e-01
   5.6242799e-01   2.5032922e-01
   4.2720270e-01   3.4671523e-01
   1.2361983e-01   6.4900411e-01
   5.2171057e-04   9.9000000e-01
   3.4244295e-01   4.1517419e-01
   8.7188883e-02   7.0543732e-01
   6.6189677e-01   1.8668883e-01
   5.2937493e-01   2.7270830e-01
   8.4099004e-01   8.3174866e-02
   3.8893872e-01   3.7668868e-01
   8.1927561e-01   9.5094540e-02
   5.7092608e-01   2.4468261e-01
   8.0164593e-01   1.0488871e-01
   2.8380102e-01   4.6766617e-01
   5.7952360e-01   2.3901256e-01
   4.3793934e-01   3.3854885e-01
   5.2133354e-01   2.7825778e-01
   7.9805427e-02   7.1824884e-01
   1.1202538e-01   6.6592865e-01
   4.5983664e-01   3.2219846e-01
   9.4294567e-01   2.9163268e-02
   6.5225847e-01   1.9263592e-01
   6.7413369e-01   1.7920040e-01
   4.2188488e-01   3.5079805e-01
   3.9577381e-01   3.7122970e-01
   2.0908777e-01   5.4320020e-01
   6.0594254e-01   2.2184781e-01
   9.2127335e-01   4.0389854e-02
