   3.9215755e-01   3.7377516e-01
   9.7379969e-02   6.8794236e-01
   3.7153637e-02   8.0724721e-01
   1.3220035e-01   6.3640634e-01
   5.5796394e-01   2.5303016e-01
   6.0120486e-01   2.2462599e-01
   9.0055764e-02   6.9990708e-01
   1.0321651e-01   6.7872674e-01
   5.4961274e-01   2.5864129e-01
   6.9899063e-01   1.6394341e-01
   2.9183930e-02   8.2916695e-01
   1.8567460e-01   5.6910024e-01
   5.1710768e-01   2.8089800e-01
   1.1484187e-01   6.6111673e-01
   6.1925035e-01   2.1307539e-01
   4.2699804e-01   3.4654913e-01
   4.0592811e-01   3.6287513e-01
   1.5096001e-01   6.1146428e-01
   5.2510399e-01   2.7535941e-01
   1.5739107e-01   6.0327456e-01
   3.7188598e-01   3.9017545e-01
   5.0919405e-01   2.8642166e-01
   1.9294469e-01   5.6074531e-01
   2.8613426e-01   4.6508481e-01
   2.0762225e-01   5.4434415e-01
   3.4551570e-01   4.1219417e-01
   1.6395305e-01   5.9508884e-01
   1.2063620e-01   6.5267278e-01
   3.9901624e-01   3.6832268e-01
   4.5593142e-01   3.2477306e-01
   8.6632981e-01   6.9231603e-02
   4.1991745e-01   3.5198962e-01
   4.5042900e-01   3.2885993e-01
   3.5861128e-01   4.0115838e-01
   2.1631054e-01   5.3490804e-01
   4.1289466e-01   3.5743120e-01
   1.4374620e-01   6.2086124e-01
   9.4254785e-01   2.9150964e-02
   4.4976586e-02   7.8792316e-01
   1.7842116e-01   5.7760071e-01
   5.7495471e-01   2.4174232e-01
   6.4720460e-01   1.9550972e-01
   4.9360581e-01   2.9742914e-01
   9.6493832e-01   1.7687260e-02
   3.3098433e-01   4.2468762e-01
   7.2002300e-01   1.5145831e-01
   3.0096165e-01   4.5140028e-01
   6.7821272e-02   7.3957482e-01
   7.0929209e-01   1.5780520e-01
   3.6522558e-01   3.9566104e-01
   3.8535056e-01   3.7923389e-01
   2.7875586e-01   4.7202664e-01
   9.1355546e-03   9.0441990e-01
   6.2844670e-01   2.0725370e-01
   5.4135405e-01   2.6423234e-01
   4.6332613e-01   3.1931936e-01
   6.1017088e-01   2.1886564e-01
   5.0136083e-01   2.9193162e-01
   3.2459069e-01   4.3027139e-01
   1.9364574e-02   8.6084335e-01
   3.5204176e-01   4.0666893e-01
   6.0291378e-02   7.5445697e-01
   6.6647515e-01   1.8362070e-01
   1.7118158e-01   5.8625904e-01
   6.3776354e-01   2.0139901e-01
   5.9234893e-01   2.3035792e-01
   3.1665224e-01   4.3728139e-01
   9.9999997e-05   9.9000000e-01
   5.6641034e-01   2.4739762e-01
   1.2642161e-01   6.4444184e-01
   6.5677379e-01   1.8958419e-01
   7.8201957e-01   1.1568130e-01
   3.7859385e-01   3.8470020e-01
   3.3903181e-01   4.1773562e-01
   4.7078901e-01   3.1385934e-01
   6.8647116e-01   1.7146445e-01
   6.7631293e-01   1.7761753e-01
   7.9827576e-01   1.0653721e-01
   2.0024371e-01   5.5251401e-01
   5.3318530e-01   2.6980461e-01
   2.9316755e-01   4.5855051e-01
   7.5284967e-02   7.2561894e-01
   5.2682009e-02   7.7047438e-01
   3.0877071e-01   4.4432860e-01
   8.3436028e-01   8.6566764e-02
   8.9990154e-01   5.1368596e-02
   2.1928478e-01   5.3172148e-01
   1.0903619e-01   6.6979372e-01
   1.3797455e-01   6.2855074e-01
   9.2088436e-01   4.0372801e-02
   8.2693395e-02   7.1243541e-01
   8.5015407e-01   7.7962003e-02
   4.8592687e-01   3.0291545e-01
   8.1611474e-01   9.6609308e-02
   4.3415012e-01   3.4109931e-01
   4.7832194e-01   3.0839178e-01
   8.8290531e-01   6.0369589e-02
   5.8359991e-01   2.3606289e-01
   4.4138454e-01   3.3563222e-01
   1.0000000e+00   2.5350722e-25
