   5.1710771e-01   2.8089802e-01
   6.5677383e-01   1.8958420e-01
   9.6493838e-01   1.7687262e-02
   3.4064892e-01   4.1634866e-01
   3.8027841e-01   3.8333285e-01
   8.8586583e-02   7.0236505e-01
   9.4254791e-01   2.9150966e-02
   6.0120489e-01   2.2462600e-01
   3.3419583e-01   4.2190331e-01
   3.5368003e-01   4.0528999e-01
   4.0766458e-01   3.6151387e-01
   8.2505784e-01   9.1673087e-02
   3.8704756e-01   3.7786857e-01
   1.4086058e-01   6.2468605e-01
   4.2168213e-01   3.5062947e-01
   9.4454410e-02   6.9266567e-01
   1.3508790e-01   6.3245698e-01
   2.9631316e-01   4.5565349e-01
   5.4961277e-01   2.5864130e-01
   4.5777383e-01   3.2341018e-01
   1.9579062e-01   5.5751770e-01
   4.4133917e-01   3.3566641e-01
   8.7291099e-01   6.5702978e-02
   3.4714323e-01   4.1081142e-01
   1.0000000e+00   3.3681157e-08
   4.7454662e-01   3.1112659e-01
   1.7407595e-01   5.8277593e-01
   4.1464505e-01   3.5607065e-01
   8.0085130e-01   1.0509708e-01
   4.9360584e-01   2.9742916e-01
   5.4135408e-01   2.6423235e-01
   8.4063316e-01   8.3139544e-02
   5.8776340e-02   7.5756171e-01
   8.1215671e-02   7.1501640e-01
   3.1982330e-01   4.3447082e-01
   1.0612827e-01   6.7422669e-01
   4.5225906e-01   3.2749794e-01
   5.0136085e-01   2.9193164e-01
   1.8132069e-01   5.7418236e-01
   6.6647519e-01   1.8362072e-01
   7.1338848e-01   1.5537675e-01
   1.4663166e-01   6.1707490e-01
   4.4678109e-01   3.3158318e-01
   3.9386733e-01   3.7241153e-01
   4.8592689e-01   3.0291547e-01
   3.5572559e-02   8.1139314e-01
   3.2778268e-01   4.2747695e-01
   9.0682293e-01   4.7727523e-02
   4.8021637e-01   3.0702358e-01
   5.0919408e-01   2.8642167e-01
   5.2510402e-01   2.7535942e-01
   5.5796397e-01   2.5303017e-01
   3.6026062e-01   3.9978289e-01
   4.3422199e-02   7.9162009e-01
   5.6641037e-01   2.4739763e-01
   2.8882555e-01   4.6257511e-01
   4.2877743e-01   3.4518905e-01
   6.2844673e-01   2.0725371e-01
   1.2352988e-01   6.4853186e-01
   4.6332616e-01   3.1931938e-01
   7.8565370e-01   1.1362895e-01
   5.3318533e-01   2.6980463e-01
   8.8965214e-01   5.6786306e-02
   6.6320978e-02   7.4247144e-01
   7.3796974e-02   7.2834405e-01
   1.1194061e-01   6.6542476e-01
   1.9364575e-02   8.6084338e-01
   6.1017092e-01   2.1886566e-01
   3.6688632e-01   3.9428862e-01
   8.1285189e-01   9.8417045e-02
   1.8858165e-01   5.6574014e-01
   6.3776357e-01   2.0139902e-01
   5.8359995e-01   2.3606290e-01
   4.3593255e-01   3.3974815e-01
   3.7355846e-01   3.8880574e-01
   4.6891682e-01   3.1522502e-01
   9.1355549e-03   9.0441994e-01
   5.7495474e-01   2.4174233e-01
   2.7568959e-02   8.3396101e-01
   1.5962001e-01   6.0047530e-01
   6.8880880e-01   1.7005498e-01
   1.5240296e-01   6.0961182e-01
   1.0030054e-01   6.8329743e-01
   2.0336857e-01   5.4903599e-01
   3.0423068e-01   4.4842893e-01
   3.1200077e-01   4.4142974e-01
   7.0150364e-01   1.6244189e-01
   9.2444654e-01   3.8518606e-02
   8.5657800e-01   7.4485043e-02
   2.1255482e-01   5.3896335e-01
   1.0000000e-04   9.9000003e-01
   4.0073918e-01   3.6696040e-01
   1.1774030e-01   6.5686696e-01
   5.9234897e-01   2.3035793e-01
   6.7631350e-01   1.7761722e-01
   6.1925038e-01   2.1307540e-01
   5.1149214e-02   7.7383811e-01
   6.4720464e-01   1.9550974e-01
   1.6684333e-01   5.9153543e-01
   1.2931168e-01   6.4040070e-01
