   6.6233756e-02   9.6873776e-01
   7.7988054e-01   1.1242465e-01
   3.0249503e-01   6.0318218e-01
   5.3913816e-01   3.1935693e-01
   7.7677555e-01   1.2227115e-01
   5.3531959e-01   3.3938945e-01
   5.5388670e-01   2.6305543e-01
   2.6406266e-01   8.1817757e-01
   1.0122102e+00   2.9157048e-02
   5.4268894e-01   3.0262058e-01
   8.0186218e-01   7.9839805e-02
   9.9937138e-01   3.9477124e-02
   7.6787947e-01   1.5726468e-01
   5.3720389e-01   3.2925073e-01
   3.0006086e-01   6.1476165e-01
   5.4962658e-01   2.7563568e-01
   9.8331692e-01   6.4997191e-02
   3.1009743e-01   5.7086072e-01
   5.2149056e-01   4.2667344e-01
   1.0324410e+00   2.5335640e-02
   3.1663115e-01   5.4846661e-01
   5.4429856e-01   2.9566872e-01
   5.1793615e-01   4.5198300e-01
   7.9376211e-01   8.4289792e-02
   5.1972030e-01   4.3916691e-01
   9.0493777e-02   9.1502444e-01
   3.3686949e-02   1.0253334e+00
   2.7362585e-01   7.6283296e-01
   7.1934773e-02   9.5571484e-01
   7.7081536e-01   1.4464449e-01
   3.2707054e-01   5.2467997e-01
   2.6993423e-01   7.8449405e-01
   2.5987418e-01   8.4129188e-01
   5.4597857e-01   2.8885084e-01
   3.3688941e-01   5.1704675e-01
   9.6076551e-02   9.0471169e-01
   5.3166322e-01   3.6038973e-01
   5.1613654e-01   4.6511214e-01
   8.3107426e-02   9.3040802e-01
   5.6827526e-01   2.4431474e-01
   5.2325255e-01   4.1448327e-01
   6.0432494e-02   9.8153771e-01
   2.9365803e-01   6.4756494e-01
   3.1188453e-01   5.6420598e-01
   5.4113620e-01   3.0970645e-01
   3.0664349e-01   5.8477531e-01
   5.6342814e-01   2.4648639e-01
   5.2633360e-01   3.9382651e-01
   2.6802591e-01   7.9557035e-01
   7.8767808e-01   9.3394684e-02
   2.8229449e-01   7.1170505e-01
   5.1059616e-01   5.0651575e-01
   2.7890375e-01   7.3164621e-01
   2.9125760e-01   6.6059958e-01
   5.2809714e-01   3.8241999e-01
   1.0174642e-01   8.9576585e-01
   2.7541658e-01   7.5225894e-01
   2.6607111e-01   8.0679665e-01
   5.5165343e-01   2.6926033e-01
   2.7717659e-01   7.4185216e-01
   5.2987238e-01   3.7127260e-01
   9.9028704e-01   5.2113508e-02
   2.8061229e-01   7.2157612e-01
   3.0496596e-01   5.9200641e-01
   2.6200063e-01   8.2967144e-01
   2.8642183e-01   6.8778620e-01
   5.3347614e-01   3.4976551e-01
   2.5540606e-01   8.6480630e-01
   5.1431487e-01   4.7858115e-01
   3.1373501e-01   5.5772762e-01
   3.0835214e-01   5.7772311e-01
   5.4774663e-01   2.8217033e-01
   7.7547580e-02   9.4283920e-01
   5.5642382e-01   2.5706612e-01
   1.0757406e-01   8.8848025e-01
   1.1364111e-01   8.8322101e-01
   7.7395186e-01   1.3231335e-01
   7.5341083e-01   2.3273585e-01
   1.2229714e-01   8.8019291e-01
   2.7179830e-01   7.7358709e-01
   4.4354671e-02   1.0116997e+00
   5.2501808e-02   9.9762870e-01
   3.3188283e-01   5.1910219e-01
   2.9765250e-01   6.2672831e-01
   2.8885146e-01   6.7398947e-01
   2.9525331e-01   6.3910619e-01
   8.6798585e-02   9.2251484e-01
   7.5976307e-01   1.9712979e-01
   2.8395859e-01   7.0200110e-01
   5.1247084e-01   4.9236968e-01
   7.8340861e-01   1.0279432e-01
   2.5767708e-01   8.5301834e-01
   3.2316419e-01   5.3175307e-01
   3.1973888e-01   5.3977398e-01
   7.5762419e-01   2.0873133e-01
   7.6238863e-01   1.8348264e-01
   5.2457337e-01   4.0552008e-01
   7.6508212e-01   1.7021211e-01
   5.5948384e-01   2.5136274e-01
   7.5551301e-01   2.2057833e-01
