   3.8673731e-01   3.8073180e-01
   1.7287037e+00   3.6214664e-01
   3.8497763e-01   3.8089733e-01
   3.7648080e-01   3.8777524e-01
   3.7677911e-01   3.8776607e-01
   1.1230438e+00   3.6748697e-01
   1.7230033e+00   3.6235588e-01
   1.1998605e+00   3.6745604e-01
   1.5366623e+00   3.6653547e-01
   3.8498427e-01   3.8078714e-01
   3.6819558e-01   7.5223922e-01
   1.7852832e+00   3.6201963e-01
   3.8446671e-01   3.8092539e-01
   3.6872251e-01   3.9320267e-01
   1.0302888e+00   3.6826404e-01
   1.5266833e+00   3.6655816e-01
   1.0445585e+00   3.6757903e-01
   1.3785036e+00   3.6692647e-01
   3.7577575e-01   3.8777996e-01
   3.7175088e-01   3.9319681e-01
   3.6819600e-01   3.9336734e-01
   1.5509455e+00   3.6648957e-01
   3.6819906e-01   1.0810030e+00
   9.2185632e-01   3.6871894e-01
   4.1062518e-01   3.7483056e-01
   3.9359472e-01   3.7504517e-01
   3.9467223e-01   3.7483449e-01
   9.0619175e-01   3.6885558e-01
   3.7552641e-01   3.8817114e-01
   3.7580718e-01   3.8777754e-01
   9.0588406e-01   3.6885041e-01
   3.8538970e-01   3.8075627e-01
   1.4275016e+00   3.6684819e-01
   1.9527099e+00   3.6201293e-01
   9.1930595e-01   3.6871832e-01
   1.7310838e+00   3.6213328e-01
   3.8061158e-01   3.8540884e-01
   1.5489024e+00   3.6648878e-01
   1.3769991e+00   3.6694022e-01
   1.1215678e+00   3.6748902e-01
   3.7565460e-01   3.8792931e-01
   7.9869083e-01   3.7481565e-01
   3.8023341e-01   3.8615921e-01
   3.9369516e-01   3.7491024e-01
   9.0617852e-01   3.6879403e-01
   3.6830175e-01   3.9323079e-01
   3.8526904e-01   3.8076575e-01
   1.7366250e+00   3.6205181e-01
   3.7350291e-01   3.9115495e-01
   3.9813499e-01   3.7483893e-01
   9.0814774e-01   3.6875547e-01
   3.7346756e-01   3.9143844e-01
   1.0407441e+00   3.6777031e-01
   3.7094376e-01   3.9319940e-01
   1.4875268e+00   3.6673740e-01
   1.7228927e+00   3.6227811e-01
   9.0246814e-01   3.6894679e-01
   3.8565323e-01   3.8074729e-01
   1.1273237e+00   3.6748175e-01
   1.7525384e+00   3.6202137e-01
   1.7338782e+00   3.6207788e-01
   1.5474416e+00   3.6652659e-01
   1.3783828e+00   3.6692704e-01
   3.7990717e-01   3.8620162e-01
   2.2798844e+00   3.6190487e-01
   1.7727444e+00   3.6202520e-01
   3.7388623e-01   3.9099153e-01
   3.7275128e-01   3.9149115e-01
   9.1626340e-01   3.6874453e-01
   3.9437692e-01   3.7487284e-01
   3.8453622e-01   3.8129212e-01
   1.1998547e+00   3.6747174e-01
   3.9761742e-01   3.7483228e-01
   3.8054352e-01   3.8566058e-01
   1.0375800e+00   3.6814830e-01
   3.8946294e-01   3.8072857e-01
   3.7691898e-01   3.8774830e-01
   9.1821725e-01   3.6873794e-01
   1.2012949e+00   3.6744320e-01
   3.8097685e-01   3.8557155e-01
   1.8995326e+00   3.6201955e-01
   3.6823863e-01   3.9340847e-01
   3.7570317e-01   3.8801022e-01
   9.2377638e-01   3.6870524e-01
   9.1995241e-01   3.6871104e-01
   1.3775699e+00   3.6697547e-01
   1.4133325e+00   3.6691783e-01
   3.8499251e-01   3.8077906e-01
   3.9356201e-01   3.7498483e-01
   1.2002574e+00   3.6743991e-01
   6.0583011e-01   3.7482480e-01
   3.9465581e-01   3.7486237e-01
   1.0434107e+00   3.6755754e-01
   2.2823932e+00   3.6191205e-01
   2.2499093e+00   3.6193222e-01
   3.7566605e-01   3.8791664e-01
   2.2753957e+00   3.6191728e-01
   2.1644069e+00   3.6201106e-01
   3.8695287e-01   3.8072958e-01
   1.0391474e+00   3.6779302e-01
