   4.1833807e-01   5.5381344e-01
   4.1833807e-01   3.5321047e-01
   4.1833882e-01   3.5320927e-01
   4.1833807e-01   1.1533308e+00
   4.1833807e-01   9.5383324e-01
   4.1833818e-01   3.5320933e-01
   4.1833818e-01   3.5320932e-01
   4.1833818e-01   3.5320932e-01
   4.1833818e-01   3.5320932e-01
   4.1833818e-01   3.5320932e-01
   4.1833818e-01   3.5320932e-01
   4.1833818e-01   3.5320932e-01
   4.1833818e-01   3.5320932e-01
   4.1833818e-01   3.5320932e-01
   4.1833818e-01   3.5320932e-01
   4.1833818e-01   3.5320932e-01
   4.1833819e-01   3.5320932e-01
   4.1833818e-01   3.5320932e-01
   4.1833818e-01   3.5320932e-01
   4.1833818e-01   3.5320932e-01
   4.1833818e-01   3.5320932e-01
   4.1833818e-01   3.5320932e-01
   4.1833818e-01   3.5320932e-01
   4.1833818e-01   3.5320932e-01
   4.1833818e-01   3.5320932e-01
   4.1833816e-01   3.5320936e-01
   4.1833818e-01   3.5320932e-01
   4.1833818e-01   3.5320932e-01
   4.1833818e-01   3.5320932e-01
   4.1833818e-01   3.5320932e-01
   4.1833818e-01   3.5320932e-01
   4.1833818e-01   3.5320932e-01
   4.1833818e-01   3.5320932e-01
   4.1833818e-01   3.5320932e-01
   4.1833818e-01   3.5320932e-01
   4.1833818e-01   3.5320932e-01
   4.1833818e-01   3.5320932e-01
   4.1833818e-01   3.5320932e-01
   4.1833818e-01   3.5320932e-01
   4.1833818e-01   3.5320932e-01
   4.1833818e-01   3.5320933e-01
   4.1833818e-01   3.5320932e-01
   4.1833818e-01   3.5320932e-01
   4.1833818e-01   3.5320932e-01
   4.1833818e-01   3.5320932e-01
   4.1833818e-01   3.5320932e-01
   4.1833818e-01   3.5320932e-01
   4.1833818e-01   3.5320932e-01
   4.1833818e-01   3.5320932e-01
   4.1833818e-01   3.5320932e-01
   4.1833818e-01   3.5320932e-01
   4.1833818e-01   3.5320932e-01
   4.1833818e-01   3.5320932e-01
   4.1833818e-01   3.5320932e-01
   4.1833818e-01   3.5320932e-01
   4.1833818e-01   3.5320932e-01
   4.1833818e-01   3.5320932e-01
   4.1833818e-01   3.5320932e-01
   4.1833818e-01   3.5320932e-01
   4.1833818e-01   3.5320932e-01
   4.1833818e-01   3.5320932e-01
   4.1833818e-01   3.5320932e-01
   4.1833818e-01   3.5320933e-01
   4.1833818e-01   3.5320932e-01
   4.1833838e-01   3.5320928e-01
   4.1833818e-01   3.5320932e-01
   4.1833818e-01   3.5320932e-01
   4.1833818e-01   3.5320932e-01
   4.1833818e-01   3.5320932e-01
   4.1833818e-01   3.5320932e-01
   4.1833818e-01   3.5320932e-01
   4.1833818e-01   3.5320932e-01
   4.1833818e-01   3.5320932e-01
   4.1833818e-01   3.5320932e-01
   4.1833818e-01   3.5320932e-01
   4.1833818e-01   3.5320932e-01
   4.1833818e-01   3.5320932e-01
   4.1833818e-01   3.5320932e-01
   4.1833818e-01   3.5320932e-01
   4.1833818e-01   3.5320932e-01
   4.1833818e-01   3.5320932e-01
   4.1833818e-01   3.5320933e-01
   4.1833818e-01   3.5320932e-01
   4.1833818e-01   3.5320932e-01
   4.1833818e-01   3.5320932e-01
   4.1833818e-01   3.5320932e-01
   4.1833818e-01   3.5320932e-01
   4.1833818e-01   3.5320932e-01
   4.1833818e-01   3.5320932e-01
   4.1833818e-01   3.5320932e-01
   4.1833818e-01   3.5320932e-01
   4.1833819e-01   3.5320932e-01
   4.1833818e-01   3.5320932e-01
   4.1833818e-01   3.5320933e-01
   4.1833818e-01   3.5320932e-01
   4.1833818e-01   3.5320932e-01
   4.1833818e-01   3.5320932e-01
   4.1833818e-01   3.5320932e-01
   4.1833818e-01   3.5320932e-01
   4.1833818e-01   3.5320932e-01
