   4.1430089e-01   2.7108996e+00
   6.5404344e-01   2.6147188e-01
   5.0199119e-01   2.9221216e-01
   4.3998934e-01   6.0304960e-01
   4.4243814e-01   6.0115865e-01
   4.8728704e-01   3.0391262e-01
   5.4159139e-01   2.7240018e-01
   5.0563557e-01   2.9003209e-01
   1.5103528e+00   2.4347979e-01
   5.1489964e-01   2.8394170e-01
   3.5530054e+00   2.2822393e-01
   4.9240072e-01   2.9900635e-01
   4.2486612e-01   1.9213538e+00
   3.6810694e+00   2.2593799e-01
   1.8442402e+00   2.3810519e-01
   5.1101531e-01   2.8670554e-01
   4.4534201e-01   4.6117564e-01
   4.3756631e-01   9.7869334e-01
   4.5961552e-01   3.3892352e-01
   9.5949148e-01   2.5628812e-01
   4.6437255e-01   3.2936644e-01
   5.6172081e-01   2.6810633e-01
   4.9586527e-01   2.9605151e-01
   4.8458384e-01   3.0719349e-01
   4.7088217e-01   3.2141372e-01
   4.8256940e-01   3.0852906e-01
   4.4307985e-01   4.7251229e-01
   5.3092123e-01   2.7696316e-01
   2.0635139e+00   2.3718419e-01
   5.3691366e-01   2.7432180e-01
   4.2900776e-01   1.7181265e+00
   1.0617650e+00   2.4883299e-01
   4.5529348e-01   3.7442952e-01
   4.3268771e-01   1.3212404e+00
   4.7880526e-01   3.1147068e-01
   1.3237621e+00   2.4734439e-01
   4.7211424e-01   3.1963515e-01
   4.6121273e-01   3.3511349e-01
   5.2651230e-01   2.7889262e-01
   8.9943689e-01   2.5808905e-01
   4.1394220e-01   2.7271226e+00
   2.0509827e+00   2.3791514e-01
   4.6676460e-01   3.2702787e-01
   6.4332911e-01   2.6201411e-01
   6.2250947e-01   2.6435133e-01
   4.1640432e-01   1.9671829e+00
   1.3986593e+00   2.4637928e-01
   4.9019490e-01   3.0073214e-01
   4.7635427e-01   3.1330329e-01
   4.2864264e-01   1.7776508e+00
   4.5606751e-01   3.4450528e-01
   4.3848900e-01   6.1484601e-01
   4.3143739e-01   1.3289011e+00
   4.6735362e-01   3.2345004e-01
   4.9993562e-01   2.9363075e-01
   3.1561449e+00   2.3240559e-01
   5.3427716e-01   2.7614261e-01
   5.2048231e-01   2.8091934e-01
   3.3683295e+00   2.2948390e-01
   5.1617401e-01   2.8342694e-01
   5.0369191e-01   2.9096511e-01
   4.3292576e-01   1.2068648e+00
   2.2263474e+00   2.3687426e-01
   5.0840374e-01   2.8858378e-01
   6.2496431e-01   2.6281774e-01
   2.8794773e+00   2.3330620e-01
   5.2437178e-01   2.7999145e-01
   4.5549553e-01   3.6876195e-01
   4.7289027e-01   3.1687562e-01
   4.9750915e-01   2.9475250e-01
   3.5758002e+00   2.2791801e-01
   4.4742874e-01   4.1455156e-01
   4.6175867e-01   3.3229185e-01
   4.8909316e-01   3.0201194e-01
   4.7950561e-01   3.1080080e-01
   4.9437340e-01   2.9765310e-01
   4.6646754e-01   3.2824432e-01
   5.2894372e-01   2.7795975e-01
   3.6065667e+00   2.2698935e-01
   2.8543409e+00   2.3543242e-01
   4.8253311e-01   3.0854426e-01
   5.7172401e-01   2.6591138e-01
   4.1527931e-01   2.3851508e+00
   4.9149613e-01   3.0055155e-01
   4.7564687e-01   3.1470615e-01
   8.5299473e-01   2.6139508e-01
   4.8115705e-01   3.1040739e-01
   4.7404571e-01   3.1629018e-01
   4.9070746e-01   3.0056119e-01
   4.9365905e-01   2.9848145e-01
   4.8890395e-01   3.0265262e-01
   2.2493162e+00   2.3597278e-01
   3.4027000e+00   2.2939680e-01
   5.0140585e-01   2.9240938e-01
   4.8640754e-01   3.0440968e-01
   4.9682509e-01   2.9536201e-01
   9.0603336e-01   2.5770700e-01
   4.9785792e-01   2.9469188e-01
   4.8303616e-01   3.0796247e-01
   5.2502704e-01   2.7967791e-01
