   1.7235984e-01   5.8504121e-01
   8.3175555e-01   8.8012294e-02
   9.2162536e-03   9.1625867e-01
   1.6510043e-01   5.9370315e-01
   3.3099542e-01   4.2473554e-01
   1.5995510e-01   6.0022614e-01
   1.6927954e-01   5.8886248e-01
   6.7225002e-01   1.8013357e-01
   1.6829545e-01   5.8983507e-01
   6.6060974e-01   1.8761691e-01
   6.6904770e-01   1.8212315e-01
   5.5798884e-03   9.2549827e-01
   8.3438577e-01   8.6620383e-02
   1.6676023e-01   5.9175931e-01
   4.9763485e-01   2.9476250e-01
   1.6240398e-01   5.9713953e-01
   5.0645048e-01   2.8864997e-01
   8.4013511e-01   8.3947394e-02
   3.2786384e-01   4.2758046e-01
   5.0359853e-01   2.9053709e-01
   3.2761256e-01   4.2871815e-01
   3.3739213e-01   4.1925895e-01
   9.9646603e-01   1.9181911e-03
   1.7297976e-01   5.8439108e-01
   1.4553352e-05   9.9970466e-01
   6.6430143e-01   1.8503688e-01
   3.3423730e-01   4.2198147e-01
   7.3678370e-03   9.1836132e-01
   1.7077216e-01   5.8694749e-01
   3.3894222e-01   4.1788573e-01
   1.7287360e-01   5.8446719e-01
   1.6113650e-01   5.9872747e-01
   3.3259766e-01   4.2335135e-01
   5.0557647e-01   2.8911343e-01
   8.3742104e-01   8.4978076e-02
   9.9401988e-01   3.2741450e-03
   5.0159703e-01   2.9185192e-01
   4.9347873e-01   2.9779480e-01
   3.2942281e-01   4.2613756e-01
   8.2859428e-01   8.9884557e-02
   6.7143575e-01   1.8063420e-01
   8.2661530e-01   9.0907887e-02
   6.6271126e-01   1.8603455e-01
   3.4019429e-01   4.1688551e-01
   4.9565471e-01   2.9609493e-01
   1.7144383e-03   9.6018514e-01
   3.3572251e-01   4.2060070e-01
   4.9330058e-01   2.9781935e-01
   3.1718197e-03   9.4380927e-01
   3.3656902e-01   4.1991438e-01
   6.6668072e-01   1.8355820e-01
   1.6410578e-01   5.9564458e-01
   9.9455325e-01   3.2056892e-03
   1.7226596e-01   5.8514999e-01
   4.3294871e-05   9.9850297e-01
   6.6304142e-01   1.8598119e-01
   8.3016646e-01   8.9508530e-02
   3.3665165e-01   4.1991249e-01
   5.0642305e-01   2.8886185e-01
   1.7133934e-03   9.6020747e-01
   1.6631819e-01   5.9226010e-01
   4.9965875e-01   2.9321462e-01
   9.9851208e-01   8.2663428e-04
   3.3707770e-01   4.1990903e-01
   8.3022289e-01   8.8884785e-02
   3.3377415e-01   4.2231385e-01
   3.3394788e-03   9.4360103e-01
   1.6234256e-01   5.9719390e-01
   4.9525484e-01   2.9635553e-01
   3.3650337e-01   4.1997010e-01
   4.9682742e-01   2.9560959e-01
   3.3651941e-01   4.1991589e-01
   8.3337110e-01   8.7152113e-02
   9.9841238e-01   1.0174782e-03
   3.4012937e-01   4.1696363e-01
   5.0416350e-01   2.9014889e-01
   5.0160923e-01   2.9181368e-01
   1.6014012e-01   6.0018144e-01
   4.9536812e-01   2.9631435e-01
   8.3342819e-01   8.7138145e-02
   1.0001221e+00   5.0182550e-06
   6.6826070e-01   1.8265448e-01
   1.7067527e-01   5.8699738e-01
   5.0004023e-01   2.9293696e-01
   6.6433026e-01   1.8498990e-01
   8.3335968e-01   8.7164586e-02
   3.1726329e-03   9.4372890e-01
   8.3337344e-01   8.7141404e-02
   5.0251385e-01   2.9122998e-01
   3.3650334e-01   4.2005424e-01
   8.3075147e-01   8.8860426e-02
   4.9709290e-01   2.9511535e-01
   9.9845833e-01   8.3098302e-04
   6.6679490e-01   1.8351629e-01
   5.0362073e-01   2.9042310e-01
   1.6349765e-01   5.9565167e-01
   4.9683100e-01   2.9513768e-01
   4.9683150e-01   2.9513738e-01
   6.6668883e-01   1.8353118e-01
   4.9684584e-01   2.9513637e-01
