   4.9949679e-01   2.9333182e-01
   4.9637043e-01   3.1430948e-01
   6.6693301e-01   1.8352444e-01
   5.0384860e-01   2.9062741e-01
   5.0143466e-01   2.9198017e-01
   8.2992744e-01   8.9832607e-02
   1.6386546e-01   5.9568303e-01
   1.7112119e-01   5.8709777e-01
   5.0108540e-01   2.9225477e-01
   1.6983342e-01   5.8834041e-01
   3.8266270e-04   9.9872313e-01
   2.2025858e-03   9.9834565e-01
   1.6466879e-01   5.9438373e-01
   1.2011394e+00   1.4878184e-05
   4.9799436e-01   2.9459973e-01
   1.6697698e-01   5.9146850e-01
   1.0000030e+00   7.3495399e-05
   1.6539092e-01   5.9345682e-01
   1.8450612e-03   9.9835579e-01
   1.6795614e-01   5.9059297e-01
   1.6818671e-01   5.9013922e-01
   1.6631726e-01   5.9229919e-01
   1.6308113e-01   5.9693939e-01
   8.3447297e-01   8.6616687e-02
   5.0154486e-01   2.9196959e-01
   8.3134354e-01   8.8445956e-02
   5.0138288e-01   2.9200525e-01
   4.9961020e-01   2.9330143e-01
   8.3022281e-01   8.9520799e-02
   5.0111499e-01   2.9223250e-01
   1.0002194e+00   1.9381489e-05
   1.6978351e-01   5.8835595e-01
   1.6376154e-01   5.9587580e-01
   6.6667421e-01   1.8355901e-01
   8.3136020e-01   8.8418498e-02
   3.3342906e-01   4.2267547e-01
   8.3484720e-01   8.6426132e-02
   1.6538328e-01   5.9346498e-01
   8.3369802e-01   8.7010989e-02
   8.3293139e-01   8.7457914e-02
   8.3453765e-01   8.6591199e-02
   6.6679054e-01   1.8352445e-01
   5.0035707e-01   2.9271241e-01
   3.3349427e-01   4.2267153e-01
   5.0034140e-01   2.9272982e-01
   8.3640510e-01   8.5631710e-02
   8.3739695e-01   8.5532060e-02
   1.6630192e-01   5.9231466e-01
   1.6628471e-01   5.9231900e-01
   8.3365082e-01   8.7165152e-02
   6.6674255e-01   1.8352913e-01
   4.9801797e-01   2.9441607e-01
   4.9966431e-01   2.9321231e-01
   8.3296849e-01   8.7384466e-02
   5.0376987e-01   2.9104233e-01
   3.3338444e-01   4.2267830e-01
   8.3478030e-01   8.6429809e-02
   4.9641191e-01   2.9604819e-01
   8.3295797e-01   8.7392313e-02
   1.6622301e-01   5.9247348e-01
   8.3295268e-01   8.7407094e-02
   8.3534033e-01   8.6135899e-02
   1.6732467e-01   5.9136253e-01
   5.0054065e-01   2.9270338e-01
   5.0141198e-01   2.9200271e-01
   8.3138896e-01   8.8290724e-02
   5.0106440e-01   2.9226030e-01
   6.6669413e-01   1.8355357e-01
   5.0054175e-01   2.9268807e-01
   4.9881604e-01   2.9390026e-01
   8.3380790e-01   8.6985669e-02
   5.0074116e-01   2.9248823e-01
   8.3443806e-01   8.6656735e-02
   1.6978593e-01   5.8835172e-01
   5.0117138e-01   2.9222418e-01
   1.6476406e-01   5.9433803e-01
   5.0141991e-01   2.9199592e-01
   5.0252358e-01   2.9143242e-01
   1.6809466e-01   5.9016316e-01
   8.3449016e-01   8.6613227e-02
   1.6812672e-01   5.9014516e-01
   1.6493481e-01   5.9411856e-01
   1.6310744e-01   5.9679101e-01
   4.9964597e-01   2.9321390e-01
   8.3295157e-01   8.7449463e-02
   6.6671794e-01   1.8353223e-01
   8.3443608e-01   8.6669086e-02
   5.0105243e-01   2.9228892e-01
   8.3258713e-01   8.7635398e-02
   3.3334032e-01   4.2274330e-01
   3.3335228e-01   4.2270604e-01
   4.9800194e-01   2.9441800e-01
   8.3295265e-01   8.7445015e-02
   4.9701790e-01   2.9534671e-01
   1.6628600e-01   5.9231488e-01
   4.9927470e-01   2.9359661e-01
   5.0386254e-01   2.9061160e-01
   1.6772724e-01   5.9059350e-01
   8.3365134e-01   8.7021449e-02
   4.9913748e-01   2.9388749e-01
