   1.6621630e-01   5.9334787e-01
   6.6793014e-01   2.1391068e-01
   3.3457179e-01   5.4155934e-01
   1.7624825e-03   9.6339874e-01
   3.3456503e-01   5.8931006e-01
   3.3457863e-01   4.8077172e-01
   4.9869441e-01   2.9464074e-01
   3.3457444e-01   5.1954496e-01
   4.9871290e-01   2.9381368e-01
   6.7022693e-01   1.8255801e-01
   6.6792213e-01   2.4035477e-01
   7.5038573e-04   3.7820018e+00
   6.6793948e-01   2.0590647e-01
   6.6792713e-01   2.2220594e-01
   8.3203004e-01   8.8081456e-02
   1.6535756e-01   6.6813064e-01
   3.1826656e-03   9.5850051e-01
   6.6794777e-01   1.9088997e-01
   3.3457115e-01   5.8256615e-01
   3.3461273e-01   4.3034601e-01
   6.6792260e-01   2.2811811e-01
   6.6796477e-01   1.8338877e-01
   3.3459393e-01   4.4721608e-01
   8.3602737e-01   8.7841567e-02
   8.3202894e-01   8.9894769e-02
   3.3462417e-01   4.2528572e-01
   3.3463044e-01   4.2238100e-01
   6.6794943e-01   1.9005990e-01
   7.4907780e-03   9.5844317e-01
   6.6792785e-01   2.1709072e-01
   6.8549293e-01   1.8247760e-01
   1.1269378e-03   2.8288840e+00
   3.3461137e-01   4.3519723e-01
   1.6538034e-01   5.9334792e-01
   6.6793115e-01   2.1215697e-01
   1.6535808e-01   5.9952002e-01
   3.3458862e-01   4.6117596e-01
   1.2058404e-03   1.5656022e+00
   4.9869253e-01   3.0085403e-01
   6.6795194e-01   1.8821493e-01
   3.3461357e-01   4.2912995e-01
   1.0754859e-03   3.0633553e+00
   3.3771227e-01   4.2126781e-01
   3.3457833e-01   5.1326144e-01
   8.4754849e-04   3.7742674e+00
   6.6794143e-01   1.9685325e-01
   2.6081224e-03   9.6048454e-01
   3.3785353e-01   4.2122730e-01
   1.7168920e-01   5.9334765e-01
   6.6795946e-01   1.8616017e-01
   3.7971036e-02   9.5770647e-01
   1.2854929e-03   9.8723708e-01
   2.2052728e-03   9.6335374e-01
   6.6793354e-01   2.0816943e-01
   6.6911856e-01   1.8260816e-01
   5.0444140e-01   2.9381337e-01
   8.1386420e-04   3.7774038e+00
   6.8710299e-01   1.8242121e-01
   1.2255241e-03   1.3112213e+00
   3.3634459e-01   4.2134187e-01
   8.3254739e-01   8.7926096e-02
   1.2079399e-03   1.5579065e+00
   1.2993629e-03   9.6552233e-01
   1.2223221e-03   1.3716598e+00
   6.9555629e-01   1.8241449e-01
   3.3460613e-01   4.3859866e-01
   6.6794558e-01   1.9481717e-01
   5.5090033e-03   9.5845723e-01
   4.4102170e-01   4.2112962e-01
   2.9352874e-03   9.5857813e-01
   6.6794038e-01   1.9826115e-01
   3.3896102e-01   4.2117174e-01
   9.3445753e-04   3.7703625e+00
   8.3223895e-01   8.8052989e-02
   2.5776333e-03   9.6128082e-01
   3.3478365e-01   4.2152819e-01
   1.1564959e-03   2.4130559e+00
   1.2319670e-03   1.2692422e+00
   1.4415382e+00   8.7841344e-02
   6.6792576e-01   2.2594316e-01
   1.1350012e-03   2.5677384e+00
   1.2666189e-03   1.0049576e+00
   4.9869258e-01   2.9792373e-01
   4.9869977e-01   2.9388966e-01
   1.1342811e-03   2.5869452e+00
   6.7338367e-01   1.8248186e-01
   1.2807278e-03   1.0012006e+00
   6.6790652e-01   2.5355983e-01
   8.3490154e-01   8.7844416e-02
   5.4083180e-03   9.5846870e-01
   1.0502697e-03   3.7239632e+00
   1.2617620e-03   1.1092772e+00
   1.6536489e-01   5.9334924e-01
   1.3016764e-03   9.6392166e-01
   1.3029260e-03   9.6390825e-01
   3.3463442e-01   4.2152833e-01
   1.3020496e-03   9.6391676e-01
   1.3022484e-03   9.6391447e-01
   1.6536137e-01   5.9442578e-01
   6.6821982e-01   1.8272023e-01
