   8.4201638e-01   8.7129053e-02
   6.7273953e-01   1.8040214e-01
   6.6418221e-01   1.8505926e-01
   1.6665527e-01   6.6323807e-01
   6.1756019e-03   9.2921385e-01
   5.5734642e-03   9.2921657e-01
   9.9529318e-01   3.9938421e-03
   9.9375669e-01   4.4740253e-03
   1.8087901e-03   9.5861134e-01
   1.6665577e-01   5.9204143e-01
   3.2944301e-01   4.2635557e-01
   3.3547905e-01   4.2084314e-01
   6.6042906e-01   1.8978583e-01
   4.9998897e-01   2.9322718e-01
   5.0008752e-01   2.9289299e-01
   6.7174380e-01   1.8065099e-01
   6.6657865e-01   1.8363972e-01
   3.4119232e-01   4.1835814e-01
   3.2709666e-01   4.3046277e-01
   9.9752517e-01   1.2936407e-03
   3.3852524e-01   4.1836429e-01
   3.3792285e-01   4.1885441e-01
   6.6093384e-01   1.8840374e-01
   6.6250755e-01   1.8641275e-01
   3.2863954e-01   4.2831894e-01
   5.0000014e-01   2.9289373e-01
   3.2710150e-01   4.2943141e-01
   1.0000584e+00   4.2579576e-08
   3.3421772e-01   4.2192772e-01
   3.7505429e-03   9.4317872e-01
   3.3273733e-01   4.2348268e-01
   8.3332276e-01   8.7436657e-02
   1.6666179e-01   5.9176755e-01
   1.6673679e-01   5.9174994e-01
   1.6666064e-01   5.9178949e-01
   8.3333332e-01   8.7129347e-02
   4.6901842e-06   9.9822305e-01
   3.3067089e-01   4.2598078e-01
   6.6774771e-01   1.8286878e-01
   3.3333197e-01   4.2265275e-01
   6.6481306e-01   1.8503781e-01
   6.6091485e-01   1.8862587e-01
   3.3333175e-01   4.2266227e-01
   8.3333341e-01   8.7129227e-02
   1.2359250e-07   9.9979778e-01
   5.1318753e-06   9.9803729e-01
   6.6879754e-01   1.8230761e-01
   1.6667064e-01   5.9175052e-01
   3.3333348e-01   4.2264981e-01
   6.6272056e-01   1.8617237e-01
   6.6883777e-01   1.8225111e-01
   6.6702194e-01   1.8335581e-01
   3.3685504e-01   4.1981714e-01
   6.7184516e-01   1.8052210e-01
   3.3596831e-06   9.9822875e-01
   6.6666678e-01   1.8350400e-01
   8.3332763e-01   8.7180654e-02
   3.3085622e-01   4.2484084e-01
   3.3333732e-01   4.2264827e-01
   3.2774304e-01   4.2914103e-01
   6.6048663e-01   1.8915807e-01
   3.2908790e-01   4.2801851e-01
   6.3699658e-04   9.7523562e-01
   7.7603470e-05   9.9179485e-01
   6.7180794e-01   1.8062327e-01
   1.0000003e+00   9.2357599e-08
   2.7242242e-07   9.9956419e-01
   1.9651210e-07   9.9979594e-01
   1.0000027e+00   9.1403755e-08
   9.9385188e-01   4.4056000e-03
   3.3850805e-01   4.1840643e-01
   4.9999511e-01   2.9290582e-01
   6.6666682e-01   1.8350351e-01
   3.5485193e-08   1.4445900e+00
   3.3333344e-01   4.2264992e-01
   3.3439444e-01   4.2175928e-01
   2.4742528e-07   9.9965530e-01
   4.9999716e-01   2.9289782e-01
   1.6185919e-03   9.6029923e-01
   6.6657912e-01   1.8361819e-01
   4.9999540e-01   2.9290195e-01
   1.6666680e-01   5.9175183e-01
   2.4895952e-07   9.9959529e-01
   6.2690348e-04   9.7559636e-01
   3.3333185e-01   4.2265326e-01
   6.6265138e-01   1.8634056e-01
   3.6974661e-06   9.9822350e-01
   1.6478846e-03   9.6026757e-01
   6.6883919e-01   1.8223342e-01
   4.9999997e-01   2.9289401e-01
   3.3333221e-01   4.2265240e-01
   3.4718804e-06   9.9822439e-01
   8.3367716e-01   8.7129064e-02
   1.6666196e-01   5.9176500e-01
   8.3333331e-01   8.7129404e-02
   3.2917398e-01   4.2693467e-01
   4.9999959e-01   2.9289453e-01
   5.1408331e-03   9.2922900e-01
   6.6420378e-01   1.8505480e-01
   6.6665691e-01   1.8354384e-01
