   5.1141918e-01   4.0146120e+00
   1.3019956e+00   2.5819722e-01
   1.2887172e+00   2.8833146e-01
   1.3276650e+00   2.3424411e-01
   6.8447305e-01   1.5953254e+00
   5.9071185e-01   2.3537064e+00
   5.8403312e-01   2.5521531e+00
   6.1247360e+00   1.8092359e-01
   1.6758985e+00   2.0060951e-01
   1.3155509e+00   2.4254438e-01
   6.1453881e-01   2.1281091e+00
   5.9232213e-01   2.2363856e+00
   4.3807158e+00   1.8980485e-01
   5.7577429e-01   3.2716319e+00
   4.9801074e-01   4.4938919e+00
   1.3511043e+00   2.2331119e-01
   7.1236611e-01   1.5757651e+00
   4.9712522e-01   1.0229284e+01
   7.1589070e-01   1.5743454e+00
   4.9461888e-01   1.1209582e+01
   1.3085716e+00   2.4846810e-01
   6.9581525e-01   1.5779426e+00
   1.3065846e+00   2.5121234e-01
   1.3031265e+00   2.5447806e-01
   5.8874863e-01   2.4456572e+00
   5.3945030e-01   3.9534436e+00
   1.3335066e+00   2.3149906e-01
   5.7411681e+00   1.8098030e-01
   5.3696219e+00   1.8362008e-01
   1.3372552e+00   2.2841594e-01
   5.9373504e-01   2.1832823e+00
   5.7625881e-01   3.1780541e+00
   5.4941253e-01   3.9494792e+00
   1.3665771e+00   2.1624339e-01
   5.7939689e-01   2.5881919e+00
   5.4324652e+00   1.8185215e-01
   5.8687976e-01   2.5017268e+00
   5.2325727e-01   1.1114264e+01
   5.7877411e-01   3.7149114e+00
   1.3310819e+00   2.3314607e-01
   1.3934035e+00   2.1133282e-01
   1.3087693e+00   2.4783220e-01
   6.1117624e-01   2.1400135e+00
   1.3291687e+00   2.3317153e-01
   5.0176579e-01   4.1931571e+00
   5.9325702e-01   2.2231380e+00
   1.5276013e+00   2.0174692e-01
   5.8712102e-01   2.4725588e+00
   1.3189725e+00   2.4004390e-01
   1.4866881e+00   2.0398101e-01
   4.9396425e-01   1.4334618e+01
   1.3111967e+00   2.4561556e-01
   1.4287028e+00   2.0913476e-01
   6.8861561e-01   2.6604873e+00
   5.7676156e-01   2.9148755e+00
   5.7635386e-01   3.0239652e+00
   1.3234761e+00   2.3698633e-01
   1.3346088e+00   2.3056044e-01
   5.7804617e-01   2.8584267e+00
   1.3245678e+00   2.3597261e-01
   1.0022694e+01   1.8033409e-01
   6.9690055e-01   1.5766047e+00
   1.3262104e+00   2.3510620e-01
   5.0426469e-01   4.0322990e+00
   4.9206480e+00   1.8933646e-01
   1.3446217e+00   2.2543105e-01
   1.3274478e+00   2.3432412e-01
   1.3766481e+00   2.1288693e-01
   1.5681042e+01   1.8002838e-01
   6.8682750e-01   1.5842886e+00
   5.3202803e-01   3.9778469e+00
   5.0284150e-01   4.0962847e+00
   1.3184093e+00   2.4051855e-01
   1.3547925e+00   2.2132026e-01
   1.8690532e+00   1.9003308e-01
   1.3240794e+00   2.3648840e-01
   1.3235687e+00   2.3687853e-01
   1.3243588e+00   2.3625391e-01
   1.3230321e+00   2.3743869e-01
   6.1721158e-01   2.1242817e+00
   1.3220666e+00   2.3816483e-01
   1.3171474e+00   2.4187455e-01
   6.2344073e-01   2.1227710e+00
   1.3086900e+00   2.4778045e-01
   5.9011026e-01   2.3801753e+00
   8.8700716e-01   2.3721268e+00
   1.3268926e+00   2.3470042e-01
   1.3042405e+00   2.5375087e-01
   4.9435068e-01   1.3688003e+01
   1.3309199e+00   2.3314939e-01
   1.3247159e+00   2.3588996e-01
   1.3291597e+00   2.3384446e-01
   1.3230937e+00   2.3712255e-01
   4.9651830e-01   1.1001197e+01
   5.7095506e-01   3.8104646e+00
   1.3311926e+00   2.3233869e-01
   5.6182999e-01   3.9444557e+00
   1.3264848e+00   2.3509231e-01
   1.3013178e+00   2.6597932e-01
   6.1179811e-01   2.1369304e+00
