   3.3913273e-01   7.1642254e-01   6.3586197e-01
   4.7608155e-01   6.3479256e-01   6.3479593e-01
   3.2335724e-01   3.7307963e-02   9.7012276e-01
   4.1129387e-01   5.3467721e-01   7.6382913e-01
   8.3252044e-01   5.5503610e-01   6.6556967e-02
   7.1325593e-01   6.3005763e-01   3.3600280e-01
   4.8030655e-01   8.6453044e-01   1.8197656e-01
   3.5941794e-01   4.5745529e-01   8.3866232e-01
   8.2100941e-01   1.0705174e-01   5.8664062e-01
   8.3588185e-01   3.8580271e-01   4.1793024e-01
   7.5747357e-01   6.3130984e-01   1.9931753e-01
   5.5505534e-01   8.3257858e-01   6.6541775e-02
   6.8118592e-01   6.8115736e-01   2.9801759e-01
   1.0536573e-01   8.0791018e-01   6.0586204e-01
   4.5540534e-01   7.8067905e-01   4.5537343e-01
   7.2082199e-01   5.2424197e-01   4.8053892e-01
   5.6093785e-01   7.0118584e-01   4.6743117e-01
   4.5681632e-01   3.3323774e-02   9.1368313e-01
   9.7940939e-01   1.9586172e-01   9.3270962e-02
   8.9568027e-01   4.4776012e-01   3.3164498e-02
   7.1635096e-01   3.3910301e-01   6.3581580e-01
   2.1361681e-01   9.3158743e-02   9.9699497e-01
   7.8061978e-01   4.5535127e-01   4.5536084e-01
   1.4996567e-01   6.2997800e-01   7.8737354e-01
   7.5984012e-01   4.0913995e-01   5.3185868e-01
   1.6650702e-01   8.3238594e-01   5.5497185e-01
   8.2148255e-01   3.2844702e-01   4.9289340e-01
   4.5253191e-01   8.2962482e-01   3.5555727e-01
   9.4985570e-01   3.1659171e-01   3.6382179e-02
   7.6590131e-01   5.3618774e-01   3.8291657e-01
   5.7943767e-01   6.4379517e-01   5.2667227e-01
   6.4723077e-01   2.6651295e-01   7.3971556e-01
   6.5761796e-01   5.9186093e-01   4.9318543e-01
   2.9294731e-01   5.8589614e-01   7.8108636e-01
   2.7096434e-01   2.7099257e-01   9.4849327e-01
   2.0132068e-01   7.6511780e-01   6.3761855e-01
   5.9901174e-01   7.9866678e-01   1.0412582e-01
   9.7471031e-04   1.1923748e-03   1.0242023e+00
   1.4275742e-01   3.4621151e-01   9.5202743e-01
   3.2556730e-02   4.5688565e-01   9.1377878e-01
   4.0917918e-01   7.5987983e-01   5.3192171e-01
   5.1602738e-01   5.1602662e-01   7.0952837e-01
   9.7470079e-04   1.0011924e+00   2.4202291e-02
   8.4568578e-02   9.7331161e-01   2.4329349e-01
   9.6823638e-01   8.4095733e-02   2.6406379e-01
   6.6662697e-01   3.8095269e-01   6.6662422e-01
   7.6495266e-01   2.0133773e-01   6.3761856e-01
   4.2193410e-01   3.8950061e-01   8.4396470e-01
   8.2957264e-01   4.5247759e-01   3.5552058e-01
   4.8786605e-01   1.8487235e-01   8.7813350e-01
   6.2996025e-01   7.1336692e-01   3.3596613e-01
   5.7318911e-01   4.4091342e-01   7.1646254e-01
   9.0040751e-01   3.2149427e-01   3.2157298e-01
   1.0009747e+00   1.1925016e-03   2.4202294e-02
   3.8582628e-01   8.3595803e-01   4.1797722e-01
   7.9862658e-01   5.9898958e-01   1.0417000e-01
   6.2990083e-01   1.4994131e-01   7.8730496e-01
   5.6489429e-01   6.7601240e-02   8.4735768e-01
   8.5748428e-01   6.8525339e-02   5.3592254e-01
   3.3498696e-02   9.0440468e-01   4.5218934e-01
   4.5877268e-01   4.5876359e-01   7.8646855e-01
   5.3463409e-01   4.1128529e-01   7.6381852e-01
   8.8911026e-01   1.8711404e-01   4.4451651e-01
   5.8093543e-01   5.2810204e-01   6.4550118e-01
   8.6444950e-01   4.8029309e-01   1.8195603e-01
   7.0265960e-01   4.6839420e-01   5.6212892e-01
   3.2162666e-01   9.0049606e-01   3.2159104e-01
   2.6647829e-01   6.4727882e-01   7.3980009e-01
   3.3580105e-01   9.2348061e-01   2.1728891e-01
   3.7249174e-01   7.4518449e-01   5.7958827e-01
   5.8581215e-01   2.9289903e-01   7.8108636e-01
   4.6846138e-01   7.0268451e-01   5.6214322e-01
   4.4091892e-01   5.7319474e-01   7.1649316e-01
   9.3691093e-01   2.3421781e-01   2.8827177e-01
   4.4786422e-01   8.9573739e-01   3.3111653e-02
   4.9660067e-01   3.3103465e-01   8.2766940e-01
   7.7536526e-01   2.9284103e-01   5.8568286e-01
   5.3619613e-01   7.6596082e-01   3.8292702e-01
   2.2190744e-02   7.1952765e-01   7.1957606e-01
   3.0056003e-01   3.7569535e-01   9.0169683e-01
   1.8468938e-01   4.8790841e-01   8.7822651e-01
   9.2801033e-01   3.4241430e-02   3.9771691e-01
   1.4038164e-01   9.3598028e-01   3.5091859e-01
   5.1377499e-01   7.0644262e-01   5.1376526e-01
   2.5209794e-01   8.5716012e-01   4.7616340e-01
   7.0819141e-01   7.0818899e-01   2.5217223e-02
   7.1945347e-01   2.5522594e-02   7.1935559e-01
   2.0932307e-01   9.7682518e-01   9.3000226e-02
   5.2812705e-01   5.8093282e-01   6.4550118e-01
   5.2736499e-01   6.4455874e-01   5.8009325e-01
   2.4891650e-01   9.3357317e-01   2.8725062e-01
   3.6682530e-02   2.4809071e-01   9.9258562e-01
   6.3133655e-01   7.5748762e-01   1.9935187e-01
   3.7569788e-01   3.0050572e-01   9.0169683e-01
   3.4091164e-01   2.2082501e-01   9.3864447e-01
   6.4454990e-01   5.2736345e-01   5.8005596e-01
   3.0065790e-01   6.8721434e-01   6.8720956e-01
   5.8603780e-01   5.8603795e-01   5.8603778e-01
   6.7732455e-02   5.6494446e-01   8.4744408e-01
   3.1665565e-01   9.4997979e-01   3.6375231e-02
