   2.7673815e-01   7.8163805e-01   6.7216725e-01
   5.2997534e-01   3.5331478e-01   8.8336315e-01
   5.6400652e-01   6.8990494e-01   6.2096552e-01
   9.4770872e-01   1.9955254e-01   5.2633316e-01
   7.8022658e-01   5.6758126e-01   5.2006062e-01
   4.2499675e-01   3.3662664e-02   9.9169323e-01
   8.6125514e-02   2.1542912e-02   1.0509365e+00
   4.8864502e-01   4.8886057e-01   8.3808574e-01
   4.9925383e-01   7.4887814e-01   5.9895494e-01
   3.3221017e-01   9.3042535e-01   3.8765093e-01
   8.8921164e-01   5.3357969e-01   3.5568384e-01
   4.7184296e-01   9.4375823e-01   7.8263518e-02
   3.6728216e-01   3.4131555e-01   9.5576533e-01
   1.2475265e-01   5.2334137e-01   9.1505781e-01
   6.7857466e-01   8.1042303e-01   2.1426743e-01
   7.4221510e-01   3.2420348e-01   7.4227526e-01
   3.0689587e-01   8.1808151e-01   6.1379026e-01
   9.5653498e-01   4.3471911e-01   3.1865748e-01
   6.7755899e-01   7.6577214e-01   3.6133381e-01
   6.9479182e-01   5.6864227e-01   6.2559425e-01
   8.9886984e-02   7.4319504e-01   7.4319029e-01
   5.6066247e-01   7.7031160e-01   5.1371468e-01
   9.1915346e-01   5.7431454e-01   7.3476130e-02
   5.6563670e-01   6.2173392e-01   6.9112890e-01
   1.7643447e-01   8.8242084e-01   5.5167218e-01
   9.7419575e-01   3.4788469e-01   3.7471511e-01
   4.4793712e-01   4.1394809e-01   8.9657985e-01
   5.0265833e-01   9.0493338e-01   2.6572513e-01
   5.1589059e-01   5.6272032e-01   7.7373361e-01
   7.7015671e-01   6.8082581e-01   3.6310584e-01
   8.4730791e-01   1.6281704e-01   6.8390126e-01
   9.0974922e-01   4.1971586e-01   4.5482216e-01
   8.3402441e-01   4.1723608e-01   5.8394707e-01
   6.8780004e-01   2.1714810e-01   8.2535816e-01
   5.7931715e-01   4.1350649e-01   8.2755022e-01
   5.7574520e-01   7.3356622e-02   9.2133179e-01
   6.8605701e-01   3.6584784e-01   7.7311303e-01
   4.5107164e-01   7.3300061e-01   6.5148298e-01
   8.0162663e-01   2.8705796e-01   6.9713782e-01
   6.3937024e-01   8.5239103e-01   1.1103605e-01
   8.6125370e-02   3.6062345e-01   9.9169439e-01
   8.7436945e-01   2.4308063e-01   6.2505174e-01
   3.3037117e-01   2.4841970e-01   9.9373975e-01
   5.7290205e-01   8.1831553e-01   4.0900981e-01
   9.1409000e-01   7.2949740e-02   6.0936382e-01
   8.6125477e-02   9.8253440e-01   3.2751555e-01
   9.2792914e-01   5.0592506e-01   2.8915522e-01
   4.0791616e-01   8.8382555e-01   4.4198615e-01
   1.2673755e-01   9.3072981e-01   4.6534664e-01
   1.0861271e+00   2.1542717e-02   5.0936156e-02
   9.5861969e-02   1.0100256e+00   2.0195385e-01
   4.5195299e-01   6.5331967e-01   7.3433411e-01
   7.3371440e-01   7.3414775e-01   3.2079556e-01
   9.1278388e-02   3.0311541e-01   1.0104645e+00
   6.0517777e-01   5.0404559e-01   7.5647768e-01
   7.4554514e-01   4.5858990e-01   6.6262368e-01
   1.0181450e+00   2.7157664e-01   3.1327916e-01
   3.4606794e-01   8.6581992e-01   5.1958950e-01
   7.6044339e-01   5.0588725e-01   6.0839083e-01
   6.5216245e-01   1.1349738e-01   8.7017171e-01
   8.4765351e-01   4.9407356e-01   4.9455134e-01
   6.8409176e-01   5.1284824e-01   6.8425714e-01
   8.6356474e-01   6.4747631e-01   1.1254290e-01
   8.6125742e-02   1.0215434e+00   5.0936241e-02
   6.2420519e-01   5.6747548e-01   6.9314915e-01
   4.0946142e-01   5.7362529e-01   8.1948756e-01
   6.3577626e-01   7.0629904e-01   5.2947487e-01
   5.0727147e-01   6.7735199e-01   6.7749313e-01
   1.1362748e-01   8.1829049e-01   6.5462253e-01
   9.7139188e-01   4.8578907e-01   7.8849443e-02
   3.7872207e-01   4.8423115e-01   8.8778035e-01
   1.0094796e+00   4.0379993e-01   8.6964494e-02
   1.0633083e+00   2.2798259e-01   1.0091453e-01
   2.1456978e-01   6.7959560e-01   7.9287311e-01
   7.6018520e-01   7.6018258e-01   5.8339908e-02
   2.8760245e-01   4.6263356e-01   9.2549582e-01
   8.3049976e-01   5.8118837e-01   4.1523001e-01
   5.8996818e-01   8.8512088e-01   7.0586603e-02
   4.7694565e-01   2.0078618e-01   9.5378463e-01
   6.2953799e-01   6.2959127e-01   6.2971570e-01
   4.8030685e-01   8.8058802e-01   3.7754278e-01
   1.0318019e+00   3.4388356e-01   9.3308482e-02
   1.0390882e+00   8.9889708e-02   3.4621909e-01
   5.1936659e-01   8.1622897e-01   4.7612414e-01
   1.7445431e-01   5.8262695e-01   8.7396941e-01
   4.4454678e-01   8.2573271e-01   5.2509714e-01
   1.0483052e-01   6.3203814e-01   8.4273914e-01
   9.8365695e-01   3.5672510e-02   4.9167371e-01
   3.8824013e-01   9.3216964e-01   3.3288275e-01
   7.7534311e-01   2.7624605e-02   7.7548389e-01
   3.2989354e-01   9.9074637e-01   8.5927872e-02
   8.1850092e-01   6.8229989e-01   2.1534058e-01
   1.3713282e-01   4.2806896e-01   9.6315108e-01
   9.9882147e-01   2.3487429e-01   3.9947971e-01
   6.9405019e-01   6.2431758e-01   5.6774359e-01
   4.0391629e-01   7.0617540e-01   7.0690640e-01
   2.8053662e-01   8.9501309e-02   1.0295045e+00
   1.0626272e+00   4.0318310e-02   2.6563608e-01
   9.2689336e-02   2.0664207e-01   1.0336345e+00
   8.9346200e-01   3.5736271e-01   5.3615232e-01
