   8.6283444e-01   1.8152309e-01   4.8050912e-01
   2.4401141e-01   4.9956224e-01   8.3284618e-01
   5.5531637e-01   8.3271834e-01   6.4053671e-02
   7.0600248e-01   4.3445825e-01   5.6548307e-01
   3.9666229e-01   8.7316003e-01   2.9104737e-01
   4.5011982e-01   7.7345536e-01   4.5169471e-01
   5.3124005e-01   7.9659387e-01   2.9810294e-01
   6.4344310e-02   8.3126042e-01   5.5332720e-01
   9.7909838e-01   2.0839591e-01   8.5229332e-02
   4.4945117e-01   3.5285558e-01   8.2341348e-01
   9.7421408e-01   3.7461114e-02   2.4354757e-01
   4.1498603e-02   9.9896684e-01   3.9725064e-02
   3.1657609e-01   8.8748088e-01   3.4040207e-01
   6.3731143e-01   5.7332025e-01   5.2122531e-01
   7.6496534e-01   5.8137225e-01   2.9065250e-01
   7.7114004e-01   4.9076122e-01   4.1487648e-01
   7.2907629e-01   2.6244163e-01   6.3765638e-01
   5.3328587e-01   7.5991723e-01   3.7916286e-01
   1.5003960e-01   6.3297659e-01   7.6076426e-01
   5.7289807e-01   3.6846700e-01   7.3599737e-01
   2.9841180e-01   7.9575667e-01   5.3026978e-01
   3.3426541e-01   7.0615894e-01   6.2715886e-01
   5.5508303e-01   5.8972349e-02   8.3284616e-01
   4.6786816e-03   4.3524788e-04   1.0000010e+00
   3.1645486e-01   2.5691589e-02   9.4982025e-01
   1.8002246e-01   8.6081957e-01   4.7853474e-01
   2.8787616e-01   5.7571414e-01   7.6738280e-01
   2.9560812e-01   6.7662099e-01   6.7689646e-01
   7.3491307e-01   6.3294141e-01   2.5826466e-01
   5.2089174e-01   5.7324004e-01   6.3694766e-01
   7.7410552e-01   1.4761494e-01   6.2163201e-01
   1.4888007e-01   7.6017497e-01   6.3403640e-01
   6.3340475e-01   1.4960241e-01   7.6322418e-01
   2.3392910e-02   7.0725358e-01   7.0715184e-01
   7.7290567e-01   6.2343913e-01   1.4728821e-01
   1.3802875e-01   9.3190318e-01   3.3850660e-01
   3.1576497e-01   9.5030760e-01   3.1130167e-02
   7.0956309e-01   7.0940402e-01   2.5329377e-02
   8.9802153e-01   4.4867827e-01   3.3188051e-02
   8.3007761e-01   3.8331926e-01   4.1487196e-01
   9.3164580e-01   3.4894811e-01   1.3908247e-01
   2.9998748e-02   8.9484194e-01   4.4653763e-01
   7.6961382e-02   3.4962608e-01   9.3426918e-01
   4.1400368e-01   8.2877472e-01   3.8250748e-01
   8.8934484e-01   3.1641832e-01   3.4288390e-01
   7.6906379e-01   2.8782360e-01   5.7717443e-01
   5.7933969e-01   5.7922563e-01   5.7861718e-01
   2.4816041e-01   2.6643861e-01   9.3281840e-01
   8.7518786e-01   3.9760885e-01   2.9065187e-01
   6.3673370e-01   5.2136950e-01   5.7405058e-01
   5.1819048e-01   6.3755132e-01   5.7493707e-01
   6.7793922e-01   6.7803557e-01   2.9595252e-01
   6.7808788e-01   2.9646170e-01   6.7742519e-01
   3.8275659e-01   4.1297012e-01   8.2879621e-01
   3.5270146e-01   8.2397882e-01   4.4795079e-01
   8.7123924e-02   2.1389971e-01   9.7348155e-01
   4.4812540e-01   2.6941248e-02   8.9591154e-01
   5.5656673e-01   6.9325695e-01   4.6419154e-01
   2.1526473e-01   8.9916791e-02   9.7348156e-01
   4.1433808e-01   4.8995684e-01   7.6977531e-01
   3.3482416e-01   2.1609246e-01   9.1896695e-01
   8.2615766e-01   4.4953309e-01   3.5178200e-01
   6.2614822e-01   4.6998183e-01   6.2715876e-01
   6.2794718e-01   3.3437056e-01   7.0714698e-01
   8.6366429e-01   4.8038869e-01   1.7829934e-01
   1.0046787e+00   4.3461252e-04   9.9768117e-07
   7.7122995e-01   4.1536235e-01   4.9013845e-01
   3.4326860e-01   3.1143551e-01   8.8806066e-01
   6.2511332e-01   7.1037029e-01   3.3324854e-01
   8.1522434e-01   3.2513119e-01   4.8744122e-01
   2.6625221e-01   9.3296804e-01   2.4892768e-01
   4.7188818e-01   8.4877064e-01   2.4908668e-01
   5.5483198e-01   4.6286856e-01   6.9537023e-01
   6.2148258e-02   5.5416849e-01   8.3070922e-01
   4.7589067e-01   7.1360162e-01   5.1904332e-01
   8.9776438e-01   2.9010570e-02   4.4897932e-01
   4.4809080e-01   8.9617921e-01   3.2069527e-02
   4.9076231e-01   4.1459820e-01   7.6954294e-01
   9.3480879e-01   1.4020553e-01   3.3959864e-01
   8.3321601e-01   6.6493227e-02   5.5602895e-01
   7.0934696e-01   2.1143061e-02   7.0923736e-01
   4.6761003e-01   6.2691276e-01   6.2715876e-01
   9.3575461e-01   2.6714389e-01   2.4908362e-01
   5.7202411e-01   5.2159968e-01   6.3765594e-01
   5.3087063e-01   2.9841030e-01   7.9647099e-01
   4.7877446e-01   1.8040313e-01   8.6189693e-01
   3.5920822e-02   9.7016513e-01   2.4217502e-01
   3.2600482e-02   4.4675746e-01   8.9443742e-01
   7.0024332e-01   5.0799579e-01   5.0850493e-01
   8.3368263e-01   5.5623717e-01   6.1950778e-02
   4.7478448e-01   5.1892213e-01   7.1427052e-01
   3.7961644e-01   7.5920336e-01   5.3263736e-01
   6.3476728e-01   7.6217818e-01   1.5078464e-01
   4.6785184e-03   1.0112337e+00   1.4162743e-04
   2.7382734e-01   3.9912161e-01   8.7670551e-01
   6.2718421e-01   6.2697696e-01   4.6899453e-01
   5.7292992e-01   6.3715992e-01   5.2122425e-01
   2.0446166e-01   9.6546827e-01   1.6970479e-01
   3.3440513e-01   6.2670378e-01   7.0647242e-01
   7.0551213e-01   5.6676456e-01   4.3371231e-01
