   9.2148973e-01   2.1669921e-01   3.3507120e-01
   1.8159269e-01   4.7936344e-01   8.6268016e-01
   5.2153493e-01   5.7382243e-01   6.3754784e-01
   3.2547590e-01   4.8860233e-01   8.1422347e-01
   6.2698145e-01   6.2697597e-01   4.7023500e-01
   4.7978881e-01   1.8175225e-01   8.6356886e-01
   8.4996311e-01   6.7867928e-02   5.3119992e-01
   6.8203010e-01   4.1963739e-01   6.0609071e-01
   7.7456420e-01   4.5186308e-01   4.5172426e-01
   3.3513002e-01   6.2837597e-01   7.0696126e-01
   5.6579898e-01   4.3483355e-01   7.0660727e-01
   2.6247242e-01   7.2855641e-01   6.3743467e-01
   2.4942367e-01   8.4865465e-01   4.7157631e-01
   6.2812126e-01   7.0686888e-01   3.3499367e-01
   6.2091792e-01   1.4615781e-01   7.7616635e-01
   3.8018951e-01   7.6040545e-01   5.3228976e-01
   8.6518065e-01   2.7033739e-01   4.3249162e-01
   2.6722641e-01   2.4935133e-01   9.3512933e-01
   6.3836380e-01   2.6278179e-01   7.2978142e-01
   8.2346790e-01   5.4899851e-01   1.6455983e-01
   3.9407761e-01   6.8963223e-01   6.1306446e-01
   9.7746965e-01   9.3081601e-02   2.0927434e-01
   8.6269091e-01   4.7930180e-01   1.8162127e-01
   7.6136731e-01   3.8067483e-01   5.3297409e-01
   4.9083817e-01   4.1534888e-01   7.7136105e-01
   3.3351814e-03   2.9949802e-05   1.0033572e+00
   4.7023969e-01   6.2699353e-01   6.2696653e-01
   8.9800357e-01   3.3170424e-02   4.4885820e-01
   8.1464358e-01   3.2584069e-01   4.8876421e-01
   2.4651365e-02   7.0860018e-01   7.0865871e-01
   2.4322160e-01   3.6719109e-02   9.7346481e-01
   4.1522025e-01   4.9080188e-01   7.7112348e-01
   9.3009109e-02   2.0931240e-01   9.7708619e-01
   5.7960365e-01   5.7960076e-01   5.7953562e-01
   7.1045937e-01   3.4457881e-08   7.1044939e-01
   5.5604919e-01   6.6683123e-02   8.3405802e-01
   9.3510291e-01   2.6714491e-01   2.4924530e-01
   2.9499614e-01   3.6904263e-01   8.8583057e-01
   6.6540825e-02   8.3192317e-01   5.5463694e-01
   8.3016317e-01   3.8318622e-01   4.1509464e-01
   8.2492321e-01   4.4993476e-01   3.5344013e-01
   5.9815830e-01   7.9753725e-01   1.0396220e-01
   9.3055529e-01   3.4890498e-01   1.3952389e-01
   2.8837921e-01   5.7675884e-01   7.6892880e-01
   3.4919731e-01   1.3950335e-01   9.3121614e-01
   5.7386084e-01   5.2166910e-01   6.3768046e-01
   4.4922374e-01   8.2392446e-01   3.5312319e-01
   1.4751869e-01   7.7425824e-01   6.1958570e-01
   9.7272460e-01   2.4317158e-01   3.7379741e-02
   7.1466401e-01   5.1976792e-01   4.7650069e-01
   7.5520463e-01   6.2967301e-01   1.9882148e-01
   3.8282627e-01   4.1508272e-01   8.3022238e-01
   8.9671022e-01   4.4833594e-01   3.3081651e-02
   2.6652475e-01   9.3300237e-01   2.4879412e-01
   6.5861229e-01   3.7585541e-01   6.5861728e-01
   6.9555921e-01   4.6359623e-01   5.5645167e-01
   3.1684453e-01   8.8745788e-01   3.4119526e-01
   3.6916551e-01   2.9529470e-01   8.8595910e-01
   3.7174033e-02   9.7037014e-01   2.4259969e-01
   7.6095397e-01   5.3276206e-01   3.8042795e-01
   7.0706034e-01   6.2828096e-01   3.3507582e-01
   4.7643649e-01   5.1976962e-01   7.1471279e-01
   5.7276383e-01   7.3659135e-01   3.6831323e-01
   7.0858042e-01   7.0862828e-01   2.5197840e-02
   2.7186609e-02   3.1713239e-01   9.5144762e-01
   2.1670719e-01   3.3492748e-01   9.2113076e-01
   5.4830635e-01   8.2281434e-01   1.6456061e-01
   5.5598099e-01   6.9499352e-01   4.6334920e-01
   5.2658154e-01   7.5158756e-01   4.0506757e-01
   5.7362058e-01   3.6871921e-01   7.3741087e-01
   6.2961348e-01   7.5469948e-01   1.9881880e-01
   6.6324194e-02   5.5517598e-01   8.3270203e-01
   4.6336664e-01   6.9492044e-01   5.5604999e-01
   2.9871434e-01   7.9650707e-01   5.3092970e-01
   6.5644524e-01   5.3719182e-01   5.3709301e-01
   3.9888690e-01   8.7758801e-01   2.7424621e-01
   4.4883899e-01   2.9505414e-02   8.9815277e-01
   3.8255245e-01   8.2894603e-01   4.1450898e-01
   5.3185376e-01   2.9918789e-01   7.9781279e-01
   4.4769583e-01   8.9535504e-01   3.3078932e-02
   3.3353566e-03   1.0000005e+00   3.3572382e-03
   4.4988299e-01   3.5367777e-01   8.2525346e-01
   4.5131095e-01   7.7371628e-01   4.5133957e-01
   7.7996289e-01   1.0848280e-01   6.2390931e-01
   3.5047184e-01   9.3458505e-01   8.1125069e-02
   6.7775651e-01   6.7770624e-01   2.9650742e-01
   2.0899555e-01   9.7490783e-01   8.8558763e-02
   8.9624360e-01   3.2007945e-01   3.2001026e-01
   9.5206798e-01   3.6411794e-02   3.1733661e-01
   7.9717022e-01   2.2149939e-01   5.6972248e-01
   7.9808329e-01   5.9853486e-01   1.0407954e-01
   3.3085181e-02   8.9537121e-01   4.4768423e-01
   3.2306542e-02   4.4819942e-01   8.9682344e-01
   1.5091734e-01   6.3478036e-01   7.6182595e-01
   5.0814456e-01   6.9972250e-01   5.0889195e-01
   5.7366119e-01   6.3727813e-01   5.2164263e-01
   1.0033352e+00   2.2091346e-05   3.3571742e-03
   7.3070413e-01   2.6247193e-01   6.3743466e-01
   1.3965961e-01   9.3210748e-01   3.3890530e-01
   5.2153243e-01   6.3740442e-01   5.7362002e-01
