0.00557968 0.925303
0.0126057 0.887725
0.754979 0.131105
0.896468 0.0531802
0.0464713 0.784428
0.00913374 0.904429
0.362102 0.398251
0.517066 0.280927
0.0619628 0.751077
0.798868 0.106206
0.159778 0.600277
0.249054 0.500947
0.0693559 0.736645
0.740959 0.13921
0.52728 0.273859
0.769049 0.123046
0.649527 0.194068
0.0176274 0.867232
0.700853 0.16283
0.591677 0.230795
0.472153 0.312866
0.946501 0.0271171
0.728526 0.146463
0.626138 0.208711
0.130791 0.638349
0.403773 0.364568
0.814159 0.0976925
0.0387197 0.803227
0.713751 0.155162
0.999813 9.37015e-05
0.54782 0.259851
0.412647 0.357624
0.879017 0.0624409
0.980456 0.00982007
0.570054 0.244981
0.31096 0.442362
0.962444 0.0189578
0.0917569 0.697086
0.00191343 0.956257
9.79642e-05 0.990102
0.0222567 0.850813
0.458451 0.32291
0.614465 0.216122
0.241376 0.5087
0.581383 0.237516
0.638004 0.201249
0.144304 0.620127
0.430514 0.343864
0.0850074 0.70844
0.0999718 0.683817
0.506989 0.287968
0.0774679 0.721669
0.913976 0.0439793
0.688936 0.169979
0.485642 0.30312
0.107404 0.672275
0.0542831 0.767013
0.136944 0.629941
0.847202 0.0795641
0.152106 0.609993
0.11481 0.661164
0.122199 0.65043
0.66235 0.186151
0.256392 0.493648
0.218421 0.532645
0.55878 0.252484
0.931879 0.034661
0.22595 0.524659
0.181172 0.574357
0.233504 0.516778
0.188581 0.565741
0.302451 0.450045
0.863117 0.0709593
0.373241 0.389065
0.166401 0.592077
0.17378 0.583131
0.497037 0.294992
0.210924 0.540735
0.196007 0.557274
0.439826 0.336806
0.0307572 0.824623
0.203454 0.548941
0.602984 0.223479
0.783922 0.114606
0.674852 0.178506
0.537638 0.266762
0.287491 0.463819
0.421609 0.350685
0.279646 0.471184
0.271847 0.47861
0.321715 0.432801
0.264099 0.486094
0.343956 0.413522
0.829973 0.0889716
0.386281 0.378485
0.335706 0.420598
0.449087 0.32986
0.352274 0.406473
0.327521 0.427706
0.394988 0.371519
