0.320365 3.99375 2.74281
0.0157638 4 5.24816
0.445555 3.99312 2.22468
1.27243 1.16286 2.38152
2.00001 2.00332 0.800988
0.807949 3.99504 1.18223
1.99715 1.17187 1.75693
1.26502 3.99675 0.419848
1.34915 0.584134 3.56461
0.00820549 4 5.45705
0.00340919 3.99574 5.64988
0.753566 2.6451 1.77253
0.232487 2.98774 3.63832
0.755033 1.40024 3.38603
1.90268 2.43509 0.48628
2.00003 0.00288095 5.77349
2 2.61153 0.373073
1.99649 0.578461 2.90221
1.9788 0.354931 3.52994
1.08998 1.08089 2.97583
1.88207 1.07696 1.91985
1.89362 0.00566258 6
1.99778 1.74336 1.04601
0.484512 1.45472 5.13216
1.02195 0.510919 6
0.924716 3.16372 1.09895
2 0.800006 2.4
1.99868 0.417106 3.33259
0.858989 2.03146 2.05492
1.4245 0.716667 3.04677
1.362 3.63462 0.339947
1.7868 0.520844 3.11016
1.54459 0.853878 2.55608
1.49304 0.391262 3.9132
2 3.8756 0.00290242
0.000998443 3.89166 5.91788
0.28112 1.95604 5.90453
2 3.02772 0.179954
0.583803 1.77163 3.39691
1.05185 1.55651 2.20187
0.646424 3.9932 1.58295
1.14676 3.98603 0.573452
1.93781 3.99938 0.00290171
0.00378266 3.7541 6
1.99994 0.0163801 5.45756
0.711771 1.95192 2.59072
1.57544 2.02245 0.943523
0.5747 2.72981 2.24897
1.18374 1.97536 1.44149
0.0107478 3.58587 6
0.851599 2.60438 1.55639
0.657823 1.24967 4.3832
1.97263 2.29421 0.573679
2 1.65888 1.13502
1.06649 3.55466 0.73589
1.99598 0.00840329 5.61147
1.95972 0.000811231 6
1.33438 1.51654 1.74143
0.851839 0.863562 4.59434
1.99699 1.26341 1.62394
1.18689 0.395642 5.09498
1.99998 2.11766 0.705882
1.00216 0.80401 3.98593
0.2423 2.43359 4.37023
0.25015 3.99907 3.09445
1.38602 2.977 0.499809
1.07446 2.97189 0.910068
1.96603 1.86145 0.930688
1.99533 1.00814 2.01759
1.29263 0.258539 6
1.98952 0.879885 2.24567
2.00001 3.7551 0.0112622
0.930315 3.99466 0.930295
0.901129 1.49443 2.6823
1.20731 2.22933 1.17513
0.800003 0.799996 6
0.708939 3.97887 1.4177
0.414106 3.24987 2.52304
2 1.41776 1.41775
0.693931 1.022 5.16721
0.585891 1.17136 6
1.47497 3.99473 0.210437
1.53337 2.47708 0.631394
1.42725 1.69646 1.40561
0.34869 1.7433 6
1.5138 0.213932 4.72709
2 0.000824729 5.87817
1.60513 1.29397 1.74315
2.00003 0.258636 3.87766
1.98249 3.95656 0.000583896
0.413533 2.46868 3.15889
0.590743 3.54882 1.79849
0.504266 3.99363 2.01693
1.92304 0.21346 4.08253
1.9929 0.669463 2.67716
0.431966 1.94316 3.91372
0.00103825 3.9951 5.80683
1.60215 3.45093 0.177989
2 2.7771 0.287285
2 1.53089 1.27953
