0.0206958 3.42605
0.0269907 3.34507
1.44767 0.155559
0.13905 2.53458
1.23244 0.306304
0.0505266 3.10657
0.102239 2.73746
0.00734485 3.65751
1.06803 0.461424
0.0141675 3.52473
0.515047 1.32051
0.934992 0.61429
0.0721836 2.93506
0.0390444 3.21348
0.0824873 2.86308
0.0924941 2.79763
0.0615498 3.0153
0.893089 0.668486
0.160216 2.43131
0.543662 1.25841
0.596935 1.14945
0.583512 1.17613
0.251129 2.05971
1.03881 0.492225
0.443889 1.48722
1.30925 0.246139
0.19035 2.29686
0.175824 2.36002
0.121099 2.62926
1.39732 0.18593
1.21365 0.322149
0.111762 2.68158
0.702316 0.956307
1.7226 0.0386621
1.14666 0.382374
0.741352 0.891428
1.85019 0.0112377
1.97352 0.000350531
0.981433 0.557605
0.845858 0.733224
0.238799 2.10456
0.148042 2.4897
0.205169 2.23526
1.76091 0.028685
1.9153 0.00358869
1.1631 0.36704
0.912797 0.643142
1.64987 0.0617707
1.53575 0.109257
0.229616 2.1391
1.25083 0.291239
0.872347 0.696427
0.663113 1.02495
0.215693 2.19307
0.502841 1.34782
1.37394 0.201027
0.67621 1.00161
0.767361 0.850015
1.7921 0.0216708
0.611806 1.12047
1.48347 0.136399
0.351063 1.73637
0.953564 0.591204
0.289396 1.92748
0.41367 1.56397
1.11465 0.413275
0.367311 1.68974
0.398957 1.60463
1.26973 0.276184
1.42184 0.170778
0.472563 1.4178
1.57006 0.0935157
1.28918 0.261157
0.334822 1.78443
1.50529 0.124302
0.301585 1.88776
0.000405088 3.9195
1.33001 0.231117
0.6368 1.0731
0.725272 0.91782
0.383009 1.64599
0.529018 1.29009
0.811242 0.784152
0.793613 0.810116
0.318513 1.83427
1.08367 0.444535
0.457826 1.45308
0.428673 1.52538
0.486862 1.38434
1.60808 0.0775533
0.570011 1.20348
0.649978 1.04877
1.68853 0.0488055
0.130076 2.58101
0.272144 1.98554
0.556421 1.23155
1.35154 0.216086
1.197 0.336568
1.00982 0.524633
0.832691 0.751992
