1.44292 0.158301
0.184336 2.32266
0.595692 1.1519
0.0142188 3.52388
0.168811 2.39159
0.0331195 3.27507
1.28407 0.265057
0.0560673 3.05952
0.0207208 3.4257
0.0773094 2.89862
0.0668809 2.97423
0.442678 1.49022
0.759475 0.862917
0.0874649 2.83003
0.0448535 3.15762
0.38219 1.64824
0.125466 2.60555
1.49604 0.129071
0.622261 1.10046
0.674723 1.00424
0.79147 0.812866
0.116306 2.65583
0.0073982 3.65627
0.713718 0.937009
0.500072 1.35409
0.156119 2.45067
0.966201 0.575816
1.39439 0.187791
0.134474 2.55804
0.10692 2.70966
0.910491 0.645617
1.32446 0.235086
1.15913 0.370709
0.229304 2.14028
0.739633 0.894216
0.688023 0.980917
0.366695 1.69148
0.253739 2.05005
1.63076 0.0687586
1.52683 0.113559
1.08141 0.446867
1.26483 0.280037
0.568861 1.20583
1.19165 0.341274
1.30397 0.250043
0.978642 0.560915
0.809135 0.786599
0.197793 2.26559
0.0972286 2.76799
1.46987 0.14308
0.609013 1.12587
1.06524 0.46377
0.457283 1.4544
1.12811 0.400106
0.923624 0.6287
1.00686 0.528008
1.34573 0.220087
1.74662 0.0322309
0.244227 2.08452
0.301108 1.8893
0.582836 1.17749
0.941228 0.606476
1.70597 0.0434631
0.661671 1.02754
0.55628 1.23184
0.284428 1.94654
0.843745 0.736214
0.527939 1.29221
0.648575 1.05134
1.41509 0.174884
0.397767 1.60597
0.541665 1.26266
1.22788 0.310105
1.11103 0.416852
0.47168 1.41989
0.266162 2.0062
1.84201 0.0125002
0.212039 2.20758
0.147637 2.49169
1.80425 0.0192334
0.317995 1.83587
1.2101 0.325186
0.485941 1.38648
1.66481 0.056575
0.334553 1.78524
1.59718 0.0819719
1.89706 0.00530157
1.37134 0.202745
1.03569 0.495652
0.000492538 3.91123
0.88434 0.680179
0.412954 1.56584
1.56054 0.0977563
0.778518 0.832679
0.8316 0.755982
0.635437 1.07564
0.35078 1.73719
0.514054 1.32271
0.870097 0.699503
0.42791 1.52732
