1.192 0.401887 5.01249
0.809439 3.82502 1.18798
0.445647 3.91908 2.22934
1.91351 0.674725 2.67763
1.91925 0.894749 2.22763
0.0127463 3.58216 5.79508
1.91113 0.584135 2.89188
0.32146 3.91263 2.74404
0.962408 0.655032 4.95408
1.95116 2.11489 0.711204
1.02221 0.516684 5.83723
1.93295 1.41976 1.421
1.07905 1.08213 2.97935
1.96602 2.67805 0.339129
1.25959 3.96156 0.427875
1.94448 1.85987 0.93493
1.92234 1.01254 2.01879
1.90548 0.368899 3.50228
0.281307 1.96675 5.81379
0.0176581 3.89564 5.23382
0.243009 2.43371 4.37116
0.419727 3.27093 2.49521
1.9169 0.804891 2.40092
0.43414 1.95109 3.89383
1.34509 1.47258 1.79068
1.27645 0.739857 3.29103
0.690062 1.0166 5.32689
1.96187 2.52114 0.427367
0.23204 2.94694 3.69144
1.28933 0.265228 5.82432
0.504772 3.9203 2.02015
1.56156 1.86364 1.11515
0.750434 1.49781 3.20058
0.70856 3.92787 1.42193
1.90357 0.295865 3.75723
1.57395 3.51573 0.184078
1.00753 2.41316 1.37137
1.79523 2.89852 0.271474
1.925 1.11414 1.85314
1.99222 3.68167 0.019724
0.703986 2.08807 2.44773
0.972918 0.958577 3.62358
0.861872 2.21844 1.85995
1.93884 1.56705 1.24705
0.9288 3.94409 0.935517
1.13536 2.05763 1.44388
1.97503 3.01573 0.186161
1.4263 1.70031 1.41145
1.89241 3.99486 0.00936865
1.56869 0.378492 3.81198
0.580064 2.14809 2.82152
1.21561 0.58146 3.96697
0.586198 3.92351 1.76093
1.18309 1.35204 2.23571
0.00715635 3.70873 5.82512
1.90935 0.516753 3.06543
0.479016 1.46026 5.30808
1.78619 2.02096 0.829775
0.586958 2.7403 2.20274
1.51427 0.220009 4.69819
1.14389 3.95569 0.579279
1.36375 3.60023 0.351339
0.00378712 3.81509 5.8238
0.800626 0.805711 5.84491
1.35067 3.0374 0.513511
0.646431 1.30441 4.24121
0.638657 3.74578 1.63477
0.00535599 3.89475 5.62016
1.95915 2.41987 0.490339
0.0101041 3.89632 5.43788
1.908 0.464689 3.20945
1.38328 0.870728 2.75652
1.89604 0.00828521 5.80382
1.53006 2.476 0.637964
0.253756 3.77122 3.10118
1.99492 3.78483 0.00932806
0.358499 1.72611 5.70105
1.95573 2.28926 0.57907
1.9016 0.220718 4.06055
1.17503 2.80921 0.83715
1.56134 0.992382 2.30084
0.00297307 3.89459 5.75746
1.31665 2.31102 0.976801
1.468 3.97241 0.217402
0.863478 0.863328 4.5362
1.92851 1.24695 1.65422
0.864672 1.59379 2.63119
1.89623 0.0158517 5.58225
1.00221 1.78759 2.00165
1.65711 1.31257 1.67914
0.746802 2.66843 1.77453
1.89644 0.0237659 5.43755
1.10174 3.44129 0.719299
0.908498 2.92045 1.24435
0.584883 1.17781 5.82864
1.93966 1.67607 1.12111
1.92655 1.17601 1.75793
1.94142 1.74341 1.05029
1.89601 0.0103601 5.72208
0.421071 2.62446 2.96797
