0.0269774 3.34523
0.0206825 3.42623
0.754387 0.870496
0.0824774 2.86315
1.28929 0.261072
0.0390275 3.21365
0.120893 2.63039
1.44375 0.157822
0.486877 1.38431
0.676236 1.00157
1.97769 0.000248943
0.0924853 2.79769
1.03821 0.493157
1.26983 0.276101
0.147722 2.49127
0.10223 2.73751
0.39774 1.60604
1.30937 0.246053
1.39747 0.18584
0.253066 2.05247
1.23263 0.306311
1.87688 0.00758652
0.995616 0.540975
1.82813 0.0147967
1.50589 0.123995
1.76148 0.0285489
1.57028 0.0934192
0.0505156 3.10667
0.0615354 3.01541
0.189459 2.30066
0.264426 2.01249
0.134668 2.55704
1.42199 0.17069
0.637454 1.07368
0.238929 2.10408
0.0141568 3.52491
0.57003 1.20344
0.939855 0.608191
0.663139 1.0249
0.650004 1.04872
0.623594 1.09793
0.859119 0.714645
0.2939 1.91268
0.111738 2.68172
1.53722 0.108761
0.198969 2.26071
0.885731 0.678311
0.278219 1.96484
0.458415 1.45267
0.832733 0.751932
0.583533 1.17609
0.528964 1.28998
0.514856 1.32093
1.33013 0.231032
0.000393319 3.92067
1.08374 0.444461
1.65017 0.0616666
0.689304 0.978692
0.00733112 3.65783
1.21252 0.323113
1.17996 0.351694
1.60832 0.0774552
1.6994 0.0454378
0.17708 2.35445
0.160625 2.4294
1.35167 0.215996
0.741384 0.891376
0.210311 2.21449
1.13149 0.396839
0.806514 0.790271
0.221102 2.17186
0.0721751 2.93512
0.557319 1.22968
0.472722 1.41792
1.37408 0.200937
0.301587 1.88776
0.428683 1.52536
1.00988 0.524563
0.610307 1.12337
1.46815 0.144023
0.414714 1.56126
0.713269 0.937763
0.780416 0.829754
1.05364 0.476139
0.318575 1.83407
1.16319 0.366961
1.11472 0.413199
1.25093 0.291148
0.335095 1.78362
0.500335 1.35349
0.543287 1.25921
0.728381 0.912615
0.367318 1.68972
0.351354 1.73552
0.383013 1.64598
0.899138 0.660478
0.443492 1.4882
0.967495 0.574255
0.922469 0.630177
0.596957 1.14941
