0.0949102 3.06862
0.120298 2.61367
0.106853 2.86114
0.138876 2.25546
0.0990947 2.99745
0.0858568 3.21625
0.110454 2.79614
0.143318 2.16819
0.128915 2.44928
0.171504 1.61496
0.163101 1.77853
0.0454516 3.74198
0.145423 2.12674
0.153163 1.97404
0.156674 1.9048
0.271044 0.160861
0.038451 3.80677
0.0905039 3.1416
0.136529 2.30141
0.126164 2.50216
0.0521442 3.67216
0.0236324 3.91474
0.134089 2.34899
0.149421 2.04788
0.281834 0.0888991
0.0703331 3.44626
0.186073 1.33864
0.178743 1.47626
0.166051 1.72086
0.151327 2.01026
0.208326 0.945476
0.174032 1.56625
0.26106 0.245547
0.0757891 3.36902
0.131554 2.39825
0.159981 1.83974
0.194905 1.17763
0.184106 1.37526
0.0311646 3.86493
0.147456 2.08665
0.193158 1.209
0.286888 0.062365
0.18802 1.30267
0.10307 2.92828
0.255956 0.295329
0.199498 1.09632
0.176442 1.52008
0.238609 0.495521
0.305698 0.00475166
0.218833 0.776531
0.251217 0.345369
0.284331 0.0752092
0.0645827 3.52311
0.0809565 3.2922
0.203172 1.03264
0.113888 2.73323
0.141137 2.21108
0.180949 1.43451
0.301872 0.01118
0.296566 0.0245767
0.213564 0.859713
0.168848 1.66641
0.293357 0.0352021
0.259074 0.26441
0.268446 0.181254
0.206075 0.983209
0.246577 0.397803
0.216336 0.815552
0.275246 0.130378
0.262923 0.228456
0.0158847 3.95472
0.243913 0.429414
0.189773 1.2705
0.233275 0.566126
0.299003 0.0177774
0.248998 0.370019
0.197251 1.13587
0.000403324 3.99947
0.291402 0.0426013
0.241083 0.464166
0.253772 0.317939
0.117166 2.67241
0.201014 1.06989
0.225476 0.676414
0.23132 0.593008
0.266669 0.195869
0.264851 0.211391
0.227512 0.646836
0.289546 0.0502792
0.280186 0.0985467
0.229457 0.61909
0.236472 0.523329
0.273581 0.14209
0.0585195 3.5988
0.21074 0.90559
0.221092 0.74187
0.223339 0.708016
0.123294 2.55693
0.312287 3.12126e-05
0.276899 0.119246
