1.000e+00  9.869e-05  
4.411e-04  9.900e-01  
9.902e-01  5.077e-03  
9.704e-01  1.508e-02  
9.512e-01  2.488e-02  
9.325e-01  3.452e-02  
9.143e-01  4.399e-02  
8.966e-01  5.329e-02  
8.794e-01  6.244e-02  
8.625e-01  7.145e-02  
8.461e-01  8.033e-02  
8.301e-01  8.907e-02  
8.145e-01  9.770e-02  
7.992e-01  1.062e-01  
7.843e-01  1.146e-01  
7.696e-01  1.229e-01  
7.553e-01  1.311e-01  
7.413e-01  1.392e-01  
7.276e-01  1.472e-01  
7.141e-01  1.552e-01  
7.009e-01  1.630e-01  
6.879e-01  1.708e-01  
6.752e-01  1.785e-01  
6.627e-01  1.862e-01  
6.504e-01  1.937e-01  
6.383e-01  2.012e-01  
6.265e-01  2.087e-01  
6.148e-01  2.161e-01  
6.033e-01  2.235e-01  
5.920e-01  2.308e-01  
5.809e-01  2.381e-01  
5.699e-01  2.453e-01  
5.591e-01  2.525e-01  
5.485e-01  2.596e-01  
5.380e-01  2.668e-01  
5.276e-01  2.739e-01  
5.174e-01  2.809e-01  
5.073e-01  2.880e-01  
4.974e-01  2.950e-01  
4.876e-01  3.020e-01  
4.779e-01  3.090e-01  
4.683e-01  3.159e-01  
4.588e-01  3.229e-01  
4.494e-01  3.299e-01  
4.402e-01  3.368e-01  
4.310e-01  3.437e-01  
4.220e-01  3.507e-01  
4.130e-01  3.576e-01  
4.041e-01  3.646e-01  
3.953e-01  3.715e-01  
3.866e-01  3.785e-01  
3.780e-01  3.855e-01  
3.695e-01  3.924e-01  
3.610e-01  3.994e-01  
3.526e-01  4.065e-01  
3.443e-01  4.135e-01  
3.360e-01  4.206e-01  
3.279e-01  4.277e-01  
3.197e-01  4.348e-01  
3.117e-01  4.420e-01  
3.037e-01  4.492e-01  
2.957e-01  4.565e-01  
2.878e-01  4.638e-01  
2.800e-01  4.712e-01  
2.722e-01  4.786e-01  
2.644e-01  4.861e-01  
2.567e-01  4.937e-01  
2.491e-01  5.013e-01  
2.414e-01  5.090e-01  
2.338e-01  5.168e-01  
2.263e-01  5.247e-01  
2.188e-01  5.326e-01  
2.113e-01  5.407e-01  
2.038e-01  5.489e-01  
1.963e-01  5.573e-01  
1.889e-01  5.657e-01  
1.815e-01  5.744e-01  
1.741e-01  5.831e-01  
1.667e-01  5.921e-01  
1.594e-01  6.012e-01  
1.520e-01  6.106e-01  
1.446e-01  6.201e-01  
1.373e-01  6.299e-01  
1.299e-01  6.400e-01  
1.225e-01  6.504e-01  
1.152e-01  6.612e-01  
1.077e-01  6.723e-01  
1.003e-01  6.838e-01  
9.285e-02  6.958e-01  
8.535e-02  7.084e-01  
7.781e-02  7.217e-01  
7.021e-02  7.357e-01  
6.254e-02  7.506e-01  
5.480e-02  7.666e-01  
4.696e-02  7.841e-01  
3.901e-02  8.034e-01  
3.090e-02  8.252e-01  
2.261e-02  8.508e-01  
1.406e-02  8.829e-01  
5.115e-03  9.309e-01  
