9.951e-01  2.496e-03  
4.951e-04  1.002e+00  
9.768e-01  7.412e-03  
9.654e-01  1.737e-02  
9.581e-01  2.747e-02  
9.523e-01  3.763e-02  
9.472e-01  4.797e-02  
7.687e-01  5.691e-02  
7.681e-01  5.694e-02  
7.575e-01  6.515e-02  
7.527e-01  7.385e-02  
7.490e-01  8.276e-02  
7.458e-01  9.183e-02  
7.430e-01  1.011e-01  
7.403e-01  1.106e-01  
7.379e-01  1.202e-01  
7.356e-01  1.301e-01  
7.333e-01  1.401e-01  
7.312e-01  1.503e-01  
7.290e-01  1.608e-01  
7.270e-01  1.715e-01  
7.250e-01  1.824e-01  
7.230e-01  1.935e-01  
7.210e-01  2.049e-01  
7.190e-01  2.165e-01  
5.355e-01  2.214e-01  
5.354e-01  2.214e-01  
5.354e-01  2.214e-01  
5.354e-01  2.214e-01  
5.355e-01  2.214e-01  
5.345e-01  2.214e-01  
5.260e-01  2.287e-01  
5.215e-01  2.379e-01  
5.180e-01  2.475e-01  
5.149e-01  2.577e-01  
5.121e-01  2.681e-01  
5.096e-01  2.790e-01  
5.072e-01  2.901e-01  
5.048e-01  3.018e-01  
5.025e-01  3.136e-01  
5.004e-01  3.259e-01  
4.982e-01  3.385e-01  
4.961e-01  3.515e-01  
4.940e-01  3.649e-01  
4.919e-01  3.787e-01  
4.898e-01  3.930e-01  
4.876e-01  4.077e-01  
4.855e-01  4.228e-01  
4.834e-01  4.385e-01  
4.812e-01  4.545e-01  
4.789e-01  4.712e-01  
4.767e-01  4.885e-01  
3.044e-01  4.941e-01  
3.044e-01  4.941e-01  
3.038e-01  4.941e-01  
3.045e-01  4.941e-01  
3.057e-01  4.941e-01  
3.045e-01  4.941e-01  
3.038e-01  4.941e-01  
3.038e-01  4.941e-01  
3.038e-01  4.941e-01  
3.057e-01  4.941e-01  
3.038e-01  4.941e-01  
2.954e-01  4.995e-01  
2.891e-01  5.106e-01  
2.838e-01  5.241e-01  
2.792e-01  5.392e-01  
2.749e-01  5.556e-01  
2.708e-01  5.731e-01  
2.668e-01  5.919e-01  
2.628e-01  6.117e-01  
2.589e-01  6.327e-01  
2.549e-01  6.548e-01  
2.508e-01  6.781e-01  
2.467e-01  7.025e-01  
2.423e-01  7.282e-01  
2.378e-01  7.549e-01  
2.330e-01  7.828e-01  
2.278e-01  8.116e-01  
2.223e-01  8.411e-01  
9.724e-02  8.573e-01  
9.745e-02  8.573e-01  
9.747e-02  8.573e-01  
9.747e-02  8.573e-01  
9.747e-02  8.573e-01  
9.731e-02  8.573e-01  
9.747e-02  8.573e-01  
9.731e-02  8.573e-01  
9.745e-02  8.573e-01  
9.745e-02  8.573e-01  
9.020e-02  8.573e-01  
8.179e-02  8.595e-01  
7.213e-02  8.680e-01  
6.286e-02  8.817e-01  
5.372e-02  8.992e-01  
4.452e-02  9.193e-01  
3.515e-02  9.409e-01  
2.552e-02  9.621e-01  
1.561e-02  9.813e-01  
5.493e-03  9.966e-01  
