2.454e+00  1.220e+00  
7.374e-01  1.271e+00  
7.654e-01  1.223e+00  
7.626e-01  1.223e+00  
7.626e-01  1.223e+00  
7.619e-01  1.223e+00  
7.617e-01  1.223e+00  
7.615e-01  1.224e+00  
7.614e-01  1.224e+00  
7.614e-01  1.224e+00  
7.614e-01  1.224e+00  
7.614e-01  1.224e+00  
7.614e-01  1.224e+00  
7.614e-01  1.224e+00  
7.610e-01  1.224e+00  
7.610e-01  1.224e+00  
7.606e-01  1.225e+00  
7.607e-01  1.225e+00  
7.607e-01  1.225e+00  
7.605e-01  1.225e+00  
7.604e-01  1.225e+00  
7.600e-01  1.225e+00  
7.599e-01  1.225e+00  
7.598e-01  1.225e+00  
7.597e-01  1.225e+00  
7.597e-01  1.225e+00  
7.596e-01  1.226e+00  
7.594e-01  1.226e+00  
7.594e-01  1.226e+00  
7.592e-01  1.226e+00  
7.592e-01  1.226e+00  
7.592e-01  1.226e+00  
7.591e-01  1.226e+00  
7.565e-01  1.229e+00  
7.564e-01  1.229e+00  
7.566e-01  1.229e+00  
7.557e-01  1.229e+00  
7.554e-01  1.229e+00  
7.551e-01  1.230e+00  
7.544e-01  1.231e+00  
7.544e-01  1.231e+00  
7.542e-01  1.231e+00  
7.542e-01  1.231e+00  
7.542e-01  1.231e+00  
7.542e-01  1.232e+00  
7.542e-01  1.232e+00  
7.542e-01  1.232e+00  
7.542e-01  1.232e+00  
7.542e-01  1.232e+00  
7.506e-01  1.235e+00  
7.514e-01  1.235e+00  
7.505e-01  1.235e+00  
7.499e-01  1.235e+00  
7.506e-01  1.235e+00  
7.506e-01  1.235e+00  
7.497e-01  1.235e+00  
7.497e-01  1.235e+00  
7.494e-01  1.236e+00  
7.490e-01  1.236e+00  
7.489e-01  1.236e+00  
7.489e-01  1.236e+00  
7.489e-01  1.236e+00  
7.489e-01  1.236e+00  
7.463e-01  1.239e+00  
7.463e-01  1.239e+00  
7.463e-01  1.239e+00  
7.463e-01  1.239e+00  
7.463e-01  1.239e+00  
7.462e-01  1.239e+00  
7.452e-01  1.240e+00  
7.452e-01  1.240e+00  
7.452e-01  1.240e+00  
7.451e-01  1.240e+00  
7.448e-01  1.241e+00  
7.448e-01  1.241e+00  
7.447e-01  1.241e+00  
7.446e-01  1.242e+00  
7.444e-01  1.244e+00  
7.443e-01  1.245e+00  
7.443e-01  1.245e+00  
7.443e-01  1.246e+00  
7.442e-01  1.249e+00  
7.442e-01  1.250e+00  
7.442e-01  1.250e+00  
7.442e-01  1.251e+00  
7.418e-01  1.259e+00  
7.421e-01  1.260e+00  
7.391e-01  1.259e+00  
7.418e-01  1.259e+00  
7.408e-01  1.257e+00  
7.391e-01  1.259e+00  
7.394e-01  1.260e+00  
7.394e-01  1.260e+00  
7.398e-01  1.262e+00  
7.387e-01  1.263e+00  
7.387e-01  1.263e+00  
7.379e-01  1.264e+00  
7.379e-01  1.264e+00  
7.368e-01  1.266e+00  
7.368e-01  1.266e+00  
