1.000e+00  4.419e-04  7.653e-05  
7.584e-05  1.000e+00  9.199e-05  
8.091e-05  4.232e-04  1.000e+00  
9.987e-01  3.732e-02  3.468e-02  
9.941e-01  1.054e-01  3.045e-02  
9.890e-01  4.641e-02  1.408e-01  
9.794e-01  2.009e-01  2.628e-02  
9.812e-01  9.575e-02  1.682e-01  
9.753e-01  1.904e-01  1.138e-01  
9.559e-01  3.992e-02  2.915e-01  
9.404e-01  3.400e-01  1.711e-02  
9.586e-01  1.761e-01  2.250e-01  
9.462e-01  2.962e-01  1.337e-01  
9.264e-01  8.382e-02  3.688e-01  
9.173e-01  3.912e-01  8.064e-02  
9.215e-01  1.608e-01  3.543e-01  
9.210e-01  3.081e-01  2.394e-01  
8.606e-01  3.419e-02  5.086e-01  
8.404e-01  5.424e-01  1.724e-02  
8.957e-01  2.945e-01  3.340e-01  
8.692e-01  4.616e-01  1.792e-01  
8.469e-01  1.421e-01  5.128e-01  
8.205e-01  5.626e-01  1.039e-01  
8.463e-01  2.467e-01  4.725e-01  
8.426e-01  4.454e-01  3.043e-01  
7.640e-01  6.377e-02  6.428e-01  
7.498e-01  6.588e-01  6.800e-02  
8.092e-01  3.317e-01  4.855e-01  
7.889e-01  5.451e-01  2.850e-01  
7.291e-01  1.224e-01  6.736e-01  
7.348e-01  6.539e-01  1.826e-01  
7.392e-01  2.429e-01  6.288e-01  
7.547e-01  4.923e-01  4.345e-01  
6.287e-01  2.281e-02  7.776e-01  
6.087e-01  7.941e-01  9.109e-04  
7.170e-01  4.777e-01  5.081e-01  
6.684e-01  7.000e-01  2.527e-01  
6.457e-01  2.224e-01  7.310e-01  
5.993e-01  7.910e-01  1.262e-01  
6.514e-01  3.716e-01  6.621e-01  
6.434e-01  6.450e-01  4.132e-01  
5.477e-01  1.012e-01  8.307e-01  
5.229e-01  8.503e-01  6.791e-02  
6.080e-01  4.682e-01  6.416e-01  
5.776e-01  7.341e-01  3.582e-01  
5.174e-01  1.701e-01  8.390e-01  
5.144e-01  8.315e-01  2.118e-01  
5.295e-01  3.303e-01  7.817e-01  
5.437e-01  6.467e-01  5.356e-01  
4.220e-01  4.088e-02  9.059e-01  
4.099e-01  9.117e-01  4.348e-02  
5.039e-01  5.515e-01  6.652e-01  
4.641e-01  8.165e-01  3.444e-01  
4.249e-01  2.232e-01  8.775e-01  
4.033e-01  8.971e-01  1.837e-01  
4.335e-01  3.942e-01  8.108e-01  
4.358e-01  7.275e-01  5.307e-01  
3.396e-01  7.909e-02  9.373e-01  
3.378e-01  9.347e-01  1.145e-01  
3.940e-01  4.964e-01  7.738e-01  
3.753e-01  8.088e-01  4.535e-01  
3.136e-01  1.527e-01  9.373e-01  
3.266e-01  9.042e-01  2.766e-01  
3.227e-01  3.222e-01  8.902e-01  
3.402e-01  6.859e-01  6.438e-01  
2.422e-01  1.231e-02  9.702e-01  
2.313e-01  9.733e-01  2.710e-03  
3.032e-01  6.639e-01  6.846e-01  
2.661e-01  9.110e-01  3.163e-01  
2.515e-01  2.950e-01  9.221e-01  
2.206e-01  9.646e-01  1.476e-01  
2.513e-01  4.861e-01  8.374e-01  
2.410e-01  8.251e-01  5.116e-01  
1.894e-01  1.294e-01  9.735e-01  
1.741e-01  9.831e-01  6.424e-02  
2.126e-01  5.884e-01  7.806e-01  
1.942e-01  8.878e-01  4.182e-01  
1.652e-01  2.102e-01  9.638e-01  
1.560e-01  9.608e-01  2.319e-01  
1.615e-01  3.954e-01  9.045e-01  
1.647e-01  7.696e-01  6.175e-01  
1.152e-01  5.744e-02  9.917e-01  
1.076e-01  9.941e-01  3.668e-02  
1.330e-01  6.445e-01  7.534e-01  
1.174e-01  9.205e-01  3.737e-01  
9.945e-02  2.571e-01  9.615e-01  
9.090e-02  9.777e-01  1.916e-01  
9.288e-02  4.498e-01  8.885e-01  
8.578e-02  8.143e-01  5.752e-01  
6.249e-02  9.349e-02  9.938e-01  
5.728e-02  9.927e-01  1.097e-01  
6.209e-02  5.519e-01  8.326e-01  
3.924e-02  8.789e-01  4.761e-01  
3.551e-02  1.719e-01  9.846e-01  
3.583e-02  9.598e-01  2.797e-01  
1.515e-02  3.525e-01  9.359e-01  
2.798e-03  7.399e-01  6.731e-01  
1.276e-02  2.389e-02  9.996e-01  
3.620e-04  1.000e+00  2.392e-02  
4.676e-05  6.736e-01  7.394e-01  
