3.249e+00  2.687e+00  1.824e+00  
1.792e+00  3.312e+00  2.720e+00  
3.209e+00  1.835e+00  2.282e+00  
2.473e+00  1.961e+00  3.038e+00  
3.477e+00  3.441e+00  1.764e+00  
3.131e+00  2.827e+00  2.232e+00  
1.973e+00  2.556e+00  2.789e+00  
3.401e+00  3.339e+00  1.904e+00  
1.982e+00  3.182e+00  2.265e+00  
2.848e+00  3.351e+00  2.052e+00  
2.262e+00  3.169e+00  1.586e+00  
2.963e+00  3.485e+00  1.752e+00  
1.976e+00  2.913e+00  2.088e+00  
2.840e+00  2.674e+00  2.806e+00  
2.570e+00  2.404e+00  3.237e+00  
2.744e+00  1.866e+00  3.103e+00  
2.091e+00  2.671e+00  2.319e+00  
3.406e+00  3.472e+00  1.928e+00  
3.313e+00  1.940e+00  2.642e+00  
3.123e+00  2.463e+00  1.967e+00  
2.955e+00  2.100e+00  1.785e+00  
2.694e+00  1.941e+00  2.348e+00  
3.229e+00  2.858e+00  2.157e+00  
3.115e+00  2.427e+00  2.181e+00  
2.161e+00  3.398e+00  2.086e+00  
2.872e+00  2.565e+00  1.850e+00  
3.298e+00  3.414e+00  1.670e+00  
3.391e+00  3.072e+00  2.196e+00  
3.051e+00  1.925e+00  3.076e+00  
3.219e+00  3.233e+00  1.791e+00  
2.982e+00  3.398e+00  1.666e+00  
2.808e+00  2.266e+00  2.457e+00  
3.411e+00  2.486e+00  1.730e+00  
3.344e+00  3.106e+00  1.328e+00  
3.487e+00  2.827e+00  1.882e+00  
2.687e+00  2.672e+00  1.482e+00  
3.405e+00  1.451e+00  3.127e+00  
1.973e+00  2.410e+00  2.973e+00  
2.200e+00  2.450e+00  2.691e+00  
3.288e+00  3.452e+00  1.205e+00  
3.402e+00  3.410e+00  1.783e+00  
2.190e+00  3.318e+00  2.113e+00  
3.289e+00  2.251e+00  2.348e+00  
3.294e+00  3.484e+00  1.447e+00  
3.008e+00  3.138e+00  1.711e+00  
2.004e+00  3.328e+00  3.223e+00  
3.443e+00  2.584e+00  2.249e+00  
1.642e+00  3.314e+00  2.321e+00  
2.809e+00  2.523e+00  2.311e+00  
1.604e+00  2.994e+00  3.263e+00  
2.042e+00  2.732e+00  2.448e+00  
2.914e+00  2.068e+00  2.468e+00  
1.873e+00  2.913e+00  3.486e+00  
3.440e+00  3.276e+00  1.442e+00  
3.213e+00  1.673e+00  2.576e+00  
2.843e+00  2.100e+00  3.038e+00  
2.781e+00  2.652e+00  2.047e+00  
2.010e+00  2.709e+00  2.139e+00  
2.670e+00  2.336e+00  1.968e+00  
2.934e+00  2.534e+00  2.046e+00  
2.043e+00  3.423e+00  2.730e+00  
2.069e+00  2.870e+00  2.416e+00  
2.216e+00  3.245e+00  2.871e+00  
1.746e+00  2.888e+00  2.407e+00  
2.365e+00  3.227e+00  2.363e+00  
1.778e+00  3.301e+00  2.896e+00  
3.495e+00  3.498e+00  1.550e+00  
1.886e+00  2.938e+00  2.208e+00  
3.042e+00  2.581e+00  1.951e+00  
2.211e+00  3.265e+00  2.645e+00  
3.323e+00  3.144e+00  1.551e+00  
2.435e+00  2.048e+00  3.369e+00  
2.534e+00  2.073e+00  2.740e+00  
2.027e+00  2.802e+00  2.490e+00  
3.449e+00  3.077e+00  2.042e+00  
2.491e+00  2.241e+00  2.595e+00  
2.805e+00  2.558e+00  2.237e+00  
2.684e+00  2.021e+00  2.993e+00  
1.997e+00  3.176e+00  2.877e+00  
1.903e+00  2.715e+00  2.318e+00  
1.823e+00  2.862e+00  3.050e+00  
3.020e+00  2.080e+00  2.601e+00  
2.177e+00  3.408e+00  1.880e+00  
3.205e+00  1.950e+00  2.320e+00  
3.259e+00  3.192e+00  1.529e+00  
3.245e+00  2.074e+00  2.996e+00  
2.895e+00  3.365e+00  2.004e+00  
2.903e+00  2.034e+00  2.839e+00  
3.101e+00  1.626e+00  2.766e+00  
2.315e+00  2.497e+00  3.007e+00  
1.846e+00  2.304e+00  3.000e+00  
3.371e+00  2.487e+00  2.364e+00  
3.146e+00  3.496e+00  2.055e+00  
2.551e+00  2.939e+00  1.806e+00  
2.508e+00  2.292e+00  2.982e+00  
2.635e+00  2.268e+00  2.484e+00  
3.487e+00  3.031e+00  1.476e+00  
2.520e+00  2.278e+00  2.983e+00  
2.362e+00  2.606e+00  2.304e+00  
1.840e+00  2.492e+00  3.059e+00  
3.500e+00  1.025e+00  1.025e+00  
1.025e+00  3.500e+00  1.025e+00  
1.025e+00  1.025e+00  3.500e+00  
3.500e+00  1.025e+00  1.025e+00  
3.500e+00  1.628e+00  5.427e-01  
3.500e+00  5.427e-01  1.628e+00  
3.500e+00  2.087e+00  2.981e-01  
3.496e+00  7.790e-01  1.299e+00  
3.500e+00  1.299e+00  7.791e-01  
3.494e+00  2.981e-01  2.087e+00  
3.500e+00  2.444e+00  1.630e-01  
3.500e+00  8.999e-01  1.157e+00  
3.496e+00  1.453e+00  6.607e-01  
3.500e+00  4.228e-01  1.832e+00  
3.500e+00  1.832e+00  4.228e-01  
3.500e+00  6.606e-01  1.454e+00  
3.449e+00  1.157e+00  9.007e-01  
3.499e+00  1.629e-01  2.445e+00  
3.498e+00  2.721e+00  8.783e-02  
2.997e+00  9.857e-01  1.118e+00  
2.981e+00  1.582e+00  6.189e-01  
2.946e+00  4.998e-01  1.785e+00  
2.951e+00  2.023e+00  3.746e-01  
2.645e+00  7.740e-01  1.478e+00  
2.540e+00  1.341e+00  9.178e-01  
2.849e+00  2.426e-01  2.398e+00  
2.763e+00  2.427e+00  2.512e-01  
2.331e+00  9.569e-01  1.399e+00  
2.295e+00  1.585e+00  8.299e-01  
2.424e+00  4.154e-01  2.244e+00  
2.282e+00  2.029e+00  5.670e-01  
2.165e+00  7.211e-01  1.843e+00  
2.038e+00  1.326e+00  1.179e+00  
2.668e+00  1.061e-01  3.300e+00  
2.860e+00  3.484e+00  5.911e-02  
1.894e+00  1.261e+00  1.342e+00  
1.940e+00  2.027e+00  7.344e-01  
1.926e+00  6.669e-01  2.179e+00  
2.027e+00  2.667e+00  4.364e-01  
1.753e+00  9.999e-01  1.784e+00  
1.703e+00  1.703e+00  1.094e+00  
2.000e+00  3.724e-01  3.033e+00  
2.107e+00  3.425e+00  2.902e-01  
1.583e+00  1.219e+00  1.664e+00  
1.581e+00  2.009e+00  9.813e-01  
1.715e+00  5.762e-01  2.782e+00  
1.631e+00  2.635e+00  6.704e-01  
1.499e+00  9.338e-01  2.212e+00  
1.402e+00  1.667e+00  1.381e+00  
2.237e+00  2.360e-01  3.500e+00  
2.220e+00  3.495e+00  2.426e-01  
1.307e+00  1.430e+00  1.724e+00  
1.340e+00  2.356e+00  9.947e-01  
1.417e+00  7.460e-01  2.927e+00  
1.456e+00  3.238e+00  6.710e-01  
1.229e+00  1.123e+00  2.299e+00  
1.162e+00  1.939e+00  1.415e+00  
1.825e+00  4.268e-01  3.500e+00  
1.618e+00  3.500e+00  5.493e-01  
1.085e+00  1.367e+00  2.133e+00  
1.072e+00  2.296e+00  1.285e+00  
1.413e+00  6.904e-01  3.500e+00  
1.128e+00  3.119e+00  9.549e-01  
1.060e+00  1.057e+00  2.926e+00  
9.314e-01  1.877e+00  1.763e+00  
2.465e+00  1.567e-01  3.500e+00  
2.713e+00  3.500e+00  8.974e-02  
8.536e-01  1.850e+00  1.913e+00  
9.448e-01  3.231e+00  1.123e+00  
9.482e-01  1.105e+00  3.451e+00  
1.239e+00  3.500e+00  8.281e-01  
7.764e-01  1.501e+00  2.586e+00  
7.442e-01  2.533e+00  1.571e+00  
1.232e+00  8.344e-01  3.500e+00  
1.489e+00  3.493e+00  6.355e-01  
6.511e-01  1.798e+00  2.387e+00  
6.803e-01  3.108e+00  1.464e+00  
9.044e-01  1.152e+00  3.481e+00  
8.385e-01  3.498e+00  1.227e+00  
6.234e-01  1.507e+00  3.439e+00  
5.265e-01  2.460e+00  1.975e+00  
1.411e+00  6.916e-01  3.500e+00  
1.564e+00  3.479e+00  5.841e-01  
4.496e-01  2.119e+00  2.481e+00  
5.224e-01  3.500e+00  1.660e+00  
6.099e-01  1.526e+00  3.500e+00  
6.780e-01  3.498e+00  1.430e+00  
3.990e-01  1.877e+00  3.500e+00  
3.314e-01  2.981e+00  2.107e+00  
8.402e-01  1.225e+00  3.500e+00  
7.172e-01  3.500e+00  1.377e+00  
2.583e-01  2.194e+00  3.312e+00  
2.555e-01  3.500e+00  2.187e+00  
4.318e-01  1.816e+00  3.500e+00  
2.785e-01  3.499e+00  2.132e+00  
2.041e-01  2.322e+00  3.500e+00  
1.077e-01  3.042e+00  2.770e+00  
7.492e-01  1.336e+00  3.500e+00  
5.431e-01  3.500e+00  1.627e+00  
1.713e-02  3.156e+00  3.466e+00  
3.500e+00  1.025e+00  1.025e+00  
1.025e+00  3.500e+00  1.025e+00  
1.025e+00  1.025e+00  3.500e+00  
3.500e+00  1.025e+00  1.025e+00  
3.500e+00  1.628e+00  5.427e-01  
3.500e+00  5.427e-01  1.628e+00  
3.500e+00  2.087e+00  2.981e-01  
3.500e+00  7.791e-01  1.298e+00  
3.500e+00  1.298e+00  7.791e-01  
3.500e+00  2.981e-01  2.087e+00  
3.500e+00  2.444e+00  1.630e-01  
3.500e+00  8.999e-01  1.157e+00  
3.500e+00  1.453e+00  6.607e-01  
3.500e+00  4.228e-01  1.832e+00  
3.500e+00  1.832e+00  4.228e-01  
3.500e+00  6.607e-01  1.453e+00  
3.449e+00  1.157e+00  9.007e-01  
3.500e+00  1.630e-01  2.444e+00  
3.500e+00  2.721e+00  8.771e-02  
2.997e+00  9.857e-01  1.118e+00  
2.980e+00  1.582e+00  6.189e-01  
2.946e+00  4.998e-01  1.785e+00  
2.950e+00  2.023e+00  3.747e-01  
2.645e+00  7.740e-01  1.478e+00  
2.540e+00  1.341e+00  9.178e-01  
2.848e+00  2.427e-01  2.398e+00  
2.763e+00  2.427e+00  2.512e-01  
2.331e+00  9.569e-01  1.399e+00  
2.295e+00  1.585e+00  8.301e-01  
2.424e+00  4.154e-01  2.244e+00  
2.281e+00  2.030e+00  5.670e-01  
2.165e+00  7.211e-01  1.843e+00  
2.035e+00  1.332e+00  1.175e+00  
2.667e+00  1.064e-01  3.299e+00  
2.860e+00  3.500e+00  5.910e-02  
1.894e+00  1.261e+00  1.342e+00  
1.939e+00  2.029e+00  7.341e-01  
1.926e+00  6.670e-01  2.179e+00  
2.027e+00  2.667e+00  4.364e-01  
1.753e+00  9.999e-01  1.784e+00  
1.703e+00  1.703e+00  1.094e+00  
2.000e+00  3.724e-01  3.033e+00  
2.107e+00  3.425e+00  2.902e-01  
1.583e+00  1.219e+00  1.664e+00  
1.581e+00  2.009e+00  9.812e-01  
1.715e+00  5.769e-01  2.781e+00  
1.630e+00  2.633e+00  6.712e-01  
1.499e+00  9.339e-01  2.212e+00  
1.402e+00  1.667e+00  1.381e+00  
2.237e+00  2.360e-01  3.500e+00  
2.220e+00  3.500e+00  2.425e-01  
1.306e+00  1.429e+00  1.725e+00  
1.340e+00  2.356e+00  9.947e-01  
1.417e+00  7.460e-01  2.927e+00  
1.456e+00  3.238e+00  6.710e-01  
1.229e+00  1.123e+00  2.299e+00  
1.162e+00  1.939e+00  1.415e+00  
1.825e+00  4.268e-01  3.500e+00  
1.618e+00  3.500e+00  5.493e-01  
1.085e+00  1.367e+00  2.133e+00  
1.072e+00  2.296e+00  1.285e+00  
1.413e+00  6.904e-01  3.500e+00  
1.128e+00  3.119e+00  9.549e-01  
1.060e+00  1.057e+00  2.926e+00  
9.313e-01  1.877e+00  1.763e+00  
2.465e+00  1.567e-01  3.500e+00  
2.712e+00  3.500e+00  8.979e-02  
8.536e-01  1.850e+00  1.913e+00  
9.450e-01  3.232e+00  1.123e+00  
9.481e-01  1.105e+00  3.439e+00  
1.239e+00  3.500e+00  8.281e-01  
7.764e-01  1.501e+00  2.586e+00  
7.444e-01  2.533e+00  1.571e+00  
1.232e+00  8.344e-01  3.500e+00  
1.489e+00  3.500e+00  6.354e-01  
6.537e-01  1.794e+00  2.387e+00  
6.802e-01  3.107e+00  1.464e+00  
9.044e-01  1.152e+00  3.500e+00  
8.385e-01  3.500e+00  1.227e+00  
6.234e-01  1.507e+00  3.439e+00  
5.266e-01  2.460e+00  1.975e+00  
1.411e+00  6.916e-01  3.500e+00  
1.564e+00  3.498e+00  5.841e-01  
4.496e-01  2.119e+00  2.481e+00  
5.224e-01  3.500e+00  1.660e+00  
6.099e-01  1.526e+00  3.500e+00  
6.780e-01  3.500e+00  1.430e+00  
3.990e-01  1.877e+00  3.500e+00  
3.314e-01  2.981e+00  2.107e+00  
8.403e-01  1.225e+00  3.493e+00  
7.172e-01  3.500e+00  1.377e+00  
2.582e-01  2.194e+00  3.312e+00  
2.555e-01  3.500e+00  2.187e+00  
4.318e-01  1.816e+00  3.500e+00  
2.786e-01  3.500e+00  2.132e+00  
2.041e-01  2.322e+00  3.500e+00  
1.078e-01  3.042e+00  2.770e+00  
7.491e-01  1.336e+00  3.500e+00  
5.431e-01  3.500e+00  1.627e+00  
1.713e-02  3.156e+00  3.466e+00  
3.500e+00  1.025e+00  1.025e+00  
1.025e+00  3.500e+00  1.025e+00  
1.025e+00  1.025e+00  3.500e+00  
3.500e+00  1.025e+00  1.025e+00  
3.500e+00  1.628e+00  5.427e-01  
3.500e+00  5.427e-01  1.628e+00  
3.500e+00  2.087e+00  2.981e-01  
3.500e+00  7.791e-01  1.298e+00  
3.500e+00  1.298e+00  7.791e-01  
3.500e+00  2.981e-01  2.087e+00  
3.500e+00  2.444e+00  1.630e-01  
3.500e+00  8.999e-01  1.157e+00  
3.500e+00  1.453e+00  6.607e-01  
3.500e+00  4.228e-01  1.832e+00  
3.500e+00  1.832e+00  4.228e-01  
3.500e+00  6.607e-01  1.453e+00  
3.441e+00  1.158e+00  9.001e-01  
3.500e+00  1.630e-01  2.444e+00  
3.500e+00  2.721e+00  8.771e-02  
2.997e+00  9.857e-01  1.118e+00  
2.980e+00  1.582e+00  6.189e-01  
2.946e+00  4.998e-01  1.785e+00  
2.950e+00  2.023e+00  3.747e-01  
2.645e+00  7.740e-01  1.478e+00  
2.540e+00  1.341e+00  9.178e-01  
2.848e+00  2.427e-01  2.398e+00  
2.763e+00  2.427e+00  2.512e-01  
2.331e+00  9.569e-01  1.399e+00  
2.295e+00  1.585e+00  8.300e-01  
2.425e+00  4.154e-01  2.243e+00  
2.281e+00  2.030e+00  5.670e-01  
2.165e+00  7.211e-01  1.843e+00  
2.035e+00  1.332e+00  1.175e+00  
2.667e+00  1.064e-01  3.299e+00  
2.860e+00  3.500e+00  5.910e-02  
1.894e+00  1.261e+00  1.342e+00  
1.939e+00  2.029e+00  7.341e-01  
1.926e+00  6.670e-01  2.179e+00  
2.027e+00  2.667e+00  4.364e-01  
1.753e+00  9.999e-01  1.784e+00  
1.703e+00  1.703e+00  1.094e+00  
2.000e+00  3.724e-01  3.033e+00  
2.107e+00  3.425e+00  2.902e-01  
1.583e+00  1.219e+00  1.664e+00  
1.581e+00  2.009e+00  9.811e-01  
1.715e+00  5.769e-01  2.781e+00  
1.630e+00  2.633e+00  6.712e-01  
1.499e+00  9.339e-01  2.212e+00  
1.402e+00  1.667e+00  1.381e+00  
2.237e+00  2.360e-01  3.500e+00  
2.220e+00  3.500e+00  2.425e-01  
1.306e+00  1.429e+00  1.725e+00  
1.340e+00  2.356e+00  9.947e-01  
1.417e+00  7.460e-01  2.927e+00  
1.456e+00  3.238e+00  6.710e-01  
1.229e+00  1.123e+00  2.299e+00  
1.162e+00  1.939e+00  1.415e+00  
1.825e+00  4.268e-01  3.500e+00  
1.618e+00  3.500e+00  5.493e-01  
1.085e+00  1.367e+00  2.133e+00  
1.072e+00  2.296e+00  1.285e+00  
1.413e+00  6.904e-01  3.500e+00  
1.128e+00  3.119e+00  9.549e-01  
1.059e+00  1.058e+00  2.926e+00  
9.314e-01  1.877e+00  1.763e+00  
2.465e+00  1.567e-01  3.500e+00  
2.712e+00  3.500e+00  8.979e-02  
8.486e-01  1.855e+00  1.915e+00  
9.450e-01  3.232e+00  1.123e+00  
9.478e-01  1.105e+00  3.459e+00  
1.239e+00  3.500e+00  8.281e-01  
7.764e-01  1.501e+00  2.586e+00  
7.444e-01  2.533e+00  1.571e+00  
1.232e+00  8.344e-01  3.500e+00  
1.489e+00  3.500e+00  6.354e-01  
6.552e-01  1.795e+00  2.381e+00  
6.802e-01  3.107e+00  1.464e+00  
9.044e-01  1.152e+00  3.500e+00  
8.385e-01  3.500e+00  1.227e+00  
6.234e-01  1.507e+00  3.438e+00  
5.266e-01  2.460e+00  1.975e+00  
1.411e+00  6.916e-01  3.500e+00  
1.564e+00  3.500e+00  5.841e-01  
4.496e-01  2.119e+00  2.481e+00  
5.224e-01  3.500e+00  1.660e+00  
6.099e-01  1.526e+00  3.500e+00  
6.780e-01  3.500e+00  1.430e+00  
3.990e-01  1.877e+00  3.500e+00  
3.314e-01  2.981e+00  2.107e+00  
8.403e-01  1.225e+00  3.500e+00  
7.172e-01  3.500e+00  1.377e+00  
2.582e-01  2.194e+00  3.312e+00  
2.555e-01  3.500e+00  2.187e+00  
4.317e-01  1.816e+00  3.500e+00  
2.786e-01  3.500e+00  2.132e+00  
2.041e-01  2.322e+00  3.500e+00  
1.078e-01  3.042e+00  2.770e+00  
7.491e-01  1.336e+00  3.500e+00  
5.431e-01  3.500e+00  1.627e+00  
1.713e-02  3.156e+00  3.466e+00  
3.500e+00  1.025e+00  1.025e+00  
1.025e+00  3.500e+00  1.025e+00  
1.025e+00  1.025e+00  3.500e+00  
3.500e+00  1.025e+00  1.025e+00  
3.500e+00  1.628e+00  5.427e-01  
3.500e+00  5.427e-01  1.628e+00  
3.500e+00  2.087e+00  2.981e-01  
3.500e+00  7.791e-01  1.298e+00  
3.500e+00  1.298e+00  7.791e-01  
3.500e+00  2.981e-01  2.087e+00  
3.500e+00  2.444e+00  1.630e-01  
3.500e+00  8.999e-01  1.157e+00  
3.500e+00  1.453e+00  6.607e-01  
3.500e+00  4.228e-01  1.832e+00  
3.500e+00  1.832e+00  4.228e-01  
3.500e+00  6.607e-01  1.453e+00  
3.441e+00  1.158e+00  9.001e-01  
3.500e+00  1.630e-01  2.444e+00  
3.500e+00  2.721e+00  8.771e-02  
2.996e+00  9.861e-01  1.118e+00  
2.980e+00  1.582e+00  6.189e-01  
2.946e+00  4.998e-01  1.785e+00  
2.950e+00  2.023e+00  3.747e-01  
2.645e+00  7.740e-01  1.478e+00  
2.540e+00  1.341e+00  9.178e-01  
2.842e+00  2.455e-01  2.393e+00  
2.763e+00  2.427e+00  2.512e-01  
2.331e+00  9.569e-01  1.399e+00  
2.295e+00  1.585e+00  8.300e-01  
2.425e+00  4.154e-01  2.243e+00  
2.281e+00  2.030e+00  5.670e-01  
2.165e+00  7.211e-01  1.843e+00  
2.038e+00  1.331e+00  1.175e+00  
2.668e+00  1.064e-01  3.299e+00  
2.860e+00  3.500e+00  5.910e-02  
1.894e+00  1.261e+00  1.342e+00  
1.939e+00  2.029e+00  7.341e-01  
1.926e+00  6.670e-01  2.179e+00  
2.027e+00  2.667e+00  4.364e-01  
1.753e+00  9.999e-01  1.784e+00  
1.703e+00  1.703e+00  1.094e+00  
2.000e+00  3.725e-01  3.033e+00  
2.107e+00  3.425e+00  2.902e-01  
1.580e+00  1.216e+00  1.670e+00  
1.581e+00  2.009e+00  9.811e-01  
1.715e+00  5.771e-01  2.779e+00  
1.630e+00  2.633e+00  6.712e-01  
1.499e+00  9.339e-01  2.212e+00  
1.402e+00  1.667e+00  1.381e+00  
2.237e+00  2.360e-01  3.500e+00  
2.220e+00  3.500e+00  2.425e-01  
1.306e+00  1.429e+00  1.725e+00  
1.340e+00  2.356e+00  9.947e-01  
1.417e+00  7.460e-01  2.927e+00  
1.456e+00  3.238e+00  6.710e-01  
1.229e+00  1.123e+00  2.299e+00  
1.162e+00  1.939e+00  1.415e+00  
1.825e+00  4.268e-01  3.500e+00  
1.618e+00  3.500e+00  5.493e-01  
1.085e+00  1.367e+00  2.133e+00  
1.072e+00  2.289e+00  1.289e+00  
1.413e+00  6.904e-01  3.500e+00  
1.128e+00  3.119e+00  9.549e-01  
1.059e+00  1.058e+00  2.926e+00  
9.314e-01  1.877e+00  1.763e+00  
2.465e+00  1.567e-01  3.500e+00  
2.712e+00  3.500e+00  8.979e-02  
8.521e-01  1.855e+00  1.909e+00  
9.450e-01  3.232e+00  1.123e+00  
9.480e-01  1.105e+00  3.452e+00  
1.239e+00  3.500e+00  8.281e-01  
7.764e-01  1.501e+00  2.586e+00  
7.444e-01  2.533e+00  1.571e+00  
1.232e+00  8.344e-01  3.500e+00  
1.489e+00  3.500e+00  6.354e-01  
6.545e-01  1.796e+00  2.383e+00  
6.802e-01  3.107e+00  1.464e+00  
9.044e-01  1.152e+00  3.500e+00  
8.385e-01  3.500e+00  1.227e+00  
6.234e-01  1.507e+00  3.439e+00  
5.266e-01  2.460e+00  1.975e+00  
1.411e+00  6.916e-01  3.500e+00  
1.564e+00  3.500e+00  5.841e-01  
4.496e-01  2.119e+00  2.481e+00  
5.224e-01  3.500e+00  1.660e+00  
6.099e-01  1.526e+00  3.500e+00  
6.780e-01  3.500e+00  1.430e+00  
3.990e-01  1.877e+00  3.500e+00  
3.314e-01  2.981e+00  2.107e+00  
8.403e-01  1.225e+00  3.500e+00  
7.172e-01  3.500e+00  1.377e+00  
2.582e-01  2.194e+00  3.312e+00  
2.555e-01  3.500e+00  2.187e+00  
4.317e-01  1.816e+00  3.500e+00  
2.786e-01  3.500e+00  2.132e+00  
2.041e-01  2.322e+00  3.500e+00  
1.078e-01  3.042e+00  2.770e+00  
7.491e-01  1.336e+00  3.500e+00  
5.431e-01  3.500e+00  1.627e+00  
1.713e-02  3.156e+00  3.466e+00  
3.500e+00  1.025e+00  1.025e+00  
1.025e+00  3.500e+00  1.025e+00  
1.025e+00  1.025e+00  3.500e+00  
3.500e+00  1.025e+00  1.025e+00  
3.500e+00  1.628e+00  5.427e-01  
3.500e+00  5.427e-01  1.628e+00  
3.500e+00  2.087e+00  2.981e-01  
3.500e+00  7.791e-01  1.298e+00  
3.500e+00  1.298e+00  7.791e-01  
3.500e+00  2.981e-01  2.087e+00  
3.500e+00  2.444e+00  1.630e-01  
3.500e+00  8.999e-01  1.157e+00  
3.500e+00  1.453e+00  6.607e-01  
3.500e+00  4.228e-01  1.832e+00  
3.500e+00  1.832e+00  4.228e-01  
3.500e+00  6.607e-01  1.453e+00  
3.441e+00  1.158e+00  9.001e-01  
3.500e+00  1.630e-01  2.444e+00  
3.500e+00  2.721e+00  8.772e-02  
2.996e+00  9.861e-01  1.118e+00  
2.980e+00  1.582e+00  6.189e-01  
2.946e+00  4.998e-01  1.785e+00  
2.950e+00  2.023e+00  3.747e-01  
2.645e+00  7.741e-01  1.478e+00  
2.540e+00  1.341e+00  9.178e-01  
2.836e+00  2.473e-01  2.391e+00  
2.764e+00  2.428e+00  2.507e-01  
2.331e+00  9.569e-01  1.399e+00  
2.295e+00  1.585e+00  8.300e-01  
2.425e+00  4.154e-01  2.243e+00  
2.281e+00  2.030e+00  5.670e-01  
2.165e+00  7.211e-01  1.843e+00  
2.038e+00  1.331e+00  1.175e+00  
2.667e+00  1.064e-01  3.299e+00  
2.860e+00  3.500e+00  5.910e-02  
1.894e+00  1.261e+00  1.342e+00  
1.939e+00  2.029e+00  7.341e-01  
1.926e+00  6.669e-01  2.179e+00  
2.027e+00  2.667e+00  4.364e-01  
1.753e+00  9.999e-01  1.784e+00  
1.703e+00  1.703e+00  1.094e+00  
2.000e+00  3.725e-01  3.033e+00  
2.107e+00  3.425e+00  2.902e-01  
1.580e+00  1.216e+00  1.670e+00  
1.581e+00  2.009e+00  9.811e-01  
1.715e+00  5.771e-01  2.779e+00  
1.630e+00  2.633e+00  6.712e-01  
1.499e+00  9.339e-01  2.212e+00  
1.402e+00  1.667e+00  1.381e+00  
2.237e+00  2.360e-01  3.500e+00  
2.220e+00  3.500e+00  2.425e-01  
1.306e+00  1.429e+00  1.725e+00  
1.340e+00  2.356e+00  9.948e-01  
1.417e+00  7.460e-01  2.927e+00  
1.456e+00  3.238e+00  6.710e-01  
1.229e+00  1.123e+00  2.299e+00  
1.162e+00  1.939e+00  1.415e+00  
1.825e+00  4.268e-01  3.500e+00  
1.618e+00  3.500e+00  5.493e-01  
1.085e+00  1.367e+00  2.133e+00  
1.070e+00  2.294e+00  1.289e+00  
1.413e+00  6.906e-01  3.500e+00  
1.128e+00  3.119e+00  9.549e-01  
1.059e+00  1.058e+00  2.926e+00  
9.314e-01  1.877e+00  1.763e+00  
2.465e+00  1.567e-01  3.500e+00  
2.712e+00  3.500e+00  8.979e-02  
8.513e-01  1.853e+00  1.912e+00  
9.450e-01  3.232e+00  1.123e+00  
9.480e-01  1.105e+00  3.452e+00  
1.239e+00  3.500e+00  8.281e-01  
7.764e-01  1.501e+00  2.586e+00  
7.444e-01  2.533e+00  1.571e+00  
1.232e+00  8.345e-01  3.500e+00  
1.489e+00  3.500e+00  6.354e-01  
6.545e-01  1.796e+00  2.383e+00  
6.802e-01  3.107e+00  1.464e+00  
9.044e-01  1.152e+00  3.500e+00  
8.385e-01  3.500e+00  1.227e+00  
6.234e-01  1.507e+00  3.439e+00  
5.266e-01  2.460e+00  1.975e+00  
1.411e+00  6.916e-01  3.500e+00  
1.564e+00  3.500e+00  5.841e-01  
4.496e-01  2.119e+00  2.481e+00  
5.224e-01  3.500e+00  1.660e+00  
6.099e-01  1.526e+00  3.500e+00  
6.780e-01  3.500e+00  1.430e+00  
3.990e-01  1.877e+00  3.500e+00  
3.314e-01  2.981e+00  2.107e+00  
8.403e-01  1.225e+00  3.500e+00  
7.172e-01  3.500e+00  1.377e+00  
2.583e-01  2.194e+00  3.312e+00  
2.554e-01  3.500e+00  2.187e+00  
4.317e-01  1.816e+00  3.500e+00  
2.786e-01  3.500e+00  2.132e+00  
2.041e-01  2.322e+00  3.500e+00  
1.078e-01  3.042e+00  2.770e+00  
7.491e-01  1.336e+00  3.500e+00  
5.431e-01  3.500e+00  1.627e+00  
1.713e-02  3.156e+00  3.466e+00  
3.500e+00  1.025e+00  1.025e+00  
1.025e+00  3.500e+00  1.025e+00  
1.025e+00  1.025e+00  3.500e+00  
3.500e+00  1.025e+00  1.025e+00  
3.500e+00  1.628e+00  5.427e-01  
3.500e+00  5.427e-01  1.628e+00  
3.500e+00  2.087e+00  2.981e-01  
3.500e+00  7.791e-01  1.298e+00  
3.500e+00  1.298e+00  7.791e-01  
3.500e+00  2.981e-01  2.087e+00  
3.500e+00  2.444e+00  1.630e-01  
3.500e+00  8.999e-01  1.157e+00  
3.500e+00  1.453e+00  6.607e-01  
3.500e+00  4.228e-01  1.832e+00  
3.500e+00  1.832e+00  4.228e-01  
3.500e+00  6.607e-01  1.453e+00  
3.448e+00  1.157e+00  9.001e-01  
3.500e+00  1.630e-01  2.444e+00  
3.500e+00  2.721e+00  8.772e-02  
2.996e+00  9.861e-01  1.118e+00  
2.980e+00  1.582e+00  6.189e-01  
2.946e+00  4.998e-01  1.785e+00  
2.950e+00  2.023e+00  3.747e-01  
2.645e+00  7.741e-01  1.478e+00  
2.539e+00  1.341e+00  9.178e-01  
2.836e+00  2.473e-01  2.391e+00  
2.764e+00  2.428e+00  2.507e-01  
2.331e+00  9.568e-01  1.399e+00  
2.295e+00  1.585e+00  8.300e-01  
2.427e+00  4.149e-01  2.242e+00  
2.281e+00  2.030e+00  5.670e-01  
2.165e+00  7.210e-01  1.843e+00  
2.038e+00  1.331e+00  1.175e+00  
2.667e+00  1.064e-01  3.299e+00  
2.860e+00  3.500e+00  5.910e-02  
1.894e+00  1.261e+00  1.342e+00  
1.939e+00  2.029e+00  7.341e-01  
1.926e+00  6.669e-01  2.179e+00  
2.027e+00  2.667e+00  4.364e-01  
1.753e+00  9.999e-01  1.784e+00  
1.703e+00  1.703e+00  1.094e+00  
2.000e+00  3.725e-01  3.033e+00  
2.107e+00  3.425e+00  2.902e-01  
1.580e+00  1.216e+00  1.670e+00  
1.581e+00  2.009e+00  9.811e-01  
1.715e+00  5.771e-01  2.780e+00  
1.630e+00  2.633e+00  6.712e-01  
1.499e+00  9.339e-01  2.212e+00  
1.402e+00  1.667e+00  1.381e+00  
2.237e+00  2.360e-01  3.500e+00  
2.220e+00  3.500e+00  2.425e-01  
1.306e+00  1.429e+00  1.725e+00  
1.340e+00  2.356e+00  9.948e-01  
1.417e+00  7.460e-01  2.927e+00  
1.456e+00  3.238e+00  6.710e-01  
1.229e+00  1.123e+00  2.299e+00  
1.162e+00  1.939e+00  1.415e+00  
1.825e+00  4.268e-01  3.500e+00  
1.618e+00  3.500e+00  5.494e-01  
1.085e+00  1.367e+00  2.133e+00  
1.070e+00  2.294e+00  1.289e+00  
1.413e+00  6.906e-01  3.500e+00  
1.128e+00  3.119e+00  9.549e-01  
1.059e+00  1.058e+00  2.926e+00  
9.314e-01  1.877e+00  1.763e+00  
2.465e+00  1.567e-01  3.500e+00  
2.712e+00  3.500e+00  8.979e-02  
8.513e-01  1.853e+00  1.912e+00  
9.449e-01  3.233e+00  1.123e+00  
9.480e-01  1.105e+00  3.454e+00  
1.239e+00  3.500e+00  8.281e-01  
7.764e-01  1.501e+00  2.586e+00  
7.444e-01  2.533e+00  1.571e+00  
1.232e+00  8.345e-01  3.500e+00  
1.489e+00  3.500e+00  6.354e-01  
6.546e-01  1.795e+00  2.383e+00  
6.802e-01  3.107e+00  1.464e+00  
9.044e-01  1.152e+00  3.500e+00  
8.385e-01  3.500e+00  1.227e+00  
6.234e-01  1.507e+00  3.439e+00  
5.266e-01  2.460e+00  1.975e+00  
1.411e+00  6.916e-01  3.500e+00  
1.564e+00  3.500e+00  5.841e-01  
4.496e-01  2.119e+00  2.481e+00  
5.224e-01  3.500e+00  1.660e+00  
6.099e-01  1.526e+00  3.500e+00  
6.780e-01  3.500e+00  1.430e+00  
3.990e-01  1.877e+00  3.500e+00  
3.314e-01  2.981e+00  2.107e+00  
8.403e-01  1.225e+00  3.500e+00  
7.172e-01  3.500e+00  1.377e+00  
2.583e-01  2.194e+00  3.312e+00  
2.554e-01  3.500e+00  2.187e+00  
4.317e-01  1.816e+00  3.500e+00  
2.786e-01  3.500e+00  2.132e+00  
2.041e-01  2.322e+00  3.500e+00  
1.078e-01  3.042e+00  2.770e+00  
7.491e-01  1.336e+00  3.500e+00  
5.431e-01  3.500e+00  1.627e+00  
1.713e-02  3.156e+00  3.466e+00  
3.500e+00  1.025e+00  1.025e+00  
1.025e+00  3.500e+00  1.025e+00  
1.025e+00  1.025e+00  3.500e+00  
3.500e+00  1.025e+00  1.025e+00  
3.500e+00  1.628e+00  5.427e-01  
3.500e+00  5.427e-01  1.628e+00  
3.500e+00  2.087e+00  2.981e-01  
3.500e+00  7.791e-01  1.298e+00  
3.500e+00  1.298e+00  7.791e-01  
3.500e+00  2.981e-01  2.087e+00  
3.500e+00  2.444e+00  1.630e-01  
3.500e+00  8.999e-01  1.157e+00  
3.500e+00  1.453e+00  6.607e-01  
3.500e+00  4.228e-01  1.832e+00  
3.500e+00  1.832e+00  4.228e-01  
3.500e+00  6.607e-01  1.453e+00  
3.457e+00  1.157e+00  9.001e-01  
3.500e+00  1.630e-01  2.444e+00  
3.500e+00  2.721e+00  8.772e-02  
2.996e+00  9.861e-01  1.118e+00  
2.980e+00  1.582e+00  6.189e-01  
2.946e+00  4.998e-01  1.785e+00  
2.950e+00  2.023e+00  3.747e-01  
2.645e+00  7.741e-01  1.478e+00  
2.539e+00  1.341e+00  9.178e-01  
2.836e+00  2.473e-01  2.391e+00  
2.763e+00  2.427e+00  2.511e-01  
2.331e+00  9.568e-01  1.399e+00  
2.295e+00  1.585e+00  8.300e-01  
2.427e+00  4.152e-01  2.242e+00  
2.280e+00  2.029e+00  5.680e-01  
2.165e+00  7.210e-01  1.843e+00  
2.038e+00  1.331e+00  1.175e+00  
2.667e+00  1.064e-01  3.299e+00  
2.859e+00  3.500e+00  5.912e-02  
1.894e+00  1.261e+00  1.342e+00  
1.939e+00  2.029e+00  7.341e-01  
1.926e+00  6.669e-01  2.179e+00  
2.027e+00  2.667e+00  4.364e-01  
1.754e+00  9.997e-01  1.782e+00  
1.702e+00  1.704e+00  1.093e+00  
2.000e+00  3.725e-01  3.033e+00  
2.107e+00  3.425e+00  2.902e-01  
1.581e+00  1.218e+00  1.668e+00  
1.581e+00  2.009e+00  9.811e-01  
1.715e+00  5.770e-01  2.780e+00  
1.630e+00  2.633e+00  6.712e-01  
1.499e+00  9.339e-01  2.212e+00  
1.402e+00  1.667e+00  1.381e+00  
2.237e+00  2.360e-01  3.500e+00  
2.220e+00  3.500e+00  2.425e-01  
1.307e+00  1.429e+00  1.725e+00  
1.340e+00  2.356e+00  9.948e-01  
1.417e+00  7.460e-01  2.927e+00  
1.455e+00  3.234e+00  6.717e-01  
1.229e+00  1.123e+00  2.299e+00  
1.162e+00  1.939e+00  1.415e+00  
1.825e+00  4.268e-01  3.500e+00  
1.618e+00  3.500e+00  5.494e-01  
1.085e+00  1.367e+00  2.133e+00  
1.071e+00  2.295e+00  1.287e+00  
1.413e+00  6.905e-01  3.500e+00  
1.128e+00  3.119e+00  9.549e-01  
1.059e+00  1.058e+00  2.926e+00  
9.314e-01  1.877e+00  1.763e+00  
2.465e+00  1.567e-01  3.500e+00  
2.712e+00  3.500e+00  8.979e-02  
8.513e-01  1.853e+00  1.912e+00  
9.449e-01  3.233e+00  1.123e+00  
9.480e-01  1.105e+00  3.458e+00  
1.239e+00  3.500e+00  8.281e-01  
7.764e-01  1.501e+00  2.586e+00  
7.444e-01  2.533e+00  1.571e+00  
1.232e+00  8.345e-01  3.500e+00  
1.489e+00  3.500e+00  6.354e-01  
6.547e-01  1.795e+00  2.383e+00  
6.802e-01  3.107e+00  1.464e+00  
9.044e-01  1.152e+00  3.500e+00  
8.385e-01  3.500e+00  1.227e+00  
6.235e-01  1.507e+00  3.439e+00  
5.266e-01  2.460e+00  1.975e+00  
1.411e+00  6.916e-01  3.500e+00  
1.564e+00  3.500e+00  5.841e-01  
4.496e-01  2.119e+00  2.481e+00  
5.224e-01  3.500e+00  1.660e+00  
6.099e-01  1.526e+00  3.500e+00  
6.780e-01  3.500e+00  1.430e+00  
3.990e-01  1.877e+00  3.500e+00  
3.314e-01  2.981e+00  2.107e+00  
8.403e-01  1.225e+00  3.500e+00  
7.172e-01  3.500e+00  1.377e+00  
2.583e-01  2.194e+00  3.312e+00  
2.554e-01  3.500e+00  2.187e+00  
4.317e-01  1.816e+00  3.500e+00  
2.786e-01  3.500e+00  2.132e+00  
2.041e-01  2.322e+00  3.500e+00  
1.078e-01  3.042e+00  2.770e+00  
7.491e-01  1.336e+00  3.500e+00  
5.431e-01  3.500e+00  1.627e+00  
1.713e-02  3.156e+00  3.466e+00  
3.500e+00  1.025e+00  1.025e+00  
1.025e+00  3.500e+00  1.025e+00  
1.025e+00  1.025e+00  3.500e+00  
3.500e+00  1.025e+00  1.025e+00  
3.500e+00  1.628e+00  5.427e-01  
3.500e+00  5.427e-01  1.628e+00  
3.500e+00  2.087e+00  2.981e-01  
3.500e+00  7.791e-01  1.298e+00  
3.500e+00  1.298e+00  7.791e-01  
3.500e+00  2.981e-01  2.087e+00  
3.500e+00  2.444e+00  1.630e-01  
3.500e+00  8.999e-01  1.157e+00  
3.500e+00  1.453e+00  6.607e-01  
3.500e+00  4.228e-01  1.832e+00  
3.500e+00  1.832e+00  4.228e-01  
3.500e+00  6.607e-01  1.453e+00  
3.457e+00  1.157e+00  9.001e-01  
3.500e+00  1.630e-01  2.444e+00  
3.500e+00  2.721e+00  8.772e-02  
2.996e+00  9.861e-01  1.118e+00  
2.980e+00  1.582e+00  6.189e-01  
2.946e+00  4.997e-01  1.785e+00  
2.950e+00  2.023e+00  3.747e-01  
2.645e+00  7.741e-01  1.478e+00  
2.539e+00  1.341e+00  9.178e-01  
2.836e+00  2.473e-01  2.391e+00  
2.763e+00  2.427e+00  2.511e-01  
2.331e+00  9.568e-01  1.399e+00  
2.295e+00  1.585e+00  8.300e-01  
2.427e+00  4.152e-01  2.242e+00  
2.280e+00  2.029e+00  5.680e-01  
2.165e+00  7.210e-01  1.843e+00  
2.038e+00  1.331e+00  1.175e+00  
2.667e+00  1.064e-01  3.299e+00  
2.859e+00  3.500e+00  5.914e-02  
1.894e+00  1.261e+00  1.342e+00  
1.939e+00  2.029e+00  7.341e-01  
1.926e+00  6.669e-01  2.179e+00  
2.027e+00  2.667e+00  4.364e-01  
1.754e+00  9.998e-01  1.782e+00  
1.702e+00  1.705e+00  1.093e+00  
2.000e+00  3.725e-01  3.033e+00  
2.107e+00  3.425e+00  2.902e-01  
1.581e+00  1.218e+00  1.668e+00  
1.581e+00  2.009e+00  9.811e-01  
1.715e+00  5.770e-01  2.780e+00  
1.630e+00  2.633e+00  6.712e-01  
1.499e+00  9.339e-01  2.212e+00  
1.402e+00  1.667e+00  1.381e+00  
2.237e+00  2.360e-01  3.500e+00  
2.220e+00  3.500e+00  2.425e-01  
1.307e+00  1.429e+00  1.725e+00  
1.340e+00  2.356e+00  9.948e-01  
1.417e+00  7.460e-01  2.927e+00  
1.455e+00  3.234e+00  6.717e-01  
1.229e+00  1.123e+00  2.299e+00  
1.162e+00  1.939e+00  1.415e+00  
1.825e+00  4.268e-01  3.500e+00  
1.618e+00  3.500e+00  5.494e-01  
1.085e+00  1.367e+00  2.133e+00  
1.071e+00  2.295e+00  1.287e+00  
1.413e+00  6.905e-01  3.500e+00  
1.128e+00  3.119e+00  9.549e-01  
1.060e+00  1.058e+00  2.923e+00  
9.314e-01  1.877e+00  1.763e+00  
2.465e+00  1.567e-01  3.500e+00  
2.712e+00  3.500e+00  8.979e-02  
8.519e-01  1.853e+00  1.911e+00  
9.449e-01  3.233e+00  1.123e+00  
9.480e-01  1.105e+00  3.458e+00  
1.239e+00  3.500e+00  8.281e-01  
7.764e-01  1.501e+00  2.586e+00  
7.444e-01  2.533e+00  1.571e+00  
1.232e+00  8.345e-01  3.500e+00  
1.489e+00  3.500e+00  6.354e-01  
6.547e-01  1.795e+00  2.383e+00  
6.802e-01  3.107e+00  1.464e+00  
9.044e-01  1.152e+00  3.500e+00  
8.385e-01  3.500e+00  1.227e+00  
6.235e-01  1.507e+00  3.439e+00  
5.266e-01  2.460e+00  1.975e+00  
1.411e+00  6.916e-01  3.500e+00  
1.564e+00  3.500e+00  5.841e-01  
4.496e-01  2.119e+00  2.481e+00  
5.224e-01  3.500e+00  1.660e+00  
6.099e-01  1.526e+00  3.500e+00  
6.780e-01  3.500e+00  1.430e+00  
3.990e-01  1.877e+00  3.500e+00  
3.314e-01  2.981e+00  2.107e+00  
8.403e-01  1.225e+00  3.500e+00  
7.172e-01  3.500e+00  1.377e+00  
2.583e-01  2.194e+00  3.312e+00  
2.555e-01  3.500e+00  2.187e+00  
4.317e-01  1.816e+00  3.500e+00  
2.786e-01  3.500e+00  2.132e+00  
2.041e-01  2.322e+00  3.500e+00  
1.078e-01  3.042e+00  2.770e+00  
7.491e-01  1.336e+00  3.500e+00  
5.431e-01  3.500e+00  1.627e+00  
1.713e-02  3.156e+00  3.466e+00  
3.500e+00  1.025e+00  1.025e+00  
1.025e+00  3.500e+00  1.025e+00  
1.025e+00  1.025e+00  3.500e+00  
3.500e+00  1.025e+00  1.025e+00  
3.500e+00  1.628e+00  5.427e-01  
3.500e+00  5.427e-01  1.628e+00  
3.500e+00  2.087e+00  2.981e-01  
3.500e+00  7.791e-01  1.298e+00  
3.500e+00  1.298e+00  7.791e-01  
3.500e+00  2.981e-01  2.087e+00  
3.500e+00  2.444e+00  1.630e-01  
3.500e+00  8.999e-01  1.157e+00  
3.500e+00  1.453e+00  6.607e-01  
3.500e+00  4.228e-01  1.832e+00  
3.500e+00  1.832e+00  4.228e-01  
3.500e+00  6.607e-01  1.453e+00  
3.457e+00  1.157e+00  9.001e-01  
3.500e+00  1.630e-01  2.444e+00  
3.500e+00  2.721e+00  8.775e-02  
2.996e+00  9.861e-01  1.118e+00  
2.980e+00  1.582e+00  6.189e-01  
2.946e+00  4.997e-01  1.785e+00  
2.950e+00  2.023e+00  3.747e-01  
2.645e+00  7.741e-01  1.478e+00  
2.539e+00  1.341e+00  9.178e-01  
2.836e+00  2.473e-01  2.391e+00  
2.763e+00  2.427e+00  2.511e-01  
2.331e+00  9.569e-01  1.399e+00  
2.295e+00  1.585e+00  8.300e-01  
2.427e+00  4.152e-01  2.242e+00  
2.280e+00  2.029e+00  5.680e-01  
2.165e+00  7.210e-01  1.843e+00  
2.038e+00  1.331e+00  1.175e+00  
2.667e+00  1.064e-01  3.299e+00  
2.859e+00  3.500e+00  5.914e-02  
1.894e+00  1.261e+00  1.342e+00  
1.939e+00  2.029e+00  7.341e-01  
1.926e+00  6.669e-01  2.179e+00  
2.027e+00  2.667e+00  4.364e-01  
1.754e+00  1.000e+00  1.782e+00  
1.702e+00  1.705e+00  1.093e+00  
2.000e+00  3.724e-01  3.033e+00  
2.107e+00  3.425e+00  2.902e-01  
1.580e+00  1.217e+00  1.668e+00  
1.581e+00  2.009e+00  9.811e-01  
1.715e+00  5.770e-01  2.780e+00  
1.630e+00  2.633e+00  6.712e-01  
1.499e+00  9.339e-01  2.212e+00  
1.402e+00  1.667e+00  1.381e+00  
2.237e+00  2.360e-01  3.500e+00  
2.220e+00  3.500e+00  2.425e-01  
1.307e+00  1.429e+00  1.725e+00  
1.340e+00  2.356e+00  9.948e-01  
1.417e+00  7.460e-01  2.927e+00  
1.455e+00  3.234e+00  6.717e-01  
1.229e+00  1.123e+00  2.299e+00  
1.162e+00  1.939e+00  1.415e+00  
1.825e+00  4.268e-01  3.500e+00  
1.618e+00  3.500e+00  5.494e-01  
1.085e+00  1.367e+00  2.133e+00  
1.071e+00  2.295e+00  1.287e+00  
1.413e+00  6.905e-01  3.500e+00  
1.128e+00  3.119e+00  9.549e-01  
1.060e+00  1.058e+00  2.924e+00  
9.314e-01  1.877e+00  1.763e+00  
2.465e+00  1.567e-01  3.500e+00  
2.712e+00  3.500e+00  8.979e-02  
8.519e-01  1.853e+00  1.911e+00  
9.449e-01  3.233e+00  1.123e+00  
9.480e-01  1.105e+00  3.458e+00  
1.239e+00  3.500e+00  8.281e-01  
7.764e-01  1.501e+00  2.586e+00  
7.444e-01  2.533e+00  1.571e+00  
1.232e+00  8.345e-01  3.500e+00  
1.489e+00  3.500e+00  6.354e-01  
6.547e-01  1.795e+00  2.383e+00  
6.802e-01  3.107e+00  1.464e+00  
9.044e-01  1.152e+00  3.500e+00  
8.385e-01  3.500e+00  1.227e+00  
6.235e-01  1.507e+00  3.439e+00  
5.266e-01  2.460e+00  1.975e+00  
1.411e+00  6.916e-01  3.500e+00  
1.564e+00  3.500e+00  5.841e-01  
4.496e-01  2.119e+00  2.481e+00  
5.224e-01  3.500e+00  1.660e+00  
6.099e-01  1.526e+00  3.500e+00  
6.780e-01  3.500e+00  1.430e+00  
3.990e-01  1.877e+00  3.500e+00  
3.314e-01  2.981e+00  2.107e+00  
8.403e-01  1.225e+00  3.500e+00  
7.172e-01  3.500e+00  1.377e+00  
2.583e-01  2.194e+00  3.312e+00  
2.555e-01  3.500e+00  2.187e+00  
4.317e-01  1.816e+00  3.500e+00  
2.786e-01  3.500e+00  2.132e+00  
2.041e-01  2.322e+00  3.500e+00  
1.078e-01  3.042e+00  2.770e+00  
7.491e-01  1.336e+00  3.500e+00  
5.431e-01  3.500e+00  1.627e+00  
1.713e-02  3.156e+00  3.466e+00  
3.500e+00  1.025e+00  1.025e+00  
1.025e+00  3.500e+00  1.025e+00  
1.025e+00  1.025e+00  3.500e+00  
3.500e+00  1.025e+00  1.025e+00  
3.500e+00  1.628e+00  5.427e-01  
3.500e+00  5.427e-01  1.628e+00  
3.500e+00  2.087e+00  2.981e-01  
3.500e+00  7.791e-01  1.298e+00  
3.500e+00  1.298e+00  7.791e-01  
3.500e+00  2.981e-01  2.087e+00  
3.500e+00  2.444e+00  1.630e-01  
3.500e+00  8.999e-01  1.157e+00  
3.500e+00  1.453e+00  6.607e-01  
3.500e+00  4.228e-01  1.832e+00  
3.500e+00  1.832e+00  4.228e-01  
3.500e+00  6.607e-01  1.453e+00  
3.457e+00  1.157e+00  9.000e-01  
3.500e+00  1.630e-01  2.444e+00  
3.500e+00  2.721e+00  8.775e-02  
2.996e+00  9.861e-01  1.118e+00  
2.980e+00  1.582e+00  6.189e-01  
2.947e+00  4.997e-01  1.785e+00  
2.950e+00  2.023e+00  3.747e-01  
2.645e+00  7.741e-01  1.478e+00  
2.539e+00  1.341e+00  9.178e-01  
2.836e+00  2.473e-01  2.391e+00  
2.763e+00  2.427e+00  2.511e-01  
2.331e+00  9.569e-01  1.399e+00  
2.295e+00  1.585e+00  8.300e-01  
2.427e+00  4.152e-01  2.242e+00  
2.280e+00  2.029e+00  5.680e-01  
2.165e+00  7.210e-01  1.843e+00  
2.038e+00  1.331e+00  1.175e+00  
2.667e+00  1.064e-01  3.299e+00  
2.859e+00  3.500e+00  5.918e-02  
1.894e+00  1.261e+00  1.342e+00  
1.939e+00  2.029e+00  7.341e-01  
1.926e+00  6.669e-01  2.179e+00  
2.027e+00  2.667e+00  4.364e-01  
1.754e+00  1.000e+00  1.782e+00  
1.702e+00  1.705e+00  1.093e+00  
2.000e+00  3.724e-01  3.033e+00  
2.107e+00  3.425e+00  2.902e-01  
1.580e+00  1.217e+00  1.668e+00  
1.581e+00  2.009e+00  9.811e-01  
1.715e+00  5.770e-01  2.780e+00  
1.630e+00  2.633e+00  6.712e-01  
1.499e+00  9.339e-01  2.212e+00  
1.402e+00  1.667e+00  1.381e+00  
2.237e+00  2.360e-01  3.500e+00  
2.220e+00  3.500e+00  2.425e-01  
1.307e+00  1.429e+00  1.725e+00  
1.340e+00  2.356e+00  9.948e-01  
1.417e+00  7.460e-01  2.927e+00  
1.455e+00  3.234e+00  6.717e-01  
1.229e+00  1.123e+00  2.299e+00  
1.162e+00  1.939e+00  1.415e+00  
1.825e+00  4.268e-01  3.500e+00  
1.618e+00  3.500e+00  5.494e-01  
1.085e+00  1.367e+00  2.133e+00  
1.071e+00  2.295e+00  1.287e+00  
1.413e+00  6.905e-01  3.500e+00  
1.128e+00  3.119e+00  9.549e-01  
1.060e+00  1.058e+00  2.924e+00  
9.314e-01  1.877e+00  1.763e+00  
2.465e+00  1.567e-01  3.500e+00  
2.712e+00  3.500e+00  8.980e-02  
8.519e-01  1.853e+00  1.911e+00  
9.449e-01  3.233e+00  1.123e+00  
9.480e-01  1.105e+00  3.458e+00  
1.239e+00  3.500e+00  8.281e-01  
7.764e-01  1.501e+00  2.586e+00  
7.444e-01  2.533e+00  1.571e+00  
1.232e+00  8.345e-01  3.500e+00  
1.489e+00  3.500e+00  6.354e-01  
6.547e-01  1.795e+00  2.383e+00  
6.802e-01  3.107e+00  1.464e+00  
9.044e-01  1.152e+00  3.500e+00  
8.385e-01  3.500e+00  1.227e+00  
6.235e-01  1.507e+00  3.439e+00  
5.266e-01  2.460e+00  1.975e+00  
1.411e+00  6.916e-01  3.500e+00  
1.564e+00  3.500e+00  5.841e-01  
4.494e-01  2.120e+00  2.480e+00  
5.224e-01  3.500e+00  1.660e+00  
6.099e-01  1.526e+00  3.500e+00  
6.780e-01  3.500e+00  1.430e+00  
3.990e-01  1.877e+00  3.500e+00  
3.314e-01  2.981e+00  2.107e+00  
8.403e-01  1.225e+00  3.500e+00  
7.172e-01  3.500e+00  1.377e+00  
2.583e-01  2.194e+00  3.312e+00  
2.555e-01  3.500e+00  2.187e+00  
4.317e-01  1.816e+00  3.500e+00  
2.786e-01  3.500e+00  2.132e+00  
2.041e-01  2.322e+00  3.500e+00  
1.078e-01  3.042e+00  2.770e+00  
7.491e-01  1.336e+00  3.500e+00  
5.431e-01  3.500e+00  1.627e+00  
1.713e-02  3.156e+00  3.466e+00  
