7.205e+00  6.117e+00  
7.680e+00  5.482e+00  
8.864e+00  5.904e+00  
7.156e+00  5.706e+00  
7.594e+00  5.601e+00  
5.333e+00  7.288e+00  
6.617e+00  4.611e+00  
8.454e+00  5.086e+00  
5.873e+00  3.855e+00  
6.175e+00  4.265e+00  
8.097e+00  5.879e+00  
6.905e+00  5.996e+00  
7.538e+00  5.620e+00  
7.523e+00  5.179e+00  
7.998e+00  5.933e+00  
7.241e+00  5.813e+00  
7.386e+00  7.634e+00  
5.523e+00  5.024e+00  
7.183e+00  5.020e+00  
5.802e+00  6.066e+00  
6.195e+00  3.564e+00  
6.183e+00  4.105e+00  
5.185e+00  5.845e+00  
7.491e+00  5.725e+00  
6.843e+00  5.381e+00  
7.723e+00  5.031e+00  
6.915e+00  4.666e+00  
7.857e+00  6.623e+00  
7.576e+00  4.709e+00  
7.556e+00  5.226e+00  
7.975e+00  6.882e+00  
7.509e+00  5.878e+00  
6.371e+00  4.226e+00  
7.800e+00  5.673e+00  
7.173e+00  5.229e+00  
6.897e+00  3.671e+00  
7.410e+00  7.549e+00  
7.322e+00  5.864e+00  
7.021e+00  5.322e+00  
5.969e+00  5.628e+00  
5.847e+00  5.686e+00  
7.861e+00  5.326e+00  
7.141e+00  5.336e+00  
7.015e+00  4.878e+00  
6.814e+00  4.170e+00  
6.386e+00  7.875e+00  
6.223e+00  4.066e+00  
7.623e+00  5.607e+00  
6.909e+00  6.229e+00  
7.612e+00  7.988e+00  
8.679e+00  5.092e+00  
7.049e+00  6.289e+00  
7.030e+00  5.279e+00  
5.797e+00  5.544e+00  
6.784e+00  6.962e+00  
5.454e+00  4.753e+00  
5.864e+00  5.794e+00  
7.491e+00  3.172e+00  
6.663e+00  5.992e+00  
7.458e+00  4.791e+00  
5.516e+00  5.000e+00  
7.506e+00  3.735e+00  
6.480e+00  5.369e+00  
5.548e+00  4.076e+00  
6.578e+00  5.871e+00  
7.110e+00  5.694e+00  
6.726e+00  5.000e+00  
5.705e+00  7.246e+00  
6.899e+00  4.932e+00  
9.334e+00  5.072e+00  
6.271e+00  5.964e+00  
5.824e+00  6.499e+00  
7.514e+00  5.832e+00  
5.782e+00  6.258e+00  
5.827e+00  5.740e+00  
7.717e+00  6.415e+00  
6.494e+00  5.249e+00  
8.080e+00  5.325e+00  
7.450e+00  6.163e+00  
6.549e+00  6.029e+00  
6.628e+00  3.725e+00  
7.457e+00  5.883e+00  
8.751e+00  4.168e+00  
6.165e+00  4.782e+00  
7.583e+00  5.305e+00  
7.587e+00  5.840e+00  
6.722e+00  6.172e+00  
7.506e+00  5.394e+00  
6.964e+00  5.811e+00  
6.629e+00  5.565e+00  
7.406e+00  4.607e+00  
8.332e+00  4.156e+00  
7.753e+00  5.473e+00  
7.165e+00  4.376e+00  
5.848e+00  5.935e+00  
7.456e+00  5.279e+00  
7.760e+00  5.970e+00  
7.728e+00  6.473e+00  
6.710e+00  6.044e+00  
7.553e+00  5.079e+00  
9.998e-01  9.906e-05  
8.993e-05  1.000e+00  
9.899e-01  5.072e-03  
9.701e-01  1.508e-02  
9.509e-01  2.488e-02  
9.322e-01  3.452e-02  
9.140e-01  4.398e-02  
8.963e-01  5.329e-02  
8.791e-01  6.244e-02  
8.622e-01  7.146e-02  
8.459e-01  8.029e-02  
8.298e-01  8.907e-02  
8.142e-01  9.770e-02  
7.989e-01  1.062e-01  
7.839e-01  1.146e-01  
7.693e-01  1.229e-01  
7.550e-01  1.311e-01  
7.410e-01  1.392e-01  
7.272e-01  1.472e-01  
7.138e-01  1.552e-01  
7.006e-01  1.630e-01  
6.876e-01  1.708e-01  
6.749e-01  1.785e-01  
6.624e-01  1.862e-01  
6.501e-01  1.937e-01  
6.380e-01  2.013e-01  
6.261e-01  2.087e-01  
6.145e-01  2.161e-01  
6.030e-01  2.235e-01  
5.917e-01  2.308e-01  
5.806e-01  2.381e-01  
5.696e-01  2.453e-01  
5.588e-01  2.525e-01  
5.482e-01  2.597e-01  
5.376e-01  2.668e-01  
5.273e-01  2.739e-01  
5.171e-01  2.809e-01  
5.070e-01  2.880e-01  
4.970e-01  2.950e-01  
4.872e-01  3.020e-01  
4.775e-01  3.090e-01  
4.679e-01  3.160e-01  
4.585e-01  3.229e-01  
4.491e-01  3.299e-01  
4.398e-01  3.368e-01  
4.307e-01  3.438e-01  
4.216e-01  3.507e-01  
4.127e-01  3.576e-01  
4.038e-01  3.646e-01  
3.950e-01  3.715e-01  
3.863e-01  3.785e-01  
3.777e-01  3.855e-01  
3.691e-01  3.924e-01  
3.607e-01  3.995e-01  
3.523e-01  4.065e-01  
3.440e-01  4.135e-01  
3.357e-01  4.206e-01  
3.275e-01  4.277e-01  
3.194e-01  4.349e-01  
3.113e-01  4.420e-01  
3.033e-01  4.493e-01  
2.954e-01  4.565e-01  
2.875e-01  4.638e-01  
2.797e-01  4.712e-01  
2.719e-01  4.786e-01  
2.641e-01  4.861e-01  
2.564e-01  4.937e-01  
2.487e-01  5.013e-01  
2.411e-01  5.090e-01  
2.335e-01  5.168e-01  
2.259e-01  5.247e-01  
2.184e-01  5.327e-01  
2.109e-01  5.408e-01  
2.035e-01  5.490e-01  
1.960e-01  5.574e-01  
1.886e-01  5.659e-01  
1.812e-01  5.744e-01  
1.738e-01  5.832e-01  
1.664e-01  5.922e-01  
1.590e-01  6.013e-01  
1.517e-01  6.107e-01  
1.443e-01  6.202e-01  
1.370e-01  6.300e-01  
1.296e-01  6.401e-01  
1.222e-01  6.505e-01  
1.148e-01  6.612e-01  
1.074e-01  6.725e-01  
9.998e-02  6.842e-01  
9.202e-02  6.972e-01  
8.445e-02  7.112e-01  
7.571e-02  7.252e-01  
6.913e-02  7.383e-01  
6.186e-02  7.519e-01  
5.442e-02  7.674e-01  
4.662e-02  7.842e-01  
3.867e-02  8.037e-01  
1.137e-03  1.000e+00  
9.204e-04  1.000e+00  
1.137e-03  1.000e+00  
9.204e-04  1.000e+00  
9.998e-01  1.001e-04  
6.435e-05  1.000e+00  
9.899e-01  5.074e-03  
9.701e-01  1.508e-02  
9.508e-01  2.489e-02  
9.321e-01  3.452e-02  
9.140e-01  4.399e-02  
8.963e-01  5.329e-02  
8.790e-01  6.244e-02  
8.622e-01  7.145e-02  
8.458e-01  8.033e-02  
8.298e-01  8.907e-02  
8.142e-01  9.770e-02  
7.989e-01  1.062e-01  
7.839e-01  1.146e-01  
7.693e-01  1.229e-01  
7.550e-01  1.311e-01  
7.410e-01  1.392e-01  
7.272e-01  1.472e-01  
7.138e-01  1.552e-01  
7.005e-01  1.630e-01  
6.876e-01  1.708e-01  
6.748e-01  1.785e-01  
6.624e-01  1.862e-01  
6.501e-01  1.937e-01  
6.380e-01  2.013e-01  
6.261e-01  2.087e-01  
6.145e-01  2.161e-01  
6.030e-01  2.235e-01  
5.917e-01  2.308e-01  
5.805e-01  2.381e-01  
5.696e-01  2.453e-01  
5.588e-01  2.525e-01  
5.481e-01  2.596e-01  
5.376e-01  2.668e-01  
5.273e-01  2.739e-01  
5.171e-01  2.809e-01  
5.070e-01  2.880e-01  
4.970e-01  2.950e-01  
4.872e-01  3.020e-01  
4.775e-01  3.090e-01  
4.679e-01  3.160e-01  
4.585e-01  3.229e-01  
4.491e-01  3.299e-01  
4.398e-01  3.368e-01  
4.307e-01  3.437e-01  
4.216e-01  3.507e-01  
4.126e-01  3.576e-01  
4.038e-01  3.646e-01  
3.950e-01  3.715e-01  
3.863e-01  3.785e-01  
3.777e-01  3.855e-01  
3.691e-01  3.924e-01  
3.607e-01  3.994e-01  
3.523e-01  4.065e-01  
3.440e-01  4.135e-01  
3.357e-01  4.206e-01  
3.275e-01  4.277e-01  
3.194e-01  4.348e-01  
3.113e-01  4.420e-01  
3.033e-01  4.492e-01  
2.954e-01  4.565e-01  
2.875e-01  4.638e-01  
2.796e-01  4.712e-01  
2.719e-01  4.786e-01  
2.641e-01  4.861e-01  
2.564e-01  4.937e-01  
2.487e-01  5.013e-01  
2.411e-01  5.090e-01  
2.335e-01  5.168e-01  
2.260e-01  5.247e-01  
2.184e-01  5.327e-01  
2.109e-01  5.407e-01  
2.035e-01  5.490e-01  
1.960e-01  5.573e-01  
1.886e-01  5.658e-01  
1.812e-01  5.744e-01  
1.738e-01  5.832e-01  
1.664e-01  5.921e-01  
1.590e-01  6.013e-01  
1.517e-01  6.106e-01  
1.443e-01  6.201e-01  
1.369e-01  6.300e-01  
1.296e-01  6.401e-01  
1.222e-01  6.505e-01  
1.148e-01  6.612e-01  
1.074e-01  6.723e-01  
9.998e-02  6.839e-01  
9.247e-02  6.960e-01  
8.486e-02  7.095e-01  
7.659e-02  7.237e-01  
6.966e-02  7.375e-01  
6.178e-02  7.517e-01  
5.440e-02  7.673e-01  
4.662e-02  7.842e-01  
3.862e-02  8.037e-01  
6.936e-05  1.000e+00  
6.936e-05  1.000e+00  
2.052e-04  1.000e+00  
2.052e-04  1.000e+00  
9.998e-01  1.002e-04  
6.205e-05  1.000e+00  
9.899e-01  5.076e-03  
9.701e-01  1.508e-02  
9.508e-01  2.489e-02  
9.321e-01  3.452e-02  
9.140e-01  4.399e-02  
8.963e-01  5.329e-02  
8.790e-01  6.244e-02  
8.622e-01  7.145e-02  
8.458e-01  8.033e-02  
8.298e-01  8.907e-02  
8.141e-01  9.770e-02  
7.989e-01  1.062e-01  
7.839e-01  1.146e-01  
7.693e-01  1.229e-01  
7.550e-01  1.311e-01  
7.410e-01  1.392e-01  
7.272e-01  1.472e-01  
7.138e-01  1.552e-01  
7.005e-01  1.630e-01  
6.876e-01  1.708e-01  
6.748e-01  1.785e-01  
6.624e-01  1.862e-01  
6.501e-01  1.937e-01  
6.380e-01  2.012e-01  
6.261e-01  2.087e-01  
6.145e-01  2.161e-01  
6.030e-01  2.235e-01  
5.917e-01  2.308e-01  
5.805e-01  2.381e-01  
5.696e-01  2.453e-01  
5.588e-01  2.525e-01  
5.481e-01  2.596e-01  
5.376e-01  2.668e-01  
5.273e-01  2.739e-01  
5.171e-01  2.809e-01  
5.070e-01  2.880e-01  
4.970e-01  2.950e-01  
4.872e-01  3.020e-01  
4.775e-01  3.090e-01  
4.679e-01  3.159e-01  
4.585e-01  3.229e-01  
4.491e-01  3.299e-01  
4.398e-01  3.368e-01  
4.307e-01  3.437e-01  
4.216e-01  3.507e-01  
4.126e-01  3.576e-01  
4.038e-01  3.646e-01  
3.950e-01  3.715e-01  
3.863e-01  3.785e-01  
3.777e-01  3.855e-01  
3.691e-01  3.924e-01  
3.607e-01  3.994e-01  
3.523e-01  4.065e-01  
3.440e-01  4.135e-01  
3.357e-01  4.206e-01  
3.275e-01  4.277e-01  
3.194e-01  4.348e-01  
3.113e-01  4.420e-01  
3.033e-01  4.492e-01  
2.954e-01  4.565e-01  
2.875e-01  4.638e-01  
2.796e-01  4.712e-01  
2.718e-01  4.786e-01  
2.641e-01  4.861e-01  
2.564e-01  4.936e-01  
2.487e-01  5.013e-01  
2.411e-01  5.090e-01  
2.335e-01  5.168e-01  
2.259e-01  5.247e-01  
2.184e-01  5.326e-01  
2.109e-01  5.407e-01  
2.035e-01  5.489e-01  
1.960e-01  5.573e-01  
1.886e-01  5.658e-01  
1.812e-01  5.744e-01  
1.738e-01  5.832e-01  
1.664e-01  5.921e-01  
1.590e-01  6.012e-01  
1.517e-01  6.106e-01  
1.443e-01  6.201e-01  
1.369e-01  6.300e-01  
1.296e-01  6.401e-01  
1.222e-01  6.505e-01  
1.148e-01  6.612e-01  
1.074e-01  6.723e-01  
9.996e-02  6.839e-01  
9.250e-02  6.960e-01  
8.501e-02  7.088e-01  
7.728e-02  7.228e-01  
6.944e-02  7.371e-01  
6.186e-02  7.515e-01  
5.427e-02  7.673e-01  
4.662e-02  7.842e-01  
3.866e-02  8.037e-01  
1.323e-04  1.000e+00  
4.105e-04  1.000e+00  
1.323e-04  1.000e+00  
4.105e-04  1.000e+00  
9.998e-01  1.002e-04  
6.205e-05  1.000e+00  
9.899e-01  5.077e-03  
9.701e-01  1.508e-02  
9.508e-01  2.489e-02  
9.321e-01  3.452e-02  
9.140e-01  4.399e-02  
8.963e-01  5.329e-02  
8.790e-01  6.244e-02  
8.622e-01  7.145e-02  
8.458e-01  8.033e-02  
8.298e-01  8.907e-02  
8.141e-01  9.770e-02  
7.989e-01  1.062e-01  
7.839e-01  1.146e-01  
7.693e-01  1.229e-01  
7.550e-01  1.311e-01  
7.410e-01  1.392e-01  
7.272e-01  1.472e-01  
7.137e-01  1.552e-01  
7.005e-01  1.630e-01  
6.876e-01  1.708e-01  
6.748e-01  1.785e-01  
6.623e-01  1.862e-01  
6.501e-01  1.937e-01  
6.380e-01  2.012e-01  
6.261e-01  2.087e-01  
6.145e-01  2.161e-01  
6.030e-01  2.235e-01  
5.917e-01  2.308e-01  
5.805e-01  2.381e-01  
5.696e-01  2.453e-01  
5.588e-01  2.525e-01  
5.481e-01  2.596e-01  
5.376e-01  2.668e-01  
5.273e-01  2.739e-01  
5.171e-01  2.809e-01  
5.070e-01  2.880e-01  
4.970e-01  2.950e-01  
4.872e-01  3.020e-01  
4.775e-01  3.090e-01  
4.679e-01  3.159e-01  
4.585e-01  3.229e-01  
4.491e-01  3.299e-01  
4.398e-01  3.368e-01  
4.307e-01  3.437e-01  
4.216e-01  3.507e-01  
4.126e-01  3.576e-01  
4.038e-01  3.646e-01  
3.950e-01  3.715e-01  
3.863e-01  3.785e-01  
3.777e-01  3.855e-01  
3.691e-01  3.924e-01  
3.607e-01  3.994e-01  
3.523e-01  4.065e-01  
3.440e-01  4.135e-01  
3.357e-01  4.206e-01  
3.275e-01  4.277e-01  
3.194e-01  4.348e-01  
3.113e-01  4.420e-01  
3.033e-01  4.492e-01  
2.954e-01  4.565e-01  
2.875e-01  4.638e-01  
2.796e-01  4.712e-01  
2.718e-01  4.786e-01  
2.641e-01  4.861e-01  
2.564e-01  4.936e-01  
2.487e-01  5.013e-01  
2.411e-01  5.090e-01  
2.335e-01  5.168e-01  
2.259e-01  5.247e-01  
2.184e-01  5.326e-01  
2.109e-01  5.407e-01  
2.035e-01  5.489e-01  
1.960e-01  5.573e-01  
1.886e-01  5.658e-01  
1.812e-01  5.744e-01  
1.738e-01  5.831e-01  
1.664e-01  5.921e-01  
1.590e-01  6.012e-01  
1.517e-01  6.106e-01  
1.443e-01  6.201e-01  
1.369e-01  6.300e-01  
1.296e-01  6.401e-01  
1.222e-01  6.505e-01  
1.148e-01  6.612e-01  
1.074e-01  6.723e-01  
9.998e-02  6.839e-01  
9.251e-02  6.959e-01  
8.501e-02  7.085e-01  
7.747e-02  7.223e-01  
6.988e-02  7.366e-01  
6.212e-02  7.514e-01  
5.444e-02  7.672e-01  
4.662e-02  7.842e-01  
3.866e-02  8.037e-01  
1.323e-04  1.000e+00  
4.105e-04  1.000e+00  
1.323e-04  1.000e+00  
4.105e-04  1.000e+00  
9.998e-01  9.942e-05  
6.205e-05  1.000e+00  
9.899e-01  5.076e-03  
9.701e-01  1.508e-02  
9.508e-01  2.489e-02  
9.321e-01  3.452e-02  
9.140e-01  4.399e-02  
8.963e-01  5.329e-02  
8.790e-01  6.244e-02  
8.622e-01  7.145e-02  
8.458e-01  8.033e-02  
8.298e-01  8.907e-02  
8.141e-01  9.770e-02  
7.989e-01  1.062e-01  
7.839e-01  1.146e-01  
7.693e-01  1.229e-01  
7.550e-01  1.311e-01  
7.410e-01  1.392e-01  
7.272e-01  1.472e-01  
7.138e-01  1.552e-01  
7.005e-01  1.630e-01  
6.876e-01  1.708e-01  
6.748e-01  1.785e-01  
6.624e-01  1.862e-01  
6.501e-01  1.937e-01  
6.380e-01  2.012e-01  
6.261e-01  2.087e-01  
6.145e-01  2.161e-01  
6.030e-01  2.235e-01  
5.917e-01  2.308e-01  
5.805e-01  2.381e-01  
5.696e-01  2.453e-01  
5.588e-01  2.525e-01  
5.481e-01  2.596e-01  
5.376e-01  2.668e-01  
5.273e-01  2.739e-01  
5.171e-01  2.809e-01  
5.070e-01  2.880e-01  
4.970e-01  2.950e-01  
4.872e-01  3.020e-01  
4.775e-01  3.090e-01  
4.679e-01  3.159e-01  
4.585e-01  3.229e-01  
4.491e-01  3.299e-01  
4.398e-01  3.368e-01  
4.307e-01  3.437e-01  
4.216e-01  3.507e-01  
4.126e-01  3.576e-01  
4.038e-01  3.646e-01  
3.950e-01  3.715e-01  
3.863e-01  3.785e-01  
3.777e-01  3.855e-01  
3.691e-01  3.924e-01  
3.607e-01  3.994e-01  
3.523e-01  4.065e-01  
3.440e-01  4.135e-01  
3.357e-01  4.206e-01  
3.275e-01  4.277e-01  
3.194e-01  4.348e-01  
3.113e-01  4.420e-01  
3.033e-01  4.492e-01  
2.954e-01  4.565e-01  
2.875e-01  4.638e-01  
2.796e-01  4.712e-01  
2.718e-01  4.786e-01  
2.641e-01  4.861e-01  
2.564e-01  4.936e-01  
2.487e-01  5.013e-01  
2.411e-01  5.090e-01  
2.335e-01  5.168e-01  
2.259e-01  5.247e-01  
2.184e-01  5.326e-01  
2.109e-01  5.407e-01  
2.035e-01  5.489e-01  
1.960e-01  5.573e-01  
1.886e-01  5.657e-01  
1.812e-01  5.744e-01  
1.738e-01  5.831e-01  
1.664e-01  5.921e-01  
1.590e-01  6.012e-01  
1.517e-01  6.106e-01  
1.443e-01  6.201e-01  
1.369e-01  6.299e-01  
1.296e-01  6.400e-01  
1.222e-01  6.505e-01  
1.148e-01  6.612e-01  
1.074e-01  6.723e-01  
9.998e-02  6.838e-01  
9.251e-02  6.959e-01  
8.502e-02  7.085e-01  
7.745e-02  7.219e-01  
6.992e-02  7.363e-01  
6.211e-02  7.512e-01  
5.439e-02  7.672e-01  
4.661e-02  7.842e-01  
3.866e-02  8.037e-01  
1.323e-04  1.000e+00  
4.105e-04  1.000e+00  
1.323e-04  1.000e+00  
4.105e-04  1.000e+00  
9.998e-01  1.001e-04  
6.205e-05  1.000e+00  
9.899e-01  5.076e-03  
9.701e-01  1.508e-02  
9.508e-01  2.489e-02  
9.321e-01  3.452e-02  
9.140e-01  4.399e-02  
8.963e-01  5.329e-02  
8.790e-01  6.244e-02  
8.622e-01  7.145e-02  
8.458e-01  8.033e-02  
8.298e-01  8.907e-02  
8.141e-01  9.770e-02  
7.989e-01  1.062e-01  
7.839e-01  1.146e-01  
7.693e-01  1.229e-01  
7.550e-01  1.311e-01  
7.410e-01  1.392e-01  
7.272e-01  1.472e-01  
7.138e-01  1.552e-01  
7.005e-01  1.630e-01  
6.876e-01  1.708e-01  
6.748e-01  1.785e-01  
6.624e-01  1.862e-01  
6.501e-01  1.937e-01  
6.380e-01  2.012e-01  
6.261e-01  2.087e-01  
6.145e-01  2.161e-01  
6.030e-01  2.235e-01  
5.917e-01  2.308e-01  
5.805e-01  2.381e-01  
5.696e-01  2.453e-01  
5.588e-01  2.525e-01  
5.481e-01  2.596e-01  
5.376e-01  2.668e-01  
5.273e-01  2.739e-01  
5.171e-01  2.809e-01  
5.070e-01  2.880e-01  
4.970e-01  2.950e-01  
4.872e-01  3.020e-01  
4.775e-01  3.090e-01  
4.679e-01  3.159e-01  
4.585e-01  3.229e-01  
4.491e-01  3.299e-01  
4.398e-01  3.368e-01  
4.307e-01  3.437e-01  
4.216e-01  3.507e-01  
4.126e-01  3.576e-01  
4.038e-01  3.646e-01  
3.950e-01  3.715e-01  
3.863e-01  3.785e-01  
3.777e-01  3.855e-01  
3.691e-01  3.924e-01  
3.607e-01  3.994e-01  
3.523e-01  4.065e-01  
3.440e-01  4.135e-01  
3.357e-01  4.206e-01  
3.275e-01  4.277e-01  
3.194e-01  4.348e-01  
3.113e-01  4.420e-01  
3.033e-01  4.492e-01  
2.954e-01  4.565e-01  
2.875e-01  4.638e-01  
2.796e-01  4.712e-01  
2.718e-01  4.786e-01  
2.641e-01  4.861e-01  
2.564e-01  4.936e-01  
2.487e-01  5.013e-01  
2.411e-01  5.090e-01  
2.335e-01  5.168e-01  
2.259e-01  5.247e-01  
2.184e-01  5.326e-01  
2.109e-01  5.407e-01  
2.035e-01  5.489e-01  
1.960e-01  5.573e-01  
1.886e-01  5.657e-01  
1.812e-01  5.744e-01  
1.738e-01  5.831e-01  
1.664e-01  5.921e-01  
1.590e-01  6.012e-01  
1.517e-01  6.106e-01  
1.443e-01  6.201e-01  
1.369e-01  6.299e-01  
1.296e-01  6.400e-01  
1.222e-01  6.504e-01  
1.148e-01  6.612e-01  
1.074e-01  6.723e-01  
9.998e-02  6.838e-01  
9.251e-02  6.959e-01  
8.500e-02  7.085e-01  
7.747e-02  7.217e-01  
6.980e-02  7.360e-01  
6.220e-02  7.511e-01  
5.439e-02  7.671e-01  
4.662e-02  7.842e-01  
3.865e-02  8.037e-01  
1.323e-04  1.000e+00  
4.105e-04  1.000e+00  
1.323e-04  1.000e+00  
4.105e-04  1.000e+00  
9.998e-01  1.000e-04  
6.205e-05  1.000e+00  
9.899e-01  5.076e-03  
9.701e-01  1.508e-02  
9.508e-01  2.489e-02  
9.321e-01  3.452e-02  
9.140e-01  4.399e-02  
8.963e-01  5.329e-02  
8.790e-01  6.244e-02  
8.622e-01  7.145e-02  
8.458e-01  8.033e-02  
8.298e-01  8.907e-02  
8.141e-01  9.770e-02  
7.989e-01  1.062e-01  
7.839e-01  1.146e-01  
7.693e-01  1.229e-01  
7.550e-01  1.311e-01  
7.410e-01  1.392e-01  
7.272e-01  1.472e-01  
7.138e-01  1.552e-01  
7.005e-01  1.630e-01  
6.876e-01  1.708e-01  
6.748e-01  1.785e-01  
6.624e-01  1.862e-01  
6.501e-01  1.937e-01  
6.380e-01  2.012e-01  
6.261e-01  2.087e-01  
6.145e-01  2.161e-01  
6.030e-01  2.235e-01  
5.917e-01  2.308e-01  
5.805e-01  2.381e-01  
5.696e-01  2.453e-01  
5.588e-01  2.525e-01  
5.481e-01  2.596e-01  
5.376e-01  2.668e-01  
5.273e-01  2.739e-01  
5.171e-01  2.809e-01  
5.070e-01  2.880e-01  
4.970e-01  2.950e-01  
4.872e-01  3.020e-01  
4.775e-01  3.090e-01  
4.679e-01  3.159e-01  
4.585e-01  3.229e-01  
4.491e-01  3.299e-01  
4.398e-01  3.368e-01  
4.307e-01  3.437e-01  
4.216e-01  3.507e-01  
4.126e-01  3.576e-01  
4.038e-01  3.646e-01  
3.950e-01  3.715e-01  
3.863e-01  3.785e-01  
3.777e-01  3.855e-01  
3.691e-01  3.924e-01  
3.607e-01  3.994e-01  
3.523e-01  4.065e-01  
3.440e-01  4.135e-01  
3.357e-01  4.206e-01  
3.275e-01  4.277e-01  
3.194e-01  4.348e-01  
3.113e-01  4.420e-01  
3.033e-01  4.492e-01  
2.954e-01  4.565e-01  
2.875e-01  4.638e-01  
2.796e-01  4.712e-01  
2.718e-01  4.786e-01  
2.641e-01  4.861e-01  
2.564e-01  4.936e-01  
2.487e-01  5.013e-01  
2.411e-01  5.090e-01  
2.335e-01  5.168e-01  
2.259e-01  5.247e-01  
2.184e-01  5.326e-01  
2.109e-01  5.407e-01  
2.035e-01  5.489e-01  
1.960e-01  5.573e-01  
1.886e-01  5.657e-01  
1.812e-01  5.744e-01  
1.738e-01  5.831e-01  
1.664e-01  5.921e-01  
1.590e-01  6.012e-01  
1.517e-01  6.106e-01  
1.443e-01  6.201e-01  
1.369e-01  6.299e-01  
1.296e-01  6.400e-01  
1.222e-01  6.504e-01  
1.148e-01  6.612e-01  
1.074e-01  6.723e-01  
9.997e-02  6.838e-01  
9.250e-02  6.959e-01  
8.500e-02  7.085e-01  
7.746e-02  7.217e-01  
6.983e-02  7.358e-01  
6.218e-02  7.509e-01  
5.441e-02  7.671e-01  
4.660e-02  7.842e-01  
3.865e-02  8.037e-01  
1.323e-04  1.000e+00  
4.105e-04  1.000e+00  
1.323e-04  1.000e+00  
4.105e-04  1.000e+00  
9.998e-01  1.000e-04  
6.205e-05  1.000e+00  
9.899e-01  5.076e-03  
9.701e-01  1.508e-02  
9.508e-01  2.489e-02  
9.321e-01  3.452e-02  
9.140e-01  4.399e-02  
8.963e-01  5.329e-02  
8.790e-01  6.244e-02  
8.622e-01  7.145e-02  
8.458e-01  8.033e-02  
8.298e-01  8.907e-02  
8.141e-01  9.770e-02  
7.989e-01  1.062e-01  
7.839e-01  1.146e-01  
7.693e-01  1.229e-01  
7.550e-01  1.311e-01  
7.410e-01  1.392e-01  
7.272e-01  1.472e-01  
7.138e-01  1.552e-01  
7.005e-01  1.630e-01  
6.876e-01  1.708e-01  
6.748e-01  1.785e-01  
6.624e-01  1.862e-01  
6.501e-01  1.937e-01  
6.380e-01  2.012e-01  
6.261e-01  2.087e-01  
6.145e-01  2.161e-01  
6.030e-01  2.235e-01  
5.917e-01  2.308e-01  
5.805e-01  2.381e-01  
5.696e-01  2.453e-01  
5.588e-01  2.525e-01  
5.481e-01  2.596e-01  
5.376e-01  2.668e-01  
5.273e-01  2.739e-01  
5.171e-01  2.809e-01  
5.070e-01  2.880e-01  
4.970e-01  2.950e-01  
4.872e-01  3.020e-01  
4.775e-01  3.090e-01  
4.679e-01  3.159e-01  
4.585e-01  3.229e-01  
4.491e-01  3.299e-01  
4.398e-01  3.368e-01  
4.307e-01  3.437e-01  
4.216e-01  3.507e-01  
4.126e-01  3.576e-01  
4.038e-01  3.646e-01  
3.950e-01  3.715e-01  
3.863e-01  3.785e-01  
3.777e-01  3.855e-01  
3.691e-01  3.924e-01  
3.607e-01  3.994e-01  
3.523e-01  4.065e-01  
3.440e-01  4.135e-01  
3.357e-01  4.206e-01  
3.275e-01  4.277e-01  
3.194e-01  4.348e-01  
3.113e-01  4.420e-01  
3.033e-01  4.492e-01  
2.954e-01  4.565e-01  
2.875e-01  4.638e-01  
2.796e-01  4.712e-01  
2.718e-01  4.786e-01  
2.641e-01  4.861e-01  
2.564e-01  4.936e-01  
2.487e-01  5.013e-01  
2.411e-01  5.090e-01  
2.335e-01  5.168e-01  
2.259e-01  5.247e-01  
2.184e-01  5.326e-01  
2.109e-01  5.407e-01  
2.035e-01  5.489e-01  
1.960e-01  5.573e-01  
1.886e-01  5.657e-01  
1.812e-01  5.744e-01  
1.738e-01  5.831e-01  
1.664e-01  5.921e-01  
1.590e-01  6.012e-01  
1.517e-01  6.106e-01  
1.443e-01  6.201e-01  
1.369e-01  6.299e-01  
1.296e-01  6.400e-01  
1.222e-01  6.504e-01  
1.148e-01  6.612e-01  
1.074e-01  6.723e-01  
9.997e-02  6.838e-01  
9.251e-02  6.959e-01  
8.501e-02  7.085e-01  
7.746e-02  7.217e-01  
6.988e-02  7.358e-01  
6.214e-02  7.508e-01  
5.444e-02  7.670e-01  
4.661e-02  7.842e-01  
3.865e-02  8.037e-01  
1.323e-04  1.000e+00  
4.105e-04  1.000e+00  
1.323e-04  1.000e+00  
4.105e-04  1.000e+00  
9.998e-01  1.000e-04  
6.205e-05  1.000e+00  
9.899e-01  5.076e-03  
9.701e-01  1.508e-02  
9.508e-01  2.489e-02  
9.321e-01  3.452e-02  
9.140e-01  4.399e-02  
8.963e-01  5.329e-02  
8.790e-01  6.244e-02  
8.622e-01  7.145e-02  
8.458e-01  8.033e-02  
8.298e-01  8.907e-02  
8.141e-01  9.770e-02  
7.989e-01  1.062e-01  
7.839e-01  1.146e-01  
7.693e-01  1.229e-01  
7.550e-01  1.311e-01  
7.410e-01  1.392e-01  
7.272e-01  1.472e-01  
7.138e-01  1.552e-01  
7.005e-01  1.630e-01  
6.876e-01  1.708e-01  
6.748e-01  1.785e-01  
6.624e-01  1.862e-01  
6.501e-01  1.937e-01  
6.380e-01  2.012e-01  
6.261e-01  2.087e-01  
6.145e-01  2.161e-01  
6.030e-01  2.235e-01  
5.917e-01  2.308e-01  
5.805e-01  2.381e-01  
5.696e-01  2.453e-01  
5.588e-01  2.525e-01  
5.481e-01  2.596e-01  
5.376e-01  2.668e-01  
5.273e-01  2.739e-01  
5.171e-01  2.809e-01  
5.070e-01  2.880e-01  
4.970e-01  2.950e-01  
4.872e-01  3.020e-01  
4.775e-01  3.090e-01  
4.679e-01  3.159e-01  
4.585e-01  3.229e-01  
4.491e-01  3.299e-01  
4.398e-01  3.368e-01  
4.307e-01  3.437e-01  
4.216e-01  3.507e-01  
4.126e-01  3.576e-01  
4.038e-01  3.646e-01  
3.950e-01  3.715e-01  
3.863e-01  3.785e-01  
3.777e-01  3.855e-01  
3.691e-01  3.924e-01  
3.607e-01  3.994e-01  
3.523e-01  4.065e-01  
3.440e-01  4.135e-01  
3.357e-01  4.206e-01  
3.275e-01  4.277e-01  
3.194e-01  4.348e-01  
3.113e-01  4.420e-01  
3.033e-01  4.492e-01  
2.954e-01  4.565e-01  
2.875e-01  4.638e-01  
2.796e-01  4.712e-01  
2.718e-01  4.786e-01  
2.641e-01  4.861e-01  
2.564e-01  4.936e-01  
2.487e-01  5.013e-01  
2.411e-01  5.090e-01  
2.335e-01  5.168e-01  
2.259e-01  5.247e-01  
2.184e-01  5.326e-01  
2.109e-01  5.407e-01  
2.035e-01  5.489e-01  
1.960e-01  5.573e-01  
1.886e-01  5.657e-01  
1.812e-01  5.744e-01  
1.738e-01  5.831e-01  
1.664e-01  5.921e-01  
1.590e-01  6.012e-01  
1.517e-01  6.106e-01  
1.443e-01  6.201e-01  
1.369e-01  6.299e-01  
1.296e-01  6.400e-01  
1.222e-01  6.504e-01  
1.148e-01  6.612e-01  
1.074e-01  6.723e-01  
9.998e-02  6.838e-01  
9.251e-02  6.959e-01  
8.500e-02  7.085e-01  
7.746e-02  7.217e-01  
6.986e-02  7.357e-01  
6.221e-02  7.507e-01  
5.443e-02  7.670e-01  
4.658e-02  7.842e-01  
3.865e-02  8.037e-01  
1.323e-04  1.000e+00  
4.105e-04  1.000e+00  
1.323e-04  1.000e+00  
4.105e-04  1.000e+00  
9.998e-01  1.000e-04  
6.205e-05  1.000e+00  
9.899e-01  5.076e-03  
9.701e-01  1.508e-02  
9.508e-01  2.489e-02  
9.321e-01  3.452e-02  
9.140e-01  4.399e-02  
8.963e-01  5.329e-02  
8.790e-01  6.244e-02  
8.622e-01  7.145e-02  
8.458e-01  8.033e-02  
8.298e-01  8.907e-02  
8.141e-01  9.770e-02  
7.989e-01  1.062e-01  
7.839e-01  1.146e-01  
7.693e-01  1.229e-01  
7.550e-01  1.311e-01  
7.410e-01  1.392e-01  
7.272e-01  1.472e-01  
7.138e-01  1.552e-01  
7.005e-01  1.630e-01  
6.876e-01  1.708e-01  
6.748e-01  1.785e-01  
6.624e-01  1.862e-01  
6.501e-01  1.937e-01  
6.380e-01  2.012e-01  
6.261e-01  2.087e-01  
6.145e-01  2.161e-01  
6.030e-01  2.235e-01  
5.917e-01  2.308e-01  
5.805e-01  2.381e-01  
5.696e-01  2.453e-01  
5.588e-01  2.525e-01  
5.481e-01  2.596e-01  
5.376e-01  2.668e-01  
5.273e-01  2.739e-01  
5.171e-01  2.809e-01  
5.070e-01  2.880e-01  
4.970e-01  2.950e-01  
4.872e-01  3.020e-01  
4.775e-01  3.090e-01  
4.679e-01  3.159e-01  
4.585e-01  3.229e-01  
4.491e-01  3.299e-01  
4.398e-01  3.368e-01  
4.307e-01  3.437e-01  
4.216e-01  3.507e-01  
4.126e-01  3.576e-01  
4.038e-01  3.646e-01  
3.950e-01  3.715e-01  
3.863e-01  3.785e-01  
3.777e-01  3.855e-01  
3.691e-01  3.924e-01  
3.607e-01  3.994e-01  
3.523e-01  4.065e-01  
3.440e-01  4.135e-01  
3.357e-01  4.206e-01  
3.275e-01  4.277e-01  
3.194e-01  4.348e-01  
3.113e-01  4.420e-01  
3.033e-01  4.492e-01  
2.954e-01  4.565e-01  
2.875e-01  4.638e-01  
2.796e-01  4.712e-01  
2.718e-01  4.786e-01  
2.641e-01  4.861e-01  
2.564e-01  4.936e-01  
2.487e-01  5.013e-01  
2.411e-01  5.090e-01  
2.335e-01  5.168e-01  
2.259e-01  5.247e-01  
2.184e-01  5.326e-01  
2.109e-01  5.407e-01  
2.035e-01  5.489e-01  
1.960e-01  5.573e-01  
1.886e-01  5.657e-01  
1.812e-01  5.744e-01  
1.738e-01  5.831e-01  
1.664e-01  5.921e-01  
1.590e-01  6.012e-01  
1.517e-01  6.106e-01  
1.443e-01  6.201e-01  
1.369e-01  6.299e-01  
1.296e-01  6.400e-01  
1.222e-01  6.504e-01  
1.148e-01  6.612e-01  
1.074e-01  6.723e-01  
9.997e-02  6.838e-01  
9.250e-02  6.959e-01  
8.501e-02  7.084e-01  
7.747e-02  7.217e-01  
6.986e-02  7.357e-01  
6.218e-02  7.507e-01  
5.433e-02  7.669e-01  
4.659e-02  7.842e-01  
3.865e-02  8.037e-01  
1.323e-04  1.000e+00  
4.105e-04  1.000e+00  
1.323e-04  1.000e+00  
4.105e-04  1.000e+00  
