3.277e+01  3.367e+01  4.627e+01  
4.435e+01  4.331e+01  3.648e+01  
3.482e+01  3.603e+01  4.778e+01  
3.894e+01  4.192e+01  4.738e+01  
2.573e+01  2.441e+01  3.185e+01  
4.840e+01  3.510e+01  4.333e+01  
3.671e+01  3.895e+01  4.235e+01  
3.591e+01  2.861e+01  3.737e+01  
3.910e+01  2.994e+01  4.325e+01  
3.386e+01  3.167e+01  4.303e+01  
3.625e+01  2.612e+01  3.617e+01  
3.083e+01  2.943e+01  3.155e+01  
3.590e+01  3.419e+01  3.572e+01  
3.607e+01  3.638e+01  4.078e+01  
4.667e+01  3.262e+01  3.708e+01  
4.349e+01  3.036e+01  3.154e+01  
4.764e+01  3.403e+01  5.067e+01  
4.871e+01  4.016e+01  2.875e+01  
3.868e+01  3.051e+01  4.207e+01  
3.792e+01  3.719e+01  3.415e+01  
3.783e+01  3.091e+01  3.922e+01  
5.072e+01  2.616e+01  3.238e+01  
4.153e+01  4.956e+01  4.000e+01  
4.289e+01  2.543e+01  2.734e+01  
3.896e+01  2.895e+01  3.190e+01  
3.827e+01  3.678e+01  3.073e+01  
4.651e+01  3.455e+01  3.046e+01  
3.774e+01  3.887e+01  3.746e+01  
4.219e+01  4.145e+01  5.294e+01  
3.170e+01  3.302e+01  2.983e+01  
2.772e+01  3.827e+01  2.555e+01  
4.673e+01  3.434e+01  3.662e+01  
4.371e+01  3.301e+01  4.021e+01  
4.504e+01  3.267e+01  3.517e+01  
3.319e+01  3.097e+01  4.178e+01  
3.217e+01  3.388e+01  3.422e+01  
3.568e+01  3.289e+01  3.452e+01  
3.540e+01  5.303e+01  3.572e+01  
4.166e+01  3.107e+01  4.237e+01  
3.806e+01  4.954e+01  4.141e+01  
4.269e+01  3.798e+01  4.190e+01  
3.658e+01  4.475e+01  4.934e+01  
3.819e+01  3.042e+01  3.877e+01  
3.746e+01  3.550e+01  4.002e+01  
3.251e+01  3.427e+01  4.905e+01  
4.332e+01  3.447e+01  5.288e+01  
4.190e+01  3.227e+01  5.987e+01  
4.115e+01  4.650e+01  3.847e+01  
4.488e+01  2.414e+01  3.762e+01  
4.711e+01  3.900e+01  4.251e+01  
4.013e+01  2.764e+01  5.471e+01  
3.358e+01  3.938e+01  3.602e+01  
4.921e+01  3.851e+01  4.613e+01  
4.755e+01  3.259e+01  3.659e+01  
4.761e+01  3.926e+01  3.370e+01  
4.273e+01  3.812e+01  4.113e+01  
3.333e+01  3.838e+01  4.125e+01  
3.084e+01  2.727e+01  4.282e+01  
3.758e+01  3.955e+01  4.429e+01  
4.613e+01  2.874e+01  3.445e+01  
4.758e+01  2.086e+01  3.271e+01  
4.487e+01  3.487e+01  3.821e+01  
3.938e+01  3.980e+01  3.141e+01  
3.676e+01  2.566e+01  3.678e+01  
3.960e+01  3.547e+01  3.697e+01  
3.338e+01  3.687e+01  4.868e+01  
3.786e+01  3.354e+01  3.763e+01  
3.877e+01  3.793e+01  4.408e+01  
4.850e+01  3.526e+01  3.984e+01  
4.009e+01  4.083e+01  4.885e+01  
3.648e+01  4.215e+01  3.384e+01  
4.412e+01  3.519e+01  3.962e+01  
4.122e+01  3.324e+01  3.740e+01  
4.578e+01  2.563e+01  2.937e+01  
3.448e+01  2.660e+01  4.081e+01  
3.093e+01  3.693e+01  4.443e+01  
4.057e+01  3.601e+01  3.720e+01  
3.629e+01  3.914e+01  3.909e+01  
3.364e+01  3.413e+01  4.563e+01  
4.092e+01  4.220e+01  4.576e+01  
4.506e+01  3.335e+01  4.602e+01  
2.870e+01  3.627e+01  3.934e+01  
5.165e+01  3.849e+01  4.267e+01  
3.593e+01  2.876e+01  3.703e+01  
2.956e+01  2.745e+01  3.427e+01  
4.280e+01  3.036e+01  4.548e+01  
4.143e+01  1.920e+01  4.463e+01  
3.965e+01  2.614e+01  4.465e+01  
4.033e+01  4.589e+01  4.626e+01  
4.180e+01  4.194e+01  5.085e+01  
3.319e+01  3.871e+01  3.537e+01  
4.585e+01  4.160e+01  3.931e+01  
4.674e+01  3.937e+01  4.104e+01  
2.836e+01  2.609e+01  3.273e+01  
3.230e+01  3.173e+01  3.562e+01  
3.442e+01  4.341e+01  4.105e+01  
3.578e+01  2.774e+01  4.196e+01  
5.054e+01  4.349e+01  5.323e+01  
3.687e+01  2.915e+01  4.083e+01  
3.517e+01  3.389e+01  2.936e+01  
6.983e+00  1.632e-01  1.613e-01  
7.023e-01  6.270e+00  7.024e-01  
3.281e-04  2.260e-03  1.000e+00  
9.758e-01  1.632e-01  1.602e-01  
9.978e-01  1.651e-01  4.262e-02  
2.893e+00  1.488e-01  4.384e-01  
9.861e-01  1.901e-01  2.907e-02  
9.674e-01  1.597e-01  2.586e-01  
9.800e-01  1.931e-01  1.150e-01  
6.477e-01  1.095e-01  7.546e-01  
9.863e-01  2.118e-01  2.389e-02  
9.608e-01  1.718e-01  2.272e-01  
9.770e-01  2.264e-01  1.391e-01  
8.189e-01  1.353e-01  5.777e-01  
9.820e-01  1.857e-01  9.685e-02  
9.223e-01  1.600e-01  3.551e-01  
9.556e-01  1.736e-01  2.489e-01  
3.810e-01  6.369e-02  9.266e-01  
9.863e-01  1.863e-01  2.069e-02  
9.260e-01  2.815e-01  3.452e-01  
9.665e-01  3.022e-01  2.009e-01  
8.469e-01  1.449e-01  5.131e-01  
9.789e-01  2.361e-01  1.244e-01  
8.642e-01  2.251e-01  4.826e-01  
9.292e-01  4.011e-01  3.360e-01  
5.262e-01  8.932e-02  8.462e-01  
9.827e-01  2.489e-01  8.935e-02  
8.490e-01  2.846e-01  5.095e-01  
9.292e-01  4.011e-01  3.360e-01  
7.291e-01  1.268e-01  6.740e-01  
9.581e-01  5.117e-01  2.388e-01  
7.557e-01  2.315e-01  6.430e-01  
8.576e-01  3.503e-01  4.944e-01  
2.006e-01  3.362e-02  9.812e-01  
9.863e-01  1.856e-01  2.058e-02  
8.085e-01  1.655e-01  5.731e-01  
9.242e-01  2.065e-01  3.500e-01  
6.583e-01  1.642e-01  7.449e-01  
9.650e-01  6.244e-01  2.080e-01  
6.966e-01  2.487e-01  7.083e-01  
8.334e-01  2.410e-01  5.353e-01  
5.479e-01  1.028e-01  8.318e-01  
9.776e-01  2.005e-01  1.347e-01  
6.833e-01  2.134e-01  7.215e-01  
8.414e-01  4.910e-01  5.222e-01  
5.230e-01  1.755e-01  8.481e-01  
9.140e-01  7.624e-01  3.765e-01  
5.585e-01  2.264e-01  8.245e-01  
7.076e-01  2.213e-01  6.970e-01  
2.850e-01  4.900e-02  9.577e-01  
9.809e-01  9.950e-01  1.071e-01  
6.008e-01  4.333e-01  7.933e-01  
7.959e-01  9.815e-01  5.911e-01  
4.347e-01  1.116e-01  8.978e-01  
8.979e-01  6.604e-01  4.145e-01  
4.701e-01  1.422e-01  8.793e-01  
6.312e-01  4.724e-01  7.687e-01  
3.402e-01  7.409e-02  9.388e-01  
9.354e-01  2.390e+00  3.178e-01  
4.524e-01  5.000e-01  8.887e-01  
6.358e-01  1.085e+00  7.648e-01  
3.170e-01  1.273e-01  9.471e-01  
7.571e-01  9.802e-01  6.412e-01  
3.402e-01  3.311e-01  9.388e-01  
4.657e-01  7.458e-01  8.817e-01  
9.561e-02  1.777e-02  9.955e-01  
9.860e-01  7.185e-01  3.269e-02  
4.061e-01  8.155e-01  9.114e-01  
6.402e-01  8.473e-01  7.610e-01  
2.639e-01  2.090e-01  9.637e-01  
8.237e-01  8.329e-01  5.505e-01  
2.872e-01  5.063e-01  9.568e-01  
4.271e-01  7.250e-01  9.015e-01  
1.921e-01  4.005e-02  9.810e-01  
9.093e-01  4.433e+00  3.882e-01  
2.646e-01  5.372e-01  9.635e-01  
4.202e-01  6.504e-01  9.048e-01  
1.694e-01  1.270e-01  9.853e-01  
5.618e-01  2.405e+00  8.222e-01  
1.782e-01  3.813e-01  9.836e-01  
2.574e-01  4.728e-01  9.655e-01  
1.171e-01  3.176e-02  9.930e-01  
9.258e-01  7.534e-01  3.459e-01  
1.783e-01  8.217e-01  9.836e-01  
2.998e-01  1.093e+00  9.528e-01  
1.062e-01  2.194e-01  9.943e-01  
4.274e-01  1.721e+00  9.014e-01  
1.069e-01  3.294e-01  9.942e-01  
1.553e-01  1.335e+00  9.876e-01  
6.437e-02  5.853e-02  9.980e-01  
4.605e-01  6.783e+00  8.845e-01  
7.764e-02  5.346e-01  9.970e-01  
1.160e-01  1.002e+00  9.932e-01  
4.133e-02  2.611e-02  9.992e-01  
1.295e-01  2.951e+00  9.915e-01  
3.284e-02  6.744e-02  9.995e-01  
3.888e-02  9.657e-01  9.993e-01  
1.324e-02  9.207e-03  1.000e+00  
3.161e-01  2.626e+00  9.474e-01  
4.847e-03  5.340e-01  1.000e+00  
2.995e+00  1.632e-01  1.613e-01  
7.023e-01  5.197e+00  7.024e-01  
7.521e-05  1.889e-03  1.000e+00  
2.995e+00  1.632e-01  1.613e-01  
9.885e-01  1.651e-01  5.234e-02  
2.902e+00  1.487e-01  4.402e-01  
9.861e-01  1.894e-01  2.905e-02  
9.526e-01  1.596e-01  2.613e-01  
9.800e-01  1.875e-01  1.150e-01  
6.503e-01  1.095e-01  7.537e-01  
9.863e-01  2.610e-01  2.389e-02  
9.608e-01  1.735e-01  2.274e-01  
9.770e-01  2.125e-01  1.391e-01  
8.189e-01  1.353e-01  5.777e-01  
9.819e-01  2.157e-01  9.683e-02  
9.223e-01  1.616e-01  3.552e-01  
9.555e-01  2.313e-01  2.489e-01  
3.716e-01  6.353e-02  9.266e-01  
9.863e-01  3.112e-01  2.067e-02  
9.259e-01  2.937e-01  3.454e-01  
9.665e-01  2.277e-01  2.009e-01  
8.469e-01  1.447e-01  5.131e-01  
9.789e-01  3.365e-01  1.244e-01  
8.641e-01  2.256e-01  4.826e-01  
9.293e-01  2.376e-01  3.360e-01  
5.268e-01  8.933e-02  8.456e-01  
9.826e-01  3.316e-01  8.943e-02  
8.490e-01  2.542e-01  5.094e-01  
9.292e-01  2.553e-01  3.362e-01  
7.291e-01  1.264e-01  6.738e-01  
9.580e-01  2.585e-01  2.387e-01  
7.557e-01  1.739e-01  6.430e-01  
8.576e-01  2.121e-01  4.944e-01  
1.890e-01  3.319e-02  9.816e-01  
9.863e-01  2.604e-01  2.055e-02  
8.085e-01  4.446e-01  5.731e-01  
9.242e-01  2.532e-01  3.500e-01  
6.583e-01  2.162e-01  7.449e-01  
9.650e-01  4.469e-01  2.080e-01  
6.966e-01  1.532e-01  7.083e-01  
8.334e-01  5.648e-01  5.353e-01  
5.483e-01  1.009e-01  8.315e-01  
9.776e-01  2.026e-01  1.348e-01  
6.833e-01  4.330e-01  7.215e-01  
8.414e-01  3.148e-01  5.222e-01  
5.230e-01  1.514e-01  8.480e-01  
9.140e-01  8.681e-01  3.764e-01  
5.585e-01  1.232e-01  8.244e-01  
7.076e-01  5.482e-01  6.970e-01  
2.842e-01  4.895e-02  9.577e-01  
9.809e-01  3.496e-01  1.073e-01  
6.008e-01  1.566e-01  7.933e-01  
7.959e-01  9.407e-01  5.910e-01  
4.347e-01  2.129e-01  8.978e-01  
8.979e-01  8.307e-01  4.145e-01  
4.701e-01  2.806e-01  8.793e-01  
6.312e-01  7.393e-01  7.686e-01  
3.402e-01  7.410e-02  9.388e-01  
9.354e-01  1.487e+00  3.179e-01  
4.524e-01  3.009e-01  8.887e-01  
6.358e-01  3.079e-01  7.647e-01  
3.170e-01  1.254e-01  9.471e-01  
7.571e-01  1.534e+00  6.412e-01  
3.402e-01  2.360e-01  9.387e-01  
4.657e-01  6.872e-01  8.817e-01  
9.349e-02  1.740e-02  9.956e-01  
9.860e-01  3.733e-01  3.274e-02  
4.061e-01  5.703e-01  9.114e-01  
6.402e-01  6.778e-01  7.610e-01  
2.641e-01  1.562e-01  9.636e-01  
8.237e-01  1.031e+00  5.505e-01  
2.872e-01  2.845e-01  9.568e-01  
4.271e-01  8.783e-01  9.015e-01  
1.922e-01  7.391e-02  9.809e-01  
9.092e-01  2.460e+00  3.882e-01  
2.646e-01  5.864e-01  9.634e-01  
4.202e-01  4.363e-01  9.048e-01  
1.694e-01  1.453e-01  9.852e-01  
5.618e-01  1.426e+00  8.221e-01  
1.783e-01  3.567e-01  9.836e-01  
2.574e-01  4.754e-01  9.655e-01  
1.172e-01  5.662e-02  9.930e-01  
9.257e-01  4.938e-01  3.459e-01  
1.783e-01  5.754e-01  9.836e-01  
2.998e-01  2.615e-01  9.528e-01  
1.062e-01  1.438e-01  9.943e-01  
4.274e-01  1.149e+00  9.014e-01  
1.069e-01  5.038e-01  9.942e-01  
1.552e-01  4.732e-01  9.876e-01  
6.435e-02  1.608e-02  9.980e-01  
4.605e-01  5.394e+00  8.845e-01  
7.776e-02  5.536e-01  9.970e-01  
1.160e-01  3.939e-01  9.932e-01  
4.138e-02  1.041e-01  9.992e-01  
1.296e-01  3.054e+00  9.914e-01  
3.306e-02  2.565e-01  9.995e-01  
3.888e-02  8.634e-01  9.993e-01  
1.345e-02  2.289e-02  1.000e+00  
3.162e-01  2.595e+00  9.474e-01  
4.946e-03  6.318e-01  1.000e+00  
6.993e+00  1.631e-01  1.614e-01  
7.023e-01  7.589e+00  7.024e-01  
5.319e-05  1.890e-03  1.000e+00  
2.977e+00  1.631e-01  1.614e-01  
9.884e-01  1.651e-01  5.171e-02  
2.894e+00  1.486e-01  4.402e-01  
9.861e-01  1.878e-01  2.903e-02  
9.526e-01  1.596e-01  2.613e-01  
9.800e-01  1.768e-01  1.150e-01  
6.505e-01  1.094e-01  7.532e-01  
9.863e-01  2.458e-01  2.386e-02  
9.608e-01  1.752e-01  2.274e-01  
9.770e-01  2.268e-01  1.392e-01  
8.189e-01  1.353e-01  5.777e-01  
9.819e-01  2.361e-01  9.676e-02  
9.223e-01  1.597e-01  3.552e-01  
9.555e-01  2.313e-01  2.489e-01  
3.716e-01  6.357e-02  9.266e-01  
9.863e-01  3.186e-01  2.065e-02  
9.259e-01  1.854e-01  3.454e-01  
9.665e-01  2.707e-01  2.008e-01  
8.469e-01  1.424e-01  5.131e-01  
9.789e-01  2.364e-01  1.244e-01  
8.641e-01  2.381e-01  4.826e-01  
9.293e-01  1.714e-01  3.359e-01  
5.283e-01  8.924e-02  8.451e-01  
9.826e-01  3.092e-01  8.941e-02  
8.490e-01  2.739e-01  5.094e-01  
9.292e-01  2.703e-01  3.362e-01  
7.291e-01  1.262e-01  6.738e-01  
9.580e-01  2.211e-01  2.388e-01  
7.557e-01  1.978e-01  6.430e-01  
8.576e-01  3.062e-01  4.944e-01  
1.907e-01  3.343e-02  9.812e-01  
9.863e-01  1.956e-01  2.054e-02  
8.086e-01  2.828e-01  5.731e-01  
9.242e-01  3.433e-01  3.500e-01  
6.583e-01  1.828e-01  7.449e-01  
9.650e-01  3.249e-01  2.079e-01  
6.966e-01  3.553e-01  7.082e-01  
8.334e-01  6.603e-01  5.353e-01  
5.482e-01  9.975e-02  8.315e-01  
9.776e-01  6.647e-01  1.348e-01  
6.833e-01  3.627e-01  7.215e-01  
8.414e-01  4.427e-01  5.222e-01  
5.230e-01  1.592e-01  8.480e-01  
9.140e-01  4.265e-01  3.765e-01  
5.585e-01  2.656e-01  8.244e-01  
7.076e-01  4.820e-01  6.970e-01  
2.843e-01  4.892e-02  9.577e-01  
9.809e-01  3.496e-01  1.073e-01  
6.008e-01  6.492e-01  7.933e-01  
7.959e-01  1.145e+00  5.910e-01  
4.347e-01  1.805e-01  8.978e-01  
8.979e-01  2.993e-01  4.145e-01  
4.701e-01  2.557e-01  8.793e-01  
6.312e-01  6.403e-01  7.686e-01  
3.401e-01  7.517e-02  9.388e-01  
9.354e-01  2.464e+00  3.178e-01  
4.525e-01  4.492e-01  8.887e-01  
6.358e-01  6.950e-01  7.647e-01  
3.170e-01  9.083e-02  9.471e-01  
7.571e-01  1.351e+00  6.412e-01  
3.403e-01  3.225e-01  9.387e-01  
4.657e-01  8.118e-01  8.817e-01  
9.513e-02  1.762e-02  9.954e-01  
9.860e-01  3.733e-01  3.274e-02  
4.062e-01  5.855e-01  9.114e-01  
6.402e-01  1.097e+00  7.610e-01  
2.641e-01  2.718e-01  9.636e-01  
8.237e-01  2.981e+00  5.505e-01  
2.872e-01  5.214e-01  9.568e-01  
4.271e-01  6.399e-01  9.015e-01  
1.922e-01  7.391e-02  9.809e-01  
9.093e-01  4.478e+00  3.881e-01  
2.646e-01  7.200e-01  9.634e-01  
4.203e-01  1.126e+00  9.048e-01  
1.694e-01  1.922e-01  9.852e-01  
5.618e-01  2.538e+00  8.221e-01  
1.783e-01  2.892e-01  9.836e-01  
2.574e-01  6.223e-01  9.654e-01  
1.172e-01  5.662e-02  9.930e-01  
9.257e-01  2.242e+00  3.458e-01  
1.783e-01  3.613e-01  9.836e-01  
2.998e-01  5.587e-01  9.528e-01  
1.062e-01  1.821e-01  9.943e-01  
4.274e-01  3.542e+00  9.014e-01  
1.069e-01  4.927e-01  9.942e-01  
1.553e-01  3.816e-01  9.876e-01  
6.433e-02  4.717e-02  9.980e-01  
4.605e-01  6.196e+00  8.845e-01  
7.775e-02  6.245e-01  9.970e-01  
1.159e-01  4.321e-01  9.932e-01  
4.141e-02  1.293e-01  9.992e-01  
1.296e-01  1.766e+00  9.914e-01  
3.307e-02  2.353e-01  9.995e-01  
3.888e-02  8.019e-01  9.993e-01  
1.345e-02  2.289e-02  1.000e+00  
3.162e-01  4.777e+00  9.474e-01  
4.931e-03  7.412e-01  1.000e+00  
1.098e+01  1.631e-01  1.614e-01  
7.023e-01  7.589e+00  7.024e-01  
3.803e-05  1.921e-03  1.000e+00  
2.974e+00  1.631e-01  1.614e-01  
9.873e-01  1.651e-01  5.050e-02  
2.894e+00  1.486e-01  4.404e-01  
9.861e-01  1.998e-01  2.897e-02  
9.525e-01  1.596e-01  2.612e-01  
9.800e-01  1.814e-01  1.150e-01  
6.505e-01  1.094e-01  7.532e-01  
9.863e-01  2.237e-01  2.384e-02  
9.607e-01  1.731e-01  2.273e-01  
9.770e-01  2.268e-01  1.392e-01  
8.189e-01  1.353e-01  5.777e-01  
9.819e-01  1.920e-01  9.677e-02  
9.223e-01  1.612e-01  3.552e-01  
9.555e-01  2.270e-01  2.489e-01  
3.717e-01  6.351e-02  9.264e-01  
9.863e-01  2.283e-01  2.062e-02  
9.259e-01  2.883e-01  3.453e-01  
9.665e-01  2.585e-01  2.008e-01  
8.469e-01  1.448e-01  5.131e-01  
9.789e-01  2.120e-01  1.244e-01  
8.641e-01  1.542e-01  4.826e-01  
9.293e-01  1.946e-01  3.359e-01  
5.277e-01  8.923e-02  8.451e-01  
9.826e-01  4.227e-01  8.938e-02  
8.490e-01  3.413e-01  5.094e-01  
9.292e-01  2.703e-01  3.362e-01  
7.291e-01  1.239e-01  6.738e-01  
9.580e-01  2.211e-01  2.388e-01  
7.557e-01  2.455e-01  6.430e-01  
8.576e-01  2.910e-01  4.944e-01  
1.907e-01  3.343e-02  9.812e-01  
9.863e-01  4.825e-01  2.050e-02  
8.086e-01  2.828e-01  5.731e-01  
9.242e-01  2.291e-01  3.500e-01  
6.584e-01  1.931e-01  7.449e-01  
9.650e-01  3.608e-01  2.079e-01  
6.966e-01  3.957e-01  7.082e-01  
8.334e-01  7.605e-01  5.353e-01  
5.482e-01  1.025e-01  8.315e-01  
9.776e-01  2.257e-01  1.348e-01  
6.833e-01  2.637e-01  7.214e-01  
8.414e-01  3.198e-01  5.222e-01  
5.230e-01  1.390e-01  8.480e-01  
9.140e-01  5.552e-01  3.765e-01  
5.585e-01  1.921e-01  8.244e-01  
7.076e-01  3.045e-01  6.969e-01  
2.842e-01  4.892e-02  9.577e-01  
9.809e-01  3.496e-01  1.073e-01  
6.008e-01  6.492e-01  7.933e-01  
7.959e-01  7.873e-01  5.910e-01  
4.347e-01  1.805e-01  8.978e-01  
8.979e-01  1.769e-01  4.145e-01  
4.701e-01  2.557e-01  8.793e-01  
6.312e-01  5.305e-01  7.686e-01  
3.401e-01  6.675e-02  9.388e-01  
9.354e-01  6.031e-01  3.178e-01  
4.525e-01  4.962e-01  8.887e-01  
6.358e-01  6.950e-01  7.647e-01  
3.170e-01  1.160e-01  9.471e-01  
7.572e-01  9.320e-01  6.412e-01  
3.403e-01  2.396e-01  9.387e-01  
4.657e-01  8.002e-01  8.817e-01  
9.535e-02  1.762e-02  9.954e-01  
9.860e-01  3.733e-01  3.274e-02  
4.062e-01  8.289e-01  9.114e-01  
6.402e-01  1.124e+00  7.609e-01  
2.641e-01  1.514e-01  9.636e-01  
8.237e-01  2.981e+00  5.505e-01  
2.872e-01  3.410e-01  9.568e-01  
4.271e-01  8.235e-01  9.015e-01  
1.922e-01  8.214e-02  9.809e-01  
9.093e-01  3.144e+00  3.881e-01  
2.647e-01  6.175e-01  9.634e-01  
4.203e-01  1.213e+00  9.048e-01  
1.694e-01  1.762e-01  9.852e-01  
5.618e-01  3.099e+00  8.221e-01  
1.783e-01  2.686e-01  9.836e-01  
2.574e-01  7.831e-01  9.654e-01  
1.172e-01  4.369e-02  9.930e-01  
9.258e-01  1.017e+00  3.458e-01  
1.783e-01  3.613e-01  9.836e-01  
2.998e-01  5.587e-01  9.528e-01  
1.062e-01  7.400e-02  9.943e-01  
4.274e-01  3.062e+00  9.014e-01  
1.069e-01  4.097e-01  9.942e-01  
1.553e-01  3.816e-01  9.876e-01  
6.435e-02  3.337e-02  9.980e-01  
4.605e-01  2.824e+00  8.845e-01  
7.774e-02  4.840e-01  9.970e-01  
1.160e-01  7.613e-01  9.932e-01  
4.139e-02  1.402e-01  9.992e-01  
1.296e-01  1.766e+00  9.914e-01  
3.306e-02  3.385e-01  9.995e-01  
3.888e-02  7.493e-01  9.993e-01  
1.345e-02  2.289e-02  1.000e+00  
3.162e-01  4.777e+00  9.474e-01  
4.938e-03  6.751e-01  1.000e+00  
1.098e+01  1.631e-01  1.614e-01  
7.023e-01  9.392e+00  7.024e-01  
3.773e-05  1.921e-03  1.000e+00  
2.975e+00  1.631e-01  1.614e-01  
9.873e-01  1.651e-01  5.050e-02  
2.894e+00  1.486e-01  4.404e-01  
9.861e-01  1.892e-01  2.900e-02  
9.525e-01  1.596e-01  2.612e-01  
9.800e-01  1.842e-01  1.150e-01  
6.505e-01  1.094e-01  7.532e-01  
9.863e-01  3.327e-01  2.384e-02  
9.607e-01  1.778e-01  2.273e-01  
9.770e-01  2.268e-01  1.392e-01  
8.053e-01  1.353e-01  5.777e-01  
9.819e-01  2.929e-01  9.678e-02  
9.223e-01  1.593e-01  3.552e-01  
9.555e-01  2.270e-01  2.489e-01  
3.716e-01  6.344e-02  9.264e-01  
9.863e-01  2.881e-01  2.062e-02  
9.259e-01  1.835e-01  3.454e-01  
9.665e-01  3.687e-01  2.008e-01  
8.469e-01  1.451e-01  5.131e-01  
9.789e-01  4.481e-01  1.244e-01  
8.641e-01  1.542e-01  4.826e-01  
9.293e-01  1.946e-01  3.359e-01  
5.276e-01  8.923e-02  8.451e-01  
9.826e-01  2.739e-01  8.938e-02  
8.490e-01  2.611e-01  5.094e-01  
9.292e-01  3.648e-01  3.362e-01  
7.291e-01  1.246e-01  6.738e-01  
9.580e-01  2.211e-01  2.388e-01  
7.557e-01  2.162e-01  6.430e-01  
8.576e-01  5.349e-01  4.944e-01  
1.908e-01  3.347e-02  9.812e-01  
9.863e-01  4.825e-01  2.050e-02  
8.085e-01  2.609e-01  5.731e-01  
9.242e-01  2.754e-01  3.500e-01  
6.583e-01  2.293e-01  7.449e-01  
9.650e-01  3.608e-01  2.079e-01  
6.966e-01  2.658e-01  7.082e-01  
8.334e-01  7.605e-01  5.353e-01  
5.482e-01  1.019e-01  8.315e-01  
9.776e-01  2.321e-01  1.348e-01  
6.833e-01  2.637e-01  7.214e-01  
8.414e-01  3.317e-01  5.222e-01  
5.230e-01  1.682e-01  8.480e-01  
9.140e-01  1.095e+00  3.765e-01  
5.585e-01  1.326e-01  8.244e-01  
7.076e-01  5.293e-01  6.969e-01  
2.842e-01  4.891e-02  9.577e-01  
9.809e-01  7.611e-01  1.072e-01  
6.008e-01  6.492e-01  7.933e-01  
7.959e-01  5.176e-01  5.910e-01  
4.347e-01  9.511e-02  8.978e-01  
8.979e-01  6.175e-01  4.145e-01  
4.701e-01  2.445e-01  8.793e-01  
6.312e-01  6.454e-01  7.686e-01  
3.401e-01  6.675e-02  9.388e-01  
9.354e-01  6.510e-01  3.178e-01  
4.525e-01  2.926e-01  8.887e-01  
6.358e-01  9.032e-01  7.647e-01  
3.170e-01  1.174e-01  9.471e-01  
7.572e-01  1.007e+00  6.412e-01  
3.403e-01  8.795e-02  9.387e-01  
4.657e-01  2.558e-01  8.817e-01  
9.531e-02  1.762e-02  9.954e-01  
9.860e-01  3.733e-01  3.274e-02  
4.062e-01  2.178e-01  9.114e-01  
6.402e-01  1.091e+00  7.609e-01  
2.641e-01  1.514e-01  9.636e-01  
8.237e-01  2.183e+00  5.505e-01  
2.872e-01  3.410e-01  9.568e-01  
4.271e-01  4.747e-01  9.015e-01  
1.922e-01  1.240e-01  9.809e-01  
9.092e-01  4.266e+00  3.881e-01  
2.647e-01  2.636e-01  9.634e-01  
4.203e-01  1.395e+00  9.048e-01  
1.694e-01  1.952e-01  9.852e-01  
5.618e-01  3.099e+00  8.221e-01  
1.783e-01  2.686e-01  9.836e-01  
2.574e-01  7.258e-01  9.654e-01  
1.172e-01  4.369e-02  9.930e-01  
9.257e-01  2.224e+00  3.458e-01  
1.783e-01  3.613e-01  9.836e-01  
2.998e-01  4.565e-01  9.528e-01  
1.062e-01  7.400e-02  9.943e-01  
4.274e-01  3.062e+00  9.014e-01  
1.069e-01  2.175e-01  9.942e-01  
1.553e-01  2.733e-01  9.876e-01  
6.436e-02  6.125e-02  9.980e-01  
4.605e-01  6.717e+00  8.845e-01  
7.776e-02  5.276e-01  9.970e-01  
1.160e-01  7.751e-01  9.932e-01  
4.139e-02  1.385e-01  9.992e-01  
1.296e-01  1.766e+00  9.914e-01  
3.307e-02  7.422e-02  9.995e-01  
3.889e-02  3.284e-01  9.993e-01  
1.345e-02  2.289e-02  1.000e+00  
3.162e-01  4.777e+00  9.474e-01  
4.945e-03  3.969e-01  1.000e+00  
2.979e+00  1.631e-01  1.614e-01  
7.023e-01  2.325e+00  7.024e-01  
4.694e-05  1.856e-03  1.000e+00  
2.979e+00  1.631e-01  1.614e-01  
9.902e-01  1.650e-01  5.431e-02  
2.895e+00  1.486e-01  4.403e-01  
9.861e-01  1.898e-01  2.900e-02  
9.575e-01  1.596e-01  2.611e-01  
9.800e-01  1.854e-01  1.150e-01  
6.505e-01  1.094e-01  7.532e-01  
9.863e-01  1.820e-01  2.384e-02  
9.607e-01  1.705e-01  2.273e-01  
9.770e-01  2.101e-01  1.391e-01  
8.050e-01  1.352e-01  5.783e-01  
9.819e-01  1.871e-01  9.678e-02  
9.223e-01  1.626e-01  3.552e-01  
9.555e-01  1.633e-01  2.489e-01  
3.716e-01  6.355e-02  9.264e-01  
9.863e-01  1.765e-01  2.062e-02  
9.259e-01  1.759e-01  3.454e-01  
9.665e-01  2.259e-01  2.008e-01  
8.469e-01  1.450e-01  5.130e-01  
9.789e-01  3.149e-01  1.244e-01  
8.641e-01  1.542e-01  4.826e-01  
9.293e-01  2.565e-01  3.359e-01  
5.276e-01  8.923e-02  8.451e-01  
9.826e-01  3.206e-01  8.938e-02  
8.490e-01  2.611e-01  5.094e-01  
9.292e-01  2.259e-01  3.362e-01  
7.291e-01  1.246e-01  6.738e-01  
9.580e-01  2.211e-01  2.388e-01  
7.557e-01  1.837e-01  6.430e-01  
8.576e-01  1.976e-01  4.944e-01  
1.908e-01  3.345e-02  9.812e-01  
9.863e-01  4.825e-01  2.050e-02  
8.085e-01  3.458e-01  5.731e-01  
9.242e-01  2.178e-01  3.500e-01  
6.583e-01  2.293e-01  7.449e-01  
9.650e-01  3.608e-01  2.079e-01  
6.966e-01  1.653e-01  7.082e-01  
8.334e-01  1.903e-01  5.353e-01  
5.482e-01  1.037e-01  8.315e-01  
9.776e-01  2.217e-01  1.348e-01  
6.833e-01  1.852e-01  7.214e-01  
8.414e-01  3.547e-01  5.222e-01  
5.230e-01  1.682e-01  8.480e-01  
9.140e-01  5.943e-01  3.765e-01  
5.585e-01  2.027e-01  8.244e-01  
7.076e-01  1.967e-01  6.969e-01  
2.842e-01  4.891e-02  9.577e-01  
9.809e-01  7.611e-01  1.072e-01  
6.008e-01  5.139e-01  7.933e-01  
7.959e-01  5.855e-01  5.910e-01  
4.347e-01  9.511e-02  8.978e-01  
8.979e-01  2.280e-01  4.145e-01  
4.701e-01  2.445e-01  8.793e-01  
6.312e-01  5.384e-01  7.686e-01  
3.402e-01  8.063e-02  9.388e-01  
9.354e-01  2.295e+00  3.178e-01  
4.525e-01  4.443e-01  8.887e-01  
6.358e-01  4.396e-01  7.647e-01  
3.170e-01  1.157e-01  9.471e-01  
7.572e-01  2.287e-01  6.412e-01  
3.403e-01  1.906e-01  9.387e-01  
4.657e-01  4.814e-01  8.817e-01  
9.531e-02  1.761e-02  9.954e-01  
9.860e-01  2.494e+00  3.273e-02  
4.062e-01  6.532e-01  9.114e-01  
6.402e-01  4.223e-01  7.609e-01  
2.641e-01  1.514e-01  9.636e-01  
8.237e-01  2.646e+00  5.505e-01  
2.872e-01  4.378e-01  9.568e-01  
4.271e-01  5.648e-01  9.015e-01  
1.922e-01  1.258e-01  9.809e-01  
9.092e-01  2.768e+00  3.881e-01  
2.647e-01  2.636e-01  9.634e-01  
4.203e-01  5.999e-01  9.048e-01  
1.694e-01  1.952e-01  9.852e-01  
5.618e-01  2.237e+00  8.221e-01  
1.783e-01  3.151e-01  9.836e-01  
2.574e-01  6.431e-01  9.654e-01  
1.172e-01  5.342e-02  9.930e-01  
9.257e-01  2.252e+00  3.458e-01  
1.783e-01  3.363e-01  9.836e-01  
2.998e-01  2.101e+00  9.528e-01  
1.062e-01  7.400e-02  9.943e-01  
4.274e-01  2.264e+00  9.014e-01  
1.069e-01  2.556e-01  9.942e-01  
1.553e-01  3.693e-01  9.876e-01  
6.436e-02  3.027e-02  9.980e-01  
4.605e-01  6.519e+00  8.845e-01  
7.775e-02  3.598e-01  9.970e-01  
1.160e-01  2.861e-01  9.932e-01  
4.139e-02  1.385e-01  9.992e-01  
1.296e-01  2.799e-01  9.914e-01  
3.302e-02  1.755e-01  9.995e-01  
3.888e-02  2.515e-01  9.993e-01  
1.345e-02  2.289e-02  1.000e+00  
3.161e-01  2.153e+00  9.474e-01  
4.906e-03  3.249e-01  1.000e+00  
2.979e+00  1.631e-01  1.614e-01  
7.023e-01  2.665e+00  7.024e-01  
4.694e-05  1.856e-03  1.000e+00  
2.979e+00  1.631e-01  1.614e-01  
9.905e-01  1.650e-01  5.416e-02  
2.886e+00  1.486e-01  4.404e-01  
9.861e-01  1.903e-01  2.900e-02  
9.575e-01  1.596e-01  2.619e-01  
9.800e-01  1.879e-01  1.150e-01  
6.492e-01  1.094e-01  7.531e-01  
9.863e-01  3.209e-01  2.384e-02  
9.607e-01  1.705e-01  2.273e-01  
9.770e-01  2.736e-01  1.392e-01  
8.049e-01  1.352e-01  5.783e-01  
9.819e-01  3.930e-01  9.678e-02  
9.223e-01  1.622e-01  3.552e-01  
9.555e-01  2.496e-01  2.489e-01  
3.723e-01  6.351e-02  9.262e-01  
9.863e-01  4.790e-01  2.062e-02  
9.259e-01  2.030e-01  3.454e-01  
9.665e-01  2.225e-01  2.008e-01  
8.469e-01  1.446e-01  5.130e-01  
9.789e-01  3.936e-01  1.244e-01  
8.641e-01  2.224e-01  4.826e-01  
9.293e-01  2.556e-01  3.359e-01  
5.276e-01  8.923e-02  8.451e-01  
9.826e-01  8.269e-01  8.939e-02  
8.490e-01  2.611e-01  5.094e-01  
9.292e-01  4.858e-01  3.362e-01  
7.291e-01  1.246e-01  6.738e-01  
9.580e-01  4.519e-01  2.388e-01  
7.557e-01  1.837e-01  6.430e-01  
8.576e-01  3.792e-01  4.944e-01  
1.908e-01  3.345e-02  9.812e-01  
9.863e-01  8.989e-01  2.052e-02  
8.085e-01  5.235e-01  5.731e-01  
9.242e-01  6.495e-01  3.500e-01  
6.583e-01  2.293e-01  7.449e-01  
9.650e-01  7.856e-01  2.079e-01  
6.966e-01  1.653e-01  7.082e-01  
8.334e-01  1.903e-01  5.353e-01  
5.482e-01  1.035e-01  8.315e-01  
9.776e-01  1.462e+00  1.348e-01  
6.833e-01  1.852e-01  7.214e-01  
8.414e-01  8.825e-01  5.222e-01  
5.230e-01  1.682e-01  8.480e-01  
9.140e-01  1.053e+00  3.765e-01  
5.585e-01  3.019e-01  8.244e-01  
7.076e-01  1.967e-01  6.969e-01  
2.842e-01  4.891e-02  9.577e-01  
9.809e-01  1.251e+00  1.073e-01  
6.008e-01  5.139e-01  7.933e-01  
7.959e-01  6.839e-01  5.910e-01  
4.347e-01  9.511e-02  8.978e-01  
8.979e-01  1.070e+00  4.145e-01  
4.701e-01  3.070e-01  8.793e-01  
6.312e-01  1.920e-01  7.686e-01  
3.402e-01  8.063e-02  9.388e-01  
9.354e-01  7.548e-01  3.178e-01  
4.525e-01  4.443e-01  8.887e-01  
6.358e-01  4.416e-01  7.647e-01  
3.170e-01  1.157e-01  9.471e-01  
7.572e-01  6.058e-01  6.412e-01  
3.403e-01  1.906e-01  9.387e-01  
4.657e-01  6.034e-01  8.817e-01  
9.531e-02  1.761e-02  9.954e-01  
9.860e-01  3.107e+00  3.275e-02  
4.062e-01  6.532e-01  9.114e-01  
6.402e-01  4.108e-01  7.609e-01  
2.641e-01  2.933e-01  9.636e-01  
8.237e-01  8.812e-01  5.505e-01  
2.872e-01  4.378e-01  9.568e-01  
4.271e-01  4.588e-01  9.015e-01  
1.922e-01  1.128e-01  9.809e-01  
9.092e-01  4.783e-01  3.881e-01  
2.647e-01  2.636e-01  9.634e-01  
4.203e-01  1.807e-01  9.048e-01  
1.694e-01  1.952e-01  9.852e-01  
5.618e-01  2.405e+00  8.221e-01  
1.783e-01  3.151e-01  9.836e-01  
2.574e-01  6.431e-01  9.654e-01  
1.172e-01  5.316e-02  9.930e-01  
9.257e-01  3.086e+00  3.458e-01  
1.783e-01  3.363e-01  9.836e-01  
2.998e-01  2.101e+00  9.528e-01  
1.062e-01  7.400e-02  9.943e-01  
4.274e-01  7.971e-01  9.014e-01  
1.069e-01  2.556e-01  9.942e-01  
1.553e-01  3.693e-01  9.876e-01  
6.436e-02  6.217e-02  9.980e-01  
4.605e-01  4.243e+00  8.845e-01  
7.775e-02  3.598e-01  9.970e-01  
1.160e-01  2.861e-01  9.932e-01  
4.140e-02  8.123e-02  9.992e-01  
1.296e-01  4.745e-01  9.914e-01  
3.302e-02  1.649e-01  9.995e-01  
3.888e-02  2.515e-01  9.993e-01  
1.344e-02  2.496e-02  1.000e+00  
3.162e-01  4.576e+00  9.474e-01  
4.942e-03  9.035e-02  1.000e+00  
6.979e+00  1.631e-01  1.614e-01  
7.023e-01  2.283e+00  7.024e-01  
4.694e-05  1.856e-03  1.000e+00  
2.976e+00  1.631e-01  1.614e-01  
9.908e-01  1.650e-01  5.445e-02  
2.886e+00  1.486e-01  4.404e-01  
9.861e-01  1.884e-01  2.900e-02  
9.573e-01  1.596e-01  2.623e-01  
9.800e-01  1.826e-01  1.150e-01  
6.491e-01  1.094e-01  7.531e-01  
9.863e-01  2.769e-01  2.384e-02  
9.607e-01  1.705e-01  2.273e-01  
9.770e-01  2.340e-01  1.392e-01  
8.049e-01  1.352e-01  5.783e-01  
9.819e-01  3.708e-01  9.678e-02  
9.223e-01  1.624e-01  3.552e-01  
9.555e-01  2.523e-01  2.489e-01  
3.722e-01  6.355e-02  9.262e-01  
9.863e-01  3.897e-01  2.062e-02  
9.259e-01  2.653e-01  3.454e-01  
9.665e-01  4.336e-01  2.008e-01  
8.469e-01  1.449e-01  5.130e-01  
9.789e-01  3.791e-01  1.244e-01  
8.641e-01  2.210e-01  4.826e-01  
9.293e-01  2.845e-01  3.359e-01  
5.276e-01  8.923e-02  8.451e-01  
9.826e-01  5.175e-01  8.939e-02  
8.490e-01  2.611e-01  5.094e-01  
9.292e-01  5.120e-01  3.362e-01  
7.291e-01  1.246e-01  6.738e-01  
9.580e-01  3.709e-01  2.388e-01  
7.557e-01  1.837e-01  6.430e-01  
8.576e-01  5.609e-01  4.944e-01  
1.908e-01  3.345e-02  9.812e-01  
9.863e-01  8.989e-01  2.052e-02  
8.085e-01  2.169e-01  5.731e-01  
9.242e-01  5.274e-01  3.500e-01  
6.583e-01  2.293e-01  7.449e-01  
9.650e-01  9.867e-01  2.079e-01  
6.966e-01  1.653e-01  7.082e-01  
8.334e-01  1.903e-01  5.353e-01  
5.482e-01  1.035e-01  8.315e-01  
9.776e-01  1.462e+00  1.348e-01  
6.833e-01  1.852e-01  7.214e-01  
8.414e-01  8.825e-01  5.222e-01  
5.230e-01  1.682e-01  8.480e-01  
9.140e-01  1.114e+00  3.765e-01  
5.585e-01  3.019e-01  8.244e-01  
7.076e-01  1.967e-01  6.969e-01  
2.842e-01  4.891e-02  9.577e-01  
9.809e-01  5.545e-01  1.073e-01  
6.008e-01  5.139e-01  7.933e-01  
7.959e-01  6.839e-01  5.910e-01  
4.347e-01  9.511e-02  8.978e-01  
8.979e-01  4.638e-01  4.145e-01  
4.701e-01  3.070e-01  8.793e-01  
6.312e-01  1.920e-01  7.686e-01  
3.402e-01  8.063e-02  9.388e-01  
9.354e-01  7.548e-01  3.178e-01  
4.525e-01  4.443e-01  8.887e-01  
6.358e-01  4.416e-01  7.647e-01  
3.170e-01  1.157e-01  9.471e-01  
7.572e-01  1.092e+00  6.412e-01  
3.403e-01  1.469e-01  9.387e-01  
4.657e-01  6.034e-01  8.817e-01  
9.531e-02  1.761e-02  9.954e-01  
9.860e-01  2.330e+00  3.275e-02  
4.062e-01  6.532e-01  9.114e-01  
6.402e-01  1.613e+00  7.609e-01  
2.641e-01  2.933e-01  9.636e-01  
8.237e-01  2.782e+00  5.505e-01  
2.872e-01  4.378e-01  9.568e-01  
4.271e-01  2.910e-01  9.015e-01  
1.922e-01  1.128e-01  9.809e-01  
9.092e-01  4.346e+00  3.881e-01  
2.647e-01  2.636e-01  9.634e-01  
4.203e-01  1.807e-01  9.048e-01  
1.694e-01  1.952e-01  9.852e-01  
5.618e-01  2.405e+00  8.221e-01  
1.783e-01  3.151e-01  9.836e-01  
2.574e-01  6.431e-01  9.654e-01  
1.172e-01  5.316e-02  9.930e-01  
9.257e-01  5.102e+00  3.458e-01  
1.783e-01  3.363e-01  9.836e-01  
2.998e-01  2.101e+00  9.528e-01  
1.062e-01  7.400e-02  9.943e-01  
4.274e-01  7.971e-01  9.014e-01  
1.069e-01  1.529e-01  9.942e-01  
1.553e-01  3.693e-01  9.876e-01  
6.436e-02  6.217e-02  9.980e-01  
4.605e-01  4.243e+00  8.845e-01  
7.775e-02  3.598e-01  9.970e-01  
1.160e-01  2.861e-01  9.932e-01  
4.140e-02  8.123e-02  9.992e-01  
1.296e-01  4.745e-01  9.914e-01  
3.302e-02  1.649e-01  9.995e-01  
3.888e-02  2.515e-01  9.993e-01  
1.344e-02  2.496e-02  1.000e+00  
3.162e-01  4.576e+00  9.474e-01  
4.942e-03  9.035e-02  1.000e+00  
1.298e+01  1.631e-01  1.614e-01  
7.023e-01  6.047e+00  7.024e-01  
4.694e-05  1.856e-03  1.000e+00  
2.978e+00  1.631e-01  1.614e-01  
9.908e-01  1.650e-01  5.445e-02  
2.888e+00  1.486e-01  4.403e-01  
9.861e-01  1.955e-01  2.900e-02  
9.549e-01  1.596e-01  2.628e-01  
9.800e-01  1.930e-01  1.150e-01  
6.491e-01  1.094e-01  7.531e-01  
9.863e-01  2.769e-01  2.384e-02  
9.607e-01  1.743e-01  2.273e-01  
9.770e-01  2.657e-01  1.392e-01  
8.049e-01  1.352e-01  5.783e-01  
9.819e-01  2.863e-01  9.678e-02  
9.223e-01  1.630e-01  3.552e-01  
9.555e-01  2.479e-01  2.489e-01  
3.722e-01  6.354e-02  9.262e-01  
9.863e-01  4.444e-01  2.062e-02  
9.259e-01  2.675e-01  3.454e-01  
9.665e-01  4.336e-01  2.008e-01  
8.469e-01  1.449e-01  5.130e-01  
9.789e-01  3.305e-01  1.244e-01  
8.641e-01  2.210e-01  4.826e-01  
9.293e-01  3.650e-01  3.359e-01  
5.276e-01  8.923e-02  8.451e-01  
9.826e-01  5.852e-01  8.939e-02  
8.490e-01  2.611e-01  5.094e-01  
9.292e-01  5.120e-01  3.362e-01  
7.291e-01  1.246e-01  6.738e-01  
9.580e-01  2.181e-01  2.388e-01  
7.557e-01  1.837e-01  6.430e-01  
8.576e-01  4.223e-01  4.944e-01  
1.908e-01  3.345e-02  9.812e-01  
9.863e-01  7.715e-01  2.052e-02  
8.085e-01  2.101e-01  5.731e-01  
9.242e-01  5.274e-01  3.500e-01  
6.583e-01  2.293e-01  7.449e-01  
9.650e-01  9.867e-01  2.079e-01  
6.966e-01  1.653e-01  7.082e-01  
8.334e-01  1.903e-01  5.353e-01  
5.482e-01  1.036e-01  8.315e-01  
9.776e-01  1.007e+00  1.348e-01  
6.833e-01  1.852e-01  7.214e-01  
8.414e-01  8.825e-01  5.222e-01  
5.230e-01  1.457e-01  8.480e-01  
9.140e-01  9.742e-01  3.765e-01  
5.585e-01  3.019e-01  8.244e-01  
7.076e-01  1.967e-01  6.969e-01  
2.842e-01  4.891e-02  9.577e-01  
9.809e-01  5.545e-01  1.073e-01  
6.008e-01  1.701e-01  7.933e-01  
7.959e-01  9.867e-01  5.910e-01  
4.347e-01  9.511e-02  8.978e-01  
8.979e-01  5.775e-01  4.145e-01  
4.701e-01  1.876e-01  8.793e-01  
6.312e-01  1.920e-01  7.686e-01  
3.402e-01  8.063e-02  9.388e-01  
9.354e-01  1.559e+00  3.178e-01  
4.525e-01  2.149e-01  8.887e-01  
6.358e-01  4.416e-01  7.647e-01  
3.170e-01  1.289e-01  9.471e-01  
7.572e-01  1.092e+00  6.412e-01  
3.403e-01  1.469e-01  9.387e-01  
4.657e-01  6.034e-01  8.817e-01  
9.531e-02  1.761e-02  9.954e-01  
9.860e-01  2.432e+00  3.275e-02  
4.062e-01  6.532e-01  9.114e-01  
6.402e-01  1.613e+00  7.609e-01  
2.641e-01  2.933e-01  9.636e-01  
8.237e-01  2.782e+00  5.505e-01  
2.872e-01  2.950e-01  9.568e-01  
4.271e-01  2.910e-01  9.015e-01  
1.922e-01  1.128e-01  9.809e-01  
9.092e-01  4.403e+00  3.881e-01  
2.647e-01  2.636e-01  9.634e-01  
4.203e-01  1.807e-01  9.048e-01  
1.694e-01  8.398e-02  9.852e-01  
5.618e-01  2.405e+00  8.221e-01  
1.783e-01  3.293e-01  9.836e-01  
2.574e-01  6.431e-01  9.654e-01  
1.172e-01  5.316e-02  9.930e-01  
9.257e-01  1.719e+00  3.458e-01  
1.783e-01  2.200e-01  9.836e-01  
2.998e-01  2.101e+00  9.528e-01  
1.062e-01  7.400e-02  9.943e-01  
4.274e-01  7.971e-01  9.014e-01  
1.069e-01  1.529e-01  9.942e-01  
1.553e-01  3.693e-01  9.876e-01  
6.436e-02  6.217e-02  9.980e-01  
4.605e-01  4.243e+00  8.845e-01  
7.775e-02  3.598e-01  9.970e-01  
1.160e-01  2.861e-01  9.932e-01  
4.140e-02  8.123e-02  9.992e-01  
1.296e-01  4.745e-01  9.914e-01  
3.305e-02  2.020e-02  9.995e-01  
3.888e-02  2.515e-01  9.993e-01  
1.344e-02  2.496e-02  1.000e+00  
3.162e-01  4.576e+00  9.474e-01  
4.942e-03  9.035e-02  1.000e+00  
4.969e+00  1.631e-01  1.614e-01  
7.023e-01  7.890e+00  7.024e-01  
4.694e-05  1.856e-03  1.000e+00  
1.011e+00  1.631e-01  1.614e-01  
9.891e-01  1.650e-01  5.444e-02  
2.887e+00  1.486e-01  4.403e-01  
9.861e-01  1.955e-01  2.900e-02  
9.559e-01  1.596e-01  2.628e-01  
9.800e-01  1.823e-01  1.150e-01  
6.491e-01  1.094e-01  7.531e-01  
9.863e-01  2.431e-01  2.384e-02  
9.607e-01  1.760e-01  2.273e-01  
9.770e-01  2.745e-01  1.392e-01  
8.049e-01  1.352e-01  5.783e-01  
9.819e-01  2.863e-01  9.678e-02  
9.223e-01  1.622e-01  3.552e-01  
9.555e-01  3.042e-01  2.489e-01  
3.722e-01  6.355e-02  9.262e-01  
9.863e-01  2.999e-01  2.062e-02  
9.259e-01  2.675e-01  3.454e-01  
9.665e-01  4.336e-01  2.008e-01  
8.469e-01  1.449e-01  5.130e-01  
9.789e-01  4.619e-01  1.244e-01  
8.641e-01  2.210e-01  4.826e-01  
9.293e-01  3.429e-01  3.359e-01  
5.276e-01  8.923e-02  8.451e-01  
9.826e-01  4.110e-01  8.939e-02  
8.490e-01  2.611e-01  5.094e-01  
9.292e-01  5.120e-01  3.362e-01  
7.291e-01  1.246e-01  6.738e-01  
9.580e-01  6.257e-01  2.388e-01  
7.557e-01  1.837e-01  6.430e-01  
8.576e-01  4.775e-01  4.944e-01  
1.908e-01  3.345e-02  9.812e-01  
9.863e-01  7.715e-01  2.052e-02  
8.085e-01  2.608e-01  5.731e-01  
9.242e-01  5.274e-01  3.500e-01  
6.583e-01  1.863e-01  7.449e-01  
9.650e-01  9.867e-01  2.079e-01  
6.966e-01  1.653e-01  7.082e-01  
8.334e-01  1.903e-01  5.353e-01  
5.482e-01  1.036e-01  8.315e-01  
9.776e-01  6.168e-01  1.348e-01  
6.833e-01  3.103e-01  7.214e-01  
8.414e-01  7.045e-01  5.222e-01  
5.230e-01  1.457e-01  8.480e-01  
9.140e-01  9.742e-01  3.765e-01  
5.585e-01  2.717e-01  8.244e-01  
7.076e-01  1.967e-01  6.969e-01  
2.842e-01  4.891e-02  9.577e-01  
9.809e-01  5.106e-01  1.073e-01  
6.008e-01  5.678e-01  7.933e-01  
7.959e-01  5.206e-01  5.910e-01  
4.347e-01  1.514e-01  8.978e-01  
8.979e-01  5.775e-01  4.145e-01  
4.701e-01  1.876e-01  8.793e-01  
6.312e-01  1.920e-01  7.686e-01  
3.402e-01  8.063e-02  9.388e-01  
9.354e-01  1.559e+00  3.178e-01  
4.525e-01  2.149e-01  8.887e-01  
6.358e-01  4.416e-01  7.647e-01  
3.170e-01  1.347e-01  9.471e-01  
7.572e-01  1.092e+00  6.412e-01  
3.403e-01  1.469e-01  9.387e-01  
4.657e-01  3.766e-01  8.817e-01  
9.531e-02  1.761e-02  9.954e-01  
9.860e-01  2.432e+00  3.275e-02  
4.062e-01  6.532e-01  9.114e-01  
6.402e-01  1.613e+00  7.609e-01  
2.641e-01  2.933e-01  9.636e-01  
8.237e-01  2.910e+00  5.505e-01  
2.872e-01  2.950e-01  9.568e-01  
4.271e-01  2.910e-01  9.015e-01  
1.922e-01  1.128e-01  9.809e-01  
9.092e-01  4.403e+00  3.881e-01  
2.647e-01  6.942e-01  9.634e-01  
4.203e-01  1.807e-01  9.048e-01  
1.694e-01  2.032e-01  9.852e-01  
5.618e-01  2.405e+00  8.221e-01  
1.783e-01  3.293e-01  9.836e-01  
2.574e-01  2.954e-01  9.654e-01  
1.172e-01  5.316e-02  9.930e-01  
9.257e-01  7.789e+00  3.458e-01  
1.783e-01  2.200e-01  9.836e-01  
2.998e-01  2.195e+00  9.528e-01  
1.062e-01  1.387e-01  9.943e-01  
4.274e-01  7.971e-01  9.014e-01  
1.069e-01  1.747e-01  9.942e-01  
1.553e-01  5.139e-01  9.876e-01  
6.436e-02  6.217e-02  9.980e-01  
4.605e-01  4.243e+00  8.845e-01  
7.775e-02  3.598e-01  9.970e-01  
1.160e-01  2.861e-01  9.932e-01  
4.140e-02  8.123e-02  9.992e-01  
1.296e-01  1.932e-01  9.914e-01  
3.305e-02  2.020e-02  9.995e-01  
3.888e-02  2.515e-01  9.993e-01  
1.344e-02  2.496e-02  1.000e+00  
3.162e-01  4.576e+00  9.474e-01  
4.942e-03  9.035e-02  1.000e+00  
