2.426e+00  3.104e+00  2.110e+00  
2.352e+00  1.776e+00  2.911e+00  
3.176e+00  1.822e+00  3.135e+00  
2.856e+00  1.748e+00  2.518e+00  
3.168e+00  3.463e+00  1.931e+00  
3.142e+00  1.874e+00  3.394e+00  
1.818e+00  2.948e+00  3.489e+00  
2.738e+00  3.079e+00  2.695e+00  
3.234e+00  3.422e+00  1.654e+00  
2.400e+00  2.085e+00  2.816e+00  
3.054e+00  3.432e+00  1.766e+00  
3.346e+00  1.336e+00  3.418e+00  
3.098e+00  3.186e+00  1.638e+00  
2.792e+00  2.481e+00  2.433e+00  
3.407e+00  3.043e+00  1.308e+00  
1.803e+00  2.918e+00  3.374e+00  
2.149e+00  3.310e+00  2.656e+00  
2.502e+00  2.984e+00  2.039e+00  
1.403e+00  2.776e+00  3.323e+00  
2.437e+00  2.473e+00  2.923e+00  
3.012e+00  2.209e+00  2.616e+00  
3.342e+00  2.972e+00  1.941e+00  
2.745e+00  3.323e+00  1.804e+00  
3.305e+00  3.363e+00  1.833e+00  
2.845e+00  2.388e+00  2.449e+00  
1.699e+00  3.361e+00  2.970e+00  
2.996e+00  1.974e+00  2.964e+00  
3.355e+00  2.483e+00  2.197e+00  
3.382e+00  2.553e+00  2.335e+00  
3.104e+00  1.730e+00  3.290e+00  
3.235e+00  1.262e+00  3.261e+00  
3.236e+00  3.191e+00  2.140e+00  
3.490e+00  2.552e+00  2.223e+00  
3.229e+00  2.848e+00  1.201e+00  
1.753e+00  3.484e+00  3.456e+00  
3.254e+00  3.152e+00  1.938e+00  
3.028e+00  1.685e+00  2.406e+00  
2.532e+00  1.774e+00  2.783e+00  
3.324e+00  3.331e+00  1.921e+00  
3.414e+00  3.082e+00  1.796e+00  
2.707e+00  3.099e+00  2.245e+00  
3.480e+00  3.483e+00  1.431e+00  
2.763e+00  2.770e+00  1.921e+00  
3.263e+00  1.989e+00  2.840e+00  
2.153e+00  2.265e+00  2.530e+00  
2.834e+00  1.169e+00  3.221e+00  
3.196e+00  2.803e+00  1.944e+00  
2.414e+00  2.479e+00  2.044e+00  
3.094e+00  1.912e+00  2.844e+00  
3.142e+00  1.922e+00  2.157e+00  
1.888e+00  3.341e+00  3.172e+00  
1.830e+00  3.292e+00  2.018e+00  
2.995e+00  1.757e+00  3.295e+00  
2.899e+00  1.483e+00  2.847e+00  
3.152e+00  2.276e+00  2.143e+00  
3.488e+00  1.621e+00  3.015e+00  
3.336e+00  3.128e+00  1.356e+00  
3.437e+00  3.256e+00  1.656e+00  
2.612e+00  3.022e+00  2.034e+00  
3.074e+00  1.723e+00  2.692e+00  
3.448e+00  3.358e+00  1.647e+00  
3.158e+00  3.282e+00  1.561e+00  
1.771e+00  2.922e+00  2.603e+00  
2.424e+00  2.199e+00  2.442e+00  
3.396e+00  1.901e+00  2.505e+00  
3.140e+00  1.696e+00  2.310e+00  
1.968e+00  3.123e+00  2.606e+00  
3.205e+00  1.811e+00  3.478e+00  
3.153e+00  1.505e+00  3.351e+00  
2.279e+00  2.560e+00  2.630e+00  
2.049e+00  2.429e+00  3.358e+00  
2.926e+00  3.359e+00  1.513e+00  
2.808e+00  2.624e+00  1.695e+00  
2.945e+00  2.733e+00  2.124e+00  
2.757e+00  2.259e+00  2.504e+00  
2.298e+00  2.462e+00  3.111e+00  
3.349e+00  2.524e+00  1.676e+00  
1.951e+00  3.192e+00  2.728e+00  
2.565e+00  2.860e+00  2.312e+00  
3.390e+00  2.985e+00  1.919e+00  
3.358e+00  2.886e+00  2.028e+00  
2.554e+00  1.858e+00  3.419e+00  
2.777e+00  3.096e+00  1.795e+00  
2.513e+00  1.978e+00  2.218e+00  
2.975e+00  3.154e+00  1.687e+00  
2.245e+00  3.026e+00  2.869e+00  
2.676e+00  2.381e+00  2.257e+00  
3.269e+00  3.260e+00  1.493e+00  
2.941e+00  2.473e+00  2.258e+00  
3.457e+00  3.345e+00  1.292e+00  
3.173e+00  2.940e+00  1.776e+00  
2.998e+00  2.482e+00  1.615e+00  
2.835e+00  2.079e+00  3.114e+00  
1.727e+00  2.425e+00  3.461e+00  
2.738e+00  1.922e+00  2.808e+00  
3.128e+00  3.252e+00  1.563e+00  
2.150e+00  3.171e+00  2.567e+00  
2.240e+00  2.298e+00  2.964e+00  
3.109e+00  2.890e+00  1.833e+00  
3.438e+00  3.174e+00  1.699e+00  
3.500e+00  1.025e+00  1.025e+00  
1.025e+00  3.497e+00  1.025e+00  
1.025e+00  1.025e+00  3.500e+00  
3.500e+00  1.025e+00  1.025e+00  
3.500e+00  1.628e+00  5.427e-01  
3.500e+00  5.427e-01  1.628e+00  
3.500e+00  2.087e+00  2.981e-01  
3.500e+00  7.791e-01  1.298e+00  
3.500e+00  1.298e+00  7.791e-01  
3.500e+00  2.981e-01  2.087e+00  
3.500e+00  2.445e+00  1.629e-01  
3.500e+00  8.999e-01  1.157e+00  
3.500e+00  1.453e+00  6.607e-01  
3.500e+00  4.228e-01  1.832e+00  
3.500e+00  1.832e+00  4.228e-01  
3.500e+00  6.607e-01  1.454e+00  
3.442e+00  1.157e+00  9.006e-01  
3.500e+00  1.629e-01  2.444e+00  
3.500e+00  2.722e+00  8.749e-02  
2.991e+00  9.865e-01  1.118e+00  
2.983e+00  1.582e+00  6.186e-01  
2.939e+00  5.000e-01  1.787e+00  
2.950e+00  2.024e+00  3.747e-01  
2.645e+00  7.740e-01  1.478e+00  
2.539e+00  1.341e+00  9.178e-01  
2.838e+00  2.472e-01  2.390e+00  
2.771e+00  2.422e+00  2.510e-01  
2.331e+00  9.568e-01  1.398e+00  
2.295e+00  1.584e+00  8.302e-01  
2.427e+00  4.152e-01  2.242e+00  
2.283e+00  2.028e+00  5.669e-01  
2.166e+00  7.207e-01  1.843e+00  
2.037e+00  1.331e+00  1.175e+00  
2.668e+00  1.064e-01  3.299e+00  
2.859e+00  3.497e+00  5.919e-02  
1.894e+00  1.261e+00  1.342e+00  
1.939e+00  2.029e+00  7.341e-01  
1.926e+00  6.668e-01  2.179e+00  
2.028e+00  2.667e+00  4.360e-01  
1.751e+00  1.002e+00  1.782e+00  
1.704e+00  1.704e+00  1.092e+00  
2.000e+00  3.724e-01  3.033e+00  
2.108e+00  3.394e+00  2.903e-01  
1.579e+00  1.218e+00  1.669e+00  
1.581e+00  2.009e+00  9.811e-01  
1.715e+00  5.767e-01  2.781e+00  
1.631e+00  2.633e+00  6.708e-01  
1.499e+00  9.338e-01  2.212e+00  
1.401e+00  1.669e+00  1.381e+00  
2.237e+00  2.360e-01  3.500e+00  
2.220e+00  3.500e+00  2.424e-01  
1.307e+00  1.429e+00  1.725e+00  
1.346e+00  2.334e+00  1.000e+00  
1.418e+00  7.457e-01  2.927e+00  
1.457e+00  3.236e+00  6.702e-01  
1.229e+00  1.123e+00  2.299e+00  
1.162e+00  1.939e+00  1.415e+00  
1.825e+00  4.268e-01  3.500e+00  
1.617e+00  3.500e+00  5.494e-01  
1.085e+00  1.369e+00  2.130e+00  
1.071e+00  2.294e+00  1.288e+00  
1.413e+00  6.905e-01  3.500e+00  
1.127e+00  3.118e+00  9.553e-01  
1.060e+00  1.058e+00  2.925e+00  
9.312e-01  1.877e+00  1.763e+00  
2.465e+00  1.567e-01  3.500e+00  
2.713e+00  3.500e+00  8.963e-02  
8.513e-01  1.853e+00  1.912e+00  
9.448e-01  3.233e+00  1.123e+00  
9.480e-01  1.105e+00  3.459e+00  
1.239e+00  3.498e+00  8.281e-01  
7.765e-01  1.501e+00  2.586e+00  
7.440e-01  2.532e+00  1.572e+00  
1.232e+00  8.345e-01  3.500e+00  
1.489e+00  3.500e+00  6.354e-01  
6.547e-01  1.795e+00  2.383e+00  
6.805e-01  3.100e+00  1.465e+00  
9.044e-01  1.152e+00  3.500e+00  
8.385e-01  3.497e+00  1.227e+00  
6.233e-01  1.507e+00  3.440e+00  
5.267e-01  2.459e+00  1.975e+00  
1.411e+00  6.915e-01  3.500e+00  
1.564e+00  3.500e+00  5.842e-01  
4.495e-01  2.120e+00  2.480e+00  
5.225e-01  3.497e+00  1.660e+00  
6.099e-01  1.526e+00  3.500e+00  
6.779e-01  3.500e+00  1.430e+00  
3.989e-01  1.877e+00  3.500e+00  
3.316e-01  2.974e+00  2.109e+00  
8.404e-01  1.225e+00  3.500e+00  
7.170e-01  3.500e+00  1.377e+00  
2.584e-01  2.196e+00  3.298e+00  
2.554e-01  3.500e+00  2.188e+00  
4.318e-01  1.816e+00  3.500e+00  
2.786e-01  3.500e+00  2.132e+00  
2.041e-01  2.322e+00  3.500e+00  
1.079e-01  3.031e+00  2.777e+00  
7.491e-01  1.336e+00  3.500e+00  
5.431e-01  3.500e+00  1.627e+00  
1.708e-02  3.156e+00  3.471e+00  
3.500e+00  1.025e+00  1.025e+00  
1.025e+00  3.497e+00  1.025e+00  
1.025e+00  1.025e+00  3.500e+00  
3.500e+00  1.025e+00  1.025e+00  
3.500e+00  1.628e+00  5.427e-01  
3.500e+00  5.427e-01  1.628e+00  
3.500e+00  2.087e+00  2.981e-01  
3.500e+00  7.791e-01  1.298e+00  
3.500e+00  1.298e+00  7.791e-01  
3.500e+00  2.981e-01  2.087e+00  
3.500e+00  2.444e+00  1.630e-01  
3.500e+00  8.999e-01  1.157e+00  
3.500e+00  1.453e+00  6.607e-01  
3.500e+00  4.228e-01  1.832e+00  
3.500e+00  1.832e+00  4.228e-01  
3.500e+00  6.607e-01  1.453e+00  
3.442e+00  1.157e+00  9.006e-01  
3.500e+00  1.630e-01  2.444e+00  
3.500e+00  2.721e+00  8.772e-02  
2.998e+00  9.857e-01  1.118e+00  
2.983e+00  1.582e+00  6.186e-01  
2.939e+00  5.000e-01  1.787e+00  
2.950e+00  2.024e+00  3.747e-01  
2.645e+00  7.741e-01  1.478e+00  
2.539e+00  1.341e+00  9.178e-01  
2.838e+00  2.472e-01  2.390e+00  
2.770e+00  2.422e+00  2.512e-01  
2.331e+00  9.568e-01  1.398e+00  
2.295e+00  1.584e+00  8.302e-01  
2.427e+00  4.152e-01  2.242e+00  
2.283e+00  2.028e+00  5.669e-01  
2.166e+00  7.207e-01  1.843e+00  
2.038e+00  1.331e+00  1.174e+00  
2.668e+00  1.064e-01  3.299e+00  
2.859e+00  3.497e+00  5.919e-02  
1.894e+00  1.261e+00  1.342e+00  
1.939e+00  2.029e+00  7.341e-01  
1.926e+00  6.668e-01  2.179e+00  
2.026e+00  2.667e+00  4.365e-01  
1.756e+00  9.991e-01  1.781e+00  
1.704e+00  1.702e+00  1.094e+00  
2.000e+00  3.725e-01  3.033e+00  
2.107e+00  3.411e+00  2.903e-01  
1.580e+00  1.217e+00  1.669e+00  
1.581e+00  2.009e+00  9.811e-01  
1.715e+00  5.767e-01  2.781e+00  
1.630e+00  2.632e+00  6.713e-01  
1.499e+00  9.338e-01  2.212e+00  
1.401e+00  1.669e+00  1.381e+00  
2.237e+00  2.360e-01  3.500e+00  
2.220e+00  3.499e+00  2.425e-01  
1.307e+00  1.429e+00  1.725e+00  
1.340e+00  2.356e+00  9.949e-01  
1.417e+00  7.461e-01  2.927e+00  
1.457e+00  3.220e+00  6.723e-01  
1.229e+00  1.123e+00  2.299e+00  
1.162e+00  1.939e+00  1.415e+00  
1.825e+00  4.268e-01  3.500e+00  
1.617e+00  3.498e+00  5.494e-01  
1.086e+00  1.367e+00  2.132e+00  
1.070e+00  2.295e+00  1.288e+00  
1.413e+00  6.906e-01  3.500e+00  
1.127e+00  3.118e+00  9.553e-01  
1.060e+00  1.058e+00  2.925e+00  
9.314e-01  1.877e+00  1.763e+00  
2.465e+00  1.567e-01  3.500e+00  
2.713e+00  3.500e+00  8.974e-02  
8.519e-01  1.853e+00  1.911e+00  
9.448e-01  3.233e+00  1.123e+00  
9.480e-01  1.105e+00  3.451e+00  
1.239e+00  3.498e+00  8.281e-01  
7.765e-01  1.501e+00  2.586e+00  
7.440e-01  2.532e+00  1.572e+00  
1.232e+00  8.344e-01  3.500e+00  
1.489e+00  3.500e+00  6.354e-01  
6.547e-01  1.795e+00  2.383e+00  
6.803e-01  3.105e+00  1.465e+00  
9.044e-01  1.152e+00  3.500e+00  
8.385e-01  3.497e+00  1.227e+00  
6.233e-01  1.507e+00  3.440e+00  
5.267e-01  2.459e+00  1.975e+00  
1.411e+00  6.915e-01  3.500e+00  
1.564e+00  3.500e+00  5.842e-01  
4.495e-01  2.120e+00  2.480e+00  
5.225e-01  3.497e+00  1.660e+00  
6.099e-01  1.526e+00  3.500e+00  
6.780e-01  3.497e+00  1.430e+00  
3.990e-01  1.877e+00  3.500e+00  
3.316e-01  2.977e+00  2.108e+00  
8.403e-01  1.225e+00  3.500e+00  
7.171e-01  3.497e+00  1.377e+00  
2.584e-01  2.194e+00  3.309e+00  
2.554e-01  3.499e+00  2.187e+00  
4.317e-01  1.816e+00  3.500e+00  
2.786e-01  3.495e+00  2.132e+00  
2.041e-01  2.322e+00  3.500e+00  
1.076e-01  3.039e+00  2.773e+00  
7.491e-01  1.336e+00  3.500e+00  
5.431e-01  3.497e+00  1.627e+00  
1.713e-02  3.156e+00  3.466e+00  
3.500e+00  1.025e+00  1.025e+00  
1.025e+00  3.497e+00  1.025e+00  
1.025e+00  1.025e+00  3.500e+00  
3.500e+00  1.025e+00  1.025e+00  
3.500e+00  1.628e+00  5.427e-01  
3.500e+00  5.427e-01  1.628e+00  
3.500e+00  2.087e+00  2.981e-01  
3.500e+00  7.791e-01  1.298e+00  
3.500e+00  1.298e+00  7.791e-01  
3.500e+00  2.981e-01  2.087e+00  
3.500e+00  2.444e+00  1.630e-01  
3.500e+00  8.999e-01  1.157e+00  
3.500e+00  1.453e+00  6.607e-01  
3.500e+00  4.228e-01  1.832e+00  
3.500e+00  1.832e+00  4.228e-01  
3.500e+00  6.607e-01  1.453e+00  
3.442e+00  1.157e+00  9.006e-01  
3.500e+00  1.630e-01  2.444e+00  
3.500e+00  2.721e+00  8.772e-02  
2.998e+00  9.857e-01  1.118e+00  
2.983e+00  1.582e+00  6.186e-01  
2.939e+00  5.000e-01  1.787e+00  
2.950e+00  2.024e+00  3.747e-01  
2.646e+00  7.740e-01  1.478e+00  
2.539e+00  1.341e+00  9.178e-01  
2.839e+00  2.472e-01  2.390e+00  
2.765e+00  2.424e+00  2.517e-01  
2.331e+00  9.568e-01  1.398e+00  
2.295e+00  1.584e+00  8.302e-01  
2.427e+00  4.152e-01  2.242e+00  
2.282e+00  2.027e+00  5.677e-01  
2.166e+00  7.207e-01  1.843e+00  
2.038e+00  1.331e+00  1.174e+00  
2.668e+00  1.064e-01  3.299e+00  
2.859e+00  3.497e+00  5.919e-02  
1.894e+00  1.261e+00  1.342e+00  
1.939e+00  2.029e+00  7.341e-01  
1.926e+00  6.668e-01  2.179e+00  
2.026e+00  2.667e+00  4.365e-01  
1.756e+00  9.991e-01  1.781e+00  
1.703e+00  1.703e+00  1.094e+00  
2.000e+00  3.725e-01  3.033e+00  
2.107e+00  3.411e+00  2.903e-01  
1.580e+00  1.218e+00  1.668e+00  
1.581e+00  2.009e+00  9.811e-01  
1.715e+00  5.767e-01  2.781e+00  
1.630e+00  2.632e+00  6.713e-01  
1.499e+00  9.338e-01  2.212e+00  
1.401e+00  1.669e+00  1.381e+00  
2.237e+00  2.360e-01  3.500e+00  
2.220e+00  3.499e+00  2.425e-01  
1.307e+00  1.429e+00  1.725e+00  
1.340e+00  2.356e+00  9.949e-01  
1.417e+00  7.461e-01  2.927e+00  
1.456e+00  3.230e+00  6.719e-01  
1.229e+00  1.123e+00  2.299e+00  
1.162e+00  1.939e+00  1.415e+00  
1.825e+00  4.268e-01  3.500e+00  
1.617e+00  3.498e+00  5.494e-01  
1.086e+00  1.367e+00  2.132e+00  
1.070e+00  2.295e+00  1.287e+00  
1.413e+00  6.906e-01  3.500e+00  
1.127e+00  3.118e+00  9.553e-01  
1.060e+00  1.057e+00  2.925e+00  
9.314e-01  1.877e+00  1.763e+00  
2.465e+00  1.567e-01  3.500e+00  
2.712e+00  3.500e+00  8.981e-02  
8.519e-01  1.853e+00  1.911e+00  
9.448e-01  3.233e+00  1.123e+00  
9.480e-01  1.105e+00  3.451e+00  
1.239e+00  3.498e+00  8.281e-01  
7.764e-01  1.501e+00  2.586e+00  
7.440e-01  2.532e+00  1.572e+00  
1.232e+00  8.344e-01  3.500e+00  
1.489e+00  3.500e+00  6.354e-01  
6.547e-01  1.795e+00  2.383e+00  
6.803e-01  3.105e+00  1.465e+00  
9.044e-01  1.152e+00  3.500e+00  
8.385e-01  3.497e+00  1.227e+00  
6.233e-01  1.507e+00  3.440e+00  
5.267e-01  2.459e+00  1.975e+00  
1.411e+00  6.915e-01  3.500e+00  
1.564e+00  3.500e+00  5.842e-01  
4.495e-01  2.120e+00  2.480e+00  
5.225e-01  3.497e+00  1.660e+00  
6.099e-01  1.526e+00  3.500e+00  
6.780e-01  3.497e+00  1.430e+00  
3.990e-01  1.877e+00  3.500e+00  
3.316e-01  2.977e+00  2.108e+00  
8.403e-01  1.225e+00  3.500e+00  
7.171e-01  3.497e+00  1.377e+00  
2.584e-01  2.194e+00  3.309e+00  
2.554e-01  3.499e+00  2.187e+00  
4.317e-01  1.816e+00  3.500e+00  
2.786e-01  3.497e+00  2.132e+00  
2.041e-01  2.322e+00  3.500e+00  
1.078e-01  3.039e+00  2.771e+00  
7.491e-01  1.336e+00  3.500e+00  
5.431e-01  3.497e+00  1.627e+00  
1.713e-02  3.156e+00  3.466e+00  
3.500e+00  1.025e+00  1.025e+00  
1.025e+00  3.497e+00  1.025e+00  
1.025e+00  1.025e+00  3.500e+00  
3.500e+00  1.025e+00  1.025e+00  
3.500e+00  1.628e+00  5.427e-01  
3.500e+00  5.427e-01  1.628e+00  
3.500e+00  2.087e+00  2.981e-01  
3.500e+00  7.791e-01  1.298e+00  
3.500e+00  1.298e+00  7.791e-01  
3.500e+00  2.981e-01  2.087e+00  
3.500e+00  2.444e+00  1.630e-01  
3.500e+00  8.999e-01  1.157e+00  
3.500e+00  1.453e+00  6.607e-01  
3.500e+00  4.228e-01  1.832e+00  
3.500e+00  1.832e+00  4.228e-01  
3.500e+00  6.607e-01  1.453e+00  
3.442e+00  1.157e+00  9.006e-01  
3.500e+00  1.630e-01  2.444e+00  
3.500e+00  2.721e+00  8.772e-02  
2.998e+00  9.857e-01  1.118e+00  
2.983e+00  1.582e+00  6.186e-01  
2.939e+00  5.000e-01  1.787e+00  
2.950e+00  2.024e+00  3.747e-01  
2.646e+00  7.740e-01  1.478e+00  
2.539e+00  1.341e+00  9.178e-01  
2.839e+00  2.472e-01  2.390e+00  
2.767e+00  2.424e+00  2.513e-01  
2.331e+00  9.568e-01  1.398e+00  
2.295e+00  1.584e+00  8.302e-01  
2.427e+00  4.152e-01  2.242e+00  
2.279e+00  2.030e+00  5.677e-01  
2.166e+00  7.207e-01  1.843e+00  
2.038e+00  1.331e+00  1.174e+00  
2.668e+00  1.064e-01  3.299e+00  
2.859e+00  3.497e+00  5.919e-02  
1.894e+00  1.261e+00  1.342e+00  
1.939e+00  2.029e+00  7.341e-01  
1.926e+00  6.668e-01  2.179e+00  
2.026e+00  2.667e+00  4.365e-01  
1.754e+00  1.000e+00  1.781e+00  
1.702e+00  1.704e+00  1.093e+00  
2.000e+00  3.725e-01  3.033e+00  
2.107e+00  3.411e+00  2.903e-01  
1.580e+00  1.218e+00  1.668e+00  
1.581e+00  2.009e+00  9.811e-01  
1.715e+00  5.767e-01  2.781e+00  
1.630e+00  2.632e+00  6.713e-01  
1.499e+00  9.338e-01  2.212e+00  
1.401e+00  1.669e+00  1.381e+00  
2.237e+00  2.360e-01  3.500e+00  
2.220e+00  3.500e+00  2.425e-01  
1.307e+00  1.429e+00  1.725e+00  
1.340e+00  2.356e+00  9.949e-01  
1.418e+00  7.459e-01  2.927e+00  
1.456e+00  3.230e+00  6.719e-01  
1.229e+00  1.123e+00  2.299e+00  
1.162e+00  1.939e+00  1.415e+00  
1.825e+00  4.268e-01  3.500e+00  
1.617e+00  3.498e+00  5.494e-01  
1.086e+00  1.367e+00  2.132e+00  
1.070e+00  2.295e+00  1.287e+00  
1.413e+00  6.906e-01  3.500e+00  
1.127e+00  3.118e+00  9.553e-01  
1.060e+00  1.058e+00  2.925e+00  
9.314e-01  1.877e+00  1.763e+00  
2.465e+00  1.567e-01  3.500e+00  
2.712e+00  3.500e+00  8.981e-02  
8.519e-01  1.853e+00  1.911e+00  
9.448e-01  3.233e+00  1.123e+00  
9.480e-01  1.105e+00  3.451e+00  
1.239e+00  3.498e+00  8.281e-01  
7.764e-01  1.501e+00  2.586e+00  
7.440e-01  2.532e+00  1.572e+00  
1.232e+00  8.345e-01  3.500e+00  
1.489e+00  3.500e+00  6.354e-01  
6.547e-01  1.795e+00  2.383e+00  
6.803e-01  3.105e+00  1.465e+00  
9.044e-01  1.152e+00  3.500e+00  
8.385e-01  3.497e+00  1.227e+00  
6.233e-01  1.507e+00  3.440e+00  
5.267e-01  2.459e+00  1.975e+00  
1.411e+00  6.915e-01  3.500e+00  
1.564e+00  3.500e+00  5.842e-01  
4.495e-01  2.120e+00  2.480e+00  
5.225e-01  3.497e+00  1.660e+00  
6.099e-01  1.526e+00  3.500e+00  
6.780e-01  3.497e+00  1.430e+00  
3.990e-01  1.877e+00  3.500e+00  
3.316e-01  2.977e+00  2.108e+00  
8.403e-01  1.225e+00  3.500e+00  
7.171e-01  3.497e+00  1.377e+00  
2.584e-01  2.194e+00  3.309e+00  
2.554e-01  3.499e+00  2.187e+00  
4.317e-01  1.816e+00  3.500e+00  
2.786e-01  3.497e+00  2.132e+00  
2.041e-01  2.322e+00  3.500e+00  
1.078e-01  3.039e+00  2.771e+00  
7.491e-01  1.336e+00  3.500e+00  
5.431e-01  3.497e+00  1.627e+00  
1.713e-02  3.156e+00  3.466e+00  
3.500e+00  1.025e+00  1.025e+00  
1.025e+00  3.497e+00  1.025e+00  
1.025e+00  1.025e+00  3.500e+00  
3.500e+00  1.025e+00  1.025e+00  
3.500e+00  1.628e+00  5.427e-01  
3.500e+00  5.427e-01  1.628e+00  
3.500e+00  2.087e+00  2.981e-01  
3.500e+00  7.791e-01  1.298e+00  
3.500e+00  1.298e+00  7.791e-01  
3.500e+00  2.981e-01  2.087e+00  
3.500e+00  2.444e+00  1.630e-01  
3.500e+00  8.999e-01  1.157e+00  
3.500e+00  1.453e+00  6.607e-01  
3.500e+00  4.228e-01  1.832e+00  
3.500e+00  1.832e+00  4.228e-01  
3.500e+00  6.607e-01  1.453e+00  
3.442e+00  1.157e+00  9.006e-01  
3.500e+00  1.630e-01  2.444e+00  
3.500e+00  2.721e+00  8.772e-02  
2.996e+00  9.861e-01  1.118e+00  
2.983e+00  1.582e+00  6.186e-01  
2.939e+00  5.003e-01  1.786e+00  
2.950e+00  2.023e+00  3.747e-01  
2.646e+00  7.740e-01  1.478e+00  
2.539e+00  1.341e+00  9.178e-01  
2.839e+00  2.472e-01  2.390e+00  
2.767e+00  2.424e+00  2.513e-01  
2.331e+00  9.569e-01  1.398e+00  
2.295e+00  1.584e+00  8.302e-01  
2.427e+00  4.152e-01  2.242e+00  
2.279e+00  2.030e+00  5.677e-01  
2.166e+00  7.207e-01  1.843e+00  
2.038e+00  1.331e+00  1.174e+00  
2.668e+00  1.064e-01  3.299e+00  
2.859e+00  3.497e+00  5.919e-02  
1.894e+00  1.261e+00  1.342e+00  
1.939e+00  2.029e+00  7.341e-01  
1.926e+00  6.668e-01  2.179e+00  
2.026e+00  2.667e+00  4.365e-01  
1.754e+00  1.000e+00  1.781e+00  
1.702e+00  1.704e+00  1.093e+00  
2.000e+00  3.725e-01  3.033e+00  
2.107e+00  3.411e+00  2.903e-01  
1.580e+00  1.217e+00  1.668e+00  
1.581e+00  2.009e+00  9.811e-01  
1.715e+00  5.767e-01  2.781e+00  
1.630e+00  2.632e+00  6.713e-01  
1.499e+00  9.338e-01  2.212e+00  
1.401e+00  1.669e+00  1.381e+00  
2.237e+00  2.360e-01  3.500e+00  
2.220e+00  3.500e+00  2.425e-01  
1.307e+00  1.429e+00  1.725e+00  
1.340e+00  2.356e+00  9.949e-01  
1.418e+00  7.459e-01  2.927e+00  
1.456e+00  3.230e+00  6.719e-01  
1.229e+00  1.123e+00  2.299e+00  
1.162e+00  1.939e+00  1.415e+00  
1.825e+00  4.268e-01  3.500e+00  
1.617e+00  3.498e+00  5.494e-01  
1.086e+00  1.367e+00  2.132e+00  
1.070e+00  2.295e+00  1.287e+00  
1.413e+00  6.906e-01  3.500e+00  
1.127e+00  3.118e+00  9.553e-01  
1.060e+00  1.058e+00  2.925e+00  
9.314e-01  1.877e+00  1.763e+00  
2.465e+00  1.567e-01  3.500e+00  
2.712e+00  3.500e+00  8.981e-02  
8.519e-01  1.853e+00  1.911e+00  
9.448e-01  3.233e+00  1.123e+00  
9.480e-01  1.105e+00  3.451e+00  
1.239e+00  3.498e+00  8.281e-01  
7.764e-01  1.501e+00  2.586e+00  
7.440e-01  2.532e+00  1.572e+00  
1.232e+00  8.345e-01  3.500e+00  
1.489e+00  3.500e+00  6.354e-01  
6.546e-01  1.795e+00  2.383e+00  
6.803e-01  3.105e+00  1.465e+00  
9.044e-01  1.152e+00  3.500e+00  
8.385e-01  3.498e+00  1.227e+00  
6.233e-01  1.507e+00  3.440e+00  
5.267e-01  2.459e+00  1.975e+00  
1.411e+00  6.915e-01  3.500e+00  
1.564e+00  3.500e+00  5.842e-01  
4.495e-01  2.120e+00  2.480e+00  
5.225e-01  3.499e+00  1.660e+00  
6.099e-01  1.526e+00  3.500e+00  
6.780e-01  3.497e+00  1.430e+00  
3.990e-01  1.877e+00  3.500e+00  
3.316e-01  2.977e+00  2.108e+00  
8.403e-01  1.225e+00  3.500e+00  
7.171e-01  3.497e+00  1.377e+00  
2.584e-01  2.194e+00  3.309e+00  
2.554e-01  3.499e+00  2.187e+00  
4.317e-01  1.816e+00  3.500e+00  
2.786e-01  3.497e+00  2.132e+00  
2.041e-01  2.322e+00  3.500e+00  
1.078e-01  3.039e+00  2.771e+00  
7.491e-01  1.336e+00  3.500e+00  
5.431e-01  3.498e+00  1.627e+00  
1.713e-02  3.156e+00  3.466e+00  
3.500e+00  1.025e+00  1.025e+00  
1.025e+00  3.497e+00  1.025e+00  
1.025e+00  1.025e+00  3.500e+00  
3.500e+00  1.025e+00  1.025e+00  
3.500e+00  1.628e+00  5.427e-01  
3.500e+00  5.427e-01  1.628e+00  
3.500e+00  2.087e+00  2.981e-01  
3.500e+00  7.791e-01  1.298e+00  
3.500e+00  1.298e+00  7.791e-01  
3.500e+00  2.981e-01  2.087e+00  
3.500e+00  2.444e+00  1.630e-01  
3.500e+00  8.999e-01  1.157e+00  
3.500e+00  1.453e+00  6.607e-01  
3.500e+00  4.228e-01  1.832e+00  
3.500e+00  1.832e+00  4.228e-01  
3.500e+00  6.607e-01  1.453e+00  
3.442e+00  1.158e+00  9.000e-01  
3.500e+00  1.630e-01  2.444e+00  
3.500e+00  2.721e+00  8.772e-02  
2.996e+00  9.861e-01  1.118e+00  
2.982e+00  1.582e+00  6.186e-01  
2.940e+00  5.000e-01  1.786e+00  
2.950e+00  2.023e+00  3.747e-01  
2.646e+00  7.741e-01  1.478e+00  
2.539e+00  1.341e+00  9.178e-01  
2.839e+00  2.472e-01  2.390e+00  
2.764e+00  2.426e+00  2.513e-01  
2.331e+00  9.569e-01  1.398e+00  
2.295e+00  1.584e+00  8.300e-01  
2.427e+00  4.152e-01  2.242e+00  
2.279e+00  2.030e+00  5.677e-01  
2.166e+00  7.207e-01  1.843e+00  
2.038e+00  1.331e+00  1.174e+00  
2.668e+00  1.064e-01  3.299e+00  
2.859e+00  3.497e+00  5.919e-02  
1.894e+00  1.261e+00  1.342e+00  
1.939e+00  2.029e+00  7.341e-01  
1.926e+00  6.668e-01  2.179e+00  
2.026e+00  2.667e+00  4.365e-01  
1.754e+00  1.000e+00  1.781e+00  
1.702e+00  1.704e+00  1.093e+00  
2.000e+00  3.725e-01  3.033e+00  
2.106e+00  3.425e+00  2.903e-01  
1.580e+00  1.217e+00  1.668e+00  
1.581e+00  2.009e+00  9.811e-01  
1.715e+00  5.767e-01  2.781e+00  
1.630e+00  2.632e+00  6.713e-01  
1.499e+00  9.338e-01  2.212e+00  
1.402e+00  1.668e+00  1.381e+00  
2.237e+00  2.360e-01  3.500e+00  
2.220e+00  3.500e+00  2.425e-01  
1.307e+00  1.429e+00  1.725e+00  
1.340e+00  2.356e+00  9.949e-01  
1.417e+00  7.461e-01  2.926e+00  
1.456e+00  3.230e+00  6.719e-01  
1.229e+00  1.123e+00  2.299e+00  
1.162e+00  1.939e+00  1.415e+00  
1.825e+00  4.268e-01  3.500e+00  
1.617e+00  3.498e+00  5.494e-01  
1.086e+00  1.367e+00  2.132e+00  
1.071e+00  2.295e+00  1.287e+00  
1.413e+00  6.906e-01  3.500e+00  
1.127e+00  3.118e+00  9.553e-01  
1.060e+00  1.058e+00  2.925e+00  
9.314e-01  1.877e+00  1.763e+00  
2.465e+00  1.567e-01  3.500e+00  
2.712e+00  3.500e+00  8.981e-02  
8.519e-01  1.853e+00  1.911e+00  
9.448e-01  3.233e+00  1.123e+00  
9.480e-01  1.105e+00  3.456e+00  
1.239e+00  3.498e+00  8.281e-01  
7.764e-01  1.501e+00  2.586e+00  
7.447e-01  2.532e+00  1.571e+00  
1.232e+00  8.345e-01  3.500e+00  
1.489e+00  3.500e+00  6.354e-01  
6.546e-01  1.795e+00  2.383e+00  
6.803e-01  3.105e+00  1.465e+00  
9.044e-01  1.152e+00  3.500e+00  
8.385e-01  3.500e+00  1.227e+00  
6.233e-01  1.507e+00  3.440e+00  
5.267e-01  2.459e+00  1.975e+00  
1.411e+00  6.915e-01  3.500e+00  
1.564e+00  3.500e+00  5.841e-01  
4.495e-01  2.120e+00  2.480e+00  
5.225e-01  3.500e+00  1.660e+00  
6.099e-01  1.526e+00  3.500e+00  
6.780e-01  3.497e+00  1.430e+00  
3.990e-01  1.877e+00  3.500e+00  
3.316e-01  2.977e+00  2.108e+00  
8.403e-01  1.225e+00  3.500e+00  
7.171e-01  3.497e+00  1.377e+00  
2.584e-01  2.194e+00  3.309e+00  
2.554e-01  3.500e+00  2.187e+00  
4.317e-01  1.816e+00  3.500e+00  
2.786e-01  3.500e+00  2.132e+00  
2.041e-01  2.322e+00  3.500e+00  
1.078e-01  3.039e+00  2.771e+00  
7.491e-01  1.336e+00  3.500e+00  
5.431e-01  3.497e+00  1.627e+00  
1.713e-02  3.156e+00  3.466e+00  
3.500e+00  1.025e+00  1.025e+00  
1.025e+00  3.499e+00  1.025e+00  
1.025e+00  1.025e+00  3.500e+00  
3.500e+00  1.025e+00  1.025e+00  
3.500e+00  1.628e+00  5.427e-01  
3.500e+00  5.427e-01  1.628e+00  
3.500e+00  2.087e+00  2.981e-01  
3.500e+00  7.791e-01  1.298e+00  
3.500e+00  1.298e+00  7.791e-01  
3.500e+00  2.981e-01  2.087e+00  
3.500e+00  2.444e+00  1.630e-01  
3.500e+00  8.999e-01  1.157e+00  
3.500e+00  1.453e+00  6.607e-01  
3.500e+00  4.228e-01  1.832e+00  
3.500e+00  1.832e+00  4.228e-01  
3.500e+00  6.607e-01  1.453e+00  
3.457e+00  1.157e+00  9.000e-01  
3.500e+00  1.630e-01  2.444e+00  
3.500e+00  2.721e+00  8.778e-02  
2.996e+00  9.861e-01  1.118e+00  
2.981e+00  1.582e+00  6.188e-01  
2.941e+00  5.000e-01  1.786e+00  
2.950e+00  2.023e+00  3.747e-01  
2.646e+00  7.739e-01  1.478e+00  
2.539e+00  1.341e+00  9.178e-01  
2.839e+00  2.472e-01  2.390e+00  
2.763e+00  2.427e+00  2.510e-01  
2.331e+00  9.569e-01  1.398e+00  
2.295e+00  1.585e+00  8.300e-01  
2.427e+00  4.152e-01  2.242e+00  
2.280e+00  2.028e+00  5.681e-01  
2.166e+00  7.207e-01  1.843e+00  
2.038e+00  1.331e+00  1.174e+00  
2.668e+00  1.064e-01  3.299e+00  
2.859e+00  3.497e+00  5.919e-02  
1.894e+00  1.261e+00  1.342e+00  
1.939e+00  2.029e+00  7.341e-01  
1.926e+00  6.668e-01  2.179e+00  
2.026e+00  2.667e+00  4.365e-01  
1.754e+00  1.000e+00  1.782e+00  
1.702e+00  1.705e+00  1.093e+00  
2.000e+00  3.725e-01  3.033e+00  
2.107e+00  3.421e+00  2.902e-01  
1.580e+00  1.217e+00  1.668e+00  
1.581e+00  2.009e+00  9.811e-01  
1.715e+00  5.767e-01  2.781e+00  
1.630e+00  2.633e+00  6.712e-01  
1.499e+00  9.338e-01  2.212e+00  
1.402e+00  1.667e+00  1.381e+00  
2.237e+00  2.360e-01  3.500e+00  
2.220e+00  3.500e+00  2.425e-01  
1.307e+00  1.429e+00  1.725e+00  
1.340e+00  2.356e+00  9.949e-01  
1.417e+00  7.460e-01  2.927e+00  
1.455e+00  3.236e+00  6.716e-01  
1.229e+00  1.123e+00  2.299e+00  
1.162e+00  1.939e+00  1.415e+00  
1.825e+00  4.268e-01  3.500e+00  
1.618e+00  3.500e+00  5.494e-01  
1.086e+00  1.367e+00  2.132e+00  
1.071e+00  2.295e+00  1.287e+00  
1.413e+00  6.906e-01  3.500e+00  
1.127e+00  3.118e+00  9.553e-01  
1.060e+00  1.058e+00  2.924e+00  
9.314e-01  1.877e+00  1.763e+00  
2.465e+00  1.567e-01  3.500e+00  
2.712e+00  3.500e+00  8.979e-02  
8.519e-01  1.853e+00  1.911e+00  
9.448e-01  3.233e+00  1.123e+00  
9.480e-01  1.105e+00  3.458e+00  
1.239e+00  3.498e+00  8.281e-01  
7.764e-01  1.501e+00  2.586e+00  
7.444e-01  2.532e+00  1.571e+00  
1.232e+00  8.345e-01  3.500e+00  
1.489e+00  3.500e+00  6.354e-01  
6.546e-01  1.795e+00  2.383e+00  
6.803e-01  3.105e+00  1.465e+00  
9.044e-01  1.152e+00  3.500e+00  
8.385e-01  3.500e+00  1.227e+00  
6.235e-01  1.507e+00  3.440e+00  
5.267e-01  2.459e+00  1.975e+00  
1.411e+00  6.915e-01  3.500e+00  
1.564e+00  3.500e+00  5.841e-01  
4.495e-01  2.120e+00  2.480e+00  
5.225e-01  3.500e+00  1.660e+00  
6.099e-01  1.526e+00  3.500e+00  
6.780e-01  3.500e+00  1.430e+00  
3.990e-01  1.877e+00  3.500e+00  
3.314e-01  2.981e+00  2.107e+00  
8.403e-01  1.225e+00  3.500e+00  
7.172e-01  3.500e+00  1.377e+00  
2.583e-01  2.194e+00  3.312e+00  
2.554e-01  3.500e+00  2.187e+00  
4.317e-01  1.816e+00  3.500e+00  
2.786e-01  3.500e+00  2.132e+00  
2.041e-01  2.322e+00  3.500e+00  
1.077e-01  3.042e+00  2.770e+00  
7.491e-01  1.336e+00  3.500e+00  
5.431e-01  3.497e+00  1.627e+00  
1.713e-02  3.156e+00  3.466e+00  
3.500e+00  1.025e+00  1.025e+00  
1.025e+00  3.500e+00  1.025e+00  
1.025e+00  1.025e+00  3.500e+00  
3.500e+00  1.025e+00  1.025e+00  
3.500e+00  1.628e+00  5.427e-01  
3.500e+00  5.427e-01  1.628e+00  
3.500e+00  2.087e+00  2.981e-01  
3.500e+00  7.791e-01  1.298e+00  
3.500e+00  1.298e+00  7.791e-01  
3.500e+00  2.981e-01  2.087e+00  
3.500e+00  2.444e+00  1.630e-01  
3.500e+00  8.999e-01  1.157e+00  
3.500e+00  1.453e+00  6.607e-01  
3.500e+00  4.228e-01  1.832e+00  
3.500e+00  1.832e+00  4.228e-01  
3.500e+00  6.607e-01  1.453e+00  
3.457e+00  1.157e+00  9.000e-01  
3.500e+00  1.630e-01  2.444e+00  
3.493e+00  2.721e+00  8.778e-02  
2.996e+00  9.861e-01  1.118e+00  
2.981e+00  1.582e+00  6.188e-01  
2.941e+00  5.000e-01  1.786e+00  
2.950e+00  2.023e+00  3.747e-01  
2.646e+00  7.739e-01  1.478e+00  
2.539e+00  1.341e+00  9.178e-01  
2.839e+00  2.472e-01  2.390e+00  
2.763e+00  2.427e+00  2.510e-01  
2.331e+00  9.569e-01  1.398e+00  
2.295e+00  1.585e+00  8.300e-01  
2.427e+00  4.152e-01  2.242e+00  
2.280e+00  2.029e+00  5.680e-01  
2.166e+00  7.207e-01  1.843e+00  
2.038e+00  1.331e+00  1.174e+00  
2.668e+00  1.064e-01  3.299e+00  
2.859e+00  3.500e+00  5.917e-02  
1.894e+00  1.261e+00  1.342e+00  
1.939e+00  2.029e+00  7.341e-01  
1.926e+00  6.668e-01  2.179e+00  
2.026e+00  2.667e+00  4.365e-01  
1.754e+00  1.000e+00  1.782e+00  
1.702e+00  1.705e+00  1.093e+00  
2.000e+00  3.725e-01  3.033e+00  
2.107e+00  3.421e+00  2.902e-01  
1.580e+00  1.217e+00  1.668e+00  
1.581e+00  2.009e+00  9.811e-01  
1.715e+00  5.767e-01  2.781e+00  
1.630e+00  2.633e+00  6.712e-01  
1.499e+00  9.338e-01  2.212e+00  
1.402e+00  1.667e+00  1.381e+00  
2.237e+00  2.360e-01  3.500e+00  
2.220e+00  3.500e+00  2.425e-01  
1.307e+00  1.429e+00  1.725e+00  
1.340e+00  2.356e+00  9.949e-01  
1.417e+00  7.460e-01  2.927e+00  
1.455e+00  3.236e+00  6.717e-01  
1.229e+00  1.123e+00  2.299e+00  
1.162e+00  1.939e+00  1.415e+00  
1.825e+00  4.268e-01  3.500e+00  
1.618e+00  3.500e+00  5.494e-01  
1.086e+00  1.367e+00  2.132e+00  
1.071e+00  2.295e+00  1.287e+00  
1.413e+00  6.906e-01  3.500e+00  
1.128e+00  3.119e+00  9.548e-01  
1.060e+00  1.058e+00  2.924e+00  
9.314e-01  1.877e+00  1.763e+00  
2.465e+00  1.567e-01  3.500e+00  
2.712e+00  3.500e+00  8.979e-02  
8.519e-01  1.853e+00  1.911e+00  
9.448e-01  3.233e+00  1.123e+00  
9.480e-01  1.105e+00  3.458e+00  
1.239e+00  3.498e+00  8.281e-01  
7.764e-01  1.501e+00  2.586e+00  
7.444e-01  2.532e+00  1.571e+00  
1.232e+00  8.345e-01  3.500e+00  
1.489e+00  3.500e+00  6.354e-01  
6.546e-01  1.795e+00  2.383e+00  
6.803e-01  3.105e+00  1.465e+00  
9.044e-01  1.152e+00  3.500e+00  
8.385e-01  3.500e+00  1.227e+00  
6.234e-01  1.507e+00  3.439e+00  
5.267e-01  2.459e+00  1.975e+00  
1.411e+00  6.915e-01  3.500e+00  
1.564e+00  3.500e+00  5.841e-01  
4.495e-01  2.120e+00  2.480e+00  
5.224e-01  3.500e+00  1.660e+00  
6.099e-01  1.526e+00  3.500e+00  
6.780e-01  3.500e+00  1.430e+00  
3.990e-01  1.877e+00  3.500e+00  
3.314e-01  2.981e+00  2.107e+00  
8.403e-01  1.225e+00  3.500e+00  
7.172e-01  3.500e+00  1.377e+00  
2.583e-01  2.194e+00  3.312e+00  
2.554e-01  3.500e+00  2.187e+00  
4.317e-01  1.816e+00  3.500e+00  
2.786e-01  3.500e+00  2.132e+00  
2.041e-01  2.322e+00  3.500e+00  
1.078e-01  3.042e+00  2.770e+00  
7.491e-01  1.336e+00  3.500e+00  
5.431e-01  3.500e+00  1.627e+00  
1.713e-02  3.156e+00  3.466e+00  
3.500e+00  1.025e+00  1.025e+00  
1.025e+00  3.500e+00  1.025e+00  
1.025e+00  1.025e+00  3.500e+00  
3.500e+00  1.025e+00  1.025e+00  
3.500e+00  1.628e+00  5.427e-01  
3.500e+00  5.427e-01  1.628e+00  
3.500e+00  2.087e+00  2.981e-01  
3.500e+00  7.791e-01  1.298e+00  
3.500e+00  1.298e+00  7.791e-01  
3.500e+00  2.981e-01  2.087e+00  
3.500e+00  2.444e+00  1.630e-01  
3.500e+00  8.999e-01  1.157e+00  
3.500e+00  1.453e+00  6.607e-01  
3.500e+00  4.228e-01  1.832e+00  
3.500e+00  1.832e+00  4.228e-01  
3.500e+00  6.607e-01  1.453e+00  
3.457e+00  1.157e+00  9.000e-01  
3.500e+00  1.630e-01  2.444e+00  
3.493e+00  2.721e+00  8.778e-02  
2.996e+00  9.861e-01  1.118e+00  
2.981e+00  1.582e+00  6.188e-01  
2.941e+00  5.000e-01  1.786e+00  
2.950e+00  2.023e+00  3.747e-01  
2.646e+00  7.740e-01  1.478e+00  
2.539e+00  1.341e+00  9.178e-01  
2.839e+00  2.472e-01  2.390e+00  
2.763e+00  2.427e+00  2.510e-01  
2.331e+00  9.569e-01  1.398e+00  
2.295e+00  1.585e+00  8.300e-01  
2.427e+00  4.152e-01  2.242e+00  
2.280e+00  2.029e+00  5.680e-01  
2.166e+00  7.207e-01  1.843e+00  
2.038e+00  1.331e+00  1.174e+00  
2.668e+00  1.064e-01  3.299e+00  
2.859e+00  3.500e+00  5.918e-02  
1.894e+00  1.261e+00  1.342e+00  
1.939e+00  2.029e+00  7.341e-01  
1.926e+00  6.668e-01  2.179e+00  
2.026e+00  2.667e+00  4.365e-01  
1.754e+00  1.000e+00  1.783e+00  
1.702e+00  1.705e+00  1.093e+00  
2.000e+00  3.725e-01  3.033e+00  
2.107e+00  3.423e+00  2.902e-01  
1.580e+00  1.217e+00  1.668e+00  
1.581e+00  2.009e+00  9.811e-01  
1.715e+00  5.767e-01  2.781e+00  
1.630e+00  2.633e+00  6.712e-01  
1.499e+00  9.338e-01  2.212e+00  
1.402e+00  1.667e+00  1.381e+00  
2.237e+00  2.360e-01  3.500e+00  
2.220e+00  3.500e+00  2.425e-01  
1.307e+00  1.429e+00  1.725e+00  
1.340e+00  2.356e+00  9.949e-01  
1.417e+00  7.460e-01  2.927e+00  
1.455e+00  3.236e+00  6.717e-01  
1.229e+00  1.123e+00  2.299e+00  
1.162e+00  1.939e+00  1.415e+00  
1.825e+00  4.268e-01  3.500e+00  
1.618e+00  3.500e+00  5.494e-01  
1.086e+00  1.367e+00  2.132e+00  
1.071e+00  2.295e+00  1.287e+00  
1.413e+00  6.905e-01  3.500e+00  
1.128e+00  3.119e+00  9.548e-01  
1.060e+00  1.058e+00  2.924e+00  
9.314e-01  1.877e+00  1.763e+00  
2.465e+00  1.567e-01  3.500e+00  
2.712e+00  3.500e+00  8.979e-02  
8.519e-01  1.853e+00  1.911e+00  
9.448e-01  3.233e+00  1.123e+00  
9.480e-01  1.105e+00  3.458e+00  
1.239e+00  3.500e+00  8.281e-01  
7.764e-01  1.501e+00  2.586e+00  
7.444e-01  2.532e+00  1.571e+00  
1.232e+00  8.345e-01  3.500e+00  
1.489e+00  3.500e+00  6.354e-01  
6.546e-01  1.795e+00  2.383e+00  
6.803e-01  3.105e+00  1.465e+00  
9.044e-01  1.152e+00  3.500e+00  
8.385e-01  3.500e+00  1.227e+00  
6.234e-01  1.507e+00  3.439e+00  
5.265e-01  2.460e+00  1.975e+00  
1.411e+00  6.915e-01  3.500e+00  
1.564e+00  3.500e+00  5.841e-01  
4.495e-01  2.120e+00  2.480e+00  
5.224e-01  3.500e+00  1.660e+00  
6.099e-01  1.526e+00  3.500e+00  
6.780e-01  3.500e+00  1.430e+00  
3.990e-01  1.877e+00  3.500e+00  
3.314e-01  2.981e+00  2.107e+00  
8.403e-01  1.225e+00  3.500e+00  
7.172e-01  3.500e+00  1.377e+00  
2.584e-01  2.194e+00  3.312e+00  
2.554e-01  3.500e+00  2.187e+00  
4.317e-01  1.816e+00  3.500e+00  
2.786e-01  3.500e+00  2.132e+00  
2.041e-01  2.322e+00  3.500e+00  
1.078e-01  3.042e+00  2.770e+00  
7.491e-01  1.336e+00  3.500e+00  
5.431e-01  3.500e+00  1.627e+00  
1.713e-02  3.156e+00  3.466e+00  
3.500e+00  1.025e+00  1.025e+00  
1.025e+00  3.500e+00  1.025e+00  
1.025e+00  1.025e+00  3.500e+00  
3.500e+00  1.025e+00  1.025e+00  
3.500e+00  1.628e+00  5.427e-01  
3.500e+00  5.427e-01  1.628e+00  
3.500e+00  2.087e+00  2.981e-01  
3.500e+00  7.791e-01  1.298e+00  
3.500e+00  1.298e+00  7.791e-01  
3.500e+00  2.981e-01  2.087e+00  
3.500e+00  2.444e+00  1.630e-01  
3.500e+00  8.999e-01  1.157e+00  
3.500e+00  1.453e+00  6.607e-01  
3.500e+00  4.228e-01  1.832e+00  
3.500e+00  1.832e+00  4.228e-01  
3.500e+00  6.607e-01  1.453e+00  
3.457e+00  1.157e+00  9.001e-01  
3.500e+00  1.630e-01  2.444e+00  
3.493e+00  2.721e+00  8.778e-02  
2.996e+00  9.861e-01  1.118e+00  
2.981e+00  1.582e+00  6.190e-01  
2.941e+00  5.000e-01  1.786e+00  
2.950e+00  2.023e+00  3.747e-01  
2.646e+00  7.740e-01  1.478e+00  
2.539e+00  1.341e+00  9.178e-01  
2.839e+00  2.472e-01  2.390e+00  
2.763e+00  2.427e+00  2.510e-01  
2.331e+00  9.569e-01  1.398e+00  
2.295e+00  1.585e+00  8.300e-01  
2.427e+00  4.152e-01  2.242e+00  
2.280e+00  2.029e+00  5.680e-01  
2.166e+00  7.207e-01  1.843e+00  
2.038e+00  1.331e+00  1.174e+00  
2.668e+00  1.064e-01  3.299e+00  
2.859e+00  3.500e+00  5.918e-02  
1.894e+00  1.261e+00  1.342e+00  
1.939e+00  2.029e+00  7.341e-01  
1.926e+00  6.668e-01  2.179e+00  
2.026e+00  2.667e+00  4.365e-01  
1.754e+00  9.999e-01  1.783e+00  
1.702e+00  1.705e+00  1.093e+00  
2.000e+00  3.725e-01  3.033e+00  
2.107e+00  3.423e+00  2.902e-01  
1.580e+00  1.217e+00  1.668e+00  
1.581e+00  2.009e+00  9.811e-01  
1.715e+00  5.767e-01  2.781e+00  
1.630e+00  2.633e+00  6.712e-01  
1.499e+00  9.338e-01  2.212e+00  
1.402e+00  1.667e+00  1.381e+00  
2.237e+00  2.360e-01  3.500e+00  
2.220e+00  3.500e+00  2.425e-01  
1.307e+00  1.429e+00  1.725e+00  
1.340e+00  2.356e+00  9.949e-01  
1.417e+00  7.460e-01  2.927e+00  
1.455e+00  3.236e+00  6.717e-01  
1.229e+00  1.123e+00  2.299e+00  
1.162e+00  1.939e+00  1.415e+00  
1.825e+00  4.268e-01  3.500e+00  
1.618e+00  3.500e+00  5.494e-01  
1.086e+00  1.367e+00  2.132e+00  
1.071e+00  2.295e+00  1.287e+00  
1.413e+00  6.905e-01  3.500e+00  
1.128e+00  3.119e+00  9.548e-01  
1.060e+00  1.058e+00  2.924e+00  
9.314e-01  1.877e+00  1.763e+00  
2.465e+00  1.567e-01  3.500e+00  
2.712e+00  3.500e+00  8.979e-02  
8.519e-01  1.853e+00  1.911e+00  
9.448e-01  3.233e+00  1.123e+00  
9.480e-01  1.105e+00  3.458e+00  
1.239e+00  3.500e+00  8.281e-01  
7.764e-01  1.501e+00  2.586e+00  
7.444e-01  2.532e+00  1.571e+00  
1.232e+00  8.345e-01  3.500e+00  
1.489e+00  3.500e+00  6.354e-01  
6.546e-01  1.795e+00  2.383e+00  
6.803e-01  3.105e+00  1.465e+00  
9.044e-01  1.152e+00  3.500e+00  
8.385e-01  3.500e+00  1.227e+00  
6.234e-01  1.507e+00  3.439e+00  
5.265e-01  2.460e+00  1.975e+00  
1.411e+00  6.916e-01  3.500e+00  
1.564e+00  3.500e+00  5.841e-01  
4.495e-01  2.120e+00  2.480e+00  
5.225e-01  3.500e+00  1.660e+00  
6.099e-01  1.526e+00  3.500e+00  
6.780e-01  3.500e+00  1.430e+00  
3.990e-01  1.877e+00  3.500e+00  
3.314e-01  2.981e+00  2.107e+00  
8.403e-01  1.225e+00  3.500e+00  
7.172e-01  3.500e+00  1.377e+00  
2.584e-01  2.194e+00  3.312e+00  
2.554e-01  3.500e+00  2.187e+00  
4.317e-01  1.816e+00  3.500e+00  
2.786e-01  3.500e+00  2.132e+00  
2.041e-01  2.322e+00  3.500e+00  
1.078e-01  3.042e+00  2.770e+00  
7.491e-01  1.336e+00  3.500e+00  
5.431e-01  3.500e+00  1.627e+00  
1.713e-02  3.156e+00  3.466e+00  
