7.763e-01  2.555e+00  
7.470e-01  2.914e+00  
8.309e-01  2.022e+00  
8.703e-01  2.122e+00  
9.058e-01  1.868e+00  
6.273e-01  2.877e+00  
9.952e-01  1.772e+00  
9.716e-01  1.813e+00  
9.607e-01  2.162e+00  
1.023e+00  1.756e+00  
9.547e-01  1.728e+00  
1.311e+00  1.189e+00  
1.508e+00  9.863e-01  
1.024e+00  1.875e+00  
1.030e+00  1.575e+00  
1.324e+00  1.525e+00  
1.279e+00  1.252e+00  
1.035e+00  1.669e+00  
1.334e+00  1.189e+00  
8.469e-01  2.112e+00  
1.390e+00  1.264e+00  
8.531e-01  2.310e+00  
8.932e-01  2.015e+00  
8.749e-01  2.104e+00  
6.801e-01  3.076e+00  
1.311e+00  1.081e+00  
1.162e+00  1.885e+00  
1.018e+00  1.699e+00  
1.760e+00  7.480e-01  
1.312e+00  1.424e+00  
5.283e-01  3.556e+00  
1.020e+00  1.871e+00  
9.686e-01  1.688e+00  
9.711e-01  1.834e+00  
9.076e-01  1.658e+00  
1.091e+00  1.805e+00  
8.927e-01  2.107e+00  
9.904e-01  2.135e+00  
8.179e-01  2.287e+00  
1.182e+00  1.320e+00  
1.023e+00  1.801e+00  
1.026e+00  1.793e+00  
1.181e+00  1.637e+00  
1.414e+00  9.873e-01  
5.366e-01  2.899e+00  
1.492e+00  1.100e+00  
6.710e-01  3.434e+00  
9.250e-01  1.674e+00  
1.141e+00  1.590e+00  
5.985e-01  2.750e+00  
6.631e-01  2.669e+00  
1.014e+00  1.790e+00  
7.883e-01  2.137e+00  
8.566e-01  1.795e+00  
8.438e-01  2.209e+00  
7.713e-01  2.334e+00  
1.455e+00  1.115e+00  
7.259e-01  2.754e+00  
1.418e+00  1.246e+00  
9.301e-01  1.368e+00  
6.933e-01  2.230e+00  
1.277e+00  1.421e+00  
1.944e+00  7.616e-01  
8.895e-01  1.949e+00  
1.485e+00  1.003e+00  
6.717e-01  2.116e+00  
6.160e-01  3.019e+00  
1.040e+00  1.700e+00  
1.664e+00  6.821e-01  
1.478e+00  1.178e+00  
1.002e+00  1.889e+00  
6.946e-01  2.295e+00  
8.928e-01  1.924e+00  
1.041e+00  2.054e+00  
5.712e-01  2.548e+00  
6.574e-01  2.744e+00  
1.589e+00  8.198e-01  
8.686e-01  2.222e+00  
6.970e-01  2.477e+00  
4.937e-01  3.555e+00  
9.601e-01  1.946e+00  
9.370e-01  1.931e+00  
9.420e-01  1.604e+00  
7.200e-01  2.644e+00  
1.360e+00  9.247e-01  
1.637e+00  9.431e-01  
8.934e-01  2.316e+00  
8.198e-01  2.255e+00  
9.693e-01  1.979e+00  
8.056e-01  2.699e+00  
7.068e-01  2.107e+00  
1.632e+00  7.884e-01  
8.526e-01  2.524e+00  
7.586e-01  2.532e+00  
7.037e-01  2.626e+00  
7.310e-01  2.323e+00  
5.822e-01  3.019e+00  
6.528e-01  2.689e+00  
6.123e-01  3.141e+00  
1.418e+00  1.028e+00  
1.840e+00  1.517e-02  
3.643e-03  3.877e+00  
1.798e+00  2.356e-02  
1.728e+00  4.145e-02  
1.672e+00  5.867e-02  
1.623e+00  7.472e-02  
1.584e+00  9.103e-02  
1.551e+00  1.067e-01  
1.519e+00  1.216e-01  
1.490e+00  1.381e-01  
1.458e+00  1.534e-01  
1.434e+00  1.677e-01  
1.410e+00  1.833e-01  
1.385e+00  1.983e-01  
1.363e+00  2.136e-01  
1.338e+00  2.289e-01  
1.320e+00  2.440e-01  
1.301e+00  2.591e-01  
1.279e+00  2.732e-01  
1.260e+00  2.886e-01  
1.242e+00  3.037e-01  
1.224e+00  3.191e-01  
1.206e+00  3.336e-01  
1.189e+00  3.487e-01  
1.173e+00  3.645e-01  
1.157e+00  3.783e-01  
1.140e+00  3.940e-01  
1.124e+00  4.096e-01  
1.110e+00  4.245e-01  
1.093e+00  4.394e-01  
1.079e+00  4.560e-01  
1.063e+00  4.716e-01  
1.049e+00  4.873e-01  
1.035e+00  5.030e-01  
1.020e+00  5.203e-01  
1.006e+00  5.358e-01  
9.932e-01  5.530e-01  
9.782e-01  5.690e-01  
9.636e-01  5.848e-01  
9.494e-01  6.015e-01  
9.379e-01  6.202e-01  
9.230e-01  6.351e-01  
9.098e-01  6.537e-01  
8.979e-01  6.723e-01  
8.836e-01  6.887e-01  
8.711e-01  7.075e-01  
8.577e-01  7.252e-01  
8.430e-01  7.435e-01  
8.308e-01  7.598e-01  
8.175e-01  7.815e-01  
8.056e-01  7.973e-01  
7.913e-01  8.198e-01  
7.785e-01  8.390e-01  
7.659e-01  8.562e-01  
7.526e-01  8.797e-01  
7.382e-01  9.009e-01  
7.268e-01  9.207e-01  
7.139e-01  9.420e-01  
7.015e-01  9.648e-01  
6.881e-01  9.872e-01  
6.751e-01  1.010e+00  
6.616e-01  1.033e+00  
6.484e-01  1.057e+00  
6.365e-01  1.080e+00  
6.235e-01  1.106e+00  
6.092e-01  1.132e+00  
5.969e-01  1.157e+00  
5.833e-01  1.183e+00  
5.697e-01  1.210e+00  
5.559e-01  1.239e+00  
5.424e-01  1.266e+00  
5.292e-01  1.297e+00  
5.149e-01  1.327e+00  
5.010e-01  1.358e+00  
4.875e-01  1.391e+00  
4.728e-01  1.425e+00  
4.590e-01  1.458e+00  
4.443e-01  1.495e+00  
4.300e-01  1.532e+00  
4.143e-01  1.571e+00  
4.002e-01  1.609e+00  
3.838e-01  1.652e+00  
3.687e-01  1.695e+00  
3.529e-01  1.740e+00  
3.368e-01  1.786e+00  
3.203e-01  1.840e+00  
3.038e-01  1.891e+00  
2.863e-01  1.948e+00  
2.686e-01  2.008e+00  
2.506e-01  2.076e+00  
2.319e-01  2.143e+00  
2.128e-01  2.214e+00  
1.932e-01  2.298e+00  
1.715e-01  2.390e+00  
1.507e-01  2.488e+00  
1.275e-01  2.611e+00  
1.041e-01  2.746e+00  
7.846e-02  2.908e+00  
5.179e-02  3.121e+00  
2.053e-02  3.462e+00  
1.839e+00  1.514e-02  
2.661e-03  3.892e+00  
1.790e+00  2.419e-02  
1.720e+00  4.166e-02  
1.667e+00  5.809e-02  
1.623e+00  7.464e-02  
1.583e+00  9.081e-02  
1.547e+00  1.067e-01  
1.515e+00  1.222e-01  
1.486e+00  1.376e-01  
1.458e+00  1.528e-01  
1.432e+00  1.682e-01  
1.405e+00  1.833e-01  
1.382e+00  1.984e-01  
1.360e+00  2.125e-01  
1.339e+00  2.283e-01  
1.318e+00  2.430e-01  
1.297e+00  2.582e-01  
1.278e+00  2.730e-01  
1.259e+00  2.880e-01  
1.240e+00  3.030e-01  
1.223e+00  3.178e-01  
1.205e+00  3.325e-01  
1.188e+00  3.481e-01  
1.171e+00  3.631e-01  
1.154e+00  3.780e-01  
1.138e+00  3.937e-01  
1.123e+00  4.082e-01  
1.107e+00  4.244e-01  
1.091e+00  4.398e-01  
1.076e+00  4.555e-01  
1.062e+00  4.706e-01  
1.047e+00  4.868e-01  
1.032e+00  5.022e-01  
1.018e+00  5.185e-01  
1.003e+00  5.347e-01  
9.896e-01  5.512e-01  
9.749e-01  5.677e-01  
9.619e-01  5.845e-01  
9.482e-01  6.012e-01  
9.349e-01  6.184e-01  
9.215e-01  6.349e-01  
9.075e-01  6.523e-01  
8.944e-01  6.703e-01  
8.814e-01  6.871e-01  
8.682e-01  7.059e-01  
8.552e-01  7.243e-01  
8.422e-01  7.420e-01  
8.292e-01  7.612e-01  
8.160e-01  7.802e-01  
8.033e-01  7.990e-01  
7.898e-01  8.188e-01  
7.777e-01  8.385e-01  
7.652e-01  8.595e-01  
7.519e-01  8.791e-01  
7.389e-01  8.994e-01  
7.265e-01  9.206e-01  
7.134e-01  9.423e-01  
7.001e-01  9.636e-01  
6.876e-01  9.865e-01  
6.742e-01  1.010e+00  
6.615e-01  1.033e+00  
6.482e-01  1.056e+00  
6.352e-01  1.081e+00  
6.224e-01  1.105e+00  
6.088e-01  1.132e+00  
5.959e-01  1.158e+00  
5.827e-01  1.184e+00  
5.697e-01  1.210e+00  
5.558e-01  1.239e+00  
5.424e-01  1.266e+00  
5.292e-01  1.297e+00  
5.149e-01  1.327e+00  
5.010e-01  1.358e+00  
4.861e-01  1.393e+00  
4.730e-01  1.425e+00  
4.574e-01  1.460e+00  
4.442e-01  1.496e+00  
4.292e-01  1.532e+00  
4.140e-01  1.570e+00  
3.980e-01  1.611e+00  
3.839e-01  1.652e+00  
3.678e-01  1.697e+00  
3.521e-01  1.742e+00  
3.360e-01  1.788e+00  
3.195e-01  1.840e+00  
3.024e-01  1.892e+00  
2.855e-01  1.949e+00  
2.672e-01  2.011e+00  
2.497e-01  2.075e+00  
2.313e-01  2.144e+00  
2.115e-01  2.219e+00  
1.924e-01  2.298e+00  
1.713e-01  2.392e+00  
1.496e-01  2.494e+00  
1.273e-01  2.609e+00  
1.037e-01  2.746e+00  
7.833e-02  2.908e+00  
5.101e-02  3.123e+00  
2.039e-02  3.468e+00  
1.840e+00  1.451e-02  
2.759e-03  3.852e+00  
1.790e+00  2.352e-02  
1.721e+00  4.092e-02  
1.667e+00  5.801e-02  
1.622e+00  7.421e-02  
1.582e+00  9.032e-02  
1.548e+00  1.064e-01  
1.513e+00  1.218e-01  
1.483e+00  1.373e-01  
1.457e+00  1.518e-01  
1.431e+00  1.677e-01  
1.406e+00  1.828e-01  
1.383e+00  1.975e-01  
1.360e+00  2.125e-01  
1.339e+00  2.274e-01  
1.317e+00  2.422e-01  
1.297e+00  2.575e-01  
1.277e+00  2.722e-01  
1.259e+00  2.876e-01  
1.239e+00  3.020e-01  
1.222e+00  3.169e-01  
1.204e+00  3.323e-01  
1.188e+00  3.475e-01  
1.170e+00  3.625e-01  
1.154e+00  3.779e-01  
1.138e+00  3.932e-01  
1.122e+00  4.083e-01  
1.107e+00  4.240e-01  
1.091e+00  4.393e-01  
1.077e+00  4.550e-01  
1.061e+00  4.704e-01  
1.047e+00  4.859e-01  
1.032e+00  5.022e-01  
1.018e+00  5.181e-01  
1.003e+00  5.347e-01  
9.899e-01  5.501e-01  
9.758e-01  5.671e-01  
9.620e-01  5.835e-01  
9.482e-01  6.000e-01  
9.350e-01  6.173e-01  
9.211e-01  6.348e-01  
9.075e-01  6.523e-01  
8.945e-01  6.698e-01  
8.814e-01  6.871e-01  
8.679e-01  7.051e-01  
8.548e-01  7.237e-01  
8.418e-01  7.421e-01  
8.290e-01  7.607e-01  
8.156e-01  7.797e-01  
8.027e-01  7.988e-01  
7.903e-01  8.183e-01  
7.769e-01  8.385e-01  
7.646e-01  8.586e-01  
7.519e-01  8.791e-01  
7.389e-01  8.994e-01  
7.265e-01  9.206e-01  
7.134e-01  9.423e-01  
7.001e-01  9.636e-01  
6.876e-01  9.865e-01  
6.742e-01  1.010e+00  
6.615e-01  1.033e+00  
6.481e-01  1.056e+00  
6.354e-01  1.081e+00  
6.224e-01  1.105e+00  
6.087e-01  1.131e+00  
5.959e-01  1.157e+00  
5.821e-01  1.184e+00  
5.691e-01  1.211e+00  
5.558e-01  1.239e+00  
5.420e-01  1.267e+00  
5.283e-01  1.296e+00  
5.143e-01  1.327e+00  
5.004e-01  1.359e+00  
4.866e-01  1.390e+00  
4.718e-01  1.424e+00  
4.575e-01  1.458e+00  
4.435e-01  1.494e+00  
4.289e-01  1.531e+00  
4.139e-01  1.568e+00  
3.985e-01  1.609e+00  
3.831e-01  1.651e+00  
3.676e-01  1.694e+00  
3.517e-01  1.740e+00  
3.357e-01  1.787e+00  
3.191e-01  1.838e+00  
3.022e-01  1.891e+00  
2.851e-01  1.947e+00  
2.675e-01  2.008e+00  
2.494e-01  2.071e+00  
2.307e-01  2.141e+00  
2.114e-01  2.216e+00  
1.918e-01  2.298e+00  
1.711e-01  2.388e+00  
1.496e-01  2.489e+00  
1.271e-01  2.605e+00  
1.032e-01  2.740e+00  
7.782e-02  2.904e+00  
5.047e-02  3.118e+00  
2.015e-02  3.455e+00  
1.841e+00  1.316e-02  
1.281e-03  3.929e+00  
1.792e+00  2.205e-02  
1.720e+00  3.979e-02  
1.666e+00  5.659e-02  
1.621e+00  7.297e-02  
1.581e+00  8.919e-02  
1.546e+00  1.049e-01  
1.514e+00  1.206e-01  
1.484e+00  1.361e-01  
1.456e+00  1.512e-01  
1.430e+00  1.664e-01  
1.405e+00  1.816e-01  
1.382e+00  1.967e-01  
1.359e+00  2.117e-01  
1.338e+00  2.264e-01  
1.317e+00  2.415e-01  
1.296e+00  2.565e-01  
1.277e+00  2.713e-01  
1.258e+00  2.863e-01  
1.239e+00  3.014e-01  
1.222e+00  3.162e-01  
1.204e+00  3.314e-01  
1.188e+00  3.462e-01  
1.170e+00  3.617e-01  
1.154e+00  3.767e-01  
1.138e+00  3.919e-01  
1.122e+00  4.074e-01  
1.107e+00  4.226e-01  
1.091e+00  4.386e-01  
1.076e+00  4.539e-01  
1.061e+00  4.696e-01  
1.046e+00  4.854e-01  
1.032e+00  5.012e-01  
1.018e+00  5.173e-01  
1.004e+00  5.332e-01  
9.899e-01  5.501e-01  
9.757e-01  5.669e-01  
9.618e-01  5.835e-01  
9.482e-01  6.000e-01  
9.347e-01  6.168e-01  
9.215e-01  6.342e-01  
9.075e-01  6.512e-01  
8.943e-01  6.694e-01  
8.807e-01  6.871e-01  
8.679e-01  7.051e-01  
8.546e-01  7.230e-01  
8.415e-01  7.416e-01  
8.290e-01  7.607e-01  
8.159e-01  7.788e-01  
8.028e-01  7.985e-01  
7.899e-01  8.181e-01  
7.769e-01  8.381e-01  
7.639e-01  8.574e-01  
7.513e-01  8.785e-01  
7.384e-01  8.991e-01  
7.252e-01  9.206e-01  
7.121e-01  9.419e-01  
7.001e-01  9.636e-01  
6.871e-01  9.855e-01  
6.743e-01  1.008e+00  
6.609e-01  1.033e+00  
6.473e-01  1.057e+00  
6.346e-01  1.081e+00  
6.221e-01  1.105e+00  
6.081e-01  1.130e+00  
5.950e-01  1.157e+00  
5.817e-01  1.183e+00  
5.682e-01  1.210e+00  
5.553e-01  1.238e+00  
5.416e-01  1.267e+00  
5.274e-01  1.296e+00  
5.141e-01  1.327e+00  
5.004e-01  1.359e+00  
4.858e-01  1.392e+00  
4.717e-01  1.423e+00  
4.575e-01  1.458e+00  
4.430e-01  1.493e+00  
4.279e-01  1.532e+00  
4.131e-01  1.569e+00  
3.982e-01  1.608e+00  
3.824e-01  1.651e+00  
3.668e-01  1.695e+00  
3.510e-01  1.741e+00  
3.350e-01  1.789e+00  
3.183e-01  1.840e+00  
3.016e-01  1.892e+00  
2.842e-01  1.949e+00  
2.665e-01  2.009e+00  
2.484e-01  2.075e+00  
2.299e-01  2.144e+00  
2.106e-01  2.220e+00  
1.909e-01  2.300e+00  
1.701e-01  2.392e+00  
1.484e-01  2.494e+00  
1.261e-01  2.610e+00  
1.023e-01  2.745e+00  
7.700e-02  2.909e+00  
4.957e-02  3.125e+00  
1.847e-02  3.474e+00  
1.841e+00  1.287e-02  
1.207e-03  3.904e+00  
1.792e+00  2.186e-02  
1.721e+00  3.943e-02  
1.666e+00  5.629e-02  
1.621e+00  7.267e-02  
1.581e+00  8.881e-02  
1.546e+00  1.046e-01  
1.514e+00  1.200e-01  
1.484e+00  1.356e-01  
1.456e+00  1.509e-01  
1.430e+00  1.661e-01  
1.405e+00  1.812e-01  
1.382e+00  1.963e-01  
1.359e+00  2.113e-01  
1.337e+00  2.262e-01  
1.316e+00  2.412e-01  
1.296e+00  2.561e-01  
1.277e+00  2.710e-01  
1.258e+00  2.860e-01  
1.239e+00  3.009e-01  
1.221e+00  3.159e-01  
1.204e+00  3.309e-01  
1.187e+00  3.459e-01  
1.170e+00  3.609e-01  
1.154e+00  3.763e-01  
1.137e+00  3.916e-01  
1.122e+00  4.069e-01  
1.106e+00  4.223e-01  
1.091e+00  4.379e-01  
1.076e+00  4.535e-01  
1.061e+00  4.691e-01  
1.046e+00  4.849e-01  
1.032e+00  5.006e-01  
1.017e+00  5.170e-01  
1.003e+00  5.332e-01  
9.891e-01  5.493e-01  
9.754e-01  5.660e-01  
9.613e-01  5.826e-01  
9.483e-01  5.996e-01  
9.337e-01  6.166e-01  
9.207e-01  6.337e-01  
9.070e-01  6.511e-01  
8.936e-01  6.686e-01  
8.808e-01  6.860e-01  
8.676e-01  7.043e-01  
8.541e-01  7.226e-01  
8.411e-01  7.407e-01  
8.281e-01  7.592e-01  
8.153e-01  7.786e-01  
8.024e-01  7.980e-01  
7.895e-01  8.172e-01  
7.764e-01  8.371e-01  
7.635e-01  8.568e-01  
7.507e-01  8.770e-01  
7.381e-01  8.987e-01  
7.250e-01  9.195e-01  
7.120e-01  9.413e-01  
6.991e-01  9.627e-01  
6.863e-01  9.859e-01  
6.729e-01  1.008e+00  
6.602e-01  1.032e+00  
6.472e-01  1.056e+00  
6.341e-01  1.080e+00  
6.212e-01  1.104e+00  
6.081e-01  1.130e+00  
5.943e-01  1.156e+00  
5.816e-01  1.181e+00  
5.680e-01  1.210e+00  
5.545e-01  1.237e+00  
5.406e-01  1.267e+00  
5.273e-01  1.296e+00  
5.132e-01  1.326e+00  
4.993e-01  1.358e+00  
4.852e-01  1.390e+00  
4.710e-01  1.423e+00  
4.568e-01  1.458e+00  
4.417e-01  1.494e+00  
4.274e-01  1.530e+00  
4.121e-01  1.570e+00  
3.970e-01  1.609e+00  
3.819e-01  1.652e+00  
3.664e-01  1.695e+00  
3.506e-01  1.740e+00  
3.342e-01  1.789e+00  
3.178e-01  1.839e+00  
3.011e-01  1.891e+00  
2.839e-01  1.949e+00  
2.663e-01  2.008e+00  
2.478e-01  2.074e+00  
2.295e-01  2.143e+00  
2.103e-01  2.218e+00  
1.905e-01  2.300e+00  
1.696e-01  2.391e+00  
1.483e-01  2.492e+00  
1.258e-01  2.610e+00  
1.018e-01  2.743e+00  
7.637e-02  2.909e+00  
4.922e-02  3.124e+00  
1.861e-02  3.468e+00  
1.840e+00  1.282e-02  
1.015e-03  3.894e+00  
1.792e+00  2.186e-02  
1.721e+00  3.934e-02  
1.666e+00  5.624e-02  
1.621e+00  7.267e-02  
1.581e+00  8.873e-02  
1.546e+00  1.045e-01  
1.514e+00  1.201e-01  
1.484e+00  1.356e-01  
1.456e+00  1.509e-01  
1.430e+00  1.661e-01  
1.405e+00  1.812e-01  
1.381e+00  1.962e-01  
1.359e+00  2.112e-01  
1.337e+00  2.262e-01  
1.316e+00  2.411e-01  
1.296e+00  2.561e-01  
1.277e+00  2.710e-01  
1.258e+00  2.859e-01  
1.239e+00  3.008e-01  
1.221e+00  3.159e-01  
1.204e+00  3.309e-01  
1.187e+00  3.459e-01  
1.170e+00  3.611e-01  
1.154e+00  3.762e-01  
1.137e+00  3.915e-01  
1.121e+00  4.068e-01  
1.106e+00  4.223e-01  
1.091e+00  4.378e-01  
1.075e+00  4.533e-01  
1.061e+00  4.690e-01  
1.046e+00  4.849e-01  
1.031e+00  5.008e-01  
1.017e+00  5.167e-01  
1.003e+00  5.330e-01  
9.889e-01  5.495e-01  
9.751e-01  5.657e-01  
9.611e-01  5.825e-01  
9.473e-01  5.993e-01  
9.337e-01  6.164e-01  
9.203e-01  6.337e-01  
9.069e-01  6.509e-01  
8.935e-01  6.685e-01  
8.804e-01  6.862e-01  
8.672e-01  7.038e-01  
8.542e-01  7.224e-01  
8.411e-01  7.407e-01  
8.280e-01  7.596e-01  
8.150e-01  7.784e-01  
8.020e-01  7.974e-01  
7.891e-01  8.172e-01  
7.761e-01  8.373e-01  
7.634e-01  8.573e-01  
7.505e-01  8.773e-01  
7.376e-01  8.983e-01  
7.247e-01  9.192e-01  
7.115e-01  9.411e-01  
6.988e-01  9.630e-01  
6.859e-01  9.854e-01  
6.730e-01  1.008e+00  
6.599e-01  1.031e+00  
6.468e-01  1.055e+00  
6.338e-01  1.079e+00  
6.207e-01  1.104e+00  
6.074e-01  1.130e+00  
5.943e-01  1.155e+00  
5.809e-01  1.182e+00  
5.673e-01  1.209e+00  
5.541e-01  1.237e+00  
5.405e-01  1.266e+00  
5.268e-01  1.295e+00  
5.130e-01  1.326e+00  
4.991e-01  1.357e+00  
4.850e-01  1.389e+00  
4.708e-01  1.423e+00  
4.564e-01  1.457e+00  
4.419e-01  1.493e+00  
4.272e-01  1.530e+00  
4.124e-01  1.569e+00  
3.971e-01  1.609e+00  
3.818e-01  1.650e+00  
3.662e-01  1.694e+00  
3.504e-01  1.739e+00  
3.342e-01  1.787e+00  
3.177e-01  1.838e+00  
3.008e-01  1.891e+00  
2.836e-01  1.948e+00  
2.660e-01  2.008e+00  
2.478e-01  2.073e+00  
2.292e-01  2.142e+00  
2.100e-01  2.217e+00  
1.901e-01  2.299e+00  
1.695e-01  2.390e+00  
1.479e-01  2.492e+00  
1.256e-01  2.607e+00  
1.017e-01  2.743e+00  
7.641e-02  2.906e+00  
4.905e-02  3.122e+00  
1.825e-02  3.464e+00  
1.840e+00  1.281e-02  
7.441e-04  3.906e+00  
1.792e+00  2.182e-02  
1.720e+00  3.935e-02  
1.666e+00  5.625e-02  
1.621e+00  7.267e-02  
1.581e+00  8.873e-02  
1.546e+00  1.045e-01  
1.514e+00  1.201e-01  
1.484e+00  1.356e-01  
1.456e+00  1.509e-01  
1.430e+00  1.661e-01  
1.405e+00  1.812e-01  
1.381e+00  1.962e-01  
1.359e+00  2.113e-01  
1.337e+00  2.262e-01  
1.316e+00  2.412e-01  
1.296e+00  2.561e-01  
1.277e+00  2.710e-01  
1.258e+00  2.859e-01  
1.239e+00  3.009e-01  
1.221e+00  3.159e-01  
1.204e+00  3.309e-01  
1.186e+00  3.460e-01  
1.170e+00  3.611e-01  
1.153e+00  3.763e-01  
1.137e+00  3.916e-01  
1.121e+00  4.069e-01  
1.106e+00  4.223e-01  
1.090e+00  4.378e-01  
1.075e+00  4.534e-01  
1.060e+00  4.692e-01  
1.046e+00  4.849e-01  
1.031e+00  5.009e-01  
1.017e+00  5.169e-01  
1.003e+00  5.331e-01  
9.886e-01  5.495e-01  
9.746e-01  5.660e-01  
9.611e-01  5.825e-01  
9.472e-01  5.994e-01  
9.337e-01  6.162e-01  
9.203e-01  6.336e-01  
9.067e-01  6.511e-01  
8.933e-01  6.685e-01  
8.803e-01  6.863e-01  
8.670e-01  7.041e-01  
8.538e-01  7.225e-01  
8.409e-01  7.407e-01  
8.279e-01  7.591e-01  
8.148e-01  7.785e-01  
8.018e-01  7.978e-01  
7.890e-01  8.170e-01  
7.759e-01  8.372e-01  
7.631e-01  8.572e-01  
7.503e-01  8.779e-01  
7.372e-01  8.986e-01  
7.244e-01  9.197e-01  
7.115e-01  9.411e-01  
6.985e-01  9.633e-01  
6.857e-01  9.855e-01  
6.729e-01  1.008e+00  
6.598e-01  1.031e+00  
6.469e-01  1.055e+00  
6.337e-01  1.080e+00  
6.205e-01  1.105e+00  
6.074e-01  1.129e+00  
5.942e-01  1.156e+00  
5.808e-01  1.182e+00  
5.673e-01  1.209e+00  
5.539e-01  1.237e+00  
5.403e-01  1.266e+00  
5.267e-01  1.295e+00  
5.126e-01  1.327e+00  
4.988e-01  1.358e+00  
4.848e-01  1.390e+00  
4.706e-01  1.423e+00  
4.562e-01  1.458e+00  
4.416e-01  1.493e+00  
4.270e-01  1.531e+00  
4.120e-01  1.569e+00  
3.970e-01  1.609e+00  
3.816e-01  1.651e+00  
3.660e-01  1.694e+00  
3.500e-01  1.740e+00  
3.339e-01  1.788e+00  
3.175e-01  1.838e+00  
3.005e-01  1.892e+00  
2.833e-01  1.948e+00  
2.657e-01  2.008e+00  
2.476e-01  2.073e+00  
2.289e-01  2.142e+00  
2.098e-01  2.217e+00  
1.898e-01  2.300e+00  
1.693e-01  2.391e+00  
1.478e-01  2.492e+00  
1.252e-01  2.608e+00  
1.015e-01  2.743e+00  
7.619e-02  2.908e+00  
4.871e-02  3.124e+00  
1.803e-02  3.467e+00  
1.840e+00  1.278e-02  
6.062e-04  3.917e+00  
1.791e+00  2.183e-02  
1.720e+00  3.939e-02  
1.666e+00  5.625e-02  
1.621e+00  7.267e-02  
1.581e+00  8.873e-02  
1.546e+00  1.046e-01  
1.514e+00  1.201e-01  
1.484e+00  1.356e-01  
1.456e+00  1.509e-01  
1.430e+00  1.661e-01  
1.405e+00  1.812e-01  
1.381e+00  1.963e-01  
1.359e+00  2.112e-01  
1.337e+00  2.262e-01  
1.316e+00  2.412e-01  
1.296e+00  2.561e-01  
1.276e+00  2.710e-01  
1.257e+00  2.860e-01  
1.239e+00  3.009e-01  
1.221e+00  3.159e-01  
1.204e+00  3.309e-01  
1.186e+00  3.460e-01  
1.170e+00  3.612e-01  
1.153e+00  3.763e-01  
1.137e+00  3.916e-01  
1.121e+00  4.069e-01  
1.106e+00  4.223e-01  
1.090e+00  4.377e-01  
1.075e+00  4.535e-01  
1.060e+00  4.692e-01  
1.046e+00  4.849e-01  
1.031e+00  5.009e-01  
1.017e+00  5.169e-01  
1.003e+00  5.332e-01  
9.886e-01  5.495e-01  
9.746e-01  5.660e-01  
9.609e-01  5.825e-01  
9.471e-01  5.993e-01  
9.334e-01  6.165e-01  
9.201e-01  6.337e-01  
9.067e-01  6.511e-01  
8.933e-01  6.685e-01  
8.802e-01  6.862e-01  
8.669e-01  7.042e-01  
8.538e-01  7.225e-01  
8.405e-01  7.410e-01  
8.276e-01  7.597e-01  
8.148e-01  7.785e-01  
8.017e-01  7.977e-01  
7.888e-01  8.173e-01  
7.759e-01  8.372e-01  
7.630e-01  8.571e-01  
7.502e-01  8.777e-01  
7.373e-01  8.986e-01  
7.244e-01  9.196e-01  
7.115e-01  9.411e-01  
6.985e-01  9.631e-01  
6.856e-01  9.855e-01  
6.727e-01  1.008e+00  
6.598e-01  1.031e+00  
6.466e-01  1.055e+00  
6.336e-01  1.080e+00  
6.205e-01  1.105e+00  
6.073e-01  1.130e+00  
5.941e-01  1.156e+00  
5.808e-01  1.182e+00  
5.673e-01  1.209e+00  
5.539e-01  1.237e+00  
5.403e-01  1.266e+00  
5.265e-01  1.296e+00  
5.127e-01  1.326e+00  
4.988e-01  1.358e+00  
4.848e-01  1.390e+00  
4.705e-01  1.423e+00  
4.562e-01  1.458e+00  
4.416e-01  1.493e+00  
4.269e-01  1.531e+00  
4.120e-01  1.569e+00  
3.969e-01  1.609e+00  
3.814e-01  1.651e+00  
3.659e-01  1.694e+00  
3.501e-01  1.740e+00  
3.338e-01  1.788e+00  
3.174e-01  1.838e+00  
3.006e-01  1.892e+00  
2.833e-01  1.948e+00  
2.657e-01  2.008e+00  
2.476e-01  2.073e+00  
2.290e-01  2.142e+00  
2.098e-01  2.217e+00  
1.898e-01  2.300e+00  
1.693e-01  2.390e+00  
1.478e-01  2.492e+00  
1.252e-01  2.607e+00  
1.015e-01  2.743e+00  
7.617e-02  2.908e+00  
4.871e-02  3.124e+00  
1.803e-02  3.466e+00  
1.841e+00  1.267e-02  
6.124e-04  3.914e+00  
1.792e+00  2.170e-02  
1.721e+00  3.925e-02  
1.666e+00  5.613e-02  
1.621e+00  7.253e-02  
1.581e+00  8.860e-02  
1.546e+00  1.044e-01  
1.514e+00  1.200e-01  
1.484e+00  1.355e-01  
1.456e+00  1.508e-01  
1.430e+00  1.660e-01  
1.405e+00  1.811e-01  
1.382e+00  1.961e-01  
1.359e+00  2.111e-01  
1.337e+00  2.261e-01  
1.316e+00  2.410e-01  
1.296e+00  2.559e-01  
1.277e+00  2.709e-01  
1.258e+00  2.858e-01  
1.239e+00  3.008e-01  
1.221e+00  3.158e-01  
1.204e+00  3.307e-01  
1.187e+00  3.459e-01  
1.170e+00  3.611e-01  
1.153e+00  3.763e-01  
1.137e+00  3.915e-01  
1.121e+00  4.068e-01  
1.106e+00  4.222e-01  
1.090e+00  4.377e-01  
1.075e+00  4.532e-01  
1.061e+00  4.690e-01  
1.046e+00  4.849e-01  
1.031e+00  5.009e-01  
1.017e+00  5.169e-01  
1.003e+00  5.332e-01  
9.886e-01  5.493e-01  
9.746e-01  5.659e-01  
9.609e-01  5.825e-01  
9.471e-01  5.993e-01  
9.336e-01  6.164e-01  
9.200e-01  6.335e-01  
9.065e-01  6.509e-01  
8.933e-01  6.684e-01  
8.801e-01  6.862e-01  
8.669e-01  7.042e-01  
8.537e-01  7.223e-01  
8.407e-01  7.409e-01  
8.275e-01  7.596e-01  
8.147e-01  7.785e-01  
8.017e-01  7.977e-01  
7.888e-01  8.170e-01  
7.759e-01  8.371e-01  
7.630e-01  8.571e-01  
7.502e-01  8.777e-01  
7.373e-01  8.985e-01  
7.243e-01  9.196e-01  
7.114e-01  9.412e-01  
6.985e-01  9.631e-01  
6.856e-01  9.855e-01  
6.725e-01  1.008e+00  
6.597e-01  1.031e+00  
6.467e-01  1.055e+00  
6.336e-01  1.080e+00  
6.205e-01  1.104e+00  
6.072e-01  1.130e+00  
5.940e-01  1.156e+00  
5.807e-01  1.182e+00  
5.673e-01  1.209e+00  
5.539e-01  1.237e+00  
5.402e-01  1.266e+00  
5.265e-01  1.296e+00  
5.127e-01  1.326e+00  
4.988e-01  1.357e+00  
4.847e-01  1.390e+00  
4.704e-01  1.423e+00  
4.560e-01  1.458e+00  
4.416e-01  1.493e+00  
4.269e-01  1.531e+00  
4.120e-01  1.569e+00  
3.968e-01  1.609e+00  
3.815e-01  1.651e+00  
3.658e-01  1.694e+00  
3.500e-01  1.740e+00  
3.339e-01  1.788e+00  
3.173e-01  1.838e+00  
3.004e-01  1.892e+00  
2.833e-01  1.948e+00  
2.656e-01  2.009e+00  
2.476e-01  2.073e+00  
2.290e-01  2.143e+00  
2.097e-01  2.218e+00  
1.898e-01  2.300e+00  
1.692e-01  2.391e+00  
1.477e-01  2.492e+00  
1.252e-01  2.608e+00  
1.014e-01  2.744e+00  
7.607e-02  2.909e+00  
4.868e-02  3.124e+00  
1.801e-02  3.466e+00  
1.841e+00  1.268e-02  
5.829e-04  3.912e+00  
1.792e+00  2.168e-02  
1.721e+00  3.924e-02  
1.666e+00  5.611e-02  
1.621e+00  7.251e-02  
1.581e+00  8.860e-02  
1.546e+00  1.044e-01  
1.514e+00  1.200e-01  
1.484e+00  1.354e-01  
1.456e+00  1.507e-01  
1.430e+00  1.660e-01  
1.405e+00  1.811e-01  
1.381e+00  1.961e-01  
1.359e+00  2.111e-01  
1.337e+00  2.261e-01  
1.316e+00  2.410e-01  
1.296e+00  2.559e-01  
1.277e+00  2.709e-01  
1.258e+00  2.858e-01  
1.239e+00  3.008e-01  
1.221e+00  3.158e-01  
1.204e+00  3.307e-01  
1.187e+00  3.459e-01  
1.170e+00  3.610e-01  
1.153e+00  3.762e-01  
1.137e+00  3.914e-01  
1.121e+00  4.068e-01  
1.106e+00  4.222e-01  
1.090e+00  4.377e-01  
1.075e+00  4.533e-01  
1.060e+00  4.691e-01  
1.046e+00  4.849e-01  
1.031e+00  5.008e-01  
1.017e+00  5.168e-01  
1.003e+00  5.331e-01  
9.885e-01  5.495e-01  
9.746e-01  5.659e-01  
9.608e-01  5.825e-01  
9.471e-01  5.993e-01  
9.335e-01  6.164e-01  
9.200e-01  6.335e-01  
9.066e-01  6.509e-01  
8.933e-01  6.684e-01  
8.800e-01  6.861e-01  
8.669e-01  7.041e-01  
8.537e-01  7.223e-01  
8.407e-01  7.409e-01  
8.276e-01  7.595e-01  
8.147e-01  7.785e-01  
8.017e-01  7.977e-01  
7.888e-01  8.173e-01  
7.758e-01  8.370e-01  
7.629e-01  8.572e-01  
7.501e-01  8.776e-01  
7.372e-01  8.985e-01  
7.243e-01  9.196e-01  
7.114e-01  9.412e-01  
6.985e-01  9.631e-01  
6.855e-01  9.854e-01  
6.726e-01  1.008e+00  
6.596e-01  1.032e+00  
6.466e-01  1.055e+00  
6.335e-01  1.079e+00  
6.204e-01  1.104e+00  
6.072e-01  1.130e+00  
5.940e-01  1.156e+00  
5.806e-01  1.182e+00  
5.673e-01  1.209e+00  
5.537e-01  1.238e+00  
5.402e-01  1.266e+00  
5.265e-01  1.296e+00  
5.127e-01  1.326e+00  
4.987e-01  1.357e+00  
4.846e-01  1.390e+00  
4.704e-01  1.423e+00  
4.561e-01  1.458e+00  
4.416e-01  1.493e+00  
4.269e-01  1.531e+00  
4.120e-01  1.569e+00  
3.968e-01  1.609e+00  
3.814e-01  1.651e+00  
3.658e-01  1.694e+00  
3.500e-01  1.740e+00  
3.337e-01  1.788e+00  
3.173e-01  1.838e+00  
3.005e-01  1.892e+00  
2.833e-01  1.949e+00  
2.656e-01  2.009e+00  
2.475e-01  2.073e+00  
2.289e-01  2.143e+00  
2.097e-01  2.218e+00  
1.898e-01  2.300e+00  
1.692e-01  2.390e+00  
1.477e-01  2.492e+00  
1.251e-01  2.608e+00  
1.013e-01  2.744e+00  
7.603e-02  2.908e+00  
4.858e-02  3.125e+00  
1.791e-02  3.467e+00  
