1.376e+00  3.500e+00  
2.044e+00  3.500e+00  
1.687e+00  3.500e+00  
2.094e+00  3.500e+00  
1.506e+00  3.500e+00  
1.769e+00  3.500e+00  
1.736e+00  3.500e+00  
1.772e+00  3.500e+00  
1.788e+00  3.500e+00  
2.105e+00  3.500e+00  
1.837e+00  3.500e+00  
1.619e+00  3.500e+00  
1.802e+00  3.500e+00  
1.780e+00  3.500e+00  
2.031e+00  3.500e+00  
1.667e+00  3.500e+00  
1.373e+00  3.500e+00  
1.630e+00  3.500e+00  
2.072e+00  3.500e+00  
2.033e+00  3.500e+00  
1.373e+00  3.500e+00  
1.689e+00  3.500e+00  
1.601e+00  3.500e+00  
1.971e+00  3.500e+00  
1.665e+00  3.494e+00  
1.804e+00  3.500e+00  
1.812e+00  3.500e+00  
1.292e+00  3.500e+00  
1.820e+00  3.500e+00  
1.882e+00  3.500e+00  
1.292e+00  3.500e+00  
1.581e+00  3.500e+00  
1.693e+00  3.500e+00  
1.421e+00  3.500e+00  
1.739e+00  3.500e+00  
1.777e+00  3.500e+00  
1.316e+00  3.500e+00  
1.909e+00  3.500e+00  
1.880e+00  3.500e+00  
1.936e+00  3.500e+00  
1.322e+00  3.500e+00  
1.599e+00  3.500e+00  
1.566e+00  3.500e+00  
1.417e+00  3.500e+00  
1.556e+00  3.500e+00  
1.318e+00  3.500e+00  
1.962e+00  3.500e+00  
1.720e+00  3.497e+00  
1.487e+00  3.486e+00  
1.690e+00  3.500e+00  
1.861e+00  3.500e+00  
1.519e+00  3.500e+00  
1.383e+00  3.500e+00  
1.936e+00  3.500e+00  
1.996e+00  3.489e+00  
1.847e+00  3.500e+00  
1.904e+00  3.500e+00  
1.671e+00  3.500e+00  
1.660e+00  3.500e+00  
1.582e+00  3.472e+00  
1.740e+00  3.500e+00  
1.548e+00  3.500e+00  
1.924e+00  3.500e+00  
1.693e+00  3.500e+00  
1.371e+00  3.500e+00  
1.801e+00  3.500e+00  
1.509e+00  3.500e+00  
1.649e+00  3.500e+00  
1.625e+00  3.500e+00  
1.736e+00  3.500e+00  
1.417e+00  3.500e+00  
1.973e+00  3.500e+00  
1.604e+00  3.500e+00  
1.708e+00  3.500e+00  
1.740e+00  3.500e+00  
1.328e+00  3.500e+00  
1.874e+00  3.500e+00  
1.564e+00  3.500e+00  
1.414e+00  3.500e+00  
1.735e+00  3.483e+00  
1.821e+00  3.500e+00  
1.986e+00  3.498e+00  
1.410e+00  3.500e+00  
1.809e+00  3.500e+00  
1.646e+00  3.500e+00  
1.318e+00  3.500e+00  
2.011e+00  3.500e+00  
1.858e+00  3.500e+00  
1.681e+00  3.500e+00  
1.708e+00  3.497e+00  
1.854e+00  3.500e+00  
1.874e+00  3.500e+00  
1.911e+00  3.500e+00  
1.520e+00  3.500e+00  
1.838e+00  3.500e+00  
1.579e+00  3.500e+00  
1.791e+00  3.500e+00  
2.072e+00  3.500e+00  
1.742e+00  3.500e+00  
1.627e+00  3.500e+00  
3.451e+00  3.446e-04  
3.443e-04  3.451e+00  
3.163e+00  1.622e-02  
2.937e+00  4.565e-02  
2.789e+00  7.301e-02  
2.673e+00  9.901e-02  
2.577e+00  1.240e-01  
2.492e+00  1.482e-01  
2.417e+00  1.717e-01  
2.349e+00  1.946e-01  
2.286e+00  2.171e-01  
2.228e+00  2.392e-01  
2.174e+00  2.609e-01  
2.123e+00  2.822e-01  
2.075e+00  3.033e-01  
2.029e+00  3.241e-01  
1.985e+00  3.447e-01  
1.944e+00  3.651e-01  
1.903e+00  3.854e-01  
1.865e+00  4.054e-01  
1.828e+00  4.253e-01  
1.792e+00  4.451e-01  
1.757e+00  4.648e-01  
1.723e+00  4.844e-01  
1.691e+00  5.039e-01  
1.659e+00  5.233e-01  
1.628e+00  5.427e-01  
1.598e+00  5.620e-01  
1.568e+00  5.813e-01  
1.540e+00  6.005e-01  
1.511e+00  6.198e-01  
1.484e+00  6.390e-01  
1.457e+00  6.583e-01  
1.430e+00  6.775e-01  
1.404e+00  6.968e-01  
1.379e+00  7.161e-01  
1.354e+00  7.354e-01  
1.329e+00  7.548e-01  
1.305e+00  7.742e-01  
1.281e+00  7.937e-01  
1.257e+00  8.133e-01  
1.234e+00  8.329e-01  
1.211e+00  8.526e-01  
1.188e+00  8.725e-01  
1.165e+00  8.924e-01  
1.143e+00  9.125e-01  
1.121e+00  9.326e-01  
1.100e+00  9.529e-01  
1.078e+00  9.733e-01  
1.057e+00  9.939e-01  
1.036e+00  1.015e+00  
1.015e+00  1.036e+00  
9.939e-01  1.057e+00  
9.733e-01  1.078e+00  
9.529e-01  1.100e+00  
9.326e-01  1.121e+00  
9.125e-01  1.143e+00  
8.924e-01  1.165e+00  
8.725e-01  1.188e+00  
8.526e-01  1.211e+00  
8.329e-01  1.234e+00  
8.133e-01  1.257e+00  
7.937e-01  1.281e+00  
7.742e-01  1.304e+00  
7.548e-01  1.329e+00  
7.354e-01  1.354e+00  
7.161e-01  1.379e+00  
6.968e-01  1.404e+00  
6.775e-01  1.430e+00  
6.582e-01  1.457e+00  
6.390e-01  1.484e+00  
6.198e-01  1.511e+00  
6.006e-01  1.540e+00  
5.813e-01  1.568e+00  
5.620e-01  1.598e+00  
5.427e-01  1.628e+00  
5.233e-01  1.659e+00  
5.039e-01  1.691e+00  
4.844e-01  1.723e+00  
4.648e-01  1.757e+00  
4.451e-01  1.792e+00  
4.253e-01  1.828e+00  
4.054e-01  1.865e+00  
3.854e-01  1.903e+00  
3.651e-01  1.944e+00  
3.447e-01  1.985e+00  
3.241e-01  2.029e+00  
3.033e-01  2.075e+00  
2.822e-01  2.123e+00  
2.609e-01  2.174e+00  
2.392e-01  2.228e+00  
2.171e-01  2.286e+00  
1.947e-01  2.349e+00  
1.717e-01  2.417e+00  
1.482e-01  2.492e+00  
1.240e-01  2.577e+00  
9.900e-02  2.673e+00  
7.298e-02  2.789e+00  
4.564e-02  2.937e+00  
1.622e-02  3.163e+00  
3.451e+00  3.448e-04  
3.451e-04  3.451e+00  
3.163e+00  1.622e-02  
2.937e+00  4.565e-02  
2.789e+00  7.301e-02  
2.673e+00  9.901e-02  
2.577e+00  1.240e-01  
2.492e+00  1.482e-01  
2.417e+00  1.717e-01  
2.349e+00  1.947e-01  
2.286e+00  2.171e-01  
2.228e+00  2.392e-01  
2.174e+00  2.609e-01  
2.123e+00  2.822e-01  
2.075e+00  3.033e-01  
2.029e+00  3.242e-01  
1.985e+00  3.447e-01  
1.944e+00  3.651e-01  
1.903e+00  3.854e-01  
1.865e+00  4.054e-01  
1.828e+00  4.253e-01  
1.792e+00  4.451e-01  
1.757e+00  4.648e-01  
1.723e+00  4.844e-01  
1.691e+00  5.039e-01  
1.659e+00  5.233e-01  
1.628e+00  5.427e-01  
1.598e+00  5.620e-01  
1.568e+00  5.813e-01  
1.540e+00  6.005e-01  
1.511e+00  6.198e-01  
1.484e+00  6.390e-01  
1.457e+00  6.583e-01  
1.430e+00  6.775e-01  
1.404e+00  6.968e-01  
1.379e+00  7.161e-01  
1.354e+00  7.354e-01  
1.329e+00  7.548e-01  
1.305e+00  7.742e-01  
1.281e+00  7.937e-01  
1.257e+00  8.133e-01  
1.234e+00  8.329e-01  
1.211e+00  8.527e-01  
1.188e+00  8.725e-01  
1.165e+00  8.924e-01  
1.143e+00  9.125e-01  
1.121e+00  9.326e-01  
1.100e+00  9.529e-01  
1.078e+00  9.733e-01  
1.057e+00  9.939e-01  
1.036e+00  1.015e+00  
1.015e+00  1.036e+00  
9.939e-01  1.057e+00  
9.733e-01  1.078e+00  
9.529e-01  1.100e+00  
9.326e-01  1.121e+00  
9.125e-01  1.143e+00  
8.924e-01  1.165e+00  
8.725e-01  1.188e+00  
8.527e-01  1.211e+00  
8.329e-01  1.234e+00  
8.133e-01  1.257e+00  
7.937e-01  1.281e+00  
7.742e-01  1.305e+00  
7.548e-01  1.329e+00  
7.354e-01  1.354e+00  
7.161e-01  1.379e+00  
6.968e-01  1.404e+00  
6.775e-01  1.430e+00  
6.583e-01  1.457e+00  
6.390e-01  1.484e+00  
6.198e-01  1.511e+00  
6.006e-01  1.540e+00  
5.813e-01  1.568e+00  
5.620e-01  1.598e+00  
5.427e-01  1.628e+00  
5.233e-01  1.659e+00  
5.039e-01  1.691e+00  
4.844e-01  1.723e+00  
4.648e-01  1.757e+00  
4.451e-01  1.792e+00  
4.253e-01  1.828e+00  
4.054e-01  1.865e+00  
3.854e-01  1.903e+00  
3.651e-01  1.944e+00  
3.447e-01  1.985e+00  
3.242e-01  2.029e+00  
3.033e-01  2.075e+00  
2.822e-01  2.123e+00  
2.609e-01  2.174e+00  
2.392e-01  2.228e+00  
2.171e-01  2.286e+00  
1.947e-01  2.349e+00  
1.717e-01  2.417e+00  
1.482e-01  2.492e+00  
1.240e-01  2.577e+00  
9.901e-02  2.673e+00  
7.299e-02  2.789e+00  
4.565e-02  2.937e+00  
1.622e-02  3.163e+00  
3.451e+00  3.448e-04  
3.451e-04  3.451e+00  
3.163e+00  1.622e-02  
2.937e+00  4.565e-02  
2.789e+00  7.301e-02  
2.673e+00  9.901e-02  
2.577e+00  1.240e-01  
2.492e+00  1.482e-01  
2.417e+00  1.717e-01  
2.349e+00  1.947e-01  
2.286e+00  2.171e-01  
2.228e+00  2.392e-01  
2.174e+00  2.609e-01  
2.123e+00  2.822e-01  
2.075e+00  3.033e-01  
2.029e+00  3.242e-01  
1.985e+00  3.447e-01  
1.944e+00  3.651e-01  
1.903e+00  3.854e-01  
1.865e+00  4.054e-01  
1.828e+00  4.253e-01  
1.792e+00  4.451e-01  
1.757e+00  4.648e-01  
1.723e+00  4.844e-01  
1.691e+00  5.039e-01  
1.659e+00  5.233e-01  
1.628e+00  5.427e-01  
1.598e+00  5.620e-01  
1.568e+00  5.813e-01  
1.540e+00  6.005e-01  
1.511e+00  6.198e-01  
1.484e+00  6.390e-01  
1.457e+00  6.583e-01  
1.430e+00  6.775e-01  
1.404e+00  6.968e-01  
1.379e+00  7.161e-01  
1.354e+00  7.354e-01  
1.329e+00  7.548e-01  
1.305e+00  7.742e-01  
1.281e+00  7.937e-01  
1.257e+00  8.133e-01  
1.234e+00  8.329e-01  
1.211e+00  8.527e-01  
1.188e+00  8.725e-01  
1.165e+00  8.924e-01  
1.143e+00  9.125e-01  
1.121e+00  9.326e-01  
1.100e+00  9.529e-01  
1.078e+00  9.733e-01  
1.057e+00  9.939e-01  
1.036e+00  1.015e+00  
1.015e+00  1.036e+00  
9.939e-01  1.057e+00  
9.733e-01  1.078e+00  
9.529e-01  1.100e+00  
9.326e-01  1.121e+00  
9.125e-01  1.143e+00  
8.924e-01  1.165e+00  
8.725e-01  1.188e+00  
8.526e-01  1.211e+00  
8.329e-01  1.234e+00  
8.133e-01  1.257e+00  
7.937e-01  1.281e+00  
7.742e-01  1.305e+00  
7.548e-01  1.329e+00  
7.354e-01  1.354e+00  
7.161e-01  1.379e+00  
6.968e-01  1.404e+00  
6.775e-01  1.430e+00  
6.583e-01  1.457e+00  
6.390e-01  1.484e+00  
6.198e-01  1.511e+00  
6.006e-01  1.540e+00  
5.813e-01  1.568e+00  
5.620e-01  1.598e+00  
5.427e-01  1.628e+00  
5.233e-01  1.659e+00  
5.039e-01  1.691e+00  
4.844e-01  1.723e+00  
4.648e-01  1.757e+00  
4.451e-01  1.792e+00  
4.253e-01  1.828e+00  
4.054e-01  1.865e+00  
3.854e-01  1.903e+00  
3.651e-01  1.944e+00  
3.447e-01  1.985e+00  
3.242e-01  2.029e+00  
3.033e-01  2.075e+00  
2.822e-01  2.123e+00  
2.609e-01  2.174e+00  
2.392e-01  2.228e+00  
2.171e-01  2.286e+00  
1.947e-01  2.349e+00  
1.717e-01  2.417e+00  
1.482e-01  2.492e+00  
1.240e-01  2.577e+00  
9.901e-02  2.673e+00  
7.300e-02  2.789e+00  
4.565e-02  2.937e+00  
1.622e-02  3.163e+00  
3.451e+00  3.448e-04  
3.451e-04  3.451e+00  
3.163e+00  1.622e-02  
2.937e+00  4.565e-02  
2.789e+00  7.301e-02  
2.673e+00  9.901e-02  
2.577e+00  1.240e-01  
2.492e+00  1.482e-01  
2.417e+00  1.717e-01  
2.349e+00  1.947e-01  
2.286e+00  2.171e-01  
2.228e+00  2.392e-01  
2.174e+00  2.609e-01  
2.123e+00  2.822e-01  
2.075e+00  3.033e-01  
2.029e+00  3.242e-01  
1.985e+00  3.447e-01  
1.944e+00  3.651e-01  
1.903e+00  3.854e-01  
1.865e+00  4.054e-01  
1.828e+00  4.253e-01  
1.792e+00  4.451e-01  
1.757e+00  4.648e-01  
1.723e+00  4.844e-01  
1.691e+00  5.039e-01  
1.659e+00  5.233e-01  
1.628e+00  5.427e-01  
1.598e+00  5.620e-01  
1.568e+00  5.813e-01  
1.540e+00  6.005e-01  
1.511e+00  6.198e-01  
1.484e+00  6.390e-01  
1.457e+00  6.583e-01  
1.430e+00  6.775e-01  
1.404e+00  6.968e-01  
1.379e+00  7.161e-01  
1.354e+00  7.354e-01  
1.329e+00  7.548e-01  
1.305e+00  7.742e-01  
1.281e+00  7.937e-01  
1.257e+00  8.133e-01  
1.234e+00  8.329e-01  
1.211e+00  8.527e-01  
1.188e+00  8.725e-01  
1.165e+00  8.924e-01  
1.143e+00  9.125e-01  
1.121e+00  9.326e-01  
1.100e+00  9.529e-01  
1.078e+00  9.733e-01  
1.057e+00  9.939e-01  
1.036e+00  1.015e+00  
1.015e+00  1.036e+00  
9.939e-01  1.057e+00  
9.733e-01  1.078e+00  
9.529e-01  1.100e+00  
9.326e-01  1.121e+00  
9.125e-01  1.143e+00  
8.924e-01  1.165e+00  
8.725e-01  1.188e+00  
8.527e-01  1.211e+00  
8.329e-01  1.234e+00  
8.133e-01  1.257e+00  
7.937e-01  1.281e+00  
7.742e-01  1.305e+00  
7.548e-01  1.329e+00  
7.354e-01  1.354e+00  
7.161e-01  1.379e+00  
6.968e-01  1.404e+00  
6.775e-01  1.430e+00  
6.583e-01  1.457e+00  
6.390e-01  1.484e+00  
6.198e-01  1.511e+00  
6.006e-01  1.540e+00  
5.813e-01  1.568e+00  
5.620e-01  1.598e+00  
5.427e-01  1.628e+00  
5.233e-01  1.659e+00  
5.039e-01  1.691e+00  
4.844e-01  1.723e+00  
4.648e-01  1.757e+00  
4.451e-01  1.792e+00  
4.253e-01  1.828e+00  
4.054e-01  1.865e+00  
3.854e-01  1.903e+00  
3.651e-01  1.944e+00  
3.447e-01  1.985e+00  
3.242e-01  2.029e+00  
3.033e-01  2.075e+00  
2.822e-01  2.123e+00  
2.609e-01  2.174e+00  
2.392e-01  2.228e+00  
2.171e-01  2.286e+00  
1.947e-01  2.349e+00  
1.717e-01  2.417e+00  
1.482e-01  2.492e+00  
1.240e-01  2.577e+00  
9.901e-02  2.673e+00  
7.300e-02  2.789e+00  
4.565e-02  2.937e+00  
1.622e-02  3.163e+00  
3.451e+00  3.448e-04  
3.451e-04  3.451e+00  
3.163e+00  1.622e-02  
2.937e+00  4.565e-02  
2.789e+00  7.301e-02  
2.673e+00  9.901e-02  
2.577e+00  1.240e-01  
2.492e+00  1.482e-01  
2.417e+00  1.717e-01  
2.349e+00  1.947e-01  
2.286e+00  2.171e-01  
2.228e+00  2.392e-01  
2.174e+00  2.609e-01  
2.123e+00  2.822e-01  
2.075e+00  3.033e-01  
2.029e+00  3.242e-01  
1.985e+00  3.447e-01  
1.944e+00  3.651e-01  
1.903e+00  3.854e-01  
1.865e+00  4.054e-01  
1.828e+00  4.253e-01  
1.792e+00  4.451e-01  
1.757e+00  4.648e-01  
1.723e+00  4.844e-01  
1.691e+00  5.039e-01  
1.659e+00  5.233e-01  
1.628e+00  5.427e-01  
1.598e+00  5.620e-01  
1.568e+00  5.813e-01  
1.540e+00  6.005e-01  
1.511e+00  6.198e-01  
1.484e+00  6.390e-01  
1.457e+00  6.583e-01  
1.430e+00  6.775e-01  
1.404e+00  6.968e-01  
1.379e+00  7.161e-01  
1.354e+00  7.354e-01  
1.329e+00  7.548e-01  
1.305e+00  7.742e-01  
1.281e+00  7.937e-01  
1.257e+00  8.133e-01  
1.234e+00  8.329e-01  
1.211e+00  8.527e-01  
1.188e+00  8.725e-01  
1.165e+00  8.924e-01  
1.143e+00  9.125e-01  
1.121e+00  9.326e-01  
1.100e+00  9.529e-01  
1.078e+00  9.733e-01  
1.057e+00  9.939e-01  
1.036e+00  1.015e+00  
1.015e+00  1.036e+00  
9.939e-01  1.057e+00  
9.733e-01  1.078e+00  
9.529e-01  1.100e+00  
9.326e-01  1.121e+00  
9.125e-01  1.143e+00  
8.924e-01  1.165e+00  
8.725e-01  1.188e+00  
8.527e-01  1.211e+00  
8.329e-01  1.234e+00  
8.133e-01  1.257e+00  
7.937e-01  1.281e+00  
7.742e-01  1.305e+00  
7.548e-01  1.329e+00  
7.354e-01  1.354e+00  
7.161e-01  1.379e+00  
6.968e-01  1.404e+00  
6.775e-01  1.430e+00  
6.583e-01  1.457e+00  
6.390e-01  1.484e+00  
6.198e-01  1.511e+00  
6.006e-01  1.540e+00  
5.813e-01  1.568e+00  
5.620e-01  1.598e+00  
5.427e-01  1.628e+00  
5.233e-01  1.659e+00  
5.039e-01  1.691e+00  
4.844e-01  1.723e+00  
4.648e-01  1.757e+00  
4.451e-01  1.792e+00  
4.253e-01  1.828e+00  
4.054e-01  1.865e+00  
3.854e-01  1.903e+00  
3.651e-01  1.944e+00  
3.447e-01  1.985e+00  
3.242e-01  2.029e+00  
3.033e-01  2.075e+00  
2.822e-01  2.123e+00  
2.609e-01  2.174e+00  
2.392e-01  2.228e+00  
2.171e-01  2.286e+00  
1.947e-01  2.349e+00  
1.717e-01  2.417e+00  
1.482e-01  2.492e+00  
1.240e-01  2.577e+00  
9.901e-02  2.673e+00  
7.301e-02  2.789e+00  
4.565e-02  2.937e+00  
1.622e-02  3.163e+00  
3.451e+00  3.450e-04  
3.451e-04  3.451e+00  
3.163e+00  1.622e-02  
2.937e+00  4.565e-02  
2.789e+00  7.301e-02  
2.673e+00  9.901e-02  
2.577e+00  1.240e-01  
2.492e+00  1.482e-01  
2.417e+00  1.717e-01  
2.349e+00  1.947e-01  
2.286e+00  2.171e-01  
2.228e+00  2.392e-01  
2.174e+00  2.609e-01  
2.123e+00  2.822e-01  
2.075e+00  3.033e-01  
2.029e+00  3.242e-01  
1.985e+00  3.447e-01  
1.944e+00  3.651e-01  
1.903e+00  3.854e-01  
1.865e+00  4.054e-01  
1.828e+00  4.253e-01  
1.792e+00  4.451e-01  
1.757e+00  4.648e-01  
1.723e+00  4.844e-01  
1.691e+00  5.039e-01  
1.659e+00  5.233e-01  
1.628e+00  5.427e-01  
1.598e+00  5.620e-01  
1.568e+00  5.813e-01  
1.540e+00  6.006e-01  
1.511e+00  6.198e-01  
1.484e+00  6.390e-01  
1.457e+00  6.583e-01  
1.430e+00  6.775e-01  
1.404e+00  6.968e-01  
1.379e+00  7.161e-01  
1.354e+00  7.354e-01  
1.329e+00  7.548e-01  
1.305e+00  7.742e-01  
1.281e+00  7.937e-01  
1.257e+00  8.133e-01  
1.234e+00  8.329e-01  
1.211e+00  8.527e-01  
1.188e+00  8.725e-01  
1.165e+00  8.924e-01  
1.143e+00  9.124e-01  
1.121e+00  9.326e-01  
1.100e+00  9.529e-01  
1.078e+00  9.733e-01  
1.057e+00  9.939e-01  
1.036e+00  1.015e+00  
1.015e+00  1.036e+00  
9.939e-01  1.057e+00  
9.733e-01  1.078e+00  
9.529e-01  1.100e+00  
9.326e-01  1.121e+00  
9.125e-01  1.143e+00  
8.924e-01  1.165e+00  
8.725e-01  1.188e+00  
8.527e-01  1.211e+00  
8.329e-01  1.234e+00  
8.133e-01  1.257e+00  
7.937e-01  1.281e+00  
7.742e-01  1.305e+00  
7.548e-01  1.329e+00  
7.354e-01  1.354e+00  
7.161e-01  1.379e+00  
6.968e-01  1.404e+00  
6.775e-01  1.430e+00  
6.583e-01  1.457e+00  
6.390e-01  1.484e+00  
6.198e-01  1.511e+00  
6.006e-01  1.540e+00  
5.813e-01  1.568e+00  
5.620e-01  1.598e+00  
5.427e-01  1.628e+00  
5.233e-01  1.659e+00  
5.039e-01  1.691e+00  
4.844e-01  1.723e+00  
4.648e-01  1.757e+00  
4.451e-01  1.792e+00  
4.253e-01  1.828e+00  
4.054e-01  1.865e+00  
3.854e-01  1.903e+00  
3.651e-01  1.944e+00  
3.447e-01  1.985e+00  
3.242e-01  2.029e+00  
3.033e-01  2.075e+00  
2.822e-01  2.123e+00  
2.609e-01  2.174e+00  
2.392e-01  2.228e+00  
2.171e-01  2.286e+00  
1.947e-01  2.349e+00  
1.717e-01  2.417e+00  
1.482e-01  2.492e+00  
1.240e-01  2.577e+00  
9.901e-02  2.673e+00  
7.301e-02  2.789e+00  
4.565e-02  2.937e+00  
1.622e-02  3.163e+00  
3.451e+00  3.450e-04  
3.451e-04  3.451e+00  
3.163e+00  1.622e-02  
2.937e+00  4.565e-02  
2.789e+00  7.301e-02  
2.673e+00  9.901e-02  
2.577e+00  1.240e-01  
2.492e+00  1.482e-01  
2.417e+00  1.717e-01  
2.349e+00  1.947e-01  
2.286e+00  2.171e-01  
2.228e+00  2.392e-01  
2.174e+00  2.609e-01  
2.123e+00  2.823e-01  
2.075e+00  3.033e-01  
2.029e+00  3.242e-01  
1.985e+00  3.447e-01  
1.944e+00  3.651e-01  
1.903e+00  3.854e-01  
1.865e+00  4.054e-01  
1.828e+00  4.253e-01  
1.792e+00  4.451e-01  
1.757e+00  4.648e-01  
1.723e+00  4.844e-01  
1.691e+00  5.039e-01  
1.659e+00  5.233e-01  
1.628e+00  5.427e-01  
1.598e+00  5.620e-01  
1.568e+00  5.813e-01  
1.540e+00  6.006e-01  
1.511e+00  6.198e-01  
1.484e+00  6.390e-01  
1.457e+00  6.583e-01  
1.430e+00  6.775e-01  
1.404e+00  6.968e-01  
1.379e+00  7.161e-01  
1.354e+00  7.354e-01  
1.329e+00  7.548e-01  
1.305e+00  7.742e-01  
1.281e+00  7.937e-01  
1.257e+00  8.133e-01  
1.234e+00  8.329e-01  
1.211e+00  8.527e-01  
1.188e+00  8.725e-01  
1.165e+00  8.924e-01  
1.143e+00  9.124e-01  
1.121e+00  9.326e-01  
1.100e+00  9.529e-01  
1.078e+00  9.733e-01  
1.057e+00  9.939e-01  
1.036e+00  1.015e+00  
1.015e+00  1.036e+00  
9.939e-01  1.057e+00  
9.734e-01  1.078e+00  
9.529e-01  1.100e+00  
9.326e-01  1.121e+00  
9.125e-01  1.143e+00  
8.924e-01  1.165e+00  
8.725e-01  1.188e+00  
8.527e-01  1.211e+00  
8.329e-01  1.234e+00  
8.133e-01  1.257e+00  
7.937e-01  1.281e+00  
7.742e-01  1.305e+00  
7.548e-01  1.329e+00  
7.354e-01  1.354e+00  
7.161e-01  1.379e+00  
6.968e-01  1.404e+00  
6.775e-01  1.430e+00  
6.583e-01  1.457e+00  
6.390e-01  1.484e+00  
6.198e-01  1.511e+00  
6.006e-01  1.540e+00  
5.813e-01  1.568e+00  
5.620e-01  1.598e+00  
5.427e-01  1.628e+00  
5.233e-01  1.659e+00  
5.039e-01  1.691e+00  
4.844e-01  1.723e+00  
4.648e-01  1.757e+00  
4.451e-01  1.792e+00  
4.253e-01  1.828e+00  
4.054e-01  1.865e+00  
3.854e-01  1.903e+00  
3.651e-01  1.944e+00  
3.447e-01  1.985e+00  
3.242e-01  2.029e+00  
3.033e-01  2.075e+00  
2.822e-01  2.123e+00  
2.609e-01  2.174e+00  
2.392e-01  2.228e+00  
2.171e-01  2.286e+00  
1.947e-01  2.349e+00  
1.717e-01  2.417e+00  
1.482e-01  2.492e+00  
1.240e-01  2.577e+00  
9.901e-02  2.673e+00  
7.301e-02  2.789e+00  
4.565e-02  2.937e+00  
1.622e-02  3.163e+00  
3.451e+00  3.450e-04  
3.451e-04  3.451e+00  
3.163e+00  1.622e-02  
2.937e+00  4.565e-02  
2.789e+00  7.301e-02  
2.673e+00  9.901e-02  
2.577e+00  1.240e-01  
2.492e+00  1.482e-01  
2.417e+00  1.717e-01  
2.349e+00  1.947e-01  
2.286e+00  2.171e-01  
2.228e+00  2.392e-01  
2.174e+00  2.609e-01  
2.123e+00  2.823e-01  
2.075e+00  3.033e-01  
2.029e+00  3.242e-01  
1.985e+00  3.447e-01  
1.944e+00  3.651e-01  
1.903e+00  3.854e-01  
1.865e+00  4.054e-01  
1.828e+00  4.253e-01  
1.792e+00  4.451e-01  
1.757e+00  4.648e-01  
1.723e+00  4.844e-01  
1.691e+00  5.039e-01  
1.659e+00  5.233e-01  
1.628e+00  5.427e-01  
1.598e+00  5.620e-01  
1.568e+00  5.813e-01  
1.540e+00  6.006e-01  
1.511e+00  6.198e-01  
1.484e+00  6.390e-01  
1.457e+00  6.583e-01  
1.430e+00  6.775e-01  
1.404e+00  6.968e-01  
1.379e+00  7.161e-01  
1.354e+00  7.354e-01  
1.329e+00  7.548e-01  
1.305e+00  7.742e-01  
1.281e+00  7.937e-01  
1.257e+00  8.133e-01  
1.234e+00  8.329e-01  
1.211e+00  8.527e-01  
1.188e+00  8.725e-01  
1.165e+00  8.924e-01  
1.143e+00  9.124e-01  
1.121e+00  9.326e-01  
1.100e+00  9.529e-01  
1.078e+00  9.733e-01  
1.057e+00  9.939e-01  
1.036e+00  1.015e+00  
1.015e+00  1.036e+00  
9.939e-01  1.057e+00  
9.734e-01  1.078e+00  
9.529e-01  1.100e+00  
9.326e-01  1.121e+00  
9.125e-01  1.143e+00  
8.924e-01  1.165e+00  
8.725e-01  1.188e+00  
8.527e-01  1.211e+00  
8.329e-01  1.234e+00  
8.133e-01  1.257e+00  
7.937e-01  1.281e+00  
7.742e-01  1.305e+00  
7.548e-01  1.329e+00  
7.354e-01  1.354e+00  
7.161e-01  1.379e+00  
6.968e-01  1.404e+00  
6.775e-01  1.430e+00  
6.583e-01  1.457e+00  
6.390e-01  1.484e+00  
6.198e-01  1.511e+00  
6.006e-01  1.540e+00  
5.813e-01  1.568e+00  
5.620e-01  1.598e+00  
5.427e-01  1.628e+00  
5.233e-01  1.659e+00  
5.039e-01  1.691e+00  
4.844e-01  1.723e+00  
4.648e-01  1.757e+00  
4.451e-01  1.792e+00  
4.253e-01  1.828e+00  
4.054e-01  1.865e+00  
3.854e-01  1.903e+00  
3.651e-01  1.944e+00  
3.447e-01  1.985e+00  
3.242e-01  2.029e+00  
3.033e-01  2.075e+00  
2.822e-01  2.123e+00  
2.609e-01  2.174e+00  
2.392e-01  2.228e+00  
2.171e-01  2.286e+00  
1.947e-01  2.349e+00  
1.717e-01  2.417e+00  
1.482e-01  2.492e+00  
1.240e-01  2.577e+00  
9.901e-02  2.673e+00  
7.301e-02  2.789e+00  
4.565e-02  2.937e+00  
1.622e-02  3.163e+00  
3.451e+00  3.450e-04  
3.451e-04  3.451e+00  
3.163e+00  1.622e-02  
2.937e+00  4.565e-02  
2.789e+00  7.301e-02  
2.673e+00  9.901e-02  
2.577e+00  1.240e-01  
2.492e+00  1.482e-01  
2.417e+00  1.717e-01  
2.349e+00  1.947e-01  
2.286e+00  2.171e-01  
2.228e+00  2.392e-01  
2.174e+00  2.609e-01  
2.123e+00  2.822e-01  
2.075e+00  3.033e-01  
2.029e+00  3.242e-01  
1.985e+00  3.447e-01  
1.944e+00  3.651e-01  
1.903e+00  3.854e-01  
1.865e+00  4.054e-01  
1.828e+00  4.253e-01  
1.792e+00  4.451e-01  
1.757e+00  4.648e-01  
1.723e+00  4.844e-01  
1.691e+00  5.039e-01  
1.659e+00  5.233e-01  
1.628e+00  5.427e-01  
1.598e+00  5.620e-01  
1.568e+00  5.813e-01  
1.540e+00  6.006e-01  
1.511e+00  6.198e-01  
1.484e+00  6.390e-01  
1.457e+00  6.583e-01  
1.430e+00  6.775e-01  
1.404e+00  6.968e-01  
1.379e+00  7.161e-01  
1.354e+00  7.354e-01  
1.329e+00  7.548e-01  
1.305e+00  7.742e-01  
1.281e+00  7.937e-01  
1.257e+00  8.133e-01  
1.234e+00  8.329e-01  
1.211e+00  8.527e-01  
1.188e+00  8.725e-01  
1.165e+00  8.924e-01  
1.143e+00  9.124e-01  
1.121e+00  9.326e-01  
1.100e+00  9.529e-01  
1.078e+00  9.733e-01  
1.057e+00  9.939e-01  
1.036e+00  1.015e+00  
1.015e+00  1.036e+00  
9.939e-01  1.057e+00  
9.734e-01  1.078e+00  
9.529e-01  1.100e+00  
9.326e-01  1.121e+00  
9.125e-01  1.143e+00  
8.924e-01  1.165e+00  
8.725e-01  1.188e+00  
8.527e-01  1.211e+00  
8.329e-01  1.234e+00  
8.133e-01  1.257e+00  
7.937e-01  1.281e+00  
7.742e-01  1.305e+00  
7.548e-01  1.329e+00  
7.354e-01  1.354e+00  
7.161e-01  1.379e+00  
6.968e-01  1.404e+00  
6.775e-01  1.430e+00  
6.583e-01  1.457e+00  
6.390e-01  1.484e+00  
6.198e-01  1.511e+00  
6.006e-01  1.540e+00  
5.813e-01  1.568e+00  
5.620e-01  1.598e+00  
5.427e-01  1.628e+00  
5.233e-01  1.659e+00  
5.039e-01  1.691e+00  
4.844e-01  1.723e+00  
4.648e-01  1.757e+00  
4.451e-01  1.792e+00  
4.253e-01  1.828e+00  
4.054e-01  1.865e+00  
3.854e-01  1.903e+00  
3.651e-01  1.944e+00  
3.447e-01  1.985e+00  
3.242e-01  2.029e+00  
3.033e-01  2.075e+00  
2.822e-01  2.123e+00  
2.609e-01  2.174e+00  
2.392e-01  2.228e+00  
2.171e-01  2.286e+00  
1.947e-01  2.349e+00  
1.717e-01  2.417e+00  
1.482e-01  2.492e+00  
1.240e-01  2.577e+00  
9.901e-02  2.673e+00  
7.301e-02  2.789e+00  
4.565e-02  2.937e+00  
1.622e-02  3.163e+00  
3.451e+00  3.451e-04  
3.451e-04  3.451e+00  
3.163e+00  1.622e-02  
2.937e+00  4.565e-02  
2.789e+00  7.301e-02  
2.673e+00  9.901e-02  
2.577e+00  1.240e-01  
2.492e+00  1.482e-01  
2.417e+00  1.717e-01  
2.349e+00  1.947e-01  
2.286e+00  2.171e-01  
2.228e+00  2.392e-01  
2.174e+00  2.609e-01  
2.123e+00  2.822e-01  
2.075e+00  3.033e-01  
2.029e+00  3.242e-01  
1.985e+00  3.447e-01  
1.944e+00  3.651e-01  
1.903e+00  3.854e-01  
1.865e+00  4.054e-01  
1.828e+00  4.253e-01  
1.792e+00  4.451e-01  
1.757e+00  4.648e-01  
1.723e+00  4.844e-01  
1.691e+00  5.039e-01  
1.659e+00  5.233e-01  
1.628e+00  5.427e-01  
1.598e+00  5.620e-01  
1.568e+00  5.813e-01  
1.540e+00  6.006e-01  
1.511e+00  6.198e-01  
1.484e+00  6.390e-01  
1.457e+00  6.583e-01  
1.430e+00  6.775e-01  
1.404e+00  6.968e-01  
1.379e+00  7.161e-01  
1.354e+00  7.354e-01  
1.329e+00  7.548e-01  
1.305e+00  7.742e-01  
1.281e+00  7.937e-01  
1.257e+00  8.133e-01  
1.234e+00  8.329e-01  
1.211e+00  8.527e-01  
1.188e+00  8.725e-01  
1.165e+00  8.924e-01  
1.143e+00  9.124e-01  
1.121e+00  9.326e-01  
1.100e+00  9.529e-01  
1.078e+00  9.733e-01  
1.057e+00  9.939e-01  
1.036e+00  1.015e+00  
1.015e+00  1.036e+00  
9.939e-01  1.057e+00  
9.734e-01  1.078e+00  
9.529e-01  1.100e+00  
9.326e-01  1.121e+00  
9.125e-01  1.143e+00  
8.924e-01  1.165e+00  
8.725e-01  1.188e+00  
8.527e-01  1.211e+00  
8.329e-01  1.234e+00  
8.133e-01  1.257e+00  
7.937e-01  1.281e+00  
7.742e-01  1.305e+00  
7.548e-01  1.329e+00  
7.354e-01  1.354e+00  
7.161e-01  1.379e+00  
6.968e-01  1.404e+00  
6.775e-01  1.430e+00  
6.583e-01  1.457e+00  
6.390e-01  1.484e+00  
6.198e-01  1.511e+00  
6.006e-01  1.540e+00  
5.813e-01  1.568e+00  
5.620e-01  1.598e+00  
5.427e-01  1.628e+00  
5.233e-01  1.659e+00  
5.039e-01  1.691e+00  
4.844e-01  1.723e+00  
4.648e-01  1.757e+00  
4.451e-01  1.792e+00  
4.253e-01  1.828e+00  
4.054e-01  1.865e+00  
3.854e-01  1.903e+00  
3.651e-01  1.944e+00  
3.447e-01  1.985e+00  
3.242e-01  2.029e+00  
3.033e-01  2.075e+00  
2.822e-01  2.123e+00  
2.609e-01  2.174e+00  
2.392e-01  2.228e+00  
2.171e-01  2.286e+00  
1.947e-01  2.349e+00  
1.717e-01  2.417e+00  
1.482e-01  2.492e+00  
1.240e-01  2.577e+00  
9.901e-02  2.673e+00  
7.301e-02  2.789e+00  
4.565e-02  2.937e+00  
1.622e-02  3.163e+00  
