1.582e+00  1.437e+00  
2.030e+00  8.873e-01  
1.472e+00  1.557e+00  
2.196e+00  6.515e-01  
1.239e+00  1.553e+00  
1.875e+00  1.145e+00  
2.139e+00  8.521e-01  
1.794e+00  8.839e-01  
1.552e+00  1.115e+00  
2.074e+00  7.075e-01  
1.619e+00  1.294e+00  
1.067e+00  2.289e+00  
1.904e+00  9.471e-01  
1.038e+00  2.100e+00  
1.200e+00  1.793e+00  
2.196e+00  7.653e-01  
1.921e+00  8.536e-01  
1.986e+00  7.782e-01  
1.129e+00  1.941e+00  
2.029e+00  8.375e-01  
1.746e+00  1.193e+00  
1.519e+00  1.196e+00  
1.865e+00  1.034e+00  
1.631e+00  1.164e+00  
1.801e+00  9.707e-01  
2.017e+00  9.578e-01  
1.483e+00  1.522e+00  
1.589e+00  1.356e+00  
1.987e+00  9.427e-01  
1.840e+00  1.039e+00  
1.458e+00  1.340e+00  
1.364e+00  1.605e+00  
1.533e+00  1.495e+00  
1.629e+00  1.325e+00  
1.188e+00  1.785e+00  
2.160e+00  6.883e-01  
2.127e+00  7.095e-01  
1.300e+00  1.662e+00  
1.169e+00  2.268e+00  
1.414e+00  1.536e+00  
1.802e+00  1.094e+00  
1.711e+00  1.132e+00  
1.947e+00  9.334e-01  
1.617e+00  1.275e+00  
1.935e+00  9.625e-01  
1.284e+00  2.090e+00  
2.186e+00  7.540e-01  
8.457e-01  3.106e+00  
1.286e+00  1.611e+00  
1.619e+00  1.116e+00  
1.092e+00  2.044e+00  
2.098e+00  7.914e-01  
1.525e+00  1.314e+00  
1.703e+00  1.154e+00  
1.861e+00  9.026e-01  
1.553e+00  1.265e+00  
1.146e+00  2.052e+00  
1.511e+00  1.264e+00  
1.495e+00  1.449e+00  
1.440e+00  1.689e+00  
1.534e+00  1.189e+00  
2.006e+00  9.292e-01  
1.398e+00  1.359e+00  
1.965e+00  8.103e-01  
1.447e+00  1.543e+00  
1.464e+00  1.392e+00  
2.039e+00  7.918e-01  
1.520e+00  1.206e+00  
1.585e+00  1.205e+00  
1.564e+00  1.114e+00  
1.409e+00  1.485e+00  
2.058e+00  8.039e-01  
1.761e+00  1.066e+00  
1.576e+00  1.120e+00  
1.519e+00  1.363e+00  
1.935e+00  1.011e+00  
1.496e+00  1.269e+00  
2.001e+00  9.360e-01  
1.474e+00  1.448e+00  
1.112e+00  1.893e+00  
1.649e+00  1.165e+00  
1.408e+00  1.436e+00  
1.495e+00  1.396e+00  
1.581e+00  1.080e+00  
1.345e+00  1.500e+00  
1.839e+00  1.046e+00  
2.239e+00  7.121e-01  
1.817e+00  8.720e-01  
1.703e+00  1.081e+00  
1.484e+00  1.320e+00  
1.609e+00  9.375e-01  
9.936e-01  2.213e+00  
2.170e+00  6.127e-01  
1.395e+00  1.357e+00  
1.223e+00  1.757e+00  
1.398e+00  1.700e+00  
1.510e+00  1.568e+00  
1.863e+00  1.115e+00  
1.109e+00  2.043e+00  
1.249e+00  1.654e+00  
1.976e+00  2.785e-04  
4.228e-04  3.918e+00  
1.861e+00  9.624e-03  
1.766e+00  2.752e-02  
1.702e+00  4.463e-02  
1.651e+00  6.124e-02  
1.608e+00  7.748e-02  
1.570e+00  9.344e-02  
1.536e+00  1.092e-01  
1.504e+00  1.248e-01  
1.475e+00  1.402e-01  
1.448e+00  1.555e-01  
1.422e+00  1.707e-01  
1.397e+00  1.859e-01  
1.374e+00  2.010e-01  
1.352e+00  2.160e-01  
1.330e+00  2.311e-01  
1.309e+00  2.461e-01  
1.289e+00  2.611e-01  
1.270e+00  2.761e-01  
1.251e+00  2.912e-01  
1.233e+00  3.062e-01  
1.215e+00  3.213e-01  
1.197e+00  3.365e-01  
1.180e+00  3.517e-01  
1.163e+00  3.670e-01  
1.147e+00  3.823e-01  
1.131e+00  3.977e-01  
1.115e+00  4.132e-01  
1.099e+00  4.288e-01  
1.084e+00  4.445e-01  
1.069e+00  4.603e-01  
1.054e+00  4.761e-01  
1.039e+00  4.922e-01  
1.024e+00  5.083e-01  
1.010e+00  5.246e-01  
9.956e-01  5.410e-01  
9.815e-01  5.575e-01  
9.675e-01  5.743e-01  
9.536e-01  5.911e-01  
9.399e-01  6.082e-01  
9.262e-01  6.254e-01  
9.126e-01  6.429e-01  
8.991e-01  6.605e-01  
8.857e-01  6.783e-01  
8.724e-01  6.964e-01  
8.591e-01  7.147e-01  
8.459e-01  7.332e-01  
8.327e-01  7.519e-01  
8.196e-01  7.710e-01  
8.065e-01  7.903e-01  
7.935e-01  8.099e-01  
7.804e-01  8.297e-01  
7.674e-01  8.499e-01  
7.544e-01  8.705e-01  
7.414e-01  8.914e-01  
7.284e-01  9.126e-01  
7.154e-01  9.342e-01  
7.023e-01  9.563e-01  
6.893e-01  9.787e-01  
6.762e-01  1.002e+00  
6.632e-01  1.025e+00  
6.500e-01  1.049e+00  
6.368e-01  1.073e+00  
6.236e-01  1.098e+00  
6.103e-01  1.123e+00  
5.970e-01  1.149e+00  
5.835e-01  1.176e+00  
5.700e-01  1.203e+00  
5.564e-01  1.231e+00  
5.427e-01  1.260e+00  
5.290e-01  1.290e+00  
5.151e-01  1.320e+00  
5.011e-01  1.352e+00  
4.869e-01  1.384e+00  
4.726e-01  1.418e+00  
4.581e-01  1.452e+00  
4.435e-01  1.488e+00  
4.287e-01  1.525e+00  
4.137e-01  1.564e+00  
3.985e-01  1.604e+00  
3.830e-01  1.646e+00  
3.673e-01  1.690e+00  
3.514e-01  1.735e+00  
3.351e-01  1.784e+00  
3.185e-01  1.834e+00  
3.016e-01  1.888e+00  
2.843e-01  1.944e+00  
2.666e-01  2.005e+00  
2.484e-01  2.069e+00  
2.296e-01  2.139e+00  
2.103e-01  2.214e+00  
1.904e-01  2.297e+00  
1.696e-01  2.388e+00  
1.481e-01  2.490e+00  
1.254e-01  2.606e+00  
1.016e-01  2.742e+00  
7.613e-02  2.907e+00  
4.858e-02  3.124e+00  
1.781e-02  3.467e+00  
1.976e+00  2.789e-04  
4.228e-04  3.918e+00  
1.861e+00  9.627e-03  
1.766e+00  2.753e-02  
1.702e+00  4.464e-02  
1.651e+00  6.124e-02  
1.608e+00  7.748e-02  
1.570e+00  9.344e-02  
1.536e+00  1.092e-01  
1.504e+00  1.248e-01  
1.475e+00  1.402e-01  
1.448e+00  1.555e-01  
1.422e+00  1.707e-01  
1.397e+00  1.859e-01  
1.374e+00  2.010e-01  
1.352e+00  2.160e-01  
1.330e+00  2.311e-01  
1.309e+00  2.461e-01  
1.289e+00  2.611e-01  
1.270e+00  2.761e-01  
1.251e+00  2.912e-01  
1.233e+00  3.062e-01  
1.215e+00  3.213e-01  
1.197e+00  3.365e-01  
1.180e+00  3.517e-01  
1.163e+00  3.670e-01  
1.147e+00  3.823e-01  
1.131e+00  3.977e-01  
1.115e+00  4.132e-01  
1.099e+00  4.288e-01  
1.084e+00  4.445e-01  
1.069e+00  4.603e-01  
1.054e+00  4.761e-01  
1.039e+00  4.922e-01  
1.024e+00  5.083e-01  
1.010e+00  5.246e-01  
9.956e-01  5.410e-01  
9.815e-01  5.575e-01  
9.675e-01  5.743e-01  
9.536e-01  5.911e-01  
9.399e-01  6.082e-01  
9.262e-01  6.254e-01  
9.126e-01  6.429e-01  
8.991e-01  6.605e-01  
8.857e-01  6.783e-01  
8.724e-01  6.964e-01  
8.591e-01  7.147e-01  
8.459e-01  7.332e-01  
8.327e-01  7.519e-01  
8.196e-01  7.710e-01  
8.065e-01  7.903e-01  
7.935e-01  8.099e-01  
7.804e-01  8.298e-01  
7.674e-01  8.500e-01  
7.544e-01  8.705e-01  
7.414e-01  8.914e-01  
7.284e-01  9.126e-01  
7.154e-01  9.342e-01  
7.024e-01  9.563e-01  
6.893e-01  9.787e-01  
6.762e-01  1.002e+00  
6.631e-01  1.025e+00  
6.500e-01  1.049e+00  
6.368e-01  1.073e+00  
6.236e-01  1.098e+00  
6.103e-01  1.123e+00  
5.970e-01  1.149e+00  
5.835e-01  1.176e+00  
5.700e-01  1.203e+00  
5.564e-01  1.231e+00  
5.428e-01  1.260e+00  
5.290e-01  1.290e+00  
5.151e-01  1.320e+00  
5.010e-01  1.352e+00  
4.869e-01  1.384e+00  
4.726e-01  1.418e+00  
4.581e-01  1.452e+00  
4.435e-01  1.488e+00  
4.287e-01  1.525e+00  
4.137e-01  1.564e+00  
3.985e-01  1.604e+00  
3.830e-01  1.646e+00  
3.673e-01  1.690e+00  
3.514e-01  1.735e+00  
3.351e-01  1.784e+00  
3.185e-01  1.834e+00  
3.016e-01  1.888e+00  
2.843e-01  1.944e+00  
2.666e-01  2.005e+00  
2.484e-01  2.069e+00  
2.296e-01  2.139e+00  
2.103e-01  2.214e+00  
1.904e-01  2.297e+00  
1.696e-01  2.388e+00  
1.481e-01  2.490e+00  
1.254e-01  2.606e+00  
1.016e-01  2.742e+00  
7.613e-02  2.907e+00  
4.859e-02  3.124e+00  
1.781e-02  3.467e+00  
1.976e+00  2.789e-04  
4.228e-04  3.918e+00  
1.861e+00  9.627e-03  
1.766e+00  2.753e-02  
1.702e+00  4.464e-02  
1.651e+00  6.124e-02  
1.608e+00  7.748e-02  
1.570e+00  9.344e-02  
1.536e+00  1.092e-01  
1.504e+00  1.248e-01  
1.475e+00  1.402e-01  
1.448e+00  1.555e-01  
1.422e+00  1.707e-01  
1.397e+00  1.859e-01  
1.374e+00  2.010e-01  
1.352e+00  2.160e-01  
1.330e+00  2.311e-01  
1.309e+00  2.461e-01  
1.289e+00  2.611e-01  
1.270e+00  2.761e-01  
1.251e+00  2.912e-01  
1.233e+00  3.062e-01  
1.215e+00  3.213e-01  
1.197e+00  3.365e-01  
1.180e+00  3.517e-01  
1.163e+00  3.670e-01  
1.147e+00  3.823e-01  
1.131e+00  3.977e-01  
1.115e+00  4.132e-01  
1.099e+00  4.288e-01  
1.084e+00  4.445e-01  
1.069e+00  4.603e-01  
1.054e+00  4.761e-01  
1.039e+00  4.922e-01  
1.024e+00  5.083e-01  
1.010e+00  5.246e-01  
9.956e-01  5.410e-01  
9.815e-01  5.575e-01  
9.675e-01  5.743e-01  
9.536e-01  5.911e-01  
9.399e-01  6.082e-01  
9.262e-01  6.254e-01  
9.126e-01  6.429e-01  
8.991e-01  6.605e-01  
8.857e-01  6.783e-01  
8.724e-01  6.964e-01  
8.591e-01  7.146e-01  
8.459e-01  7.332e-01  
8.327e-01  7.519e-01  
8.196e-01  7.710e-01  
8.065e-01  7.903e-01  
7.935e-01  8.099e-01  
7.804e-01  8.298e-01  
7.674e-01  8.500e-01  
7.544e-01  8.705e-01  
7.414e-01  8.914e-01  
7.284e-01  9.126e-01  
7.154e-01  9.342e-01  
7.024e-01  9.563e-01  
6.893e-01  9.787e-01  
6.762e-01  1.002e+00  
6.631e-01  1.025e+00  
6.500e-01  1.049e+00  
6.368e-01  1.073e+00  
6.236e-01  1.098e+00  
6.103e-01  1.123e+00  
5.970e-01  1.149e+00  
5.835e-01  1.176e+00  
5.700e-01  1.203e+00  
5.564e-01  1.231e+00  
5.428e-01  1.260e+00  
5.290e-01  1.290e+00  
5.151e-01  1.320e+00  
5.010e-01  1.352e+00  
4.869e-01  1.384e+00  
4.726e-01  1.418e+00  
4.581e-01  1.452e+00  
4.435e-01  1.488e+00  
4.287e-01  1.525e+00  
4.137e-01  1.564e+00  
3.985e-01  1.604e+00  
3.830e-01  1.646e+00  
3.673e-01  1.690e+00  
3.514e-01  1.735e+00  
3.351e-01  1.784e+00  
3.185e-01  1.834e+00  
3.016e-01  1.888e+00  
2.843e-01  1.944e+00  
2.666e-01  2.005e+00  
2.484e-01  2.069e+00  
2.296e-01  2.139e+00  
2.103e-01  2.214e+00  
1.904e-01  2.297e+00  
1.696e-01  2.388e+00  
1.481e-01  2.490e+00  
1.254e-01  2.606e+00  
1.016e-01  2.742e+00  
7.613e-02  2.907e+00  
4.859e-02  3.124e+00  
1.781e-02  3.467e+00  
1.977e+00  2.583e-04  
4.228e-04  3.918e+00  
1.861e+00  9.609e-03  
1.766e+00  2.751e-02  
1.702e+00  4.462e-02  
1.651e+00  6.122e-02  
1.608e+00  7.747e-02  
1.570e+00  9.342e-02  
1.536e+00  1.092e-01  
1.504e+00  1.247e-01  
1.475e+00  1.402e-01  
1.448e+00  1.555e-01  
1.422e+00  1.707e-01  
1.397e+00  1.858e-01  
1.374e+00  2.009e-01  
1.352e+00  2.160e-01  
1.330e+00  2.310e-01  
1.309e+00  2.461e-01  
1.289e+00  2.611e-01  
1.270e+00  2.761e-01  
1.251e+00  2.912e-01  
1.233e+00  3.062e-01  
1.215e+00  3.213e-01  
1.197e+00  3.365e-01  
1.180e+00  3.517e-01  
1.163e+00  3.670e-01  
1.147e+00  3.823e-01  
1.131e+00  3.977e-01  
1.115e+00  4.132e-01  
1.099e+00  4.288e-01  
1.084e+00  4.445e-01  
1.069e+00  4.602e-01  
1.054e+00  4.761e-01  
1.039e+00  4.921e-01  
1.024e+00  5.083e-01  
1.010e+00  5.246e-01  
9.956e-01  5.410e-01  
9.815e-01  5.575e-01  
9.675e-01  5.743e-01  
9.536e-01  5.911e-01  
9.399e-01  6.082e-01  
9.262e-01  6.254e-01  
9.126e-01  6.428e-01  
8.991e-01  6.605e-01  
8.857e-01  6.783e-01  
8.724e-01  6.964e-01  
8.591e-01  7.146e-01  
8.459e-01  7.332e-01  
8.327e-01  7.519e-01  
8.196e-01  7.710e-01  
8.065e-01  7.903e-01  
7.935e-01  8.099e-01  
7.804e-01  8.298e-01  
7.674e-01  8.500e-01  
7.544e-01  8.705e-01  
7.414e-01  8.914e-01  
7.284e-01  9.126e-01  
7.154e-01  9.342e-01  
7.024e-01  9.563e-01  
6.893e-01  9.787e-01  
6.762e-01  1.002e+00  
6.631e-01  1.025e+00  
6.500e-01  1.049e+00  
6.368e-01  1.073e+00  
6.236e-01  1.098e+00  
6.103e-01  1.123e+00  
5.970e-01  1.149e+00  
5.835e-01  1.176e+00  
5.700e-01  1.203e+00  
5.564e-01  1.231e+00  
5.428e-01  1.260e+00  
5.290e-01  1.290e+00  
5.151e-01  1.320e+00  
5.010e-01  1.352e+00  
4.869e-01  1.384e+00  
4.726e-01  1.418e+00  
4.581e-01  1.452e+00  
4.435e-01  1.488e+00  
4.287e-01  1.525e+00  
4.137e-01  1.564e+00  
3.985e-01  1.604e+00  
3.830e-01  1.646e+00  
3.673e-01  1.690e+00  
3.514e-01  1.735e+00  
3.351e-01  1.784e+00  
3.185e-01  1.834e+00  
3.016e-01  1.888e+00  
2.843e-01  1.944e+00  
2.666e-01  2.005e+00  
2.484e-01  2.069e+00  
2.296e-01  2.139e+00  
2.103e-01  2.214e+00  
1.904e-01  2.297e+00  
1.696e-01  2.388e+00  
1.481e-01  2.490e+00  
1.254e-01  2.606e+00  
1.016e-01  2.742e+00  
7.613e-02  2.907e+00  
4.859e-02  3.124e+00  
1.781e-02  3.467e+00  
1.977e+00  2.658e-04  
3.723e-04  3.923e+00  
1.861e+00  9.614e-03  
1.766e+00  2.752e-02  
1.702e+00  4.462e-02  
1.651e+00  6.123e-02  
1.608e+00  7.747e-02  
1.570e+00  9.343e-02  
1.536e+00  1.092e-01  
1.504e+00  1.247e-01  
1.475e+00  1.402e-01  
1.448e+00  1.555e-01  
1.422e+00  1.707e-01  
1.397e+00  1.859e-01  
1.374e+00  2.009e-01  
1.352e+00  2.160e-01  
1.330e+00  2.310e-01  
1.309e+00  2.461e-01  
1.289e+00  2.611e-01  
1.270e+00  2.761e-01  
1.251e+00  2.912e-01  
1.233e+00  3.062e-01  
1.215e+00  3.213e-01  
1.197e+00  3.365e-01  
1.180e+00  3.517e-01  
1.163e+00  3.670e-01  
1.147e+00  3.823e-01  
1.131e+00  3.977e-01  
1.115e+00  4.132e-01  
1.099e+00  4.288e-01  
1.084e+00  4.445e-01  
1.069e+00  4.602e-01  
1.054e+00  4.761e-01  
1.039e+00  4.922e-01  
1.024e+00  5.083e-01  
1.010e+00  5.246e-01  
9.956e-01  5.410e-01  
9.815e-01  5.575e-01  
9.675e-01  5.743e-01  
9.536e-01  5.911e-01  
9.398e-01  6.082e-01  
9.262e-01  6.254e-01  
9.126e-01  6.429e-01  
8.991e-01  6.605e-01  
8.857e-01  6.783e-01  
8.724e-01  6.964e-01  
8.591e-01  7.146e-01  
8.459e-01  7.332e-01  
8.327e-01  7.519e-01  
8.196e-01  7.710e-01  
8.065e-01  7.903e-01  
7.935e-01  8.099e-01  
7.804e-01  8.298e-01  
7.674e-01  8.500e-01  
7.544e-01  8.705e-01  
7.414e-01  8.914e-01  
7.284e-01  9.126e-01  
7.154e-01  9.342e-01  
7.023e-01  9.563e-01  
6.893e-01  9.787e-01  
6.762e-01  1.002e+00  
6.631e-01  1.025e+00  
6.500e-01  1.049e+00  
6.368e-01  1.073e+00  
6.236e-01  1.098e+00  
6.103e-01  1.123e+00  
5.970e-01  1.149e+00  
5.835e-01  1.176e+00  
5.700e-01  1.203e+00  
5.564e-01  1.232e+00  
5.428e-01  1.260e+00  
5.289e-01  1.290e+00  
5.151e-01  1.320e+00  
5.010e-01  1.352e+00  
4.869e-01  1.384e+00  
4.726e-01  1.418e+00  
4.581e-01  1.452e+00  
4.435e-01  1.488e+00  
4.287e-01  1.525e+00  
4.137e-01  1.564e+00  
3.985e-01  1.604e+00  
3.830e-01  1.646e+00  
3.673e-01  1.690e+00  
3.514e-01  1.736e+00  
3.351e-01  1.784e+00  
3.185e-01  1.834e+00  
3.016e-01  1.888e+00  
2.843e-01  1.944e+00  
2.665e-01  2.005e+00  
2.483e-01  2.070e+00  
2.296e-01  2.139e+00  
2.103e-01  2.214e+00  
1.903e-01  2.297e+00  
1.696e-01  2.388e+00  
1.480e-01  2.490e+00  
1.254e-01  2.606e+00  
1.015e-01  2.742e+00  
7.610e-02  2.907e+00  
4.854e-02  3.124e+00  
1.778e-02  3.468e+00  
1.979e+00  2.124e-04  
3.930e-04  3.921e+00  
1.862e+00  9.561e-03  
1.766e+00  2.746e-02  
1.702e+00  4.457e-02  
1.652e+00  6.118e-02  
1.608e+00  7.742e-02  
1.570e+00  9.339e-02  
1.536e+00  1.091e-01  
1.505e+00  1.247e-01  
1.475e+00  1.401e-01  
1.448e+00  1.554e-01  
1.422e+00  1.707e-01  
1.398e+00  1.858e-01  
1.374e+00  2.009e-01  
1.352e+00  2.160e-01  
1.330e+00  2.310e-01  
1.309e+00  2.460e-01  
1.289e+00  2.610e-01  
1.270e+00  2.761e-01  
1.251e+00  2.911e-01  
1.233e+00  3.062e-01  
1.215e+00  3.213e-01  
1.197e+00  3.365e-01  
1.180e+00  3.517e-01  
1.163e+00  3.669e-01  
1.147e+00  3.823e-01  
1.131e+00  3.977e-01  
1.115e+00  4.132e-01  
1.099e+00  4.288e-01  
1.084e+00  4.444e-01  
1.069e+00  4.602e-01  
1.054e+00  4.761e-01  
1.039e+00  4.921e-01  
1.024e+00  5.083e-01  
1.010e+00  5.245e-01  
9.956e-01  5.409e-01  
9.815e-01  5.575e-01  
9.675e-01  5.742e-01  
9.536e-01  5.911e-01  
9.399e-01  6.082e-01  
9.262e-01  6.254e-01  
9.126e-01  6.428e-01  
8.992e-01  6.605e-01  
8.857e-01  6.783e-01  
8.724e-01  6.963e-01  
8.591e-01  7.146e-01  
8.459e-01  7.331e-01  
8.328e-01  7.519e-01  
8.196e-01  7.709e-01  
8.065e-01  7.902e-01  
7.935e-01  8.098e-01  
7.804e-01  8.297e-01  
7.674e-01  8.499e-01  
7.544e-01  8.705e-01  
7.414e-01  8.914e-01  
7.284e-01  9.126e-01  
7.154e-01  9.342e-01  
7.023e-01  9.563e-01  
6.893e-01  9.787e-01  
6.762e-01  1.002e+00  
6.631e-01  1.025e+00  
6.500e-01  1.049e+00  
6.368e-01  1.073e+00  
6.236e-01  1.098e+00  
6.103e-01  1.123e+00  
5.970e-01  1.149e+00  
5.835e-01  1.176e+00  
5.700e-01  1.203e+00  
5.564e-01  1.231e+00  
5.428e-01  1.260e+00  
5.290e-01  1.290e+00  
5.151e-01  1.320e+00  
5.010e-01  1.352e+00  
4.869e-01  1.384e+00  
4.726e-01  1.418e+00  
4.581e-01  1.452e+00  
4.435e-01  1.488e+00  
4.287e-01  1.525e+00  
4.137e-01  1.564e+00  
3.985e-01  1.604e+00  
3.830e-01  1.646e+00  
3.673e-01  1.690e+00  
3.514e-01  1.736e+00  
3.351e-01  1.784e+00  
3.185e-01  1.834e+00  
3.016e-01  1.888e+00  
2.843e-01  1.944e+00  
2.665e-01  2.005e+00  
2.483e-01  2.070e+00  
2.296e-01  2.139e+00  
2.103e-01  2.214e+00  
1.903e-01  2.297e+00  
1.696e-01  2.388e+00  
1.480e-01  2.490e+00  
1.254e-01  2.606e+00  
1.015e-01  2.742e+00  
7.610e-02  2.907e+00  
4.856e-02  3.124e+00  
1.778e-02  3.468e+00  
1.979e+00  2.124e-04  
3.930e-04  3.921e+00  
1.862e+00  9.562e-03  
1.766e+00  2.747e-02  
1.702e+00  4.457e-02  
1.652e+00  6.118e-02  
1.608e+00  7.742e-02  
1.570e+00  9.339e-02  
1.536e+00  1.091e-01  
1.505e+00  1.247e-01  
1.475e+00  1.401e-01  
1.448e+00  1.554e-01  
1.422e+00  1.707e-01  
1.398e+00  1.858e-01  
1.374e+00  2.009e-01  
1.352e+00  2.160e-01  
1.330e+00  2.310e-01  
1.309e+00  2.460e-01  
1.289e+00  2.610e-01  
1.270e+00  2.761e-01  
1.251e+00  2.911e-01  
1.233e+00  3.062e-01  
1.215e+00  3.213e-01  
1.197e+00  3.365e-01  
1.180e+00  3.517e-01  
1.163e+00  3.669e-01  
1.147e+00  3.823e-01  
1.131e+00  3.977e-01  
1.115e+00  4.132e-01  
1.099e+00  4.288e-01  
1.084e+00  4.444e-01  
1.069e+00  4.602e-01  
1.054e+00  4.761e-01  
1.039e+00  4.921e-01  
1.024e+00  5.083e-01  
1.010e+00  5.245e-01  
9.956e-01  5.409e-01  
9.815e-01  5.575e-01  
9.675e-01  5.742e-01  
9.536e-01  5.911e-01  
9.399e-01  6.082e-01  
9.262e-01  6.254e-01  
9.126e-01  6.428e-01  
8.992e-01  6.605e-01  
8.857e-01  6.783e-01  
8.724e-01  6.963e-01  
8.591e-01  7.146e-01  
8.459e-01  7.331e-01  
8.327e-01  7.519e-01  
8.196e-01  7.709e-01  
8.065e-01  7.902e-01  
7.935e-01  8.098e-01  
7.804e-01  8.297e-01  
7.674e-01  8.499e-01  
7.544e-01  8.705e-01  
7.414e-01  8.914e-01  
7.284e-01  9.126e-01  
7.154e-01  9.342e-01  
7.024e-01  9.562e-01  
6.893e-01  9.787e-01  
6.762e-01  1.002e+00  
6.631e-01  1.025e+00  
6.500e-01  1.049e+00  
6.368e-01  1.073e+00  
6.236e-01  1.098e+00  
6.103e-01  1.123e+00  
5.970e-01  1.149e+00  
5.835e-01  1.176e+00  
5.700e-01  1.203e+00  
5.564e-01  1.231e+00  
5.428e-01  1.260e+00  
5.290e-01  1.290e+00  
5.151e-01  1.320e+00  
5.010e-01  1.352e+00  
4.869e-01  1.384e+00  
4.726e-01  1.418e+00  
4.581e-01  1.452e+00  
4.435e-01  1.488e+00  
4.287e-01  1.525e+00  
4.137e-01  1.564e+00  
3.985e-01  1.604e+00  
3.830e-01  1.646e+00  
3.673e-01  1.690e+00  
3.514e-01  1.736e+00  
3.351e-01  1.784e+00  
3.185e-01  1.834e+00  
3.016e-01  1.888e+00  
2.843e-01  1.944e+00  
2.665e-01  2.005e+00  
2.483e-01  2.070e+00  
2.296e-01  2.139e+00  
2.103e-01  2.214e+00  
1.903e-01  2.297e+00  
1.696e-01  2.388e+00  
1.480e-01  2.490e+00  
1.254e-01  2.606e+00  
1.015e-01  2.742e+00  
7.610e-02  2.907e+00  
4.856e-02  3.124e+00  
1.778e-02  3.468e+00  
1.979e+00  2.124e-04  
3.930e-04  3.921e+00  
1.862e+00  9.562e-03  
1.766e+00  2.747e-02  
1.702e+00  4.458e-02  
1.652e+00  6.118e-02  
1.608e+00  7.742e-02  
1.570e+00  9.339e-02  
1.536e+00  1.091e-01  
1.505e+00  1.247e-01  
1.475e+00  1.401e-01  
1.448e+00  1.554e-01  
1.422e+00  1.707e-01  
1.398e+00  1.858e-01  
1.374e+00  2.009e-01  
1.352e+00  2.160e-01  
1.330e+00  2.310e-01  
1.309e+00  2.460e-01  
1.289e+00  2.610e-01  
1.270e+00  2.761e-01  
1.251e+00  2.911e-01  
1.233e+00  3.062e-01  
1.215e+00  3.213e-01  
1.197e+00  3.365e-01  
1.180e+00  3.517e-01  
1.163e+00  3.669e-01  
1.147e+00  3.823e-01  
1.131e+00  3.977e-01  
1.115e+00  4.132e-01  
1.099e+00  4.288e-01  
1.084e+00  4.444e-01  
1.069e+00  4.602e-01  
1.054e+00  4.761e-01  
1.039e+00  4.921e-01  
1.024e+00  5.083e-01  
1.010e+00  5.245e-01  
9.956e-01  5.410e-01  
9.815e-01  5.575e-01  
9.675e-01  5.742e-01  
9.536e-01  5.911e-01  
9.399e-01  6.082e-01  
9.262e-01  6.254e-01  
9.126e-01  6.428e-01  
8.992e-01  6.605e-01  
8.857e-01  6.783e-01  
8.724e-01  6.963e-01  
8.591e-01  7.146e-01  
8.459e-01  7.331e-01  
8.327e-01  7.519e-01  
8.196e-01  7.709e-01  
8.065e-01  7.902e-01  
7.935e-01  8.098e-01  
7.804e-01  8.297e-01  
7.674e-01  8.499e-01  
7.544e-01  8.705e-01  
7.414e-01  8.914e-01  
7.284e-01  9.126e-01  
7.154e-01  9.342e-01  
7.024e-01  9.562e-01  
6.893e-01  9.787e-01  
6.762e-01  1.002e+00  
6.631e-01  1.025e+00  
6.500e-01  1.049e+00  
6.368e-01  1.073e+00  
6.236e-01  1.098e+00  
6.103e-01  1.123e+00  
5.970e-01  1.149e+00  
5.835e-01  1.176e+00  
5.700e-01  1.203e+00  
5.564e-01  1.231e+00  
5.428e-01  1.260e+00  
5.290e-01  1.290e+00  
5.151e-01  1.320e+00  
5.010e-01  1.352e+00  
4.869e-01  1.384e+00  
4.726e-01  1.418e+00  
4.581e-01  1.452e+00  
4.435e-01  1.488e+00  
4.287e-01  1.525e+00  
4.137e-01  1.564e+00  
3.985e-01  1.604e+00  
3.830e-01  1.646e+00  
3.673e-01  1.690e+00  
3.514e-01  1.736e+00  
3.351e-01  1.784e+00  
3.185e-01  1.834e+00  
3.016e-01  1.888e+00  
2.843e-01  1.944e+00  
2.665e-01  2.005e+00  
2.483e-01  2.070e+00  
2.296e-01  2.139e+00  
2.103e-01  2.214e+00  
1.903e-01  2.297e+00  
1.696e-01  2.388e+00  
1.480e-01  2.490e+00  
1.254e-01  2.606e+00  
1.015e-01  2.742e+00  
7.610e-02  2.907e+00  
4.856e-02  3.124e+00  
1.778e-02  3.468e+00  
1.979e+00  2.124e-04  
3.930e-04  3.921e+00  
1.862e+00  9.562e-03  
1.766e+00  2.747e-02  
1.702e+00  4.458e-02  
1.652e+00  6.118e-02  
1.608e+00  7.742e-02  
1.570e+00  9.339e-02  
1.536e+00  1.091e-01  
1.505e+00  1.247e-01  
1.475e+00  1.401e-01  
1.448e+00  1.554e-01  
1.422e+00  1.707e-01  
1.398e+00  1.858e-01  
1.374e+00  2.009e-01  
1.352e+00  2.160e-01  
1.330e+00  2.310e-01  
1.309e+00  2.460e-01  
1.289e+00  2.610e-01  
1.270e+00  2.761e-01  
1.251e+00  2.911e-01  
1.233e+00  3.062e-01  
1.215e+00  3.213e-01  
1.197e+00  3.365e-01  
1.180e+00  3.517e-01  
1.163e+00  3.669e-01  
1.147e+00  3.823e-01  
1.131e+00  3.977e-01  
1.115e+00  4.132e-01  
1.099e+00  4.288e-01  
1.084e+00  4.444e-01  
1.069e+00  4.602e-01  
1.054e+00  4.761e-01  
1.039e+00  4.921e-01  
1.024e+00  5.083e-01  
1.010e+00  5.245e-01  
9.956e-01  5.410e-01  
9.815e-01  5.575e-01  
9.675e-01  5.742e-01  
9.536e-01  5.911e-01  
9.399e-01  6.082e-01  
9.262e-01  6.254e-01  
9.126e-01  6.428e-01  
8.992e-01  6.605e-01  
8.857e-01  6.783e-01  
8.724e-01  6.963e-01  
8.591e-01  7.146e-01  
8.459e-01  7.331e-01  
8.327e-01  7.519e-01  
8.196e-01  7.709e-01  
8.065e-01  7.902e-01  
7.935e-01  8.098e-01  
7.804e-01  8.297e-01  
7.674e-01  8.499e-01  
7.544e-01  8.705e-01  
7.414e-01  8.914e-01  
7.284e-01  9.126e-01  
7.154e-01  9.342e-01  
7.024e-01  9.562e-01  
6.893e-01  9.787e-01  
6.762e-01  1.002e+00  
6.631e-01  1.025e+00  
6.500e-01  1.049e+00  
6.368e-01  1.073e+00  
6.236e-01  1.098e+00  
6.103e-01  1.123e+00  
5.970e-01  1.149e+00  
5.835e-01  1.176e+00  
5.700e-01  1.203e+00  
5.564e-01  1.231e+00  
5.428e-01  1.260e+00  
5.290e-01  1.290e+00  
5.151e-01  1.320e+00  
5.010e-01  1.352e+00  
4.869e-01  1.384e+00  
4.726e-01  1.418e+00  
4.581e-01  1.452e+00  
4.435e-01  1.488e+00  
4.287e-01  1.525e+00  
4.137e-01  1.564e+00  
3.985e-01  1.604e+00  
3.830e-01  1.646e+00  
3.673e-01  1.690e+00  
3.514e-01  1.736e+00  
3.351e-01  1.784e+00  
3.185e-01  1.834e+00  
3.016e-01  1.888e+00  
2.843e-01  1.944e+00  
2.665e-01  2.005e+00  
2.483e-01  2.070e+00  
2.296e-01  2.139e+00  
2.103e-01  2.214e+00  
1.903e-01  2.297e+00  
1.696e-01  2.388e+00  
1.480e-01  2.490e+00  
1.254e-01  2.606e+00  
1.015e-01  2.742e+00  
7.610e-02  2.907e+00  
4.856e-02  3.124e+00  
1.778e-02  3.468e+00  
1.979e+00  2.124e-04  
3.930e-04  3.921e+00  
1.862e+00  9.562e-03  
1.766e+00  2.747e-02  
1.702e+00  4.458e-02  
1.652e+00  6.118e-02  
1.608e+00  7.742e-02  
1.570e+00  9.339e-02  
1.536e+00  1.091e-01  
1.505e+00  1.247e-01  
1.475e+00  1.401e-01  
1.448e+00  1.554e-01  
1.422e+00  1.707e-01  
1.398e+00  1.858e-01  
1.374e+00  2.009e-01  
1.352e+00  2.160e-01  
1.330e+00  2.310e-01  
1.309e+00  2.460e-01  
1.289e+00  2.610e-01  
1.270e+00  2.761e-01  
1.251e+00  2.911e-01  
1.233e+00  3.062e-01  
1.215e+00  3.213e-01  
1.197e+00  3.365e-01  
1.180e+00  3.517e-01  
1.163e+00  3.669e-01  
1.147e+00  3.823e-01  
1.131e+00  3.977e-01  
1.115e+00  4.132e-01  
1.099e+00  4.288e-01  
1.084e+00  4.444e-01  
1.069e+00  4.602e-01  
1.054e+00  4.761e-01  
1.039e+00  4.921e-01  
1.024e+00  5.083e-01  
1.010e+00  5.245e-01  
9.956e-01  5.410e-01  
9.815e-01  5.575e-01  
9.675e-01  5.742e-01  
9.536e-01  5.911e-01  
9.399e-01  6.082e-01  
9.262e-01  6.254e-01  
9.126e-01  6.428e-01  
8.992e-01  6.605e-01  
8.857e-01  6.783e-01  
8.724e-01  6.963e-01  
8.591e-01  7.146e-01  
8.459e-01  7.331e-01  
8.327e-01  7.519e-01  
8.196e-01  7.709e-01  
8.065e-01  7.902e-01  
7.935e-01  8.098e-01  
7.804e-01  8.297e-01  
7.674e-01  8.499e-01  
7.544e-01  8.705e-01  
7.414e-01  8.914e-01  
7.284e-01  9.126e-01  
7.154e-01  9.342e-01  
7.024e-01  9.562e-01  
6.893e-01  9.787e-01  
6.762e-01  1.002e+00  
6.632e-01  1.025e+00  
6.500e-01  1.049e+00  
6.368e-01  1.073e+00  
6.236e-01  1.098e+00  
6.103e-01  1.123e+00  
5.970e-01  1.149e+00  
5.835e-01  1.176e+00  
5.700e-01  1.203e+00  
5.564e-01  1.231e+00  
5.428e-01  1.260e+00  
5.290e-01  1.290e+00  
5.151e-01  1.320e+00  
5.010e-01  1.352e+00  
4.869e-01  1.384e+00  
4.726e-01  1.418e+00  
4.581e-01  1.452e+00  
4.435e-01  1.488e+00  
4.287e-01  1.525e+00  
4.137e-01  1.564e+00  
3.985e-01  1.604e+00  
3.830e-01  1.646e+00  
3.673e-01  1.690e+00  
3.514e-01  1.736e+00  
3.351e-01  1.784e+00  
3.185e-01  1.834e+00  
3.016e-01  1.888e+00  
2.843e-01  1.944e+00  
2.665e-01  2.005e+00  
2.483e-01  2.070e+00  
2.296e-01  2.139e+00  
2.103e-01  2.214e+00  
1.903e-01  2.297e+00  
1.696e-01  2.388e+00  
1.480e-01  2.490e+00  
1.254e-01  2.606e+00  
1.015e-01  2.742e+00  
7.610e-02  2.907e+00  
4.856e-02  3.124e+00  
1.778e-02  3.468e+00  
