6.879e-01  2.359e+00  
6.406e-01  2.548e+00  
4.532e-01  3.625e+00  
7.196e-01  2.347e+00  
7.552e-01  1.942e+00  
1.406e+00  7.706e-01  
1.282e+00  9.498e-01  
1.126e+00  1.181e+00  
8.527e-01  1.873e+00  
9.657e-01  1.398e+00  
5.651e-01  2.508e+00  
5.988e-01  2.515e+00  
1.087e+00  1.474e+00  
5.430e-01  2.424e+00  
1.044e+00  1.324e+00  
6.723e-01  2.219e+00  
4.899e-01  2.401e+00  
4.482e-01  3.440e+00  
6.747e-01  2.243e+00  
5.119e-01  3.777e+00  
6.905e-01  1.845e+00  
7.318e-01  2.238e+00  
1.092e+00  1.073e+00  
1.159e+00  1.094e+00  
4.375e-01  2.519e+00  
4.488e-01  2.859e+00  
9.925e-01  1.563e+00  
1.311e+00  1.051e+00  
8.468e-01  2.061e+00  
1.438e+00  7.442e-01  
5.051e-01  2.126e+00  
6.339e-01  1.795e+00  
4.340e-01  4.174e+00  
5.165e-01  2.994e+00  
5.568e-01  2.694e+00  
9.386e-01  1.604e+00  
7.467e-01  1.820e+00  
4.477e-01  3.123e+00  
9.930e-01  1.686e+00  
5.699e-01  2.664e+00  
6.381e-01  2.287e+00  
4.364e-01  2.961e+00  
7.720e-01  1.598e+00  
4.949e-01  3.053e+00  
2.166e+00  4.399e-01  
9.131e-01  1.635e+00  
9.701e-01  1.612e+00  
8.994e-01  1.594e+00  
5.449e-01  2.252e+00  
1.024e+00  1.318e+00  
5.924e-01  2.176e+00  
6.187e-01  2.132e+00  
1.065e+00  1.285e+00  
4.289e-01  2.947e+00  
5.818e-01  2.146e+00  
5.918e-01  2.730e+00  
3.610e-01  3.440e+00  
8.880e-01  1.529e+00  
4.573e-01  3.402e+00  
5.436e-01  3.095e+00  
1.009e+00  1.712e+00  
9.801e-01  1.175e+00  
1.361e+00  9.239e-01  
8.480e-01  2.085e+00  
9.513e-01  1.525e+00  
5.706e-01  3.003e+00  
6.916e-01  2.527e+00  
8.838e-01  1.519e+00  
4.852e-01  2.694e+00  
8.041e-01  1.326e+00  
1.204e+00  1.384e+00  
7.522e-01  1.777e+00  
6.161e-01  2.417e+00  
6.997e-01  1.827e+00  
1.526e+00  1.055e+00  
8.721e-01  1.274e+00  
5.389e-01  2.256e+00  
5.149e-01  3.206e+00  
1.051e+00  1.529e+00  
3.696e-01  3.046e+00  
6.613e-01  2.076e+00  
1.333e+00  9.263e-01  
3.542e-01  3.092e+00  
6.353e-01  3.057e+00  
7.376e-01  2.772e+00  
7.148e-01  2.056e+00  
9.518e-01  1.509e+00  
6.034e-01  2.586e+00  
5.264e-01  2.670e+00  
6.137e-01  2.025e+00  
4.960e-01  3.328e+00  
7.659e-01  2.281e+00  
1.323e+00  9.728e-01  
3.392e-01  3.645e+00  
1.167e+00  1.481e+00  
5.074e-01  2.203e+00  
6.244e-01  2.622e+00  
1.331e+00  9.012e-01  
6.357e-01  2.797e+00  
9.360e-01  1.730e+00  
1.978e+00  3.116e-04  
5.412e-04  3.915e+00  
1.862e+00  9.668e-03  
1.766e+00  2.750e-02  
1.702e+00  4.468e-02  
1.652e+00  6.121e-02  
1.608e+00  7.753e-02  
1.571e+00  9.342e-02  
1.536e+00  1.092e-01  
1.505e+00  1.248e-01  
1.475e+00  1.402e-01  
1.448e+00  1.555e-01  
1.422e+00  1.708e-01  
1.398e+00  1.859e-01  
1.374e+00  2.010e-01  
1.352e+00  2.161e-01  
1.330e+00  2.311e-01  
1.309e+00  2.461e-01  
1.289e+00  2.611e-01  
1.270e+00  2.761e-01  
1.251e+00  2.912e-01  
1.233e+00  3.063e-01  
1.215e+00  3.214e-01  
1.197e+00  3.365e-01  
1.180e+00  3.517e-01  
1.163e+00  3.671e-01  
1.147e+00  3.824e-01  
1.131e+00  3.978e-01  
1.115e+00  4.133e-01  
1.099e+00  4.288e-01  
1.084e+00  4.445e-01  
1.069e+00  4.603e-01  
1.054e+00  4.762e-01  
1.039e+00  4.922e-01  
1.025e+00  5.084e-01  
1.010e+00  5.246e-01  
9.958e-01  5.410e-01  
9.816e-01  5.576e-01  
9.676e-01  5.744e-01  
9.539e-01  5.911e-01  
9.401e-01  6.083e-01  
9.265e-01  6.255e-01  
9.128e-01  6.430e-01  
8.994e-01  6.606e-01  
8.860e-01  6.784e-01  
8.727e-01  6.965e-01  
8.592e-01  7.148e-01  
8.460e-01  7.334e-01  
8.331e-01  7.519e-01  
8.198e-01  7.711e-01  
8.068e-01  7.902e-01  
7.937e-01  8.099e-01  
7.808e-01  8.298e-01  
7.676e-01  8.501e-01  
7.546e-01  8.706e-01  
7.417e-01  8.915e-01  
7.287e-01  9.129e-01  
7.156e-01  9.344e-01  
7.025e-01  9.563e-01  
6.895e-01  9.788e-01  
6.764e-01  1.002e+00  
6.633e-01  1.025e+00  
6.503e-01  1.049e+00  
6.371e-01  1.073e+00  
6.238e-01  1.098e+00  
6.105e-01  1.123e+00  
5.972e-01  1.149e+00  
5.838e-01  1.176e+00  
5.703e-01  1.204e+00  
5.567e-01  1.232e+00  
5.430e-01  1.260e+00  
5.291e-01  1.290e+00  
5.153e-01  1.321e+00  
5.013e-01  1.352e+00  
4.870e-01  1.384e+00  
4.728e-01  1.418e+00  
4.583e-01  1.452e+00  
4.436e-01  1.488e+00  
4.288e-01  1.526e+00  
4.138e-01  1.564e+00  
3.987e-01  1.604e+00  
3.832e-01  1.646e+00  
3.675e-01  1.690e+00  
3.516e-01  1.736e+00  
3.353e-01  1.784e+00  
3.187e-01  1.834e+00  
3.017e-01  1.888e+00  
2.845e-01  1.944e+00  
2.668e-01  2.005e+00  
2.485e-01  2.069e+00  
2.297e-01  2.139e+00  
2.104e-01  2.215e+00  
1.905e-01  2.297e+00  
1.698e-01  2.387e+00  
1.482e-01  2.490e+00  
1.256e-01  2.606e+00  
1.017e-01  2.742e+00  
7.621e-02  2.907e+00  
4.871e-02  3.123e+00  
1.796e-02  3.467e+00  
1.977e+00  2.603e-04  
4.259e-04  3.919e+00  
1.861e+00  9.608e-03  
1.766e+00  2.751e-02  
1.702e+00  4.462e-02  
1.651e+00  6.122e-02  
1.608e+00  7.746e-02  
1.570e+00  9.342e-02  
1.536e+00  1.092e-01  
1.504e+00  1.247e-01  
1.475e+00  1.402e-01  
1.448e+00  1.555e-01  
1.422e+00  1.707e-01  
1.397e+00  1.858e-01  
1.374e+00  2.009e-01  
1.352e+00  2.160e-01  
1.330e+00  2.310e-01  
1.309e+00  2.461e-01  
1.289e+00  2.611e-01  
1.270e+00  2.761e-01  
1.251e+00  2.911e-01  
1.233e+00  3.062e-01  
1.215e+00  3.213e-01  
1.197e+00  3.365e-01  
1.180e+00  3.517e-01  
1.163e+00  3.669e-01  
1.147e+00  3.823e-01  
1.131e+00  3.977e-01  
1.115e+00  4.132e-01  
1.099e+00  4.288e-01  
1.084e+00  4.445e-01  
1.069e+00  4.602e-01  
1.054e+00  4.761e-01  
1.039e+00  4.922e-01  
1.024e+00  5.083e-01  
1.010e+00  5.246e-01  
9.956e-01  5.410e-01  
9.815e-01  5.576e-01  
9.675e-01  5.743e-01  
9.537e-01  5.911e-01  
9.399e-01  6.082e-01  
9.262e-01  6.254e-01  
9.127e-01  6.429e-01  
8.992e-01  6.605e-01  
8.858e-01  6.783e-01  
8.725e-01  6.963e-01  
8.591e-01  7.147e-01  
8.459e-01  7.332e-01  
8.328e-01  7.520e-01  
8.197e-01  7.709e-01  
8.066e-01  7.902e-01  
7.935e-01  8.098e-01  
7.805e-01  8.297e-01  
7.674e-01  8.499e-01  
7.544e-01  8.705e-01  
7.415e-01  8.914e-01  
7.284e-01  9.126e-01  
7.154e-01  9.342e-01  
7.024e-01  9.562e-01  
6.894e-01  9.787e-01  
6.763e-01  1.002e+00  
6.632e-01  1.025e+00  
6.500e-01  1.049e+00  
6.369e-01  1.073e+00  
6.236e-01  1.098e+00  
6.103e-01  1.123e+00  
5.970e-01  1.149e+00  
5.836e-01  1.176e+00  
5.701e-01  1.203e+00  
5.565e-01  1.231e+00  
5.428e-01  1.260e+00  
5.290e-01  1.290e+00  
5.151e-01  1.320e+00  
5.011e-01  1.352e+00  
4.869e-01  1.384e+00  
4.726e-01  1.418e+00  
4.582e-01  1.452e+00  
4.435e-01  1.488e+00  
4.287e-01  1.525e+00  
4.137e-01  1.564e+00  
3.985e-01  1.604e+00  
3.831e-01  1.646e+00  
3.674e-01  1.690e+00  
3.514e-01  1.736e+00  
3.351e-01  1.784e+00  
3.186e-01  1.834e+00  
3.016e-01  1.888e+00  
2.843e-01  1.945e+00  
2.666e-01  2.005e+00  
2.484e-01  2.069e+00  
2.297e-01  2.139e+00  
2.103e-01  2.214e+00  
1.903e-01  2.297e+00  
1.696e-01  2.388e+00  
1.481e-01  2.490e+00  
1.254e-01  2.606e+00  
1.016e-01  2.742e+00  
7.614e-02  2.907e+00  
4.858e-02  3.124e+00  
1.782e-02  3.467e+00  
1.977e+00  2.624e-04  
4.326e-04  3.917e+00  
1.861e+00  9.610e-03  
1.766e+00  2.751e-02  
1.702e+00  4.462e-02  
1.651e+00  6.123e-02  
1.608e+00  7.747e-02  
1.570e+00  9.343e-02  
1.536e+00  1.092e-01  
1.504e+00  1.247e-01  
1.475e+00  1.402e-01  
1.448e+00  1.555e-01  
1.422e+00  1.707e-01  
1.397e+00  1.858e-01  
1.374e+00  2.009e-01  
1.352e+00  2.160e-01  
1.330e+00  2.310e-01  
1.309e+00  2.461e-01  
1.289e+00  2.611e-01  
1.270e+00  2.761e-01  
1.251e+00  2.912e-01  
1.233e+00  3.062e-01  
1.215e+00  3.213e-01  
1.197e+00  3.365e-01  
1.180e+00  3.517e-01  
1.163e+00  3.670e-01  
1.147e+00  3.823e-01  
1.131e+00  3.977e-01  
1.115e+00  4.132e-01  
1.099e+00  4.288e-01  
1.084e+00  4.445e-01  
1.069e+00  4.602e-01  
1.054e+00  4.761e-01  
1.039e+00  4.922e-01  
1.024e+00  5.083e-01  
1.010e+00  5.246e-01  
9.956e-01  5.410e-01  
9.815e-01  5.575e-01  
9.675e-01  5.742e-01  
9.536e-01  5.911e-01  
9.399e-01  6.082e-01  
9.262e-01  6.254e-01  
9.126e-01  6.429e-01  
8.992e-01  6.605e-01  
8.857e-01  6.783e-01  
8.724e-01  6.964e-01  
8.591e-01  7.146e-01  
8.459e-01  7.331e-01  
8.327e-01  7.519e-01  
8.196e-01  7.710e-01  
8.065e-01  7.903e-01  
7.935e-01  8.098e-01  
7.804e-01  8.297e-01  
7.674e-01  8.499e-01  
7.544e-01  8.705e-01  
7.414e-01  8.914e-01  
7.284e-01  9.126e-01  
7.154e-01  9.342e-01  
7.024e-01  9.562e-01  
6.893e-01  9.787e-01  
6.763e-01  1.002e+00  
6.632e-01  1.025e+00  
6.500e-01  1.049e+00  
6.369e-01  1.073e+00  
6.236e-01  1.098e+00  
6.103e-01  1.123e+00  
5.970e-01  1.149e+00  
5.836e-01  1.176e+00  
5.700e-01  1.203e+00  
5.565e-01  1.231e+00  
5.428e-01  1.260e+00  
5.290e-01  1.290e+00  
5.151e-01  1.320e+00  
5.011e-01  1.352e+00  
4.869e-01  1.384e+00  
4.726e-01  1.418e+00  
4.581e-01  1.452e+00  
4.435e-01  1.488e+00  
4.287e-01  1.525e+00  
4.137e-01  1.564e+00  
3.985e-01  1.604e+00  
3.830e-01  1.646e+00  
3.673e-01  1.690e+00  
3.514e-01  1.735e+00  
3.351e-01  1.784e+00  
3.185e-01  1.834e+00  
3.016e-01  1.888e+00  
2.843e-01  1.944e+00  
2.666e-01  2.005e+00  
2.484e-01  2.069e+00  
2.296e-01  2.139e+00  
2.103e-01  2.214e+00  
1.904e-01  2.297e+00  
1.697e-01  2.388e+00  
1.481e-01  2.490e+00  
1.254e-01  2.606e+00  
1.016e-01  2.741e+00  
7.613e-02  2.907e+00  
4.859e-02  3.124e+00  
1.782e-02  3.467e+00  
1.977e+00  2.624e-04  
3.964e-04  3.920e+00  
1.861e+00  9.610e-03  
1.766e+00  2.751e-02  
1.702e+00  4.462e-02  
1.651e+00  6.123e-02  
1.608e+00  7.747e-02  
1.570e+00  9.343e-02  
1.536e+00  1.092e-01  
1.504e+00  1.247e-01  
1.475e+00  1.402e-01  
1.448e+00  1.555e-01  
1.422e+00  1.707e-01  
1.397e+00  1.859e-01  
1.374e+00  2.009e-01  
1.352e+00  2.160e-01  
1.330e+00  2.310e-01  
1.309e+00  2.461e-01  
1.289e+00  2.611e-01  
1.270e+00  2.761e-01  
1.251e+00  2.912e-01  
1.233e+00  3.062e-01  
1.215e+00  3.213e-01  
1.197e+00  3.365e-01  
1.180e+00  3.517e-01  
1.163e+00  3.670e-01  
1.147e+00  3.823e-01  
1.131e+00  3.977e-01  
1.115e+00  4.132e-01  
1.099e+00  4.288e-01  
1.084e+00  4.445e-01  
1.069e+00  4.602e-01  
1.054e+00  4.761e-01  
1.039e+00  4.922e-01  
1.024e+00  5.083e-01  
1.010e+00  5.246e-01  
9.956e-01  5.410e-01  
9.815e-01  5.575e-01  
9.675e-01  5.742e-01  
9.536e-01  5.911e-01  
9.399e-01  6.082e-01  
9.262e-01  6.254e-01  
9.126e-01  6.429e-01  
8.991e-01  6.605e-01  
8.857e-01  6.783e-01  
8.724e-01  6.964e-01  
8.591e-01  7.147e-01  
8.459e-01  7.332e-01  
8.327e-01  7.519e-01  
8.196e-01  7.710e-01  
8.065e-01  7.903e-01  
7.934e-01  8.099e-01  
7.804e-01  8.298e-01  
7.674e-01  8.500e-01  
7.544e-01  8.705e-01  
7.414e-01  8.914e-01  
7.284e-01  9.126e-01  
7.154e-01  9.343e-01  
7.024e-01  9.562e-01  
6.893e-01  9.787e-01  
6.762e-01  1.002e+00  
6.631e-01  1.025e+00  
6.500e-01  1.049e+00  
6.368e-01  1.073e+00  
6.236e-01  1.098e+00  
6.103e-01  1.123e+00  
5.970e-01  1.149e+00  
5.835e-01  1.176e+00  
5.700e-01  1.203e+00  
5.564e-01  1.231e+00  
5.427e-01  1.260e+00  
5.290e-01  1.290e+00  
5.151e-01  1.320e+00  
5.010e-01  1.352e+00  
4.869e-01  1.384e+00  
4.726e-01  1.418e+00  
4.581e-01  1.452e+00  
4.435e-01  1.488e+00  
4.287e-01  1.525e+00  
4.137e-01  1.564e+00  
3.985e-01  1.604e+00  
3.830e-01  1.646e+00  
3.673e-01  1.690e+00  
3.514e-01  1.736e+00  
3.351e-01  1.784e+00  
3.185e-01  1.834e+00  
3.016e-01  1.888e+00  
2.843e-01  1.944e+00  
2.665e-01  2.005e+00  
2.483e-01  2.070e+00  
2.296e-01  2.139e+00  
2.103e-01  2.214e+00  
1.904e-01  2.297e+00  
1.696e-01  2.388e+00  
1.480e-01  2.490e+00  
1.254e-01  2.606e+00  
1.015e-01  2.742e+00  
7.610e-02  2.907e+00  
4.856e-02  3.124e+00  
1.779e-02  3.468e+00  
1.977e+00  2.626e-04  
3.974e-04  3.920e+00  
1.861e+00  9.611e-03  
1.766e+00  2.751e-02  
1.702e+00  4.462e-02  
1.651e+00  6.123e-02  
1.608e+00  7.747e-02  
1.570e+00  9.343e-02  
1.536e+00  1.092e-01  
1.504e+00  1.247e-01  
1.475e+00  1.402e-01  
1.448e+00  1.555e-01  
1.422e+00  1.707e-01  
1.397e+00  1.859e-01  
1.374e+00  2.009e-01  
1.352e+00  2.160e-01  
1.330e+00  2.310e-01  
1.309e+00  2.461e-01  
1.289e+00  2.611e-01  
1.270e+00  2.761e-01  
1.251e+00  2.912e-01  
1.233e+00  3.062e-01  
1.215e+00  3.213e-01  
1.197e+00  3.365e-01  
1.180e+00  3.517e-01  
1.163e+00  3.670e-01  
1.147e+00  3.823e-01  
1.131e+00  3.977e-01  
1.115e+00  4.132e-01  
1.099e+00  4.288e-01  
1.084e+00  4.445e-01  
1.069e+00  4.603e-01  
1.054e+00  4.761e-01  
1.039e+00  4.922e-01  
1.024e+00  5.083e-01  
1.010e+00  5.246e-01  
9.956e-01  5.410e-01  
9.815e-01  5.575e-01  
9.675e-01  5.743e-01  
9.536e-01  5.911e-01  
9.399e-01  6.082e-01  
9.262e-01  6.254e-01  
9.126e-01  6.429e-01  
8.991e-01  6.605e-01  
8.857e-01  6.783e-01  
8.724e-01  6.964e-01  
8.591e-01  7.147e-01  
8.459e-01  7.332e-01  
8.327e-01  7.519e-01  
8.196e-01  7.710e-01  
8.065e-01  7.903e-01  
7.934e-01  8.099e-01  
7.804e-01  8.298e-01  
7.674e-01  8.500e-01  
7.544e-01  8.705e-01  
7.414e-01  8.914e-01  
7.284e-01  9.126e-01  
7.154e-01  9.342e-01  
7.024e-01  9.562e-01  
6.893e-01  9.787e-01  
6.762e-01  1.002e+00  
6.631e-01  1.025e+00  
6.500e-01  1.049e+00  
6.368e-01  1.073e+00  
6.236e-01  1.098e+00  
6.103e-01  1.123e+00  
5.970e-01  1.149e+00  
5.835e-01  1.176e+00  
5.700e-01  1.203e+00  
5.564e-01  1.232e+00  
5.428e-01  1.260e+00  
5.290e-01  1.290e+00  
5.151e-01  1.320e+00  
5.010e-01  1.352e+00  
4.869e-01  1.384e+00  
4.726e-01  1.418e+00  
4.581e-01  1.452e+00  
4.435e-01  1.488e+00  
4.287e-01  1.525e+00  
4.137e-01  1.564e+00  
3.985e-01  1.604e+00  
3.830e-01  1.646e+00  
3.673e-01  1.690e+00  
3.514e-01  1.736e+00  
3.351e-01  1.784e+00  
3.185e-01  1.834e+00  
3.016e-01  1.888e+00  
2.843e-01  1.944e+00  
2.665e-01  2.005e+00  
2.483e-01  2.070e+00  
2.296e-01  2.139e+00  
2.103e-01  2.214e+00  
1.903e-01  2.297e+00  
1.696e-01  2.388e+00  
1.480e-01  2.490e+00  
1.254e-01  2.606e+00  
1.015e-01  2.742e+00  
7.610e-02  2.907e+00  
4.856e-02  3.124e+00  
1.779e-02  3.468e+00  
1.977e+00  2.626e-04  
3.977e-04  3.920e+00  
1.861e+00  9.611e-03  
1.766e+00  2.751e-02  
1.702e+00  4.462e-02  
1.651e+00  6.123e-02  
1.608e+00  7.747e-02  
1.570e+00  9.343e-02  
1.536e+00  1.092e-01  
1.504e+00  1.247e-01  
1.475e+00  1.402e-01  
1.448e+00  1.555e-01  
1.422e+00  1.707e-01  
1.397e+00  1.859e-01  
1.374e+00  2.009e-01  
1.352e+00  2.160e-01  
1.330e+00  2.310e-01  
1.309e+00  2.461e-01  
1.289e+00  2.611e-01  
1.270e+00  2.761e-01  
1.251e+00  2.912e-01  
1.233e+00  3.062e-01  
1.215e+00  3.213e-01  
1.197e+00  3.365e-01  
1.180e+00  3.517e-01  
1.163e+00  3.670e-01  
1.147e+00  3.823e-01  
1.131e+00  3.977e-01  
1.115e+00  4.132e-01  
1.099e+00  4.288e-01  
1.084e+00  4.445e-01  
1.069e+00  4.603e-01  
1.054e+00  4.761e-01  
1.039e+00  4.922e-01  
1.024e+00  5.083e-01  
1.010e+00  5.246e-01  
9.956e-01  5.410e-01  
9.815e-01  5.575e-01  
9.675e-01  5.743e-01  
9.536e-01  5.911e-01  
9.399e-01  6.082e-01  
9.262e-01  6.254e-01  
9.126e-01  6.429e-01  
8.991e-01  6.605e-01  
8.857e-01  6.783e-01  
8.724e-01  6.964e-01  
8.591e-01  7.147e-01  
8.459e-01  7.332e-01  
8.327e-01  7.519e-01  
8.196e-01  7.710e-01  
8.065e-01  7.903e-01  
7.935e-01  8.099e-01  
7.804e-01  8.298e-01  
7.674e-01  8.500e-01  
7.544e-01  8.705e-01  
7.414e-01  8.914e-01  
7.284e-01  9.126e-01  
7.154e-01  9.342e-01  
7.023e-01  9.563e-01  
6.893e-01  9.787e-01  
6.762e-01  1.002e+00  
6.631e-01  1.025e+00  
6.500e-01  1.049e+00  
6.368e-01  1.073e+00  
6.236e-01  1.098e+00  
6.103e-01  1.123e+00  
5.970e-01  1.149e+00  
5.835e-01  1.176e+00  
5.700e-01  1.203e+00  
5.564e-01  1.232e+00  
5.428e-01  1.260e+00  
5.290e-01  1.290e+00  
5.151e-01  1.320e+00  
5.010e-01  1.352e+00  
4.869e-01  1.384e+00  
4.726e-01  1.418e+00  
4.581e-01  1.452e+00  
4.435e-01  1.488e+00  
4.287e-01  1.525e+00  
4.137e-01  1.564e+00  
3.985e-01  1.604e+00  
3.830e-01  1.646e+00  
3.673e-01  1.690e+00  
3.514e-01  1.736e+00  
3.351e-01  1.784e+00  
3.185e-01  1.834e+00  
3.016e-01  1.888e+00  
2.843e-01  1.944e+00  
2.665e-01  2.005e+00  
2.483e-01  2.070e+00  
2.296e-01  2.139e+00  
2.103e-01  2.214e+00  
1.903e-01  2.297e+00  
1.696e-01  2.388e+00  
1.480e-01  2.490e+00  
1.254e-01  2.606e+00  
1.015e-01  2.742e+00  
7.610e-02  2.907e+00  
4.856e-02  3.124e+00  
1.779e-02  3.468e+00  
1.977e+00  2.626e-04  
3.977e-04  3.920e+00  
1.861e+00  9.611e-03  
1.766e+00  2.751e-02  
1.702e+00  4.462e-02  
1.651e+00  6.123e-02  
1.608e+00  7.747e-02  
1.570e+00  9.343e-02  
1.536e+00  1.092e-01  
1.504e+00  1.247e-01  
1.475e+00  1.402e-01  
1.448e+00  1.555e-01  
1.422e+00  1.707e-01  
1.397e+00  1.859e-01  
1.374e+00  2.009e-01  
1.352e+00  2.160e-01  
1.330e+00  2.310e-01  
1.309e+00  2.461e-01  
1.289e+00  2.611e-01  
1.270e+00  2.761e-01  
1.251e+00  2.912e-01  
1.233e+00  3.062e-01  
1.215e+00  3.213e-01  
1.197e+00  3.365e-01  
1.180e+00  3.517e-01  
1.163e+00  3.670e-01  
1.147e+00  3.823e-01  
1.131e+00  3.977e-01  
1.115e+00  4.132e-01  
1.099e+00  4.288e-01  
1.084e+00  4.445e-01  
1.069e+00  4.603e-01  
1.054e+00  4.761e-01  
1.039e+00  4.922e-01  
1.024e+00  5.083e-01  
1.010e+00  5.246e-01  
9.956e-01  5.410e-01  
9.815e-01  5.575e-01  
9.675e-01  5.743e-01  
9.536e-01  5.911e-01  
9.398e-01  6.082e-01  
9.262e-01  6.254e-01  
9.126e-01  6.429e-01  
8.991e-01  6.605e-01  
8.857e-01  6.783e-01  
8.724e-01  6.964e-01  
8.591e-01  7.147e-01  
8.459e-01  7.332e-01  
8.327e-01  7.519e-01  
8.196e-01  7.710e-01  
8.065e-01  7.903e-01  
7.935e-01  8.099e-01  
7.804e-01  8.298e-01  
7.674e-01  8.500e-01  
7.544e-01  8.705e-01  
7.414e-01  8.914e-01  
7.284e-01  9.126e-01  
7.154e-01  9.342e-01  
7.023e-01  9.563e-01  
6.893e-01  9.787e-01  
6.762e-01  1.002e+00  
6.631e-01  1.025e+00  
6.500e-01  1.049e+00  
6.368e-01  1.073e+00  
6.236e-01  1.098e+00  
6.103e-01  1.123e+00  
5.970e-01  1.149e+00  
5.835e-01  1.176e+00  
5.700e-01  1.203e+00  
5.564e-01  1.232e+00  
5.428e-01  1.260e+00  
5.290e-01  1.290e+00  
5.151e-01  1.320e+00  
5.010e-01  1.352e+00  
4.869e-01  1.384e+00  
4.726e-01  1.418e+00  
4.581e-01  1.452e+00  
4.435e-01  1.488e+00  
4.287e-01  1.525e+00  
4.137e-01  1.564e+00  
3.985e-01  1.604e+00  
3.830e-01  1.646e+00  
3.673e-01  1.690e+00  
3.514e-01  1.736e+00  
3.351e-01  1.784e+00  
3.185e-01  1.834e+00  
3.016e-01  1.888e+00  
2.843e-01  1.944e+00  
2.665e-01  2.005e+00  
2.483e-01  2.070e+00  
2.296e-01  2.139e+00  
2.103e-01  2.214e+00  
1.903e-01  2.297e+00  
1.696e-01  2.388e+00  
1.480e-01  2.490e+00  
1.254e-01  2.606e+00  
1.015e-01  2.742e+00  
7.610e-02  2.907e+00  
4.856e-02  3.124e+00  
1.779e-02  3.468e+00  
1.977e+00  2.626e-04  
3.977e-04  3.920e+00  
1.861e+00  9.611e-03  
1.766e+00  2.751e-02  
1.702e+00  4.462e-02  
1.651e+00  6.123e-02  
1.608e+00  7.747e-02  
1.570e+00  9.343e-02  
1.536e+00  1.092e-01  
1.504e+00  1.247e-01  
1.475e+00  1.402e-01  
1.448e+00  1.555e-01  
1.422e+00  1.707e-01  
1.397e+00  1.859e-01  
1.374e+00  2.009e-01  
1.352e+00  2.160e-01  
1.330e+00  2.310e-01  
1.309e+00  2.461e-01  
1.289e+00  2.611e-01  
1.270e+00  2.761e-01  
1.251e+00  2.912e-01  
1.233e+00  3.062e-01  
1.215e+00  3.213e-01  
1.197e+00  3.365e-01  
1.180e+00  3.517e-01  
1.163e+00  3.670e-01  
1.147e+00  3.823e-01  
1.131e+00  3.977e-01  
1.115e+00  4.132e-01  
1.099e+00  4.288e-01  
1.084e+00  4.445e-01  
1.069e+00  4.603e-01  
1.054e+00  4.761e-01  
1.039e+00  4.922e-01  
1.024e+00  5.083e-01  
1.010e+00  5.246e-01  
9.956e-01  5.410e-01  
9.815e-01  5.575e-01  
9.675e-01  5.743e-01  
9.536e-01  5.911e-01  
9.398e-01  6.082e-01  
9.262e-01  6.254e-01  
9.126e-01  6.429e-01  
8.991e-01  6.605e-01  
8.857e-01  6.783e-01  
8.724e-01  6.964e-01  
8.591e-01  7.147e-01  
8.459e-01  7.332e-01  
8.327e-01  7.519e-01  
8.196e-01  7.710e-01  
8.065e-01  7.903e-01  
7.935e-01  8.099e-01  
7.804e-01  8.298e-01  
7.674e-01  8.500e-01  
7.544e-01  8.705e-01  
7.414e-01  8.914e-01  
7.284e-01  9.126e-01  
7.154e-01  9.342e-01  
7.023e-01  9.563e-01  
6.893e-01  9.787e-01  
6.762e-01  1.002e+00  
6.631e-01  1.025e+00  
6.500e-01  1.049e+00  
6.368e-01  1.073e+00  
6.236e-01  1.098e+00  
6.103e-01  1.123e+00  
5.970e-01  1.149e+00  
5.835e-01  1.176e+00  
5.700e-01  1.203e+00  
5.564e-01  1.232e+00  
5.428e-01  1.260e+00  
5.290e-01  1.290e+00  
5.151e-01  1.320e+00  
5.010e-01  1.352e+00  
4.869e-01  1.384e+00  
4.726e-01  1.418e+00  
4.581e-01  1.452e+00  
4.435e-01  1.488e+00  
4.287e-01  1.525e+00  
4.137e-01  1.564e+00  
3.985e-01  1.604e+00  
3.830e-01  1.646e+00  
3.673e-01  1.690e+00  
3.514e-01  1.736e+00  
3.351e-01  1.784e+00  
3.185e-01  1.834e+00  
3.016e-01  1.888e+00  
2.843e-01  1.944e+00  
2.665e-01  2.005e+00  
2.483e-01  2.070e+00  
2.296e-01  2.139e+00  
2.103e-01  2.214e+00  
1.903e-01  2.297e+00  
1.696e-01  2.388e+00  
1.480e-01  2.490e+00  
1.254e-01  2.606e+00  
1.015e-01  2.742e+00  
7.610e-02  2.907e+00  
4.856e-02  3.124e+00  
1.779e-02  3.468e+00  
1.977e+00  2.626e-04  
3.977e-04  3.920e+00  
1.861e+00  9.611e-03  
1.766e+00  2.751e-02  
1.702e+00  4.462e-02  
1.651e+00  6.123e-02  
1.608e+00  7.747e-02  
1.570e+00  9.343e-02  
1.536e+00  1.092e-01  
1.504e+00  1.247e-01  
1.475e+00  1.402e-01  
1.448e+00  1.555e-01  
1.422e+00  1.707e-01  
1.397e+00  1.859e-01  
1.374e+00  2.009e-01  
1.352e+00  2.160e-01  
1.330e+00  2.310e-01  
1.309e+00  2.461e-01  
1.289e+00  2.611e-01  
1.270e+00  2.761e-01  
1.251e+00  2.912e-01  
1.233e+00  3.062e-01  
1.215e+00  3.213e-01  
1.197e+00  3.365e-01  
1.180e+00  3.517e-01  
1.163e+00  3.670e-01  
1.147e+00  3.823e-01  
1.131e+00  3.977e-01  
1.115e+00  4.132e-01  
1.099e+00  4.288e-01  
1.084e+00  4.445e-01  
1.069e+00  4.603e-01  
1.054e+00  4.761e-01  
1.039e+00  4.922e-01  
1.024e+00  5.083e-01  
1.010e+00  5.246e-01  
9.956e-01  5.410e-01  
9.815e-01  5.575e-01  
9.675e-01  5.743e-01  
9.536e-01  5.911e-01  
9.398e-01  6.082e-01  
9.262e-01  6.254e-01  
9.126e-01  6.429e-01  
8.991e-01  6.605e-01  
8.857e-01  6.783e-01  
8.724e-01  6.964e-01  
8.591e-01  7.147e-01  
8.459e-01  7.332e-01  
8.327e-01  7.519e-01  
8.196e-01  7.710e-01  
8.065e-01  7.903e-01  
7.935e-01  8.099e-01  
7.804e-01  8.298e-01  
7.674e-01  8.500e-01  
7.544e-01  8.705e-01  
7.414e-01  8.914e-01  
7.284e-01  9.126e-01  
7.154e-01  9.342e-01  
7.023e-01  9.563e-01  
6.893e-01  9.787e-01  
6.762e-01  1.002e+00  
6.631e-01  1.025e+00  
6.500e-01  1.049e+00  
6.368e-01  1.073e+00  
6.236e-01  1.098e+00  
6.103e-01  1.123e+00  
5.970e-01  1.149e+00  
5.835e-01  1.176e+00  
5.700e-01  1.203e+00  
5.564e-01  1.232e+00  
5.428e-01  1.260e+00  
5.290e-01  1.290e+00  
5.151e-01  1.320e+00  
5.010e-01  1.352e+00  
4.869e-01  1.384e+00  
4.726e-01  1.418e+00  
4.581e-01  1.452e+00  
4.435e-01  1.488e+00  
4.287e-01  1.525e+00  
4.137e-01  1.564e+00  
3.985e-01  1.604e+00  
3.830e-01  1.646e+00  
3.673e-01  1.690e+00  
3.514e-01  1.736e+00  
3.351e-01  1.784e+00  
3.185e-01  1.834e+00  
3.016e-01  1.888e+00  
2.843e-01  1.944e+00  
2.665e-01  2.005e+00  
2.483e-01  2.070e+00  
2.296e-01  2.139e+00  
2.103e-01  2.214e+00  
1.903e-01  2.297e+00  
1.696e-01  2.388e+00  
1.480e-01  2.490e+00  
1.254e-01  2.606e+00  
1.015e-01  2.742e+00  
7.611e-02  2.907e+00  
4.856e-02  3.124e+00  
1.779e-02  3.468e+00  
1.979e+00  2.187e-04  
3.942e-04  3.921e+00  
1.862e+00  9.568e-03  
1.766e+00  2.747e-02  
1.702e+00  4.458e-02  
1.652e+00  6.119e-02  
1.608e+00  7.743e-02  
1.570e+00  9.339e-02  
1.536e+00  1.091e-01  
1.505e+00  1.247e-01  
1.475e+00  1.401e-01  
1.448e+00  1.554e-01  
1.422e+00  1.707e-01  
1.398e+00  1.858e-01  
1.374e+00  2.009e-01  
1.352e+00  2.160e-01  
1.330e+00  2.310e-01  
1.309e+00  2.460e-01  
1.289e+00  2.610e-01  
1.270e+00  2.761e-01  
1.251e+00  2.911e-01  
1.233e+00  3.062e-01  
1.215e+00  3.213e-01  
1.197e+00  3.365e-01  
1.180e+00  3.517e-01  
1.163e+00  3.669e-01  
1.147e+00  3.823e-01  
1.131e+00  3.977e-01  
1.115e+00  4.132e-01  
1.099e+00  4.288e-01  
1.084e+00  4.444e-01  
1.069e+00  4.602e-01  
1.054e+00  4.761e-01  
1.039e+00  4.921e-01  
1.024e+00  5.083e-01  
1.010e+00  5.245e-01  
9.956e-01  5.410e-01  
9.815e-01  5.575e-01  
9.675e-01  5.742e-01  
9.536e-01  5.911e-01  
9.399e-01  6.082e-01  
9.262e-01  6.254e-01  
9.126e-01  6.428e-01  
8.992e-01  6.605e-01  
8.857e-01  6.783e-01  
8.724e-01  6.963e-01  
8.591e-01  7.146e-01  
8.459e-01  7.331e-01  
8.327e-01  7.519e-01  
8.196e-01  7.709e-01  
8.065e-01  7.903e-01  
7.935e-01  8.098e-01  
7.804e-01  8.297e-01  
7.674e-01  8.499e-01  
7.544e-01  8.705e-01  
7.414e-01  8.914e-01  
7.284e-01  9.126e-01  
7.154e-01  9.342e-01  
7.024e-01  9.562e-01  
6.893e-01  9.787e-01  
6.762e-01  1.002e+00  
6.631e-01  1.025e+00  
6.500e-01  1.049e+00  
6.368e-01  1.073e+00  
6.236e-01  1.098e+00  
6.103e-01  1.123e+00  
5.970e-01  1.149e+00  
5.835e-01  1.176e+00  
5.700e-01  1.203e+00  
5.564e-01  1.231e+00  
5.428e-01  1.260e+00  
5.290e-01  1.290e+00  
5.151e-01  1.320e+00  
5.010e-01  1.352e+00  
4.869e-01  1.384e+00  
4.726e-01  1.418e+00  
4.581e-01  1.452e+00  
4.435e-01  1.488e+00  
4.287e-01  1.525e+00  
4.137e-01  1.564e+00  
3.985e-01  1.604e+00  
3.830e-01  1.646e+00  
3.673e-01  1.690e+00  
3.514e-01  1.736e+00  
3.351e-01  1.784e+00  
3.185e-01  1.834e+00  
3.016e-01  1.888e+00  
2.843e-01  1.944e+00  
2.665e-01  2.005e+00  
2.483e-01  2.070e+00  
2.296e-01  2.139e+00  
2.103e-01  2.214e+00  
1.903e-01  2.297e+00  
1.696e-01  2.388e+00  
1.480e-01  2.490e+00  
1.254e-01  2.606e+00  
1.015e-01  2.742e+00  
7.610e-02  2.907e+00  
4.855e-02  3.124e+00  
1.779e-02  3.468e+00  
