1.956e+00  3.672e+00  
2.328e+00  2.545e+00  
1.899e+00  3.586e+00  
2.401e+00  1.588e+00  
1.654e+00  3.668e+00  
2.214e+00  3.075e+00  
2.417e+00  2.015e+00  
2.221e+00  2.350e+00  
1.964e+00  2.941e+00  
2.306e+00  1.972e+00  
2.135e+00  3.118e+00  
1.473e+00  4.204e+00  
2.130e+00  2.853e+00  
1.431e+00  3.983e+00  
1.697e+00  3.766e+00  
2.356e+00  2.340e+00  
2.151e+00  2.826e+00  
2.196e+00  2.476e+00  
1.483e+00  3.957e+00  
2.357e+00  2.237e+00  
2.079e+00  3.151e+00  
1.991e+00  3.145e+00  
2.135e+00  3.065e+00  
2.092e+00  3.068e+00  
2.238e+00  2.421e+00  
2.298e+00  2.625e+00  
1.991e+00  3.447e+00  
1.929e+00  3.530e+00  
2.296e+00  2.720e+00  
2.159e+00  2.841e+00  
1.929e+00  3.347e+00  
1.916e+00  3.425e+00  
2.106e+00  3.352e+00  
1.956e+00  3.569e+00  
1.646e+00  3.734e+00  
2.286e+00  2.213e+00  
2.287e+00  2.186e+00  
1.895e+00  3.464e+00  
1.533e+00  4.173e+00  
1.961e+00  3.325e+00  
2.147e+00  3.010e+00  
2.089e+00  2.987e+00  
2.250e+00  2.618e+00  
2.035e+00  3.257e+00  
2.304e+00  2.455e+00  
1.650e+00  4.152e+00  
2.394e+00  2.184e+00  
1.074e+00  4.381e+00  
1.830e+00  3.470e+00  
1.989e+00  3.183e+00  
1.386e+00  4.132e+00  
2.390e+00  2.012e+00  
1.893e+00  3.371e+00  
2.106e+00  2.857e+00  
2.248e+00  2.368e+00  
2.107e+00  3.046e+00  
1.617e+00  3.925e+00  
1.949e+00  3.266e+00  
1.912e+00  3.517e+00  
1.899e+00  3.736e+00  
2.008e+00  3.118e+00  
2.204e+00  2.842e+00  
1.816e+00  3.392e+00  
2.204e+00  2.641e+00  
1.862e+00  3.693e+00  
2.059e+00  3.084e+00  
2.270e+00  2.443e+00  
2.009e+00  3.098e+00  
1.847e+00  3.431e+00  
2.014e+00  2.929e+00  
1.942e+00  3.336e+00  
2.327e+00  2.328e+00  
2.148e+00  2.755e+00  
1.357e+00  4.057e+00  
1.995e+00  3.258e+00  
2.239e+00  2.987e+00  
1.964e+00  3.189e+00  
2.360e+00  2.479e+00  
2.060e+00  3.207e+00  
1.616e+00  3.805e+00  
1.956e+00  3.207e+00  
1.793e+00  3.556e+00  
1.927e+00  3.460e+00  
1.983e+00  3.015e+00  
2.068e+00  3.012e+00  
2.232e+00  2.610e+00  
2.483e+00  1.246e+00  
2.106e+00  2.657e+00  
2.201e+00  2.654e+00  
1.933e+00  3.264e+00  
2.017e+00  2.865e+00  
1.220e+00  4.249e+00  
2.307e+00  1.832e+00  
1.798e+00  3.363e+00  
1.625e+00  3.847e+00  
1.840e+00  3.616e+00  
2.175e+00  3.199e+00  
2.284e+00  2.729e+00  
1.668e+00  3.884e+00  
1.527e+00  3.855e+00  
2.050e+00  5.054e-02  
2.075e-01  4.038e+00  
2.050e+00  5.986e-02  
2.050e+00  7.917e-02  
2.050e+00  8.961e-02  
2.050e+00  1.120e-01  
2.050e+00  1.120e-01  
2.049e+00  1.567e-01  
2.049e+00  1.805e-01  
2.049e+00  1.994e-01  
2.048e+00  2.204e-01  
2.048e+00  2.481e-01  
2.047e+00  2.618e-01  
2.047e+00  2.856e-01  
2.045e+00  3.187e-01  
2.045e+00  3.386e-01  
2.044e+00  3.680e-01  
2.043e+00  3.948e-01  
2.041e+00  4.216e-01  
2.040e+00  4.487e-01  
2.039e+00  4.759e-01  
2.037e+00  5.044e-01  
2.035e+00  5.334e-01  
2.034e+00  5.622e-01  
2.032e+00  5.914e-01  
2.029e+00  6.253e-01  
2.027e+00  6.571e-01  
2.024e+00  6.897e-01  
2.021e+00  7.230e-01  
2.019e+00  7.571e-01  
2.015e+00  7.920e-01  
2.012e+00  8.277e-01  
2.008e+00  8.643e-01  
2.004e+00  9.017e-01  
2.000e+00  9.401e-01  
1.995e+00  9.793e-01  
1.990e+00  1.019e+00  
1.985e+00  1.060e+00  
1.980e+00  1.102e+00  
1.974e+00  1.145e+00  
1.967e+00  1.189e+00  
1.960e+00  1.234e+00  
1.953e+00  1.280e+00  
1.945e+00  1.327e+00  
1.937e+00  1.375e+00  
1.928e+00  1.424e+00  
1.919e+00  1.474e+00  
1.909e+00  1.525e+00  
1.898e+00  1.578e+00  
1.887e+00  1.631e+00  
1.875e+00  1.685e+00  
1.863e+00  1.740e+00  
1.849e+00  1.796e+00  
1.835e+00  1.854e+00  
1.820e+00  1.912e+00  
1.804e+00  1.971e+00  
1.788e+00  2.031e+00  
1.770e+00  2.091e+00  
1.751e+00  2.153e+00  
1.732e+00  2.215e+00  
1.711e+00  2.278e+00  
1.689e+00  2.341e+00  
1.667e+00  2.405e+00  
1.643e+00  2.469e+00  
1.618e+00  2.534e+00  
1.591e+00  2.599e+00  
1.564e+00  2.663e+00  
1.536e+00  2.728e+00  
1.506e+00  2.793e+00  
1.475e+00  2.857e+00  
1.443e+00  2.920e+00  
1.410e+00  2.983e+00  
1.375e+00  3.046e+00  
1.340e+00  3.107e+00  
1.303e+00  3.167e+00  
1.266e+00  3.226e+00  
1.227e+00  3.284e+00  
1.187e+00  3.340e+00  
1.147e+00  3.395e+00  
1.106e+00  3.447e+00  
1.064e+00  3.498e+00  
1.021e+00  3.547e+00  
9.774e-01  3.594e+00  
9.335e-01  3.639e+00  
8.892e-01  3.681e+00  
8.445e-01  3.721e+00  
7.995e-01  3.759e+00  
7.544e-01  3.794e+00  
7.091e-01  3.827e+00  
6.639e-01  3.857e+00  
6.187e-01  3.885e+00  
5.737e-01  3.910e+00  
5.289e-01  3.934e+00  
4.844e-01  3.954e+00  
4.403e-01  3.973e+00  
3.967e-01  3.989e+00  
3.535e-01  4.004e+00  
3.109e-01  4.016e+00  
2.689e-01  4.026e+00  
2.275e-01  4.034e+00  
2.050e+00  5.035e-02  
2.075e-01  4.038e+00  
2.050e+00  5.964e-02  
2.050e+00  7.884e-02  
2.050e+00  9.845e-02  
2.050e+00  1.185e-01  
2.050e+00  1.389e-01  
2.049e+00  1.597e-01  
2.049e+00  1.810e-01  
2.049e+00  2.028e-01  
2.048e+00  2.251e-01  
2.048e+00  2.478e-01  
2.047e+00  2.710e-01  
2.046e+00  2.947e-01  
2.045e+00  3.190e-01  
2.045e+00  3.438e-01  
2.044e+00  3.691e-01  
2.043e+00  3.950e-01  
2.041e+00  4.216e-01  
2.040e+00  4.487e-01  
2.039e+00  4.764e-01  
2.037e+00  5.048e-01  
2.035e+00  5.338e-01  
2.033e+00  5.635e-01  
2.031e+00  5.939e-01  
2.029e+00  6.250e-01  
2.027e+00  6.568e-01  
2.024e+00  6.894e-01  
2.022e+00  7.227e-01  
2.019e+00  7.568e-01  
2.015e+00  7.917e-01  
2.012e+00  8.274e-01  
2.008e+00  8.640e-01  
2.004e+00  9.015e-01  
2.000e+00  9.397e-01  
1.995e+00  9.790e-01  
1.990e+00  1.019e+00  
1.985e+00  1.060e+00  
1.980e+00  1.102e+00  
1.974e+00  1.145e+00  
1.967e+00  1.189e+00  
1.960e+00  1.234e+00  
1.953e+00  1.280e+00  
1.945e+00  1.327e+00  
1.937e+00  1.375e+00  
1.928e+00  1.424e+00  
1.919e+00  1.474e+00  
1.909e+00  1.525e+00  
1.898e+00  1.577e+00  
1.887e+00  1.631e+00  
1.875e+00  1.685e+00  
1.863e+00  1.740e+00  
1.849e+00  1.796e+00  
1.835e+00  1.853e+00  
1.820e+00  1.912e+00  
1.804e+00  1.971e+00  
1.788e+00  2.030e+00  
1.770e+00  2.091e+00  
1.751e+00  2.153e+00  
1.732e+00  2.215e+00  
1.711e+00  2.278e+00  
1.689e+00  2.341e+00  
1.667e+00  2.405e+00  
1.643e+00  2.469e+00  
1.618e+00  2.534e+00  
1.592e+00  2.598e+00  
1.564e+00  2.663e+00  
1.536e+00  2.728e+00  
1.506e+00  2.792e+00  
1.475e+00  2.856e+00  
1.443e+00  2.920e+00  
1.410e+00  2.983e+00  
1.375e+00  3.045e+00  
1.340e+00  3.107e+00  
1.303e+00  3.167e+00  
1.266e+00  3.226e+00  
1.227e+00  3.284e+00  
1.188e+00  3.340e+00  
1.147e+00  3.395e+00  
1.106e+00  3.447e+00  
1.064e+00  3.498e+00  
1.021e+00  3.547e+00  
9.775e-01  3.594e+00  
9.336e-01  3.638e+00  
8.892e-01  3.681e+00  
8.445e-01  3.721e+00  
7.995e-01  3.758e+00  
7.544e-01  3.794e+00  
7.092e-01  3.827e+00  
6.639e-01  3.857e+00  
6.187e-01  3.885e+00  
5.737e-01  3.910e+00  
5.289e-01  3.934e+00  
4.845e-01  3.954e+00  
4.404e-01  3.973e+00  
3.967e-01  3.989e+00  
3.535e-01  4.004e+00  
3.109e-01  4.016e+00  
2.689e-01  4.026e+00  
2.275e-01  4.034e+00  
2.050e+00  5.038e-02  
2.075e-01  4.038e+00  
2.050e+00  5.966e-02  
2.050e+00  7.886e-02  
2.050e+00  9.845e-02  
2.050e+00  1.185e-01  
2.050e+00  1.389e-01  
2.049e+00  1.597e-01  
2.049e+00  1.810e-01  
2.049e+00  2.028e-01  
2.048e+00  2.251e-01  
2.048e+00  2.478e-01  
2.047e+00  2.710e-01  
2.046e+00  2.947e-01  
2.045e+00  3.190e-01  
2.045e+00  3.438e-01  
2.044e+00  3.691e-01  
2.043e+00  3.950e-01  
2.041e+00  4.216e-01  
2.040e+00  4.487e-01  
2.039e+00  4.764e-01  
2.037e+00  5.048e-01  
2.035e+00  5.338e-01  
2.033e+00  5.635e-01  
2.031e+00  5.939e-01  
2.029e+00  6.250e-01  
2.027e+00  6.568e-01  
2.024e+00  6.894e-01  
2.022e+00  7.227e-01  
2.019e+00  7.568e-01  
2.015e+00  7.917e-01  
2.012e+00  8.274e-01  
2.008e+00  8.640e-01  
2.004e+00  9.014e-01  
2.000e+00  9.397e-01  
1.995e+00  9.790e-01  
1.990e+00  1.019e+00  
1.985e+00  1.060e+00  
1.980e+00  1.102e+00  
1.974e+00  1.145e+00  
1.967e+00  1.189e+00  
1.960e+00  1.234e+00  
1.953e+00  1.280e+00  
1.945e+00  1.327e+00  
1.937e+00  1.375e+00  
1.928e+00  1.424e+00  
1.919e+00  1.474e+00  
1.909e+00  1.525e+00  
1.898e+00  1.577e+00  
1.887e+00  1.631e+00  
1.875e+00  1.685e+00  
1.863e+00  1.740e+00  
1.849e+00  1.796e+00  
1.835e+00  1.853e+00  
1.820e+00  1.911e+00  
1.804e+00  1.971e+00  
1.788e+00  2.030e+00  
1.770e+00  2.091e+00  
1.751e+00  2.153e+00  
1.732e+00  2.215e+00  
1.711e+00  2.278e+00  
1.689e+00  2.341e+00  
1.667e+00  2.405e+00  
1.643e+00  2.469e+00  
1.618e+00  2.534e+00  
1.592e+00  2.598e+00  
1.564e+00  2.663e+00  
1.536e+00  2.728e+00  
1.506e+00  2.792e+00  
1.475e+00  2.856e+00  
1.443e+00  2.920e+00  
1.410e+00  2.983e+00  
1.375e+00  3.045e+00  
1.340e+00  3.107e+00  
1.303e+00  3.167e+00  
1.266e+00  3.226e+00  
1.227e+00  3.284e+00  
1.188e+00  3.340e+00  
1.147e+00  3.395e+00  
1.106e+00  3.447e+00  
1.064e+00  3.498e+00  
1.021e+00  3.547e+00  
9.775e-01  3.594e+00  
9.336e-01  3.638e+00  
8.892e-01  3.681e+00  
8.445e-01  3.721e+00  
7.995e-01  3.758e+00  
7.544e-01  3.794e+00  
7.092e-01  3.827e+00  
6.639e-01  3.857e+00  
6.187e-01  3.885e+00  
5.737e-01  3.910e+00  
5.289e-01  3.934e+00  
4.845e-01  3.954e+00  
4.404e-01  3.973e+00  
3.967e-01  3.989e+00  
3.535e-01  4.004e+00  
3.109e-01  4.016e+00  
2.689e-01  4.026e+00  
2.275e-01  4.034e+00  
2.050e+00  5.038e-02  
2.075e-01  4.038e+00  
2.050e+00  5.966e-02  
2.050e+00  7.886e-02  
2.050e+00  9.845e-02  
2.050e+00  1.185e-01  
2.050e+00  1.389e-01  
2.049e+00  1.597e-01  
2.049e+00  1.810e-01  
2.049e+00  2.028e-01  
2.048e+00  2.251e-01  
2.048e+00  2.478e-01  
2.047e+00  2.710e-01  
2.046e+00  2.947e-01  
2.045e+00  3.190e-01  
2.045e+00  3.438e-01  
2.044e+00  3.691e-01  
2.043e+00  3.950e-01  
2.041e+00  4.216e-01  
2.040e+00  4.487e-01  
2.039e+00  4.764e-01  
2.037e+00  5.048e-01  
2.035e+00  5.338e-01  
2.033e+00  5.635e-01  
2.031e+00  5.939e-01  
2.029e+00  6.250e-01  
2.027e+00  6.568e-01  
2.024e+00  6.894e-01  
2.022e+00  7.227e-01  
2.019e+00  7.568e-01  
2.015e+00  7.917e-01  
2.012e+00  8.274e-01  
2.008e+00  8.640e-01  
2.004e+00  9.014e-01  
2.000e+00  9.398e-01  
1.995e+00  9.790e-01  
1.990e+00  1.019e+00  
1.985e+00  1.060e+00  
1.980e+00  1.102e+00  
1.974e+00  1.145e+00  
1.967e+00  1.189e+00  
1.960e+00  1.234e+00  
1.953e+00  1.280e+00  
1.945e+00  1.327e+00  
1.937e+00  1.375e+00  
1.928e+00  1.424e+00  
1.919e+00  1.474e+00  
1.909e+00  1.525e+00  
1.898e+00  1.577e+00  
1.887e+00  1.631e+00  
1.875e+00  1.685e+00  
1.863e+00  1.740e+00  
1.849e+00  1.796e+00  
1.835e+00  1.853e+00  
1.820e+00  1.911e+00  
1.804e+00  1.971e+00  
1.788e+00  2.030e+00  
1.770e+00  2.091e+00  
1.751e+00  2.153e+00  
1.732e+00  2.215e+00  
1.711e+00  2.278e+00  
1.689e+00  2.341e+00  
1.667e+00  2.405e+00  
1.643e+00  2.469e+00  
1.618e+00  2.534e+00  
1.592e+00  2.598e+00  
1.564e+00  2.663e+00  
1.536e+00  2.728e+00  
1.506e+00  2.792e+00  
1.475e+00  2.856e+00  
1.443e+00  2.920e+00  
1.410e+00  2.983e+00  
1.375e+00  3.045e+00  
1.340e+00  3.107e+00  
1.303e+00  3.167e+00  
1.266e+00  3.226e+00  
1.227e+00  3.284e+00  
1.188e+00  3.340e+00  
1.147e+00  3.395e+00  
1.106e+00  3.447e+00  
1.064e+00  3.498e+00  
1.021e+00  3.547e+00  
9.775e-01  3.594e+00  
9.336e-01  3.638e+00  
8.892e-01  3.681e+00  
8.445e-01  3.721e+00  
7.995e-01  3.758e+00  
7.544e-01  3.794e+00  
7.092e-01  3.827e+00  
6.639e-01  3.857e+00  
6.187e-01  3.885e+00  
5.737e-01  3.910e+00  
5.289e-01  3.934e+00  
4.845e-01  3.954e+00  
4.404e-01  3.973e+00  
3.967e-01  3.989e+00  
3.535e-01  4.004e+00  
3.109e-01  4.016e+00  
2.689e-01  4.026e+00  
2.275e-01  4.034e+00  
2.050e+00  5.038e-02  
2.074e-01  4.038e+00  
2.050e+00  5.966e-02  
2.050e+00  7.886e-02  
2.050e+00  9.845e-02  
2.050e+00  1.185e-01  
2.050e+00  1.389e-01  
2.049e+00  1.597e-01  
2.049e+00  1.811e-01  
2.049e+00  2.028e-01  
2.048e+00  2.251e-01  
2.048e+00  2.478e-01  
2.047e+00  2.710e-01  
2.046e+00  2.947e-01  
2.045e+00  3.190e-01  
2.045e+00  3.438e-01  
2.044e+00  3.691e-01  
2.043e+00  3.951e-01  
2.041e+00  4.216e-01  
2.040e+00  4.487e-01  
2.039e+00  4.764e-01  
2.037e+00  5.048e-01  
2.035e+00  5.338e-01  
2.033e+00  5.635e-01  
2.031e+00  5.939e-01  
2.029e+00  6.250e-01  
2.027e+00  6.568e-01  
2.024e+00  6.894e-01  
2.022e+00  7.227e-01  
2.019e+00  7.568e-01  
2.015e+00  7.917e-01  
2.012e+00  8.275e-01  
2.008e+00  8.641e-01  
2.004e+00  9.015e-01  
2.000e+00  9.398e-01  
1.995e+00  9.790e-01  
1.990e+00  1.019e+00  
1.985e+00  1.060e+00  
1.980e+00  1.102e+00  
1.974e+00  1.145e+00  
1.967e+00  1.189e+00  
1.960e+00  1.234e+00  
1.953e+00  1.280e+00  
1.945e+00  1.327e+00  
1.937e+00  1.375e+00  
1.928e+00  1.424e+00  
1.919e+00  1.474e+00  
1.909e+00  1.525e+00  
1.898e+00  1.577e+00  
1.887e+00  1.631e+00  
1.875e+00  1.685e+00  
1.863e+00  1.740e+00  
1.849e+00  1.796e+00  
1.835e+00  1.853e+00  
1.820e+00  1.912e+00  
1.804e+00  1.971e+00  
1.788e+00  2.030e+00  
1.770e+00  2.091e+00  
1.751e+00  2.153e+00  
1.732e+00  2.215e+00  
1.711e+00  2.278e+00  
1.689e+00  2.341e+00  
1.667e+00  2.405e+00  
1.643e+00  2.469e+00  
1.618e+00  2.534e+00  
1.592e+00  2.598e+00  
1.564e+00  2.663e+00  
1.536e+00  2.728e+00  
1.506e+00  2.792e+00  
1.475e+00  2.857e+00  
1.443e+00  2.920e+00  
1.410e+00  2.983e+00  
1.375e+00  3.046e+00  
1.340e+00  3.107e+00  
1.303e+00  3.167e+00  
1.266e+00  3.226e+00  
1.227e+00  3.284e+00  
1.187e+00  3.340e+00  
1.147e+00  3.395e+00  
1.106e+00  3.447e+00  
1.064e+00  3.498e+00  
1.021e+00  3.547e+00  
9.774e-01  3.594e+00  
9.335e-01  3.639e+00  
8.891e-01  3.681e+00  
8.444e-01  3.721e+00  
7.995e-01  3.759e+00  
7.543e-01  3.794e+00  
7.091e-01  3.827e+00  
6.638e-01  3.857e+00  
6.186e-01  3.885e+00  
5.736e-01  3.910e+00  
5.288e-01  3.934e+00  
4.843e-01  3.955e+00  
4.403e-01  3.973e+00  
3.966e-01  3.989e+00  
3.534e-01  4.004e+00  
3.108e-01  4.016e+00  
2.688e-01  4.026e+00  
2.274e-01  4.034e+00  
2.050e+00  5.038e-02  
1.897e-01  4.040e+00  
2.050e+00  5.966e-02  
2.050e+00  7.911e-02  
2.050e+00  9.890e-02  
2.050e+00  1.191e-01  
2.049e+00  1.397e-01  
2.049e+00  1.608e-01  
2.049e+00  1.823e-01  
2.049e+00  2.043e-01  
2.048e+00  2.267e-01  
2.048e+00  2.496e-01  
2.047e+00  2.731e-01  
2.046e+00  2.970e-01  
2.045e+00  3.215e-01  
2.044e+00  3.466e-01  
2.044e+00  3.721e-01  
2.042e+00  3.983e-01  
2.041e+00  4.250e-01  
2.040e+00  4.524e-01  
2.038e+00  4.804e-01  
2.037e+00  5.087e-01  
2.035e+00  5.383e-01  
2.033e+00  5.682e-01  
2.031e+00  5.987e-01  
2.029e+00  6.303e-01  
2.026e+00  6.624e-01  
2.024e+00  6.953e-01  
2.021e+00  7.286e-01  
2.018e+00  7.630e-01  
2.015e+00  7.984e-01  
2.011e+00  8.346e-01  
2.007e+00  8.714e-01  
2.003e+00  9.093e-01  
1.999e+00  9.478e-01  
1.994e+00  9.874e-01  
1.989e+00  1.028e+00  
1.984e+00  1.069e+00  
1.978e+00  1.112e+00  
1.972e+00  1.155e+00  
1.966e+00  1.199e+00  
1.959e+00  1.245e+00  
1.951e+00  1.291e+00  
1.943e+00  1.338e+00  
1.935e+00  1.387e+00  
1.926e+00  1.436e+00  
1.917e+00  1.487e+00  
1.906e+00  1.538e+00  
1.896e+00  1.591e+00  
1.884e+00  1.644e+00  
1.872e+00  1.699e+00  
1.859e+00  1.754e+00  
1.846e+00  1.811e+00  
1.831e+00  1.869e+00  
1.816e+00  1.927e+00  
1.800e+00  1.987e+00  
1.783e+00  2.047e+00  
1.765e+00  2.108e+00  
1.746e+00  2.170e+00  
1.726e+00  2.232e+00  
1.705e+00  2.295e+00  
1.683e+00  2.359e+00  
1.660e+00  2.423e+00  
1.636e+00  2.487e+00  
1.610e+00  2.552e+00  
1.584e+00  2.617e+00  
1.556e+00  2.682e+00  
1.527e+00  2.746e+00  
1.497e+00  2.811e+00  
1.466e+00  2.875e+00  
1.433e+00  2.939e+00  
1.400e+00  3.002e+00  
1.365e+00  3.064e+00  
1.329e+00  3.125e+00  
1.292e+00  3.185e+00  
1.254e+00  3.244e+00  
1.215e+00  3.302e+00  
1.175e+00  3.357e+00  
1.134e+00  3.411e+00  
1.092e+00  3.464e+00  
1.050e+00  3.514e+00  
1.007e+00  3.563e+00  
9.630e-01  3.609e+00  
9.187e-01  3.653e+00  
8.739e-01  3.695e+00  
8.290e-01  3.734e+00  
7.836e-01  3.771e+00  
7.384e-01  3.806e+00  
6.928e-01  3.838e+00  
6.472e-01  3.868e+00  
6.020e-01  3.895e+00  
5.564e-01  3.920e+00  
5.117e-01  3.942e+00  
4.671e-01  3.962e+00  
4.220e-01  3.980e+00  
3.788e-01  3.996e+00  
3.350e-01  4.009e+00  
2.930e-01  4.020e+00  
2.511e-01  4.030e+00  
2.096e-01  4.037e+00  
2.050e+00  5.038e-02  
1.739e-01  4.042e+00  
2.050e+00  5.973e-02  
2.050e+00  7.933e-02  
2.050e+00  9.932e-02  
2.050e+00  1.197e-01  
2.049e+00  1.405e-01  
2.049e+00  1.617e-01  
2.049e+00  1.834e-01  
2.048e+00  2.056e-01  
2.048e+00  2.282e-01  
2.047e+00  2.514e-01  
2.047e+00  2.750e-01  
2.046e+00  2.992e-01  
2.045e+00  3.239e-01  
2.044e+00  3.491e-01  
2.043e+00  3.749e-01  
2.042e+00  4.013e-01  
2.041e+00  4.283e-01  
2.040e+00  4.559e-01  
2.038e+00  4.841e-01  
2.037e+00  5.130e-01  
2.035e+00  5.425e-01  
2.033e+00  5.727e-01  
2.031e+00  6.036e-01  
2.028e+00  6.350e-01  
2.026e+00  6.677e-01  
2.023e+00  7.008e-01  
2.020e+00  7.347e-01  
2.017e+00  7.694e-01  
2.014e+00  8.049e-01  
2.010e+00  8.413e-01  
2.007e+00  8.784e-01  
2.003e+00  9.165e-01  
1.998e+00  9.554e-01  
1.993e+00  9.953e-01  
1.988e+00  1.036e+00  
1.983e+00  1.078e+00  
1.977e+00  1.120e+00  
1.971e+00  1.164e+00  
1.964e+00  1.209e+00  
1.957e+00  1.255e+00  
1.950e+00  1.301e+00  
1.942e+00  1.349e+00  
1.933e+00  1.398e+00  
1.924e+00  1.447e+00  
1.914e+00  1.498e+00  
1.904e+00  1.550e+00  
1.893e+00  1.603e+00  
1.882e+00  1.657e+00  
1.869e+00  1.712e+00  
1.856e+00  1.768e+00  
1.842e+00  1.825e+00  
1.828e+00  1.882e+00  
1.812e+00  1.941e+00  
1.796e+00  2.001e+00  
1.779e+00  2.061e+00  
1.761e+00  2.123e+00  
1.741e+00  2.185e+00  
1.721e+00  2.247e+00  
1.700e+00  2.311e+00  
1.678e+00  2.375e+00  
1.654e+00  2.439e+00  
1.630e+00  2.504e+00  
1.604e+00  2.568e+00  
1.577e+00  2.633e+00  
1.549e+00  2.698e+00  
1.520e+00  2.763e+00  
1.489e+00  2.828e+00  
1.457e+00  2.892e+00  
1.425e+00  2.955e+00  
1.391e+00  3.018e+00  
1.355e+00  3.080e+00  
1.319e+00  3.141e+00  
1.282e+00  3.201e+00  
1.243e+00  3.260e+00  
1.204e+00  3.317e+00  
1.164e+00  3.373e+00  
1.122e+00  3.426e+00  
1.080e+00  3.478e+00  
1.038e+00  3.528e+00  
9.941e-01  3.576e+00  
9.500e-01  3.622e+00  
9.055e-01  3.666e+00  
8.605e-01  3.707e+00  
8.152e-01  3.746e+00  
7.697e-01  3.782e+00  
7.241e-01  3.816e+00  
6.783e-01  3.847e+00  
6.327e-01  3.876e+00  
5.871e-01  3.903e+00  
5.417e-01  3.927e+00  
4.966e-01  3.949e+00  
4.518e-01  3.968e+00  
4.075e-01  3.986e+00  
3.636e-01  4.001e+00  
3.203e-01  4.013e+00  
2.775e-01  4.024e+00  
2.354e-01  4.033e+00  
1.940e-01  4.040e+00  
2.050e+00  5.038e-02  
1.734e-01  4.042e+00  
2.050e+00  5.984e-02  
2.050e+00  7.938e-02  
2.050e+00  9.938e-02  
2.050e+00  1.198e-01  
2.049e+00  1.406e-01  
2.049e+00  1.619e-01  
2.049e+00  1.836e-01  
2.048e+00  2.058e-01  
2.048e+00  2.285e-01  
2.047e+00  2.516e-01  
2.047e+00  2.753e-01  
2.046e+00  2.995e-01  
2.045e+00  3.242e-01  
2.044e+00  3.495e-01  
2.043e+00  3.753e-01  
2.042e+00  4.018e-01  
2.041e+00  4.288e-01  
2.040e+00  4.564e-01  
2.038e+00  4.847e-01  
2.037e+00  5.135e-01  
2.035e+00  5.427e-01  
2.033e+00  5.732e-01  
2.031e+00  6.042e-01  
2.028e+00  6.360e-01  
2.026e+00  6.684e-01  
2.023e+00  7.014e-01  
2.020e+00  7.354e-01  
2.017e+00  7.704e-01  
2.014e+00  8.057e-01  
2.010e+00  8.423e-01  
2.007e+00  8.796e-01  
2.002e+00  9.176e-01  
1.998e+00  9.567e-01  
1.993e+00  9.966e-01  
1.988e+00  1.037e+00  
1.983e+00  1.079e+00  
1.977e+00  1.122e+00  
1.971e+00  1.165e+00  
1.964e+00  1.210e+00  
1.957e+00  1.256e+00  
1.949e+00  1.303e+00  
1.941e+00  1.350e+00  
1.933e+00  1.399e+00  
1.924e+00  1.449e+00  
1.914e+00  1.500e+00  
1.904e+00  1.552e+00  
1.893e+00  1.605e+00  
1.881e+00  1.659e+00  
1.869e+00  1.714e+00  
1.856e+00  1.770e+00  
1.842e+00  1.827e+00  
1.827e+00  1.885e+00  
1.812e+00  1.943e+00  
1.795e+00  2.003e+00  
1.778e+00  2.064e+00  
1.760e+00  2.125e+00  
1.741e+00  2.187e+00  
1.720e+00  2.250e+00  
1.699e+00  2.313e+00  
1.677e+00  2.377e+00  
1.653e+00  2.441e+00  
1.629e+00  2.506e+00  
1.603e+00  2.571e+00  
1.576e+00  2.636e+00  
1.548e+00  2.701e+00  
1.518e+00  2.766e+00  
1.488e+00  2.830e+00  
1.456e+00  2.894e+00  
1.423e+00  2.958e+00  
1.389e+00  3.021e+00  
1.354e+00  3.083e+00  
1.318e+00  3.144e+00  
1.280e+00  3.204e+00  
1.242e+00  3.262e+00  
1.202e+00  3.319e+00  
1.162e+00  3.375e+00  
1.121e+00  3.429e+00  
1.078e+00  3.481e+00  
1.036e+00  3.531e+00  
9.921e-01  3.578e+00  
9.480e-01  3.624e+00  
9.034e-01  3.668e+00  
8.584e-01  3.709e+00  
8.131e-01  3.747e+00  
7.675e-01  3.784e+00  
7.218e-01  3.818e+00  
6.761e-01  3.849e+00  
6.304e-01  3.878e+00  
5.848e-01  3.904e+00  
5.394e-01  3.928e+00  
4.942e-01  3.950e+00  
4.494e-01  3.969e+00  
4.051e-01  3.986e+00  
3.612e-01  4.001e+00  
3.178e-01  4.014e+00  
2.751e-01  4.025e+00  
2.329e-01  4.033e+00  
1.915e-01  4.040e+00  
2.050e+00  5.038e-02  
1.734e-01  4.042e+00  
2.050e+00  5.984e-02  
2.050e+00  7.941e-02  
2.050e+00  9.939e-02  
2.050e+00  1.198e-01  
2.049e+00  1.406e-01  
2.049e+00  1.619e-01  
2.049e+00  1.836e-01  
2.048e+00  2.058e-01  
2.048e+00  2.285e-01  
2.047e+00  2.516e-01  
2.047e+00  2.753e-01  
2.046e+00  2.995e-01  
2.045e+00  3.242e-01  
2.044e+00  3.495e-01  
2.043e+00  3.753e-01  
2.042e+00  4.018e-01  
2.041e+00  4.288e-01  
2.040e+00  4.564e-01  
2.038e+00  4.847e-01  
2.037e+00  5.135e-01  
2.035e+00  5.427e-01  
2.033e+00  5.734e-01  
2.031e+00  6.043e-01  
2.028e+00  6.360e-01  
2.026e+00  6.684e-01  
2.023e+00  7.014e-01  
2.020e+00  7.355e-01  
2.017e+00  7.704e-01  
2.014e+00  8.058e-01  
2.010e+00  8.423e-01  
2.007e+00  8.796e-01  
2.002e+00  9.176e-01  
1.998e+00  9.567e-01  
1.993e+00  9.966e-01  
1.988e+00  1.037e+00  
1.983e+00  1.079e+00  
1.977e+00  1.122e+00  
1.971e+00  1.166e+00  
1.964e+00  1.210e+00  
1.957e+00  1.256e+00  
1.949e+00  1.303e+00  
1.941e+00  1.351e+00  
1.933e+00  1.399e+00  
1.924e+00  1.449e+00  
1.914e+00  1.500e+00  
1.904e+00  1.552e+00  
1.893e+00  1.605e+00  
1.881e+00  1.659e+00  
1.869e+00  1.714e+00  
1.856e+00  1.770e+00  
1.842e+00  1.827e+00  
1.827e+00  1.885e+00  
1.812e+00  1.943e+00  
1.795e+00  2.003e+00  
1.778e+00  2.064e+00  
1.760e+00  2.125e+00  
1.741e+00  2.187e+00  
1.720e+00  2.250e+00  
1.699e+00  2.313e+00  
1.677e+00  2.377e+00  
1.653e+00  2.441e+00  
1.629e+00  2.506e+00  
1.603e+00  2.571e+00  
1.576e+00  2.636e+00  
1.548e+00  2.701e+00  
1.518e+00  2.766e+00  
1.488e+00  2.830e+00  
1.456e+00  2.894e+00  
1.423e+00  2.958e+00  
1.389e+00  3.021e+00  
1.354e+00  3.083e+00  
1.318e+00  3.144e+00  
1.280e+00  3.204e+00  
1.242e+00  3.262e+00  
1.202e+00  3.319e+00  
1.162e+00  3.375e+00  
1.121e+00  3.429e+00  
1.078e+00  3.481e+00  
1.036e+00  3.531e+00  
9.921e-01  3.578e+00  
9.480e-01  3.624e+00  
9.034e-01  3.668e+00  
8.584e-01  3.709e+00  
8.131e-01  3.747e+00  
7.675e-01  3.784e+00  
7.218e-01  3.818e+00  
6.761e-01  3.849e+00  
6.304e-01  3.878e+00  
5.848e-01  3.904e+00  
5.394e-01  3.928e+00  
4.942e-01  3.950e+00  
4.494e-01  3.969e+00  
4.051e-01  3.986e+00  
3.612e-01  4.001e+00  
3.178e-01  4.014e+00  
2.751e-01  4.025e+00  
2.329e-01  4.033e+00  
1.915e-01  4.040e+00  
2.050e+00  5.038e-02  
1.734e-01  4.042e+00  
2.050e+00  5.984e-02  
2.050e+00  7.941e-02  
2.050e+00  9.939e-02  
2.050e+00  1.198e-01  
2.049e+00  1.406e-01  
2.049e+00  1.619e-01  
2.049e+00  1.836e-01  
2.048e+00  2.058e-01  
2.048e+00  2.285e-01  
2.047e+00  2.516e-01  
2.047e+00  2.753e-01  
2.046e+00  2.995e-01  
2.045e+00  3.242e-01  
2.044e+00  3.495e-01  
2.043e+00  3.753e-01  
2.042e+00  4.018e-01  
2.041e+00  4.288e-01  
2.040e+00  4.564e-01  
2.038e+00  4.847e-01  
2.037e+00  5.135e-01  
2.035e+00  5.431e-01  
2.033e+00  5.734e-01  
2.031e+00  6.043e-01  
2.028e+00  6.361e-01  
2.026e+00  6.685e-01  
2.023e+00  7.016e-01  
2.020e+00  7.356e-01  
2.017e+00  7.703e-01  
2.014e+00  8.058e-01  
2.010e+00  8.423e-01  
2.007e+00  8.796e-01  
2.002e+00  9.177e-01  
1.998e+00  9.567e-01  
1.993e+00  9.966e-01  
1.988e+00  1.037e+00  
1.983e+00  1.079e+00  
1.977e+00  1.122e+00  
1.971e+00  1.166e+00  
1.964e+00  1.210e+00  
1.957e+00  1.256e+00  
1.949e+00  1.303e+00  
1.941e+00  1.351e+00  
1.933e+00  1.399e+00  
1.924e+00  1.449e+00  
1.914e+00  1.500e+00  
1.904e+00  1.552e+00  
1.893e+00  1.605e+00  
1.881e+00  1.659e+00  
1.869e+00  1.714e+00  
1.856e+00  1.770e+00  
1.842e+00  1.827e+00  
1.827e+00  1.885e+00  
1.812e+00  1.943e+00  
1.795e+00  2.003e+00  
1.778e+00  2.064e+00  
1.760e+00  2.125e+00  
1.741e+00  2.187e+00  
1.720e+00  2.250e+00  
1.699e+00  2.313e+00  
1.677e+00  2.377e+00  
1.653e+00  2.441e+00  
1.629e+00  2.506e+00  
1.603e+00  2.571e+00  
1.576e+00  2.636e+00  
1.548e+00  2.701e+00  
1.518e+00  2.766e+00  
1.488e+00  2.830e+00  
1.456e+00  2.894e+00  
1.423e+00  2.958e+00  
1.389e+00  3.021e+00  
1.354e+00  3.083e+00  
1.318e+00  3.144e+00  
1.280e+00  3.204e+00  
1.242e+00  3.262e+00  
1.202e+00  3.319e+00  
1.162e+00  3.375e+00  
1.121e+00  3.429e+00  
1.078e+00  3.481e+00  
1.036e+00  3.531e+00  
9.921e-01  3.578e+00  
9.480e-01  3.624e+00  
9.034e-01  3.668e+00  
8.584e-01  3.709e+00  
8.131e-01  3.747e+00  
7.675e-01  3.784e+00  
7.218e-01  3.818e+00  
6.761e-01  3.849e+00  
6.304e-01  3.878e+00  
5.848e-01  3.904e+00  
5.394e-01  3.928e+00  
4.942e-01  3.950e+00  
4.494e-01  3.969e+00  
4.051e-01  3.986e+00  
3.612e-01  4.001e+00  
3.178e-01  4.014e+00  
2.751e-01  4.025e+00  
2.329e-01  4.033e+00  
1.915e-01  4.040e+00  
