1.061e+02  9.544e+01  1.603e+01  
5.240e+01  1.051e+01  2.219e+02  
7.707e+01  7.206e+01  2.553e+02  
3.761e+01  1.786e+02  5.710e+01  
8.692e+01  1.414e+01  1.301e+02  
3.673e+01  4.229e+00  2.508e+02  
2.504e+01  2.255e+02  5.682e+00  
1.282e+01  6.679e+01  3.272e+02  
7.367e+00  3.228e+00  2.571e+02  
3.771e+01  1.619e+02  1.228e+01  
2.046e+02  7.257e+01  6.280e+01  
1.430e+02  4.013e+01  2.195e+02  
3.495e+01  1.099e+01  1.199e+02  
1.327e+00  3.115e+00  3.783e+02  
3.770e+01  6.729e+01  7.815e+01  
1.554e+02  6.282e+01  1.506e+01  
1.136e+02  4.259e+00  1.531e+02  
2.276e+01  4.006e+01  2.846e+02  
3.394e+01  8.803e+00  2.447e+02  
9.824e-01  4.325e+01  1.324e+02  
4.862e+01  1.354e+01  2.112e+02  
7.806e+00  1.285e+02  1.533e+02  
1.745e+01  8.251e+00  2.930e+02  
2.325e+02  4.612e+01  1.663e+02  
2.056e+02  6.827e+00  1.470e+02  
8.905e+01  7.242e+01  1.641e+02  
5.249e+00  5.647e+00  3.738e+02  
1.541e+02  9.258e+01  1.425e+02  
4.888e+01  2.038e+01  1.500e+02  
1.085e+01  1.046e+02  1.571e+02  
1.054e+01  2.254e+01  9.705e+01  
1.312e+02  1.819e+02  1.267e+01  
3.277e+01  5.555e+01  8.733e+01  
6.860e+00  2.320e+02  7.948e+01  
1.217e+02  4.785e+01  5.119e+01  
5.309e+01  6.467e+01  2.298e+01  
1.352e+02  1.683e+02  2.873e+01  
1.286e+02  1.705e+02  3.576e+01  
8.731e+00  1.198e+02  9.255e+01  
1.083e+02  1.806e+02  6.251e+01  
1.593e+02  4.010e+01  8.729e+01  
6.622e+00  1.307e+01  3.035e+02  
2.694e+01  1.569e+01  1.469e+02  
1.746e+01  6.312e+01  8.536e+01  
5.249e+01  3.846e+01  1.270e+02  
5.509e+01  9.386e+01  9.110e+01  
3.020e+01  1.020e+02  1.476e+02  
1.823e+02  4.818e+00  1.469e+02  
7.253e+01  1.127e+02  5.152e+01  
1.841e+00  1.124e+02  2.172e+02  
1.898e+01  5.072e+00  2.369e+02  
4.829e+01  2.469e+02  4.112e+01  
4.791e+01  3.026e+01  1.596e+02  
2.043e+02  2.257e+01  6.302e+00  
3.433e+01  4.388e+01  1.802e+02  
4.046e+01  1.521e+01  1.711e+02  
4.384e+00  6.229e+00  3.657e+02  
2.318e-01  5.698e+00  1.893e+02  
1.397e+01  2.209e+02  3.943e+01  
1.295e+02  4.443e+01  6.548e+01  
7.808e+01  3.004e+01  1.907e+02  
9.607e+00  6.864e+00  8.565e+01  
5.238e+01  7.996e+01  1.032e+02  
1.925e+02  1.024e+02  1.431e+01  
7.283e+01  1.196e+02  2.904e+01  
3.204e+00  2.713e+01  9.824e+01  
3.086e+01  2.269e+01  1.185e+02  
5.134e+01  7.104e+01  1.640e+02  
9.519e+01  5.285e+01  1.670e+02  
3.989e+01  6.187e+00  3.315e+02  
3.377e+01  2.074e+02  1.241e+02  
7.076e+01  9.473e+01  7.490e+01  
1.238e+00  3.026e+02  2.660e+01  
6.724e+01  2.445e+01  4.547e+01  
5.497e+00  1.166e+02  9.193e+01  
5.432e+01  9.042e+01  1.583e+01  
3.415e+01  1.473e+02  9.772e+01  
3.853e+00  1.149e+02  2.271e+01  
6.859e+01  7.677e+01  2.530e+02  
7.193e+01  4.836e+01  5.107e+01  
4.846e+01  3.247e+01  2.335e+01  
2.587e+02  4.154e+01  6.322e+00  
1.198e+02  7.172e+01  9.871e+01  
4.661e+01  6.368e+01  6.925e+01  
1.175e+02  1.166e+01  7.959e-01  
8.153e+00  6.429e+01  1.726e+02  
2.184e+02  5.913e+01  4.210e+01  
2.060e+01  1.543e+02  1.681e+02  
3.020e+01  1.962e+02  1.771e+02  
5.612e+01  5.976e+01  9.415e+01  
1.883e+02  3.112e+01  1.648e+02  
8.181e+00  3.809e+00  1.961e+02  
4.518e+01  2.201e+01  1.302e+02  
1.977e+02  7.161e+00  3.644e+01  
1.862e-01  1.271e+01  2.669e+02  
3.663e+01  1.274e+02  1.529e+02  
2.003e+02  1.465e+02  1.447e+02  
2.321e+00  2.735e+00  8.543e+01  
1.194e+02  1.257e+02  3.555e+01  
3.791e+01  3.632e+01  1.241e+02  
4.999e-01  3.807e-05  4.619e-05  
3.196e-05  4.999e-01  4.036e-05  
4.815e-05  4.743e-05  4.999e-01  
4.649e-01  1.751e-02  1.763e-02  
4.378e-01  4.661e-02  1.555e-02  
4.198e-01  2.004e-02  6.016e-02  
4.050e-01  8.310e-02  1.187e-02  
3.923e-01  4.035e-02  6.732e-02  
3.809e-01  7.443e-02  4.465e-02  
3.712e-01  1.581e-02  1.131e-01  
3.610e-01  1.303e-01  8.681e-03  
3.521e-01  6.477e-02  8.312e-02  
3.436e-01  1.076e-01  4.888e-02  
3.356e-01  3.076e-02  1.337e-01  
3.280e-01  1.398e-01  3.217e-02  
3.205e-01  5.609e-02  1.234e-01  
3.135e-01  1.049e-01  8.156e-02  
3.067e-01  1.208e-02  1.813e-01  
3.001e-01  1.936e-01  6.245e-03  
2.938e-01  9.666e-02  1.096e-01  
2.878e-01  1.527e-01  5.953e-02  
2.817e-01  4.773e-02  1.706e-01  
2.759e-01  1.891e-01  3.503e-02  
2.699e-01  7.906e-02  1.510e-01  
2.647e-01  1.397e-01  9.562e-02  
2.597e-01  2.157e-02  2.187e-01  
2.539e-01  2.231e-01  2.300e-02  
2.487e-01  1.021e-01  1.492e-01  
2.435e-01  1.683e-01  8.819e-02  
2.389e-01  4.048e-02  2.207e-01  
2.338e-01  2.080e-01  5.824e-02  
2.290e-01  7.620e-02  1.948e-01  
2.245e-01  1.461e-01  1.294e-01  
2.197e-01  8.559e-03  2.717e-01  
2.152e-01  2.804e-01  4.358e-03  
2.107e-01  1.401e-01  1.492e-01  
2.062e-01  2.158e-01  7.804e-02  
2.018e-01  6.986e-02  2.283e-01  
1.976e-01  2.604e-01  4.206e-02  
1.934e-01  1.100e-01  1.966e-01  
1.896e-01  1.890e-01  1.214e-01  
1.850e-01  3.445e-02  2.805e-01  
1.809e-01  2.941e-01  2.493e-02  
1.769e-01  1.363e-01  1.868e-01  
1.730e-01  2.197e-01  1.073e-01  
1.691e-01  5.667e-02  2.742e-01  
1.652e-01  2.668e-01  6.802e-02  
1.612e-01  1.004e-01  2.383e-01  
1.574e-01  1.871e-01  1.555e-01  
1.538e-01  1.589e-02  3.303e-01  
1.501e-01  3.335e-01  1.640e-02  
1.464e-01  1.602e-01  1.934e-01  
1.429e-01  2.512e-01  1.060e-01  
1.392e-01  7.323e-02  2.876e-01  
1.357e-01  3.017e-01  6.262e-02  
1.322e-01  1.206e-01  2.472e-01  
1.287e-01  2.147e-01  1.567e-01  
1.254e-01  2.893e-02  3.457e-01  
1.218e-01  3.368e-01  4.137e-02  
1.181e-01  1.492e-01  2.327e-01  
1.150e-01  2.466e-01  1.383e-01  
1.113e-01  5.462e-02  3.341e-01  
1.084e-01  2.999e-01  9.176e-02  
1.052e-01  1.047e-01  2.901e-01  
1.014e-01  2.055e-01  1.931e-01  
9.865e-02  6.196e-03  3.952e-01  
9.542e-02  4.014e-01  3.143e-03  
9.217e-02  2.006e-01  2.072e-01  
8.912e-02  3.051e-01  1.058e-01  
8.600e-02  1.002e-01  3.138e-01  
8.284e-02  3.618e-01  5.535e-02  
7.992e-02  1.539e-01  2.662e-01  
7.666e-02  2.612e-01  1.621e-01  
7.370e-02  4.992e-02  3.764e-01  
7.072e-02  3.991e-01  3.016e-02  
6.715e-02  1.859e-01  2.470e-01  
6.447e-02  2.964e-01  1.392e-01  
6.113e-02  7.879e-02  3.601e-01  
5.891e-02  3.550e-01  8.611e-02  
5.600e-02  1.351e-01  3.089e-01  
5.288e-02  2.480e-01  1.991e-01  
4.978e-02  2.461e-02  4.256e-01  
4.734e-02  4.350e-01  1.768e-02  
4.428e-02  2.101e-01  2.456e-01  
4.169e-02  3.258e-01  1.325e-01  
3.904e-02  9.726e-02  3.637e-01  
3.594e-02  3.894e-01  7.476e-02  
3.290e-02  1.568e-01  3.103e-01  
3.056e-02  2.751e-01  1.944e-01  
2.775e-02  4.056e-02  4.317e-01  
2.511e-02  4.267e-01  4.821e-02  
2.120e-02  1.908e-01  2.880e-01  
1.971e-02  3.114e-01  1.689e-01  
1.701e-02  7.169e-02  4.113e-01  
1.437e-02  3.757e-01  1.100e-01  
1.150e-02  1.336e-01  3.549e-01  
8.199e-03  2.574e-01  2.344e-01  
6.368e-03  1.134e-02  4.823e-01  
3.876e-03  4.845e-01  1.163e-02  
1.237e-03  2.377e-01  2.611e-01  
4.999e-01  3.807e-05  4.619e-05  
4.665e-05  4.999e-01  4.036e-05  
4.815e-05  4.743e-05  4.999e-01  
4.649e-01  1.751e-02  1.763e-02  
4.378e-01  4.661e-02  1.555e-02  
4.198e-01  2.004e-02  6.016e-02  
4.050e-01  8.310e-02  1.187e-02  
3.923e-01  4.035e-02  6.730e-02  
3.809e-01  7.443e-02  4.465e-02  
3.712e-01  1.581e-02  1.131e-01  
3.610e-01  1.303e-01  8.690e-03  
3.521e-01  6.477e-02  8.312e-02  
3.436e-01  1.076e-01  4.888e-02  
3.356e-01  3.076e-02  1.337e-01  
3.280e-01  1.398e-01  3.217e-02  
3.205e-01  5.609e-02  1.234e-01  
3.135e-01  1.049e-01  8.159e-02  
3.067e-01  1.208e-02  1.813e-01  
3.001e-01  1.936e-01  6.245e-03  
2.938e-01  9.666e-02  1.096e-01  
2.878e-01  1.527e-01  5.953e-02  
2.817e-01  4.773e-02  1.706e-01  
2.759e-01  1.891e-01  3.503e-02  
2.699e-01  7.906e-02  1.510e-01  
2.647e-01  1.397e-01  9.562e-02  
2.592e-01  2.251e-02  2.183e-01  
2.539e-01  2.230e-01  2.307e-02  
2.487e-01  1.021e-01  1.492e-01  
2.435e-01  1.683e-01  8.818e-02  
2.388e-01  4.067e-02  2.206e-01  
2.338e-01  2.080e-01  5.824e-02  
2.290e-01  7.620e-02  1.948e-01  
2.243e-01  1.464e-01  1.293e-01  
2.197e-01  8.559e-03  2.717e-01  
2.152e-01  2.804e-01  4.358e-03  
2.107e-01  1.401e-01  1.492e-01  
2.062e-01  2.158e-01  7.804e-02  
2.018e-01  6.987e-02  2.283e-01  
1.976e-01  2.604e-01  4.206e-02  
1.933e-01  1.101e-01  1.966e-01  
1.887e-01  1.899e-01  1.213e-01  
1.850e-01  3.444e-02  2.806e-01  
1.809e-01  2.941e-01  2.493e-02  
1.769e-01  1.363e-01  1.868e-01  
1.730e-01  2.197e-01  1.073e-01  
1.691e-01  5.667e-02  2.742e-01  
1.652e-01  2.668e-01  6.802e-02  
1.612e-01  1.004e-01  2.383e-01  
1.574e-01  1.871e-01  1.555e-01  
1.538e-01  1.589e-02  3.303e-01  
1.501e-01  3.335e-01  1.640e-02  
1.464e-01  1.602e-01  1.934e-01  
1.429e-01  2.512e-01  1.060e-01  
1.392e-01  7.323e-02  2.876e-01  
1.357e-01  3.017e-01  6.262e-02  
1.322e-01  1.206e-01  2.472e-01  
1.287e-01  2.147e-01  1.567e-01  
1.254e-01  2.893e-02  3.457e-01  
1.218e-01  3.368e-01  4.137e-02  
1.181e-01  1.492e-01  2.327e-01  
1.150e-01  2.466e-01  1.384e-01  
1.114e-01  5.465e-02  3.339e-01  
1.084e-01  2.998e-01  9.177e-02  
1.052e-01  1.047e-01  2.901e-01  
1.014e-01  2.055e-01  1.931e-01  
9.866e-02  6.196e-03  3.951e-01  
9.545e-02  4.014e-01  3.156e-03  
9.217e-02  2.006e-01  2.072e-01  
8.910e-02  3.050e-01  1.059e-01  
8.601e-02  1.003e-01  3.137e-01  
8.284e-02  3.618e-01  5.535e-02  
7.992e-02  1.539e-01  2.662e-01  
7.666e-02  2.612e-01  1.621e-01  
7.370e-02  4.992e-02  3.764e-01  
7.072e-02  3.991e-01  3.018e-02  
6.715e-02  1.859e-01  2.470e-01  
6.447e-02  2.964e-01  1.392e-01  
6.188e-02  7.862e-02  3.595e-01  
5.891e-02  3.550e-01  8.611e-02  
5.600e-02  1.351e-01  3.089e-01  
5.288e-02  2.480e-01  1.991e-01  
5.020e-02  2.457e-02  4.252e-01  
4.734e-02  4.350e-01  1.768e-02  
4.428e-02  2.101e-01  2.456e-01  
4.169e-02  3.258e-01  1.325e-01  
3.857e-02  9.733e-02  3.641e-01  
3.523e-02  3.892e-01  7.553e-02  
3.290e-02  1.568e-01  3.103e-01  
3.056e-02  2.751e-01  1.944e-01  
2.775e-02  4.056e-02  4.317e-01  
2.511e-02  4.267e-01  4.822e-02  
2.207e-02  1.906e-01  2.874e-01  
1.971e-02  3.114e-01  1.689e-01  
1.701e-02  7.169e-02  4.113e-01  
1.438e-02  3.756e-01  1.100e-01  
1.150e-02  1.336e-01  3.549e-01  
8.199e-03  2.574e-01  2.344e-01  
6.368e-03  1.134e-02  4.823e-01  
3.876e-03  4.845e-01  1.163e-02  
1.237e-03  2.377e-01  2.611e-01  
4.999e-01  3.807e-05  4.619e-05  
4.665e-05  4.999e-01  4.036e-05  
4.942e-05  4.990e-05  4.999e-01  
4.648e-01  1.750e-02  1.768e-02  
4.378e-01  4.661e-02  1.555e-02  
4.198e-01  2.005e-02  6.016e-02  
4.050e-01  8.310e-02  1.187e-02  
3.923e-01  4.035e-02  6.730e-02  
3.809e-01  7.443e-02  4.465e-02  
3.712e-01  1.581e-02  1.131e-01  
3.610e-01  1.303e-01  8.690e-03  
3.521e-01  6.477e-02  8.312e-02  
3.436e-01  1.076e-01  4.888e-02  
3.356e-01  3.076e-02  1.337e-01  
3.280e-01  1.398e-01  3.217e-02  
3.205e-01  5.609e-02  1.234e-01  
3.135e-01  1.049e-01  8.161e-02  
3.067e-01  1.208e-02  1.813e-01  
3.001e-01  1.936e-01  6.245e-03  
2.938e-01  9.666e-02  1.096e-01  
2.878e-01  1.527e-01  5.953e-02  
2.817e-01  4.773e-02  1.706e-01  
2.759e-01  1.891e-01  3.503e-02  
2.699e-01  7.906e-02  1.510e-01  
2.647e-01  1.397e-01  9.562e-02  
2.592e-01  2.253e-02  2.183e-01  
2.539e-01  2.230e-01  2.307e-02  
2.487e-01  1.021e-01  1.492e-01  
2.435e-01  1.683e-01  8.818e-02  
2.388e-01  4.067e-02  2.206e-01  
2.338e-01  2.080e-01  5.824e-02  
2.290e-01  7.620e-02  1.948e-01  
2.243e-01  1.465e-01  1.292e-01  
2.197e-01  8.633e-03  2.717e-01  
2.152e-01  2.804e-01  4.358e-03  
2.107e-01  1.401e-01  1.492e-01  
2.062e-01  2.158e-01  7.805e-02  
2.018e-01  6.989e-02  2.283e-01  
1.976e-01  2.604e-01  4.206e-02  
1.933e-01  1.102e-01  1.965e-01  
1.891e-01  1.894e-01  1.214e-01  
1.850e-01  3.444e-02  2.806e-01  
1.809e-01  2.941e-01  2.493e-02  
1.769e-01  1.363e-01  1.868e-01  
1.730e-01  2.197e-01  1.073e-01  
1.691e-01  5.667e-02  2.742e-01  
1.652e-01  2.668e-01  6.799e-02  
1.612e-01  1.004e-01  2.383e-01  
1.574e-01  1.871e-01  1.555e-01  
1.538e-01  1.589e-02  3.303e-01  
1.501e-01  3.335e-01  1.640e-02  
1.464e-01  1.602e-01  1.934e-01  
1.429e-01  2.512e-01  1.060e-01  
1.392e-01  7.323e-02  2.876e-01  
1.357e-01  3.017e-01  6.262e-02  
1.322e-01  1.206e-01  2.472e-01  
1.287e-01  2.147e-01  1.567e-01  
1.254e-01  2.893e-02  3.457e-01  
1.218e-01  3.368e-01  4.137e-02  
1.181e-01  1.492e-01  2.327e-01  
1.150e-01  2.466e-01  1.384e-01  
1.116e-01  5.462e-02  3.338e-01  
1.084e-01  2.998e-01  9.177e-02  
1.052e-01  1.047e-01  2.901e-01  
1.014e-01  2.055e-01  1.931e-01  
9.866e-02  6.196e-03  3.951e-01  
9.545e-02  4.014e-01  3.156e-03  
9.217e-02  2.006e-01  2.072e-01  
8.910e-02  3.050e-01  1.059e-01  
8.601e-02  1.003e-01  3.137e-01  
8.284e-02  3.618e-01  5.535e-02  
7.992e-02  1.539e-01  2.662e-01  
7.666e-02  2.612e-01  1.621e-01  
7.370e-02  4.992e-02  3.764e-01  
7.072e-02  3.991e-01  3.018e-02  
6.715e-02  1.859e-01  2.470e-01  
6.447e-02  2.964e-01  1.392e-01  
6.154e-02  7.883e-02  3.596e-01  
5.891e-02  3.550e-01  8.611e-02  
5.600e-02  1.351e-01  3.089e-01  
5.288e-02  2.480e-01  1.991e-01  
5.020e-02  2.457e-02  4.252e-01  
4.734e-02  4.350e-01  1.768e-02  
4.428e-02  2.101e-01  2.456e-01  
4.169e-02  3.258e-01  1.325e-01  
3.857e-02  9.733e-02  3.641e-01  
3.515e-02  3.889e-01  7.593e-02  
3.290e-02  1.568e-01  3.103e-01  
3.056e-02  2.751e-01  1.944e-01  
2.776e-02  4.058e-02  4.317e-01  
2.511e-02  4.267e-01  4.823e-02  
2.207e-02  1.906e-01  2.874e-01  
1.971e-02  3.114e-01  1.689e-01  
1.701e-02  7.169e-02  4.113e-01  
1.438e-02  3.756e-01  1.100e-01  
1.150e-02  1.336e-01  3.549e-01  
8.199e-03  2.574e-01  2.344e-01  
6.368e-03  1.134e-02  4.823e-01  
3.876e-03  4.845e-01  1.163e-02  
1.237e-03  2.377e-01  2.611e-01  
4.999e-01  3.807e-05  4.619e-05  
4.715e-05  4.999e-01  4.036e-05  
4.942e-05  4.990e-05  4.999e-01  
4.648e-01  1.750e-02  1.768e-02  
4.378e-01  4.661e-02  1.555e-02  
4.198e-01  2.006e-02  6.019e-02  
4.050e-01  8.311e-02  1.187e-02  
3.923e-01  4.035e-02  6.730e-02  
3.809e-01  7.443e-02  4.465e-02  
3.712e-01  1.581e-02  1.131e-01  
3.610e-01  1.303e-01  8.690e-03  
3.521e-01  6.477e-02  8.312e-02  
3.436e-01  1.076e-01  4.888e-02  
3.356e-01  3.076e-02  1.337e-01  
3.280e-01  1.398e-01  3.217e-02  
3.205e-01  5.609e-02  1.234e-01  
3.135e-01  1.049e-01  8.161e-02  
3.067e-01  1.208e-02  1.813e-01  
3.001e-01  1.936e-01  6.245e-03  
2.938e-01  9.666e-02  1.096e-01  
2.878e-01  1.527e-01  5.953e-02  
2.817e-01  4.773e-02  1.706e-01  
2.759e-01  1.891e-01  3.503e-02  
2.703e-01  7.883e-02  1.509e-01  
2.647e-01  1.397e-01  9.562e-02  
2.592e-01  2.255e-02  2.183e-01  
2.539e-01  2.230e-01  2.307e-02  
2.487e-01  1.021e-01  1.492e-01  
2.435e-01  1.683e-01  8.818e-02  
2.388e-01  4.067e-02  2.206e-01  
2.338e-01  2.080e-01  5.824e-02  
2.290e-01  7.620e-02  1.948e-01  
2.243e-01  1.465e-01  1.293e-01  
2.197e-01  8.633e-03  2.717e-01  
2.152e-01  2.804e-01  4.358e-03  
2.107e-01  1.401e-01  1.492e-01  
2.062e-01  2.158e-01  7.805e-02  
2.018e-01  6.989e-02  2.283e-01  
1.976e-01  2.604e-01  4.206e-02  
1.933e-01  1.102e-01  1.965e-01  
1.891e-01  1.895e-01  1.214e-01  
1.850e-01  3.444e-02  2.806e-01  
1.809e-01  2.941e-01  2.493e-02  
1.769e-01  1.363e-01  1.868e-01  
1.730e-01  2.197e-01  1.073e-01  
1.691e-01  5.667e-02  2.742e-01  
1.652e-01  2.668e-01  6.799e-02  
1.612e-01  1.004e-01  2.383e-01  
1.574e-01  1.875e-01  1.551e-01  
1.538e-01  1.589e-02  3.303e-01  
1.501e-01  3.335e-01  1.640e-02  
1.464e-01  1.602e-01  1.934e-01  
1.429e-01  2.512e-01  1.060e-01  
1.392e-01  7.323e-02  2.876e-01  
1.357e-01  3.017e-01  6.262e-02  
1.322e-01  1.206e-01  2.472e-01  
1.287e-01  2.147e-01  1.567e-01  
1.252e-01  2.931e-02  3.455e-01  
1.218e-01  3.368e-01  4.137e-02  
1.184e-01  1.489e-01  2.327e-01  
1.150e-01  2.466e-01  1.384e-01  
1.116e-01  5.462e-02  3.338e-01  
1.084e-01  2.998e-01  9.177e-02  
1.052e-01  1.047e-01  2.901e-01  
1.014e-01  2.055e-01  1.931e-01  
9.866e-02  6.196e-03  3.951e-01  
9.545e-02  4.014e-01  3.156e-03  
9.217e-02  2.006e-01  2.072e-01  
8.910e-02  3.050e-01  1.059e-01  
8.601e-02  1.003e-01  3.137e-01  
8.284e-02  3.618e-01  5.535e-02  
7.992e-02  1.539e-01  2.662e-01  
7.666e-02  2.612e-01  1.621e-01  
7.370e-02  4.992e-02  3.764e-01  
7.072e-02  3.991e-01  3.018e-02  
6.715e-02  1.859e-01  2.470e-01  
6.476e-02  2.958e-01  1.394e-01  
6.154e-02  7.883e-02  3.596e-01  
5.891e-02  3.550e-01  8.611e-02  
5.600e-02  1.351e-01  3.089e-01  
5.288e-02  2.480e-01  1.991e-01  
5.020e-02  2.457e-02  4.252e-01  
4.734e-02  4.350e-01  1.768e-02  
4.428e-02  2.101e-01  2.456e-01  
4.169e-02  3.258e-01  1.325e-01  
3.857e-02  9.733e-02  3.641e-01  
3.515e-02  3.889e-01  7.593e-02  
3.290e-02  1.568e-01  3.103e-01  
3.056e-02  2.751e-01  1.944e-01  
2.776e-02  4.058e-02  4.317e-01  
2.511e-02  4.267e-01  4.823e-02  
2.223e-02  1.902e-01  2.876e-01  
1.971e-02  3.114e-01  1.689e-01  
1.701e-02  7.169e-02  4.113e-01  
1.438e-02  3.756e-01  1.100e-01  
1.150e-02  1.336e-01  3.549e-01  
8.199e-03  2.574e-01  2.344e-01  
6.368e-03  1.134e-02  4.823e-01  
3.876e-03  4.845e-01  1.163e-02  
1.237e-03  2.377e-01  2.611e-01  
4.999e-01  3.807e-05  4.619e-05  
4.715e-05  4.999e-01  4.036e-05  
4.942e-05  4.990e-05  4.999e-01  
4.647e-01  1.744e-02  1.790e-02  
4.378e-01  4.661e-02  1.555e-02  
4.198e-01  2.006e-02  6.019e-02  
4.050e-01  8.311e-02  1.187e-02  
3.923e-01  4.035e-02  6.730e-02  
3.809e-01  7.443e-02  4.465e-02  
3.712e-01  1.581e-02  1.131e-01  
3.610e-01  1.303e-01  8.690e-03  
3.521e-01  6.477e-02  8.312e-02  
3.436e-01  1.076e-01  4.888e-02  
3.356e-01  3.076e-02  1.337e-01  
3.280e-01  1.398e-01  3.217e-02  
3.205e-01  5.609e-02  1.234e-01  
3.135e-01  1.049e-01  8.161e-02  
3.067e-01  1.208e-02  1.813e-01  
3.001e-01  1.936e-01  6.245e-03  
2.938e-01  9.667e-02  1.096e-01  
2.878e-01  1.527e-01  5.953e-02  
2.817e-01  4.773e-02  1.706e-01  
2.759e-01  1.891e-01  3.503e-02  
2.703e-01  7.883e-02  1.509e-01  
2.647e-01  1.397e-01  9.562e-02  
2.592e-01  2.258e-02  2.182e-01  
2.539e-01  2.230e-01  2.307e-02  
2.487e-01  1.021e-01  1.492e-01  
2.435e-01  1.683e-01  8.818e-02  
2.388e-01  4.067e-02  2.206e-01  
2.338e-01  2.080e-01  5.824e-02  
2.290e-01  7.620e-02  1.948e-01  
2.243e-01  1.465e-01  1.293e-01  
2.197e-01  8.633e-03  2.717e-01  
2.152e-01  2.804e-01  4.358e-03  
2.107e-01  1.401e-01  1.492e-01  
2.062e-01  2.158e-01  7.805e-02  
2.018e-01  6.989e-02  2.283e-01  
1.976e-01  2.604e-01  4.206e-02  
1.933e-01  1.102e-01  1.965e-01  
1.891e-01  1.894e-01  1.214e-01  
1.850e-01  3.444e-02  2.806e-01  
1.809e-01  2.941e-01  2.492e-02  
1.769e-01  1.363e-01  1.868e-01  
1.730e-01  2.197e-01  1.073e-01  
1.691e-01  5.667e-02  2.742e-01  
1.652e-01  2.668e-01  6.801e-02  
1.612e-01  1.004e-01  2.383e-01  
1.574e-01  1.875e-01  1.551e-01  
1.538e-01  1.589e-02  3.303e-01  
1.501e-01  3.335e-01  1.640e-02  
1.464e-01  1.602e-01  1.934e-01  
1.428e-01  2.512e-01  1.060e-01  
1.392e-01  7.323e-02  2.876e-01  
1.357e-01  3.017e-01  6.262e-02  
1.322e-01  1.206e-01  2.472e-01  
1.287e-01  2.147e-01  1.567e-01  
1.252e-01  2.931e-02  3.455e-01  
1.218e-01  3.368e-01  4.137e-02  
1.184e-01  1.489e-01  2.327e-01  
1.150e-01  2.466e-01  1.384e-01  
1.116e-01  5.462e-02  3.338e-01  
1.084e-01  2.998e-01  9.177e-02  
1.052e-01  1.047e-01  2.901e-01  
1.014e-01  2.055e-01  1.931e-01  
9.866e-02  6.196e-03  3.951e-01  
9.545e-02  4.014e-01  3.156e-03  
9.217e-02  2.006e-01  2.072e-01  
8.914e-02  3.050e-01  1.059e-01  
8.601e-02  1.003e-01  3.137e-01  
8.284e-02  3.618e-01  5.535e-02  
7.992e-02  1.539e-01  2.662e-01  
7.666e-02  2.612e-01  1.621e-01  
7.370e-02  4.992e-02  3.764e-01  
7.072e-02  3.991e-01  3.018e-02  
6.715e-02  1.859e-01  2.470e-01  
6.476e-02  2.958e-01  1.394e-01  
6.154e-02  7.883e-02  3.596e-01  
5.891e-02  3.550e-01  8.611e-02  
5.600e-02  1.351e-01  3.089e-01  
5.288e-02  2.480e-01  1.991e-01  
5.020e-02  2.457e-02  4.252e-01  
4.734e-02  4.350e-01  1.768e-02  
4.428e-02  2.101e-01  2.456e-01  
4.169e-02  3.258e-01  1.325e-01  
3.857e-02  9.733e-02  3.641e-01  
3.558e-02  3.888e-01  7.557e-02  
3.290e-02  1.568e-01  3.103e-01  
3.056e-02  2.751e-01  1.944e-01  
2.776e-02  4.058e-02  4.317e-01  
2.511e-02  4.267e-01  4.823e-02  
2.223e-02  1.902e-01  2.876e-01  
1.971e-02  3.114e-01  1.689e-01  
1.701e-02  7.169e-02  4.113e-01  
1.438e-02  3.756e-01  1.100e-01  
1.150e-02  1.336e-01  3.549e-01  
8.199e-03  2.574e-01  2.344e-01  
6.368e-03  1.134e-02  4.823e-01  
3.876e-03  4.845e-01  1.163e-02  
1.237e-03  2.377e-01  2.611e-01  
4.999e-01  4.892e-05  4.619e-05  
4.715e-05  4.999e-01  4.768e-05  
4.942e-05  4.990e-05  4.999e-01  
4.647e-01  1.744e-02  1.790e-02  
4.378e-01  4.661e-02  1.555e-02  
4.197e-01  2.006e-02  6.019e-02  
4.050e-01  8.311e-02  1.187e-02  
3.923e-01  4.035e-02  6.730e-02  
3.809e-01  7.443e-02  4.465e-02  
3.711e-01  1.581e-02  1.130e-01  
3.610e-01  1.303e-01  8.687e-03  
3.521e-01  6.477e-02  8.312e-02  
3.436e-01  1.076e-01  4.888e-02  
3.355e-01  3.083e-02  1.337e-01  
3.280e-01  1.398e-01  3.217e-02  
3.205e-01  5.609e-02  1.234e-01  
3.135e-01  1.049e-01  8.161e-02  
3.067e-01  1.208e-02  1.813e-01  
3.001e-01  1.936e-01  6.245e-03  
2.938e-01  9.667e-02  1.096e-01  
2.878e-01  1.527e-01  5.953e-02  
2.817e-01  4.773e-02  1.706e-01  
2.759e-01  1.891e-01  3.503e-02  
2.703e-01  7.885e-02  1.509e-01  
2.647e-01  1.397e-01  9.562e-02  
2.592e-01  2.258e-02  2.182e-01  
2.539e-01  2.230e-01  2.307e-02  
2.487e-01  1.021e-01  1.492e-01  
2.435e-01  1.683e-01  8.818e-02  
2.388e-01  4.067e-02  2.206e-01  
2.338e-01  2.080e-01  5.824e-02  
2.290e-01  7.620e-02  1.948e-01  
2.243e-01  1.465e-01  1.293e-01  
2.197e-01  8.633e-03  2.717e-01  
2.152e-01  2.804e-01  4.358e-03  
2.107e-01  1.401e-01  1.492e-01  
2.062e-01  2.158e-01  7.805e-02  
2.018e-01  6.989e-02  2.283e-01  
1.973e-01  2.601e-01  4.257e-02  
1.933e-01  1.102e-01  1.965e-01  
1.891e-01  1.894e-01  1.214e-01  
1.850e-01  3.444e-02  2.806e-01  
1.809e-01  2.941e-01  2.492e-02  
1.769e-01  1.363e-01  1.868e-01  
1.730e-01  2.197e-01  1.073e-01  
1.691e-01  5.667e-02  2.742e-01  
1.652e-01  2.668e-01  6.801e-02  
1.612e-01  1.004e-01  2.383e-01  
1.574e-01  1.875e-01  1.551e-01  
1.539e-01  1.583e-02  3.302e-01  
1.501e-01  3.335e-01  1.640e-02  
1.464e-01  1.602e-01  1.934e-01  
1.428e-01  2.512e-01  1.060e-01  
1.392e-01  7.323e-02  2.876e-01  
1.357e-01  3.017e-01  6.262e-02  
1.322e-01  1.206e-01  2.472e-01  
1.287e-01  2.147e-01  1.567e-01  
1.252e-01  2.931e-02  3.455e-01  
1.218e-01  3.368e-01  4.137e-02  
1.184e-01  1.489e-01  2.327e-01  
1.150e-01  2.466e-01  1.384e-01  
1.116e-01  5.462e-02  3.338e-01  
1.084e-01  2.998e-01  9.178e-02  
1.052e-01  1.047e-01  2.901e-01  
1.014e-01  2.055e-01  1.931e-01  
9.866e-02  6.196e-03  3.951e-01  
9.545e-02  4.014e-01  3.156e-03  
9.217e-02  2.006e-01  2.072e-01  
8.914e-02  3.050e-01  1.059e-01  
8.601e-02  1.003e-01  3.137e-01  
8.284e-02  3.618e-01  5.535e-02  
7.992e-02  1.539e-01  2.662e-01  
7.666e-02  2.612e-01  1.621e-01  
7.370e-02  4.992e-02  3.764e-01  
7.072e-02  3.991e-01  3.018e-02  
6.714e-02  1.859e-01  2.470e-01  
6.476e-02  2.958e-01  1.394e-01  
6.177e-02  7.847e-02  3.598e-01  
5.872e-02  3.552e-01  8.611e-02  
5.600e-02  1.351e-01  3.089e-01  
5.288e-02  2.480e-01  1.991e-01  
5.020e-02  2.457e-02  4.252e-01  
4.734e-02  4.350e-01  1.768e-02  
4.450e-02  2.099e-01  2.456e-01  
4.169e-02  3.258e-01  1.325e-01  
3.857e-02  9.733e-02  3.641e-01  
3.558e-02  3.888e-01  7.557e-02  
3.290e-02  1.568e-01  3.103e-01  
3.056e-02  2.751e-01  1.944e-01  
2.776e-02  4.058e-02  4.317e-01  
2.511e-02  4.267e-01  4.823e-02  
2.223e-02  1.902e-01  2.876e-01  
1.971e-02  3.114e-01  1.689e-01  
1.701e-02  7.169e-02  4.113e-01  
1.438e-02  3.756e-01  1.100e-01  
1.150e-02  1.336e-01  3.549e-01  
8.199e-03  2.574e-01  2.344e-01  
6.368e-03  1.134e-02  4.823e-01  
3.876e-03  4.845e-01  1.163e-02  
1.237e-03  2.377e-01  2.611e-01  
4.999e-01  4.947e-05  4.619e-05  
4.889e-05  4.999e-01  4.768e-05  
4.942e-05  4.990e-05  4.999e-01  
4.642e-01  1.793e-02  1.790e-02  
4.378e-01  4.661e-02  1.555e-02  
4.197e-01  2.006e-02  6.020e-02  
4.050e-01  8.311e-02  1.187e-02  
3.923e-01  4.035e-02  6.730e-02  
3.810e-01  7.436e-02  4.465e-02  
3.706e-01  1.615e-02  1.132e-01  
3.610e-01  1.303e-01  8.687e-03  
3.520e-01  6.476e-02  8.321e-02  
3.435e-01  1.076e-01  4.890e-02  
3.355e-01  3.084e-02  1.337e-01  
3.279e-01  1.399e-01  3.217e-02  
3.205e-01  5.609e-02  1.234e-01  
3.135e-01  1.049e-01  8.161e-02  
3.067e-01  1.208e-02  1.813e-01  
3.001e-01  1.936e-01  6.245e-03  
2.938e-01  9.667e-02  1.096e-01  
2.876e-01  1.527e-01  5.970e-02  
2.817e-01  4.773e-02  1.706e-01  
2.759e-01  1.891e-01  3.503e-02  
2.701e-01  7.902e-02  1.509e-01  
2.647e-01  1.397e-01  9.562e-02  
2.592e-01  2.258e-02  2.182e-01  
2.539e-01  2.230e-01  2.307e-02  
2.487e-01  1.021e-01  1.492e-01  
2.435e-01  1.683e-01  8.818e-02  
2.387e-01  4.071e-02  2.206e-01  
2.338e-01  2.080e-01  5.824e-02  
2.290e-01  7.620e-02  1.948e-01  
2.243e-01  1.465e-01  1.293e-01  
2.197e-01  8.633e-03  2.717e-01  
2.150e-01  2.805e-01  4.447e-03  
2.106e-01  1.402e-01  1.492e-01  
2.062e-01  2.158e-01  7.805e-02  
2.018e-01  6.989e-02  2.283e-01  
1.975e-01  2.599e-01  4.255e-02  
1.933e-01  1.102e-01  1.965e-01  
1.891e-01  1.894e-01  1.214e-01  
1.850e-01  3.444e-02  2.806e-01  
1.809e-01  2.941e-01  2.492e-02  
1.769e-01  1.363e-01  1.868e-01  
1.730e-01  2.197e-01  1.073e-01  
1.691e-01  5.667e-02  2.742e-01  
1.652e-01  2.668e-01  6.801e-02  
1.614e-01  1.005e-01  2.381e-01  
1.576e-01  1.872e-01  1.552e-01  
1.537e-01  1.609e-02  3.302e-01  
1.501e-01  3.335e-01  1.640e-02  
1.464e-01  1.602e-01  1.934e-01  
1.428e-01  2.512e-01  1.060e-01  
1.392e-01  7.328e-02  2.875e-01  
1.357e-01  3.017e-01  6.262e-02  
1.322e-01  1.206e-01  2.472e-01  
1.287e-01  2.147e-01  1.567e-01  
1.253e-01  2.928e-02  3.455e-01  
1.218e-01  3.368e-01  4.137e-02  
1.184e-01  1.489e-01  2.326e-01  
1.150e-01  2.466e-01  1.384e-01  
1.117e-01  5.449e-02  3.338e-01  
1.084e-01  2.998e-01  9.178e-02  
1.052e-01  1.047e-01  2.901e-01  
1.014e-01  2.055e-01  1.931e-01  
9.866e-02  6.196e-03  3.951e-01  
9.545e-02  4.014e-01  3.157e-03  
9.224e-02  2.007e-01  2.070e-01  
8.914e-02  3.050e-01  1.059e-01  
8.601e-02  1.003e-01  3.137e-01  
8.290e-02  3.617e-01  5.538e-02  
7.992e-02  1.539e-01  2.662e-01  
7.667e-02  2.612e-01  1.621e-01  
7.370e-02  4.992e-02  3.764e-01  
7.072e-02  3.991e-01  3.018e-02  
6.716e-02  1.860e-01  2.469e-01  
6.476e-02  2.958e-01  1.394e-01  
6.183e-02  7.855e-02  3.596e-01  
5.886e-02  3.550e-01  8.611e-02  
5.585e-02  1.353e-01  3.089e-01  
5.306e-02  2.479e-01  1.990e-01  
5.020e-02  2.457e-02  4.252e-01  
4.734e-02  4.350e-01  1.768e-02  
4.449e-02  2.099e-01  2.456e-01  
4.169e-02  3.258e-01  1.325e-01  
3.857e-02  9.733e-02  3.641e-01  
3.610e-02  3.878e-01  7.610e-02  
3.324e-02  1.568e-01  3.100e-01  
3.056e-02  2.751e-01  1.944e-01  
2.776e-02  4.058e-02  4.317e-01  
2.511e-02  4.267e-01  4.823e-02  
2.225e-02  1.903e-01  2.874e-01  
1.971e-02  3.114e-01  1.689e-01  
1.701e-02  7.169e-02  4.113e-01  
1.438e-02  3.756e-01  1.100e-01  
1.150e-02  1.336e-01  3.549e-01  
9.102e-03  2.570e-01  2.339e-01  
6.485e-03  1.155e-02  4.820e-01  
3.876e-03  4.845e-01  1.163e-02  
1.237e-03  2.377e-01  2.611e-01  
4.999e-01  4.947e-05  4.619e-05  
4.889e-05  4.999e-01  4.768e-05  
4.942e-05  4.990e-05  4.999e-01  
4.641e-01  1.792e-02  1.793e-02  
4.378e-01  4.661e-02  1.555e-02  
4.197e-01  2.006e-02  6.020e-02  
4.050e-01  8.311e-02  1.187e-02  
3.923e-01  4.035e-02  6.730e-02  
3.810e-01  7.440e-02  4.465e-02  
3.706e-01  1.615e-02  1.133e-01  
3.610e-01  1.303e-01  8.687e-03  
3.520e-01  6.475e-02  8.326e-02  
3.435e-01  1.076e-01  4.890e-02  
3.355e-01  3.084e-02  1.337e-01  
3.279e-01  1.398e-01  3.228e-02  
3.205e-01  5.609e-02  1.234e-01  
3.135e-01  1.049e-01  8.161e-02  
3.067e-01  1.208e-02  1.812e-01  
3.001e-01  1.936e-01  6.245e-03  
2.938e-01  9.667e-02  1.096e-01  
2.876e-01  1.526e-01  5.973e-02  
2.816e-01  4.776e-02  1.706e-01  
2.759e-01  1.891e-01  3.503e-02  
2.701e-01  7.902e-02  1.509e-01  
2.646e-01  1.397e-01  9.563e-02  
2.592e-01  2.258e-02  2.182e-01  
2.539e-01  2.230e-01  2.307e-02  
2.487e-01  1.021e-01  1.492e-01  
2.436e-01  1.683e-01  8.812e-02  
2.386e-01  4.084e-02  2.206e-01  
2.338e-01  2.080e-01  5.824e-02  
2.290e-01  7.620e-02  1.948e-01  
2.243e-01  1.465e-01  1.293e-01  
2.197e-01  8.633e-03  2.717e-01  
2.151e-01  2.805e-01  4.447e-03  
2.106e-01  1.402e-01  1.492e-01  
2.062e-01  2.158e-01  7.805e-02  
2.018e-01  6.989e-02  2.283e-01  
1.975e-01  2.599e-01  4.253e-02  
1.933e-01  1.102e-01  1.965e-01  
1.891e-01  1.894e-01  1.214e-01  
1.850e-01  3.444e-02  2.806e-01  
1.809e-01  2.941e-01  2.492e-02  
1.769e-01  1.363e-01  1.868e-01  
1.730e-01  2.197e-01  1.073e-01  
1.691e-01  5.667e-02  2.742e-01  
1.652e-01  2.668e-01  6.801e-02  
1.613e-01  1.005e-01  2.381e-01  
1.576e-01  1.872e-01  1.552e-01  
1.538e-01  1.617e-02  3.301e-01  
1.501e-01  3.335e-01  1.640e-02  
1.464e-01  1.602e-01  1.934e-01  
1.428e-01  2.512e-01  1.060e-01  
1.392e-01  7.328e-02  2.875e-01  
1.357e-01  3.017e-01  6.262e-02  
1.322e-01  1.206e-01  2.472e-01  
1.287e-01  2.147e-01  1.567e-01  
1.252e-01  2.927e-02  3.455e-01  
1.218e-01  3.368e-01  4.137e-02  
1.184e-01  1.489e-01  2.326e-01  
1.150e-01  2.466e-01  1.384e-01  
1.117e-01  5.449e-02  3.338e-01  
1.084e-01  2.998e-01  9.178e-02  
1.052e-01  1.047e-01  2.901e-01  
1.014e-01  2.055e-01  1.931e-01  
9.866e-02  6.196e-03  3.951e-01  
9.545e-02  4.014e-01  3.157e-03  
9.223e-02  2.007e-01  2.071e-01  
8.912e-02  3.050e-01  1.059e-01  
8.601e-02  1.003e-01  3.137e-01  
8.290e-02  3.617e-01  5.538e-02  
7.968e-02  1.542e-01  2.661e-01  
7.667e-02  2.612e-01  1.621e-01  
7.370e-02  4.992e-02  3.764e-01  
7.072e-02  3.991e-01  3.018e-02  
6.716e-02  1.860e-01  2.469e-01  
6.476e-02  2.958e-01  1.394e-01  
6.183e-02  7.855e-02  3.596e-01  
5.887e-02  3.550e-01  8.615e-02  
5.587e-02  1.353e-01  3.088e-01  
5.307e-02  2.479e-01  1.990e-01  
5.020e-02  2.457e-02  4.252e-01  
4.734e-02  4.350e-01  1.768e-02  
4.450e-02  2.100e-01  2.455e-01  
4.169e-02  3.258e-01  1.325e-01  
3.857e-02  9.733e-02  3.641e-01  
3.610e-02  3.878e-01  7.611e-02  
3.325e-02  1.568e-01  3.100e-01  
3.056e-02  2.751e-01  1.944e-01  
2.776e-02  4.058e-02  4.317e-01  
2.511e-02  4.267e-01  4.823e-02  
2.225e-02  1.903e-01  2.874e-01  
1.971e-02  3.114e-01  1.689e-01  
1.701e-02  7.169e-02  4.113e-01  
1.438e-02  3.756e-01  1.100e-01  
1.150e-02  1.336e-01  3.549e-01  
9.102e-03  2.570e-01  2.339e-01  
6.485e-03  1.155e-02  4.820e-01  
3.879e-03  4.845e-01  1.163e-02  
1.237e-03  2.377e-01  2.611e-01  
4.999e-01  4.947e-05  4.619e-05  
4.889e-05  4.999e-01  4.984e-05  
4.942e-05  4.990e-05  4.999e-01  
4.641e-01  1.792e-02  1.793e-02  
4.378e-01  4.661e-02  1.555e-02  
4.197e-01  2.006e-02  6.020e-02  
4.050e-01  8.311e-02  1.187e-02  
3.923e-01  4.036e-02  6.730e-02  
3.810e-01  7.440e-02  4.465e-02  
3.706e-01  1.617e-02  1.133e-01  
3.610e-01  1.303e-01  8.687e-03  
3.520e-01  6.475e-02  8.326e-02  
3.435e-01  1.076e-01  4.890e-02  
3.355e-01  3.084e-02  1.337e-01  
3.279e-01  1.399e-01  3.228e-02  
3.205e-01  5.609e-02  1.234e-01  
3.135e-01  1.049e-01  8.161e-02  
3.067e-01  1.208e-02  1.812e-01  
3.001e-01  1.936e-01  6.245e-03  
2.938e-01  9.667e-02  1.096e-01  
2.876e-01  1.526e-01  5.973e-02  
2.816e-01  4.776e-02  1.706e-01  
2.759e-01  1.891e-01  3.503e-02  
2.701e-01  7.902e-02  1.509e-01  
2.646e-01  1.398e-01  9.563e-02  
2.592e-01  2.258e-02  2.182e-01  
2.539e-01  2.230e-01  2.307e-02  
2.487e-01  1.021e-01  1.492e-01  
2.437e-01  1.682e-01  8.812e-02  
2.387e-01  4.077e-02  2.205e-01  
2.338e-01  2.080e-01  5.824e-02  
2.290e-01  7.620e-02  1.948e-01  
2.243e-01  1.465e-01  1.293e-01  
2.197e-01  8.633e-03  2.717e-01  
2.151e-01  2.805e-01  4.448e-03  
2.106e-01  1.402e-01  1.492e-01  
2.062e-01  2.158e-01  7.805e-02  
2.018e-01  6.989e-02  2.283e-01  
1.975e-01  2.599e-01  4.253e-02  
1.933e-01  1.102e-01  1.965e-01  
1.891e-01  1.894e-01  1.214e-01  
1.850e-01  3.444e-02  2.806e-01  
1.809e-01  2.941e-01  2.492e-02  
1.769e-01  1.363e-01  1.868e-01  
1.730e-01  2.197e-01  1.073e-01  
1.691e-01  5.667e-02  2.742e-01  
1.652e-01  2.668e-01  6.801e-02  
1.613e-01  1.005e-01  2.381e-01  
1.576e-01  1.872e-01  1.552e-01  
1.538e-01  1.618e-02  3.300e-01  
1.501e-01  3.335e-01  1.640e-02  
1.464e-01  1.602e-01  1.934e-01  
1.428e-01  2.511e-01  1.060e-01  
1.392e-01  7.328e-02  2.875e-01  
1.357e-01  3.017e-01  6.262e-02  
1.322e-01  1.206e-01  2.472e-01  
1.287e-01  2.147e-01  1.567e-01  
1.252e-01  2.927e-02  3.455e-01  
1.218e-01  3.368e-01  4.137e-02  
1.184e-01  1.489e-01  2.326e-01  
1.150e-01  2.466e-01  1.384e-01  
1.117e-01  5.449e-02  3.338e-01  
1.084e-01  2.998e-01  9.178e-02  
1.052e-01  1.047e-01  2.901e-01  
1.018e-01  2.053e-01  1.929e-01  
9.866e-02  6.196e-03  3.951e-01  
9.545e-02  4.014e-01  3.157e-03  
9.229e-02  2.007e-01  2.071e-01  
8.912e-02  3.050e-01  1.059e-01  
8.601e-02  1.003e-01  3.137e-01  
8.290e-02  3.617e-01  5.538e-02  
7.983e-02  1.543e-01  2.659e-01  
7.667e-02  2.612e-01  1.621e-01  
7.373e-02  4.994e-02  3.763e-01  
7.072e-02  3.991e-01  3.018e-02  
6.752e-02  1.858e-01  2.466e-01  
6.476e-02  2.958e-01  1.394e-01  
6.183e-02  7.855e-02  3.596e-01  
5.887e-02  3.550e-01  8.615e-02  
5.588e-02  1.353e-01  3.088e-01  
5.307e-02  2.479e-01  1.990e-01  
5.020e-02  2.457e-02  4.252e-01  
4.734e-02  4.350e-01  1.768e-02  
4.450e-02  2.100e-01  2.455e-01  
4.169e-02  3.258e-01  1.325e-01  
3.857e-02  9.733e-02  3.641e-01  
3.610e-02  3.878e-01  7.611e-02  
3.325e-02  1.568e-01  3.100e-01  
3.056e-02  2.751e-01  1.944e-01  
2.776e-02  4.058e-02  4.317e-01  
2.511e-02  4.267e-01  4.823e-02  
2.241e-02  1.903e-01  2.873e-01  
1.971e-02  3.114e-01  1.689e-01  
1.701e-02  7.169e-02  4.113e-01  
1.438e-02  3.756e-01  1.100e-01  
1.150e-02  1.336e-01  3.549e-01  
9.102e-03  2.570e-01  2.339e-01  
6.485e-03  1.155e-02  4.820e-01  
3.879e-03  4.845e-01  1.163e-02  
1.237e-03  2.377e-01  2.611e-01  
4.999e-01  4.704e-05  4.984e-05  
4.889e-05  4.999e-01  4.984e-05  
4.942e-05  4.990e-05  4.999e-01  
4.641e-01  1.792e-02  1.793e-02  
4.378e-01  4.661e-02  1.555e-02  
4.197e-01  2.006e-02  6.020e-02  
4.050e-01  8.311e-02  1.187e-02  
3.923e-01  4.038e-02  6.730e-02  
3.810e-01  7.440e-02  4.465e-02  
3.706e-01  1.617e-02  1.133e-01  
3.610e-01  1.303e-01  8.687e-03  
3.520e-01  6.475e-02  8.326e-02  
3.435e-01  1.076e-01  4.890e-02  
3.355e-01  3.084e-02  1.337e-01  
3.278e-01  1.399e-01  3.228e-02  
3.205e-01  5.609e-02  1.234e-01  
3.135e-01  1.049e-01  8.161e-02  
3.067e-01  1.208e-02  1.812e-01  
3.001e-01  1.936e-01  6.245e-03  
2.938e-01  9.667e-02  1.096e-01  
2.876e-01  1.526e-01  5.973e-02  
2.816e-01  4.776e-02  1.706e-01  
2.759e-01  1.891e-01  3.503e-02  
2.701e-01  7.901e-02  1.509e-01  
2.646e-01  1.398e-01  9.563e-02  
2.592e-01  2.258e-02  2.182e-01  
2.539e-01  2.230e-01  2.307e-02  
2.487e-01  1.021e-01  1.492e-01  
2.437e-01  1.682e-01  8.812e-02  
2.387e-01  4.082e-02  2.205e-01  
2.338e-01  2.080e-01  5.824e-02  
2.290e-01  7.621e-02  1.948e-01  
2.243e-01  1.465e-01  1.293e-01  
2.196e-01  8.754e-03  2.716e-01  
2.151e-01  2.805e-01  4.448e-03  
2.106e-01  1.402e-01  1.492e-01  
2.062e-01  2.158e-01  7.805e-02  
2.018e-01  6.989e-02  2.283e-01  
1.975e-01  2.599e-01  4.253e-02  
1.933e-01  1.102e-01  1.965e-01  
1.891e-01  1.894e-01  1.214e-01  
1.850e-01  3.444e-02  2.806e-01  
1.809e-01  2.941e-01  2.492e-02  
1.769e-01  1.363e-01  1.868e-01  
1.730e-01  2.197e-01  1.073e-01  
1.691e-01  5.667e-02  2.742e-01  
1.652e-01  2.668e-01  6.801e-02  
1.613e-01  1.005e-01  2.381e-01  
1.575e-01  1.873e-01  1.552e-01  
1.538e-01  1.618e-02  3.300e-01  
1.501e-01  3.335e-01  1.640e-02  
1.464e-01  1.602e-01  1.933e-01  
1.428e-01  2.511e-01  1.060e-01  
1.392e-01  7.328e-02  2.875e-01  
1.357e-01  3.017e-01  6.262e-02  
1.322e-01  1.207e-01  2.472e-01  
1.287e-01  2.147e-01  1.567e-01  
1.252e-01  2.927e-02  3.455e-01  
1.218e-01  3.368e-01  4.137e-02  
1.184e-01  1.489e-01  2.326e-01  
1.150e-01  2.466e-01  1.384e-01  
1.117e-01  5.449e-02  3.338e-01  
1.084e-01  2.998e-01  9.178e-02  
1.052e-01  1.047e-01  2.901e-01  
1.019e-01  2.053e-01  1.929e-01  
9.866e-02  6.196e-03  3.951e-01  
9.545e-02  4.014e-01  3.161e-03  
9.227e-02  2.007e-01  2.071e-01  
8.913e-02  3.050e-01  1.059e-01  
8.601e-02  1.003e-01  3.137e-01  
8.290e-02  3.617e-01  5.538e-02  
7.983e-02  1.543e-01  2.659e-01  
7.670e-02  2.613e-01  1.620e-01  
7.373e-02  4.994e-02  3.763e-01  
7.072e-02  3.991e-01  3.018e-02  
6.773e-02  1.857e-01  2.465e-01  
6.476e-02  2.958e-01  1.394e-01  
6.183e-02  7.856e-02  3.596e-01  
5.887e-02  3.550e-01  8.615e-02  
5.588e-02  1.353e-01  3.088e-01  
5.307e-02  2.479e-01  1.990e-01  
5.020e-02  2.457e-02  4.252e-01  
4.734e-02  4.350e-01  1.768e-02  
4.450e-02  2.100e-01  2.455e-01  
4.169e-02  3.258e-01  1.325e-01  
3.857e-02  9.733e-02  3.641e-01  
3.610e-02  3.878e-01  7.611e-02  
3.325e-02  1.568e-01  3.100e-01  
3.057e-02  2.751e-01  1.944e-01  
2.776e-02  4.058e-02  4.317e-01  
2.511e-02  4.267e-01  4.823e-02  
2.241e-02  1.903e-01  2.873e-01  
1.971e-02  3.114e-01  1.689e-01  
1.701e-02  7.169e-02  4.113e-01  
1.438e-02  3.756e-01  1.100e-01  
1.150e-02  1.336e-01  3.549e-01  
9.102e-03  2.570e-01  2.339e-01  
6.485e-03  1.155e-02  4.820e-01  
3.880e-03  4.845e-01  1.163e-02  
1.237e-03  2.377e-01  2.611e-01  
