6.22943 4.9743 6.22943  4.9743  
7.39752 6.07632 7.39752  6.07632  
6.40864 4.43581 6.40864  4.43581  
6.49135 4.96051 6.49135  4.96051  
6.04296 4.70507 6.04296  4.70507  
7.56309 4.39216 7.56309  4.39216  
7.14004 5.36807 7.14004  5.36807  
6.1519 5.23141 6.1519  5.23141  
8.30491 6.24357 8.30491  6.24357  
6.4689 5.84024 6.4689  5.84024  
7.205 5.42558 7.205  5.42558  
5.9799 4.69675 5.9799  4.69675  
7.36564 5.44985 7.36564  5.44985  
7.25152 6.54317 7.25152  6.54317  
6.42254 5.55939 6.42254  5.55939  
7.43909 6.27863 7.43909  6.27863  
6.1526 7.037 6.1526  7.037  
6.73664 5.57266 6.73664  5.57266  
7.41414 5.90585 7.41414  5.90585  
7.69401 6.27523 7.69401  6.27523  
7.06418 5.09199 7.06418  5.09199  
6.35024 5.62957 6.35024  5.62957  
8.75189 5.44617 8.75189  5.44617  
5.83112 4.81814 5.83112  4.81814  
7.196 5.22817 7.196  5.22817  
8.51186 5.06997 8.51186  5.06997  
5.34591 5.08493 5.34591  5.08493  
6.23192 4.75636 6.23192  4.75636  
7.02246 7.05375 7.02246  7.05375  
6.90491 5.05621 6.90491  5.05621  
5.7114 5.29852 5.7114  5.29852  
6.30682 4.36449 6.30682  4.36449  
7.82829 5.87133 7.82829  5.87133  
8.62624 4.81762 8.62624  4.81762  
6.36838 4.08615 6.36838  4.08615  
6.53739 4.60176 6.53739  4.60176  
5.88462 4.86889 5.88462  4.86889  
6.83701 5.76104 6.83701  5.76104  
7.17367 5.06408 7.17367  5.06408  
6.20952 4.2845 6.20952  4.2845  
7.26319 5.61775 7.26319  5.61775  
6.43263 5.93513 6.43263  5.93513  
7.89554 5.44093 7.89554  5.44093  
5.84725 5.4144 5.84725  5.4144  
7.30664 4.73128 7.30664  4.73128  
7.65488 4.49765 7.65488  4.49765  
6.42805 5.55694 6.42805  5.55694  
6.09361 5.68445 6.09361  5.68445  
6.93903 6.224 6.93903  6.224  
6.81955 5.53218 6.81955  5.53218  
8.42783 6.2735 8.42783  6.2735  
6.65647 5.88011 6.65647  5.88011  
8.39119 5.48352 8.39119  5.48352  
6.60641 4.89623 6.60641  4.89623  
6.85598 4.4409 6.85598  4.4409  
8.9107 5.06961 8.9107  5.06961  
5.78904 4.71587 5.78904  4.71587  
6.45764 6.15279 6.45764  6.15279  
6.96999 4.12604 6.96999  4.12604  
5.77833 5.41442 5.77833  5.41442  
6.63379 5.08698 6.63379  5.08698  
6.12161 6.18559 6.12161  6.18559  
5.95622 6.2108 5.95622  6.2108  
5.8806 6.23459 5.8806  6.23459  
7.1094 6.32527 7.1094  6.32527  
7.17598 6.19628 7.17598  6.19628  
5.5685 5.1515 5.5685  5.1515  
7.09288 5.38064 7.09288  5.38064  
6.85281 5.01646 6.85281  5.01646  
7.70126 5.50034 7.70126  5.50034  
5.7751 7.23666 5.7751  7.23666  
7.24174 5.68651 7.24174  5.68651  
7.58099 5.4511 7.58099  5.4511  
7.40285 4.46216 7.40285  4.46216  
7.91486 7.78966 7.91486  7.78966  
7.48383 4.14857 7.48383  4.14857  
7.46705 4.19553 7.46705  4.19553  
7.51132 7.01948 7.51132  7.01948  
7.4001 6.38599 7.4001  6.38599  
5.89653 5.09937 5.89653  5.09937  
7.17093 4.40787 7.17093  4.40787  
6.42404 3.78944 6.42404  3.78944  
5.49812 6.37633 5.49812  6.37633  
6.35079 5.76662 6.35079  5.76662  
6.6446 4.82353 6.6446  4.82353  
7.45187 6.59239 7.45187  6.59239  
6.98454 5.094 6.98454  5.094  
7.62212 5.42563 7.62212  5.42563  
7.83618 6.55265 7.83618  6.55265  
6.73558 5.02474 6.73558  5.02474  
7.95244 4.74769 7.95244  4.74769  
6.62298 5.91263 6.62298  5.91263  
7.19341 4.30226 7.19341  4.30226  
7.21047 5.83035 7.21047  5.83035  
6.636 6.30366 6.636  6.30366  
7.25202 4.2987 7.25202  4.2987  
8.02368 5.34259 8.02368  5.34259  
6.34177 4.70072 6.34177  4.70072  
7.74784 5.39288 7.74784  5.39288  
5.98472 5.50448 5.98472  5.50448  
3.21649 2.79939 6.03557  5.29758  
3.73573 2.47996 5.33027  5.95326  
3.70523 2.49219 6.55564  3.72917  
2.80047 3.44569 6.10421  3.89619  
3.45179 2.79938 5.74647  4.02969  
3.21181 2.97555 6.92563  3.22766  
3.79197 2.44763 6.63217  4.35644  
3.21232 2.80163 6.45035  5.57171  
3.69795 2.67038 6.82145  4.99576  
3.21198 2.80389 6.94784  4.75382  
3.68632 2.68185 6.55705  4.69583  
3.21181 3.03576 6.6444  4.60214  
3.71927 2.48445 6.25356  2.86223  
3.77839 2.45656 6.79524  4.39462  
3.77377 2.4645 7.3362  4.37544  
3.21388 2.80121 6.77756  3.06574  
3.75999 2.4659 6.86753  4.35792  
3.70785 2.49081 7.22355  4.32214  
3.7897 2.45107 7.24599  4.20851  
3.73118 2.48136 6.28472  3.19249  
3.70402 2.49823 7.46642  4.00679  
2.80003 3.62497 7.96371  3.87261  
3.6762 2.69081 5.70562  3.21202  
3.66538 2.69355 6.3276  3.36123  
3.21198 2.8081 7.10268  3.85917  
3.21181 3.00163 6.70772  3.74188  
3.78465 2.4534 5.41781  3.30665  
3.69475 2.67729 5.90762  3.55698  
3.68784 2.68038 5.44957  3.40678  
3.74443 2.47454 5.8895  3.65038  
3.79999 2.4457 7.08678  4.08117  
6.02183 5.26905 5.99668  3.80454  
5.73847 4.31005 6.02664  3.87324  
3.72131 2.65804 5.87254  3.89412  
3.79507 2.62061 5.905  3.98552  
3.73364 2.65433 6.38346  4.12213  
3.76598 2.63861 6.01733  4.16242  
3.66054 2.69461 5.52203  4.0157  
3.76881 2.63518 5.08657  3.80198  
3.68433 2.68763 5.70581  4.22478  
5.71814 5.29917 5.36828  4.11413  
3.64399 2.70917 5.41389  4.75365  
3.6849 2.68595 4.87637  3.91624  
5.83132 4.73746 4.92049  3.98885  
3.7926 2.62244 5.54244  4.41389  
2.80661 3.61518 4.94971  4.15426  
3.22528 2.97307 5.05051  4.43206  
6.32092 6.00273 3.21235  2.80389  
3.47123 3.1174 4.80349  4.22544  
3.75513 2.93398 4.62544  4.1629  
3.93603 2.83543 5.38746  4.96196  
3.46005 3.12707 5.00365  4.69573  
3.68225 2.97666 5.00466  4.81017  
3.98721 2.80803 5.11395  4.86627  
6.48158 4.09754 4.88755  4.95134  
3.4873 3.10448 4.59083  4.57605  
3.74751 2.93878 4.84734  5.02621  
3.97517 2.81412 4.81269  5.06015  
3.74084 2.94303 4.77836  5.14146  
3.73537 2.94511 4.73019  5.23888  
3.94729 2.83025 5.00317  5.12031  
3.7342 2.94543 4.65595  5.37128  
3.71806 2.97058 4.65918  5.42986  
3.66427 2.98632 4.51088  5.33827  
3.98165 2.81034 4.15038  4.82493  
3.95211 2.82686 4.44351  5.49097  
3.60553 3.02846 4.86064  6.30524  
3.59507 3.03328 4.83399  6.73202  
3.66389 2.987 4.22531  5.45439  
3.57462 3.04678 4.26938  5.75304  
3.67057 2.98631 4.75954  6.73671  
3.61268 3.0193 5.0482  5.24302  
3.92109 2.84279 5.08223  5.83711  
3.61361 3.01927 5.09308  5.6321  
3.89835 2.85443 5.09964  6.22752  
3.96236 2.82097 5.13012  6.44458  
3.46091 3.12704 5.18962  6.0175  
3.93384 2.83649 5.20039  6.16723  
3.91931 2.84373 5.20901  6.67024  
3.48677 3.10477 5.21467  5.55696  
3.90413 2.85099 5.2626  6.51084  
3.49828 3.09671 5.27333  5.5676  
3.50864 3.09663 5.27953  5.07654  
3.47148 3.11648 5.3461  6.05259  
3.41666 3.24701 5.4492  5.44358  
3.95675 2.82507 5.45031  4.89733  
3.96775 2.81879 5.46901  4.86135  
3.44083 3.13956 5.48551  4.90231  
3.42335 3.15395 5.54814  4.78744  
3.43961 3.14173 5.68504  6.02364  
3.44217 3.13891 5.73968  4.83768  
3.42654 3.14959 5.8441  5.75353  
3.94741 2.82976 6.01877  5.68638  
3.90398 2.85179 6.15044  5.97234  
3.4277 3.14945 5.01579  6.4332  
3.9869 2.8094 5.29318  4.48195  
3.42298 3.15417 4.45328  5.90348  
6.39992 5.47833 5.09872  5.46798  
7.74784 5.39288 5.41769  4.51718  
5.98472 5.50448 6.64919  3.07574  
3.18191 2.77961 5.76498  4.00973  
3.79797 2.24103 5.31365  3.12406  
3.20898 2.59925 5.54586  3.93048  
2.79842 3.24095 5.20493  3.84641  
3.7707 2.25594 5.77778  3.72004  
2.79759 3.41466 5.7005  3.71538  
3.78285 2.24877 5.42418  3.627  
3.79082 2.24497 5.03097  3.58768  
3.6392 2.32652 6.39919  3.58313  
3.72125 2.28062 6.41559  3.52102  
3.66202 2.31162 5.16121  3.50658  
3.78667 2.24694 5.84662  3.50498  
3.67504 2.30491 5.59791  3.48871  
3.75303 2.26428 5.65137  3.4061  
3.77596 2.25235 5.16072  3.36778  
3.69814 2.29253 5.95214  3.33517  
3.74478 2.26807 6.22647  3.30234  
3.74415 2.2697 6.60358  3.23998  
3.7179 2.28225 6.27555  3.16826  
3.79457 2.24298 6.4235  3.12167  
3.7071 2.28891 6.43289  3.09212  
3.63938 2.32406 5.76405  2.96068  
3.72953 2.27668 5.4432  2.94759  
3.77254 2.25404 5.91626  3.16936  
3.21747 2.59923 5.80145  3.12768  
3.68239 2.30055 5.80182  3.17666  
3.67028 2.30893 5.73196  3.18416  
3.63089 2.51063 5.38173  3.15171  
3.78003 2.25014 5.82728  3.32746  
3.7409 2.27204 5.21368  3.15385  
3.76658 2.25714 5.11076  3.18689  
3.69105 2.29766 5.20997  3.27506  
3.73148 2.27514 5.07597  3.25012  
3.67464 2.30618 5.01225  3.27375  
3.69492 2.29591 4.59552  3.13178  
3.73883 2.27265 4.43527  3.06777  
3.21123 2.59924 5.10302  3.30483  
3.71565 2.28462 5.02702  3.50997  
3.76049 2.26067 4.86485  3.51446  
3.74922 2.26579 4.79698  3.45676  
3.59556 2.56765 4.05231  3.05296  
3.72441 2.27894 4.38504  3.31109  
3.71211 2.2868 4.73134  3.54752  
3.75966 2.26083 4.79098  3.56126  
5.31365 3.12406 4.80634  3.7898  
3.76231 2.26085 4.64665  3.71753  
3.20798 2.60425 4.53785  3.68898  
3.4135 2.59924 3.21064  2.59924  
6.77368 3.31903 4.32405  3.61825  
3.75155 2.44405 4.34003  3.73905  
3.69624 2.47447 4.2433  3.65929  
5.46799 3.36545 4.49347  3.92145  
3.71027 2.46619 4.47568  4.03057  
4.15566 5.74522 4.56305  3.84535  
6.48158 4.09754 4.05067  3.68857  
3.4873 3.10448 4.31224  4.06246  
3.74751 2.93878 4.48272  4.40057  
3.97517 2.81412 4.26988  4.15768  
3.74084 2.94303 4.10472  4.0353  
3.73537 2.94511 4.47376  4.53701  
3.94729 2.83025 4.1591  4.25613  
3.7342 2.94543 4.15055  4.37537  
3.71806 2.97058 4.08782  4.35222  
3.66427 2.98632 4.05827  4.36467  
3.98165 2.81034 3.96457  4.31815  
3.95211 2.82686 4.01061  4.48557  
3.60553 3.02846 4.02663  4.55578  
3.59507 3.03328 4.01124  4.66206  
3.66389 2.987 4.04537  5.01489  
3.57462 3.04678 3.85258  4.57401  
3.67057 2.98631 3.76724  4.51067  
3.61268 3.0193 4.00185  5.05618  
3.92109 2.84279 3.91721  5.08527  
3.61361 3.01927 4.12143  4.96613  
3.89835 2.85443 4.17746  5.35468  
3.96236 2.82097 4.19303  4.8909  
3.46091 3.12704 4.19789  5.70383  
3.93384 2.83649 4.20092  5.30247  
3.91931 2.84373 4.20592  5.09474  
3.48677 3.10477 4.28457  4.93468  
3.90413 2.85099 4.46543  6.13203  
3.49828 3.09671 4.48283  4.64405  
3.50864 3.09663 4.48985  4.898  
3.47148 3.11648 4.50451  4.7574  
3.41666 3.24701 4.51001  4.77169  
3.95675 2.82507 4.51429  5.28221  
3.96775 2.81879 4.51782  4.41636  
3.44083 3.13956 4.56287  5.64433  
3.42335 3.15395 4.57308  4.31112  
3.43961 3.14173 4.61452  5.45936  
3.44217 3.13891 4.64903  4.74597  
3.42654 3.14959 4.683  4.69029  
3.94741 2.82976 4.76145  3.8549  
3.90398 2.85179 4.76226  4.13176  
3.4277 3.14945 4.80648  5.56923  
3.9869 2.8094 4.88843  4.97405  
3.42298 3.15417 4.90355  5.06047  
6.39992 5.47833 4.9111  4.26176  
7.74784 5.39288 4.94209  4.75037  
5.98472 5.50448 5.36037  4.18949  
2.95386 2.28524 4.34726  3.623  
3.39492 1.99966 4.25198  4.00001  
2.90442 2.28762 4.98933  3.44508  
2.7251 2.34467 4.19615  1.99872  
3.23873 2.03948 3.39893  1.99894  
2.52332 3.23736 4.20868  2.03076  
3.16389 2.07757 5.57445  3.32743  
2.89371 2.31486 4.54865  2.10035  
3.1116 2.22408 4.30666  2.09259  
2.89672 2.31222 5.10578  2.11664  
2.61317 3.23322 4.57399  2.16498  
3.14086 2.21174 5.15065  2.20286  
3.13997 2.21194 4.71175  2.24503  
2.51172 3.24189 5.11223  2.2968  
2.40588 4.00724 5.17595  2.33113  
2.72103 2.54361 4.25449  2.26609  
2.73126 2.34457 5.20792  2.27889  
3.39893 1.99702 4.95759  2.45235  
2.71811 2.73212 5.65498  2.48397  
3.09598 2.23308 5.33325  2.6115  
3.11946 2.21858 5.13492  2.59235  
3.38043 2.00743 5.26759  3.21442  
3.06632 2.23467 3.89012  2.36925  
3.06553 2.23585 3.8401  2.37468  
3.40009 1.99636 5.10622  2.70972  
4.10841 1.97382 5.11601  2.74109  
2.6575 3.23302 3.56948  2.36084  
3.113 2.22253 3.73006  2.42314  
3.05202 2.25008 3.74503  2.4289  
3.12042 2.21844 4.63096  2.85235  
2.89367 2.31649 3.97114  2.61307  
3.03187 2.25515 5.02764  3.17433  
2.51145 3.5747 4.95579  3.12849  
2.88249 2.32563 4.4212  3.0529  
3.06551 2.23836 4.19809  2.84829  
4.02689 2.97997 4.25199  2.9291  
3.03743 2.25425 4.37206  2.99566  
2.72262 2.73759 4.37769  2.98472  
3.26605 2.07653 4.02689  2.97997  
3.00937 2.26664 3.86883  2.8858  
2.89608 2.3133 3.92491  2.94505  
2.7254 2.39623 3.91961  2.99657  
3.30412 2.05732 4.4522  3.1864  
3.40006 1.99661 3.89196  3.09399  
2.88008 2.32688 3.40978  2.73521  
2.81826 5.61866 3.69614  3.01798  
2.88654 2.32069 3.89035  3.14743  
2.7626 2.40786 3.40463  2.84238  
3.60064 1.996 3.89591  3.17814  
2.79366 2.36081 3.39977  2.90735  
3.00473 2.26763 3.30084  2.85235  
4.08657 1.98434 3.31548  2.90055  
3.30115 2.05865 3.61163  3.39014  
2.78956 2.36323 3.31697  2.97889  
3.20782 2.1182 2.72613  2.34467  
3.37078 2.03854 3.38104  3.13378  
3.0047 2.2686 3.5733  3.41469  
4.55274 3.83143 3.64551  3.65404  
3.25065 2.10185 3.60425  3.64472  
3.37512 2.03555 3.76959  3.80965  
2.92232 2.30683 3.72243  3.95018  
2.79264 2.5344 3.28122  3.30948  
3.59797 2.01269 3.51355  3.75988  
2.7933 2.37814 3.63214  4.03374  
3.34047 2.05374 3.56835  4.03029  
6.02806 3.26452 3.70337  4.22326  
2.90926 2.33935 3.17609  3.46269  
3.36722 2.06296 3.50735  4.4257  
3.3793 2.05683 3.00769  3.26116  
4.7709 3.01528 3.27382  4.02438  
3.67057 2.98631 3.11005  3.76143  
3.61268 3.0193 2.88846  3.15423  
3.92109 2.84279 2.8788  3.20228  
3.61361 3.01927 2.86171  3.21321  
3.89835 2.85443 3.3734  4.55269  
3.96236 2.82097 3.3045  4.8405  
3.46091 3.12704 3.10842  4.71338  
3.93384 2.83649 2.91152  3.87366  
3.91931 2.84373 2.76177  3.26726  
3.48677 3.10477 2.88598  3.78987  
3.90413 2.85099 2.9076  4.0358  
3.49828 3.09671 3.16981  5.39631  
3.50864 3.09663 3.30054  5.82416  
3.47148 3.11648 3.35472  5.51304  
3.41666 3.24701 3.58695  4.72587  
3.95675 2.82507 3.59706  5.0193  
3.96775 2.81879 3.78149  4.12095  
3.44083 3.13956 3.82332  4.72432  
3.42335 3.15395 2.71065  4.31118  
3.43961 3.14173 3.82493  4.32466  
3.44217 3.13891 3.85885  4.61257  
3.42654 3.14959 3.89256  4.91412  
3.94741 2.82976 3.89439  4.5032  
3.90398 2.85179 3.90299  4.69625  
3.4277 3.14945 3.93037  3.77803  
3.9869 2.8094 3.97831  4.6285  
3.42298 3.15417 4.025  3.59813  
6.39992 5.47833 4.06501  3.65739  
7.74784 5.39288 4.1274  3.94929  
5.98472 5.50448 4.19632  4.24722  
0.420767 0.455473 3.02171  0.210363  
0.10474 1.76545 0.420767  2.6472  
0.435323 0.436215 1.10087  0.00758496  
0.420767 0.574607 1.48477  0.0101469  
1.01272 0.0484143 1.48862  0.0068108  
0.447694 0.416613 1.46903  0.0406724  
0.420767 0.936525 1.48759  0.0398479  
1.09089 0.0125918 1.61542  0.0052047  
1.09993 0.00806729 1.78833  0.0190321  
0.667914 0.399915 1.79959  0.140817  
0.420767 1.25903 1.88011  0.150047  
1.08731 0.0408522 1.48978  0.148847  
0.435323 0.436471 1.90073  0.14696  
1.10232 0.00469099 1.9059  0.151147  
0.420767 1.52219 1.8998  0.264278  
0.420767 0.855332 2.01489  0.215432  
1.10227 0.00619533 1.88499  0.411883  
0.458132 0.406529 1.73942  0.409597  
0.999805 0.191363 1.87977  0.351063  
0.447695 0.415783 1.48891  0.404891  
0.420767 1.29719 1.70239  0.40489  
0.420767 0.726778 1.70476  0.398491  
3.02171 0.210363 1.60997  0.396267  
1.10122 0.0070691 1.49955  0.400122  
0.993476 0.199141 1.48434  0.411883  
0.872804 0.406802 1.48759  0.427253  
0.630533 0.50148 1.48759  0.442293  
0.617125 0.511222 1.08801  0.351128  
1.08857 0.145151 1.09456  0.368312  
2.67239 0.102737 1.23739  0.436215  
0.420767 0.865637 1.09659  0.396273  
2.23044 0.00838029 1.08809  0.426129  
0.453719 0.546556 1.09639  0.422102  
0.484163 0.521714 1.10227  0.425161  
0.420792 0.574301 1.10087  0.496525  
1.09456 0.0954856 1.21581  0.54438  
0.420767 0.869293 1.26624  0.545891  
4.12666 0.203434 1.24179  0.643979  
0.470476 0.532133 0.83597  0.436153  
0.493179 0.514184 0.836746  0.436471  
1.05717 0.162156 0.852525  0.476748  
0.465005 0.537803 0.867356  0.466292  
1.01011 0.185708 1.24995  0.673894  
1.08252 0.14822 1.10229  0.819257  
1.02394 0.18135 1.09654  0.81762  
1.70741 0.00256204 0.820157  0.574788  
0.977359 0.204071 1.05026  0.811262  
0.434105 0.565651 0.876224  0.821705  
0.484727 0.521004 0.855334  0.81881  
2.28549 0.351953 0.872804  0.817166  
1.10226 0.016169 0.896467  0.778048  
1.04651 0.167422 0.876224  0.811485  
0.420767 1.07345 0.862719  0.813708  
1.05215 0.163793 0.843937  0.8156  
0.467884 0.534306 0.817677  0.833934  
1.00191 0.190565 0.447695  0.415783  
0.993688 0.194403 0.818639  0.859539  
0.435323 0.561727 0.81864  0.92856  
1.09456 0.0966731 0.81864  0.835203  
1.10226 0.0135639 0.815166  1.00534  
1.70756 0.00305911 0.815393  1.04575  
2.5989 0.144572 0.797606  1.08521  
3.59797 2.01269 0.813886  1.09282  
2.7933 2.37814 0.818639  1.18105  
3.34047 2.05374 0.817003  1.21313  
6.02806 3.26452 0.818639  1.27488  
2.90926 2.33935 0.620851  1.37572  
3.36722 2.06296 0.647978  1.28108  
3.3793 2.05683 0.594969  1.25869  
4.7709 3.01528 0.458131  0.817166  
3.67057 2.98631 0.447695  0.811473  
3.61268 3.0193 0.594833  1.24094  
3.92109 2.84279 0.420768  0.835203  
3.61361 3.01927 0.420767  0.855243  
3.89835 2.85443 0.420785  0.901658  
3.96236 2.82097 0.420768  1.25745  
3.46091 3.12704 0.420767  1.00291  
3.93384 2.83649 0.467873  1.21442  
3.91931 2.84373 0.447693  1.22067  
3.48677 3.10477 0.420768  1.23391  
3.90413 2.85099 0.420767  1.25086  
3.49828 3.09671 0.420767  1.31249  
3.50864 3.09663 0.420767  1.37887  
3.47148 3.11648 0.420767  1.47542  
3.41666 3.24701 0.420767  1.66482  
3.95675 2.82507 0.420767  1.77492  
3.96775 2.81879 0.420767  1.91109  
3.44083 3.13956 0.420767  2.02651  
3.42335 3.15395 0.420767  2.16737  
3.43961 3.14173 0.420767  2.47062  
3.44217 3.13891 0.420767  2.64738  
3.42654 3.14959 0.420767  3.21025  
3.94741 2.82976 0.420767  3.5527  
3.90398 2.85179 0.420767  3.10149  
3.4277 3.14945 0.420767  4.1489  
3.9869 2.8094 0.420767  4.26581  
3.42298 3.15417 0.420767  4.08522  
6.39992 5.47833 0.420767  3.49476  
7.74784 5.39288 0.420767  2.91079  
5.98472 5.50448 0.420767  3.33677  
0.707259 0.175956 1.02583  0.00141101  
0.384253 0.402789 0.025966  1.00135  
0.765782 0.141296 1.01594  0.0063932  
0.409314 0.382183 0.996316  0.0162967  
0.939957 0.0454125 0.977055  0.0261737  
0.626319 0.351102 0.958417  0.0356965  
0.345645 0.435942 0.940915  0.0448356  
0.811197 0.115297 0.924621  0.0535165  
0.925971 0.0526665 0.907356  0.0626257  
0.430711 0.365136 0.896824  0.0681721  
0.879287 0.0775799 0.896824  0.0681721  
0.757336 0.146156 0.896824  0.0681721  
0.987232 0.0209582 0.83293  0.103033  
0.994791 0.0170723 0.8283  0.105689  
0.266074 0.511323 0.8283  0.105689  
0.248024 0.530108 0.8283  0.105689  
0.388056 0.399644 0.8283  0.105689  
0.685734 0.189094 0.8283  0.105689  
0.717073 0.170014 0.8283  0.105689  
0.325505 0.454181 0.8283  0.105689  
0.370424 0.414426 0.8283  0.105689  
0.919793 0.0559492 0.8283  0.105689  
0.352703 0.429835 0.8283  0.105689  
0.713108 0.172412 0.8283  0.105689  
0.788078 0.128378 0.8283  0.105689  
0.676873 0.194592 0.8283  0.105689  
0.36659 0.417715 0.8283  0.105689  
0.025966 1.00133 0.8283  0.105689  
0.271485 0.505833 0.8283  0.105689  
0.77295 0.137095 0.828146  0.305894  
0.314397 0.464273 0.798307  0.32255  
0.445597 0.353542 0.793579  0.325536  
0.303304 0.474703 0.770051  0.338747  
0.783694 0.130866 0.761193  0.343895  
0.857549 0.0895267 0.650586  0.351677  
1.0024 0.0131977 0.650586  0.351677  
0.779347 0.133452 0.650586  0.351677  
0.415931 0.376925 0.645677  0.353542  
0.332475 0.447699 0.633184  0.36326  
0.435742 0.361194 0.632953  0.365136  
1.01025 0.00926317 0.597927  0.392442  
0.841416 0.098451 0.597927  0.392442  
0.943548 0.0435103 0.567631  0.396782  
0.902525 0.0652321 0.565929  0.396886  
0.850963 0.0930624 0.565929  0.396886  
0.896824 0.0681721 0.54384  0.415953  
0.411451 0.380534 0.368634  0.415979  
0.360602 0.422938 0.368634  0.415979  
0.336028 0.444523 0.368634  0.415979  
0.957916 0.0359587 0.368634  0.415979  
0.289858 0.487627 0.368634  0.415979  
0.397982 0.3914 0.368634  0.415979  
0.979837 0.0247565 0.368634  0.415979  
0.732596 0.160746 0.368634  0.415979  
0.281169 0.496155 0.368634  0.415979  
0.293061 0.48452 0.368634  0.415979  
0.965043 0.0323126 0.368634  0.415979  
0.375982 0.40972 0.368634  0.415979  
0.404594 0.386064 0.368634  0.415979  
0.8283 0.105689 0.368634  0.415979  
0.820775 0.109835 0.368634  0.415979  
0.258168 0.519519 0.259508  0.518116  
0.86358 0.086172 0.259508  0.518116  
0.252957 0.524896 0.259508  0.518116  
0.440923 0.357271 0.259508  0.518116  
0.262873 0.514627 0.259508  0.518116  
0.83293 0.103034 0.259508  0.518116  
0.426557 0.368409 0.259508  0.518116  
0.801967 0.120501 0.259508  0.518116  
0.31103 0.46751 0.259508  0.518151  
0.298843 0.478956 0.258168  0.519519  
0.672525 0.197318 0.258168  0.519519  
0.933048 0.0489287 0.258168  0.519519  
0.391403 0.396879 0.258168  0.519519  
0.24675 0.731531 0.258168  0.519519  
0.448018 0.351676 0.258168  0.519519  
0.91577 0.0580826 0.252957  0.725043  
0.349903 0.432177 0.248024  0.73031  
1.02583 0.00141101 0.248024  0.73031  
0.972443 0.0285526 0.248024  0.73031  
0.950429 0.0398416 0.248024  0.73031  
0.340861 0.440226 0.248024  0.930161  
0.793876 0.125056 0.227406  1.00133  
0.872851 0.0811821 0.227406  1.00133  
0.892451 0.0705381 0.202868  1.00133  
1.01816 0.00527223 0.025966  1.00135  
0.421613 0.372353 0.025966  1.00135  
0.815728 0.112836 0.025966  1.00135  
0.357276 0.425792 0.025966  1.00135  
0.681949 0.191437 0.025966  1.00135  
0.328588 0.451231 0.025966  1.00135  
0.27694 0.500523 0.025966  1.00135  
0.380105 0.406834 0.025966  1.00135  
0.284042 0.493322 0.025966  1.00135  
0.307308 0.47092 0.025966  1.00135  
0.721061 0.167694 0.025966  1.00135  
0.886175 0.0738838 0.025966  1.00135  
0.31921 0.459979 0.025966  1.00135  
0.909507 0.0615301 0.025966  1.00135  
0.770051 0.138766 0.025966  1.00135  
0.913929 0.045335 0.9998  0.00143164  
0.889642 0.0581229 5.35422e-10  1.00133  
0.760378 0.129335 0.989874  0.00640735  
0.700549 0.164343 0.970073  0.0164086  
0.277823 0.474242 0.950837  0.0262227  
0.47752 0.310303 0.932144  0.0358555  
0.5172 0.282165 0.91396  0.045319  
0.457528 0.324923 0.896258  0.0546226  
0.610939 0.219706 0.879013  0.0637744  
0.626147 0.210037 0.862226  0.0727703  
0.233026 0.518604 0.845799  0.0816583  
0.352371 0.407723 0.829786  0.0904053  
0.853434 0.0775164 0.814148  0.0990296  
0.114632 0.662758 0.798865  0.107539  
0.386246 0.379845 0.783919  0.11594  
0.634342 0.204876 0.769306  0.124231  
0.430695 0.345058 0.755012  0.132417  
0.942556 0.030478 0.740959  0.140542  
0.6445 0.198524 0.727219  0.14856  
0.694055 0.168232 0.71375  0.156494  
0.920921 0.0416852 0.700549  0.164343  
0.558769 0.253823 0.687575  0.17213  
0.412902 0.358757 0.674849  0.17984  
0.261924 0.489546 0.66235  0.187483  
0.487659 0.303005 0.650169  0.195001  
0.879573 0.0634756 0.638002  0.202581  
0.285519 0.466991 0.626147  0.210037  
0.506988 0.289301 0.614465  0.217453  
0.377847 0.386639 0.60298  0.224814  
0.106346 0.675224 0.591666  0.232133  
0.548054 0.261025 0.580616  0.23935  
0.309528 0.444979 0.56958  0.246626  
0.246059 0.505288 0.558769  0.253823  
0.537623 0.268103 0.548105  0.26099  
0.788708 0.113239 0.537623  0.268103  
0.223726 0.528335 0.527279  0.275191  
0.661902 0.187758 0.5172  0.282165  
0.9998 0.00143164 0.506988  0.289301  
0.749557 0.135562 0.497028  0.296329  
0.828158 0.0913031 0.487182  0.303347  
0.322551 0.433395 0.47752  0.310303  
0.332714 0.424518 0.467915  0.317288  
0.421613 0.352014 0.458452  0.32424  
0.360707 0.400743 0.44907  0.331204  
0.976428 0.0131878 0.439846  0.338123  
0.129049 0.642098 0.430695  0.345058  
0.585851 0.235922 0.421613  0.352014  
0.577285 0.241539 0.412644  0.358957  
0.31676 0.438517 0.403807  0.365874  
0.171271 0.587483 0.395019  0.372826  
0.869825 0.0686872 0.386246  0.379845  
0.271319 0.480448 0.377847  0.386639  
0.619605 0.214181 0.36918  0.39373  
0.497028 0.296329 0.360707  0.400743  
0.931634 0.0361195 0.352371  0.407723  
0.121994 0.652054 0.343936  0.414871  
0.602981 0.224813 0.335623  0.422002  
0.740959 0.140542 0.322551  0.433395  
0.369186 0.393725 0.319409  0.436169  
0.653819 0.192741 0.311316  0.443375  
0.953641 0.024786 0.301048  0.452653  
0.903226 0.0509495 0.295682  0.457564  
0.671394 0.181945 0.287357  0.465275  
0.818651 0.096538 0.279427  0.472723  
0.988252 0.00722275 0.271319  0.480448  
0.709655 0.158921 0.263435  0.488072  
0.403828 0.365857 0.251585  0.499749  
0.187439 0.56839 0.248691  0.502642  
0.797909 0.108074 0.241182  0.510228  
0.301048 0.452653 0.233026  0.518604  
0.158415 0.603317 0.22523  0.526747  
0.136801 0.631466 0.209032  0.544132  
0.44907 0.331204 0.209032  0.544132  
0.683631 0.174512 0.203316  0.550426  
0.964986 0.0189946 0.195849  0.558783  
0.343936 0.414871 0.18852  0.567142  
0.733045 0.145151 0.171271  0.587483  
0.195849 0.558783 0.171271  0.587483  
0.209032 0.544132 0.16587  0.59406  
0.099117 0.686503 0.158415  0.603317  
5.35422e-10 1.00133 0.139028  0.628466  
0.16587 0.59406 0.139028  0.628466  
0.806836 0.103091 0.136801  0.631466  
0.466691 0.318183 0.129049  0.642098  
0.847028 0.0809902 0.121994  0.652054  
0.83753 0.086165 0.114632  0.662758  
0.723047 0.15101 0.106346  0.675224  
0.251585 0.499749 0.099689  0.685596  
0.293986 0.459127 0.099117  0.686503  
0.527279 0.275191 0.099117  0.686503  
0.863103 0.0722982 0.099117  0.886536  
0.203316 0.550426 5.35422e-10  1.00133  
0.439846 0.338123 5.35422e-10  1.00133  
0.395019 0.372826 5.35422e-10  1.00133  
0.77741 0.119623 5.35422e-10  1.00133  
0.594884 0.230044 5.35422e-10  1.00133  
0.566313 0.248794 5.35422e-10  1.00133  
0.139028 0.628466 5.35422e-10  1.00133  
0.768854 0.124488 5.35422e-10  1.00133  
0.239799 0.511639 5.35422e-10  1.00133  
1.73381e-15 1.00133 0.9998  0.00143164  
0.647086 0.196915 1.73381e-15  1.00133  
0.295287 0.457928 0.989873  0.00640792  
0.195857 0.558774 0.970069  0.0164104  
0.988119 0.00728943 0.950837  0.0262227  
0.687575 0.17213 0.932144  0.0358555  
0.670977 0.1822 0.91396  0.045319  
0.696511 0.166759 0.896258  0.0546226  
0.271509 0.480267 0.879012  0.0637751  
0.537634 0.268096 0.862199  0.0727846  
0.142332 0.624063 0.845798  0.0816588  
0.825057 0.0930051 0.829787  0.0904048  
0.75498 0.132436 0.814148  0.0990296  
0.869609 0.0688029 0.798865  0.107539  
0.412645 0.358957 0.783919  0.11594  
0.343945 0.414863 0.769295  0.124237  
0.889641 0.0581235 0.75498  0.132436  
0.558698 0.25387 0.740959  0.140542  
0.52728 0.275191 0.727219  0.14856  
0.942553 0.0304796 0.71375  0.156494  
0.239793 0.511645 0.700537  0.16435  
0.439828 0.338136 0.687574  0.172131  
0.903418 0.0508484 0.674848  0.17984  
0.253036 0.498304 0.66235  0.187483  
0.106298 0.675297 0.650071  0.195061  
0.879573 0.0634756 0.638002  0.202581  
0.209611 0.543498 0.626136  0.210044  
0.54813 0.260973 0.614464  0.217454  
0.65855 0.18982 0.60298  0.224814  
0.779421 0.118483 0.591676  0.232127  
0.71438 0.156122 0.580545  0.239396  
0.0823788 0.714314 0.569581  0.246626  
0.569581 0.246626 0.558779  0.253816  
0.591677 0.232126 0.54813  0.260973  
0.806836 0.103091 0.537634  0.268096  
0.223726 0.528335 0.52728  0.275191  
0.76909 0.124354 0.517068  0.282257  
0.233061 0.518568 0.506988  0.289301  
0.953907 0.0246499 0.49704  0.296321  
0.457832 0.324698 0.487212  0.303326  
0.9998 0.00143164 0.477511  0.31031  
0.91396 0.045319 0.467924  0.317282  
0.377687 0.386769 0.458452  0.324241  
0.404317 0.365472 0.449087  0.331192  
0.976428 0.0131878 0.439828  0.338136  
0.614465 0.217453 0.430669  0.345077  
0.580545 0.239396 0.421611  0.352015  
0.850165 0.0792873 0.412645  0.358957  
0.353705 0.406601 0.403772  0.365901  
0.302624 0.451219 0.39499  0.372849  
0.129054 0.64209 0.386287  0.379811  
0.740959 0.140542 0.377687  0.386769  
0.626136 0.210044 0.369127  0.393773  
0.732455 0.145495 0.360667  0.400776  
0.17618 0.581593 0.352259  0.407817  
0.840637 0.084469 0.343945  0.414863  
0.466979 0.317973 0.335722  0.421916  
0.114634 0.662755 0.326794  0.429673  
0.722398 0.151391 0.319403  0.436174  
0.706328 0.160898 0.311338  0.443355  
0.262549 0.488936 0.302729  0.451123  
0.495395 0.297488 0.295353  0.457867  
0.678639 0.177536 0.287484  0.465156  
0.135227 0.6336 0.279562  0.472595  
0.816211 0.0978872 0.271509  0.480267  
0.091637 0.698615 0.264064  0.48746  
0.517068 0.282257 0.253036  0.498304  
0.187439 0.56839 0.248725  0.502608  
0.797867 0.108097 0.241177  0.510234  
0.831152 0.0896563 0.233061  0.518568  
0.157506 0.604461 0.225356  0.526614  
0.85981 0.0740719 0.216012  0.53656  
0.421611 0.352015 0.210821  0.542179  
0.360671 0.400773 0.203388  0.550346  
0.430669 0.345077 0.195857  0.558774  
0.247298 0.504041 0.188568  0.567087  
0.638002 0.202581 0.17618  0.581593  
0.921225 0.0415265 0.173534  0.584758  
0.287484 0.465156 0.165872  0.594057  
0.165872 0.594057 0.158422  0.603309  
0.931663 0.0361045 0.142332  0.624063  
0.477511 0.31031 0.142332  0.624063  
0.326794 0.429673 0.136801  0.631466  
0.386287 0.379811 0.129054  0.64209  
0.39499 0.372849 0.122152  0.651829  
0.449087 0.331192 0.114634  0.662755  
0.507037 0.289266 0.106394  0.675151  
0.279447 0.472704 0.0999776  0.685139  
0.335788 0.421859 0.091637  0.698615  
0.203386 0.550348 0.0846947  0.710308  
0.968739 0.017086 0.0823788  0.714314  
0.0993787 0.686088 0.0823788  0.714314  
0.122075 0.65194 0.0823788  0.917432  
0.369127 0.393773 1.73381e-15  1.00133  
0.319403 0.436174 1.73381e-15  1.00133  
0.216012 0.53656 1.73381e-15  1.00133  
0.311251 0.443433 1.73381e-15  1.00133  
0.486151 0.304086 1.73381e-15  1.00133  
0.602982 0.224813 1.73381e-15  1.00133  
0.789076 0.113032 1.73381e-15  1.00133  
2.67175e-07 1.00133 0.999801  0.00143097  
0.896559 0.0544637 2.41385e-07  1.00133  
0.626136 0.210044 0.989877  0.006406  
0.999801 0.00143097 0.97007  0.0164102  
0.988119 0.00728943 0.950839  0.0262219  
0.77983 0.118252 0.932144  0.0358553  
0.75498 0.132436 0.91396  0.0453188  
0.558779 0.253816 0.896258  0.0546224  
0.497039 0.296322 0.879013  0.0637746  
0.702075 0.163432 0.8622  0.0727843  
0.48569 0.304417 0.845798  0.0816586  
0.477512 0.310309 0.829788  0.0904043  
0.879871 0.0633169 0.814149  0.0990294  
0.869612 0.0688016 0.798865  0.107539  
0.360664 0.400778 0.783919  0.115939  
0.577214 0.241586 0.769295  0.124237  
0.439828 0.338136 0.75498  0.132436  
0.52728 0.275191 0.740959  0.140542  
0.412645 0.358957 0.72722  0.14856  
0.809671 0.101514 0.71375  0.156494  
0.394985 0.372853 0.700538  0.16435  
0.216036 0.536534 0.687574  0.17213  
0.946109 0.02865 0.674848  0.17984  
0.247298 0.504041 0.66235  0.187482  
0.506988 0.289301 0.650071  0.195061  
0.467036 0.317931 0.638003  0.202581  
0.920926 0.0416828 0.626136  0.210044  
0.327518 0.42904 0.614465  0.217453  
0.741008 0.140513 0.60298  0.224813  
0.449087 0.331192 0.591676  0.232127  
0.593764 0.230771 0.580545  0.239396  
0.0744291 0.728514 0.569582  0.246625  
0.953885 0.0246612 0.558779  0.253816  
0.166114 0.593761 0.548131  0.260973  
0.906754 0.0490949 0.537633  0.268096  
0.223726 0.528335 0.52728  0.275191  
0.81898 0.0963564 0.517067  0.282258  
0.203457 0.550269 0.506988  0.289301  
0.430669 0.345077 0.497039  0.296322  
0.859605 0.0741828 0.487215  0.303324  
0.303325 0.450582 0.477512  0.310309  
0.614465 0.217453 0.467925  0.317281  
0.517067 0.282258 0.458452  0.324241  
0.458452 0.324241 0.449087  0.331192  
0.976428 0.0131878 0.439828  0.338136  
0.386286 0.379813 0.430669  0.345077  
0.935238 0.0342542 0.421611  0.352015  
0.850165 0.0792873 0.412645  0.358957  
0.694906 0.167721 0.403771  0.365902  
0.566313 0.248793 0.394985  0.372853  
0.3194 0.436176 0.386285  0.379813  
0.106394 0.675151 0.377683  0.386772  
0.683629 0.174513 0.369128  0.393773  
0.421637 0.351996 0.360664  0.400778  
0.209612 0.543498 0.352272  0.407807  
0.840637 0.084469 0.343958  0.414852  
0.0842088 0.711144 0.335705  0.421931  
0.71375 0.156494 0.327518  0.42904  
0.352271 0.407807 0.3194  0.436176  
0.271563 0.480214 0.311338  0.443355  
0.650071 0.195061 0.303325  0.450582  
0.403771 0.365902 0.295386  0.457837  
0.537633 0.268096 0.287485  0.465155  
0.135227 0.6336 0.279575  0.472583  
0.295386 0.457837 0.271563  0.480214  
0.0916369 0.698615 0.264106  0.487419  
0.343958 0.414852 0.254435  0.496916  
0.187439 0.56839 0.248725  0.502608  
0.254435 0.496916 0.24096  0.510455  
0.670977 0.1822 0.233509  0.518104  
0.157506 0.604461 0.225516  0.526447  
0.142623 0.623677 0.216036  0.536534  
0.769279 0.124246 0.210822  0.542178  
0.114755 0.662577 0.203457  0.550269  
0.129059 0.642083 0.195865  0.558766  
0.797884 0.108088 0.188569  0.567087  
0.311338 0.443355 0.17618  0.581593  
0.262591 0.488895 0.173796  0.584443  
0.65855 0.18982 0.166114  0.593761  
0.548131 0.260973 0.158422  0.603309  
0.335737 0.421904 0.142623  0.623677  
0.83191 0.0892403 0.142623  0.623677  
0.232165 0.519497 0.13691  0.631318  
0.17618 0.581593 0.12906  0.642083  
0.195857 0.558774 0.122153  0.651829  
0.0736543 0.929997 0.114755  0.662577  
0.965943 0.0185076 0.106394  0.675151  
0.727236 0.14855 0.0999768  0.68514  
0.377683 0.386772 0.0916372  0.698615  
0.279575 0.472583 0.0846996  0.7103  
0.889661 0.0581132 0.0757253  0.72615  
0.0993787 0.686088 0.0744291  0.728514  
0.122075 0.65194 0.0744291  0.728514  
0.637781 0.202719 2.41385e-07  1.00133  
0.369128 0.393773 2.41385e-07  1.00133  
0.239577 0.511865 2.41385e-07  1.00133  
0.603364 0.224567 2.41385e-07  1.00133  
0.78916 0.112984 2.41385e-07  1.00133  
0.287485 0.465155 2.41385e-07  1.00133  
0.585002 0.236477 2.41385e-07  1.00133  
0.708155 0.159812 0.9998  0.00143143  
0.467925 0.317281 6.76342e-10  1.00133  
0.876314 0.0652148 0.989873  0.00640769  
0.448479 0.331646 0.97007  0.0164102  
0.988119 0.00728943 0.950837  0.0262225  
0.591676 0.232127 0.932144  0.0358553  
0.216916 0.535589 0.91396  0.0453188  
0.0916636 0.698571 0.896258  0.0546224  
0.247298 0.504041 0.879012  0.0637749  
0.487215 0.303324 0.862199  0.0727845  
0.850186 0.0792762 0.845798  0.0816587  
0.815486 0.0982889 0.829787  0.0904047  
0.696519 0.166755 0.814149  0.0990295  
0.687574 0.172131 0.798865  0.107539  
0.953895 0.0246559 0.783919  0.115939  
0.172765 0.585682 0.769295  0.124237  
0.517067 0.282258 0.75498  0.132436  
0.740993 0.140522 0.740959  0.140542  
0.9998 0.00143143 0.72722  0.14856  
0.0731554 0.730859 0.71375  0.156494  
0.66235 0.187482 0.700538  0.16435  
0.638003 0.202581 0.687574  0.172131  
0.335706 0.42193 0.674848  0.17984  
6.76342e-10 1.00133 0.66235  0.187482  
0.179081 0.578151 0.650071  0.195061  
0.0993776 0.686089 0.638003  0.202581  
0.614465 0.217453 0.626136  0.210044  
0.901174 0.0520294 0.614465  0.217453  
0.570648 0.245919 0.60298  0.224813  
0.626136 0.210044 0.591676  0.232127  
0.403773 0.3659 0.580545  0.239396  
0.723048 0.151009 0.569581  0.246625  
0.650071 0.195061 0.558779  0.253816  
0.369128 0.393773 0.548131  0.260973  
0.771753 0.122836 0.537633  0.268097  
0.223726 0.528335 0.52728  0.275191  
0.295386 0.457837 0.517067  0.282258  
0.733017 0.145167 0.506988  0.289301  
0.264106 0.487419 0.497039  0.296322  
0.386836 0.37937 0.487215  0.303324  
0.203452 0.550275 0.477512  0.310309  
0.421611 0.352016 0.467925  0.317281  
0.763288 0.127668 0.458452  0.324241  
0.781537 0.117286 0.449087  0.331192  
0.976428 0.0131878 0.439828  0.338136  
0.969114 0.0168957 0.430669  0.345077  
0.136131 0.632372 0.421611  0.352016  
0.439828 0.338136 0.412645  0.358957  
0.255806 0.495558 0.403771  0.365902  
0.394986 0.372853 0.394986  0.372853  
0.12907 0.642068 0.386285  0.379813  
0.477512 0.310309 0.377671  0.386782  
0.352637 0.407499 0.369128  0.393773  
0.279575 0.472583 0.360664  0.400778  
0.121451 0.652833 0.352275  0.407804  
0.932144 0.0358553 0.343957  0.414853  
0.0842088 0.711144 0.335706  0.42193  
0.377671 0.386782 0.327521  0.429036  
0.862199 0.0727845 0.3194  0.436177  
0.327747 0.42884 0.311338  0.443355  
0.943354 0.0300672 0.30333  0.450577  
0.458452 0.324241 0.295386  0.457837  
0.803522 0.104937 0.287489  0.465151  
0.60298 0.224813 0.279587  0.472571  
0.165386 0.594654 0.271667  0.480115  
0.558309 0.254131 0.264106  0.487419  
0.537401 0.268255 0.255806  0.495558  
0.187423 0.568408 0.248725  0.502608  
0.345343 0.413672 0.241003  0.510411  
0.412645 0.358957 0.233509  0.518104  
0.157485 0.604488 0.225946  0.525993  
0.30333 0.450577 0.216916  0.535589  
0.52728 0.275191 0.210901  0.542092  
0.674848 0.17984 0.203452  0.550275  
0.210822 0.542178 0.195865  0.558765  
0.144228 0.621558 0.188574  0.56708  
0.0759956 0.725658 0.179081  0.578151  
0.825027 0.0930213 0.173796  0.584443  
0.91396 0.0453188 0.166341  0.593482  
0.3194 0.436177 0.158467  0.603252  
0.88629 0.0599018 0.147442  0.61735  
0.430567 0.345155 0.144228  0.621558  
0.750649 0.134932 0.136917  0.631309  
0.147442 0.61735 0.12907  0.642068  
0.195865 0.558765 0.122152  0.651829  
0.924623 0.0397582 0.114795  0.662517  
0.495493 0.297418 0.106394  0.675151  
0.837641 0.0861041 0.0999768  0.68514  
0.106394 0.675151 0.0916636  0.698571  
0.792081 0.111342 0.0847011  0.710297  
0.360664 0.400778 0.0759956  0.725658  
0.232805 0.518832 0.0731554  0.730859  
0.547966 0.261084 0.0731554  0.730859  
0.114795 0.662517 6.76342e-10  1.00133  
0.311338 0.443355 6.76342e-10  1.00133  
0.287476 0.465164 6.76342e-10  1.00133  
0.271665 0.480117 6.76342e-10  1.00133  
0.506988 0.289301 6.76342e-10  1.00133  
0.23962 0.511821 6.76342e-10  1.00133  
0.580545 0.239396 6.76342e-10  1.00133  
0.896258 0.0546224 0.9998  0.00143144  
0.769842 0.123925 1.07825e-09  1.00133  
0.404314 0.365475 0.989873  0.00640772  
0.537633 0.268097 0.97007  0.0164102  
0.0672466 0.742012 0.950837  0.0262225  
0.506989 0.2893 0.932144  0.0358553  
0.732041 0.145738 0.91396  0.0453188  
0.614465 0.217453 0.896258  0.0546224  
0.256237 0.495133 0.879012  0.0637749  
0.295386 0.457837 0.862199  0.0727845  
0.52726 0.275205 0.845798  0.0816587  
0.558107 0.254266 0.829787  0.0904047  
0.319026 0.436507 0.814149  0.0990295  
0.0916635 0.698572 0.798865  0.107539  
0.9998 0.00143144 0.783919  0.115939  
0.17239 0.586132 0.769295  0.124237  
0.439828 0.338136 0.75498  0.132436  
0.750649 0.134932 0.740959  0.140542  
0.264106 0.487419 0.72722  0.14856  
0.360665 0.400777 0.71375  0.156494  
0.815895 0.0980622 0.700538  0.16435  
0.195899 0.558727 0.687574  0.172131  
0.968747 0.0170817 0.674848  0.17984  
0.458452 0.324241 0.66235  0.187482  
0.241587 0.509816 0.650071  0.195061  
0.0993776 0.686089 0.638003  0.202581  
0.287427 0.465209 0.626136  0.210044  
0.14339 0.622663 0.614465  0.217453  
0.136131 0.632372 0.60298  0.224813  
0.430669 0.345077 0.591676  0.232127  
0.449087 0.331192 0.580545  0.239396  
0.0755596 0.72645 0.569581  0.246625  
0.377682 0.386773 0.558779  0.253816  
0.412652 0.358951 0.548131  0.260973  
0.467925 0.317281 0.537633  0.268097  
0.233508 0.518104 0.52728  0.275191  
0.942571 0.0304703 0.517067  0.282258  
0.794286 0.110104 0.506988  0.289301  
0.477512 0.310309 0.497039  0.296322  
0.709655 0.158921 0.487215  0.303324  
0.165387 0.594654 0.477512  0.310309  
0.848757 0.0800511 0.467925  0.317281  
0.335738 0.421902 0.458452  0.324241  
0.953639 0.0247869 0.449087  0.331192  
0.825057 0.093005 0.439828  0.338136  
0.931647 0.0361127 0.430669  0.345077  
0.569581 0.246625 0.42161  0.352016  
0.626136 0.210044 0.412645  0.358957  
0.638003 0.202581 0.403771  0.365902  
0.741134 0.14044 0.394986  0.372853  
0.580545 0.239396 0.386285  0.379813  
0.907572 0.0486656 0.377666  0.386786  
0.352276 0.407803 0.369128  0.393772  
0.386285 0.379813 0.360665  0.400777  
0.548131 0.260973 0.352276  0.407803  
0.106323 0.675259 0.343957  0.414853  
0.0842088 0.711144 0.335706  0.42193  
0.920894 0.0416994 0.327521  0.429037  
0.327627 0.428945 0.3194  0.436177  
0.760492 0.12927 0.311338  0.443355  
0.203452 0.550275 0.303335  0.450573  
0.672192 0.181458 0.295386  0.457837  
0.210914 0.542078 0.287489  0.465151  
0.806836 0.103091 0.2796  0.472559  
0.394986 0.372853 0.271748  0.480037  
0.248756 0.502577 0.264106  0.487419  
0.343957 0.414853 0.256237  0.495133  
0.187423 0.568408 0.248725  0.502608  
1.07298e-09 1.00133 0.24104  0.510373  
0.2796 0.472559 0.233508  0.518104  
0.157485 0.604488 0.225946  0.525993  
0.649006 0.195723 0.216936  0.535568  
0.122071 0.651945 0.210915  0.542077  
0.886348 0.0598706 0.203452  0.550275  
0.42161 0.352016 0.195899  0.558727  
0.216936 0.535568 0.188574  0.56708  
0.837542 0.0861583 0.179087  0.578144  
0.311338 0.443355 0.173796  0.584443  
0.271727 0.480057 0.166341  0.593482  
0.224838 0.527161 0.15847  0.603248  
0.783202 0.116345 0.148192  0.616375  
0.863153 0.0722713 0.144229  0.621557  
0.517067 0.282258 0.136917  0.631309  
0.497039 0.296322 0.129081  0.642053  
0.87622 0.0652653 0.122154  0.651826  
0.487215 0.303324 0.114795  0.662517  
0.129081 0.642053 0.106395  0.67515  
0.114833 0.662461 0.0999572  0.685171  
0.179087 0.578144 0.0916636  0.698571  
0.683629 0.174513 0.0847123  0.710278  
0.303335 0.450573 0.0759956  0.725658  
0.696468 0.166785 0.0695361  0.737634  
0.722699 0.151214 0.0672466  0.742012  
0.369142 0.393761 0.0672466  0.94205  
0.0654077 0.968858 1.07825e-09  1.00133  
0.984194 0.00926582 1.07825e-09  1.00133  
0.66235 0.187482 1.07825e-09  1.00133  
0.592408 0.231651 1.07825e-09  1.00133  
0.60298 0.224813 1.07825e-09  1.00133  
0.148192 0.616375 1.07825e-09  1.00133  
