38.7388 29.8626 35.3173 38.7388  29.8626  35.3173  
35.9443 28.4194 28.1825 35.9443  28.4194  28.1825  
41.4907 32.7189 39.7405 41.4907  32.7189  39.7405  
45.8811 40.2654 30.2014 45.8811  40.2654  30.2014  
43.4947 38.171 40.2133 43.4947  38.171  40.2133  
54.4309 30.8918 33.6043 54.4309  30.8918  33.6043  
38.4879 30.0727 35.641 38.4879  30.0727  35.641  
45.675 22.0239 35.6947 45.675  22.0239  35.6947  
44.229 33.1771 38.6019 44.229  33.1771  38.6019  
35.8079 28.556 39.0863 35.8079  28.556  39.0863  
41.1375 24.6302 30.0176 41.1375  24.6302  30.0176  
42.3051 32.4671 51.8415 42.3051  32.4671  51.8415  
39.7172 38.127 32.5256 39.7172  38.127  32.5256  
28.7266 29.3199 42.9768 28.7266  29.3199  42.9768  
32.5868 37.2451 31.469 32.5868  37.2451  31.469  
26.2591 38.816 39.6167 26.2591  38.816  39.6167  
32.1892 32.6791 38.3034 32.1892  32.6791  38.3034  
52.1928 36.3428 48.3814 52.1928  36.3428  48.3814  
51.3369 36.7134 38.2682 51.3369  36.7134  38.2682  
41.9961 35.3034 31.2527 41.9961  35.3034  31.2527  
43.9295 40.9651 36.7075 43.9295  40.9651  36.7075  
42.1909 29.9523 38.621 42.1909  29.9523  38.621  
52.0968 26.0068 49.8103 52.0968  26.0068  49.8103  
40.9144 45.7534 51.1509 40.9144  45.7534  51.1509  
39.4726 43.0273 33.6389 39.4726  43.0273  33.6389  
33.9211 35.7292 28.0999 33.9211  35.7292  28.0999  
45.497 23.2535 40.466 45.497  23.2535  40.466  
37.7346 25.5551 34.6514 37.7346  25.5551  34.6514  
44.0944 25.6756 35.3907 44.0944  25.6756  35.3907  
32.4071 33.6739 31.3812 32.4071  33.6739  31.3812  
45.5448 28.5742 42.3811 45.5448  28.5742  42.3811  
32.4083 38.9697 44.4158 32.4083  38.9697  44.4158  
37.9412 45.4535 39.9634 37.9412  45.4535  39.9634  
43.5616 32.4463 37.3498 43.5616  32.4463  37.3498  
33.0971 29.1745 46.288 33.0971  29.1745  46.288  
28.8004 43.6342 31.0586 28.8004  43.6342  31.0586  
43.3354 22.5783 38.6815 43.3354  22.5783  38.6815  
41.7507 33.7463 36.019 41.7507  33.7463  36.019  
37.0385 36.809 38.9228 37.0385  36.809  38.9228  
37.2087 33.5066 27.9441 37.2087  33.5066  27.9441  
37.9754 26.9157 29.2915 37.9754  26.9157  29.2915  
38.8458 36.5853 27.765 38.8458  36.5853  27.765  
28.8195 30.1858 39.0159 28.8195  30.1858  39.0159  
25.6476 36.6813 33.4428 25.6476  36.6813  33.4428  
41.8881 37.7408 47.592 41.8881  37.7408  47.592  
38.8184 36.5366 29.5074 38.8184  36.5366  29.5074  
38.2537 34.4285 32.7483 38.2537  34.4285  32.7483  
54.6312 34.8538 35.2746 54.6312  34.8538  35.2746  
29.9823 33.4897 41.831 29.9823  33.4897  41.831  
42.1231 28.039 39.0319 42.1231  28.039  39.0319  
27.8437 24.6113 38.3591 27.8437  24.6113  38.3591  
45.0372 36.533 24.6476 45.0372  36.533  24.6476  
39.5897 26.6012 37.128 39.5897  26.6012  37.128  
51.3095 32.225 39.3648 51.3095  32.225  39.3648  
43.6921 31.7462 33.3399 43.6921  31.7462  33.3399  
31.2881 26.6203 40.2343 31.2881  26.6203  40.2343  
41.5668 38.8576 38.9556 41.5668  38.8576  38.9556  
34.1396 33.3817 41.8869 34.1396  33.3817  41.8869  
36.6293 38.1603 43.2006 36.6293  38.1603  43.2006  
29.9836 39.5415 46.9692 29.9836  39.5415  46.9692  
35.2588 42.6784 32.3897 35.2588  42.6784  32.3897  
36.7099 31.9281 37.0834 36.7099  31.9281  37.0834  
42.1012 30.9744 41.4018 42.1012  30.9744  41.4018  
27.8455 30.579 36.0995 27.8455  30.579  36.0995  
39.9804 38.683 34.619 39.9804  38.683  34.619  
50.7575 30.0219 43.6554 50.7575  30.0219  43.6554  
32.2994 35.2102 29.8855 32.2994  35.2102  29.8855  
50.9372 46.7623 37.6322 50.9372  46.7623  37.6322  
31.8466 32.7164 41.1912 31.8466  32.7164  41.1912  
37.5545 32.1083 24.68 37.5545  32.1083  24.68  
40.6672 28.9105 38.6503 40.6672  28.9105  38.6503  
38.1313 33.8624 23.429 38.1313  33.8624  23.429  
41.107 39.0842 46.5366 41.107  39.0842  46.5366  
35.8201 33.7545 25.6237 35.8201  33.7545  25.6237  
43.1671 36.7983 31.7324 43.1671  36.7983  31.7324  
55.4131 40.4877 37.0849 55.4131  40.4877  37.0849  
45.6688 35.1657 27.1327 45.6688  35.1657  27.1327  
40.5768 29.9999 37.9008 40.5768  29.9999  37.9008  
35.0846 32.7447 35.2961 35.0846  32.7447  35.2961  
27.3952 36.2048 44.9753 27.3952  36.2048  44.9753  
31.3606 27.1312 31.8548 31.3606  27.1312  31.8548  
46.0387 34.4055 33.7316 46.0387  34.4055  33.7316  
30.8164 32.456 42.7905 30.8164  32.456  42.7905  
44.1902 24.4825 44.5637 44.1902  24.4825  44.5637  
31.8157 36.4644 37.5133 31.8157  36.4644  37.5133  
37.8042 41.6355 30.9677 37.8042  41.6355  30.9677  
36.2648 50.8155 33.971 36.2648  50.8155  33.971  
35.664 42.744 32.5595 35.664  42.744  32.5595  
34.5569 30.6136 49.561 34.5569  30.6136  49.561  
38.1779 25.1598 34.4209 38.1779  25.1598  34.4209  
42.3474 27.3669 31.0939 42.3474  27.3669  31.0939  
36.8314 27.3252 32.5494 36.8314  27.3252  32.5494  
30.6111 30.4361 30.4149 30.6111  30.4361  30.4149  
42.6055 30.6918 32.0058 42.6055  30.6918  32.0058  
39.9035 37.1366 36.6741 39.9035  37.1366  36.6741  
29.1187 31.2243 33.5183 29.1187  31.2243  33.5183  
47.9653 33.6965 35.9846 47.9653  33.6965  35.9846  
42.3922 48.9207 39.2751 42.3922  48.9207  39.2751  
45.7184 34.259 29.6764 45.7184  34.259  29.6764  
27.3666 34.9531 39.2789 27.3666  34.9531  39.2789  
14.7496 16.0685 19.0776 37.832  30.1909  32.8252  
14.7793 16.0776 17.9807 28.6308  34.881  26.9124  
14.8652 16.7589 17.6929 37.7062  27.9939  39.764  
14.8668 16.625 17.8257 43.0052  29.1472  30.1888  
14.7608 16.0411 20.3205 47.4666  26.5006  33.3303  
15.5288 16.7195 16.9895 42.1373  23.4206  38.1523  
15.5909 16.3998 17.4386 37.9482  43.2885  24.7662  
14.8261 16.1187 17.9796 46.0442  25.1213  28.1352  
15.4469 16.684 17.3699 45.8058  24.5987  25.4162  
15.2154 16.2364 17.8616 40.0249  23.9744  38.4956  
15.1916 16.5923 17.7585 48.1347  33.4151  29.4253  
15.286 16.5303 17.6992 47.9016  23.5723  26.0896  
15.1536 16.1176 17.9791 41.2291  24.5068  20.8025  
14.8838 16.8424 17.592 48.257  19.0799  33.8697  
14.7502 17.538 19.0008 43.6175  30.3204  22.8676  
15.1632 16.0735 17.9801 42.2975  21.7173  27.2662  
14.7727 16.0627 17.9828 40.6208  24.6543  22.7217  
15.3059 16.5481 17.6862 45.3011  24.1395  43.7748  
14.8123 16.1843 17.9784 31.973  23.7262  29.2533  
15.3592 16.8993 17.1778 42.1523  22.1454  24.7479  
15.5519 16.6969 17.0665 38.5571  26.9931  21.8171  
15.2774 16.4633 17.7657 33.2589  19.0897  27.0168  
15.7595 16.2069 17.0387 44.5307  37.3032  20.5554  
14.9698 16.3359 17.9413 32.4502  20.8886  27.2021  
14.9462 16.3051 17.9519 33.6181  25.8832  23.5212  
15.112 16.4993 17.8456 55.7907  21.1713  38.1712  
15.3829 16.8301 17.3435 56.3084  34.8565  25.3769  
15.2105 16.6151 17.7383 39.1613  25.5209  31.6517  
15.2978 16.7523 17.5631 28.6676  25.3399  22.0311  
14.9548 16.1388 17.9648 36.8864  20.8354  38.759  
15.2383 16.4769 17.8112 38.4605  31.6241  22.0708  
15.5527 16.7486 16.9878 29.2196  20.4945  29.6181  
15.0566 16.3321 17.9197 29.697  25.5742  25.0093  
15.0468 16.2433 17.9377 49.5298  24.3628  35.7832  
15.5188 16.4905 17.5383 39.927  35.6209  41.9997  
15.6083 16.5298 17.3767 29.0385  25.6485  26.7641  
14.8982 16.1566 17.9701 29.5312  31.7992  22.6694  
15.6818 16.2209 17.4157 32.7598  20.7287  36.4477  
15.5294 16.5079 17.5174 30.6638  36.1968  20.0153  
15.3102 16.814 17.4479 30.2353  23.9009  31.5362  
14.8393 16.2632 17.9683 28.7944  30.3591  25.3026  
14.8328 16.244 17.9692 49.7887  22.5623  41.7593  
15.1331 17.0223 17.1165 56.3928  31.9409  24.7921  
14.9004 17.7431 17.5707 25.6799  24.3862  28.5412  
14.7499 16.0704 19.0008 27.9311  32.6908  24.998  
15.2999 16.1716 17.8258 25.7813  19.7446  34.6181  
15.6775 16.2228 17.3741 30.1132  38.1738  22.877  
15.7606 16.2593 17.0261 28.0249  24.4872  36.9716  
14.8433 16.1106 17.9798 26.584  29.7575  28.3018  
15.0873 16.2561 17.922 52.1731  23.7666  42.1968  
15.5583 16.4669 17.5034 50.1968  35.9262  26.8467  
15.6773 16.5208 17.1594 28.402  29.4946  33.574  
15.6913 16.5271 17.0098 21.759  28.1908  22.2156  
15.3408 16.3714 17.7653 25.912  21.8895  40.0441  
15.1472 16.2439 17.9039 37.4648  33.1843  26.554  
15.6824 16.3755 17.2312 24.9968  23.2238  36.7582  
15.6092 16.3871 17.4507 25.3367  36.603  33.7184  
15.0952 16.2178 17.9294 36.2388  22.6918  38.8565  
15.6991 16.4298 17.188 42.492  38.2517  23.1128  
15.5143 16.3079 17.6118 24.317  30.634  41.6344  
15.058 16.1853 17.9376 24.2169  36.9451  28.6641  
15.1758 16.2109 17.8933 34.537  25.3307  41.2454  
15.4433 16.2743 17.7029 23.7352  38.7662  23.4535  
14.8543 16.1383 17.9784 22.9238  24.161  39.3111  
14.7514 17.3294 19.0001 22.2568  35.5336  35.1391  
14.7839 16.1214 17.9802 38.7923  26.4587  28.0198  
15.7147 16.3457 17.1971 24.2822  42.2134  34.9255  
14.9592 16.1553 17.9635 26.0101  39.4471  41.3222  
15.0864 16.1847 17.9295 23.2822  44.7221  26.2514  
14.7932 16.1159 17.9802 28.8525  31.6211  32.5554  
15.513 16.2077 17.6579 29.5381  42.7909  27.7661  
15.5499 16.3442 17.5508 23.5794  30.8376  44.0351  
15.2085 16.1836 17.8816 27.7349  41.6025  30.6436  
15.4816 16.2195 17.6726 30.7635  28.2606  34.1097  
15.5737 16.2248 17.579 35.6537  32.4942  27.8628  
15.0153 16.1507 17.9504 28.7517  37.6983  40.427  
15.7182 16.2267 17.2961 28.9859  35.7956  35.3607  
15.4804 16.3123 17.6566 29.3501  30.2013  30.0917  
15.316 16.2738 17.7983 31.1947  37.1903  34.2682  
15.625 16.3424 17.4284 31.2423  38.7951  38.3748  
15.5187 16.3124 17.6039 31.4374  39.4017  39.8296  
15.5185 16.2464 17.638 40.3144  26.1678  37.311  
38.7923 26.4587 28.0198 49.6139  30.2182  30.2946  
15.2029 16.5033 18.8195 31.4675  34.5401  38.8794  
14.8599 16.675 18.8153 35.0396  33.5585  35.1183  
34.5119 34.8595 32.3257 35.5829  29.3813  37.7973  
36.2648 50.8155 33.971 35.6205  31.5203  41.7604  
35.664 42.744 32.5595 35.7607  40.105  31.0301  
34.5569 30.6136 49.561 36.9034  39.7463  48.2876  
38.1779 25.1598 34.4209 14.8124  16.1289  17.9802  
42.3474 27.3669 31.0939 37.2453  32.059  42.4018  
36.8314 27.3252 32.5494 38.2576  36.1105  37.6847  
30.6111 30.4361 30.4149 32.5628  33.088  35.9724  
42.6055 30.6918 32.0058 40.8344  27.8116  29.528  
39.9035 37.1366 36.6741 26.9332  26.9872  49.7812  
29.1187 31.2243 33.5183 37.5893  33.4068  30.5508  
47.9653 33.6965 35.9846 36.1982  35.2954  47.6911  
42.3922 48.9207 39.2751 28.3352  30.8738  37.7249  
45.7184 34.259 29.6764 31.5092  29.5851  39.571  
27.3666 34.9531 39.2789 32.5216  41.4753  46.2215  
12.8959 16.0764 17.9802 32.2362  21.2046  34.962  
15.2846 14.8213 17.9802 21.2767  32.0913  26.9449  
15.7548 14.3447 18.0874 20.2449  27.5229  35.0476  
13.1059 17.0523 17.1247 28.0897  23.2813  25.4677  
14.1962 14.8281 18.1574 31.0479  25.1621  20.5841  
13.6953 16.6504 16.9841 31.657  21.5625  36.0755  
13.0349 16.0507 18.0475 33.6595  27.7758  20.1816  
12.8473 16.3469 17.9686 30.7486  21.4279  27.4727  
13.5114 16.4501 17.6462 32.9323  21.6003  20.8295  
13.3759 16.4107 17.7808 26.291  23.6186  35.8223  
12.8545 17.0415 17.5866 33.8727  33.6311  20.3056  
13.1551 17.0142 17.2557 37.6602  18.7168  20.9853  
13.1998 16.7551 17.6611 29.8146  19.6065  19.0872  
13.1225 16.4686 17.8748 38.837  19.357  30.5613  
12.9499 16.3157 17.9534 31.5006  21.6384  18.7337  
13.3563 16.8625 17.3987 41.8551  18.9957  27.7751  
13.0549 16.6592 17.7886 32.8221  20.6449  20.9222  
13.4525 16.8564 17.4363 36.0228  23.6775  29.059  
13.4819 16.9897 17.1349 27.0708  30.3165  25.822  
13.4141 16.0897 17.8943 26.5578  18.7981  21.9967  
14.0305 16.0506 17.1989 26.561  21.0126  19.5415  
13.635 16.3952 17.536 41.0772  18.567  32.2298  
14.1479 16.1941 17.1098 28.7312  25.3565  18.8867  
13.716 16.0506 17.7609 27.764  18.5955  25.4549  
13.808 16.1318 17.2464 27.9726  21.4914  22.5015  
13.0001 16.1286 17.9686 34.2638  20.091  35.0129  
13.851 16.1288 17.1577 32.6273  27.8538  18.7455  
14.0071 16.0506 17.3757 23.8554  18.8634  23.2133  
13.0543 17.0245 17.3304 24.8671  22.7347  21.867  
13.4157 16.1308 17.8267 36.0288  18.9555  36.8932  
13.0356 16.0506 18.0714 24.2149  28.7865  20.6046  
12.9274 16.1529 17.9773 26.4468  19.0269  28.1025  
12.9967 16.8667 17.6477 24.6776  22.4345  23.6259  
13.5874 16.1376 17.651 28.5633  23.6935  30.0604  
13.8357 16.3449 17.0047 25.3247  29.8347  31.0571  
12.8458 16.0557 18.0028 26.2374  20.642  26.1671  
13.8458 16.0832 17.2688 17.8169  19.4885  18.8262  
13.0437 16.0506 18.1574 25.0943  17.3709  30.6566  
13.0006 17.0643 17.4029 25.0493  30.3718  19.0214  
14.0174 16.0612 17.1707 22.9155  20.08  26.9813  
13.7314 16.1625 17.4442 22.8639  24.7887  23.653  
13.0318 16.9926 17.4941 25.6944  19.3116  48.6037  
13.8362 16.1532 17.1196 28.0227  38.046  19.7231  
13.7679 16.1336 17.3584 25.4857  21.6589  29.377  
13.6948 16.6283 17.1534 21.2922  24.9765  22.0113  
13.9692 16.0506 17.2965 26.4867  19.0276  30.892  
12.9878 16.0506 18.6942 21.6486  29.2573  20.7126  
13.0318 16.0506 18.1544 22.2851  19.8274  30.9378  
13.5354 16.55 17.5754 22.3011  25.6536  22.6323  
13.248 17.0932 17.0312 28.4778  21.8511  26.8416  
21.4004 32.4652 26.9449 32.8859  31.7006  19.2556  
13.1129 16.0506 18.1716 21.7911  24.0506  28.3422  
13.3011 16.1658 17.8699 22.1708  29.4058  23.947  
30.2125 19.9573 23.377 21.6976  18.895  34.3047  
13.3153 16.9786 17.2951 22.6312  36.617  20.0642  
13.4283 16.5872 17.7238 22.0386  21.0868  30.2543  
13.8755 16.3239 17.0244 19.7431  26.266  25.6994  
13.1073 16.1489 17.9506 27.9942  19.4103  34.2897  
13.1399 16.659 17.7923 29.011  26.7745  22.8093  
13.4963 16.0506 17.9935 18.7822  22.1047  29.0741  
13.7396 16.448 17.3316 20.3718  27.1949  25.7473  
13.6597 16.7324 17.0398 25.606  19.2859  29.4748  
13.0485 16.5628 17.8472 20.4958  33.124  23.2876  
13.1091 16.8517 17.5958 22.0829  23.355  34.2462  
12.8457 16.0512 18.0284 20.6275  28.647  29.5513  
19.6203 20.5112 36.4873 29.6175  24.5518  28.428  
13.8309 16.1845 17.131 29.5089  24.7054  38.9523  
13.6317 16.1334 17.5968 20.1126  25.2284  33.1153  
13.5159 16.2235 17.7278 20.4717  35.9711  23.1237  
24.7917 29.6216 21.3899 21.6362  25.193  28.9544  
12.9025 16.2578 17.9681 21.8874  33.2738  21.6898  
13.6834 16.3809 17.4502 20.6426  27.0998  37.662  
13.2132 16.0774 17.9779 20.4243  37.1288  28.6736  
12.8749 16.0509 18.0185 25.8456  23.1295  33.3946  
12.8739 16.0508 18.0874 23.279  39.9526  23.524  
14.145 16.0508 18.0762 20.4639  31.8371  32.7158  
26.6259 38.4833 25.3561 20.4797  30.0151  32.1279  
13.2555 16.0739 17.9798 22.1805  26.2827  30.0676  
13.594 16.1307 17.7781 21.1118  28.0978  27.8064  
12.8834 16.0509 18.1453 21.3678  30.9187  37.0679  
13.4344 16.1146 17.8806 21.714  28.3295  34.6898  
14.8301 16.0698 17.2524 27.3064  20.6552  35.319  
13.8461 16.0827 17.2949 26.271  29.7679  24.0419  
12.875 16.0514 18.0079 22.0109  31.8282  31.8118  
12.9848 16.0509 18.0893 22.1732  43.0773  34.6577  
12.8482 16.0509 18.7252 22.4069  26.5707  28.1058  
14.0499 16.0509 18.0567 22.4735  31.4799  27.5932  
23.9452 18.6727 31.8558 22.8422  46.503  23.6384  
14.9932 16.1544 17.9543 13.0318  16.0506  18.1544  
15.7342 16.2465 17.1987 23.0342  28.9849  33.628  
15.3084 16.231 17.8149 23.6343  30.0739  31.986  
14.9606 16.1128 17.9796 23.821  30.8498  39.6598  
14.8203 16.1676 17.9779 23.8356  32.1043  27.5222  
14.873 16.2045 17.9709 23.8954  27.2345  30.2089  
15.1031 16.5742 17.8006 24.4399  27.1692  24.6409  
15.4081 16.8548 17.1393 24.7016  32.6351  30.8277  
14.941 16.2879 17.9562 24.798  24.5658  26.5898  
15.3412 16.7754 17.4605 25.1959  29.0938  31.6778  
15.3673 16.815 17.352 29.2104  29.6929  32.9556  
15.3876 16.8428 17.2791 23.9671  30.7465  23.443  
10.3323 14.5622 20.9371 22.2987  24.049  27.2802  
12.3456 12.8893 18.0802 18.7632  35.2565  21.7807  
12.2238 14.0682 17.0653 24.1618  25.7787  28.1627  
12.2743 14.1438 17.0093 24.0889  19.6006  23.5386  
13.206 13.2643 17.0166 35.0348  21.1711  19.4248  
13.1183 15.8925 16.9508 21.8273  13.3401  18.032  
12.2067 14.0686 17.0653 31.8509  18.8117  17.2161  
12.24 12.943 17.982 23.2757  14.1694  18.4509  
12.3539 13.9311 17.3147 20.6528  14.7069  17.5027  
13.4008 20.8538 16.3824 33.7311  13.2652  18.0477  
12.7822 13.7946 17.0344 27.5901  27.8165  18.0935  
10.3587 14.4865 21.1405 22.5811  13.7973  19.3671  
10.4467 14.5591 18.6291 15.5142  14.4653  17.0246  
13.1751 13.2643 17.0123 27.5952  15.6427  28.6328  
12.6232 13.0637 17.8874 30.6853  21.8612  17.8673  
12.9876 13.1718 17.6452 24.9871  16.0451  22.5242  
13.1791 14.7673 17.0058 25.9033  18.8615  20.9481  
13.1381 13.2886 17.0461 24.2015  19.1633  31.2041  
13.1476 12.9484 17.3536 34.3675  27.2449  18.3099  
12.2246 14.1053 17.0462 21.2899  16.354  20.2053  
12.2204 14.0293 17.5306 22.3726  18.9997  18.164  
10.3313 15.4375 21.9601 23.0678  15.1479  24.9672  
14.3774 13.262 17.2022 24.0986  21.6267  18.0268  
15.1276 13.2603 17.0198 22.1946  16.2409  22.1533  
13.0469 13.4329 17.3489 21.2584  17.7495  20.2651  
12.7035 13.1476 17.8682 12.2346  13.0275  17.9857  
12.2271 13.0281 17.9926 24.0135  24.5625  17.6356  
10.335 14.5103 24.4561 21.1871  17.7764  21.1036  
15.0928 13.3161 16.9907 12.2067  14.185  17.0653  
12.269 14.1469 17.0093 22.1743  14.2949  27.2568  
12.3894 13.8683 17.3116 18.9439  20.5784  18.0828  
12.3821 13.955 17.2245 21.4115  16.8662  25.3127  
13.1158 13.3123 17.0116 23.6298  20.5478  23.9708  
12.8232 13.3752 17.6916 26.7547  20.734  24.1455  
12.2687 12.9783 17.981 30.111  30.9913  18.8303  
13.0207 14.1056 17.0085 17.9858  19.9403  23.8101  
12.8422 13.1575 17.7562 19.8626  22.4968  19.13  
12.2618 13.1969 17.9807 16.6213  14.6209  23.325  
13.1339 13.4634 17.0115 19.442  26.3301  18.5703  
12.4575 13.0211 17.9603 18.0491  16.8181  23.7347  
13.0623 13.2998 17.5178 16.8778  20.7457  20.1401  
14.5903 13.3086 17.0116 17.3443  13.4659  28.9391  
12.1846 15.8708 18.1027 21.1064  30.1708  16.6213  
12.2433 13.6974 17.8947 19.8959  19.9139  24.3206  
13.1014 13.5496 17.0653 14.6317  21.0739  20.254  
10.5421 14.5405 20.9371 16.9339  15.4268  29.4043  
10.3436 16.2549 20.9294 15.2992  21.3028  18.1965  
12.3231 13.486 17.8338 16.1556  16.6041  25.4441  
12.3732 13.8407 17.4514 16.8321  18.7335  22.6668  
12.2067 15.4381 17.0633 30.522  16.3659  30.7538  
22.2987 24.049 27.2802 25.781  31.1023  18.0651  
13.3513 16.4756 16.8353 16.2731  19.9887  24.524  
28.6018 21.6634 31.0144 14.462  20.3618  19.5146  
12.3087 13.0433 17.981 14.3051  15.0668  25.2933  
12.189 14.8085 18.1309 13.2786  22.0097  18.0389  
14.2049 13.0142 17.983 14.7848  16.1586  24.6787  
12.2687 14.7235 17.9807 15.744  22.4161  23.2887  
12.291 15.7602 17.0149 13.3297  13.5288  25.0604  
13.0897 15.1817 17.0313 13.6302  22.0539  17.3724  
13.3059 20.7395 16.749 17.8279  20.7137  28.006  
15.5469 17.1607 16.7778 13.3394  21.0244  21.2423  
13.3744 17.6042 16.7381 13.1653  14.2437  25.5496  
12.4282 12.9991 17.9839 13.2821  21.4746  18.854  
12.687 15.6342 17.0123 16.3857  19.1233  33.3045  
14.4893 13.3176 17.0337 14.3213  22.9071  22.7024  
13.1927 14.8235 16.9782 12.349  13.0339  26.3943  
12.251 13.0403 17.9837 27.0788  26.9785  19.0577  
12.8623 13.192 17.7409 15.3747  24.0438  27.7937  
13.1706 13.3199 17.0344 12.3878  21.6791  19.008  
30.5037 17.9213 24.8616 15.2001  18.6524  34.3969  
12.3421 14.7098 18.1504 15.0174  31.4597  18.9352  
12.3235 14.7098 18.6604 14.6679  21.3131  27.8569  
12.3842 14.7098 18.1528 12.7015  23.3435  22.9991  
12.8272 14.7155 17.9856 20.0561  18.7886  28.7831  
14.3131 14.7098 18.1505 17.3339  28.212  19.2468  
12.7439 14.818 17.8284 13.4973  21.1901  28.0806  
12.9112 15.4499 17.0076 14.1592  26.4737  22.5356  
13.3421 16.9584 16.7924 16.6681  20.4701  33.0398  
13.1931 14.9017 16.9759 14.5831  26.4749  22.5512  
12.2306 15.7808 16.994 14.8024  22.5751  29.2463  
12.6586 15.6591 16.994 12.6825  25.3049  26.3557  
12.9917 15.4206 16.994 22.5801  18.8158  26.5824  
13.1788 14.8111 16.9966 17.6046  29.7149  19.6553  
13.1765 14.8274 17.0569 13.0792  26.8088  28.1408  
13.1765 14.8284 17.013 13.301  27.1295  27.3656  
13.1767 14.8136 17.0095 15.4927  24.9778  21.5731  
12.3334 15.7942 16.981 16.21  27.928  24.3457  
16.1684 31.711 24.151 14.5498  28.6098  28.2471  
12.6193 14.7769 17.8782 14.6982  31.1157  28.6501  
27.4416 18.6093 27.9009 17.7124  23.0405  30.7858  
13.0663 14.8951 17.9684 16.3426  23.7584  23.2811  
13.0038 14.7681 17.9805 15.2448  27.5933  33.9443  
13.0109 14.7193 17.9811 16.1678  30.3992  35.4828  
13.5534 15.2463 17.63 16.7066  29.9439  31.8562  
13.1931 14.9048 17.9423 16.8793  26.184  25.6365  
13.9683 15.0101 17.1276 10.3523  14.5681  20.9349  
13.4955 15.0662 17.7799 17.2961  27.6754  22.9545  
23.3233 24.5201 20.0234 19.6901  24.2341  32.261  
13.2833 15.8478 17.1236 17.6306  35.4816  20.4968  
28.1498 25.6185 23.9794 18.7492  31.7512  29.1449  
0.592226 0.501789 0.773661 19.8151  0.400799  0.134373  
0.0303177 0.0835116 1.02367 0.101559  10.4069  1.11559  
0.057587 0.46378 0.936725 0.0871625  0.14836  17.4692  
0.987552 0.0917133 0.402627 1.04559  0.0944876  0.0417543  
0.9954 0.255832 0.0301779 11.394  0.675102  0.0870385  
0.517656 1.04259 0.035553 4.21135  0.243676  0.522527  
3.29968 0.489933 0.0038544 4.27174  1.05086  0.0839908  
0.613273 0.0753603 0.957516 4.56159  0.518211  0.76939  
0.440216 0.209762 0.93749 4.15195  0.81385  0.488327  
0.455444 0.0551276 5.09175 3.8452  0.21248  1.10409  
0.0750182 0.668199 0.821286 3.97875  1.27124  0.0936007  
0.0974893 0.68908 0.796162 4.30631  0.69231  0.533035  
1.05594 0.0683804 0.0291533 3.64649  1.06021  0.496264  
0.0433765 1.06437 0.0377012 2.83207  0.154853  1.17955  
0.00657422 4.37775 1.16049 5.0193  0.426422  0.461966  
0.0102026 0.157339 4.88596 3.88492  0.0846411  1.23476  
0.287274 1.04601 0.20991 3.97488  0.285798  1.03776  
0.251307 0.125319 1.00324 4.07081  0.186997  1.06464  
0.0976345 0.81709 0.671621 4.99613  2.69636  0.0919721  
0.874406 0.59197 0.0327026 3.98144  0.908032  0.763696  
0.519883 1.03498 0.137436 7.42742  2.66805  0.87411  
0.679691 0.266593 0.764156 4.23004  0.318818  1.06586  
2.34555 0.0551276 3.09725 5.11551  3.97908  0.649678  
5.60071 0.0578163 0.760368 4.42393  0.240501  0.989363  
0.105844 1.02196 0.274363 9.53673  1.31936  3.85813  
0.730734 0.0822787 0.910529 5.00498  0.335619  4.17086  
0.137628 0.720152 0.765747 0.821752  0.777755  0.0487758  
0.537822 0.589044 0.737305 6.76412  2.25789  3.75015  
0.514174 0.610534 0.736627 4.86151  3.98763  0.598476  
0.462774 0.0738991 0.993644 4.42016  0.388046  4.13741  
0.679952 0.821209 0.0338415 4.34236  4.03434  1.11978  
0.0634291 1.06069 0.0346329 4.32321  1.06461  3.96165  
0.77521 0.726412 0.0327026 4.43316  4.1779  2.99924  
1.04559 0.0944876 0.0417543 4.03647  0.181524  4.98012  
0.949882 0.105615 0.398675 5.03004  6.11158  0.108303  
1.24298 0.448795 0.00484359 6.24134  4.57931  4.5625  
0.0830191 1.05454 0.0378961 3.86403  4.1013  1.09684  
0.118327 0.0860211 1.01717 0.679691  0.266593  0.764156  
0.0850951 0.772131 0.710954 3.43869  4.99007  0.605871  
0.684725 0.159801 0.766793 3.53228  1.31936  3.85813  
0.709499 0.267018 0.739215 3.8749  4.45566  1.29029  
0.420145 0.492691 0.860707 2.27527  0.111529  5.01899  
0.633597 0.875866 0.0437231 4.04143  5.11218  0.210153  
0.699807 0.1262 0.7584 4.0463  3.14546  4.2406  
0.848258 0.624437 0.0316718 3.26765  4.28853  1.19713  
4.47761 0.0566246 1.0646 3.14866  0.818749  4.78712  
0.092262 0.566054 0.882747 3.36445  4.58471  1.29965  
0.0930603 1.05381 0.0423268 3.74064  0.745185  5.47339  
0.951099 0.0563871 1.07062 3.77493  4.47262  3.21086  
0.359392 0.0959446 1.00881 0.481715  0.196404  4.78712  
0.0102792 0.0721368 1.35272 0.79089  4.77802  0.119354  
0.951767 0.388267 0.323326 0.561306  0.653049  0.733111  
0.566274 0.90359 0.0346703 3.71769  6.73994  2.52679  
0.933177 0.145747 0.418557 2.10189  0.157347  4.98779  
0.0325507 0.105972 1.0147 2.1127  4.83329  0.986497  
0.742392 0.788202 0.0768114 3.6781  3.08229  6.99342  
1.03103 7.45194 0.00423032 2.80799  4.80478  3.9757  
1.04564 0.0912248 0.0434085 1.10434  0.384787  3.81226  
0.815611 0.676937 0.0327026 1.05899  4.02932  0.48427  
0.688142 0.771103 0.433915 0.525218  3.89355  4.91459  
0.940565 0.150236 0.40335 2.7418  7.00176  3.96148  
0.702123 0.799991 0.0643064 1.27803  0.509317  3.85877  
1.00912 0.157962 0.036776 0.952424  8.16554  2.2864  
0.561784 0.620753 0.722391 4.06122  2.48028  5.97242  
0.646589 0.709053 0.495944 2.3005  4.23362  4.46321  
0.301952 0.217562 0.973578 0.949882  0.105615  3.87426  
0.186661 0.937035 0.646972 1.01248  4.28427  0.0325338  
0.403791 0.985839 0.409242 1.19914  3.80173  4.0694  
0.865134 0.144842 0.553989 0.0785573  5.27826  0.154592  
0.435494 0.474479 0.860707 0.432727  1.12395  3.83114  
0.896742 0.535342 0.0329934 0.956494  4.20546  0.323326  
1.00348 0.0625265 0.331001 0.632909  3.8621  5.03306  
0.970767 0.386065 0.0380244 1.17387  6.16385  3.96148  
0.0955514 1.05114 0.131825 0.599452  0.39967  4.12106  
0.0967739 0.513369 0.916051 0.799508  4.67359  0.245924  
0.0924454 0.720938 0.770266 0.662539  2.7478  3.87154  
0.576402 0.0721008 0.970212 0.576859  7.80803  3.08246  
0.321452 0.946488 0.483261 0.741661  0.620709  4.41704  
0.8098 0.410408 0.622955 0.632906  3.58221  0.927974  
0.433611 0.895257 0.658764 0.662539  2.7478  7.82463  
1.01647 0.134212 0.0353844 0.945079  4.44792  3.69857  
0.717296 0.718988 0.425853 0.118327  0.0860211  1.01717  
0.0710351 1.01415 0.521851 0.0975861  1.05381  0.0414971  
0.490842 0.94182 0.358554 0.137628  0.720152  0.765747  
0.561496 0.255136 0.878447 0.227956  3.79595  1.39559  
0.653923 0.190519 0.813814 0.0698073  1.02752  3.8498  
0.706457 0.794933 0.0319664 0.39257  4.53282  0.940565  
0.0914294 0.333924 0.986375 0.229646  1.04072  4.66058  
0.335833 0.992459 0.411697 0.335938  4.17796  3.01842  
0.00988786 2.34248 5.27101 0.0480252  0.131248  1.0147  
0.95728 0.41719 0.197935 0.287327  4.6715  0.524489  
0.0385394 0.919824 0.763696 0.331877  3.66173  5.50199  
1.1291 0.0683816 0.0290147 0.143668  4.02116  1.34406  
0.178774 0.112563 1.00533 0.179746  0.457205  4.5368  
0.191603 1.01179 0.469243 0.0267935  3.95523  1.07071  
0.546572 0.374021 0.897035 0.0815366  1.27073  4.08748  
0.505395 0.245068 0.931254 0.0710911  4.97113  3.87227  
1.00386 0.190956 0.209466 0.0597192  0.160621  4.88596  
0.0839034 0.114056 1.01375 0.0401435  5.11064  0.0750165  
0.796092 0.274228 0.648004 0.0508017  8.55809  9.1113  
