6.61108 4.82724 6.61108  4.82724  
5.3305 4.20625 5.3305  4.20625  
7.25764 5.04414 7.25764  5.04414  
5.76077 4.36245 5.76077  4.36245  
7.63917 4.1187 7.63917  4.1187  
6.18158 6.57006 6.18158  6.57006  
7.84123 5.78707 7.84123  5.78707  
5.25082 6.20769 5.25082  6.20769  
6.48337 5.30321 6.48337  5.30321  
6.98088 5.45637 6.98088  5.45637  
6.85507 4.7529 6.85507  4.7529  
6.62151 6.29189 6.62151  6.29189  
6.12592 6.08731 6.12592  6.08731  
6.14163 5.22247 6.14163  5.22247  
5.44762 5.21695 5.44762  5.21695  
6.07431 5.779 6.07431  5.779  
5.24667 5.00813 5.24667  5.00813  
5.93386 5.77813 5.93386  5.77813  
5.67031 5.6075 5.67031  5.6075  
7.35959 7.35909 7.35959  7.35909  
7.1993 5.2089 7.1993  5.2089  
7.06561 5.71769 7.06561  5.71769  
6.68335 4.71292 6.68335  4.71292  
5.2371 4.83526 5.2371  4.83526  
5.58847 5.66236 5.58847  5.66236  
7.73456 7.43003 7.73456  7.43003  
5.66164 6.73299 5.66164  6.73299  
6.93379 5.19417 6.93379  5.19417  
5.26249 4.45553 5.26249  4.45553  
6.10065 4.51203 6.10065  4.51203  
4.55558 5.89151 4.55558  5.89151  
6.20265 5.78981 6.20265  5.78981  
6.15812 5.84276 6.15812  5.84276  
5.94717 5.58395 5.94717  5.58395  
7.78641 6.64565 7.78641  6.64565  
5.57569 6.71747 5.57569  6.71747  
5.63654 5.12521 5.63654  5.12521  
7.33414 4.79175 7.33414  4.79175  
5.97834 5.92427 5.97834  5.92427  
7.41543 6.04427 7.41543  6.04427  
6.25181 4.91621 6.25181  4.91621  
6.61394 5.77311 6.61394  5.77311  
6.72436 5.64461 6.72436  5.64461  
5.86505 4.23853 5.86505  4.23853  
5.87632 4.87905 5.87632  4.87905  
5.63577 4.79167 5.63577  4.79167  
7.7665 5.48344 7.7665  5.48344  
6.29379 5.9455 6.29379  5.9455  
4.86457 7.51837 4.86457  7.51837  
5.6284 4.05039 5.6284  4.05039  
6.27789 5.74472 6.27789  5.74472  
7.40624 5.12015 7.40624  5.12015  
6.16861 5.57547 6.16861  5.57547  
6.35042 6.85732 6.35042  6.85732  
5.65904 5.69749 5.65904  5.69749  
5.31622 7.29537 5.31622  7.29537  
6.29564 6.3067 6.29564  6.3067  
7.02174 5.43497 7.02174  5.43497  
6.85073 4.94565 6.85073  4.94565  
7.03064 6.68563 7.03064  6.68563  
5.18806 6.16682 5.18806  6.16682  
5.81891 4.07081 5.81891  4.07081  
6.28352 6.65013 6.28352  6.65013  
5.60188 6.49797 5.60188  6.49797  
6.19002 6.62727 6.19002  6.62727  
6.03845 5.49066 6.03845  5.49066  
4.8537 4.33841 4.8537  4.33841  
6.0956 5.76874 6.0956  5.76874  
7.43826 6.68461 7.43826  6.68461  
7.23187 5.1978 7.23187  5.1978  
5.80288 6.14022 5.80288  6.14022  
6.48198 6.35477 6.48198  6.35477  
6.18511 5.63889 6.18511  5.63889  
7.28043 7.03143 7.28043  7.03143  
6.57357 4.91088 6.57357  4.91088  
5.76168 4.9284 5.76168  4.9284  
5.51021 6.11899 5.51021  6.11899  
7.3653 5.26924 7.3653  5.26924  
7.98499 6.56813 7.98499  6.56813  
6.17689 5.68081 6.17689  5.68081  
6.22309 6.44785 6.22309  6.44785  
6.13349 4.95777 6.13349  4.95777  
6.39327 7.57045 6.39327  7.57045  
4.58773 5.26603 4.58773  5.26603  
6.45858 5.80926 6.45858  5.80926  
5.4148 4.81996 5.4148  4.81996  
7.92994 5.5757 7.92994  5.5757  
6.29218 6.15555 6.29218  6.15555  
6.50509 5.04284 6.50509  5.04284  
5.55875 5.71563 5.55875  5.71563  
7.07453 5.89351 7.07453  5.89351  
5.73822 5.64639 5.73822  5.64639  
6.17092 4.95228 6.17092  4.95228  
6.99925 4.56003 6.99925  4.56003  
6.65349 5.10665 6.65349  5.10665  
7.49693 4.52581 7.49693  4.52581  
6.14885 8.27412 6.14885  8.27412  
5.85674 5.67302 5.85674  5.67302  
7.03229 6.46613 7.03229  6.46613  
6.3789 7.28541 6.3789  7.28541  
2.44597 2.68907 5.28502  4.00173  
2.20447 3.09617 4.45711  6.29229  
3.09694 2.25247 7.02579  4.17704  
2.75422 2.48125 7.16755  3.89856  
2.83301 2.41969 6.19633  3.59708  
2.57437 2.57766 6.70775  3.55423  
2.43754 2.69882 6.99658  3.32447  
2.60297 2.55543 6.5099  3.32041  
2.21659 3.0102 6.67287  3.27451  
2.28605 2.92129 6.01424  2.53136  
2.38952 2.7764 6.76356  3.19474  
2.48901 2.65111 8.49256  3.10769  
2.3565 2.78357 6.71528  2.75638  
2.96516 2.32535 7.97517  3.0299  
2.55244 2.61895 7.20298  2.96855  
2.40937 2.7715 5.88707  2.78577  
2.40635 2.77482 6.21849  2.87439  
2.41052 2.75174 5.76708  2.86573  
2.56167 2.60769 6.80514  3.11012  
2.9473 2.33084 6.3463  3.07992  
2.42772 2.7322 6.38245  3.21125  
2.34126 2.84284 5.76433  3.08709  
2.28194 2.9281 5.86873  3.1627  
2.30968 2.89626 5.48272  3.12384  
2.73413 2.4911 5.70991  3.22855  
2.52312 2.64857 5.25132  3.17272  
4.90046 4.00687 5.62553  3.33041  
2.9017 2.3791 5.28832  3.29557  
2.91558 2.374 5.54742  3.45283  
2.32384 2.85798 5.55316  3.44947  
2.29524 2.90657 5.11239  3.40608  
3.16994 2.21525 5.09327  3.44958  
2.44065 2.6942 5.27397  3.59781  
2.76392 2.47689 5.303  3.68629  
2.38326 2.79011 5.06606  3.64172  
2.88003 2.38471 5.31338  3.82144  
2.82028 2.42819 5.00989  3.73988  
2.66987 2.53243 5.10189  3.86056  
2.27305 2.94341 5.4612  4.23232  
2.68215 2.49993 5.21631  4.06537  
2.6729 2.50644 4.84513  3.92326  
2.43332 2.70293 4.88922  4.00381  
2.47724 2.66165 4.99409  4.17006  
3.0286 2.28574 4.57457  3.96323  
2.76579 2.44563 4.54296  4.00696  
2.85252 2.38652 4.43396  4.01178  
2.56858 2.60566 4.50087  4.09316  
2.47579 2.67894 4.77885  4.45234  
2.23913 2.98614 4.81832  4.49834  
2.65603 2.54579 4.31501  4.20425  
3.46403 6.99148 4.64687  4.70431  
2.63818 2.56028 4.34483  4.40428  
2.35156 2.82934 4.63196  4.727  
2.79713 2.43998 4.26437  4.50016  
2.97252 2.3166 4.36853  4.73594  
2.58889 2.5905 4.37779  4.91927  
3.66323 6.84323 4.14006  4.64511  
3.21089 2.22924 4.16536  4.77693  
2.62098 2.57205 4.1312  4.85898  
2.92856 2.36859 3.91033  4.63535  
2.78791 2.45457 4.0372  4.9355  
2.87007 2.4034 3.98099  4.96325  
3.01566 2.31597 4.04066  5.17373  
2.48395 2.68361 3.8452  4.96787  
2.45751 2.69882 3.78865  5.01049  
2.35027 2.82973 3.78353  5.1222  
2.96991 2.33958 3.70225  5.10387  
2.77358 2.46429 2.44065  2.6942  
2.34612 2.83499 3.79931  5.3378  
2.3416 2.84082 3.55653  5.61442  
2.95123 2.36246 3.58651  5.45285  
3.08641 2.28485 3.49332  5.36017  
2.22299 3.04653 3.45233  5.5646  
2.47701 2.69222 3.41797  5.49469  
2.50269 2.66865 3.43717  5.82368  
2.29806 2.89891 3.25001  6.04985  
2.51141 2.65746 3.33681  5.83702  
2.68742 2.51545 3.25594  5.75025  
2.77783 2.45496 3.16928  5.67558  
2.34208 2.83692 3.11689  5.70221  
3.10498 2.27984 3.10839  5.87359  
3.15983 2.23568 3.03684  5.80289  
4.35476 5.10092 3.05131  6.49069  
2.45086 2.71046 2.97693  6.06732  
3.21672 2.22189 3.10471  7.17234  
2.95718 2.35083 3.28176  8.42663  
2.682 2.52205 3.43696  6.39781  
2.36512 2.82753 3.45625  6.33992  
3.10441 2.28279 3.53388  7.53267  
2.60535 2.57934 3.86267  5.87002  
2.5867 2.59976 3.88918  8.7667  
2.37487 2.79499 4.0877  5.74027  
2.51918 2.64964 4.15669  6.41458  
2.44902 2.71504 4.19174  6.23728  
2.25998 2.96441 4.26838  5.01681  
2.90965 2.37603 4.3502  5.05778  
2.47313 2.69817 4.44626  6.6329  
2.42174 2.73844 4.79337  6.00926  
3.03363 2.31486 4.83195  6.55659  
7.4432 4.6004 4.41872  4.58769  
2.33746 2.57802 5.67654  3.7668  
2.95248 2.15654 3.62327  4.60208  
2.86423 2.20262 4.82392  3.75014  
2.56565 2.37258 6.72939  3.13284  
2.68875 2.34563 4.51527  3.05422  
2.42213 2.47302 5.11309  2.96095  
2.8116 2.23121 6.83093  2.45284  
2.45817 2.45508 4.52249  2.29478  
2.13633 2.77316 4.35363  2.32356  
2.15482 2.74681 4.46109  2.34702  
2.26105 2.60801 4.4845  2.38527  
2.40589 2.53843 5.07113  2.48136  
2.2496 2.61732 6.03327  2.66054  
2.77457 2.263 5.25299  2.56704  
2.48848 2.42482 5.63484  2.67345  
2.24229 2.64653 5.05238  2.64421  
2.7245 2.29431 4.59023  2.60493  
2.21095 2.68232 4.54918  2.63216  
2.20168 2.73399 4.92217  2.73397  
2.61918 2.3696 4.61842  2.72821  
2.29575 2.59729 4.79019  2.80924  
2.05848 2.92152 4.37812  2.75033  
2.03333 3.0014 4.46785  2.80165  
2.42049 2.51896 4.12512  2.75654  
1.9805 3.10302 4.02256  2.76078  
2.41324 2.52739 3.87857  2.75536  
2.63184 2.35564 4.08214  2.85484  
2.15808 2.74451 4.29673  2.97828  
2.22799 2.65018 4.26013  2.99592  
2.38695 2.54094 4.39624  3.09579  
5.91395 3.78006 3.91654  2.94095  
2.90787 2.17973 4.11597  3.08861  
2.25478 2.61396 4.15155  3.12226  
2.13297 2.79834 3.99732  3.10008  
2.17911 2.73681 3.86098  3.09051  
2.34864 2.55007 3.95798  3.16137  
2.56412 2.42038 3.87716  3.18741  
5.53962 3.37818 3.81823  3.19859  
2.42492 2.53478 3.89003  3.29142  
2.90212 2.22578 3.99397  3.33147  
2.99036 2.17807 3.85414  3.37644  
2.93774 2.21261 3.95978  3.48876  
2.31314 2.63482 4.00378  3.59314  
5.11435 3.49167 3.78371  3.48041  
5.98912 3.26914 3.44259  3.27082  
5.58437 3.47591 3.63825  3.46457  
2.70121 2.34034 3.35817  3.30232  
2.14099 2.95833 3.61193  3.56016  
3.07593 2.16036 3.38333  3.42103  
2.4658 2.51761 3.51921  3.61154  
2.28756 2.66656 3.53539  3.67552  
2.76784 2.29773 3.28809  3.49979  
2.28698 2.68242 3.43739  3.71362  
2.24473 2.7062 3.37095  3.69433  
2.37602 2.60264 3.42303  3.81743  
2.49757 2.47541 3.35377  3.8077  
2.65947 2.36411 3.3409  3.94471  
2.29761 2.64589 3.22042  3.77723  
4.45364 3.38197 3.15603  3.73582  
3.03375 2.28021 3.1985  3.89168  
2.93394 2.33555 3.28097  4.08334  
2.38614 2.73021 3.14856  3.95248  
2.92685 2.34276 3.09987  3.95775  
2.47896 2.65368 2.25078  2.61732  
3.08652 2.24437 3.08971  4.17539  
2.40968 2.68457 3.04634  4.13774  
7.02334 2.84551 3.09071  4.2972  
3.13389 2.2201 2.94116  4.53816  
2.52889 2.59889 3.02734  4.4286  
2.96842 2.30772 2.95815  4.32299  
2.48954 2.6321 2.86336  4.21657  
3.08382 2.24577 2.87274  4.33417  
2.39749 2.71848 2.81211  4.29178  
2.89177 2.36402 2.80575  4.38742  
2.72217 2.45682 2.72487  4.31868  
2.42419 2.70566 2.7076  4.34998  
2.71201 2.46362 2.72625  4.55969  
3.01062 2.30696 2.64977  4.44094  
2.4494 2.66806 2.59823  4.36698  
2.62483 2.52467 2.6056  4.73635  
2.63849 2.51475 2.57949  4.55449  
2.41358 2.71043 2.57955  4.71355  
2.50035 2.62279 2.49673  4.54468  
6.14991 4.00773 2.47252  4.58095  
3.21672 2.22189 2.42526  4.53201  
2.95718 2.35083 2.43132  4.85049  
2.682 2.52205 2.3737  4.65516  
2.36512 2.82753 2.334  4.60295  
3.10441 2.28279 2.29014  4.59534  
2.60535 2.57934 2.38295  5.41129  
2.5867 2.59976 2.26063  4.77033  
2.37487 2.79499 2.28469  5.34788  
2.51918 2.64964 2.3031  5.7453  
2.44902 2.71504 2.3385  6.08739  
2.25998 2.96441 2.41402  5.1982  
2.90965 2.37603 2.48358  4.88686  
2.47313 2.69817 2.60864  5.58028  
2.42174 2.73844 2.94318  5.57628  
3.03363 2.31486 3.2438  5.60164  
7.4432 4.6004 3.44626  4.24714  
1.77965 2.00615 3.15396  2.05231  
1.98436 1.80703 2.32313  3.00207  
1.5068 2.1667 3.66726  3.35376  
1.42461 2.21491 4.0384  2.91121  
1.37994 2.34275 3.85079  2.6237  
1.29608 2.47974 2.49694  1.79695  
1.52694 2.12558 4.52329  1.86454  
1.44051 2.207 3.94399  2.58846  
2.16385 1.76409 3.86723  2.48175  
1.96708 1.8757 3.90641  1.97764  
2.14152 1.78711 2.52189  1.86543  
1.41662 2.23127 2.65599  1.90441  
1.83736 1.94348 4.81197  2.08275  
1.69975 2.06415 3.78371  2.44236  
1.65289 2.0905 3.94121  2.12506  
1.28573 3.28898 4.8285  2.35591  
1.489 2.18241 2.63144  1.99991  
1.3254 2.35074 3.04614  2.09355  
1.25803 3.39118 2.4758  2.00361  
1.92458 1.92985 3.95076  2.24202  
1.27536 3.37456 3.37714  2.25745  
1.24456 4.50824 3.84904  2.3587  
1.41091 2.30052 3.45451  2.35802  
1.30716 2.40772 3.11196  2.26978  
1.43238 2.20767 3.35944  2.3569  
1.21968 5.02837 3.51513  2.40197  
1.24871 3.8517 2.32313  2.11357  
3.15396 2.05231 3.63578  2.55  
2.12586 1.79695 3.37401  2.55447  
4.402 2.72703 3.0966  2.50862  
4.3581 2.66974 2.45392  2.25576  
3.315 1.75519 2.5447  2.32847  
1.27719 3.35426 2.56115  2.36405  
2.09544 1.79831 2.57526  2.39331  
3.63473 3.5712 2.3298  2.30522  
2.21501 1.97906 2.13973  2.23171  
2.27518 1.94343 2.83077  2.62151  
1.68733 2.32304 2.6057  2.52635  
3.11366 2.85885 2.0905  2.27276  
1.67122 2.39223 2.49214  2.53675  
2.58019 1.85905 2.61767  2.68796  
1.71051 2.31111 2.36331  2.52907  
1.7486 2.28472 3.03883  2.78304  
1.46633 5.83697 2.38228  2.61237  
1.4845 5.3555 2.01541  2.36407  
1.50282 4.84766 2.25245  2.58499  
2.02172 2.11499 2.3245  2.6666  
1.77798 2.26398 2.11253  2.52773  
1.52345 2.62675 2.30107  2.73108  
2.42913 4.04506 2.44141  2.92502  
2.28756 2.66656 2.04756  2.57408  
2.76784 2.29773 2.69141  3.35376  
2.28698 2.68242 2.57358  3.16875  
2.24473 2.7062 2.44637  3.09582  
2.37602 2.60264 2.48821  3.18228  
2.49757 2.47541 2.27372  3.0652  
2.65947 2.36411 1.97212  2.70087  
2.29761 2.64589 3.04614  3.08721  
4.45364 3.38197 1.93743  2.71531  
3.03375 2.28021 2.22206  3.30513  
2.93394 2.33555 1.89931  2.76485  
2.38614 2.73021 1.88604  2.83576  
2.92685 2.34276 1.87406  2.81229  
2.47896 2.65368 1.84602  2.80577  
3.08652 2.24437 2.03959  3.21316  
2.40968 2.68457 2.14017  3.3683  
7.02334 2.84551 2.33998  3.99842  
3.13389 2.2201 2.05335  3.42936  
2.52889 2.59889 1.43238  2.20767  
2.96842 2.30772 1.98209  3.54562  
2.48954 2.6321 1.71688  2.90773  
3.08382 2.24577 1.95443  3.54718  
2.39749 2.71848 2.12491  4.51096  
2.89177 2.36402 1.95409  3.72583  
2.72217 2.45682 1.73951  3.27185  
2.42419 2.70566 1.88871  3.83827  
2.71201 2.46362 2.00983  4.33718  
3.01062 2.30696 1.70831  3.49464  
2.4494 2.66806 1.59206  3.23181  
2.62483 2.52467 1.60791  3.22832  
2.63849 2.51475 1.5757  3.19547  
2.41358 2.71043 1.54058  3.14331  
2.50035 2.62279 1.54129  3.23653  
6.14991 4.00773 1.48899  3.10328  
3.21672 2.22189 1.60667  4.06187  
2.95718 2.35083 1.44796  3.07407  
2.682 2.52205 1.42461  3.02895  
2.36512 2.82753 1.45154  3.39037  
3.10441 2.28279 1.41064  3.37549  
2.60535 2.57934 1.39977  3.25601  
2.5867 2.59976 1.47846  4.18544  
2.37487 2.79499 1.42461  3.9094  
2.51918 2.64964 1.40519  4.05978  
2.44902 2.71504 1.38301  4.23915  
2.25998 2.96441 1.36216  4.16402  
2.90965 2.37603 1.38071  4.64628  
2.47313 2.69817 1.29187  4.34386  
2.42174 2.73844 1.47974  5.34881  
3.03363 2.31486 1.58323  4.65965  
7.4432 4.6004 2.01809  3.705  
0.170881 0.586622 2.75962  0.422106  
0.0897255 0.700458 0.427807  2.01861  
0.179988 0.57575 1.73458  0.00857054  
0.743902 0.137503 1.29422  0.0201279  
0.68221 0.17404 1.30681  0.0121591  
0.723704 0.149292 1.69585  0.0201279  
0.831372 0.0882042 1.2651  0.053482  
0.00761454 1.09181 1.60727  0.0793144  
0.903277 0.0495911 2.64588  0.386324  
0.13007 0.639348 2.28058  0.177374  
0.403484 0.364796 1.17848  0.111913  
0.241435 0.50864 1.18469  0.106563  
0.487383 0.301872 1.44892  0.169783  
0.97583 0.0121591 1.49257  0.154403  
7.4744e-05 1.1807 1.10392  0.161972  
0.138251 0.628179 1.52897  0.177374  
0.254656 0.495365 2.09942  0.344323  
0.571554 0.243988 1.87723  0.334537  
0.435875 0.339791 2.06247  0.422106  
0.0140518 0.88146 1.87797  0.426816  
0.296912 0.455104 0.702292  0.161972  
0.780073 0.116783 1.28867  0.292281  
0.629779 0.206414 1.34719  0.305408  
0.553908 0.25575 1.20129  0.337127  
0.324685 0.430189 1.18791  0.354185  
0.308903 0.444209 1.16713  0.367622  
0.811612 0.099105 1.16841  0.389627  
0.750265 0.133821 1.29159  0.429472  
0.0560414 0.763269 1.26204  0.4563  
0.0457107 0.786199 1.0946  0.427024  
0.76897 0.12309 0.810781  0.331721  
1.17211 0.00173755 1.20725  0.517398  
0.219509 0.531483 0.786281  0.354185  
0.530679 0.271523 1.03658  0.485845  
0.528095 0.273298 1.0451  0.515515  
0.261305 0.48882 1.49257  0.738492  
0.80097 0.105031 0.740496  0.40071  
0.272664 0.477828 0.832821  0.473602  
0.426554 0.346889 0.731117  0.423883  
0.102588 0.679706 0.915491  0.554538  
0.657381 0.18921 1.23202  0.827483  
0.236274 0.513919 0.681691  0.459717  
0.23057 0.519823 0.757712  0.531388  
0.148016 0.615271 1.11565  1.02138  
0.346697 0.41119 0.707547  0.552999  
0.578628 0.239324 0.638811  0.499674  
0.712959 0.155631 0.849677  0.67571  
0.212509 0.539013 0.929092  0.820993  
0.249314 0.500686 0.731117  0.816225  
0.283632 0.467429 0.740496  0.797018  
0.267066 0.483215 0.78058  0.767309  
0.20877 0.543087 0.764266  0.780882  
0.839911 0.0835332 0.747244  0.7954  
0.193785 0.55979 0.731117  0.813115  
0.109017 0.669822 0.718832  0.829863  
0.0286615 0.830703 0.671567  0.876719  
0.15068 0.611825 0.671913  0.85192  
0.383065 0.381078 0.671163  0.856026  
0.689891 0.169403 0.645949  0.867429  
0.360727 0.399394 0.638811  0.900048  
0.872613 0.0658625 0.582033  0.905701  
0.910086 0.0460155 0.446381  0.689744  
0.933911 0.0336091 0.440467  0.70691  
0.702292 0.161972 0.542292  0.91272  
0.198224 0.554776 0.529113  0.926928  
0.4534 0.32665 0.5347  0.972167  
0.445972 0.332189 0.256431  0.49361  
0.499052 0.293564 0.49621  1.01663  
0.866247 0.0692762 0.50706  1.01681  
0.923225 0.0391539 0.356947  0.791781  
0.224969 0.525691 0.5347  1.36408  
0.186699 0.567913 0.33352  0.81483  
0.81886 0.0950913 0.42798  1.0699  
0.854094 0.0758279 0.40756  1.09978  
0.279093 0.471707 0.522056  1.36939  
0.509457 0.286237 0.440467  1.34289  
0.986054 0.00699728 0.275951  0.871241  
0.372555 0.389627 0.528486  1.59152  
0.161679 0.597906 0.250561  0.893596  
0.670014 0.181456 0.491333  1.95489  
0.315466 0.438337 0.309845  1.24099  
0.478304 0.308405 0.289527  1.24772  
0.494123 0.297061 0.275951  1.26714  
0.469105 0.315088 0.259627  1.26999  
0.883052 0.0602915 0.241024  1.29298  
0.460943 0.321072 0.218801  1.26433  
0.290723 0.460813 0.201004  1.34743  
0.417078 0.354185 0.188663  1.30157  
0.954603 0.022962 0.166154  1.97811  
0.942058 0.0294033 0.160436  1.35134  
0.760601 0.127875 0.149264  1.3905  
0.302235 0.450241 0.129656  1.36939  
1.37415 0.000142135 0.115872  1.37685  
0.603346 0.223247 0.128473  1.81538  
0.33352 0.422489 0.0994881  1.9299  
0.893922 0.0545255 0.0574209  1.52016  
0.966907 0.0166857 0.0574209  1.92194  
0.789338 0.111553 0.0380217  2.01861  
0.73591 0.142148 0.00660862  4.06098  
0.39253 0.373478 0.00964974  2.30626  
