7.26189 4.86606 7.26189  4.86606  
7.16262 6.52316 7.16262  6.52316  
6.41477 5.68372 6.41477  5.68372  
5.9622 5.68445 5.9622  5.68445  
6.1166 5.62114 6.1166  5.62114  
6.37424 5.04909 6.37424  5.04909  
7.01624 4.61609 7.01624  4.61609  
5.66049 5.495 5.66049  5.495  
7.09096 5.17938 7.09096  5.17938  
5.25588 5.24991 5.25588  5.24991  
6.25128 4.51884 6.25128  4.51884  
7.32251 6.74566 7.32251  6.74566  
5.91217 6.2491 5.91217  6.2491  
5.08576 5.46114 5.08576  5.46114  
6.22744 7.14288 6.22744  7.14288  
6.1637 4.3293 6.1637  4.3293  
6.99929 6.11667 6.99929  6.11667  
4.68049 5.38175 4.68049  5.38175  
5.95684 6.13329 5.95684  6.13329  
7.00138 4.97667 7.00138  4.97667  
5.15324 7.61815 5.15324  7.61815  
7.23976 4.76723 7.23976  4.76723  
6.61931 5.60927 6.61931  5.60927  
6.14549 5.62102 6.14549  5.62102  
6.91077 4.72505 6.91077  4.72505  
6.48561 6.30988 6.48561  6.30988  
7.31895 5.36802 7.31895  5.36802  
6.44337 5.37914 6.44337  5.37914  
7.45633 5.20599 7.45633  5.20599  
7.88236 5.80069 7.88236  5.80069  
4.71693 6.53761 4.71693  6.53761  
6.44418 5.42211 6.44418  5.42211  
7.99605 5.19002 7.99605  5.19002  
7.12505 6.25775 7.12505  6.25775  
7.92257 5.30072 7.92257  5.30072  
7.90362 6.8885 7.90362  6.8885  
6.41248 5.83154 6.41248  5.83154  
6.62026 6.59945 6.62026  6.59945  
5.1778 7.45687 5.1778  7.45687  
6.2715 5.58245 6.2715  5.58245  
6.21051 5.35067 6.21051  5.35067  
6.00549 5.7162 6.00549  5.7162  
5.11325 5.73241 5.11325  5.73241  
6.12982 7.10047 6.12982  7.10047  
7.20917 5.66987 7.20917  5.66987  
7.22518 5.97236 7.22518  5.97236  
7.01191 4.33417 7.01191  4.33417  
8.24905 6.35443 8.24905  6.35443  
6.91571 4.43079 6.91571  4.43079  
6.90885 5.14893 6.90885  5.14893  
7.65038 7.4388 7.65038  7.4388  
6.84902 6.09299 6.84902  6.09299  
7.38445 5.23991 7.38445  5.23991  
7.15516 5.9038 7.15516  5.9038  
6.75526 4.84968 6.75526  4.84968  
6.70263 7.56183 6.70263  7.56183  
7.23273 5.71722 7.23273  5.71722  
5.29528 5.55049 5.29528  5.55049  
5.27076 5.85906 5.27076  5.85906  
6.92971 5.16663 6.92971  5.16663  
5.6365 5.05457 5.6365  5.05457  
5.8247 6.23199 5.8247  6.23199  
5.23653 4.98217 5.23653  4.98217  
6.07284 5.53137 6.07284  5.53137  
7.44747 5.83557 7.44747  5.83557  
7.53068 6.36417 7.53068  6.36417  
6.35677 4.42126 6.35677  4.42126  
6.19139 6.10293 6.19139  6.10293  
5.58909 5.12962 5.58909  5.12962  
5.11132 5.86878 5.11132  5.86878  
7.33472 5.37303 7.33472  5.37303  
7.56753 5.8204 7.56753  5.8204  
7.83552 5.73182 7.83552  5.73182  
6.33294 5.48539 6.33294  5.48539  
5.59434 6.77429 5.59434  6.77429  
6.62478 5.38544 6.62478  5.38544  
6.44038 4.86527 6.44038  4.86527  
5.25276 5.84227 5.25276  5.84227  
5.07655 5.95186 5.07655  5.95186  
7.32665 5.60681 7.32665  5.60681  
6.47344 6.52092 6.47344  6.52092  
7.12857 4.61119 7.12857  4.61119  
5.95582 6.01076 5.95582  6.01076  
6.48325 4.7484 6.48325  4.7484  
7.41026 5.22079 7.41026  5.22079  
6.37431 5.50917 6.37431  5.50917  
6.60647 6.75029 6.60647  6.75029  
7.03428 6.03019 7.03428  6.03019  
7.72852 5.59876 7.72852  5.59876  
8.58352 5.80121 8.58352  5.80121  
5.51838 5.71873 5.51838  5.71873  
6.00027 5.64146 6.00027  5.64146  
7.11216 4.73552 7.11216  4.73552  
6.55895 4.99395 6.55895  4.99395  
5.1775 6.76925 5.1775  6.76925  
5.82069 6.82311 5.82069  6.82311  
7.7793 6.00091 7.7793  6.00091  
6.04014 5.75371 6.04014  5.75371  
6.20298 5.50219 6.20298  5.50219  
6.28966 5.73902 6.28966  5.73902  
3.59386 2.98973 4.98442  4.71708  
3.34529 3.16246 6.04901  4.1027  
3.15694 3.33594 5.31842  4.6892  
3.90723 2.81522 6.77083  4.31548  
3.7472 2.90215 7.0391  3.31026  
2.99869 3.54751 5.44708  4.09997  
3.39209 3.127 6.40441  5.57435  
3.19615 3.28557 6.2462  5.19198  
3.2502 3.24399 6.47181  5.03506  
3.28782 3.20803 5.87915  4.9941  
3.20375 3.2813 6.41992  3.12347  
3.72506 2.91308 5.82567  4.86354  
3.85799 2.84074 6.30131  4.79138  
3.54165 3.02313 6.08632  4.72499  
3.5401 3.02355 7.27633  4.53833  
3.17292 3.31113 6.5641  4.46561  
3.2124 3.27612 7.25451  4.28159  
3.04063 3.4793 6.34894  4.21422  
3.17415 3.31095 6.82978  4.18898  
3.65476 2.95292 7.04068  3.6742  
3.23849 3.26322 5.98027  3.48842  
3.2917 3.20544 7.11936  4.09915  
3.08893 3.41158 7.13675  3.86608  
3.5243 3.03317 5.85944  3.60249  
3.20026 3.28544 6.59671  3.83938  
3.14537 3.34346 5.70987  3.66277  
3.62987 2.97466 5.99736  3.73251  
3.63967 2.96227 5.71902  3.76312  
3.16795 3.3197 6.15616  4.03301  
3.13822 3.36069 5.70188  3.84148  
3.40678 3.11368 5.72347  4.04321  
2.98728 3.59147 5.66198  3.94604  
3.2847 3.20969 5.64312  4.00842  
3.25645 3.23351 5.57145  4.01929  
3.46032 3.08747 5.6697  4.12323  
3.18684 3.29838 5.42  4.05656  
3.11068 3.38498 5.36793  4.08241  
3.35307 3.15495 5.82956  4.24146  
3.23988 3.26079 5.26754  4.15094  
3.47059 3.06872 5.20037  4.18764  
3.97347 2.80893 5.17005  4.1952  
3.16129 3.32773 5.28092  4.3404  
3.1786 3.30996 5.07813  4.26428  
3.71026 2.92059 5.2797  4.46503  
3.59504 2.9897 5.34054  4.37062  
3.73032 2.91008 5.73919  4.74956  
3.16723 3.3213 4.96386  4.86782  
3.36285 3.14957 5.06939  4.56686  
3.18824 3.29588 4.75453  4.37553  
3.18525 3.30139 5.03378  4.67812  
3.81058 2.86895 5.01109  4.82825  
3.10383 3.39393 4.9934  4.82275  
3.70406 2.92407 4.82616  4.74928  
3.71434 2.91809 4.83577  4.79121  
3.00503 3.5375 4.74988  4.83526  
3.24454 3.25171 4.712  5.04539  
3.97842 2.8062 4.75503  5.03524  
3.18885 3.29587 4.63754  4.97514  
3.61355 2.97861 4.6378  5.04888  
3.14152 3.34805 5.02311  5.83755  
3.05146 3.46864 4.83618  5.68328  
3.19421 3.29317 4.49711  5.15247  
3.41969 3.10561 4.46307  5.19441  
3.21778 3.27028 4.40628  5.19772  
3.54392 3.02087 4.79355  5.90315  
3.52881 3.03027 4.28596  5.19085  
3.05495 3.45525 4.48079  5.66696  
3.29541 3.20157 4.29405  5.43875  
3.30072 3.19904 4.212  5.38734  
3.79107 2.87528 3.20375  3.2813  
3.26834 3.22428 4.1747  5.57113  
3.00928 3.53103 4.15652  6.0973  
3.69682 2.92813 4.04361  5.52576  
3.57074 3.00463 4.08457  5.70533  
3.18143 3.30465 4.06015  5.88702  
3.66021 2.94898 4.22724  6.16531  
3.85256 2.8422 3.95261  6.08554  
4.00166 2.80086 3.86849  5.75965  
3.73157 2.9086 3.96484  6.35979  
3.6465 2.95689 4.0284  6.82274  
3.50319 3.04663 4.3929  6.63353  
4.76863 4.71708 4.45619  6.62634  
3.9678 2.8174 4.55448  6.88808  
3.67545 2.97318 4.89036  6.66972  
3.33433 3.21331 4.90983  6.71789  
3.12076 3.43897 4.97922  6.72231  
3.60935 3.01346 5.06016  6.21493  
3.22672 3.31441 5.11023  6.56638  
3.15196 3.39871 5.118  6.62996  
3.43083 3.13687 5.19867  5.78331  
3.14512 3.40731 5.30387  6.61816  
3.58424 3.03778 5.47434  5.87023  
3.422 3.14349 5.48799  7.29176  
3.24105 3.30011 5.76117  6.41174  
3.5123 3.07828 6.04262  5.49923  
3.5047 3.08303 5.48725  4.23237  
3.2166 3.32526 4.29802  5.96112  
3.22213 3.31892 4.74837  5.68367  
3.11479 3.44795 6.27701  4.03206  
3.31687 3.23187 3.57565  6.17975  
3.48353 2.8326 5.15957  4.33676  
3.17306 3.02658 6.22256  3.53291  
2.93749 3.22065 4.75366  4.1692  
3.66849 2.73277 5.21365  4.05007  
3.02189 3.14283 5.81823  3.64062  
2.8249 3.34918 4.9498  3.6193  
3.09571 3.08358 5.44092  3.57158  
2.76565 3.43895 4.90213  3.55391  
2.95888 3.20115 5.20628  3.49898  
3.67912 2.72868 5.12704  3.46122  
2.79209 3.39585 5.6724  3.27127  
2.90992 3.24695 5.71824  3.24207  
2.72188 3.52533 6.34375  3.14078  
3.19581 3.00997 5.01909  3.02613  
3.26348 2.96385 5.02819  3.06751  
3.41356 2.87263 4.94705  3.0883  
3.13468 3.0535 5.42582  3.23839  
2.89841 3.26058 5.07571  3.18525  
3.12956 3.05789 4.8944  3.16175  
3.44472 2.85325 5.14187  3.31942  
3.45897 2.84485 4.85721  3.23087  
2.97279 3.18569 4.94189  3.28579  
2.86495 3.29924 4.95131  3.27278  
3.40251 2.88016 4.73104  3.29478  
2.7003 3.60017 4.72688  3.33254  
2.92109 3.23754 4.85721  3.39972  
2.75126 3.46265 5.03401  3.42077  
3.33976 2.91495 4.76985  3.44296  
3.02512 3.14085 4.77257  3.48523  
3.57169 2.78495 4.76692  3.53338  
3.38159 2.88994 4.52428  3.47681  
2.9636 3.19371 4.5635  3.52144  
2.88388 3.27778 4.50732  3.54164  
3.03981 3.13153 4.64874  3.64337  
3.08963 3.08905 4.66015  3.65523  
3.07398 3.10079 4.57371  3.69478  
3.0064 3.15746 4.54972  3.75452  
2.8534 3.31213 4.51162  3.75824  
2.9499 3.20709 4.51848  3.79924  
3.3899 2.88659 4.47937  3.82867  
3.54285 2.79808 4.58562  3.78625  
2.83118 3.34087 4.59131  3.97475  
3.24388 2.98 4.45387  3.95354  
2.92917 3.22941 4.07737  3.73921  
2.82086 3.35388 4.40669  4.0327  
2.98695 3.17281 4.2955  3.99502  
3.28271 2.95011 4.31571  4.14428  
3.00108 3.16262 4.22537  4.05093  
3.60847 2.76495 4.18953  4.07427  
2.78859 3.40324 4.19307  4.12093  
3.46237 2.84309 4.1329  4.13188  
3.03214 3.13563 4.10706  4.15725  
3.22873 2.98637 4.08273  4.19888  
3.47942 2.83458 4.07902  4.24966  
3.31547 2.92934 3.96949  4.19269  
3.49264 2.8247 4.01037  4.31415  
2.86053 3.30536 3.93547  4.32002  
3.56243 2.78917 3.92462  4.32935  
3.25497 2.96788 3.89218  4.3964  
3.17966 3.02023 3.83128  4.33645  
3.078 3.09842 3.86115  4.45606  
3.29999 2.94113 3.81575  4.46934  
3.52404 2.80883 3.78698  4.51096  
3.32004 2.92704 3.81276  4.51648  
3.28979 2.94725 2.96434  3.19371  
3.06878 3.10577 3.69941  4.56284  
3.62025 2.75628 3.65426  4.63063  
3.50837 2.81864 3.64409  4.63503  
3.05952 3.11056 3.64383  4.68852  
3.16754 3.03037 3.6743  4.86879  
2.73217 3.50526 3.7243  5.04102  
2.91574 3.24131 3.65779  5.29852  
3.42326 2.86559 3.49556  4.76784  
3.11958 3.06356 3.46729  4.80141  
2.94646 3.2134 3.39513  5.21356  
3.37068 2.89602 3.41026  4.85887  
3.34853 2.90965 3.3403  4.75377  
2.89575 3.26393 3.35339  4.92551  
2.77622 3.41964 3.32398  4.97078  
2.95454 3.20415 3.29502  4.99127  
2.90353 3.25559 3.34741  5.46259  
3.64201 2.74744 3.47205  6.11818  
2.79503 3.39034 3.21343  5.10999  
3.61757 2.75787 3.17034  5.10423  
2.85136 3.31595 3.17455  5.39176  
3.43276 2.85874 3.21732  5.6078  
3.33744 2.91649 3.43106  6.43767  
2.81515 3.36208 3.59402  5.53333  
3.05242 3.11778 3.6762  6.3958  
3.10091 3.08094 3.69902  6.01711  
3.60251 2.76687 3.78415  5.25085  
2.72793 3.51319 3.84718  5.30229  
2.88672 3.27421 3.86021  5.4458  
2.71496 3.54857 3.86863  4.63966  
3.01296 3.15151 3.99635  4.54344  
3.14023 3.04825 4.00983  4.45992  
2.99679 3.16562 4.01117  4.58611  
2.87555 3.28742 4.03195  4.33554  
3.32889 2.92186 4.15613  4.87008  
3.1993 3.00737 4.18644  5.40899  
2.65987 3.34909 4.01813  3.28655  
3.05978 2.89177 2.99444  4.4853  
2.87913 3.04149 3.96738  3.65994  
3.46993 2.63524 4.66651  4.54947  
2.89838 3.02787 4.07474  4.22505  
2.86688 3.05465 4.6567  3.60835  
2.83727 3.08383 5.06966  3.50714  
3.04305 3.0088 5.21952  3.35415  
3.29363 2.73499 6.04821  3.318  
3.4665 2.63615 4.91789  3.28131  
2.64321 4.80512 5.47189  2.83111  
2.87712 3.05339 5.66392  3.22653  
2.88119 3.04132 4.33858  2.76397  
2.80655 3.12011 5.72579  2.92613  
3.59262 2.56881 5.98296  3.20614  
3.3699 2.69567 5.15447  2.94561  
2.86632 3.05483 5.01003  2.97353  
2.65889 3.359 5.90125  3.08793  
3.0531 2.99691 4.40526  2.9238  
2.86948 3.05465 5.11057  3.09688  
3.03336 3.01479 4.96437  3.09057  
2.89468 3.03336 3.99556  2.90258  
2.87459 3.05434 5.18336  3.24714  
3.10253 2.86108 4.30124  3.01589  
4.01813 3.28655 3.84348  2.91933  
2.96686 3.08117 4.37302  3.08806  
2.75126 3.46265 4.71029  3.22114  
2.94435 3.09977 4.39359  3.16689  
2.99993 3.04098 3.9326  3.04492  
3.3417 2.78155 4.77841  3.30519  
3.0437 3.00544 4.3714  3.27468  
3.00327 3.04097 4.43937  3.34136  
2.87971 3.28002 4.48355  3.33115  
5.87 4.22667 3.92061  3.17345  
3.08822 3.08964 3.64221  3.06427  
2.80531 3.37332 3.63626  3.07986  
3.00803 3.15623 4.21144  3.41936  
3.10617 3.07408 4.32522  3.48185  
2.9499 3.20709 3.95738  3.35358  
3.3898 2.88409 4.18183  3.75078  
3.53784 2.80039 3.9939  3.44386  
2.83131 3.33917 3.72737  3.29963  
3.24159 2.97743 3.92199  3.49566  
2.93334 3.22271 3.78437  3.39264  
2.6893 3.63854 3.86306  3.49345  
2.98695 3.17281 4.03358  3.66269  
3.28271 2.95011 3.84533  3.56828  
2.73829 3.48846 3.81539  3.60177  
2.92366 3.23362 3.6644  3.48841  
2.78544 3.4022 3.71293  3.57288  
3.46355 2.84077 3.88926  3.72489  
3.02694 3.13742 3.66289  3.6137  
3.22873 2.98637 3.69061  3.68829  
3.47509 2.83468 3.53715  3.55374  
3.3115 2.93159 3.5613  3.61847  
3.49264 2.8247 3.7422  3.84038  
2.86092 3.30328 3.77024  3.79792  
3.55463 2.79129 3.61284  3.90311  
3.25497 2.96788 3.43778  3.6564  
3.18419 3.01669 3.43131  3.68061  
3.07519 3.09812 3.50136  3.83354  
4.03401 2.65235 3.38765  3.73812  
3.52376 2.80825 3.44951  3.89917  
3.31913 2.92745 3.48395  4.01578  
3.29282 2.94412 3.4017  3.9441  
3.06802 3.10418 3.32972  3.83151  
3.62025 2.75628 3.50645  4.09489  
2.74712 3.47075 3.27412  3.84904  
3.05952 3.11056 2.87057  3.05465  
3.16514 3.03105 3.4488  4.46383  
2.73057 3.50482 3.43161  4.37977  
2.91574 3.24131 3.2393  4.05578  
3.41827 2.86728 3.54522  4.43428  
3.11958 3.06356 3.12759  3.87623  
2.94207 3.21418 3.24758  4.30025  
3.36818 2.89747 3.22844  4.3349  
4.13196 2.62831 3.15298  4.18455  
2.89743 3.26053 3.00909  3.80661  
2.77483 3.42065 3.32128  4.98621  
3.27281 2.95687 3.35764  5.26608  
3.57905 2.77862 3.18336  4.88332  
3.64087 2.74604 3.14914  4.7899  
2.79743 3.38554 3.48596  5.04644  
3.35551 2.9047 2.8873  3.795  
2.85136 3.31595 3.03876  4.65356  
3.43276 2.85874 3.08516  5.06112  
3.34038 2.91409 3.57007  4.49629  
2.81515 3.36208 3.58827  4.85602  
3.05033 3.11803 3.59465  4.25483  
3.19905 3.00627 3.61447  4.66353  
3.60327 2.76601 3.63151  4.85807  
2.65229 4.71462 3.68189  4.35177  
2.88969 3.26969 3.68973  4.38021  
2.71372 3.54703 3.70175  4.51029  
4.24082 2.62161 3.70728  4.10917  
3.14037 3.04809 3.82634  4.67592  
2.99745 3.16383 3.87169  4.45647  
3.65804 2.73918 4.01425  4.50338  
3.33203 2.91901 4.0963  5.04586  
3.21286 2.99618 4.17321  4.71121  
0.997448 1.17634 2.99307  0.921889  
1.37114 0.915071 1.49225  2.22058  
0.85207 2.028 3.26089  0.613174  
1.0489 1.12568 2.87181  0.632021  
0.871309 1.53338 2.2082  0.637654  
0.869458 1.67933 2.07398  0.644095  
1.65171 0.735966 2.22404  0.64475  
1.539 0.803655 2.34031  0.692005  
1.19776 0.984807 2.48481  0.65348  
0.824846 2.31645 2.48978  0.713978  
1.10143 1.06448 2.15789  0.723708  
1.76121 0.675993 1.95019  0.72216  
1.38847 0.844892 2.13994  0.758497  
1.64874 0.741473 2.2232  0.769527  
1.64874 0.737881 2.25168  0.736593  
2.43648 0.60346 2.55369  0.859149  
1.67613 0.722327 1.64194  0.745584  
0.983806 1.19084 2.32332  0.883555  
1.89113 0.612132 2.73666  0.883555  
1.71122 0.703338 2.51459  0.991324  
1.11013 1.05768 2.1826  0.905594  
1.74453 0.688194 1.84346  0.851603  
1.70917 0.703865 2.07756  0.936637  
1.8298 0.641043 2.17162  0.971859  
2.09393 0.608819 2.0713  0.967236  
1.84551 0.632115 1.94822  0.953457  
1.64172 0.745584 2.76199  0.862098  
1.10113 1.06597 1.97034  1.01054  
1.1033 1.06442 1.92608  0.998146  
1.6762 0.722129 2.08343  1.0947  
1.77583 0.670886 1.8573  1.0188  
2.99307 1.11901 1.9008  1.07146  
1.66469 0.729255 1.52552  0.919992  
0.850908 2.84969 1.65341  0.998333  
1.62529 0.752736 1.66694  1.0231  
1.7681 0.67377 1.76438  1.05816  
2.58367 0.905504 1.77831  1.10445  
1.72623 0.695155 1.66606  1.08812  
1.4523 0.881937 1.63407  1.08369  
1.68916 0.716998 1.78578  1.20058  
1.6722 0.724685 1.84832  1.26404  
1.68208 0.718828 1.55139  1.09419  
2.45556 0.612512 1.78929  1.25023  
1.61834 0.759048 1.57794  1.17379  
1.66356 0.731487 1.53162  1.14205  
1.69929 0.715907 1.67889  1.29308  
4.83466 0.951719 1.39175  1.07845  
1.66471 0.728672 1.66787  1.35469  
1.6488 0.739973 1.54755  1.30563  
3.30846 0.666219 1.51337  1.26053  
1.68179 0.798324 1.52552  1.30481  
1.59209 0.848591 1.47841  1.29457  
0.901904 2.96572 1.36359  1.17634  
0.980425 1.81773 1.54987  1.31683  
1.59208 0.8521 1.57973  1.35717  
1.17918 1.15559 1.51498  1.44429  
1.59207 0.853947 1.47812  1.42282  
1.66286 0.809121 1.51747  1.53514  
1.12156 1.21784 1.25535  1.19077  
2.31564 1.37124 1.39175  1.46326  
1.36637 1.13533 1.3908  1.44026  
1.88019 0.785795 1.29411  1.3265  
1.77774 0.836358 1.38119  1.46493  
1.69085 0.894432 1.10113  1.06597  
1.97485 0.729361 1.40741  1.57317  
1.53941 0.9968 1.36061  1.58287  
2.49754 0.680617 1.31185  1.54716  
1.90163 0.771172 1.27798  1.53033  
1.75999 0.85577 1.15842  1.30773  
1.67248 0.900845 1.33474  1.71731  
2.0185 0.714017 1.24964  1.58791  
1.28048 1.21375 1.30187  1.79232  
1.20835 1.22074 1.13547  1.39924  
1.85692 0.796876 1.28757  1.82993  
0.993602 3.0303 1.32552  1.97209  
1.61402 0.944658 1.13175  1.51672  
1.81529 0.822016 1.19836  2.0206  
1.63116 0.932434 1.18721  1.94387  
1.88346 0.782618 1.15316  1.78467  
3.30052 0.682199 1.13079  1.76576  
1.8167 0.817925 1.04785  1.51832  
1.49735 1.02111 1.19836  2.26266  
1.81359 0.824544 1.05698  2.03643  
1.15221 1.3886 1.08784  1.96771  
1.33394 1.16364 1.00518  1.5649  
1.97672 0.72871 1.05088  1.97144  
1.20123 1.31529 1.04694  1.98294  
1.21223 1.29861 0.98885  1.79232  
1.24217 1.26506 1.05015  2.25577  
1.37004 1.13204 0.967624  2.44439  
1.87408 0.788403 0.967599  1.993  
1.38117 1.1225 0.968671  2.41746  
1.993 0.727803 0.938205  2.04172  
1.41038 1.09704 1.01574  3.09176  
1.13684 1.41273 1.0452  3.69227  
1.11957 1.45363 1.07799  4.41746  
1.20393 1.31074 1.09875  2.99312  
1.84134 0.804762 1.11118  3.11637  
1.39274 1.11295 1.26915  2.15152  
1.57829 0.967088 1.28007  3.60766  
0.766982 0.506101 1.22927  0.239373  
1.14832 0.280731 0.229448  1.62541  
0.879777 0.432841 1.2231  0.242548  
1.19931 0.254658 1.19942  0.254449  
0.264523 1.05173 1.18029  0.264207  
0.236554 1.15451 1.16345  0.272948  
0.970406 0.378502 1.14526  0.282863  
1.02875 0.345326 1.12619  0.2927  
0.589585 0.639143 1.10856  0.301709  
0.809614 0.477569 1.09372  0.309695  
0.633355 0.603761 1.07511  0.319695  
0.364962 0.871162 1.0593  0.328437  
0.244853 1.1151 1.04372  0.336991  
0.706957 0.54828 1.02875  0.345326  
1.17925 0.264771 1.01327  0.354098  
0.343423 0.901579 1.00036  0.36132  
1.1621 0.274106 0.986007  0.369635  
0.89357 0.424468 0.970412  0.378603  
0.229415 1.24207 0.956843  0.386532  
0.461067 0.758014 0.943311  0.394478  
0.599704 0.630818 0.931329  0.401632  
0.556294 0.667553 0.916644  0.410312  
1.22927 0.239373 0.904216  0.417862  
0.2848 1.00388 0.89357  0.424557  
0.452026 0.767458 0.879777  0.432841  
0.843024 0.455947 0.867143  0.440765  
0.736605 0.5272 0.855999  0.448105  
0.726648 0.534132 0.843142  0.455941  
0.756588 0.513208 0.832208  0.463096  
0.867053 0.440765 0.820528  0.470563  
0.524857 0.695773 0.809714  0.477568  
0.820393 0.470595 0.798679  0.48483  
0.269582 1.03884 0.788065  0.491874  
1.04372 0.336985 0.776811  0.49947  
0.943319 0.39439 0.766982  0.506126  
1.13545 0.287612 0.75658  0.513237  
0.388409 0.840683 0.746064  0.520488  
0.788029 0.491874 0.736605  0.527212  
0.432235 0.78894 0.72664  0.534402  
0.500626 0.718472 0.717196  0.540881  
0.650451 0.59038 0.706957  0.54828  
1.09372 0.309695 0.697336  0.555317  
0.493414 0.725495 0.688607  0.561753  
0.297217 0.978792 0.679337  0.568825  
0.659978 0.583181 0.668618  0.576606  
0.548638 0.674264 0.660012  0.583149  
0.931329 0.401514 0.650502  0.59038  
0.335917 0.912908 0.642528  0.596718  
0.305385 0.963515 0.633355  0.604007  
0.2498 1.09615 0.624421  0.610866  
0.798667 0.48483 0.615565  0.617967  
0.717196 0.540876 0.607135  0.624801  
0.312451 0.95116 0.599704  0.630823  
0.259852 1.06463 0.589602  0.639143  
0.401994 0.823858 0.581582  0.645897  
0.255241 1.07837 0.57339  0.652825  
0.291039 0.990995 0.566442  0.658941  
0.668613 0.576606 0.556832  0.667553  
0.688607 0.56167 0.548638  0.674264  
0.776725 0.49947 0.540007  0.681985  
0.373152 0.860134 0.532596  0.688671  
0.624421 0.610866 0.524857  0.695845  
0.855999 0.448105 0.516996  0.703638  
1.00036 0.36132 0.509173  0.710356  
0.470135 0.748583 0.501038  0.718447  
0.35833 0.880138 0.493414  0.725495  
0.509173 0.710356 0.485352  0.733538  
0.439774 0.780616 0.478058  0.74084  
0.581582 0.645897 0.470135  0.748583  
1.07511 0.319684 0.461069  0.758014  
0.698897 0.554186 0.455554  0.763877  
0.410594 0.813599 0.44675  0.773294  
0.956852 0.386474 0.439888  0.780614  
0.27578 1.0242 0.432582  0.78894  
0.904216 0.417834 0.425124  0.797131  
0.539957 0.681985 0.416954  0.806274  
0.679345 0.56848 0.410594  0.813604  
1.21403 0.247112 0.401999  0.823857  
0.380701 0.850258 0.395518  0.831723  
1.10856 0.301678 0.388409  0.840693  
0.916593 0.410314 0.380738  0.850258  
0.986023 0.369472 0.373157  0.860134  
0.416928 0.806274 0.36509  0.871146  
0.329565 0.922773 0.358538  0.880137  
0.642528 0.596536 0.351447  0.890055  
0.477812 0.74086 0.343707  0.901201  
1.11924 0.296028 0.33613  0.912898  
0.747091 0.519772 0.329554  0.922814  
0.425122 0.797131 0.320048  0.938199  
0.319971 0.938199 0.314259  0.947857  
1.01326 0.354098 0.305385  0.963515  
0.395508 0.831723 0.298371  0.976617  
0.566442 0.658751 0.29123  0.990634  
0.615413 0.618033 0.281588  1.0112  
0.231143 1.19706 0.27489  1.02591  
0.485352 0.733538 0.26772  1.04358  
1.06045 0.327717 0.259852  1.06463  
0.241854 1.12832 0.251269  1.09129  
0.832204 0.463096 0.242381  1.12509  
0.351411 0.890056 0.233854  1.1725  
0.115391 0.92131 1.10161  0.0382068  
0.103581 0.995238 0.101828  1.02846  
0.216163 0.699869 1.09173  0.0431516  
0.107295 0.963722 1.07219  0.0530235  
0.91765 0.134859 1.05264  0.0629938  
0.290321 0.60387 1.03424  0.0724728  
0.628969 0.312029 1.01637  0.0817764  
0.619654 0.318472 0.997991  0.0914303  
0.112207 0.93583 0.980714  0.100601  
0.5144 0.395746 0.964008  0.109554  
0.254245 0.647641 0.947578  0.11844  
0.93226 0.126808 0.931513  0.127217  
0.671222 0.283494 0.916039  0.13575  
0.321028 0.569864 0.900774  0.144253  
0.312618 0.578963 0.885635  0.15276  
0.297719 0.595438 0.871127  0.160988  
0.716207 0.254255 0.856733  0.169231  
0.856733 0.169231 0.84278  0.177298  
0.373558 0.516771 0.829  0.18534  
0.871127 0.160988 0.815577  0.193246  
0.178678 0.760747 0.802282  0.201153  
0.193918 0.734529 0.78925  0.208976  
0.479405 0.423592 0.776589  0.216643  
0.523217 0.388921 0.764147  0.22425  
0.101828 1.02846 0.751743  0.231908  
0.163912 0.788835 0.739906  0.239281  
1.04454 0.0671562 0.727862  0.246855  
0.776589 0.216642 0.716207  0.254257  
0.599656 0.332507 0.704674  0.261651  
0.454035 0.444626 0.693518  0.268863  
0.885634 0.15276 0.682273  0.276209  
0.125949 0.88253 0.671226  0.283494  
1.06328 0.057618 0.660559  0.290592  
0.570666 0.353354 0.650221  0.297541  
0.550914 0.367931 0.639448  0.304853  
0.358208 0.531705 0.628977  0.312029  
0.739906 0.239281 0.618625  0.319195  
0.693518 0.268863 0.608971  0.325933  
0.14835 0.822225 0.598549  0.33329  
0.829194 0.185229 0.589208  0.33995  
0.660559 0.290592 0.579349  0.347041  
0.246152 0.658111 0.569659  0.3541  
0.704674 0.261651 0.560144  0.361087  
0.589208 0.33995 0.550914  0.367936  
0.4457 0.451651 0.541554  0.374958  
0.268336 0.629991 0.532398  0.381888  
0.201703 0.721957 0.523235  0.388921  
0.541064 0.375324 0.5144  0.395753  
0.948646 0.117886 0.505488  0.402728  
0.815577 0.193246 0.496756  0.40963  
0.727862 0.246855 0.488134  0.416528  
0.488134 0.416528 0.479405  0.423592  
0.437365 0.458801 0.470682  0.430747  
0.802282 0.201151 0.462332  0.437642  
0.396941 0.494808 0.454035  0.444626  
1.01637 0.0817764 0.4457  0.451656  
1.07968 0.049229 0.437376  0.458801  
0.334796 0.555372 0.429171  0.465926  
0.788508 0.209425 0.420974  0.473125  
0.155956 0.805284 0.413077  0.480156  
0.223687 0.688971 0.405014  0.48745  
0.532193 0.382045 0.396941  0.494808  
0.964008 0.109552 0.389148  0.502031  
0.209208 0.710303 0.381304  0.509399  
0.365747 0.52432 0.373583  0.516771  
0.902028 0.143548 0.365747  0.52432  
0.505696 0.402558 0.358022  0.53191  
0.650221 0.297541 0.350454  0.539422  
0.404991 0.48745 0.34255  0.547408  
0.413077 0.480156 0.335242  0.554935  
0.560134 0.361087 0.32768  0.562799  
0.231276 0.678217 0.320113  0.57083  
0.239019 0.667622 0.312625  0.578963  
0.464812 0.435582 0.305104  0.58722  
0.764147 0.22425 0.297721  0.595438  
0.171601 0.773816 0.290321  0.603875  
0.496756 0.409629 0.282798  0.612631  
0.608971 0.325932 0.275483  0.621384  
0.381301 0.509399 0.268112  0.630248  
0.579349 0.347041 0.260546  0.639626  
0.342137 0.547845 0.253197  0.64896  
0.186582 0.746849 0.246152  0.658111  
0.639448 0.304848 0.238656  0.668111  
0.275416 0.621384 0.23128  0.678217  
0.350454 0.539422 0.223943  0.688551  
1.10161 0.0382068 0.216515  0.699368  
0.683044 0.275705 0.209208  0.710304  
0.429166 0.465926 0.201706  0.721957  
0.12117 0.898769 0.19406  0.734324  
1.0302 0.0745696 0.186606  0.746849  
0.132282 0.863377 0.17907  0.760048  
0.389082 0.502094 0.171601  0.773816  
0.304892 0.58742 0.163912  0.788835  
0.140398 0.841545 0.155957  0.805284  
0.998137 0.0913688 0.14835  0.822225  
0.84278 0.177298 0.140398  0.841545  
0.26112 0.638918 0.132282  0.863377  
0.980714 0.100601 0.124002  0.889017  
0.751657 0.23196 0.115391  0.92131  
0.282798 0.612631 0.106504  0.969129  
0.00259904 0.95891 1.00049  0.00279899  
0.358604 0.40444 0.00077476  0.993032  
0.0277366 0.838217 0.991087  0.00751338  
0.211582 0.543464 0.971569  0.0173674  
0.287581 0.467074 0.951584  0.027563  
0.328207 0.430405 0.932807  0.0372372  
0.688034 0.173641 0.914579  0.0467252  
0.9695 0.0184236 0.89701  0.0559577  
0.0781525 0.724366 0.879702  0.0651434  
0.0410268 0.80184 0.862865  0.0741654  
0.107874 0.6753 0.846408  0.08307  
0.769776 0.125725 0.831141  0.0914097  
0.570276 0.24799 0.814806  0.10042  
0.638627 0.203989 0.799566  0.108902  
0.336366 0.423321 0.78498  0.117097  
0.137564 0.632727 0.77  0.125595  
0.0062636 0.930897 0.755943  0.133646  
0.71438 0.157897 0.741806  0.141818  
0.369821 0.395136 0.727903  0.149933  
0.78498 0.117097 0.71438  0.157897  
0.174473 0.585819 0.701247  0.165714  
0.932807 0.0372372 0.688573  0.173312  
0.159601 0.604055 0.675482  0.181242  
0.548924 0.26227 0.662998  0.188876  
0.592431 0.233451 0.650698  0.196468  
0.00077476 0.993032 0.638628  0.203989  
0.431308 0.346482 0.626982  0.211315  
0.755943 0.133646 0.615141  0.218829  
0.815579 0.0999878 0.603998  0.225969  
0.863581 0.0737798 0.592431  0.233451  
0.729287 0.149123 0.581224  0.240771  
0.0628557 0.753354 0.570276  0.24799  
0.0851726 0.712029 0.559448  0.255197  
0.0201227 0.863269 0.548924  0.262271  
0.413164 0.360456 0.538199  0.269548  
0.345673 0.415344 0.528198  0.2764  
0.831141 0.0914082 0.517664  0.283689  
0.497951 0.29753 0.507743  0.290621  
0.528198 0.2764 0.497552  0.297814  
0.984904 0.0106237 0.487696  0.304844  
0.581224 0.24077 0.478225  0.311658  
0.699541 0.166725 0.46862  0.318644  
0.0341624 0.819726 0.459152  0.3256  
0.249597 0.503789 0.449719  0.332601  
0.459152 0.325599 0.440622  0.339425  
0.422325 0.353363 0.431309  0.346482  
1.00049 0.00279899 0.422325  0.353363  
0.12417 0.651295 0.413164  0.360456  
0.227412 0.526542 0.404537  0.367207  
0.448902 0.333211 0.395631  0.374257  
0.378325 0.388176 0.387038  0.381129  
0.295613 0.459627 0.378325  0.388176  
0.0705452 0.738385 0.369821  0.395136  
0.89701 0.0559572 0.361175  0.402294  
0.649724 0.197073 0.352958  0.409177  
0.100434 0.686868 0.344732  0.416145  
0.196593 0.560085 0.33637  0.423321  
0.30351 0.452406 0.328207  0.430406  
0.880103 0.0649302 0.320076  0.437554  
0.404537 0.367207 0.312076  0.444685  
0.439861 0.339997 0.304082  0.451885  
0.272411 0.481427 0.295614  0.459627  
0.467845 0.319211 0.288131  0.466561  
0.387038 0.381127 0.280346  0.473871  
0.538199 0.269548 0.272411  0.481427  
0.846407 0.08307 0.26473  0.488847  
0.130629 0.642221 0.257048  0.496377  
0.395631 0.374257 0.249346  0.504042  
0.241779 0.511687 0.241779  0.511687  
0.189252 0.568456 0.234165  0.519502  
0.219093 0.535359 0.226593  0.527404  
0.615141 0.218829 0.219093  0.535359  
0.0095358 0.908605 0.211583  0.543464  
0.152355 0.613249 0.204122  0.551659  
0.801515 0.107811 0.196593  0.560084  
0.603998 0.225969 0.189252  0.568456  
0.507743 0.290621 0.181853  0.577062  
0.517664 0.283689 0.174473  0.585819  
0.320075 0.437554 0.167114  0.594742  
0.0931777 0.698572 0.159602  0.604055  
0.204122 0.551659 0.152355  0.613257  
0.487696 0.304844 0.144983  0.622834  
0.054976 0.769691 0.137565  0.632727  
0.312076 0.444676 0.130237  0.642765  
0.115469 0.663899 0.12287  0.653149  
0.559448 0.255197 0.11547  0.663899  
0.951584 0.027563 0.107874  0.6753  
0.675134 0.181453 0.100652  0.686525  
0.907687 0.0503363 0.0931778  0.698572  
0.478225 0.311658 0.0851786  0.712029  
0.0133219 0.890271 0.0781525  0.724366  
0.0473129 0.786758 0.0705466  0.738385  
0.626982 0.211315 0.0628557  0.753354  
0.741806 0.141818 0.0549809  0.769691  
0.145749 0.621826 0.0473129  0.786763  
0.181851 0.577062 0.0392736  0.806257  
0.661799 0.189613 0.0311772  0.828072  
0.921653 0.0430316 0.0229351  0.853528  
0.264729 0.488847 0.0144088  0.885535  
0.167114 0.594742 0.00544965  0.933653  
0.386284 0.381187 0.999811  0.00279892  
0.517056 0.283639 7.48535e-05  0.994127  
0.0143087 0.883099 0.989877  0.00777862  
0.458452 0.325614 0.970072  0.0177817  
0.00190723 0.959056 0.950856  0.0275858  
0.136933 0.632659 0.932148  0.0372261  
0.210924 0.54344 0.914028  0.0466561  
0.377666 0.38816 0.896259  0.0559948  
0.701302 0.165268 0.879022  0.0651424  
0.65008 0.196429 0.862197  0.0741591  
0.999811 0.00279892 0.845816  0.0830219  
0.311338 0.444728 0.829813  0.0917636  
0.755 0.133797 0.814167  0.100392  
0.403768 0.367277 0.798867  0.108911  
0.00558635 0.927962 0.783918  0.117313  
0.351836 0.409547 0.769295  0.125611  
0.814167 0.100392 0.755  0.133797  
0.527267 0.276573 0.740966  0.141911  
0.195976 0.560013 0.727222  0.149931  
0.487194 0.304712 0.713758  0.157862  
0.968917 0.0183687 0.700549  0.165716  
0.548146 0.262336 0.687576  0.173502  
0.264077 0.488821 0.674847  0.181215  
0.0999709 0.686525 0.662357  0.188851  
0.159246 0.603648 0.65008  0.196429  
0.614462 0.218829 0.638001  0.203955  
0.319131 0.437788 0.626131  0.211422  
0.638 0.203955 0.614464  0.218829  
0.728865 0.148969 0.602981  0.226186  
0.0544087 0.769449 0.591677  0.233501  
0.129577 0.642737 0.580553  0.240764  
0.256654 0.496095 0.569581  0.247998  
0.00913026 0.907153 0.558781  0.255188  
0.913829 0.0467609 0.548146  0.262336  
0.0915353 0.700158 0.537646  0.269461  
7.48535e-05 0.994127 0.527268  0.276573  
0.39498 0.374231 0.517057  0.283639  
0.421617 0.353383 0.506987  0.290674  
0.769293 0.125611 0.49704  0.297694  
0.537646 0.269461 0.487195  0.304712  
0.591674 0.233501 0.477499  0.311695  
0.687576 0.173502 0.467926  0.318653  
0.845816 0.0830219 0.458452  0.325614  
0.0330121 0.821014 0.449087  0.332565  
0.879565 0.0648552 0.439831  0.339507  
0.287463 0.46655 0.430687  0.346436  
0.950856 0.0275858 0.421617  0.353383  
0.107403 0.674981 0.412644  0.360331  
0.0698392 0.738436 0.403772  0.367277  
0.448291 0.33316 0.394981  0.374231  
0.343656 0.416484 0.386286  0.381187  
0.558781 0.255188 0.377667  0.38816  
0.0193628 0.863554 0.369127  0.395147  
0.714374 0.157498 0.360654  0.40216  
0.98503 0.0102177 0.352274  0.40918  
0.122195 0.653142 0.343957  0.416227  
0.662068 0.189029 0.335705  0.423305  
0.830797 0.0912238 0.32752  0.430412  
0.89647 0.0558844 0.3194  0.43755  
0.225934 0.527381 0.311338  0.444728  
0.0387361 0.805893 0.303332  0.451949  
0.218381 0.535393 0.295385  0.459212  
0.0773319 0.724619 0.287463  0.46655  
0.469173 0.317743 0.279641  0.473896  
0.0272672 0.837582 0.271854  0.481308  
0.361419 0.401523 0.264078  0.488821  
0.188581 0.568445 0.256384  0.496367  
0.931657 0.0374802 0.248728  0.503977  
0.569581 0.247998 0.241087  0.511702  
0.271854 0.481308 0.233515  0.51947  
0.181172 0.577062 0.225934  0.527381  
0.741131 0.141815 0.218381  0.535393  
0.0846115 0.711826 0.210924  0.54344  
0.862866 0.0737996 0.203449  0.551654  
0.166406 0.594776 0.195977  0.560013  
0.248728 0.503977 0.188581  0.568445  
0.203448 0.551654 0.181172  0.577062  
0.295385 0.459212 0.173774  0.585844  
0.439831 0.339507 0.166406  0.594776  
0.0618991 0.753916 0.159022  0.60393  
0.783917 0.117313 0.151657  0.613274  
0.0465302 0.787002 0.144302  0.622834  
0.580931 0.240516 0.136935  0.632659  
0.114806 0.663874 0.129577  0.642737  
0.412644 0.360331 0.122195  0.653142  
0.335704 0.423305 0.114807  0.663874  
0.800349 0.108082 0.107403  0.674981  
0.279639 0.473896 0.0999711  0.686525  
0.497206 0.297576 0.0925074  0.69856  
0.303332 0.451949 0.084994  0.71117  
0.32752 0.430412 0.0774662  0.72438  
0.602981 0.226186 0.06984  0.738436  
0.173964 0.585614 0.062202  0.753303  
0.240014 0.512794 0.0544096  0.769449  
0.144302 0.622834 0.046599  0.786841  
0.626131 0.211422 0.0386649  0.806074  
0.430687 0.346436 0.0305455  0.827936  
0.151656 0.613274 0.0222611  0.853508  
0.674619 0.181354 0.0137034  0.885646  
0.507066 0.290619 0.00473959  0.933874  
0.879543 0.0648646 0.999811  0.00279892  
0.845813 0.0830232 9.69423e-05  0.992952  
0.0142973 0.883144 0.989877  0.00777862  
0.430666 0.346454 0.970072  0.0177817  
0.00191374 0.958984 0.950856  0.0275858  
0.614462 0.218829 0.932147  0.0372268  
0.370135 0.394318 0.913962  0.0466909  
0.394986 0.374225 0.896259  0.0559948  
0.931692 0.0374635 0.879022  0.0651424  
0.449087 0.332565 0.8622  0.0741574  
0.0844641 0.712079 0.845813  0.0830232  
0.783918 0.117313 0.829787  0.0917785  
0.487205 0.304705 0.814167  0.100392  
0.814167 0.100392 0.798866  0.108912  
0.00558635 0.927962 0.783918  0.117313  
0.195993 0.559994 0.769301  0.125606  
0.713978 0.157732 0.754991  0.133802  
0.968807 0.0184244 0.740966  0.141911  
0.0465974 0.786841 0.727222  0.149931  
0.295385 0.459212 0.713755  0.157864  
0.26409 0.488808 0.700544  0.165719  
0.421617 0.353383 0.687576  0.173502  
0.256457 0.49629 0.674847  0.181215  
0.241085 0.511702 0.662357  0.188851  
0.49704 0.297694 0.650077  0.196431  
0.151656 0.613274 0.638  0.203955  
0.092151 0.699145 0.626138  0.211415  
0.754991 0.133802 0.614462  0.218829  
0.517057 0.283639 0.602981  0.226186  
0.20345 0.551651 0.591676  0.233501  
0.727222 0.149931 0.580553  0.240764  
0.999811 0.00279892 0.569582  0.247998  
0.00913026 0.907153 0.558781  0.255188  
0.913825 0.0467625 0.548146  0.262336  
0.57064 0.247299 0.537639  0.269466  
0.0774671 0.724376 0.527283  0.276562  
0.218418 0.535354 0.517057  0.283639  
0.688457 0.172971 0.506989  0.290674  
0.136942 0.632649 0.49704  0.297694  
0.740966 0.141911 0.487206  0.304705  
0.863013 0.0737193 0.477513  0.311681  
0.386285 0.381187 0.467926  0.318653  
0.303334 0.451947 0.458452  0.325614  
0.271782 0.481377 0.449088  0.332565  
0.676121 0.180439 0.439826  0.339512  
0.699082 0.166593 0.430667  0.346454  
0.030561 0.827888 0.421617  0.353383  
0.352273 0.40918 0.412645  0.360331  
0.467926 0.318653 0.403769  0.367277  
0.949927 0.0280628 0.394986  0.374225  
0.477513 0.311681 0.386285  0.381187  
0.144859 0.622101 0.377668  0.38816  
0.3194 0.43755 0.369128  0.395147  
0.311338 0.444728 0.360669  0.402148  
0.439825 0.339512 0.352273  0.40918  
0.343498 0.416617 0.343958  0.416227  
0.360669 0.402148 0.335708  0.423301  
0.210925 0.54344 0.327521  0.430412  
0.527283 0.276562 0.3194  0.43755  
0.980421 0.0125428 0.311338  0.444728  
0.403769 0.367277 0.303335  0.451947  
0.638 0.203955 0.295385  0.459212  
0.603352 0.225947 0.287491  0.466524  
0.769301 0.125606 0.27964  0.473896  
0.122655 0.652485 0.271854  0.481308  
0.0544455 0.76937 0.264091  0.488808  
0.650077 0.196431 0.256396  0.496349  
0.0694625 0.73915 0.248728  0.503977  
0.506997 0.290667 0.241085  0.511702  
0.11481 0.663871 0.233509  0.519476  
0.27964 0.473896 0.225947  0.527366  
0.558781 0.255188 0.218421  0.535354  
0.829787 0.0917785 0.210925  0.54344  
0.412644 0.360331 0.203453  0.551651  
0.591674 0.233501 0.195994  0.559994  
0.188581 0.568445 0.188581  0.568445  
0.0259386 0.841653 0.181173  0.577062  
0.89647 0.0558834 0.173777  0.585844  
0.225947 0.527366 0.166401  0.594782  
0.457772 0.326116 0.15903  0.603919  
9.69423e-05 0.992952 0.151658  0.613274  
0.0999709 0.686524 0.144304  0.622834  
0.548085 0.262376 0.136942  0.632649  
0.0177449 0.869494 0.129577  0.642737  
0.106225 0.676787 0.122195  0.653142  
0.626138 0.211415 0.11481  0.663871  
0.0622038 0.753298 0.107404  0.674981  
0.32752 0.430412 0.0999721  0.686524  
0.15903 0.603919 0.0925066  0.698558  
0.129577 0.642737 0.0849973  0.711168  
0.537639 0.269466 0.0774677  0.724376  
0.663876 0.187918 0.0698651  0.738387  
0.173777 0.585844 0.0622042  0.753298  
0.798866 0.108912 0.0544464  0.76937  
0.0386652 0.806074 0.0466007  0.786841  
0.248728 0.503977 0.0386652  0.806074  
0.181172 0.577062 0.030561  0.827888  
0.580553 0.240764 0.0222698  0.853482  
0.28749 0.466524 0.0137136  0.88562  
0.166401 0.594782 0.00474094  0.933874  
0.20345 0.551651 0.999811  0.00279892  
0.713755 0.157864 9.62873e-05  0.992952  
0.862568 0.0739599 0.989877  0.00777862  
0.687576 0.173502 0.970072  0.0177817  
0.00191374 0.958984 0.950842  0.0275931  
9.62873e-05 0.992952 0.932147  0.0372268  
0.166401 0.594782 0.913962  0.0466909  
0.403769 0.367277 0.896259  0.0559948  
0.783597 0.117495 0.879022  0.0651424  
0.949949 0.0280516 0.8622  0.0741574  
0.798866 0.108912 0.845813  0.0830232  
0.303334 0.451947 0.829786  0.0917785  
0.256391 0.496354 0.81415  0.100402  
0.754981 0.133808 0.798866  0.108912  
0.00558635 0.927962 0.783922  0.117311  
0.0542644 0.769757 0.769301  0.125606  
0.271844 0.481318 0.754981  0.133808  
0.506987 0.290674 0.740966  0.141911  
0.602981 0.226186 0.727222  0.149931  
0.0999711 0.686524 0.713755  0.157864  
0.626138 0.211415 0.700544  0.165719  
0.195931 0.560067 0.687576  0.173502  
0.377665 0.38816 0.674848  0.181215  
0.136943 0.632649 0.662352  0.188854  
0.741255 0.141744 0.650077  0.196431  
0.386284 0.381187 0.638001  0.203955  
0.580548 0.240768 0.626138  0.211415  
0.0844941 0.712027 0.614465  0.218826  
0.49704 0.297694 0.602981  0.226186  
0.0698643 0.738387 0.591675  0.233501  
0.279639 0.473896 0.580548  0.240768  
0.96555 0.0200801 0.569582  0.247998  
0.00913026 0.907153 0.558781  0.255188  
0.038664 0.806074 0.548137  0.262342  
0.394986 0.374225 0.537636  0.269467  
0.728241 0.149334 0.527281  0.276563  
0.295385 0.459212 0.517071  0.283628  
0.327521 0.430412 0.506988  0.290674  
0.537636 0.269467 0.49704  0.297694  
0.980415 0.0125452 0.487212  0.304699  
0.0324124 0.822671 0.477513  0.311681  
0.412645 0.360331 0.467926  0.318653  
0.638 0.203955 0.458452  0.325614  
0.815646 0.0995732 0.449088  0.332565  
0.0767402 0.725686 0.439825  0.339512  
0.129577 0.642737 0.430668  0.346454  
0.830827 0.0912073 0.421608  0.353392  
0.430508 0.346573 0.412645  0.360331  
0.846983 0.0823886 0.403769  0.367277  
0.700544 0.165719 0.394986  0.374225  
0.123112 0.651832 0.386285  0.381187  
0.335778 0.423241 0.377665  0.38816  
0.28749 0.466524 0.369128  0.395145  
0.159102 0.603831 0.360668  0.402148  
0.913876 0.0467358 0.352276  0.409176  
0.879022 0.0651424 0.343957  0.416227  
0.591674 0.233501 0.335708  0.423301  
0.467926 0.318653 0.327522  0.430412  
0.151657 0.613274 0.3194  0.43755  
0.248728 0.503977 0.311338  0.444728  
0.107403 0.674981 0.303334  0.451947  
0.477513 0.311681 0.295386  0.459212  
0.188581 0.568445 0.28749  0.466524  
0.114811 0.663867 0.279639  0.473896  
0.517071 0.283628 0.271845  0.481318  
0.570617 0.247312 0.264097  0.488803  
0.0466191 0.78679 0.256392  0.496354  
0.241084 0.511702 0.248728  0.503977  
0.233509 0.519476 0.241085  0.511702  
0.999811 0.00279892 0.233509  0.519476  
0.360668 0.402148 0.225948  0.527366  
0.674848 0.181215 0.218417  0.535354  
0.0193627 0.86356 0.210925  0.54344  
0.144306 0.622829 0.203451  0.551651  
0.769301 0.125606 0.195998  0.559994  
0.219135 0.534588 0.188581  0.568445  
0.0622036 0.753298 0.181172  0.577062  
0.650077 0.196431 0.173782  0.585833  
0.210924 0.54344 0.166401  0.594782  
0.457524 0.3263 0.159031  0.603919  
0.181172 0.577062 0.151657  0.613274  
0.931627 0.0374966 0.144306  0.622829  
0.527281 0.276563 0.136943  0.632649  
0.439825 0.339512 0.129577  0.642737  
0.311338 0.444728 0.1222  0.653137  
0.487212 0.304699 0.114812  0.663867  
0.0921152 0.699203 0.107403  0.674981  
0.896466 0.0558853 0.0999711  0.686524  
0.3194 0.43755 0.0925086  0.698555  
0.614635 0.218718 0.0850062  0.711148  
0.548137 0.262342 0.0774679  0.724376  
0.014307 0.883097 0.0698654  0.738387  
0.0261017 0.841149 0.0622042  0.753298  
0.421607 0.353392 0.0544577  0.769345  
0.264095 0.488803 0.0466203  0.78679  
0.558781 0.255188 0.038664  0.806074  
0.369128 0.395145 0.0305625  0.827888  
0.352276 0.409176 0.022269  0.853482  
0.660811 0.189802 0.0137105  0.88562  
0.174002 0.585569 0.00476055  0.93373  
