17.7371 23.3295 17.7371  23.3295  
15.9015 14.8039 15.9015  14.8039  
16.1586 20.8584 16.1586  20.8584  
11.794 12.3025 11.794  12.3025  
9.81491 8.4082 9.81491  8.4082  
20.629 20.2874 20.629  20.2874  
14.658 19.6046 14.658  19.6046  
16.4105 13.0009 16.4105  13.0009  
21.1908 15.9658 21.1908  15.9658  
26.1601 18.9102 26.1601  18.9102  
18.9188 15.352 18.9188  15.352  
10.7994 8.34332 10.7994  8.34332  
21.2173 21.5258 21.2173  21.5258  
16.9293 18.041 16.9293  18.041  
7.50058 10.4258 7.50058  10.4258  
8.53224 11.374 8.53224  11.374  
8.30114 7.48858 8.30114  7.48858  
17.7038 8.53763 17.7038  8.53763  
23.9243 15.4638 23.9243  15.4638  
16.4584 11.1381 16.4584  11.1381  
16.0576 10.7769 16.0576  10.7769  
13.5638 10.585 13.5638  10.585  
8.19664 10.0104 8.19664  10.0104  
10.0045 9.40621 10.0045  9.40621  
15.5607 21.2074 15.5607  21.2074  
18.0026 19.0516 18.0026  19.0516  
6.61794 7.70002 6.61794  7.70002  
20.4675 18.9981 20.4675  18.9981  
8.16041 8.47741 8.16041  8.47741  
11.6342 10.833 11.6342  10.833  
5.93125 9.46793 5.93125  9.46793  
19.7873 9.09764 19.7873  9.09764  
13.2657 11.9298 13.2657  11.9298  
16.2978 24.3004 16.2978  24.3004  
24.4835 15.5775 24.4835  15.5775  
14.5578 8.67492 14.5578  8.67492  
11.2665 9.4199 11.2665  9.4199  
16.2632 15.1344 16.2632  15.1344  
8.80593 9.39826 8.80593  9.39826  
9.78555 9.61125 9.78555  9.61125  
18.4844 23.2728 18.4844  23.2728  
12.0782 10.1447 12.0782  10.1447  
15.8295 13.6339 15.8295  13.6339  
19.9101 18.689 19.9101  18.689  
9.44793 8.86712 9.44793  8.86712  
12.0704 12.4943 12.0704  12.4943  
12.5427 8.62433 12.5427  8.62433  
22.9513 29.1592 22.9513  29.1592  
11.4487 13.1869 11.4487  13.1869  
22.0526 14.4258 22.0526  14.4258  
21.485 21.5002 21.485  21.5002  
15.8608 11.3635 15.8608  11.3635  
16.9855 23.2281 16.9855  23.2281  
21.019 23.4082 21.019  23.4082  
18.1831 15.8614 18.1831  15.8614  
10.3742 6.57064 10.3742  6.57064  
27.9284 23.1146 27.9284  23.1146  
18.0044 18.2079 18.0044  18.2079  
18.6436 12.4858 18.6436  12.4858  
27.343 17.9425 27.343  17.9425  
21.2574 17.3601 21.2574  17.3601  
19.8154 16.8966 19.8154  16.8966  
13.6806 10.0876 13.6806  10.0876  
8.49472 8.192 8.49472  8.192  
9.81685 7.07867 9.81685  7.07867  
18.8165 22.6602 18.8165  22.6602  
9.51294 9.00243 9.51294  9.00243  
9.32164 6.27988 9.32164  6.27988  
23.9605 15.6471 23.9605  15.6471  
31.2008 17.7132 31.2008  17.7132  
12.2253 9.07966 12.2253  9.07966  
16.6901 15.2893 16.6901  15.2893  
8.15891 18.0395 8.15891  18.0395  
27.5905 17.1247 27.5905  17.1247  
6.97348 12.1504 6.97348  12.1504  
27.349 20.8537 27.349  20.8537  
22.7959 21.3849 22.7959  21.3849  
9.54998 10.4649 9.54998  10.4649  
11.5754 7.07756 11.5754  7.07756  
17.3921 15.6857 17.3921  15.6857  
8.98709 9.44911 8.98709  9.44911  
24.3686 20.109 24.3686  20.109  
26.0405 16.7084 26.0405  16.7084  
9.60592 8.62598 9.60592  8.62598  
18.0525 20.835 18.0525  20.835  
18.5221 16.6433 18.5221  16.6433  
15.859 13.0431 15.859  13.0431  
16.8513 16.4116 16.8513  16.4116  
8.16025 9.67527 8.16025  9.67527  
33.0697 22.7865 33.0697  22.7865  
13.8082 18.6427 13.8082  18.6427  
11.4743 7.8902 11.4743  7.8902  
21.2116 15.5515 21.2116  15.5515  
8.92571 7.63012 8.92571  7.63012  
9.37973 8.39126 9.37973  8.39126  
13.7891 14.8985 13.7891  14.8985  
7.25991 9.60065 7.25991  9.60065  
25.9204 22.762 25.9204  22.762  
27.603 24.1823 27.603  24.1823  
6.95533 9.39158 6.95533  9.39158  
0.384109 0.596718 10.2507  6.29187  
0.299555 1.197 10.5764  5.42729  
0.502541 0.55161 4.51807  11.0426  
0.312929 0.798394 0.502541  0.55161  
1.19339 0.548644 7.47967  5.77684  
10.2507 6.29187 10.9131  7.55817  
0.686704 0.589953 10.9898  6.19388  
0.917658 0.571455 12.1974  6.13907  
0.376979 0.797019 12.8537  5.93075  
10.9485 5.88978 12.7749  5.66266  
1.35926 1.23978 12.1834  5.55172  
15.6992 7.06294 12.9834  5.3359  
1.33185 1.26782 11.5882  5.3253  
16.3157 7.04395 12.2813  4.51116  
15.0535 6.38458 12.8717  4.37046  
8.91269 9.06083 14.0293  2.71018  
8.30114 7.48858 16.3958  3.64122  
17.7038 8.53763 16.4011  3.5581  
23.9243 15.4638 16.3693  3.70128  
16.4584 11.1381 16.0485  4.0219  
16.0576 10.7769 12.5642  3.40017  
13.5638 10.585 12.4389  3.56292  
8.19664 10.0104 11.5007  3.46836  
10.0045 9.40621 11.4789  3.65894  
15.5607 21.2074 10.2142  3.49792  
18.0026 19.0516 11.4822  4.02771  
6.61794 7.70002 11.2041  4.1179  
20.4675 18.9981 11.8149  4.31496  
8.16041 8.47741 11.3417  4.81586  
11.6342 10.833 10.8722  4.5425  
5.93125 9.46793 11.0937  4.87558  
19.7873 9.09764 10.1349  4.75344  
13.2657 11.9298 8.49406  4.261  
16.2978 24.3004 11.2775  5.36337  
24.4835 15.5775 7.57457  4.16144  
14.5578 8.67492 6.64504  3.84523  
11.2665 9.4199 8.68548  5.10048  
16.2632 15.1344 0.384109  0.596718  
8.80593 9.39826 9.27533  5.89044  
9.78555 9.61125 8.75408  5.77327  
18.4844 23.2728 8.90279  6.13044  
12.0782 10.1447 9.81548  6.33726  
15.8295 13.6339 8.36337  6.18884  
19.9101 18.689 7.52463  5.82719  
9.44793 8.86712 7.2204  5.84098  
12.0704 12.4943 8.24287  6.88502  
12.5427 8.62433 8.40589  7.12788  
22.9513 29.1592 8.04583  7.36108  
11.4487 13.1869 6.82988  6.55449  
22.0526 14.4258 7.10964  9.18984  
21.485 21.5002 6.56458  6.68731  
15.8608 11.3635 5.85136  6.29804  
16.9855 23.2281 6.48232  7.10347  
21.019 23.4082 6.69972  7.66616  
18.1831 15.8614 6.74779  7.59498  
10.3742 6.57064 1.87118  2.43998  
27.9284 23.1146 6.38577  8.19528  
18.0044 18.2079 6.7523  9.02042  
18.6436 12.4858 6.88982  9.42239  
27.343 17.9425 4.20792  6.09839  
21.2574 17.3601 5.13613  7.63746  
19.8154 16.8966 5.1565  8.04238  
13.6806 10.0876 6.11682  9.54651  
8.49472 8.192 5.03002  8.53999  
9.81685 7.07867 5.00857  8.94006  
18.8165 22.6602 5.6752  10.0112  
9.51294 9.00243 5.31616  10.2316  
9.32164 6.27988 5.07325  10.0636  
23.9605 15.6471 4.52523  9.57614  
31.2008 17.7132 4.6225  9.88918  
12.2253 9.07966 4.62532  10.6812  
16.6901 15.2893 3.26502  7.96811  
8.15891 18.0395 4.11654  10.6091  
27.5905 17.1247 4.06039  10.712  
6.97348 12.1504 3.5234  9.72053  
27.349 20.8537 4.05098  11.1468  
22.7959 21.3849 4.15369  12.2302  
9.54998 10.4649 4.27695  12.3722  
11.5754 7.07756 4.26326  14.6219  
17.3921 15.6857 3.69742  13.355  
8.98709 9.44911 3.6598  14.1908  
24.3686 20.109 3.48392  14.2501  
26.0405 16.7084 3.2162  13.9756  
9.60592 8.62598 3.376  15.1581  
18.0525 20.835 3.45712  17.5545  
18.5221 16.6433 3.99001  22.4797  
15.859 13.0431 4.23411  16.6819  
16.8513 16.4116 4.37869  24.5252  
8.16025 9.67527 4.85567  20.6342  
33.0697 22.7865 4.85915  15.3485  
13.8082 18.6427 4.98541  10.7191  
11.4743 7.8902 5.59743  11.4485  
21.2116 15.5515 5.64419  13.7909  
8.92571 7.63012 6.23623  12.7485  
9.37973 8.39126 7.17248  9.81744  
13.7891 14.8985 7.19158  9.54688  
7.25991 9.60065 8.11471  9.33342  
25.9204 22.762 15.3197  15.9417  
27.603 24.1823 11.5498  4.8584  
6.95533 9.39158 6.0694  8.30487  
0.304147 0.554549 10.9499  5.54031  
0.267867 0.753988 8.42928  6.23688  
0.41281 0.486684 7.51372  5.22372  
0.298268 0.562402 7.8534  4.6404  
0.612688 0.480983 11.5315  4.09395  
0.694975 0.447674 10.6391  3.98015  
0.712206 0.445642 10.092  3.69066  
10.9499 5.54031 9.7912  3.24715  
0.376979 0.797019 10.806  3.21948  
0.775682 0.482927 12.5301  2.88262  
8.58038 5.74995 13.705  2.8579  
15.6992 7.06294 11.0002  2.40978  
1.33185 1.26782 10.9371  2.40444  
16.3157 7.04395 11.9241  2.22191  
15.0535 6.38458 9.81136  1.83544  
8.91269 9.06083 9.53368  1.92217  
8.30114 7.48858 9.56269  2.01612  
17.7038 8.53763 9.77425  2.29187  
23.9243 15.4638 6.07334  1.6223  
16.4584 11.1381 9.28159  2.36513  
16.0576 10.7769 8.16942  2.23499  
13.5638 10.585 8.72023  2.48701  
8.19664 10.0104 7.29201  2.24093  
10.0045 9.40621 0.41281  0.486684  
15.5607 21.2074 9.21464  3.10542  
18.0026 19.0516 8.53325  2.9547  
6.61794 7.70002 7.54258  2.87252  
20.4675 18.9981 7.98019  3.1472  
8.16041 8.47741 0.596333  0.565305  
11.6342 10.833 7.01969  3.0201  
5.93125 9.46793 8.73065  3.93972  
19.7873 9.09764 5.69321  2.76797  
13.2657 11.9298 6.51851  3.26271  
16.2978 24.3004 5.34654  2.81955  
24.4835 15.5775 7.31894  3.77963  
14.5578 8.67492 6.95537  3.87693  
11.2665 9.4199 5.91113  3.50986  
16.2632 15.1344 6.14059  3.77223  
8.80593 9.39826 1.92425  1.42322  
9.78555 9.61125 5.67257  3.78565  
18.4844 23.2728 6.21747  4.48478  
12.0782 10.1447 5.76043  4.1424  
15.8295 13.6339 5.62742  4.18652  
19.9101 18.689 6.60149  5.09689  
9.44793 8.86712 5.93528  4.80962  
12.0704 12.4943 6.75641  4.81897  
12.5427 8.62433 5.07347  4.47655  
22.9513 29.1592 6.68534  5.91905  
11.4487 13.1869 6.21896  5.81929  
22.0526 14.4258 5.42048  5.86416  
21.485 21.5002 5.28607  5.58699  
15.8608 11.3635 5.0973  5.57753  
16.9855 23.2281 4.71884  5.14936  
21.019 23.4082 5.39287  5.69987  
18.1831 15.8614 5.20721  6.15831  
10.3742 6.57064 3.86291  4.80135  
27.9284 23.1146 4.9158  6.26042  
18.0044 18.2079 4.55383  6.05462  
18.6436 12.4858 4.9924  7.50011  
27.343 17.9425 4.77285  6.7467  
21.2574 17.3601 4.43053  6.67006  
19.8154 16.8966 4.66174  7.14668  
13.6806 10.0876 4.52892  7.30187  
8.49472 8.192 4.09088  6.90833  
9.81685 7.07867 3.86513  7.09217  
18.8165 22.6602 3.08121  5.63541  
9.51294 9.00243 4.23729  7.32917  
9.32164 6.27988 2.70338  5.35409  
23.9605 15.6471 3.38698  7.04922  
31.2008 17.7132 2.42032  5.31504  
12.2253 9.07966 2.82008  6.36418  
16.6901 15.2893 2.79082  6.71678  
8.15891 18.0395 3.58386  8.8682  
27.5905 17.1247 3.47653  9.24519  
6.97348 12.1504 0.304849  0.554549  
27.349 20.8537 2.77142  8.13949  
22.7959 21.3849 3.00839  9.21932  
9.54998 10.4649 2.19838  6.90698  
11.5754 7.07756 2.45922  8.13856  
17.3921 15.6857 2.5399  9.07515  
8.98709 9.44911 2.11748  8.14612  
24.3686 20.109 2.37317  9.53849  
26.0405 16.7084 1.4914  6.31006  
9.60592 8.62598 2.15041  9.75359  
18.0525 20.835 2.15079  10.387  
18.5221 16.6433 1.33129  6.64914  
15.859 13.0431 2.01688  11.0681  
16.8513 16.4116 2.23601  12.8382  
8.16025 9.67527 2.28327  9.84524  
33.0697 22.7865 2.62994  13.6824  
13.8082 18.6427 3.08826  12.889  
11.4743 7.8902 3.67127  8.56708  
21.2116 15.5515 3.68187  9.40092  
8.92571 7.63012 3.81127  8.76312  
9.37973 8.39126 3.90293  10.6596  
13.7891 14.8985 4.03303  8.68024  
7.25991 9.60065 4.23152  10.0259  
25.9204 22.762 4.35077  8.55976  
27.603 24.1823 4.7638  8.56161  
6.95533 9.39158 6.92553  9.46911  
0.294306 0.554549 6.70273  2.55674  
0.267867 0.753988 3.65199  7.28033  
0.382008 0.481898 16.8363  1.69755  
0.484449 0.46271 18.2418  1.45262  
0.590276 0.461132 1.25292  0.111651  
0.592926 0.447258 17.9205  1.37324  
0.712206 0.445642 23.7676  1.31917  
1.53506 0.102338 17.4927  1.33965  
1.25292 0.111651 16.3679  1.32034  
0.385615 0.479764 14.6911  1.28674  
0.294576 0.549363 8.37572  0.952073  
0.266357 2.63669 7.14704  0.829909  
1.33114 0.111284 8.09647  0.94781  
1.16037 0.351813 3.85602  0.548905  
1.59058 0.085829 4.30081  0.677577  
1.2372 0.314177 5.88333  0.951891  
6.30013 2.81461 4.23893  0.743492  
17.7038 8.53763 5.07994  0.97495  
23.9243 15.4638 3.8629  0.829909  
16.4584 11.1381 3.62293  0.796249  
16.0576 10.7769 4.29176  1.01853  
13.5638 10.585 3.86994  0.959911  
8.19664 10.0104 5.1922  1.38344  
10.0045 9.40621 4.35295  1.19766  
15.5607 21.2074 4.94259  1.38678  
18.0026 19.0516 3.24244  1.03388  
6.61794 7.70002 4.2093  1.39588  
20.4675 18.9981 7.23093  1.20557  
8.16041 8.47741 5.45241  1.98926  
11.6342 10.833 5.57765  2.16377  
5.93125 9.46793 4.40114  1.80556  
19.7873 9.09764 5.33346  2.19037  
13.2657 11.9298 3.53291  1.51661  
16.2978 24.3004 5.32913  2.30854  
24.4835 15.5775 4.12811  1.99634  
14.5578 8.67492 5.37079  2.63889  
11.2665 9.4199 5.17097  2.71688  
16.2632 15.1344 3.8867  2.1049  
8.80593 9.39826 4.59922  2.64099  
9.78555 9.61125 3.75505  2.24959  
18.4844 23.2728 4.46749  2.79632  
12.0782 10.1447 4.33288  2.86248  
15.8295 13.6339 2.09894  1.39279  
19.9101 18.689 2.32634  1.60123  
9.44793 8.86712 4.64824  3.48327  
12.0704 12.4943 5.20952  3.93757  
12.5427 8.62433 4.07756  3.26478  
22.9513 29.1592 3.93443  3.93211  
11.4487 13.1869 4.26144  3.82241  
22.0526 14.4258 3.66753  3.25149  
21.485 21.5002 3.9844  3.7242  
15.8608 11.3635 3.85602  3.88801  
16.9855 23.2281 2.97538  2.97344  
21.019 23.4082 3.65199  3.95434  
18.1831 15.8614 2.61133  2.81046  
10.3742 6.57064 3.74032  4.25279  
27.9284 23.1146 3.62293  4.26347  
18.0044 18.2079 3.69209  4.52282  
18.6436 12.4858 3.78311  4.75994  
27.343 17.9425 3.02926  4.55258  
21.2574 17.3601 2.89759  3.95289  
19.8154 16.8966 2.74816  3.91998  
13.6806 10.0876 2.57627  3.85884  
8.49472 8.192 0.484449  0.46271  
9.81685 7.07867 1.9252  2.99082  
18.8165 22.6602 3.47615  5.87663  
9.51294 9.00243 1.04789  1.58206  
9.32164 6.27988 2.80259  5.27971  
23.9605 15.6471 3.12073  6.34281  
31.2008 17.7132 2.44779  4.93799  
12.2253 9.07966 2.69155  5.63045  
16.6901 15.2893 2.13412  4.85446  
8.15891 18.0395 1.98201  4.49246  
27.5905 17.1247 2.28596  5.56629  
6.97348 12.1504 2.42932  6.1469  
27.349 20.8537 2.58838  6.94812  
22.7959 21.3849 0.385615  0.479764  
9.54998 10.4649 1.77892  5.17195  
11.5754 7.07756 1.92102  6.50961  
17.3921 15.6857 1.33791  4.28428  
8.98709 9.44911 1.37552  4.53704  
24.3686 20.109 1.07079  3.9474  
26.0405 16.7084 0.574494  1.53959  
9.60592 8.62598 1.23677  4.86136  
18.0525 20.835 1.40344  6.45895  
18.5221 16.6433 1.10336  5.03771  
15.859 13.0431 1.25317  6.39011  
16.8513 16.4116 0.83388  4.11474  
8.16025 9.67527 0.891582  5.01822  
33.0697 22.7865 0.855896  5.09293  
13.8082 18.6427 0.796849  5.08382  
11.4743 7.8902 0.87533  7.60651  
21.2116 15.5515 0.65934  4.95022  
8.92571 7.63012 0.298178  0.549363  
9.37973 8.39126 0.511876  4.24025  
13.7891 14.8985 0.478088  4.60094  
7.25991 9.60065 0.371332  4.3156  
25.9204 22.762 0.298178  3.95434  
27.603 24.1823 0.310599  3.90184  
6.95533 9.39158 0.986297  11.3476  
0.223419 0.536549 2.46394  0.0235284  
0.219516 0.537121 0.0643662  2.29708  
0.2185 0.563237 1.01294  0.0235284  
0.378508 0.39516 2.01638  0.0235284  
0.380065 0.391093 2.05701  0.0370602  
0.0643662 1.42412 2.06364  0.0235284  
0.0960404 1.07555 2.06627  0.0235284  
0.731638 0.249545 1.18897  0.0847638  
3.04292 0.0189644 1.85801  0.124926  
0.593803 0.390611 1.85123  0.147395  
1.21192 0.0208951 1.85835  0.124926  
0.217705 0.609708 1.86841  0.148628  
0.219965 0.536552 1.87027  0.127964  
1.01294 0.0235284 1.87035  0.124926  
0.217621 0.809023 0.839894  0.124926  
0.383229 0.390791 1.76699  0.270562  
0.377715 0.398753 1.88103  0.330992  
1.05618 0.0220248 1.89629  0.325384  
0.843665 0.12452 1.87904  0.390823  
0.098437 1.07533 1.74811  0.390823  
0.102504 1.07483 1.30128  0.296934  
0.521628 0.390786 1.55793  0.390791  
0.215941 0.817424 1.42987  0.392593  
0.362379 0.433603 1.38619  0.390823  
0.105442 0.874411 1.42252  0.392453  
0.839894 0.124926 1.37797  0.428295  
0.0933131 1.0789 1.36866  0.451354  
2.66875 0.584026 1.37002  0.436908  
4.63401 1.21293 1.38748  0.460739  
11.6342 10.833 1.34549  0.536549  
5.93125 9.46793 1.27945  0.536549  
19.7873 9.09764 1.26321  0.536552  
13.2657 11.9298 1.27175  0.56352  
16.2978 24.3004 1.26745  0.573638  
24.4835 15.5775 1.21148  0.605221  
14.5578 8.67492 1.20857  0.605221  
11.2665 9.4199 1.23718  0.605221  
16.2632 15.1344 1.25574  0.605221  
8.80593 9.39826 1.2646  0.634259  
9.78555 9.61125 1.275  0.76605  
18.4844 23.2728 1.24641  0.804603  
12.0782 10.1447 1.22636  0.800182  
15.8295 13.6339 1.2539  0.874411  
19.9101 18.689 1.20314  0.874411  
9.44793 8.86712 1.15431  0.886113  
12.0704 12.4943 1.14366  0.874411  
12.5427 8.62433 1.09041  0.888598  
22.9513 29.1592 1.16307  0.88993  
11.4487 13.1869 1.13697  0.983302  
22.0526 14.4258 1.1737  1.03262  
21.485 21.5002 1.18897  1.10807  
15.8608 11.3635 1.0278  1.09269  
16.9855 23.2281 1.01294  1.0291  
21.019 23.4082 0.755675  0.780855  
18.1831 15.8614 0.383229  0.390791  
10.3742 6.57064 0.953834  1.11477  
27.9284 23.1146 0.950362  1.13095  
18.0044 18.2079 0.945284  1.17483  
18.6436 12.4858 0.364591  0.433603  
27.343 17.9425 0.859151  1.13387  
21.2574 17.3601 0.832096  1.14148  
19.8154 16.8966 0.843665  1.17761  
13.6806 10.0876 0.736798  1.11477  
8.49472 8.192 0.839894  1.22879  
9.81685 7.07867 0.839514  1.35534  
18.8165 22.6602 0.750272  1.26304  
9.51294 9.00243 0.7435  1.47312  
9.32164 6.27988 0.778118  1.46974  
23.9605 15.6471 0.671728  1.28489  
31.2008 17.7132 0.630308  1.46957  
12.2253 9.07966 0.644344  1.39426  
16.6901 15.2893 0.642888  1.45952  
8.15891 18.0395 0.595367  1.39013  
27.5905 17.1247 0.562398  1.40519  
6.97348 12.1504 0.574487  1.42262  
27.349 20.8537 0.521628  1.399  
22.7959 21.3849 0.223419  0.536549  
9.54998 10.4649 0.491574  1.43467  
11.5754 7.07756 0.225209  0.605221  
17.3921 15.6857 0.364591  1.45075  
8.98709 9.44911 0.391449  1.44224  
24.3686 20.109 0.3833  1.4055  
26.0405 16.7084 0.364591  1.41714  
9.60592 8.62598 0.364591  1.47811  
18.0525 20.835 0.363367  1.53931  
18.5221 16.6433 0.312396  1.58648  
15.859 13.0431 0.261644  1.5729  
16.8513 16.4116 0.233646  1.56133  
8.16025 9.67527 0.22718  1.55931  
33.0697 22.7865 0.224554  1.54658  
13.8082 18.6427 0.221613  1.54015  
11.4743 7.8902 0.221613  1.62809  
21.2116 15.5515 0.215587  1.82359  
8.92571 7.63012 0.18859  1.89175  
9.37973 8.39126 0.118879  1.93235  
13.7891 14.8985 0.105442  0.874411  
7.25991 9.60065 0.130185  1.9253  
25.9204 22.762 0.106421  1.89237  
27.603 24.1823 0.0933131  1.93156  
6.95533 9.39158 0.0643662  3.03308  
0.0318299 0.858906 9.78333  0.0164277  
0.217777 0.536717 0.0256575  1.25968  
0.219664 0.53642 1.79997  0.0206594  
0.375782 0.390399 1.19557  0.0259309  
0.217294 0.737162 0.987009  0.0359809  
0.030444 0.884575 0.987009  0.0359809  
0.695453 0.382166 0.987009  0.0359809  
1.01124 0.0236676 0.987009  0.0359809  
0.218912 0.53649 0.987009  0.0359809  
0.81752 0.114722 0.987009  0.0359809  
1.21192 0.0208951 0.987009  0.0359809  
0.217705 0.609708 0.987009  0.0359809  
0.37442 0.392038 0.81752  0.117319  
1.61178 0.0177564 0.81752  0.117319  
0.817123 0.122451 0.81752  0.121095  
0.350949 0.426841 0.81752  0.121095  
0.695476 0.18299 0.81752  0.121095  
1.05618 0.0220248 0.81752  0.121095  
0.0267552 1.06422 0.81752  0.121095  
0.0472749 0.858354 0.695476  0.18299  
2.69105 0.012866 0.695476  0.18299  
0.713205 0.180564 0.695476  0.18299  
0.215941 0.817424 0.695476  0.18299  
0.347401 0.429615 0.695476  0.18299  
0.990027 0.0282947 0.695476  0.18299  
0.719131 0.179274 0.695476  0.18299  
0.0256575 1.25968 0.695476  0.18299  
0.987009 0.0359809 0.695476  0.18299  
0.0292031 1.05934 0.695476  0.18299  
0.217243 0.780323 0.695476  0.18299  
0.987817 0.0302734 0.695476  0.18299  
9.70471 0.721748 0.695476  0.18299  
0.818937 0.129683 0.695476  0.18299  
0.309328 0.536419 0.695476  0.18299  
0.819346 0.122033 0.695476  0.18299  
0.0288458 1.06316 0.695476  0.18299  
8.49359 0.0187365 0.695476  0.18299  
0.625531 0.390399 0.576745  0.390399  
9.99558 0.220283 0.576745  0.390399  
0.374444 0.392038 0.576745  0.390399  
0.819346 0.125044 0.576745  0.390399  
0.700099 0.210157 0.576745  0.390399  
0.729087 0.183223 0.37442  0.392038  
0.350841 0.493434 0.37442  0.392038  
8.57921 0.487989 0.37442  0.392038  
12.0704 12.4943 0.37442  0.392038  
12.5427 8.62433 0.37442  0.392038  
22.9513 29.1592 0.37442  0.392038  
11.4487 13.1869 0.37442  0.392038  
22.0526 14.4258 0.37442  0.392038  
21.485 21.5002 0.37442  0.392038  
15.8608 11.3635 0.37442  0.392038  
16.9855 23.2281 0.37442  0.392038  
21.019 23.4082 0.37442  0.392038  
18.1831 15.8614 0.37442  0.392038  
10.3742 6.57064 0.347401  0.429615  
27.9284 23.1146 0.347401  0.429615  
18.0044 18.2079 0.347401  0.429615  
18.6436 12.4858 0.347401  0.429615  
27.343 17.9425 0.347401  0.429615  
21.2574 17.3601 0.347401  0.429615  
19.8154 16.8966 0.347401  0.429615  
13.6806 10.0876 0.347401  0.429615  
8.49472 8.192 0.218912  0.53649  
9.81685 7.07867 0.218912  0.53649  
18.8165 22.6602 0.218912  0.53649  
9.51294 9.00243 0.218912  0.53649  
9.32164 6.27988 0.218912  0.53649  
23.9605 15.6471 0.218912  0.53649  
31.2008 17.7132 0.218912  0.53649  
12.2253 9.07966 0.218912  0.53649  
16.6901 15.2893 0.218912  0.53649  
8.15891 18.0395 0.218912  0.53649  
27.5905 17.1247 0.218912  0.53649  
6.97348 12.1504 0.218912  0.53649  
27.349 20.8537 0.218912  0.53649  
22.7959 21.3849 0.218912  0.53649  
9.54998 10.4649 0.218912  0.53649  
11.5754 7.07756 0.218912  0.53649  
17.3921 15.6857 0.217294  0.737162  
8.98709 9.44911 0.217243  0.780323  
24.3686 20.109 0.217243  0.780323  
26.0405 16.7084 0.0318299  0.858906  
9.60592 8.62598 0.0318299  0.858906  
18.0525 20.835 0.0318299  0.858906  
18.5221 16.6433 0.0318299  0.858906  
15.859 13.0431 0.0318299  0.858906  
16.8513 16.4116 0.0318299  0.858906  
8.16025 9.67527 0.0318299  0.858906  
33.0697 22.7865 0.0318299  0.858906  
13.8082 18.6427 0.0318299  0.858906  
11.4743 7.8902 0.0318299  0.858906  
21.2116 15.5515 0.0318299  0.858906  
8.92571 7.63012 0.0318299  0.858906  
9.37973 8.39126 0.0318299  0.858906  
13.7891 14.8985 0.0318299  0.858906  
7.25991 9.60065 0.0318299  0.858906  
25.9204 22.762 0.0318299  0.858906  
27.603 24.1823 0.0318299  0.858906  
6.95533 9.39158 0.0292031  1.05934  
0.0240653 0.851547 0.980887  0.0109777  
0.21543 0.539737 0.0224717  0.851562  
0.813399 0.102956 0.980887  0.0134087  
0.215468 0.536196 0.980887  0.0134087  
0.359722 0.405515 0.98086  0.0272309  
0.372388 0.39006 0.98086  0.0428823  
0.215241 0.681212 0.98086  0.0428823  
0.215567 0.536194 0.98086  0.0428823  
0.337827 0.425603 0.98086  0.0428823  
0.0247348 0.851539 0.98086  0.0428823  
0.339107 0.423905 0.901558  0.100433  
0.33782 0.435243 0.853709  0.100433  
0.340463 0.42152 0.81335  0.104387  
0.215347 0.595014 0.81332  0.114267  
0.700626 0.173387 0.813263  0.119024  
0.37365 0.390049 0.813263  0.134653  
0.81332 0.110006 0.813263  0.134653  
0.844658 0.100433 0.813263  0.134653  
0.36387 0.405371 0.813263  0.134653  
0.687055 0.174006 0.70609  0.172999  
0.687052 0.231299 0.70609  0.172999  
0.81335 0.104387 0.687055  0.174144  
0.697841 0.173568 0.687055  0.184232  
0.813263 0.117259 0.687055  0.195891  
0.832056 0.101073 0.687055  0.204336  
0.357524 0.405753 0.687055  0.213023  
0.215428 0.554011 0.687052  0.231299  
0.0224717 0.851562 0.687052  0.24384  
0.337827 0.431917 0.687052  0.24384  
0.687055 0.179469 0.687052  0.24384  
0.70609 0.172999 0.687052  0.24384  
0.980887 0.0109777 0.687052  0.24384  
0.98086 0.0272309 0.687052  0.24384  
0.377341 0.390045 0.687052  0.24384  
0.980887 0.436828 0.687052  0.24384  
0.377341 0.390045 0.687052  0.24384  
0.980887 1.00731 0.687052  0.24384  
1.38759 0.975564 0.687052  0.24384  
0.984634 0.0364572 0.377341  0.390045  
0.984315 0.0689828 0.377341  0.390045  
13.5661 0.410452 0.377341  0.390045  
13.6522 0.80847 0.377341  0.390045  
0.729087 0.183223 0.377341  0.390045  
0.350841 0.493434 0.377341  0.390045  
8.57921 0.487989 0.377341  0.390045  
12.0704 12.4943 0.377341  0.390045  
12.5427 8.62433 0.377341  0.390045  
22.9513 29.1592 0.377341  0.390045  
11.4487 13.1869 0.377341  0.390045  
22.0526 14.4258 0.377341  0.390045  
21.485 21.5002 0.377341  0.390045  
15.8608 11.3635 0.377341  0.390045  
16.9855 23.2281 0.377341  0.390045  
21.019 23.4082 0.372388  0.39399  
18.1831 15.8614 0.36387  0.405371  
10.3742 6.57064 0.357524  0.405791  
27.9284 23.1146 0.340463  0.42152  
18.0044 18.2079 0.339107  0.423905  
18.6436 12.4858 0.33782  0.436614  
27.343 17.9425 0.33782  0.436614  
21.2574 17.3601 0.33782  0.436614  
19.8154 16.8966 0.33782  0.436614  
13.6806 10.0876 0.33782  0.504735  
8.49472 8.192 0.217038  0.536194  
9.81685 7.07867 0.217038  0.536194  
18.8165 22.6602 0.217038  0.536194  
9.51294 9.00243 0.217038  0.536194  
9.32164 6.27988 0.217038  0.536194  
23.9605 15.6471 0.217038  0.536194  
31.2008 17.7132 0.217038  0.536194  
12.2253 9.07966 0.217038  0.536194  
16.6901 15.2893 0.217038  0.536194  
8.15891 18.0395 0.217038  0.536194  
27.5905 17.1247 0.217038  0.536194  
6.97348 12.1504 0.215428  0.554011  
27.349 20.8537 0.215428  0.554011  
22.7959 21.3849 0.215347  0.595014  
9.54998 10.4649 0.215347  0.595014  
11.5754 7.07756 0.215241  0.693084  
17.3921 15.6857 0.215241  0.693084  
8.98709 9.44911 0.215241  0.693084  
24.3686 20.109 0.215241  0.836408  
26.0405 16.7084 0.0259301  0.851539  
9.60592 8.62598 0.0259301  0.851539  
18.0525 20.835 0.0259301  0.851539  
18.5221 16.6433 0.0259301  0.851539  
15.859 13.0431 0.0259301  0.851539  
16.8513 16.4116 0.0259301  0.851539  
8.16025 9.67527 0.0259301  0.851539  
33.0697 22.7865 0.0259301  0.851539  
13.8082 18.6427 0.0259301  0.851539  
11.4743 7.8902 0.0259301  0.851539  
21.2116 15.5515 0.0259301  0.851539  
8.92571 7.63012 0.0259301  0.851539  
9.37973 8.39126 0.0259301  0.851539  
13.7891 14.8985 0.0259301  0.851539  
7.25991 9.60065 0.0259301  0.851539  
25.9204 22.762 0.0259301  0.851539  
27.603 24.1823 0.0259301  0.851539  
6.95533 9.39158 0.0259301  0.851539  
0.478408 0.314135 0.980764  0.0105491  
0.215153 0.536448 0.0224602  0.851527  
0.357156 0.406572 0.980742  0.0146414  
0.356302 0.408649 0.980719  0.0246622  
0.35847 0.405189 0.980719  0.0246622  
0.372353 0.390043 0.980719  0.0420255  
0.360762 0.404532 0.980719  0.046605  
0.344227 0.420852 0.980719  0.0668791  
0.337698 0.42448 0.980719  0.0668791  
0.479553 0.308721 0.980719  0.0668791  
0.693201 0.171515 0.845962  0.0992204  
0.356206 0.411295 0.845962  0.0992204  
0.687008 0.174212 0.813099  0.10329  
0.696449 0.171511 0.813097  0.111059  
0.687002 0.174847 0.813097  0.125872  
0.215151 0.541972 0.813097  0.130926  
0.339798 0.420897 0.813097  0.130926  
0.215149 0.64817 0.813097  0.153199  
0.337698 0.438475 0.813097  0.153199  
0.687051 0.172756 0.707417  0.171438  
0.372252 0.39221 0.707417  0.171438  
0.478227 0.314988 0.687002  0.174847  
0.216283 0.536187 0.687002  0.183552  
0.707417 0.171438 0.687002  0.193817  
0.813097 0.109955 0.687002  0.193817  
0.980764 0.0105491 0.687002  0.218728  
0.844613 0.0992204 0.687002  0.231638  
0.81335 0.101849 0.687002  0.23251  
0.814756 0.101244 0.687002  0.23251  
0.337855 0.421157 0.687002  0.23251  
0.478214 0.320356 0.687002  0.23251  
0.83036 0.100236 0.687002  0.23251  
0.980719 0.0246622 0.481742  0.308721  
0.840567 0.0994203 0.481742  0.308721  
1.1812 0.0105491 0.481742  0.308721  
0.813099 0.103533 0.481742  0.308721  
0.0224639 0.851527 0.481742  0.308721  
0.980742 0.0153031 0.481742  0.308721  
0.377446 0.390042 0.481742  0.308721  
0.36711 0.404506 0.481742  0.308721  
0.687008 0.175358 0.481742  0.308721  
11.7556 10.4131 0.478227  0.314988  
1.80559 0.0104931 0.478214  0.32904  
0.350841 0.493434 0.478214  0.32904  
8.57921 0.487989 0.478214  0.32904  
12.0704 12.4943 0.478214  0.32904  
12.5427 8.62433 0.478214  0.32904  
22.9513 29.1592 0.377446  0.390042  
11.4487 13.1869 0.377446  0.390042  
22.0526 14.4258 0.377446  0.390042  
21.485 21.5002 0.377446  0.390042  
15.8608 11.3635 0.377446  0.390042  
16.9855 23.2281 0.377446  0.390042  
21.019 23.4082 0.372252  0.393276  
18.1831 15.8614 0.361414  0.404532  
10.3742 6.57064 0.356206  0.411295  
27.9284 23.1146 0.344227  0.420852  
18.0044 18.2079 0.337855  0.422271  
18.6436 12.4858 0.337698  0.438475  
27.343 17.9425 0.337698  0.444768  
21.2574 17.3601 0.337698  0.444768  
19.8154 16.8966 0.337698  0.444768  
13.6806 10.0876 0.337698  0.444768  
8.49472 8.192 0.21714  0.536187  
9.81685 7.07867 0.21714  0.536187  
18.8165 22.6602 0.21714  0.536187  
9.51294 9.00243 0.21714  0.536187  
9.32164 6.27988 0.21714  0.536187  
23.9605 15.6471 0.21714  0.536187  
31.2008 17.7132 0.21714  0.536187  
12.2253 9.07966 0.21714  0.536187  
16.6901 15.2893 0.21714  0.536187  
8.15891 18.0395 0.21714  0.536187  
27.5905 17.1247 0.21714  0.536187  
6.97348 12.1504 0.215151  0.555527  
27.349 20.8537 0.215151  0.580663  
22.7959 21.3849 0.215151  0.580663  
9.54998 10.4649 0.215149  0.649427  
11.5754 7.07756 0.215149  0.661256  
17.3921 15.6857 0.215149  0.738784  
8.98709 9.44911 0.215149  0.742833  
24.3686 20.109 0.215149  0.829409  
26.0405 16.7084 0.0266265  0.851527  
9.60592 8.62598 0.0266265  0.851527  
18.0525 20.835 0.0266265  0.851527  
18.5221 16.6433 0.0266265  0.851527  
15.859 13.0431 0.0266265  0.851527  
16.8513 16.4116 0.0266265  0.851527  
8.16025 9.67527 0.0266265  0.851527  
33.0697 22.7865 0.0266265  0.851527  
13.8082 18.6427 0.0266265  0.851527  
11.4743 7.8902 0.0266265  0.851527  
21.2116 15.5515 0.0266265  0.851527  
8.92571 7.63012 0.0266265  0.851527  
9.37973 8.39126 0.0266265  0.851527  
13.7891 14.8985 0.0266265  0.851527  
7.25991 9.60065 0.0266265  0.851527  
25.9204 22.762 0.0266265  0.851527  
27.603 24.1823 0.0266265  0.851527  
6.95533 9.39158 0.0266265  0.851527  
0.337236 0.421093 0.980607  0.0101982  
0.215153 0.536448 0.0223265  0.851525  
0.357156 0.406572 0.98052  0.0149977  
0.355603 0.407743 0.980508  0.0227295  
0.35847 0.405189 0.980501  0.0350174  
0.372353 0.390043 0.980501  0.0395158  
0.360514 0.404271 0.980501  0.054986  
0.215125 0.541882 0.980501  0.0595763  
0.484793 0.308658 0.980501  0.0595763  
0.479396 0.308695 0.980501  0.0595763  
0.693201 0.171515 0.84425  0.0984166  
0.47798 0.319923 0.84425  0.0984166  
0.337087 0.427516 0.813046  0.104144  
0.686991 0.173346 0.813046  0.115275  
0.980501 0.033495 0.813046  0.115275  
0.481131 0.308662 0.813046  0.127198  
0.339798 0.420897 0.813046  0.127198  
0.216698 0.536186 0.813046  0.127198  
0.495831 0.308657 0.813046  0.127198  
0.687051 0.172756 0.704128  0.171213  
0.372224 0.392155 0.704128  0.171213  
0.980607 0.0101982 0.686991  0.173346  
0.813046 0.103827 0.686991  0.185886  
0.477984 0.313332 0.686991  0.186823  
0.980605 0.0119203 0.686991  0.206899  
0.340976 0.419798 0.686991  0.21955  
0.825642 0.0984678 0.686991  0.21955  
0.81335 0.101849 0.686991  0.21955  
0.814756 0.101244 0.686991  0.255761  
0.980508 0.0279755 0.686991  0.255761  
0.704128 0.171213 0.686991  0.27475  
0.980508 0.0201295 0.686991  0.27475  
0.0223265 0.851525 0.500888  0.308657  
0.3555 0.410465 0.500888  0.308657  
0.98052 0.0137588 0.500888  0.308657  
1.92257 0.0101982 0.500888  0.308657  
0.980607 0.218121 0.500888  0.308657  
0.833744 0.0984238 0.500888  0.308657  
0.375261 0.390042 0.500888  0.308657  
0.699918 0.171268 0.500888  0.308657  
0.980613 0.0101982 0.48338  0.308661  
0.33722 0.421181 0.477984  0.316578  
0.48907 0.308658 0.47798  0.330839  
0.341908 0.419724 0.47798  0.334946  
0.98052 0.0150006 0.47798  0.334946  
0.835774 0.0984166 0.47798  0.334946  
0.980613 1.13622 0.47798  0.334946  
0.710881 0.171246 0.379236  0.390042  
1.23568 0.0102837 0.379236  0.390042  
2.06573 0.0102866 0.379236  0.390042  
21.485 21.5002 0.379236  0.390042  
15.8608 11.3635 0.379236  0.390042  
16.9855 23.2281 0.379236  0.390042  
21.019 23.4082 0.372224  0.394898  
18.1831 15.8614 0.363595  0.404271  
10.3742 6.57064 0.3555  0.410465  
27.9284 23.1146 0.343686  0.419724  
18.0044 18.2079 0.33722  0.421181  
18.6436 12.4858 0.337087  0.433783  
27.343 17.9425 0.337087  0.449181  
21.2574 17.3601 0.337087  0.474897  
19.8154 16.8966 0.337087  0.487982  
13.6806 10.0876 0.337087  0.487982  
8.49472 8.192 0.216698  0.536186  
9.81685 7.07867 0.216698  0.536186  
18.8165 22.6602 0.216698  0.536186  
9.51294 9.00243 0.216698  0.536186  
9.32164 6.27988 0.216698  0.536186  
23.9605 15.6471 0.216698  0.536186  
31.2008 17.7132 0.216698  0.536186  
12.2253 9.07966 0.216698  0.536186  
16.6901 15.2893 0.216698  0.536186  
8.15891 18.0395 0.216698  0.536186  
27.5905 17.1247 0.216698  0.536186  
6.97348 12.1504 0.215125  0.543058  
27.349 20.8537 0.215125  0.584185  
22.7959 21.3849 0.215125  0.584185  
9.54998 10.4649 0.215125  0.65684  
11.5754 7.07756 0.215125  0.65684  
17.3921 15.6857 0.215125  0.65684  
8.98709 9.44911 0.215125  0.65684  
24.3686 20.109 0.215125  0.836838  
26.0405 16.7084 0.0260186  0.851525  
9.60592 8.62598 0.0260186  0.851525  
18.0525 20.835 0.0260186  0.851525  
18.5221 16.6433 0.0260186  0.851525  
15.859 13.0431 0.0260186  0.851525  
16.8513 16.4116 0.0260186  0.851525  
8.16025 9.67527 0.0260186  0.851525  
33.0697 22.7865 0.0260186  0.851525  
13.8082 18.6427 0.0260186  0.851525  
11.4743 7.8902 0.0260186  0.851525  
21.2116 15.5515 0.0260186  0.851525  
8.92571 7.63012 0.0260186  0.851525  
9.37973 8.39126 0.0260186  0.851525  
13.7891 14.8985 0.0260186  0.851525  
7.25991 9.60065 0.0260186  0.851525  
25.9204 22.762 0.0260186  0.851525  
27.603 24.1823 0.0260186  0.851525  
6.95533 9.39158 0.0260186  0.851525  
0.025393 0.851525 0.980489  0.0101666  
0.215153 0.536448 0.0222178  0.851525  
0.355437 0.406159 0.980488  0.0145761  
0.216274 0.536186 0.980488  0.0237226  
0.35847 0.405189 0.980488  0.0292382  
0.372353 0.390043 0.980488  0.0424959  
0.359636 0.403988 0.980488  0.0424959  
0.215125 0.542394 0.980488  0.0424959  
0.478653 0.308652 0.980488  0.0424959  
0.337029 0.420788 0.980488  0.0424959  
0.693201 0.171515 0.844124  0.0984  
0.477971 0.31581 0.844124  0.0984  
0.33705 0.42044 0.813028  0.104571  
0.477974 0.313873 0.813028  0.11446  
0.980489 0.0101666 0.813028  0.123669  
0.477984 0.311594 0.813028  0.134857  
0.698224 0.171186 0.813028  0.134857  
0.337019 0.439915 0.813028  0.134857  
0.477969 0.321321 0.813028  0.134857  
0.687051 0.172756 0.706189  0.171186  
0.372224 0.392155 0.706189  0.171186  
0.686991 0.173545 0.686991  0.174911  
0.980488 0.0403713 0.686991  0.181767  
0.215125 0.547037 0.686991  0.187226  
0.980488 0.0145761 0.686991  0.206253  
0.340976 0.419798 0.686991  0.218666  
0.825122 0.0984 0.686991  0.218666  
0.81335 0.101849 0.686991  0.218666  
0.814756 0.101244 0.686991  0.255185  
0.813028 0.103792 0.686991  0.265954  
1.18068 1.70784 0.686991  0.280986  
0.362591 0.403988 0.686991  0.285142  
0.337026 0.425114 0.482258  0.308652  
0.378522 0.390041 0.482258  0.308652  
0.980514 0.995597 0.482258  0.308652  
0.0222421 0.851525 0.482258  0.308652  
0.686991 0.174738 0.482258  0.308652  
0.980488 0.0347381 0.482258  0.308652  
0.37214 0.392863 0.482258  0.308652  
0.980514 0.0101423 0.482258  0.308652  
1.40751 0.0101423 0.482258  0.308652  
0.980518 0.396597 0.477971  0.317205  
0.980518 0.464535 0.477969  0.327242  
0.343067 0.419724 0.477969  0.327242  
0.355431 0.409855 0.477969  0.327242  
0.683774 0.308652 0.477969  0.327242  
2.63856 0.210432 0.477969  0.377062  
0.217032 0.536186 0.377577  0.390041  
0.841639 0.0984036 0.377577  0.390041  
1.18162 0.623305 0.377577  0.390041  
21.485 21.5002 0.377577  0.390041  
15.8608 11.3635 0.377577  0.390041  
16.9855 23.2281 0.377577  0.390041  
21.019 23.4082 0.37214  0.392808  
18.1831 15.8614 0.361334  0.403988  
10.3742 6.57064 0.355431  0.410499  
27.9284 23.1146 0.346227  0.419724  
18.0044 18.2079 0.337029  0.420788  
18.6436 12.4858 0.337026  0.431367  
27.343 17.9425 0.337019  0.450202  
21.2574 17.3601 0.337019  0.467111  
19.8154 16.8966 0.337019  0.467111  
13.6806 10.0876 0.337019  0.467111  
8.49472 8.192 0.217125  0.536186  
9.81685 7.07867 0.217125  0.536186  
18.8165 22.6602 0.217125  0.536186  
9.51294 9.00243 0.217125  0.536186  
9.32164 6.27988 0.217125  0.536186  
23.9605 15.6471 0.217125  0.536186  
31.2008 17.7132 0.217125  0.536186  
12.2253 9.07966 0.217125  0.536186  
16.6901 15.2893 0.217125  0.536186  
8.15891 18.0395 0.217125  0.536186  
27.5905 17.1247 0.217125  0.536186  
6.97348 12.1504 0.215125  0.547037  
27.349 20.8537 0.215125  0.547037  
22.7959 21.3849 0.215125  0.547037  
9.54998 10.4649 0.215125  0.547037  
11.5754 7.07756 0.215125  0.547037  
17.3921 15.6857 0.215125  0.547037  
8.98709 9.44911 0.215125  0.741394  
24.3686 20.109 0.215125  0.741394  
26.0405 16.7084 0.0257009  0.851525  
9.60592 8.62598 0.0257009  0.851525  
18.0525 20.835 0.0257009  0.851525  
18.5221 16.6433 0.0257009  0.851525  
15.859 13.0431 0.0257009  0.851525  
16.8513 16.4116 0.0257009  0.851525  
8.16025 9.67527 0.0257009  0.851525  
33.0697 22.7865 0.0257009  0.851525  
13.8082 18.6427 0.0257009  0.851525  
11.4743 7.8902 0.0257009  0.851525  
21.2116 15.5515 0.0257009  0.851525  
8.92571 7.63012 0.0257009  0.851525  
9.37973 8.39126 0.0257009  0.851525  
13.7891 14.8985 0.0257009  0.851525  
7.25991 9.60065 0.0257009  0.851525  
25.9204 22.762 0.0257009  0.851525  
27.603 24.1823 0.0257009  0.851525  
6.95533 9.39158 0.0257009  0.851525  
0.336998 0.42303 0.980487  0.0102088  
0.215153 0.536448 0.0221605  0.851525  
0.355437 0.406159 0.980487  0.0139925  
0.215125 0.54193 0.980486  0.0199729  
0.358105 0.403988 0.980486  0.0346446  
0.372353 0.390043 0.980486  0.0410651  
0.340411 0.419681 0.980486  0.0410651  
0.360237 0.403925 0.980486  0.0410651  
0.478653 0.308652 0.980486  0.0410651  
0.372128 0.392354 0.980486  0.087423  
0.69029 0.171168 0.833519  0.0983856  
0.477966 0.313922 0.833519  0.0983856  
0.813008 0.10748 0.81301  0.102993  
0.68699 0.178799 0.813008  0.115137  
0.481275 0.308651 0.813008  0.123776  
0.477984 0.311594 0.813008  0.123776  
0.355421 0.406825 0.813008  0.144323  
0.477966 0.316046 0.813008  0.144323  
0.81301 0.102993 0.813008  0.144323  
0.687051 0.172756 0.700962  0.171168  
0.0243431 0.851525 0.700962  0.171168  
0.215124 0.54466 0.68699  0.175101  
0.980486 0.0410651 0.68699  0.182774  
0.833519 0.0983856 0.68699  0.194732  
0.336998 0.420218 0.68699  0.205898  
0.216581 0.536186 0.68699  0.205898  
0.825122 0.0984 0.68699  0.205898  
0.81335 0.101849 0.68699  0.205898  
0.814756 0.101244 0.68699  0.205898  
0.980487 0.0102088 0.68699  0.205898  
9.48922 8.53464 0.68699  0.205898  
0.980487 0.0102088 0.68699  0.205898  
0.374718 0.390041 0.482392  0.308651  
0.68699 0.173729 0.482392  0.308651  
0.980486 0.0199729 0.482392  0.308651  
0.345977 0.419681 0.482392  0.308651  
0.0221866 0.851525 0.482392  0.308651  
1.18062 0.203383 0.482392  0.308651  
0.813008 0.111995 0.482392  0.308651  
1.18141 0.792669 0.482392  0.308651  
0.980488 0.985551 0.482392  0.308651  
0.980488 0.0102367 0.477966  0.316046  
0.980488 0.210072 0.477966  0.322272  
0.343067 0.419724 0.477966  0.333231  
0.355431 0.409855 0.477966  0.349551  
0.683774 0.308652 0.477966  0.349551  
2.63856 0.210432 0.477966  0.349551  
0.217032 0.536186 0.377268  0.390041  
0.841639 0.0984036 0.377268  0.390041  
1.18162 0.623305 0.377268  0.390041  
21.485 21.5002 0.377268  0.390041  
15.8608 11.3635 0.377268  0.390041  
16.9855 23.2281 0.377268  0.390041  
21.019 23.4082 0.372128  0.396969  
18.1831 15.8614 0.363398  0.403925  
10.3742 6.57064 0.355421  0.409889  
27.9284 23.1146 0.346613  0.419681  
18.0044 18.2079 0.336998  0.420768  
18.6436 12.4858 0.336998  0.43034  
27.343 17.9425 0.336998  0.43034  
21.2574 17.3601 0.336998  0.470723  
19.8154 16.8966 0.336998  0.491998  
13.6806 10.0876 0.336998  0.498351  
8.49472 8.192 0.216581  0.536186  
9.81685 7.07867 0.216581  0.536186  
18.8165 22.6602 0.216581  0.536186  
9.51294 9.00243 0.216581  0.536186  
9.32164 6.27988 0.216581  0.536186  
23.9605 15.6471 0.216581  0.536186  
31.2008 17.7132 0.216581  0.536186  
12.2253 9.07966 0.216581  0.536186  
16.6901 15.2893 0.216581  0.536186  
8.15891 18.0395 0.216581  0.536186  
27.5905 17.1247 0.216581  0.536186  
6.97348 12.1504 0.215124  0.55187  
27.349 20.8537 0.215124  0.55187  
22.7959 21.3849 0.215124  0.55187  
9.54998 10.4649 0.215124  0.55187  
11.5754 7.07756 0.215124  0.55187  
17.3921 15.6857 0.215124  0.55187  
8.98709 9.44911 0.215124  0.744789  
24.3686 20.109 0.215124  0.79702  
26.0405 16.7084 0.0262834  0.851525  
9.60592 8.62598 0.0262834  0.851525  
18.0525 20.835 0.0262834  0.851525  
18.5221 16.6433 0.0262834  0.851525  
15.859 13.0431 0.0262834  0.851525  
16.8513 16.4116 0.0262834  0.851525  
8.16025 9.67527 0.0262834  0.851525  
33.0697 22.7865 0.0262834  0.851525  
13.8082 18.6427 0.0262834  0.851525  
11.4743 7.8902 0.0262834  0.851525  
21.2116 15.5515 0.0262834  0.851525  
8.92571 7.63012 0.0262834  0.851525  
9.37973 8.39126 0.0262834  0.851525  
13.7891 14.8985 0.0262834  0.851525  
7.25991 9.60065 0.0262834  0.851525  
25.9204 22.762 0.0262834  0.851525  
27.603 24.1823 0.0262834  0.851525  
6.95533 9.39158 0.0262834  0.851525  
