7.26819 6.47415 7.26819  6.47415  
7.59428 5.98828 7.59428  5.98828  
5.50363 5.75261 5.50363  5.75261  
5.93114 4.82098 5.93114  4.82098  
6.28571 4.23278 6.28571  4.23278  
6.83112 6.99854 6.83112  6.99854  
6.47962 5.24594 6.47962  5.24594  
7.94657 7.11049 7.94657  7.11049  
5.26476 7.61829 5.26476  7.61829  
4.17774 6.49588 4.17774  6.49588  
5.45823 5.16841 5.45823  5.16841  
6.61711 5.42354 6.61711  5.42354  
5.7157 5.96119 5.7157  5.96119  
7.42467 4.92135 7.42467  4.92135  
5.51494 4.67729 5.51494  4.67729  
6.10525 4.21962 6.10525  4.21962  
6.47968 6.52958 6.47968  6.52958  
6.03949 5.41799 6.03949  5.41799  
5.70251 5.78592 5.70251  5.78592  
7.0056 5.66951 7.0056  5.66951  
6.55615 4.5969 6.55615  4.5969  
5.6863 5.73435 5.6863  5.73435  
5.84191 5.06356 5.84191  5.06356  
4.17371 5.68921 4.17371  5.68921  
5.62438 5.88331 5.62438  5.88331  
8.07628 6.04817 8.07628  6.04817  
6.19195 6.0981 6.19195  6.0981  
6.28429 6.66653 6.28429  6.66653  
5.55434 5.03334 5.55434  5.03334  
5.89261 6.15148 5.89261  6.15148  
5.67797 5.02278 5.67797  5.02278  
7.15616 5.63941 7.15616  5.63941  
6.78744 4.74582 6.78744  4.74582  
7.72352 4.96754 7.72352  4.96754  
6.80634 7.12348 6.80634  7.12348  
5.45596 6.80005 5.45596  6.80005  
7.39349 6.15195 7.39349  6.15195  
5.75108 5.90364 5.75108  5.90364  
5.98573 5.91407 5.98573  5.91407  
7.32188 5.12321 7.32188  5.12321  
6.08408 6.01245 6.08408  6.01245  
4.1646 6.13055 4.1646  6.13055  
6.11982 5.88242 6.11982  5.88242  
6.20878 6.049 6.20878  6.049  
6.5038 4.85632 6.5038  4.85632  
6.74394 6.09807 6.74394  6.09807  
6.09445 5.51505 6.09445  5.51505  
6.77266 5.48259 6.77266  5.48259  
5.09764 5.61788 5.09764  5.61788  
6.58737 6.65894 6.58737  6.65894  
4.711 6.07248 4.711  6.07248  
7.59278 7.03469 7.59278  7.03469  
7.41323 4.62935 7.41323  4.62935  
7.14096 5.76657 7.14096  5.76657  
6.73787 6.7838 6.73787  6.7838  
5.26605 4.61543 5.26605  4.61543  
6.09997 5.94092 6.09997  5.94092  
5.95163 7.54687 5.95163  7.54687  
6.3422 6.09833 6.3422  6.09833  
6.08419 4.58247 6.08419  4.58247  
5.49641 5.27519 5.49641  5.27519  
7.2884 7.15635 7.2884  7.15635  
5.4781 5.96935 5.4781  5.96935  
4.60375 5.70496 4.60375  5.70496  
6.68444 5.89834 6.68444  5.89834  
7.17565 5.01745 7.17565  5.01745  
5.59383 6.78991 5.59383  6.78991  
6.61482 4.14792 6.61482  4.14792  
6.14871 5.55241 6.14871  5.55241  
6.5992 6.7092 6.5992  6.7092  
6.74263 4.24042 6.74263  4.24042  
5.06739 6.51585 5.06739  6.51585  
5.47513 5.3546 5.47513  5.3546  
6.36675 6.98863 6.36675  6.98863  
6.01039 5.47665 6.01039  5.47665  
7.34191 4.26691 7.34191  4.26691  
6.33711 5.72831 6.33711  5.72831  
6.70351 4.87115 6.70351  4.87115  
6.87942 5.90542 6.87942  5.90542  
6.91295 5.24466 6.91295  5.24466  
5.81075 5.14767 5.81075  5.14767  
6.2323 7.05777 6.2323  7.05777  
5.87505 5.16872 5.87505  5.16872  
7.25149 5.31324 7.25149  5.31324  
5.56901 5.45121 5.56901  5.45121  
7.25407 5.7428 7.25407  5.7428  
5.69717 6.61435 5.69717  6.61435  
6.34166 6.41824 6.34166  6.41824  
6.03937 5.49016 6.03937  5.49016  
6.00377 5.45194 6.00377  5.45194  
6.79902 6.22863 6.79902  6.22863  
6.99576 4.97484 6.99576  4.97484  
6.70745 4.41526 6.70745  4.41526  
6.91633 4.94055 6.91633  4.94055  
7.57588 4.57421 7.57588  4.57421  
6.2866 7.10762 6.2866  7.10762  
6.15466 6.34728 6.15466  6.34728  
6.004 6.31775 6.004  6.31775  
6.15892 5.71033 6.15892  5.71033  
7.12221 6.35339 7.12221  6.35339  
