15.1935 8.77646 15.1935  8.77646  
7.94106 4.8505 7.94106  4.8505  
15.0881 12.4654 15.0881  12.4654  
10.4779 10.9559 10.4779  10.9559  
14.7953 8.32157 14.7953  8.32157  
21.8924 21.6775 21.8924  21.6775  
11.1877 5.24311 11.1877  5.24311  
27.4693 19.1709 27.4693  19.1709  
9.11943 6.60445 9.11943  6.60445  
19.0861 16.4778 19.0861  16.4778  
8.24922 8.77641 8.24922  8.77641  
18.2953 27.1119 18.2953  27.1119  
9.82673 8.15727 9.82673  8.15727  
8.39884 9.17163 8.39884  9.17163  
10.4648 9.86317 10.4648  9.86317  
16.442 21.7431 16.442  21.7431  
7.67569 9.13598 7.67569  9.13598  
17.2266 23.6549 17.2266  23.6549  
26.0507 20.301 26.0507  20.301  
18.7856 17.8559 18.7856  17.8559  
15.3773 14.1866 15.3773  14.1866  
10.7817 8.76064 10.7817  8.76064  
14.965 19.3902 14.965  19.3902  
17.7316 12.1411 17.7316  12.1411  
9.08762 8.03665 9.08762  8.03665  
7.59945 6.62557 7.59945  6.62557  
17.0774 13.4602 17.0774  13.4602  
23.8899 21.415 23.8899  21.415  
12.3995 16.6243 12.3995  16.6243  
21.1295 17.8605 21.1295  17.8605  
10.1962 5.87606 10.1962  5.87606  
17.5184 20.8093 17.5184  20.8093  
10.7709 10.2835 10.7709  10.2835  
8.16648 6.52409 8.16648  6.52409  
23.2362 21.2836 23.2362  21.2836  
10.2182 7.59519 10.2182  7.59519  
8.68351 8.17914 8.68351  8.17914  
23.4285 21.6028 23.4285  21.6028  
9.02992 11.4469 9.02992  11.4469  
9.94985 8.93701 9.94985  8.93701  
20.3248 19.4444 20.3248  19.4444  
19.6119 23.4859 19.6119  23.4859  
10.8949 7.46666 10.8949  7.46666  
9.94632 7.46034 9.94632  7.46034  
15.5274 9.57871 15.5274  9.57871  
8.00034 12.1892 8.00034  12.1892  
14.4473 20.3093 14.4473  20.3093  
15.7246 17.2385 15.7246  17.2385  
20.1529 13.4154 20.1529  13.4154  
26.7614 22.6001 26.7614  22.6001  
6.26394 8.97285 6.26394  8.97285  
30.1076 30.2551 30.1076  30.2551  
12.7226 14.4102 12.7226  14.4102  
7.05216 10.856 7.05216  10.856  
14.2736 13.2871 14.2736  13.2871  
7.98051 5.70303 7.98051  5.70303  
29.5113 19.8416 29.5113  19.8416  
10.1058 10.3952 10.1058  10.3952  
10.916 10.6756 10.916  10.6756  
8.11413 11.5625 8.11413  11.5625  
7.60857 9.61279 7.60857  9.61279  
19.483 25.262 19.483  25.262  
21.8529 16.8334 21.8529  16.8334  
13.8606 8.44856 13.8606  8.44856  
16.4807 15.531 16.4807  15.531  
19.0416 25.7638 19.0416  25.7638  
15.4228 13.3845 15.4228  13.3845  
8.77558 10.605 8.77558  10.605  
14.7199 7.84673 14.7199  7.84673  
19.8042 21.0918 19.8042  21.0918  
20.2746 15.6209 20.2746  15.6209  
9.34423 8.16514 9.34423  8.16514  
10.7677 7.26771 10.7677  7.26771  
11.3329 10.1537 11.3329  10.1537  
16.7126 12.1949 16.7126  12.1949  
16.9883 13.8422 16.9883  13.8422  
13.2938 11.8094 13.2938  11.8094  
28.855 18.35 28.855  18.35  
16.1557 16.3578 16.1557  16.3578  
15.9245 17.2145 15.9245  17.2145  
15.1865 17.998 15.1865  17.998  
23.1271 18.7957 23.1271  18.7957  
12.762 10.3018 12.762  10.3018  
23.0484 26.6063 23.0484  26.6063  
11.4568 19.9181 11.4568  19.9181  
22.0098 32.5905 22.0098  32.5905  
17.1882 24.3069 17.1882  24.3069  
23.6879 23.7228 23.6879  23.7228  
21.2184 13.9884 21.2184  13.9884  
12.7266 12.9373 12.7266  12.9373  
23.0935 11.0986 23.0935  11.0986  
22.4319 27.2674 22.4319  27.2674  
20.7019 16.9894 20.7019  16.9894  
22.855 17.622 22.855  17.622  
21.4448 17.1977 21.4448  17.1977  
13.2899 9.70408 13.2899  9.70408  
26.5305 20.8193 26.5305  20.8193  
6.11724 6.43228 6.11724  6.43228  
27.4179 16.0465 27.4179  16.0465  
12.1125 12.6899 12.1125  12.6899  
0.370257 0.90604 9.70242  6.79878  
1.31876 0.318718 8.84683  8.50082  
0.370729 0.875783 11.5507  5.76703  
0.978642 0.391814 11.312  5.73726  
0.976999 0.575633 12.2363  5.07344  
1.14979 0.37699 12.1577  4.82728  
9.70242 6.79878 11.2596  4.81985  
0.942478 0.760123 11.6078  4.25208  
0.351163 1.27607 14.2572  3.72136  
1.31344 0.364101 12.9436  3.1584  
1.14321 0.391079 13.3785  2.66081  
0.35461 1.10165 13.7059  2.40539  
0.800281 0.877225 0.978642  0.391814  
1.63562 0.316731 13.3728  1.98186  
0.578383 0.889727 11.4429  1.90995  
9.30115 13.2868 12.1529  2.14085  
7.67569 9.13598 11.986  2.32589  
17.2266 23.6549 11.1401  2.3173  
26.0507 20.301 12.3878  2.74791  
18.7856 17.8559 12.2131  2.94939  
15.3773 14.1866 1.92868  0.677209  
10.7817 8.76064 10.1897  2.77544  
14.965 19.3902 10.3168  2.94638  
17.7316 12.1411 11.0935  3.34153  
9.08762 8.03665 11.8643  3.72995  
7.59945 6.62557 11.7832  3.89532  
17.0774 13.4602 11.2139  3.94678  
23.8899 21.415 10.7342  3.97545  
12.3995 16.6243 11.2217  4.31437  
21.1295 17.8605 10.8081  4.3917  
10.1962 5.87606 10.7904  4.62303  
17.5184 20.8093 10.8316  4.80832  
10.7709 10.2835 9.81715  4.5864  
8.16648 6.52409 10.1241  4.8843  
23.2362 21.2836 8.90415  4.57367  
10.2182 7.59519 8.48328  4.53101  
8.68351 8.17914 9.44572  5.269  
23.4285 21.6028 9.77828  5.66315  
9.02992 11.4469 8.5574  5.20876  
9.94985 8.93701 9.2786  5.88585  
20.3248 19.4444 8.33116  5.45955  
19.6119 23.4859 8.34526  5.72335  
10.8949 7.46666 7.20907  5.14585  
9.94632 7.46034 7.52076  5.56691  
15.5274 9.57871 8.49743  6.67947  
8.00034 12.1892 8.0692  6.51862  
14.4473 20.3093 8.03817  6.70711  
15.7246 17.2385 8.03464  7.00188  
20.1529 13.4154 7.15021  6.42324  
26.7614 22.6001 8.28332  7.74206  
6.26394 8.97285 7.62994  7.46523  
30.1076 30.2551 7.02127  7.06852  
12.7226 14.4102 7.06763  7.48836  
7.05216 10.856 7.67821  8.40774  
14.2736 13.2871 7.43585  8.49799  
7.98051 5.70303 7.60194  8.94294  
29.5113 19.8416 6.77016  8.34477  
10.1058 10.3952 5.79117  7.44477  
10.916 10.6756 6.94381  9.29058  
8.11413 11.5625 6.15467  8.56518  
7.60857 9.61279 5.97296  8.84849  
19.483 25.262 6.64229  10.0104  
21.8529 16.8334 5.53809  8.68731  
13.8606 8.44856 5.67768  9.38291  
16.4807 15.531 4.98744  8.49068  
19.0416 25.7638 4.95551  8.76976  
15.4228 13.3845 5.34496  9.97447  
8.77558 10.605 4.95203  9.66747  
14.7199 7.84673 4.78733  9.70318  
19.8042 21.0918 4.31562  9.09293  
20.2746 15.6209 4.61195  10.2448  
9.34423 8.16514 4.61591  10.7352  
10.7677 7.26771 4.27362  10.3983  
11.3329 10.1537 3.85171  9.80786  
16.7126 12.1949 3.92857  10.4872  
16.9883 13.8422 4.03079  11.4411  
13.2938 11.8094 3.76919  11.1735  
28.855 18.35 3.35727  10.7824  
16.1557 16.3578 3.46797  11.4213  
15.9245 17.2145 3.13219  10.8526  
15.1865 17.998 3.67437  12.7671  
23.1271 18.7957 3.22245  12.7977  
12.762 10.3018 3.1694  13.2951  
23.0484 26.6063 3.33879  14.885  
11.4568 19.9181 3.89806  11.9819  
22.0098 32.5905 2.4855  12.5913  
17.1882 24.3069 3.94354  12.1297  
23.6879 23.7228 4.23718  12.7116  
21.2184 13.9884 4.28366  15.4805  
12.7266 12.9373 4.72297  10.8405  
23.0935 11.0986 4.76034  12.3243  
22.4319 27.2674 4.91332  16.0673  
20.7019 16.9894 5.26042  10.1973  
22.855 17.622 5.37566  12.154  
21.4448 17.1977 5.55702  11.0905  
13.2899 9.70408 6.67512  9.44177  
26.5305 20.8193 0.370729  0.875783  
6.11724 6.43228 6.85259  9.95574  
27.4179 16.0465 7.97941  9.79895  
12.1125 12.6899 8.48213  9.31852  
0.196753 0.66392 8.66588  4.25425  
0.857955 0.23923 6.09973  5.44761  
1.11968 0.155309 9.86216  15.4453  
0.397163 0.655308 19.925  6.1558  
0.430249 0.649742 1.11968  0.155309  
2.45704 0.134189 5.81523  5.81823  
0.395091 0.663768 12.2446  4.46995  
0.854791 0.445281 13.0689  4.34306  
1.31222 0.153799 12.5853  4.19431  
0.189415 1.26755 7.77235  4.14079  
0.482099 0.645402 9.94835  3.96383  
0.839556 0.581423 9.80919  3.6934  
0.194198 1.22534 9.30269  3.63756  
1.67809 0.152438 14.248  3.62017  
6.10574 5.4451 8.75839  3.56263  
9.30115 13.2868 0.857955  0.23923  
7.67569 9.13598 8.93872  3.51901  
17.2266 23.6549 9.97783  3.47203  
26.0507 20.301 11.4186  3.41377  
18.7856 17.8559 9.10486  3.34614  
15.3773 14.1866 11.8603  3.17069  
10.7817 8.76064 10.103  2.60895  
14.965 19.3902 10.5483  3.13577  
17.7316 12.1411 9.18878  2.97808  
9.08762 8.03665 8.3265  2.56371  
7.59945 6.62557 6.88776  2.20408  
17.0774 13.4602 8.86351  3.00662  
23.8899 21.415 8.80468  3.13007  
12.3995 16.6243 7.42216  2.72589  
21.1295 17.8605 7.7903  3.09181  
10.1962 5.87606 7.91879  3.22899  
17.5184 20.8093 5.25614  2.2957  
10.7709 10.2835 8.1394  3.79302  
8.16648 6.52409 7.54407  3.62587  
23.2362 21.2836 7.77815  3.89894  
10.2182 7.59519 7.22657  3.78696  
8.68351 8.17914 6.77871  3.71672  
23.4285 21.6028 7.0866  4.02701  
9.02992 11.4469 5.79766  3.4877  
9.94985 8.93701 6.30589  3.94159  
20.3248 19.4444 5.58492  3.60504  
19.6119 23.4859 6.05431  4.09447  
10.8949 7.46666 5.58288  3.93647  
9.94632 7.46034 6.04831  4.37083  
15.5274 9.57871 5.80466  4.43984  
8.00034 12.1892 4.8335  3.85361  
14.4473 20.3093 4.08414  3.39338  
15.7246 17.2385 5.92504  5.15009  
20.1529 13.4154 5.39207  4.80846  
26.7614 22.6001 6.01817  5.19559  
6.26394 8.97285 5.21297  5.30443  
30.1076 30.2551 4.83294  4.7937  
12.7226 14.4102 4.59026  4.74191  
7.05216 10.856 4.16341  4.63805  
14.2736 13.2871 2.50827  2.82534  
7.98051 5.70303 4.99972  5.79221  
29.5113 19.8416 5.59567  6.50759  
10.1058 10.3952 3.83114  4.90266  
10.916 10.6756 5.01258  6.65953  
8.11413 11.5625 4.93102  6.91817  
7.60857 9.61279 4.60576  6.71592  
19.483 25.262 2.96323  4.44725  
21.8529 16.8334 3.87285  5.97676  
13.8606 8.44856 2.53169  4.09737  
16.4807 15.531 2.46891  4.23609  
19.0416 25.7638 3.46067  6.04656  
15.4228 13.3845 3.89893  7.35576  
8.77558 10.605 3.85586  7.54673  
14.7199 7.84673 4.02536  8.08924  
19.8042 21.0918 4.02218  8.86696  
20.2746 15.6209 3.53466  8.96596  
9.34423 8.16514 3.47637  8.12133  
10.7677 7.26771 3.26205  8.00433  
11.3329 10.1537 2.92561  7.54108  
16.7126 12.1949 3.24198  8.74888  
16.9883 13.8422 3.05921  8.68898  
13.2938 11.8094 3.28597  10.0227  
28.855 18.35 2.55813  8.09065  
16.1557 16.3578 2.3834  7.92111  
15.9245 17.2145 2.28206  8.04712  
15.1865 17.998 2.54286  9.52714  
23.1271 18.7957 2.73095  10.8748  
12.762 10.3018 2.7387  11.7094  
23.0484 26.6063 2.76808  11.3121  
11.4568 19.9181 2.80582  12.463  
22.0098 32.5905 3.01148  10.4032  
17.1882 24.3069 1.75928  10.0672  
23.6879 23.7228 3.29379  11.2773  
21.2184 13.9884 3.38306  11.3057  
12.7266 12.9373 3.47538  13.552  
23.0935 11.0986 0.807065  5.97548  
22.4319 27.2674 3.50247  9.93498  
20.7019 16.9894 3.90426  10.6128  
22.855 17.622 4.02558  10.0287  
21.4448 17.1977 4.17125  7.80818  
13.2899 9.70408 4.19302  7.33768  
26.5305 20.8193 5.66772  8.68276  
6.11724 6.43228 6.62382  8.09986  
27.4179 16.0465 0.196753  0.66392  
12.1125 12.6899 7.85312  12.5851  
0.196536 0.618492 1.00249  0.0834528  
0.824114 0.169692 1.72725  16.1898  
1.00249 0.0834528 14.982  1.7313  
0.815613 0.559702 10.1646  1.70957  
0.191101 0.860759 11.5174  1.70235  
0.82413 0.168384 18.182  1.69579  
0.824069 0.370514 24.7935  1.62047  
0.189542 0.878344 21.5988  1.62047  
0.394623 0.617257 14.8202  1.60205  
0.189415 1.26755 14.7735  1.55869  
0.822091 0.451495 14.8914  1.47642  
0.421042 0.608658 14.207  1.60218  
0.821777 0.48128 12.5398  1.43307  
1.00249 0.671382 0.82413  0.168384  
1.41113 0.143303 9.49685  1.44516  
0.195841 0.832868 9.67131  1.40841  
21.5969 12.4202 9.05796  1.57219  
17.2266 23.6549 7.36932  1.43354  
26.0507 20.301 5.07932  1.07423  
18.7856 17.8559 5.77054  1.28785  
15.3773 14.1866 6.7937  1.62607  
10.7817 8.76064 7.1038  1.75425  
14.965 19.3902 5.03522  1.33786  
17.7316 12.1411 5.39601  1.51881  
9.08762 8.03665 5.61273  1.60541  
7.59945 6.62557 4.45277  1.4167  
17.0774 13.4602 4.76569  1.61837  
23.8899 21.415 5.05277  1.79495  
12.3995 16.6243 4.69809  1.72134  
21.1295 17.8605 4.25915  1.64893  
10.1962 5.87606 3.82006  1.5612  
17.5184 20.8093 4.35707  1.85881  
10.7709 10.2835 6.78206  3.27941  
8.16648 6.52409 3.77281  1.74337  
23.2362 21.2836 4.02023  1.89862  
10.2182 7.59519 3.7693  1.92013  
8.68351 8.17914 4.27712  2.21009  
23.4285 21.6028 3.75143  2.12347  
9.02992 11.4469 4.33277  2.33407  
9.94985 8.93701 1.25462  0.744652  
20.3248 19.4444 4.15364  2.6108  
19.6119 23.4859 4.26988  2.64936  
10.8949 7.46666 4.57397  2.9838  
9.94632 7.46034 4.03702  2.88476  
15.5274 9.57871 3.20613  2.37319  
8.00034 12.1892 3.95017  3.0862  
14.4473 20.3093 3.20899  2.59257  
15.7246 17.2385 3.52153  2.96032  
20.1529 13.4154 3.82006  3.32759  
26.7614 22.6001 4.63123  4.40583  
6.26394 8.97285 4.53792  4.26769  
30.1076 30.2551 4.46558  4.38651  
12.7226 14.4102 4.20074  4.85889  
7.05216 10.856 4.1406  4.64497  
14.2736 13.2871 3.66805  4.22495  
7.98051 5.70303 3.57914  4.25759  
29.5113 19.8416 3.09203  3.70307  
10.1058 10.3952 2.9443  3.70204  
10.916 10.6756 2.77378  3.60078  
8.11413 11.5625 4.37206  5.53375  
7.60857 9.61279 2.90808  4.26008  
19.483 25.262 2.47668  3.6534  
21.8529 16.8334 1.86102  2.81921  
13.8606 8.44856 2.9213  4.73266  
16.4807 15.531 2.86646  4.82337  
19.0416 25.7638 2.44505  4.32407  
15.4228 13.3845 2.40468  4.3412  
8.77558 10.605 2.51927  4.86701  
14.7199 7.84673 2.381  4.68512  
19.8042 21.0918 1.64768  3.27014  
20.2746 15.6209 0.53166  0.887776  
9.34423 8.16514 1.72621  3.8223  
10.7677 7.26771 2.79414  7.02801  
11.3329 10.1537 1.78395  4.39352  
16.7126 12.1949 1.87352  5.65374  
16.9883 13.8422 1.60728  4.43558  
13.2938 11.8094 1.43624  4.39304  
28.855 18.35 1.42687  4.30297  
16.1557 16.3578 1.28611  4.0083  
15.9245 17.2145 1.87335  7.23313  
15.1865 17.998 1.35998  4.83378  
23.1271 18.7957 1.13405  4.16835  
12.762 10.3018 1.1112  4.33012  
23.0484 26.6063 0.638767  2.38156  
11.4568 19.9181 1.33849  6.59061  
22.0098 32.5905 1.40888  7.07394  
17.1882 24.3069 1.33785  7.57418  
23.6879 23.7228 0.794444  4.58099  
21.2184 13.9884 1.42687  7.61792  
12.7266 12.9373 1.2565  9.20396  
23.0935 11.0986 1.32315  10.8338  
22.4319 27.2674 0.369638  2.04554  
20.7019 16.9894 1.35414  14.1561  
22.855 17.622 1.42202  16.1159  
21.4448 17.1977 1.47064  9.5042  
13.2899 9.70408 1.5811  8.64055  
26.5305 20.8193 1.60477  11.2597  
6.11724 6.43228 1.62069  13.5675  
27.4179 16.0465 0.196536  0.618492  
12.1125 12.6899 1.70429  18.2652  
0.620074 0.240824 4.00167  0.0327073  
0.189941 0.613944 0.0440087  4.73332  
1.00227 0.0665185 3.09509  0.0326178  
0.621665 0.23477 2.16348  0.0615297  
2.33326 0.0386377 1.17733  0.0615297  
1.195 0.0592894 2.1681  0.0615297  
0.189941 0.614823 1.80015  0.117295  
0.801089 0.113867 1.78735  0.135844  
0.274572 0.597709 1.81574  0.1348  
1.38895 0.055781 1.86056  0.17465  
0.0440515 0.799181 1.83672  0.185632  
1.58721 0.0513954 1.86189  0.145833  
0.192859 0.611163 0.798055  0.117901  
0.617001 0.472624 1.60746  0.234162  
0.999394 0.0674387 1.63626  0.233977  
0.0432987 1.72299 1.63751  0.234787  
0.618611 0.438048 1.01975  0.193137  
0.618402 0.468935 1.63065  0.311484  
0.799492 0.115751 1.6488  0.343769  
0.621984 0.232087 1.65578  0.261589  
2.99873 0.0324338 1.65885  0.270987  
0.047157 0.797759 1.65919  0.234787  
2.69946 0.0326178 1.65952  0.315827  
4.00167 1.55366 0.948019  0.276728  
1.17733 0.0615297 1.66086  0.436412  
0.798055 0.117901 1.66411  0.46596  
0.620029 0.285944 1.6678  0.48078  
0.293002 0.59289 0.621665  0.23477  
4.15306 0.76091 1.52323  0.597709  
2.75833 0.0326178 1.48787  0.596248  
0.621984 0.234787 1.38089  0.59289  
0.285388 0.598777 1.26737  0.597691  
0.797936 0.122901 1.27592  0.597664  
3.2327 0.0326178 1.24735  0.610639  
23.2362 21.2836 1.2119  0.612666  
10.2182 7.59519 1.18744  0.611163  
8.68351 8.17914 1.18995  0.613082  
23.4285 21.6028 1.25022  0.641718  
9.02992 11.4469 1.25249  0.611163  
9.94985 8.93701 0.827526  0.510368  
20.3248 19.4444 1.16141  0.797759  
19.6119 23.4859 1.14765  0.797759  
10.8949 7.46666 1.13295  0.799532  
9.94632 7.46034 1.08262  0.797818  
15.5274 9.57871 1.05151  0.807581  
8.00034 12.1892 1.05192  0.819813  
14.4473 20.3093 1.0642  0.877947  
15.7246 17.2385 1.11308  0.93731  
20.1529 13.4154 1.07973  0.981711  
26.7614 22.6001 1.16306  1.08417  
6.26394 8.97285 1.12043  1.08776  
30.1076 30.2551 1.07079  1.07743  
12.7226 14.4102 1.02376  1.06723  
7.05216 10.856 1.04829  1.10255  
14.2736 13.2871 1.01127  1.1558  
7.98051 5.70303 0.941689  1.09895  
29.5113 19.8416 0.798055  1.15797  
10.1058 10.3952 0.799118  1.15093  
10.916 10.6756 0.798055  1.12184  
8.11413 11.5625 0.798055  1.11475  
7.60857 9.61279 0.798055  1.14619  
19.483 25.262 0.798055  1.16582  
21.8529 16.8334 0.798055  1.20162  
13.8606 8.44856 0.816887  1.17714  
16.4807 15.531 0.710926  1.30477  
19.0416 25.7638 0.689479  1.23559  
15.4228 13.3845 0.637468  1.26787  
8.77558 10.605 0.626962  1.26499  
14.7199 7.84673 0.62078  1.24332  
19.8042 21.0918 0.57387  1.22973  
20.2746 15.6209 0.619857  1.33395  
9.34423 8.16514 0.274572  0.597709  
10.7677 7.26771 0.621665  1.40637  
11.3329 10.1537 0.621665  1.57415  
16.7126 12.1949 0.60558  1.63708  
16.9883 13.8422 0.55176  1.62025  
13.2938 11.8094 0.431395  1.65207  
28.855 18.35 0.504438  1.6418  
16.1557 16.3578 0.471486  1.60589  
15.9245 17.2145 0.195973  0.611163  
15.1865 17.998 0.432819  1.64306  
23.1271 18.7957 0.40853  1.63735  
12.762 10.3018 0.390275  1.62966  
23.0484 26.6063 0.357609  1.62545  
11.4568 19.9181 0.32821  1.61394  
22.0098 32.5905 0.191176  1.63764  
17.1882 24.3069 0.285388  1.63364  
23.6879 23.7228 0.193369  1.63684  
21.2184 13.9884 0.212748  1.61842  
12.7266 12.9373 0.195973  1.60158  
23.0935 11.0986 0.192859  1.58754  
22.4319 27.2674 0.192859  1.61329  
20.7019 16.9894 0.192795  1.67261  
22.855 17.622 0.0550547  1.85978  
21.4448 17.1977 0.150468  1.82302  
13.2899 9.70408 0.102788  1.84509  
26.5305 20.8193 0.0799348  1.80743  
6.11724 6.43228 0.0864342  1.78501  
27.4179 16.0465 0.0550547  0.877947  
12.1125 12.6899 0.047157  0.797759  
0.172101 0.599179 15.6139  0.0305049  
0.193281 0.573121 0.0366276  1.06896  
0.187385 0.573529 1.16685  0.0336498  
0.615271 0.433487 0.965716  0.0386589  
1.17048 0.0297103 0.965716  0.0386589  
0.676008 0.200811 0.965716  0.0386589  
1.65205 0.0282659 0.965716  0.0386589  
0.801089 0.113867 0.965716  0.0386589  
0.0443281 0.796795 0.965716  0.0386589  
0.654729 0.205033 0.965716  0.0386589  
0.0473786 0.796451 0.965716  0.0386589  
0.188411 0.573283 0.796293  0.118167  
0.616237 0.225667 0.796293  0.118167  
0.190848 0.573161 0.796293  0.118167  
0.189722 0.573263 0.796293  0.118167  
0.0385383 1.0673 0.796293  0.118167  
0.967105 0.0336522 0.796293  0.118167  
0.661407 0.203898 0.796293  0.118167  
0.652599 0.212424 0.796293  0.118167  
0.796308 0.11577 0.796293  0.118167  
0.796156 0.122101 0.796293  0.118167  
0.615312 0.230681 0.652842  0.209615  
0.621299 0.225476 0.652842  0.209615  
0.181565 0.598775 0.652842  0.209615  
0.199071 0.573098 0.652842  0.209615  
0.615191 0.454388 0.652842  0.209615  
0.965716 0.0386589 0.615312  0.230681  
0.187212 0.579142 0.615312  0.230681  
0.432505 0.573087 0.615312  0.230681  
0.66517 0.202223 0.615312  0.230681  
0.616124 0.228138 0.615312  0.230681  
0.0583575 0.79645 0.615312  0.230681  
0.652842 0.208245 0.615312  0.230681  
0.085571 0.796449 0.615312  0.230681  
0.615267 0.449123 0.615312  0.230681  
0.0441044 0.866982 0.615312  0.230681  
0.0366276 1.06896 0.615312  0.230681  
15.6139 0.0305049 0.615312  0.230681  
13.793 0.573822 0.615312  0.230681  
0.172627 0.624061 0.615312  0.230681  
0.397833 0.573133 0.615312  0.230681  
0.54695 0.57313 0.615312  0.230681  
0.796334 0.114414 0.615271  0.433487  
0.967026 0.0372896 0.615267  0.449123  
0.796293 0.118167 0.615191  0.45675  
11.3484 0.374121 0.615191  0.45675  
14.4473 20.3093 0.615191  0.507631  
15.7246 17.2385 0.615191  0.507631  
20.1529 13.4154 0.615191  0.507631  
26.7614 22.6001 0.615191  0.507631  
6.26394 8.97285 0.435719  0.573087  
30.1076 30.2551 0.435719  0.573087  
12.7226 14.4102 0.435719  0.573087  
7.05216 10.856 0.435719  0.573087  
14.2736 13.2871 0.435719  0.573087  
7.98051 5.70303 0.435719  0.573087  
29.5113 19.8416 0.435719  0.573087  
10.1058 10.3952 0.435719  0.573087  
10.916 10.6756 0.435719  0.573087  
8.11413 11.5625 0.401539  0.573098  
7.60857 9.61279 0.401539  0.573098  
19.483 25.262 0.189605  0.574614  
21.8529 16.8334 0.189605  0.574614  
13.8606 8.44856 0.189605  0.574614  
16.4807 15.531 0.189605  0.574614  
19.0416 25.7638 0.189605  0.574614  
15.4228 13.3845 0.189605  0.574614  
8.77558 10.605 0.189605  0.574614  
14.7199 7.84673 0.189605  0.574614  
19.8042 21.0918 0.189605  0.574614  
20.2746 15.6209 0.189605  0.574614  
9.34423 8.16514 0.189605  0.574614  
10.7677 7.26771 0.189605  0.574614  
11.3329 10.1537 0.189605  0.574614  
16.7126 12.1949 0.189605  0.574614  
16.9883 13.8422 0.189605  0.574614  
13.2938 11.8094 0.189605  0.574614  
28.855 18.35 0.189605  0.574614  
16.1557 16.3578 0.189605  0.574614  
15.9245 17.2145 0.172106  0.599179  
15.1865 17.998 0.172106  0.599179  
23.1271 18.7957 0.172106  0.599179  
12.762 10.3018 0.172106  0.599179  
23.0484 26.6063 0.172106  0.599179  
11.4568 19.9181 0.172106  0.599179  
22.0098 32.5905 0.0483174  0.796451  
17.1882 24.3069 0.0483174  0.796451  
23.6879 23.7228 0.0483174  0.796451  
21.2184 13.9884 0.0483174  0.796451  
12.7266 12.9373 0.0483174  0.796451  
23.0935 11.0986 0.0483174  0.796451  
22.4319 27.2674 0.0483174  0.796451  
20.7019 16.9894 0.0483174  0.796451  
22.855 17.622 0.0483174  0.796451  
21.4448 17.1977 0.0483174  0.796451  
13.2899 9.70408 0.0483174  0.796451  
26.5305 20.8193 0.0483174  0.796451  
6.11724 6.43228 0.0483174  0.796451  
27.4179 16.0465 0.0483174  0.796451  
12.1125 12.6899 0.0366276  1.06896  
0.171446 0.590634 1.03995  0.0206451  
0.171269 0.590923 0.0283073  1.2525  
0.183076 0.57304 0.968303  0.0253073  
0.0424325 0.796355 0.960918  0.0343132  
0.0420359 0.832796 0.960916  0.0421051  
0.65307 0.200252 0.960916  0.0421051  
0.183481 0.573039 0.960916  0.0421051  
0.795703 0.110891 0.960916  0.0421051  
0.614916 0.217746 0.960916  0.0421051  
0.614905 0.222959 0.960916  0.0421051  
0.0366276 0.866027 0.960916  0.0421051  
0.0443984 0.796353 0.807322  0.110448  
1.03995 0.0206451 0.795698  0.111901  
0.960918 0.0316057 0.795667  0.120498  
0.614914 0.221438 0.795667  0.120498  
0.0289387 1.12173 0.795667  0.139816  
0.617592 0.217327 0.795667  0.149706  
0.651719 0.201889 0.795667  0.149706  
0.655813 0.198625 0.795667  0.149706  
0.977051 0.0213272 0.795667  0.149706  
0.614905 0.236623 0.680621  0.193444  
0.796843 0.110448 0.680621  0.193444  
3.47344 0.220682 0.680621  0.193444  
0.655945 0.194117 0.657221  0.197083  
0.795686 0.112722 0.65272  0.205889  
0.614905 0.240078 0.617592  0.217327  
0.968303 0.0253073 0.617592  0.217327  
0.795667 0.120498 0.614905  0.226902  
0.0283073 1.2525 0.614905  0.236623  
0.661431 0.193444 0.614905  0.247351  
0.960916 0.0421051 0.614905  0.247351  
1.03995 2.08134 0.614905  0.247351  
30.2811 27.5598 0.614905  0.247351  
4.02191 0.0275649 0.614905  0.292446  
0.796201 0.118167 0.614905  0.292446  
0.0441044 0.866982 0.614905  0.292446  
12.1385 0.0298002 0.614905  0.292446  
12.6956 0.22591 0.614905  0.292446  
13.793 0.573822 0.614905  0.292446  
0.172627 0.624061 0.614905  0.292446  
0.397833 0.573133 0.614905  0.292446  
0.54695 0.57313 0.614905  0.292446  
0.796334 0.114414 0.614905  0.292446  
0.967026 0.0372896 0.614905  0.451491  
0.796293 0.118167 0.614905  0.451491  
11.3484 0.374121 0.614905  0.451491  
14.4473 20.3093 0.614905  0.451491  
15.7246 17.2385 0.614905  0.451491  
20.1529 13.4154 0.614905  0.451491  
26.7614 22.6001 0.614905  0.451491  
6.26394 8.97285 0.183481  0.573039  
30.1076 30.2551 0.183481  0.573039  
12.7226 14.4102 0.183481  0.573039  
7.05216 10.856 0.183481  0.573039  
14.2736 13.2871 0.183481  0.573039  
7.98051 5.70303 0.183481  0.573039  
29.5113 19.8416 0.183481  0.573039  
10.1058 10.3952 0.183481  0.573039  
10.916 10.6756 0.183481  0.573039  
8.11413 11.5625 0.183481  0.573039  
7.60857 9.61279 0.183481  0.573039  
19.483 25.262 0.183481  0.573039  
21.8529 16.8334 0.183481  0.573039  
13.8606 8.44856 0.183481  0.573039  
16.4807 15.531 0.183481  0.573039  
19.0416 25.7638 0.183481  0.573039  
15.4228 13.3845 0.183481  0.573039  
8.77558 10.605 0.183481  0.573039  
14.7199 7.84673 0.183481  0.573039  
19.8042 21.0918 0.183481  0.573039  
20.2746 15.6209 0.183481  0.573039  
9.34423 8.16514 0.183481  0.573039  
10.7677 7.26771 0.183481  0.573039  
11.3329 10.1537 0.183481  0.573039  
16.7126 12.1949 0.183481  0.573039  
16.9883 13.8422 0.183481  0.573039  
13.2938 11.8094 0.183481  0.573039  
28.855 18.35 0.183481  0.573039  
16.1557 16.3578 0.183481  0.573039  
15.9245 17.2145 0.171446  0.590634  
15.1865 17.998 0.171269  0.590923  
23.1271 18.7957 0.171269  0.590923  
12.762 10.3018 0.171269  0.590923  
23.0484 26.6063 0.171269  0.719393  
11.4568 19.9181 0.171269  0.777098  
22.0098 32.5905 0.0479173  0.796353  
17.1882 24.3069 0.0479173  0.796353  
23.6879 23.7228 0.0479173  0.796353  
21.2184 13.9884 0.0479173  0.796353  
12.7266 12.9373 0.0479173  0.796353  
23.0935 11.0986 0.0479173  0.796353  
22.4319 27.2674 0.0479173  0.796353  
20.7019 16.9894 0.0479173  0.796353  
22.855 17.622 0.0479173  0.796353  
21.4448 17.1977 0.0479173  0.796353  
13.2899 9.70408 0.0479173  0.796353  
26.5305 20.8193 0.0479173  0.796353  
6.11724 6.43228 0.0479173  0.796353  
27.4179 16.0465 0.0420359  0.832796  
12.1125 12.6899 0.0289387  1.12173  
0.0236914 0.889928 0.960867  0.0203057  
0.0423491 0.796317 0.022733  1.03532  
0.0266054 0.872395 0.96086  0.0229755  
0.184902 0.573035 0.96086  0.0229755  
0.171052 0.598352 0.96086  0.0440255  
0.652943 0.197396 0.96086  0.0495178  
0.182667 0.57472 0.96086  0.0495178  
0.17102 0.627892 0.96086  0.0495178  
0.171032 0.612483 0.96086  0.0495178  
0.17184 0.58982 0.96086  0.0495178  
0.0366276 0.866027 0.844968  0.108622  
0.171073 0.591112 0.844968  0.108622  
0.796811 0.108887 0.795631  0.111186  
0.66877 0.193425 0.795631  0.121092  
0.795631 0.111186 0.795631  0.132103  
0.182569 0.578892 0.795631  0.132103  
0.614899 0.217589 0.795631  0.132103  
0.651719 0.201889 0.795631  0.132103  
0.615748 0.216088 0.795631  0.132103  
0.62554 0.216002 0.795631  0.180665  
0.665706 0.193435 0.66877  0.193425  
0.653634 0.195843 0.66877  0.193425  
0.96086 0.0229755 0.66877  0.193425  
0.655945 0.194117 0.652943  0.197396  
0.810071 0.108637 0.651794  0.20574  
1.20139 0.220349 0.62554  0.216002  
0.960867 0.244035 0.614899  0.217589  
0.022733 1.03532 0.614899  0.227299  
0.960867 0.0203057 0.614899  0.238522  
0.844968 0.108622 0.614899  0.238522  
1.30788 0.219204 0.614899  0.258342  
0.183696 0.573036 0.614899  0.258342  
0.662228 0.193444 0.614899  0.258342  
0.795667 0.117408 0.614899  0.258342  
1.16135 0.839136 0.614899  0.30626  
1.4886 0.0206451 0.614899  0.30626  
12.1385 0.0298002 0.614899  0.30626  
12.6956 0.22591 0.614899  0.30626  
13.793 0.573822 0.614899  0.30626  
0.172627 0.624061 0.614899  0.377909  
0.397833 0.573133 0.614899  0.40155  
0.54695 0.57313 0.614899  0.40155  
0.796334 0.114414 0.614899  0.437008  
0.967026 0.0372896 0.614899  0.438282  
0.796293 0.118167 0.614899  0.468564  
11.3484 0.374121 0.614899  0.479837  
14.4473 20.3093 0.614899  0.479837  
15.7246 17.2385 0.614899  0.479837  
20.1529 13.4154 0.614899  0.479837  
26.7614 22.6001 0.186734  0.573035  
6.26394 8.97285 0.186734  0.573035  
30.1076 30.2551 0.186734  0.573035  
12.7226 14.4102 0.186734  0.573035  
7.05216 10.856 0.186734  0.573035  
14.2736 13.2871 0.186734  0.573035  
7.98051 5.70303 0.186734  0.573035  
29.5113 19.8416 0.186734  0.573035  
10.1058 10.3952 0.186734  0.573035  
10.916 10.6756 0.186734  0.573035  
8.11413 11.5625 0.186734  0.573035  
7.60857 9.61279 0.186734  0.573035  
19.483 25.262 0.186734  0.573035  
21.8529 16.8334 0.186734  0.573035  
13.8606 8.44856 0.186734  0.573035  
16.4807 15.531 0.186734  0.573035  
19.0416 25.7638 0.186734  0.573035  
15.4228 13.3845 0.186734  0.573035  
8.77558 10.605 0.186734  0.573035  
14.7199 7.84673 0.186734  0.573035  
19.8042 21.0918 0.186734  0.573035  
20.2746 15.6209 0.186734  0.573035  
9.34423 8.16514 0.186734  0.573035  
10.7677 7.26771 0.186734  0.573035  
11.3329 10.1537 0.186734  0.573035  
16.7126 12.1949 0.186734  0.573035  
16.9883 13.8422 0.186734  0.573035  
13.2938 11.8094 0.186734  0.573035  
28.855 18.35 0.186734  0.573035  
16.1557 16.3578 0.182569  0.586332  
15.9245 17.2145 0.17184  0.58982  
15.1865 17.998 0.171032  0.612483  
23.1271 18.7957 0.17102  0.656742  
12.762 10.3018 0.17102  0.694898  
23.0484 26.6063 0.17102  0.742334  
11.4568 19.9181 0.0429803  0.796317  
22.0098 32.5905 0.0429803  0.796317  
17.1882 24.3069 0.0429803  0.796317  
23.6879 23.7228 0.0429803  0.796317  
21.2184 13.9884 0.0429803  0.796317  
12.7266 12.9373 0.0429803  0.796317  
23.0935 11.0986 0.0429803  0.796317  
22.4319 27.2674 0.0429803  0.796317  
20.7019 16.9894 0.0429803  0.796317  
22.855 17.622 0.0429803  0.796317  
21.4448 17.1977 0.0429803  0.796317  
13.2899 9.70408 0.0429803  0.796317  
26.5305 20.8193 0.0429803  0.796317  
6.11724 6.43228 0.0429803  0.796317  
27.4179 16.0465 0.0266054  0.872395  
12.1125 12.6899 0.0266054  0.872395  
0.0251261 0.857148 0.987015  0.0080882  
0.0422079 0.796315 0.0217813  0.866322  
0.517793 0.282226 0.984431  0.01228  
0.170711 0.635724 0.984431  0.017599  
0.170896 0.597253 0.960822  0.0315487  
0.960832 0.0290784 0.960821  0.0422974  
0.664452 0.193181 0.96082  0.0483976  
0.184753 0.573034 0.96082  0.0569195  
0.0426381 0.796314 0.96082  0.0569195  
0.171144 0.589248 0.96082  0.0828561  
0.0457777 0.796313 0.96082  0.0881588  
0.186629 0.573034 0.854734  0.10835  
0.796811 0.108887 0.854734  0.10835  
0.175694 0.587475 0.797497  0.110035  
0.795624 0.115495 0.795624  0.119535  
0.984439 0.00815958 0.79562  0.12933  
0.515973 0.285661 0.79562  0.141425  
0.170712 0.604308 0.79562  0.141425  
0.651933 0.194043 0.79562  0.160032  
0.617148 0.216002 0.79562  0.166219  
0.182677 0.57438 0.79562  0.17674  
0.651204 0.202372 0.672101  0.193173  
0.187885 0.573034 0.672101  0.193173  
0.190542 0.573034 0.672101  0.193173  
0.172103 0.588838 0.651816  0.195711  
0.515621 0.296943 0.651276  0.203492  
0.651321 0.200295 0.642985  0.216165  
0.182528 0.577883 0.616853  0.217212  
0.651494 0.196623 0.614896  0.227759  
0.79562 0.126773 0.614896  0.229957  
0.519838 0.282102 0.614896  0.229957  
0.616853 0.217195 0.614896  0.229957  
0.811345 0.108418 0.614896  0.229957  
0.796437 0.11138 0.523549  0.282102  
0.672101 0.193173 0.523549  0.282102  
0.515621 0.319555 0.523549  0.282102  
0.960859 0.0203687 0.523549  0.282102  
0.173272 0.587518 0.515621  0.287238  
0.960854 0.0236662 0.515621  0.296943  
0.0221108 0.862259 0.515621  0.313875  
0.960821 0.0349043 0.515621  0.325292  
0.614899 0.219091 0.515621  0.341413  
0.795631 0.111884 0.515621  0.347334  
0.651173 0.207294 0.515621  0.347334  
0.614896 0.222875 0.515621  0.347334  
0.96082 0.0483976 0.515621  0.347334  
0.825937 0.10835 0.515621  0.347334  
0.667487 0.19318 0.515621  0.347334  
0.515621 0.287238 0.515621  0.347334  
0.0257321 0.857138 0.515621  0.347334  
0.795624 0.116551 0.515621  0.347334  
0.960822 0.0310134 0.515621  0.347334  
0.651816 0.195711 0.515621  0.530156  
0.960821 0.0380795 0.515621  0.530156  
0.987015 0.0080882 0.199412  0.573034  
0.989135 0.0080882 0.199412  0.573034  
0.984431 0.011707 0.199412  0.573034  
0.0217813 0.866322 0.199412  0.573034  
0.614896 0.227759 0.199412  0.573034  
0.987015 0.764996 0.199412  0.573034  
7.60857 9.61279 0.199412  0.573034  
19.483 25.262 0.199412  0.573034  
21.8529 16.8334 0.199412  0.573034  
13.8606 8.44856 0.199412  0.573034  
16.4807 15.531 0.199412  0.573034  
19.0416 25.7638 0.199412  0.573034  
15.4228 13.3845 0.199412  0.573034  
8.77558 10.605 0.199412  0.573034  
14.7199 7.84673 0.199412  0.573034  
19.8042 21.0918 0.199412  0.573034  
20.2746 15.6209 0.199412  0.573034  
9.34423 8.16514 0.199412  0.573034  
10.7677 7.26771 0.199412  0.573034  
11.3329 10.1537 0.199412  0.573034  
16.7126 12.1949 0.199412  0.573034  
16.9883 13.8422 0.199412  0.573034  
13.2938 11.8094 0.199412  0.573034  
28.855 18.35 0.188692  0.573034  
16.1557 16.3578 0.182528  0.577883  
15.9245 17.2145 0.174925  0.587518  
15.1865 17.998 0.170712  0.604308  
23.1271 18.7957 0.170711  0.635724  
12.762 10.3018 0.170711  0.635724  
23.0484 26.6063 0.170711  0.700844  
11.4568 19.9181 0.0468963  0.796313  
22.0098 32.5905 0.0468963  0.796313  
17.1882 24.3069 0.0468963  0.796313  
23.6879 23.7228 0.0468963  0.796313  
21.2184 13.9884 0.0468963  0.796313  
12.7266 12.9373 0.0468963  0.796313  
23.0935 11.0986 0.0468963  0.796313  
22.4319 27.2674 0.0468963  0.796313  
20.7019 16.9894 0.0468963  0.796313  
22.855 17.622 0.0468963  0.796313  
21.4448 17.1977 0.0468963  0.796313  
13.2899 9.70408 0.0468963  0.796313  
26.5305 20.8193 0.0468963  0.796313  
6.11724 6.43228 0.0426176  0.80385  
27.4179 16.0465 0.0257321  0.857138  
12.1125 12.6899 0.0257321  0.857138  
0.0247337 0.856755 0.984412  0.00810757  
0.0418791 0.796313 0.0215502  1.34987  
0.517793 0.282226 0.984394  0.012435  
0.170678 0.604885 0.984389  0.0166933  
0.170896 0.597253 0.960776  0.0300927  
0.960832 0.0290784 0.960776  0.0398507  
0.664452 0.193181 0.960776  0.0501739  
0.18465 0.573034 0.960776  0.0501739  
0.18235 0.574332 0.960775  0.0674788  
0.171144 0.589248 0.960775  0.0674788  
0.614896 0.22487 0.960775  0.0945754  
0.0455684 0.796313 0.849347  0.108123  
0.796811 0.108887 0.849347  0.108123  
0.173177 0.587444 0.795637  0.110417  
0.515618 0.287617 0.795601  0.1175  
0.67008 0.19315 0.795601  0.123605  
0.515619 0.285614 0.795601  0.137105  
0.80946 0.10813 0.795601  0.152642  
0.651933 0.194043 0.795601  0.152642  
0.617148 0.216002 0.795601  0.152642  
0.960775 0.0674788 0.795601  0.152642  
0.515617 0.334345 0.676628  0.19315  
0.170658 0.63588 0.676628  0.19315  
0.826685 0.108123 0.676628  0.19315  
0.172103 0.588838 0.651146  0.195546  
0.795601 0.114301 0.651092  0.205492  
0.651092 0.201849 0.634359  0.215982  
0.614896 0.216846 0.61504  0.216715  
0.984395 0.0117596 0.614896  0.227209  
0.0252651 0.856034 0.614896  0.238558  
0.0215502 1.34987 0.614896  0.242711  
0.984394 0.012435 0.614896  0.242711  
0.520875 0.281946 0.614896  0.242711  
0.795637 0.110417 0.525401  0.281946  
0.631046 0.215982 0.525401  0.281946  
0.651146 0.195546 0.525401  0.281946  
0.960859 0.0203687 0.525401  0.281946  
0.984412 0.00810757 0.515618  0.287617  
0.960854 0.0236662 0.515618  0.300582  
0.61504 0.216715 0.515618  0.300582  
0.984389 0.0166933 0.515618  0.32375  
0.170677 0.60656 0.515617  0.334345  
0.795631 0.111884 0.515617  0.35578  
1.18422 0.0202209 0.515617  0.359711  
0.839427 0.108123 0.515617  0.359711  
0.960776 0.0291994 0.515617  0.359711  
0.651245 0.195645 0.515617  0.359711  
0.984413 0.636354 0.515617  0.359711  
0.98443 0.213528 0.515617  0.359711  
0.0215681 0.858245 0.515617  0.359711  
0.984404 0.0129758 0.515617  0.359711  
0.98443 0.209809 0.515617  0.359711  
0.795609 0.120791 0.515617  0.359711  
1.68744 0.208542 0.515617  0.548584  
0.042081 0.797906 0.188772  0.573034  
0.831752 0.108316 0.188772  0.573034  
0.0215681 0.867538 0.188772  0.573034  
1.19342 0.00806227 0.188772  0.573034  
0.984425 0.012722 0.188772  0.573034  
0.984463 0.208613 0.188772  0.573034  
1.18902 0.355438 0.188772  0.573034  
0.670974 0.19316 0.188772  0.573034  
2.1753 0.00810211 0.188772  0.573034  
13.8606 8.44856 0.188772  0.573034  
16.4807 15.531 0.188772  0.573034  
19.0416 25.7638 0.188772  0.573034  
15.4228 13.3845 0.188772  0.573034  
8.77558 10.605 0.188772  0.573034  
14.7199 7.84673 0.188772  0.573034  
19.8042 21.0918 0.188772  0.573034  
20.2746 15.6209 0.188772  0.573034  
9.34423 8.16514 0.188772  0.573034  
10.7677 7.26771 0.188772  0.573034  
11.3329 10.1537 0.188772  0.573034  
16.7126 12.1949 0.188772  0.573034  
16.9883 13.8422 0.188772  0.573034  
13.2938 11.8094 0.188772  0.573034  
28.855 18.35 0.188772  0.573034  
16.1557 16.3578 0.18235  0.576546  
15.9245 17.2145 0.174166  0.587444  
15.1865 17.998 0.170677  0.60656  
23.1271 18.7957 0.170658  0.648492  
12.762 10.3018 0.170658  0.689916  
23.0484 26.6063 0.170658  0.743386  
11.4568 19.9181 0.049915  0.796313  
22.0098 32.5905 0.049915  0.796313  
17.1882 24.3069 0.049915  0.796313  
23.6879 23.7228 0.049915  0.796313  
21.2184 13.9884 0.049915  0.796313  
12.7266 12.9373 0.049915  0.796313  
23.0935 11.0986 0.049915  0.796313  
22.4319 27.2674 0.049915  0.796313  
20.7019 16.9894 0.049915  0.796313  
22.855 17.622 0.049915  0.796313  
21.4448 17.1977 0.049915  0.796313  
13.2899 9.70408 0.049915  0.796313  
26.5305 20.8193 0.049915  0.796313  
6.11724 6.43228 0.0418791  0.796313  
27.4179 16.0465 0.0252651  0.856034  
12.1125 12.6899 0.0252651  0.856034  
0.0247058 0.855811 0.984393  0.00796991  
0.0417687 0.796312 0.0214741  1.00946  
0.517793 0.282226 0.984379  0.0122018  
0.170677 0.597666 0.984377  0.0190533  
0.515616 0.284565 0.960768  0.0293746  
0.960768 0.0261622 0.960768  0.0293746  
0.663058 0.193147 0.960768  0.0293746  
0.984377 0.0190533 0.960768  0.0293746  
0.18235 0.574332 0.960768  0.0293746  
0.171144 0.589248 0.960768  0.0293746  
0.184493 0.573034 0.960768  0.0293746  
0.521136 0.281941 0.829955  0.10807  
0.796811 0.108887 0.829955  0.10807  
0.173351 0.587357 0.795601  0.11089  
0.669971 0.193144 0.7956  0.119434  
0.182332 0.576371 0.7956  0.130606  
0.186301 0.573034 0.7956  0.140432  
0.813854 0.108096 0.7956  0.140432  
0.651072 0.193912 0.7956  0.140432  
0.617148 0.216002 0.7956  0.166721  
0.614896 0.216465 0.7956  0.166721  
0.170651 0.619548 0.676162  0.193144  
0.7956 0.116967 0.676162  0.193144  
0.984392 0.0118161 0.676162  0.193144  
0.172103 0.588838 0.651064  0.195141  
0.515616 0.287083 0.651064  0.203853  
0.170657 0.60404 0.638905  0.215982  
0.0214741 1.00946 0.614896  0.216465  
0.042012 0.796312 0.614896  0.227506  
0.7956 0.130606 0.614896  0.230012  
0.984393 0.00796991 0.614896  0.249277  
0.984379 0.0122018 0.614896  0.262659  
0.614896 0.228976 0.614896  0.262659  
0.795601 0.11089 0.522692  0.281941  
0.631932 0.215982 0.522692  0.281941  
0.651064 0.195141 0.522692  0.281941  
0.960859 0.0203687 0.522692  0.281941  
0.984393 0.0101546 0.515616  0.288461  
0.960854 0.0236662 0.515616  0.300536  
0.820668 0.10807 0.515616  0.312166  
0.174566 0.587208 0.515616  0.316259  
0.984379 0.0131954 0.515616  0.316259  
1.18947 0.208385 0.515616  0.353999  
1.74151 0.00805505 0.515616  0.361395  
0.0215415 1.25252 0.515616  0.382927  
1.87781 0.00805505 0.515616  0.382927  
0.170662 0.601555 0.515616  0.382927  
2.72751 0.00805505 0.515616  0.382927  
0.515617 0.29512 0.515616  0.382927  
0.0215681 0.858245 0.515616  0.382927  
0.84606 0.108121 0.515616  0.382927  
0.515617 0.28812 0.515616  0.382927  
0.984407 1.27705 0.515616  0.382927  
1.68744 0.208542 0.515616  0.548336  
0.042081 0.797906 0.189698  0.573034  
0.831752 0.108316 0.189698  0.573034  
0.0215681 0.867538 0.189698  0.573034  
1.19342 0.00806227 0.189698  0.573034  
0.984425 0.012722 0.189698  0.573034  
0.984463 0.208613 0.189698  0.573034  
1.18902 0.355438 0.189698  0.573034  
0.670974 0.19316 0.189698  0.573034  
2.1753 0.00810211 0.189698  0.573034  
13.8606 8.44856 0.189698  0.573034  
16.4807 15.531 0.189698  0.573034  
19.0416 25.7638 0.189698  0.573034  
15.4228 13.3845 0.189698  0.573034  
8.77558 10.605 0.189698  0.573034  
14.7199 7.84673 0.189698  0.573034  
19.8042 21.0918 0.189698  0.573034  
20.2746 15.6209 0.189698  0.573034  
9.34423 8.16514 0.189698  0.573034  
10.7677 7.26771 0.189698  0.573034  
11.3329 10.1537 0.189698  0.573034  
16.7126 12.1949 0.189698  0.573034  
16.9883 13.8422 0.189698  0.573034  
13.2938 11.8094 0.189698  0.573034  
28.855 18.35 0.189698  0.573034  
16.1557 16.3578 0.182332  0.580341  
15.9245 17.2145 0.174512  0.587208  
15.1865 17.998 0.170657  0.60404  
23.1271 18.7957 0.170651  0.630137  
12.762 10.3018 0.170651  0.669966  
23.0484 26.6063 0.170651  0.731104  
11.4568 19.9181 0.042012  0.796312  
22.0098 32.5905 0.042012  0.796312  
17.1882 24.3069 0.042012  0.796312  
23.6879 23.7228 0.042012  0.796312  
21.2184 13.9884 0.042012  0.796312  
12.7266 12.9373 0.042012  0.796312  
23.0935 11.0986 0.042012  0.796312  
22.4319 27.2674 0.042012  0.796312  
20.7019 16.9894 0.042012  0.796312  
22.855 17.622 0.042012  0.796312  
21.4448 17.1977 0.042012  0.796312  
13.2899 9.70408 0.042012  0.796312  
26.5305 20.8193 0.042012  0.796312  
6.11724 6.43228 0.042012  0.796312  
27.4179 16.0465 0.0247058  0.855811  
12.1125 12.6899 0.0247058  0.855811  
