44.2939 35.3088 31.6078 44.2939  35.3088  31.6078  
44.5094 47.0328 32.5512 44.5094  47.0328  32.5512  
26.941 32.6285 45.6931 26.941  32.6285  45.6931  
38.4941 31.5667 37.3206 38.4941  31.5667  37.3206  
44.1928 27.034 36.1252 44.1928  27.034  36.1252  
41.3443 33.488 23.2465 41.3443  33.488  23.2465  
37.8171 37.9098 31.1139 37.8171  37.9098  31.1139  
33.5117 35.3194 31.2985 33.5117  35.3194  31.2985  
46.5941 35.2914 29.0953 46.5941  35.2914  29.0953  
39.7264 24.976 30.2606 39.7264  24.976  30.2606  
38.7386 30.087 28.8141 38.7386  30.087  28.8141  
43.1956 34.0975 48.6603 43.1956  34.0975  48.6603  
55.2094 22.8428 33.2588 55.2094  22.8428  33.2588  
33.4655 28.2546 34.5504 33.4655  28.2546  34.5504  
43.7615 38.2047 42.8037 43.7615  38.2047  42.8037  
32.3641 28.4849 32.0158 32.3641  28.4849  32.0158  
39.9621 34.1321 46.8618 39.9621  34.1321  46.8618  
30.9785 33.0001 27.3585 30.9785  33.0001  27.3585  
36.0927 40.0378 30.3363 36.0927  40.0378  30.3363  
38.2847 37.9657 32.8395 38.2847  37.9657  32.8395  
39.4231 37.5538 36.6883 39.4231  37.5538  36.6883  
40.4238 33.8217 31.5546 40.4238  33.8217  31.5546  
38.4825 38.5734 34.318 38.4825  38.5734  34.318  
35.4818 40.0993 29.0128 35.4818  40.0993  29.0128  
31.6378 40.0815 30.6249 31.6378  40.0815  30.6249  
46.7117 33.8848 38.6116 46.7117  33.8848  38.6116  
48.9267 33.6601 33.9302 48.9267  33.6601  33.9302  
49.8148 28.7164 30.4588 49.8148  28.7164  30.4588  
40.7475 33.5587 38.101 40.7475  33.5587  38.101  
49.0945 33.6922 39.0847 49.0945  33.6922  39.0847  
31.8646 34.4619 36.7763 31.8646  34.4619  36.7763  
38.5795 39.2029 30.8085 38.5795  39.2029  30.8085  
42.2798 36.493 43.024 42.2798  36.493  43.024  
40.8977 41.4143 39.6314 40.8977  41.4143  39.6314  
50.3057 38.934 31.6337 50.3057  38.934  31.6337  
48.0962 42.2892 44.9564 48.0962  42.2892  44.9564  
39.0383 28.7825 40.3249 39.0383  28.7825  40.3249  
44.4688 33.4215 43.8802 44.4688  33.4215  43.8802  
46.3768 35.4867 36.025 46.3768  35.4867  36.025  
37.1894 29.9349 39.2457 37.1894  29.9349  39.2457  
45.225 27.4158 28.3956 45.225  27.4158  28.3956  
38.6802 40.8934 28.3708 38.6802  40.8934  28.3708  
33.7337 36.4094 30.1304 33.7337  36.4094  30.1304  
44.8859 27.4339 49.9275 44.8859  27.4339  49.9275  
43.6521 38.8769 36.0455 43.6521  38.8769  36.0455  
38.2588 35.6999 42.9466 38.2588  35.6999  42.9466  
34.2446 31.26 32.7696 34.2446  31.26  32.7696  
51.0503 38.6617 46.0795 51.0503  38.6617  46.0795  
38.1608 34.1361 25.327 38.1608  34.1361  25.327  
40.1681 29.605 39.7566 40.1681  29.605  39.7566  
50.5803 49.4131 41.1721 50.5803  49.4131  41.1721  
44.4106 41.4989 32.5666 44.4106  41.4989  32.5666  
44.5588 34.415 37.2376 44.5588  34.415  37.2376  
43.9901 34.0942 43.7807 43.9901  34.0942  43.7807  
48.8443 30.8052 28.2578 48.8443  30.8052  28.2578  
47.4657 37.29 43.7162 47.4657  37.29  43.7162  
42.1323 33.7864 38.7988 42.1323  33.7864  38.7988  
44.6568 26.9454 27.8772 44.6568  26.9454  27.8772  
43.0835 26.3513 33.5636 43.0835  26.3513  33.5636  
37.2578 31.0291 37.1718 37.2578  31.0291  37.1718  
28.3791 30.5638 38.3309 28.3791  30.5638  38.3309  
40.035 33.2551 34.4332 40.035  33.2551  34.4332  
40.7604 27.4554 25.4616 40.7604  27.4554  25.4616  
35.7656 44.4522 27.2674 35.7656  44.4522  27.2674  
41.4138 33.1865 41.6824 41.4138  33.1865  41.6824  
50.6075 28.9092 48.9056 50.6075  28.9092  48.9056  
52.6977 20.1774 26.2629 52.6977  20.1774  26.2629  
30.6043 39.8156 41.3103 30.6043  39.8156  41.3103  
34.2152 33.6145 27.5348 34.2152  33.6145  27.5348  
41.7677 24.1023 35.6646 41.7677  24.1023  35.6646  
46.3994 23.3004 40.759 46.3994  23.3004  40.759  
46.6317 34.2827 44.6803 46.6317  34.2827  44.6803  
47.7533 43.1158 30.8955 47.7533  43.1158  30.8955  
41.2782 32.6046 36.0609 41.2782  32.6046  36.0609  
39.6362 40.4119 34.3412 39.6362  40.4119  34.3412  
30.7177 42.9783 34.6558 30.7177  42.9783  34.6558  
28.5806 34.1514 40.7748 28.5806  34.1514  40.7748  
27.6741 36.7355 37.4565 27.6741  36.7355  37.4565  
33.9945 30.8571 36.082 33.9945  30.8571  36.082  
47.6724 35.2907 31.637 47.6724  35.2907  31.637  
47.4173 40.1153 30.7419 47.4173  40.1153  30.7419  
33.5697 35.4319 36.8742 33.5697  35.4319  36.8742  
39.6826 35.5265 30.9062 39.6826  35.5265  30.9062  
38.6151 35.4018 24.4789 38.6151  35.4018  24.4789  
37.8566 39.895 33.8007 37.8566  39.895  33.8007  
37.3017 33.2062 31.7043 37.3017  33.2062  31.7043  
32.0354 46.7455 44.1835 32.0354  46.7455  44.1835  
36.685 43.9641 34.9792 36.685  43.9641  34.9792  
46.4567 33.4254 45.1979 46.4567  33.4254  45.1979  
40.9222 39.3452 53.7012 40.9222  39.3452  53.7012  
40.3165 36.6256 27.3247 40.3165  36.6256  27.3247  
40.3856 36.1737 28.4299 40.3856  36.1737  28.4299  
44.3607 29.5183 34.7694 44.3607  29.5183  34.7694  
31.9145 36.6559 34.6669 31.9145  36.6559  34.6669  
39.5483 40.8667 26.5562 39.5483  40.8667  26.5562  
43.4342 32.9514 33.2953 43.4342  32.9514  33.2953  
47.2772 46.8682 34.128 47.2772  46.8682  34.128  
34.2168 36.0751 33.5506 34.2168  36.0751  33.5506  
38.9861 30.8378 34.4417 38.9861  30.8378  34.4417  
31.2073 48.7598 30.7262 31.2073  48.7598  30.7262  
16.1576 13.0942 14.9376 36.0363  34.8475  26.1703  
18.1375 15.9165 13.068 29.4399  37.4049  34.0688  
16.0552 14.9546 14.9389 29.5075  24.852  28.5941  
18.8634 15.0301 13.3487 41.6976  30.314  29.6402  
18.4294 14.9871 13.7336 33.5173  38.2196  28.1874  
16.1766 13.4939 14.9343 48.9619  27.5869  29.237  
18.0138 14.9738 13.828 34.5383  30.38  28.5027  
16.0591 14.6335 15.0612 41.15  24.6516  28.3407  
16.2433 13.0572 14.9384 46.688  33.5216  25.3051  
16.3163 13.802 14.5711 47.4425  28.5933  37.4716  
18.4119 15.8758 12.8496 42.2077  33.3041  30.5461  
16.3048 12.9925 16.9078 47.2645  25.0269  24.9532  
16.3105 13.0987 14.9217 34.7334  34.3577  23.0515  
18.2025 15.3179 13.7308 38.0447  25.1291  41.4022  
19.5301 13.0024 14.9434 45.4812  37.7966  26.041  
16.3869 15.567 13.9659 43.3966  22.8707  31.0198  
16.9194 13.2304 14.6031 43.0199  23.252  20.2377  
16.2013 15.0186 14.8437 37.9737  28.6358  50.4887  
16.079 20.2065 12.975 38.4317  34.1937  34.7147  
16.1315 15.8363 14.367 42.7588  21.8728  24.3074  
16.8157 13.2499 14.7546 48.6271  30.9523  20.7554  
16.6373 13.2779 14.7703 31.6167  22.3723  36.4216  
18.1342 15.6398 13.536 37.9318  36.5934  25.8417  
16.9118 13.1944 14.6524 39.2512  19.5951  25.9189  
18.1167 15.5053 13.669 48.9104  30.2483  24.3659  
16.4224 15.482 14.2959 31.8839  26.7249  41.3621  
18.4067 15.8632 12.9843 40.1144  38.2557  26.9405  
18.1167 15.7558 13.4017 41.198  21.518  27.9748  
18.1303 15.8999 13.1112 37.0091  27.1459  20.4398  
16.6415 13.1451 14.8542 39.0553  23.9015  35.2808  
16.3304 15.3791 14.5254 46.0748  41.021  20.9669  
16.2378 13.0556 15.0124 38.7709  20.0438  30.8813  
16.1889 15.5748 14.6456 42.9045  30.1779  26.1446  
16.5999 13.1852 14.8716 35.4079  29.0042  43.4219  
18.459 15.4481 13.5709 44.6153  23.8864  39.1672  
18.3877 15.8218 13.168 29.5169  22.9505  23.5108  
16.0609 14.9243 14.9381 35.6696  33.4094  20.1947  
16.6562 13.9257 14.1891 34.158  19.226  33.5729  
16.1275 13.1524 14.9375 37.0701  45.2227  20.7935  
17.181 13.3282 14.2432 36.0258  24.0945  31.7324  
16.9429 13.431 14.4076 32.918  28.5344  22.8191  
17.2009 13.3176 13.9611 39.8955  24.7244  31.8153  
17.1988 13.3164 14.0137 45.8074  26.5622  26.5226  
16.5591 13.0444 14.9375 34.4906  25.7947  28.5793  
16.1687 15.8771 13.9503 32.7654  30.3705  23.2101  
16.3124 13.2183 14.919 40.2905  21.8945  38.7106  
16.1524 13.1915 14.9357 33.3199  38.4451  19.9284  
16.2805 13.3869 14.8873 26.7571  19.333  28.6662  
16.6153 13.5216 14.7333 28.4968  27.594  25.2254  
16.1741 13.1407 14.9357 39.4135  28.3116  47.1898  
16.8474 13.8405 14.0436 38.3264  45.9027  27.717  
16.3495 13.3197 14.8898 27.2862  28.837  32.5438  
16.204 13.1699 14.9354 29.6902  37.01  23.0043  
16.2356 13.2765 14.919 28.159  20.8015  39.9553  
16.2987 13.3276 14.8919 35.1751  35.9316  21.9613  
16.3855 13.4985 14.826 27.4474  23.4256  34.1514  
16.4984 13.323 14.8528 25.848  29.5243  27.4943  
38.1969 24.2252 19.0957 48.2912  25.7436  34.3845  
43.2942 25.1825 22.7478 38.4053  39.8731  22.6432  
16.5561 15.3578 14.6776 27.6263  25.7025  34.5355  
16.2749 15.1735 14.8942 24.7787  33.3877  24.2861  
16.7945 15.5806 13.9984 31.1758  21.9459  35.4681  
16.1174 15.0547 14.9201 28.5604  43.8305  23.4327  
51.3314 33.9813 29.3709 24.3742  22.1978  38.0249  
41.4138 33.1865 41.6824 25.4375  31.6749  28.4484  
50.6075 28.9092 48.9056 43.6427  29.9435  32.851  
52.6977 20.1774 26.2629 38.5542  30.3082  28.2743  
30.6043 39.8156 41.3103 22.9166  26.4787  28.7884  
34.2152 33.6145 27.5348 26.0522  41.5701  25.1253  
41.7677 24.1023 35.6646 23.1759  21.3331  39.1221  
46.3994 23.3004 40.759 31.647  35.2498  25.7977  
46.6317 34.2827 44.6803 22.7383  26.1517  35.688  
47.7533 43.1158 30.8955 24.6256  40.9386  29.5047  
41.2782 32.6046 36.0609 32.587  23.2336  48.6058  
39.6362 40.4119 34.3412 47.4222  29.6047  26.1062  
30.7177 42.9783 34.6558 21.9649  31.3903  36.9441  
28.5806 34.1514 40.7748 21.7981  40.3656  23.4281  
27.6741 36.7355 37.4565 26.6949  28.6871  46.315  
33.9945 30.8571 36.082 25.1496  44.7876  25.1804  
47.6724 35.2907 31.637 22.4612  28.5223  41.7401  
47.4173 40.1153 30.7419 22.7057  36.1171  32.327  
33.5697 35.4319 36.8742 35.4227  26.4351  31.4871  
39.6826 35.5265 30.9062 36.9677  37.0563  27.2283  
38.6151 35.4018 24.4789 24.2728  35.2404  35.0222  
37.8566 39.895 33.8007 24.8776  38.9842  41.3562  
37.3017 33.2062 31.7043 27.6251  31.3251  33.6713  
32.0354 46.7455 44.1835 25.7999  48.2574  27.9654  
36.685 43.9641 34.9792 27.8242  41.3482  31.9176  
46.4567 33.4254 45.1979 27.846  45.5558  35.353  
40.9222 39.3452 53.7012 16.1686  13.1839  14.9357  
40.3165 36.6256 27.3247 28.5625  47.8779  28.1899  
40.3856 36.1737 28.4299 28.9548  35.7467  38.924  
44.3607 29.5183 34.7694 29.0327  42.196  36.1009  
31.9145 36.6559 34.6669 29.6382  27.6635  44.0363  
39.5483 40.8667 26.5562 30.2403  30.9043  34.5821  
43.4342 32.9514 33.2953 33.8593  36.2943  47.0274  
47.2772 46.8682 34.128 34.9216  33.1237  39.6902  
34.2168 36.0751 33.5506 37.3231  30.9347  37.6802  
38.9861 30.8378 34.4417 29.2788  33.474  38.8356  
31.2073 48.7598 30.7262 38.1969  24.1928  19.0957  
16.8471 8.94291 12.0205 31.6793  20.1465  25.011  
16.0934 10.2018 13.0173 26.0204  22.5335  26.9389  
15.9879 19.1577 12.9895 36.5143  18.556  30.0402  
16.1039 8.37274 13.0169 36.3922  22.0971  23.8455  
16.1661 9.26867 12.0134 53.1866  22.2309  20.7858  
16.0671 10.2251 12.994 34.5747  21.8206  29.2915  
18.3385 8.40738 12.0205 33.357  28.2866  21.4947  
16.1111 9.27272 12.0248 37.1329  19.8306  30.6212  
16.0758 11.1962 12.0186 31.2645  20.8841  19.2712  
16.1081 8.49023 13.0019 28.2761  21.9856  37.3745  
16.1115 8.53545 12.9891 28.7779  28.8048  21.6892  
17.0878 8.43119 12.0269 35.2299  18.7109  27.0758  
16.1216 9.21797 12.3355 37.9178  23.8846  19.1772  
16.1202 9.2707 12.0592 33.6139  21.1709  26.9142  
16.1306 9.13776 12.5185 34.8672  27.1166  19.4785  
17.009 8.69085 12.0269 46.5639  18.735  31.9926  
16.4572 9.20469 12.0284 46.0379  19.4002  19.9675  
16.1244 8.88248 12.8162 29.1089  23.2872  22.8488  
16.1263 9.12751 12.5659 29.0392  32.0884  21.769  
16.0967 8.28056 13.1354 31.2379  20.6632  20.4881  
17.0258 8.64024 12.0524 33.6258  25.4918  18.3581  
16.2991 9.24816 12.1258 32.8376  18.9495  30.9033  
16.5567 9.16995 12.0592 31.4658  26.2499  19.3704  
36.5143 18.556 30.0402 30.5823  18.066  29.906  
16.5682 10.2288 12.912 39.3405  18.8817  20.3902  
17.9012 9.11847 12.0205 43.2509  21.7126  27.7889  
16.9883 10.4826 12.3727 39.7558  26.1972  19.9039  
17.4279 9.27586 13.538 36.0607  18.2459  25.0504  
25.8145 22.7574 22.6378 35.0184  21.2202  19.239  
16.0838 11.1964 11.9895 31.7802  19.0552  32.3072  
16.7697 10.2019 12.9999 35.7622  27.7862  18.1744  
16.6942 10.2361 12.8508 27.5763  18.2237  30.3368  
16.0933 10.341 12.9843 32.3385  18.9874  18.981  
16.7911 10.895 12.028 36.4625  23.6739  25.3191  
16.6465 10.237 12.892 35.9263  31.0407  22.6633  
16.1088 10.7824 12.8097 34.4664  19.801  23.4226  
16.136 10.9581 12.6449 31.7919  24.0922  17.9414  
16.4518 10.221 12.9632 31.6174  18.3255  33.5366  
16.0772 10.8124 12.8056 34.047  30.2412  18.4753  
16.0652 11.7804 12.5775 29.3719  16.6267  27.0577  
16.1199 10.2205 12.992 29.5322  21.4662  20.3992  
16.2422 10.2038 12.9965 33.3807  21.0906  22.5137  
16.0989 10.3848 12.9764 33.3332  24.8297  19.898  
15.9855 11.0433 16.3051 28.1392  19.175  24.7126  
16.4335 10.4626 12.9283 26.7161  22.0469  18.7788  
16.1388 11.1468 12.3091 33.5075  18.6194  34.8866  
16.1098 10.4214 12.9684 28.2816  28.3414  17.0185  
16.0818 10.6023 12.9081 31.6648  18.0572  28.0495  
16.8546 10.8332 12.027 25.1368  20.2176  21.7109  
16.0873 10.7528 12.826 34.5356  21.8386  42.4013  
16.0863 10.7056 12.8853 44.3734  26.2869  20.6134  
16.4184 11.1399 12.0319 26.8231  20.6899  27.0133  
16.9775 10.6313 12.0277 26.7143  26.771  19.5377  
16.6452 11.0258 12.0338 34.7644  18.2397  33.2104  
16.9571 10.6855 12.0338 28.8278  30.1967  18.6475  
16.5827 11.0584 12.028 25.1405  18.3496  31.0215  
16.3771 11.1511 12.036 21.875  18.0879  19.1909  
16.0233 11.1246 12.9847 31.038  21.3689  37.2567  
16.9092 10.7489 12.036 33.7852  26.7763  19.3133  
16.0771 11.1805 12.2139 23.8458  18.7317  27.2253  
17.0624 10.3871 12.0243 23.429  24.9892  20.4074  
17.0249 10.5116 12.028 35.7324  18.8455  37.3839  
16.2366 11.1953 12.0253 24.538  30.8466  18.8932  
16.0816 10.9165 12.7137 24.9564  18.4587  29.1338  
16.0843 11.0888 12.468 23.7825  22.3664  23.0068  
16.0825 10.9524 12.6664 33.5126  25.812  29.1541  
16.0883 10.8945 12.7278 34.2745  19.2209  22.9253  
17.076 10.2335 12.0245 21.6166  20.8275  24.8954  
16.4727 11.1161 12.0611 23.1498  30.6898  20.5782  
16.0878 11.1685 12.2544 25.5401  18.6849  30.9595  
16.6488 11.0189 12.0255 27.4419  29.6188  20.605  
16.0862 10.9596 12.6635 21.7971  19.6319  31.6399  
17.0652 10.301 12.0253 21.0435  26.8261  23.5092  
16.7429 10.9499 12.0255 25.9095  18.9436  32.554  
16.3672 11.1558 12.0255 16.1531  9.2707  12.0598  
16.0342 11.725 12.7049 20.8305  22.315  29.7121  
16.0504 11.9604 12.1242 21.4544  27.5996  24.1879  
16.0183 11.3652 12.9206 24.358  19.5539  32.5456  
16.0241 11.9679 12.0458 22.3034  36.4699  21.3283  
16.098 11.1912 12.1095 21.5836  20.5099  39.6749  
16.0931 11.1452 12.335 20.2989  27.2301  27.5468  
16.0183 11.4396 12.8936 31.8275  21.4288  30.3802  
16.0889 11.1497 12.3209 28.7945  34.5452  20.843  
16.0476 11.5734 12.8082 20.7896  25.2151  36.1043  
17.0301 10.4952 12.0276 21.1972  28.3317  25.6283  
16.9279 10.7346 12.0269 21.669  23.0701  29.201  
16.5698 11.071 12.0269 21.8807  32.9797  23.2397  
16.9956 10.6102 12.0258 22.5119  23.1643  40.6086  
17.0192 10.5448 12.0253 22.5954  34.7285  27.9246  
16.0955 11.1547 12.3003 25.6981  22.8035  40.3335  
16.0901 11.1024 12.435 22.9142  27.9777  24.5297  
16.9501 10.6941 12.0144 23.5799  25.6417  38.0062  
16.0852 11.1691 12.2424 23.8116  25.6404  32.1541  
16.0776 11.0682 12.5066 24.107  25.8852  27.2771  
16.5795 11.0616 12.0245 24.2038  32.6402  27.3675  
16.0478 11.9629 12.0402 24.7351  25.3888  32.25  
16.619 11.0398 12.0277 24.9263  26.9549  27.812  
16.9358 10.7115 12.0297 27.0877  29.6105  28.9501  
17.0852 10.2171 12.0202 28.1695  21.7664  22.6105  
16.0321 11.2522 12.9598 29.9109  20.6562  27.8351  
14.1709 4.56446 13.2508 35.7806  15.9973  20.903  
16.0526 6.11419 12.1358 29.6753  21.6253  24.8225  
14.2805 5.52189 12.6614 29.4994  16.0476  29.8137  
14.8119 9.13635 11.2963 30.9065  13.3056  18.0428  
14.6421 5.56849 12.6371 29.5726  15.644  15.4238  
17.0366 5.41537 12.1251 27.2454  8.91133  26.5681  
14.822 10.3084 11.0556 36.061  18.3673  15.2203  
14.2561 3.4562 13.6293 29.6843  10.5811  22.4966  
14.3206 3.37972 13.6533 40.4486  8.38852  14.2937  
14.8281 4.39076 12.915 25.3312  7.7742  31.2446  
16.0582 6.23437 12.119 41.5872  16.5773  16.0062  
16.31 3.49933 13.6242 34.8393  10.6694  19.4807  
14.6354 5.40869 12.9519 27.9901  6.85988  12.9567  
15.4112 4.92237 12.6383 29.3316  6.64427  28.9605  
17.0347 4.98255 12.3701 38.0776  13.4982  13.4486  
14.6421 5.44586 12.6381 38.9764  8.43909  23.1918  
14.653 5.4431 12.6461 27.1817  7.81375  12.9723  
14.4912 3.90493 13.5527 23.373  8.18611  37.2784  
14.1433 7.40127 13.6363 30.0561  17.6263  16.8458  
14.8245 7.42713 11.7136 21.4539  5.64172  13.5013  
16.8477 5.6073 12.4649 30.5485  11.8819  14.5568  
24.3587 5.06247 12.0923 26.9634  7.31524  24.7614  
14.2605 3.3393 15.6004 39.9763  19.4882  14.2935  
14.6485 4.07272 13.4243 22.5268  6.23752  16.0771  
14.1462 6.86111 13.6848 31.9576  12.0319  13.7719  
16.0932 6.11312 12.1256 29.6919  7.0915  36.8382  
17.0359 5.51272 12.1063 31.4796  19.4405  12.8301  
14.2351 3.4562 13.6391 22.1114  6.60314  15.3497  
14.5961 4.09977 13.4322 22.0066  8.77381  13.9135  
14.6722 7.42144 11.7576 22.868  4.65569  18.6217  
17.0347 4.84804 12.3701 21.9544  10.6084  12.8828  
14.2607 5.52189 12.7346 21.8906  5.54796  17.6382  
14.2751 5.36663 13.1948 24.8565  8.94837  17.1643  
14.6695 9.49816 11.7576 25.1647  8.19268  31.3544  
16.5701 5.95999 12.1691 32.6523  15.3975  17.6114  
15.1586 7.40583 12.5266 25.119  6.89391  18.8207  
16.369 6.06059 12.1358 23.9585  14.1946  15.2117  
14.247 3.4948 13.6293 26.849  5.52989  24.8637  
14.2623 3.68516 13.6207 26.0027  18.2045  13.3915  
14.2781 3.69906 13.6193 25.7687  9.83123  18.3858  
14.6956 7.73651 11.6849 24.4743  12.777  17.9805  
14.1708 4.56317 13.2634 20.877  6.28024  32.3553  
23.4281 4.54421 12.3624 26.0614  21.2814  12.7218  
14.6127 5.52607 12.6456 23.5484  9.67055  19.8851  
14.264 5.52697 12.6461 23.7501  15.7287  16.3986  
14.257 3.38345 13.7401 22.5502  6.13377  24.3592  
14.3741 7.60832 12.6421 19.795  12.6607  13.0939  
17.2955 5.25402 12.2713 18.9612  6.5454  18.7252  
35.7806 15.9973 20.903 24.8738  10.4728  21.7335  
15.1011 5.14452 12.6614 22.4904  7.47836  33.5813  
15.1073 5.31442 12.6383 35.5061  28.1751  15.2065  
14.2964 7.60945 12.6438 22.4837  12.563  20.2371  
23.4283 4.54421 12.3344 26.1484  23.4677  15.2686  
14.2823 5.52697 12.6572 23.8439  8.43071  24.3411  
17.0402 5.38452 12.2291 19.2844  14.7496  13.3125  
16.0493 6.42972 12.1507 19.1438  6.76014  19.4077  
17.0052 5.72939 12.22 18.9314  11.2852  17.4983  
23.0558 9.18982 18.8961 26.3184  6.30158  31.2386  
17.0358 5.50181 12.1746 22.5404  25.2629  13.4775  
16.3125 6.07809 12.1347 20.4031  11.2235  22.7347  
15.1038 5.45254 12.6376 15.4648  6.31034  12.7573  
34.8088 20.5046 23.1459 16.93  4.89244  20.7036  
17.0579 4.81446 12.5905 22.7742  25.3838  17.5161  
14.5631 15.469 12.7136 16.6086  6.24405  19.2583  
14.3463 4.89652 13.5972 18.5167  14.8184  21.1087  
14.2627 5.57392 13.6106 26.6327  13.5218  24.0098  
16.9941 5.25381 12.5935 39.4146  19.4982  17.77  
15.3653 6.85479 12.5943 20.5965  10.9772  26.1478  
17.3108 4.89515 12.3574 21.0611  28.4331  17.0359  
14.5916 4.97185 13.5505 16.339  6.29699  21.0482  
14.6659 5.77602 12.8612 16.6377  14.7063  12.7007  
14.2746 5.57391 13.6088 16.6631  10.4304  22.8516  
14.8822 5.03675 13.3157 18.6593  20.6685  21.7287  
26.8192 15.5968 25.4382 15.3086  4.89278  23.0672  
34.041 14.7407 29.4031 19.7413  33.8554  15.304  
33.5213 20.6657 19.6706 19.0372  14.2858  28.7064  
16.5654 6.21972 12.4601 15.7192  13.4756  15.7985  
16.2621 5.86851 12.8926 18.3898  8.70436  36.1165  
16.0241 11.9679 12.0458 14.2335  14.5892  13.6444  
16.6022 6.15944 12.4962 19.6822  13.8425  27.8774  
16.7043 6.20999 12.154 18.5034  25.7944  28.2596  
16.5316 5.53379 12.8856 16.2209  4.56317  30.718  
16.4661 6.39222 12.1161 28.6099  23.1754  15.3901  
16.3195 5.92476 12.8531 14.2631  12.348  21.7312  
16.6788 6.15739 12.4136 19.0076  25.5133  26.6109  
16.4488 6.05147 12.7471 20.3296  14.1473  31.5765  
16.5346 6.3513 12.1713 14.2646  15.672  12.7929  
16.2044 5.63503 12.9704 17.0668  19.2308  30.6557  
22.9382 18.5636 22.0339 14.2767  5.52697  12.6461  
16.4586 5.98086 12.7629 14.2605  3.38345  13.6533  
16.9167 5.99145 12.1065 22.5452  20.8593  28.9063  
16.1395 5.71613 12.9602 15.4585  16.8837  26.5606  
16.2942 6.31628 12.4829 15.3487  22.091  22.4734  
16.5054 5.85254 12.814 14.4641  4.56357  20.8552  
16.3526 5.70297 12.9266 14.5512  14.0891  13.8907  
16.3178 6.05808 12.7675 14.8199  10.3018  30.0233  
16.4473 6.37271 12.2304 20.6384  25.9931  38.0187  
16.1714 5.85666 12.9103 21.0547  15.0625  31.5397  
16.32 6.34569 12.4138 21.0547  23.9984  31.5397  
16.6897 5.55456 12.7912 27.1138  21.8439  30.4602  
0.126417 0.074188 0.998084 21.0644  0.429878  0.190231  
0.0930594 1.01193 0.486902 0.288407  9.19288  0.490072  
0.482504 1.26425 0.00258062 0.140577  0.645012  10.4731  
0.131054 0.348427 0.954904 1.09234  0.0348356  0.035942  
0.192161 0.910262 0.419796 4.62922  0.470495  0.140793  
0.0929677 1.03115 0.512575 4.78761  0.184685  0.419455  
0.729203 0.029567 0.791506 4.81774  0.517265  0.138577  
0.344507 0.849069 0.49938 4.85434  0.434235  0.816968  
1.10181 0.00222368 0.0225323 4.86466  0.795141  0.147448  
0.0932728 0.119526 3.01949 3.68926  0.145178  1.09264  
0.814171 0.0850258 0.712448 4.1277  1.07422  0.0864124  
1.05327 0.00141904 5.53582 3.56221  0.575839  0.764894  
1.09234 0.0348356 0.035942 3.67947  1.0431  0.421907  
0.831774 0.0493364 0.685001 3.0361  0.113171  1.02309  
0.651982 0.838462 0.0313372 3.87363  1.54245  0.357529  
0.176194 0.846182 0.550679 3.57645  0.578764  0.870149  
0.130105 1.00059 0.0262361 3.73455  1.02704  0.410876  
0.584691 0.0697453 0.877773 3.99062  0.135663  1.04922  
0.999256 0.0333269 0.440143 5.09527  3.26987  0.0847338  
0.12694 0.0273077 1.00308 3.63599  0.526678  1.025  
0.70763 0.727412 0.385383 5.23081  2.06035  0.434383  
1.04054 0.0310277 0.341233 3.75864  0.401683  1.03344  
0.718488 0.454742 0.685001 6.17558  5.93189  1.10755  
1.12307 0.244137 0.000581411 4.13241  0.0826448  1.02349  
0.74741 0.572391 0.608615 4.40089  2.21016  1.10891  
0.186551 0.961215 0.292127 0.887437  0.0548332  0.67664  
0.343778 0.315351 0.94845 0.853229  0.671497  0.0530746  
0.13353 0.99661 0.119981 5.07497  2.25376  3.44612  
0.870608 0.645417 0.0363274 3.37725  2.2012  1.10759  
1.06741 0.246765 0.0400368 4.80093  0.187042  4.36917  
0.277825 0.985458 0.0379052 4.45896  3.83077  1.00858  
0.813532 0.706929 0.0287259 4.07598  1.11003  3.79579  
0.530528 0.907375 0.0388617 6.29693  3.88499  2.55894  
0.631798 0.788189 0.463697 4.38841  0.166843  7.04172  
0.0927359 0.313938 1.10265 3.88477  4.72783  0.052429  
0.743148 0.778446 0.0248818 4.82544  0.768378  3.79579  
0.287624 0.661799 0.748931 3.71496  4.15501  1.04949  
0.736542 0.669102 0.459991 3.94671  1.1198  4.28207  
1.08719 4.45286 0.000656807 3.81034  4.81357  0.791614  
0.776751 0.124087 0.749233 4.41283  1.39539  4.07381  
0.143691 0.531052 0.876893 4.14522  4.29225  1.05583  
1.24802 0.117453 0.000535442 3.57481  0.613245  4.8931  
0.0930594 0.968297 0.510538 4.26788  7.06898  0.112302  
0.484021 0.856127 0.458972 3.97799  3.01239  4.13236  
0.161036 0.614165 0.812197 3.90275  4.70469  1.12864  
0.644724 0.665938 0.556703 3.66247  0.366252  5.04692  
3.10038 0.000825385 0.027582 2.47887  3.70676  0.962297  
1.00311 0.431431 0.0317857 3.66366  1.14865  4.50829  
0.721588 0.794119 0.0319729 3.92909  4.45805  3.02071  
0.980063 0.0351248 0.482965 0.517997  0.205287  4.44265  
0.207471 0.403698 0.924469 0.902035  4.70798  0.145496  
0.115699 0.0271289 1.14828 2.68182  3.82108  4.94351  
0.704955 0.633582 0.565388 3.73447  4.90919  1.07926  
1.0563 0.0349816 0.285989 3.82462  0.679716  5.2897  
0.223758 0.942105 0.36243 0.746007  4.0857  0.835189  
0.947535 0.136117 0.543964 3.08103  2.3841  5.45843  
1.07731 0.20498 0.0389449 2.87689  4.93028  3.85048  
0.172892 0.263895 0.969233 1.13561  0.271859  4.11344  
1.10639 0.000721306 4.04501 1.1626  3.79294  0.46498  
0.110508 7.25929 0.0246074 2.87689  4.93028  7.86776  
0.431066 0.946273 0.0341081 2.19821  7.1404  3.04234  
0.53621 0.0236459 0.916877 1.11076  0.509045  3.50274  
1.03066 0.372092 0.0394186 0.263384  5.20428  0.327135  
0.132415 0.771006 0.698084 0.237297  0.186849  5.04121  
0.861338 0.489686 0.521578 0.722622  4.49548  4.23047  
0.253354 0.00268069 3.13014 1.09605  0.0464347  4.01862  
0.226661 0.695177 0.728436 1.09283  4.04451  0.0303671  
0.876109 0.031764 0.630315 1.43428  4.05984  4.07853  
0.217682 0.76735 0.657028 0.186529  3.8706  1.11287  
0.641508 0.551374 0.67552 0.909849  0.95322  3.86228  
0.177847 0.880542 0.495056 0.986399  3.88793  0.513372  
0.85394 0.346241 0.623176 0.179982  3.50574  5.18615  
0.686548 0.0615254 0.828392 1.14073  4.76877  2.94811  
0.448746 0.0232779 0.959655 0.376277  0.439163  4.01412  
0.285273 0.0366372 0.984903 0.777294  4.56126  0.315704  
0.485177 0.925882 0.0421184 1.09447  3.82029  4.59125  
0.953221 0.524906 0.0340525 1.00706  6.64536  3.04821  
0.413711 0.683549 0.702124 0.705918  0.822631  3.77938  
1.07337 0.0352391 0.222797 0.682431  3.64526  0.876001  
0.568414 0.628857 0.685434 0.850051  0.0975392  4.64657  
0.321269 0.976243 0.0264134 0.225283  0.785364  0.656052  
0.791103 0.737131 0.0479702 0.203855  0.0556427  0.998037  
0.375667 0.510921 0.836671 0.199938  0.995629  0.0307987  
0.513141 0.372855 0.854906 0.535521  3.8215  3.54552  
0.272547 0.823777 0.578511 0.23774  3.50574  1.05658  
0.177856 0.800578 0.60747 0.466337  1.01223  3.80934  
0.0929486 0.313601 1.06715 0.367456  4.65068  0.891168  
0.609255 0.457355 0.770194 0.231222  1.20533  4.07804  
0.148293 0.492283 0.896388 0.233802  5.72196  4.07804  
0.9214 0.428051 0.486759 0.156907  0.0915678  0.998084  
0.177375 0.753661 0.674444 0.303806  4.66062  0.490072  
0.983445 0.474031 0.0393577 0.144246  2.32359  4.60769  
0.912029 0.0319131 0.591497 0.156206  3.62438  1.07256  
0.83659 0.626093 0.393735 0.165262  0.707399  4.47076  
0.648514 0.0229526 0.857006 0.208059  3.38768  1.02187  
1.01672 0.0292919 0.397704 0.205348  1.15297  4.06662  
0.912142 0.581411 0.0348646 0.252449  5.1165  4.11793  
1.04811 0.318898 0.0397284 0.135898  0.092012  5.00608  
0.499952 0.0210569 0.929583 0.126006  5.06897  0.112302  
0.568686 0.48109 0.80076 0.116471  4.44656  5.23444  
