7.80391 4.53886 7.80391  4.53886  
7.32152 6.44011 7.32152  6.44011  
6.68195 5.53924 6.68195  5.53924  
6.28049 5.50927 6.28049  5.50927  
6.66876 5.28613 6.66876  5.28613  
7.27891 4.23119 7.27891  4.23119  
7.73582 4.13305 7.73582  4.13305  
5.74244 5.45311 5.74244  5.45311  
7.40725 5.00542 7.40725  5.00542  
5.39528 5.17748 5.39528  5.17748  
6.61435 4.31574 6.61435  4.31574  
7.98898 6.31443 7.98898  6.31443  
6.03305 6.18662 6.03305  6.18662  
5.65668 5.11143 5.65668  5.11143  
7.09498 6.45744 7.09498  6.45744  
6.71764 3.99292 6.71764  3.99292  
7.56345 5.7723 7.56345  5.7723  
5.53999 4.7123 5.53999  4.7123  
6.80733 5.48038 6.80733  5.48038  
7.16513 4.89096 7.16513  4.89096  
6.02904 6.91463 6.02904  6.91463  
7.38557 4.69132 7.38557  4.69132  
6.64931 5.59415 6.64931  5.59415  
6.30494 5.53767 6.30494  5.53767  
7.44812 4.4014 7.44812  4.4014  
6.88487 6.08341 6.88487  6.08341  
7.55823 5.23979 7.55823  5.23979  
6.87327 5.13228 6.87327  5.13228  
7.56779 5.14854 7.56779  5.14854  
8.20898 5.62039 8.20898  5.62039  
5.30091 6.17746 5.30091  6.17746  
6.62965 5.3244 6.62965  5.3244  
8.21726 5.07217 8.21726  5.07217  
7.45586 6.07486 7.45586  6.07486  
8.26921 5.10797 8.26921  5.10797  
7.92072 6.87991 7.92072  6.87991  
7.15998 5.31859 7.15998  5.31859  
6.90059 6.44717 6.90059  6.44717  
6.02613 6.80775 6.02613  6.80775  
6.65883 5.36377 6.65883  5.36377  
6.85211 4.94191 6.85211  4.94191  
6.32591 5.53972 6.32591  5.53972  
5.76477 5.31479 5.76477  5.31479  
6.39438 6.95752 6.39438  6.95752  
7.49297 5.51552 7.49297  5.51552  
7.66205 5.72079 7.66205  5.72079  
7.21032 4.22923 7.21032  4.22923  
8.38484 6.28395 8.38484  6.28395  
6.92284 4.42722 6.92284  4.42722  
7.03405 5.08414 7.03405  5.08414  
7.86452 7.32497 7.86452  7.32497  
7.4985 5.67722 7.4985  5.67722  
7.704 5.06397 7.704  5.06397  
7.87686 5.41856 7.87686  5.41856  
7.33264 4.49484 7.33264  4.49484  
7.46383 7.03335 7.46383  7.03335  
7.51013 5.56669 7.51013  5.56669  
6.15411 4.88232 6.15411  4.88232  
6.06378 5.29174 6.06378  5.29174  
7.78189 4.51071 7.78189  4.51071  
5.85315 4.93932 5.85315  4.93932  
6.50119 5.79142 6.50119  5.79142  
5.76062 4.66851 5.76062  4.66851  
6.91073 4.89972 6.91073  4.89972  
7.61168 5.74955 7.61168  5.74955  
8.08099 6.0306 8.08099  6.0306  
6.82962 4.14477 6.82962  4.14477  
6.51614 5.92378 6.51614  5.92378  
5.96512 4.91824 5.96512  4.91824  
5.73294 5.47736 5.73294  5.47736  
7.75598 5.13199 7.75598  5.13199  
8.0881 5.50937 8.0881  5.50937  
7.84103 5.72906 7.84103  5.72906  
6.88532 5.15022 6.88532  5.15022  
6.33267 6.2714 6.33267  6.2714  
6.75999 5.31527 6.75999  5.31527  
6.7865 4.67286 6.7865  4.67286  
6.08208 5.22409 6.08208  5.22409  
5.88401 5.36534 5.88401  5.36534  
8.13865 5.01399 8.13865  5.01399  
7.3692 5.76022 7.3692  5.76022  
7.29352 4.52483 7.29352  4.52483  
6.62628 5.57584 6.62628  5.57584  
6.96963 4.4623 6.96963  4.4623  
8.25539 4.57715 8.25539  4.57715  
6.64478 5.36274 6.64478  5.36274  
6.74715 6.67716 6.74715  6.67716  
7.33267 5.8671 7.33267  5.8671  
8.28688 5.25895 8.28688  5.25895  
8.98215 5.57516 8.98215  5.57516  
6.23319 5.24059 6.23319  5.24059  
6.46368 5.3716 6.46368  5.3716  
7.49264 4.52127 7.49264  4.52127  
7.07401 4.687 7.07401  4.687  
6.01172 6.14345 6.01172  6.14345  
6.14405 6.64482 6.14405  6.64482  
8.03087 5.86556 8.03087  5.86556  
6.59915 5.41339 6.59915  5.41339  
6.56925 5.29706 6.56925  5.29706  
6.50897 5.61314 6.50897  5.61314  
1.36972 1.30107 5.2756  4.83934  
1.27982 1.34789 5.59979  5.51291  
0.825322 1.65052 6.20162  5.22373  
0.413502 2.29238 7.39567  3.76448  
0.438419 2.29236 6.36591  5.40876  
1.31608 1.32855 6.67626  4.22699  
1.38249 1.29336 7.05483  4.34317  
0.987703 1.5559 5.68787  4.49188  
0.791247 2.29231 7.05174  4.83103  
1.34017 1.31648 6.88612  4.55174  
1.3197 1.32668 7.0226  4.3778  
1.35737 1.30657 7.15022  4.36706  
1.38172 1.29509 6.26892  4.21565  
1.61162 1.29233 7.05659  4.20888  
1.37349 1.29787 6.69037  4.16532  
0.796448 1.6506 7.34341  4.14444  
1.36139 1.30567 6.8505  3.94474  
0.384652 2.88799 7.61288  3.71516  
0.386542 2.5002 7.04169  3.70408  
1.34339 1.31443 7.77208  3.61881  
0.796156 1.6507 6.85144  3.43427  
1.27072 1.39119 8.25666  3.16308  
6.20162 5.22373 7.28791  3.06005  
0.653758 2.29289 6.66349  3.04503  
0.825278 1.84401 7.03714  3.39232  
1.34319 1.3287 6.12495  3.12011  
0.825289 1.65101 6.07779  3.18556  
1.24144 1.6176 4.7124  2.81601  
5.48119 5.96174 4.76016  2.89385  
1.73267 1.38017 5.66809  3.24904  
6.03139 5.49419 5.96509  3.57535  
1.25633 1.68094 6.01438  3.69484  
6.54158 5.06717 5.97719  3.83817  
2.20485 1.54231 5.30211  3.61375  
1.75445 1.76326 5.8588  3.96076  
1.74268 1.77227 5.65395  3.9996  
1.71684 1.78867 5.98014  4.19966  
1.74187 1.77252 4.61683  3.69341  
1.32522 2.42372 4.91947  3.98121  
2.29558 1.43372 5.22683  4.30774  
2.25049 1.45652 5.05481  4.38537  
2.23578 1.46457 4.79098  4.24131  
2.31874 1.42202 5.2044  4.68709  
2.30221 1.43013 4.94422  4.72966  
1.51654 1.94473 4.74852  4.57769  
2.28941 1.43599 4.71062  4.8257  
1.51651 2.09731 4.11127  4.39114  
5.97917 5.17654 0.79622  1.65068  
6.92284 4.42722 4.0118  4.61414  
7.03405 5.08414 4.4588  5.12375  
7.86452 7.32497 4.50369  5.02537  
7.4985 5.67722 4.21757  5.18753  
7.704 5.06397 4.19573  5.34357  
7.87686 5.41856 4.57117  5.93134  
7.33264 4.49484 4.29354  5.74899  
7.46383 7.03335 4.15586  5.87256  
7.51013 5.56669 4.58793  5.61329  
6.15411 4.88232 4.47604  6.69413  
6.06378 5.29174 4.58621  6.76248  
7.78189 4.51071 4.60146  5.83305  
5.85315 4.93932 4.62973  5.32242  
6.50119 5.79142 4.64653  6.05718  
5.76062 4.66851 4.7162  5.94488  
6.91073 4.89972 4.71622  6.77296  
7.61168 5.74955 4.78403  5.77462  
8.08099 6.0306 4.84064  6.7512  
6.82962 4.14477 4.91289  5.95191  
6.51614 5.92378 5.12467  6.77513  
5.96512 4.91824 5.21157  4.848  
5.73294 5.47736 5.28916  4.89927  
7.75598 5.13199 5.35503  6.23415  
8.0881 5.50937 5.39624  5.66685  
7.84103 5.72906 5.40749  5.03871  
6.88532 5.15022 5.46535  5.53091  
6.33267 6.2714 5.48116  5.15503  
6.75999 5.31527 5.53721  5.56221  
6.7865 4.67286 5.63326  5.34569  
6.08208 5.22409 5.64183  5.19104  
5.88401 5.36534 5.67402  5.82839  
8.13865 5.01399 5.70962  5.55214  
7.3692 5.76022 5.83459  6.64511  
7.29352 4.52483 5.90714  6.23829  
6.62628 5.57584 5.90758  5.2744  
6.96963 4.4623 6.12385  4.75717  
8.25539 4.57715 6.14084  5.99007  
6.64478 5.36274 6.16433  5.19036  
6.74715 6.67716 6.40979  5.62251  
7.33267 5.8671 6.53393  5.34037  
8.28688 5.25895 6.75395  6.09342  
8.98215 5.57516 7.0606  5.60473  
6.23319 5.24059 6.23546  4.96388  
6.46368 5.3716 5.41281  6.30781  
7.49264 4.52127 6.29589  5.99456  
7.07401 4.687 5.62698  3.68307  
6.01172 6.14345 4.85524  5.17243  
6.14405 6.64482 5.7942  5.01462  
8.03087 5.86556 6.25518  5.05116  
6.59915 5.41339 6.18086  4.72404  
6.56925 5.29706 5.96286  4.40351  
6.50897 5.61314 5.41508  5.6523  
1.09858 0.936622 4.34385  4.88347  
1.08317 1.01184 4.04827  5.00379  
0.510745 1.36218 6.53523  3.38325  
0.0989492 2.00405 5.09366  2.95609  
0.70286 1.36216 4.27866  4.85867  
1.00807 1.05148 5.34765  3.72457  
1.27529 0.838642 5.40516  3.45934  
1.06864 1.01916 6.39545  3.36486  
1.02032 1.04403 5.83471  3.1839  
0.8884 1.22632 7.11843  3.14326  
0.976681 1.06704 6.08658  3.11538  
1.04929 1.02906 6.13932  3.08481  
0.967706 1.11072 6.0273  3.06518  
1.09167 1.00783 5.46536  3.02693  
1.03941 1.03412 6.15695  3.00993  
1.08903 1.00889 5.535  2.96091  
1.07849 1.0142 6.21543  2.94163  
1.09509 1.00582 6.37027  2.92496  
0.278317 2.00391 5.89789  2.9049  
1.03327 1.03729 6.5202  2.86694  
0.299018 2.00389 7.09739  2.85552  
1.06441 1.02134 7.13684  2.84541  
0.510745 1.36249 5.98294  2.83838  
1.07343 1.01676 6.17475  2.71273  
1.0452 1.03114 6.11695  2.64454  
4.34385 4.53709 3.24448  1.82875  
1.20554 1.09484 5.84505  2.78377  
1.32851 1.03117 5.41133  2.77919  
4.48158 5.21721 4.97982  2.60967  
5.08943 4.93021 4.48296  2.54464  
6.03139 5.49419 5.10469  2.88  
1.25633 1.68094 5.42923  3.06358  
6.54158 5.06717 4.23943  2.70699  
2.20485 1.54231 4.72679  3.02678  
1.75445 1.76326 5.09193  3.28718  
1.74268 1.77227 5.07652  3.41758  
1.71684 1.78867 5.13406  3.59148  
1.74187 1.77252 3.90648  2.9855  
1.32522 2.42372 4.3345  3.2495  
2.29558 1.43372 4.51006  3.54799  
2.25049 1.45652 4.22028  3.49279  
2.23578 1.46457 3.76428  3.30293  
2.31874 1.42202 4.24096  3.74177  
2.30221 1.43013 4.196  3.8481  
1.51654 1.94473 3.604  3.51648  
2.28941 1.43599 4.00143  3.93924  
1.51651 2.09731 3.65621  3.79929  
5.97917 5.17654 3.49478  3.7775  
6.92284 4.42722 3.85808  4.23344  
7.03405 5.08414 3.52933  4.06477  
7.86452 7.32497 3.56769  4.23258  
7.4985 5.67722 3.53786  4.34971  
7.704 5.06397 3.21589  4.15051  
7.87686 5.41856 3.59286  4.65633  
7.33264 4.49484 3.3062  4.53798  
7.46383 7.03335 2.46977  3.68347  
7.51013 5.56669 0.510745  1.36218  
6.15411 4.88232 3.40661  4.99599  
6.06378 5.29174 3.43919  4.76162  
7.78189 4.51071 3.5715  5.38714  
5.85315 4.93932 3.59839  4.93345  
6.50119 5.79142 3.63252  4.91371  
5.76062 4.66851 3.67951  6.1922  
6.91073 4.89972 3.71405  5.11133  
7.61168 5.74955 3.76271  5.1162  
8.08099 6.0306 3.8425  5.12233  
6.82962 4.14477 3.94114  4.39063  
6.51614 5.92378 3.97121  4.93448  
5.96512 4.91824 4.00081  5.01069  
5.73294 5.47736 4.03667  4.64345  
7.75598 5.13199 4.04373  4.43679  
8.0881 5.50937 4.17489  5.34511  
7.84103 5.72906 4.17994  4.69024  
6.88532 5.15022 4.19348  6.21689  
6.33267 6.2714 4.21144  4.34554  
6.75999 5.31527 4.23067  5.45247  
6.7865 4.67286 4.24027  4.14176  
6.08208 5.22409 4.25352  4.66727  
5.88401 5.36534 4.25599  4.86885  
8.13865 5.01399 4.26761  5.06855  
7.3692 5.76022 4.39178  5.39189  
7.29352 4.52483 4.40292  4.95455  
6.62628 5.57584 4.4269  4.84725  
6.96963 4.4623 4.43171  5.03262  
8.25539 4.57715 4.45594  4.51707  
6.64478 5.36274 4.46712  5.08479  
6.74715 6.67716 4.47345  5.0951  
7.33267 5.8671 4.47473  5.49211  
8.28688 5.25895 4.5175  5.11798  
8.98215 5.57516 4.56526  5.55962  
6.23319 5.24059 4.5912  4.01766  
6.46368 5.3716 4.67635  5.31126  
7.49264 4.52127 4.86321  4.45488  
7.07401 4.687 4.87351  4.74853  
6.01172 6.14345 5.72822  4.08534  
6.14405 6.64482 5.73095  4.89484  
8.03087 5.86556 3.73193  6.00346  
6.59915 5.41339 4.15762  6.64516  
6.56925 5.29706 3.89832  5.82166  
6.50897 5.61314 4.88212  3.26895  
0.41228 0.358702 1.00028  0.000314702  
0.400812 0.369842 8.79156e-05  2.88856  
0.000537462 1.00036 1.96312  0.00614294  
0.401633 0.367569 1.96991  0.0109481  
0.391786 0.380127 1.98608  0.0159442  
0.918765 0.0438657 1.98893  0.0208808  
0.829319 0.101125 1.9945  0.0408801  
0.892624 0.0563536 2.25042  0.0284019  
0.40677 0.364966 2.94234  0.0255163  
0.991692 0.00478777 2.94952  0.21845  
0.919653 0.0420374 2.8771  0.269779  
0.000126522 2.18516 2.95319  0.0108796  
0.87628 0.0703124 2.8191  0.324548  
0.387075 0.952942 2.96229  0.213797  
0.411559 0.36175 2.39697  0.358547  
0.903005 0.0504066 2.38096  0.380465  
0.392143 0.375877 2.36679  0.403303  
0.998523 0.00171 2.17898  0.3974  
1.00028 0.000314702 2.37771  0.412913  
0.412551 0.358444 2.38292  0.382259  
0.92534 0.0386533 2.79248  0.635308  
0.968229 0.0173345 1.41645  0.358444  
0.970983 0.015344 1.37545  0.366673  
0.830346 0.0928417 1.3677  0.37898  
0.401134 0.367719 1.39557  0.391723  
0.976833 0.0120582 2.1073  0.642477  
0.982317 0.009613 3.26223  0.61873  
0.993004 0.00422743 2.60669  0.938579  
0.84731 0.0920017 2.51175  0.940368  
0.861815 0.0753548 2.41693  0.942877  
0.612346 0.358418 2.28493  0.983521  
0.957899 0.0217187 2.07494  0.98126  
0.962243 0.019493 2.09859  0.975209  
1.00028 0.273833 1.60356  0.758727  
1.75445 1.76326 1.81304  0.890432  
1.74268 1.77227 1.87393  0.974716  
1.71684 1.78867 1.85092  0.996259  
1.74187 1.77252 1.96749  1.10098  
1.32522 2.42372 1.82371  1.08778  
2.29558 1.43372 1.50636  0.940645  
2.25049 1.45652 1.48243  0.952377  
2.23578 1.46457 1.87199  1.27018  
2.31874 1.42202 1.88549  1.33718  
2.30221 1.43013 1.86812  1.37212  
1.51654 1.94473 1.95332  1.43222  
2.28941 1.43599 1.72841  1.37982  
1.51651 2.09731 1.59271  1.35424  
5.97917 5.17654 0.412551  0.358444  
6.92284 4.42722 1.40075  1.35177  
7.03405 5.08414 1.00102  0.990731  
7.86452 7.32497 0.998643  0.97661  
7.4985 5.67722 0.985271  1.0009  
7.704 5.06397 0.997616  1.00787  
7.87686 5.41856 1.39557  1.37807  
7.33264 4.49484 1.39695  1.42175  
7.46383 7.03335 0.997964  1.18207  
7.51013 5.56669 0.997623  1.21798  
6.15411 4.88232 1.37965  1.80149  
6.06378 5.29174 0.981338  1.31886  
7.78189 4.51071 0.998035  1.41516  
5.85315 4.93932 0.971581  1.43632  
6.50119 5.79142 1.39857  2.25788  
5.76062 4.66851 0.998624  1.59184  
6.91073 4.89972 1.00008  1.68618  
7.61168 5.74955 0.999617  1.97694  
8.08099 6.0306 1.0085  1.90193  
6.82962 4.14477 1.00475  1.95802  
6.51614 5.92378 0.989492  1.99406  
5.96512 4.91824 0.83809  1.76843  
5.73294 5.47736 0.977602  2.15392  
7.75598 5.13199 0.983157  2.08884  
8.0881 5.50937 0.991445  2.17081  
7.84103 5.72906 0.964366  2.47204  
6.88532 5.15022 0.971597  2.60799  
6.33267 6.2714 0.40841  2.73809  
6.75999 5.31527 0.41134  1.35301  
6.7865 4.67286 0.40875  1.34415  
6.08208 5.22409 0.402579  1.3564  
5.88401 5.36534 0.404308  1.43612  
8.13865 5.01399 0.408721  1.54566  
7.3692 5.76022 0.604338  2.39977  
7.29352 4.52483 0.401521  1.74712  
6.62628 5.57584 0.384018  1.76507  
6.96963 4.4623 0.411851  2.7033  
8.25539 4.57715 0.384779  2.16569  
6.64478 5.36274 0.40264  2.32897  
6.74715 6.67716 0.409259  2.51068  
7.33267 5.8671 0.383946  2.7298  
8.28688 5.25895 0.391684  2.93643  
8.98215 5.57516 0.384742  3.13392  
6.23319 5.24059 0.391754  3.58255  
6.46368 5.3716 0.401229  4.0138  
7.49264 4.52127 0.389909  4.68039  
7.07401 4.687 0.391712  4.86779  
6.01172 6.14345 0.406468  4.77932  
6.14405 6.64482 0.80211  4.41553  
8.03087 5.86556 0.802711  3.97543  
6.59915 5.41339 0.976014  4.44221  
6.56925 5.29706 1.37546  4.03358  
6.50897 5.61314 0.00631209  3.4707  
0.41228 0.358702 2.72071  0.0139427  
0.400809 0.367118 5.65563e-12  1.8039  
0.0010544 1.00011 0.990307  0.00507877  
0.404261 0.364308 1.29251  0.0160629  
0.385524 0.379456 1.31079  0.0218097  
0.915365 0.0439148 1.31234  0.0131924  
0.806408 0.102053 1.31369  0.0162078  
0.892624 0.0563536 1.3519  0.0324906  
0.39734 0.369684 1.36173  0.032213  
0.98843 0.00596257 1.36391  0.0239473  
0.917508 0.0421714 1.3642  0.0132748  
1.70844e-09 1.36734 1.38329  0.0189878  
0.87138 0.0675332 1.78217  0.211513  
0.350754 0.408374 1.70818  0.229479  
0.338822 0.418113 1.6869  0.23155  
0.902142 0.0511262 1.78782  0.258793  
0.288738 0.46276 1.65449  0.286392  
0.996542 0.00177964 1.5141  0.284399  
0.402923 0.365496 1.59943  0.32257  
0.843816 0.0825909 1.39047  0.321395  
0.924473 0.0385662 1.38276  0.321948  
0.966291 0.0170431 1.37293  0.336829  
0.970169 0.0156638 1.19828  0.325465  
0.830346 0.0928417 0.999548  0.319565  
0.266652 0.483963 0.999141  0.297655  
0.977117 0.0115659 0.999626  0.315277  
0.981284 0.00972984 0.976091  0.322793  
0.933727 0.0349076 0.997923  0.330007  
0.836903 0.0852243 0.997935  0.355317  
0.858379 0.0744018 0.983866  0.380163  
0.41473 0.357365 0.984024  0.402937  
0.955897 0.0223384 0.983894  0.416779  
0.962243 0.019493 0.984024  0.410924  
0.936469 0.0326039 0.984379  0.440739  
0.929071 0.0361494 0.984463  0.433649  
0.943613 0.0286594 0.984761  0.436457  
0.376002 0.388098 0.986219  0.50632  
0.407837 0.361475 0.997994  0.544024  
0.951039 0.0248211 0.999096  0.373064  
0.783617 0.114897 0.7161  0.443705  
0.895516 0.0545193 1.04951  0.506469  
0.99239 0.00398206 0.717388  0.483541  
0.972774 0.0137685 0.669106  0.478511  
0.372626 0.390539 0.654134  0.492929  
0.344722 0.412897 0.653722  0.499446  
0.394027 0.372876 0.971651  0.773471  
0.905771 0.0486499 0.980531  0.815358  
0.380854 0.38349 0.804803  0.762552  
0.388929 0.376597 0.827525  0.74504  
0.260441 0.490038 0.794833  0.752648  
0.318058 0.436403 0.800455  0.779396  
0.794354 0.108889 0.778286  0.7939  
0.910971 0.0455845 0.766085  0.845155  
0.329493 0.426491 0.74273  0.836725  
0.319858 0.43456 0.718043  0.833133  
0.87553 0.0647509 0.705982  0.846345  
0.395657 0.371374 0.686961  0.861709  
0.922288 0.0402552 0.668316  0.875397  
0.268192 0.482185 0.653722  0.889519  
0.877895 0.0633362 0.650802  0.905148  
0.287906 0.464139 0.653722  0.907177  
0.883095 0.0603318 0.653722  0.911218  
0.379008 0.385351 0.654134  0.888876  
0.886413 0.0585841 0.653722  1.094  
0.941043 0.030586 0.27214  0.479145  
0.984959 0.00778206 0.40125  0.762552  
0.999986 0.000113824 0.399868  0.771832  
0.898362 0.0525899 0.521065  1.2523  
0.25746 0.493186 0.395595  1.18759  
0.311658 0.442075 0.399868  1.17396  
0.352771 0.406139 0.399868  1.17198  
0.569276 0.246279 0.427474  1.16854  
0.948466 0.0265513 0.318003  0.843817  
0.291251 0.460443 0.309309  0.843973  
0.263371 0.487004 0.40125  1.16488  
0.356729 0.403353 0.284765  0.86167  
0.959815 0.0205159 0.27214  0.878261  
0.347603 0.410687 0.258347  0.88939  
0.33649 0.420078 0.25042  0.897038  
0.863559 0.0713964 0.318003  1.24113  
0.313006 0.440589 0.309309  1.2448  
0.355664 0.404291 0.284765  1.26878  
0.340777 0.416561 0.27214  1.27487  
0.283094 0.468377 0.258347  1.28485  
0.279853 0.472397 0.25042  1.31252  
0.304376 0.449041 0.25042  1.35616  
0.321731 0.432903 0.25042  1.43145  
0.296053 0.456172 0.25042  1.59489  
0.274149 0.476603 0.25042  1.75672  
0.299385 0.453429 0.205906  1.7981  
0.383053 0.381322 0.200005  2.20644  
0.851133 0.0785182 0.200081  2.20124  
0.308861 0.445567 0.201192  2.3021  
0.284765 0.466558 1.10767e-08  2.49949  
0.294354 0.457671 1.96048e-12  2.20425  
0.276878 0.473853 0.00540193  2.1982  
0.390774 0.375122 5.82523e-10  2.01203  
0.27214 0.478432 0.0165798  1.81905  
0.316292 0.437644 6.67747e-09  1.81163  
0.25042 0.502335 1.38968e-10  1.80491  
0.797395 0.107121 0.999899  9.74945e-05  
0.400809 0.367118 5.58443e-05  1.20003  
3.84283e-05 1 0.989963  0.00507681  
0.175228 0.581406 0.970341  0.0150091  
0.387019 0.377896 0.950977  0.0248676  
0.739696 0.139997 0.932309  0.0344685  
0.806408 0.102053 0.914526  0.0437541  
0.616193 0.215052 0.898767  0.0520642  
0.180149 0.575602 0.898767  0.0520642  
0.282403 0.468656 0.898767  0.0520642  
0.714833 0.154571 0.898767  0.0520642  
0.770259 0.122439 0.898767  0.0520642  
0.687607 0.170827 0.898767  0.0520642  
0.330712 0.424955 0.898767  0.0520642  
0.192624 0.561125 0.898767  0.0520642  
0.992121 0.0039759 0.898767  0.0520642  
0.288738 0.46276 0.898767  0.0520642  
0.247255 0.50284 0.898767  0.0520642  
0.237537 0.512629 0.877056  0.177542  
0.241878 0.508278 0.877056  0.177542  
0.9247 0.0384681 0.877056  0.177542  
0.774437 0.120022 0.831532  0.206376  
0.259523 0.490619 0.817976  0.214948  
0.829022 0.0895111 0.806336  0.221851  
0.221501 0.529381 0.591736  0.230838  
0.873278 0.0655353 0.591736  0.230838  
0.980286 0.00990918 0.591736  0.230838  
0.903435 0.0495543 0.591736  0.230838  
0.837488 0.0849445 0.591736  0.230838  
0.857801 0.0739989 0.591736  0.230838  
0.41473 0.357365 0.591736  0.230873  
0.227928 0.522664 0.591736  0.230873  
0.708113 0.158512 0.591736  0.230873  
0.938917 0.0310331 0.591736  0.230873  
0.360314 0.399754 0.591736  0.230873  
0.661021 0.187026 0.591736  0.230873  
0.7924 0.109994 0.591736  0.230873  
0.407837 0.361475 0.591736  0.230873  
0.701235 0.162654 0.591736  0.230873  
0.780299 0.116691 0.591736  0.230873  
0.372407 0.389892 0.588398  0.381367  
0.61982 0.212818 0.572718  0.389892  
0.972615 0.0137877 0.569725  0.392181  
0.749222 0.134503 0.551817  0.40693  
0.917714 0.0421777 0.541897  0.415305  
0.216537 0.534735 0.530793  0.424938  
0.341886 0.415307 0.524491  0.4304  
0.253624 0.496426 0.50807  0.445014  
0.36691 0.394307 0.496034  0.456303  
0.265433 0.484809 0.487917  0.463591  
0.319 0.435207 0.480405  0.471475  
0.277737 0.472998 0.476123  0.474553  
0.910297 0.0459245 0.461333  0.492655  
0.999899 9.74945e-05 0.449495  0.501325  
0.182664 0.5727 0.248708  0.501325  
0.199245 0.553728 0.248708  0.501325  
0.395657 0.371374 0.248708  0.501325  
0.786637 0.113153 0.248708  0.501325  
0.957509 0.0215184 0.248708  0.501325  
0.169453 0.588394 0.248708  0.501325  
0.589652 0.232166 0.248708  0.501325  
0.883095 0.0603318 0.248708  0.501325  
0.863527 0.0708779 0.248708  0.501325  
0.814584 0.0975829 0.248708  0.501325  
0.210606 0.541852 0.248708  0.501325  
0.821679 0.0935455 0.248708  0.501325  
0.672293 0.180072 0.248708  0.501325  
0.893609 0.0547427 0.248708  0.501325  
0.697327 0.165028 0.248708  0.501325  
0.68085 0.174968 0.248708  0.501325  
0.307264 0.445733 0.248708  0.501325  
0.569276 0.246279 0.248708  0.501325  
0.95004 0.0253245 0.248708  0.501325  
0.378482 0.384796 0.248708  0.501325  
0.755799 0.130689 0.247362  0.703165  
0.355048 0.404192 0.230211  0.721237  
0.311754 0.441677 0.22793  0.722613  
0.347819 0.41024 0.226618  0.724499  
0.33649 0.420078 0.186152  0.768698  
0.18818 0.566466 0.186152  0.768698  
0.304074 0.448611 0.186152  0.768698  
0.844646 0.0809976 0.180174  0.775566  
0.724972 0.14866 0.170531  0.787206  
0.654088 0.191312 0.169453  0.795769  
0.76349 0.126251 0.169453  0.795769  
0.324486 0.430372 0.169453  0.795769  
0.605891 0.221822 0.000178464  1.00002  
0.295079 0.456857 0.000178464  1.00002  
0.642206 0.198662 0.000178464  1.00002  
0.299035 0.453168 0.000178464  1.00002  
0.38209 0.381869 0.000178464  1.00002  
0.850371 0.07794 0.000178464  1.00002  
0.204847 0.547408 0.000178464  1.00002  
0.733089 0.143882 0.000178464  1.00002  
0.234274 0.516058 0.000178464  1.00002  
0.93172 0.034775 0.000178464  1.00002  
0.629708 0.206685 0.000178464  1.00002  
0.27214 0.478432 0.000178464  1.00002  
0.596477 0.227739 0.000178464  1.00002  
0.965529 0.017459 0.000178464  1.00002  
