6.67974 4.94042 6.67974  4.94042  
5.43857 4.32294 5.43857  4.32294  
7.35041 5.15291 7.35041  5.15291  
5.86616 4.46398 5.86616  4.46398  
7.72176 4.22077 7.72176  4.22077  
6.27493 6.66422 6.27493  6.66422  
7.91193 5.90476 7.91193  5.90476  
5.35427 6.28708 5.35427  6.28708  
6.57148 5.39588 6.57148  5.39588  
7.07705 5.54692 7.07705  5.54692  
6.96833 4.86018 6.96833  4.86018  
6.70994 6.37878 6.70994  6.37878  
6.21732 6.18943 6.21732  6.18943  
6.2414 5.32451 6.2414  5.32451  
5.55739 5.29908 5.55739  5.29908  
6.17516 5.87751 6.17516  5.87751  
5.36378 5.12125 5.36378  5.12125  
6.03195 5.85863 6.03195  5.85863  
5.76276 5.6969 5.76276  5.6969  
7.44236 7.4234 7.44236  7.4234  
7.29319 5.3043 7.29319  5.3043  
7.15419 5.81065 7.15419  5.81065  
6.78893 4.81836 6.78893  4.81836  
5.34787 4.93843 5.34787  4.93843  
5.69786 5.78271 5.69786  5.78271  
7.81975 7.47986 7.81975  7.47986  
5.75283 6.82013 5.75283  6.82013  
7.00363 5.29563 7.00363  5.29563  
5.36367 4.5894 5.36367  4.5894  
6.22055 4.60695 6.22055  4.60695  
4.68674 5.98598 4.68674  5.98598  
6.28825 5.89607 6.28825  5.89607  
6.25618 5.9257 6.25618  5.9257  
6.05567 5.68137 6.05567  5.68137  
7.85245 6.72093 7.85245  6.72093  
5.67351 6.79391 5.67351  6.79391  
5.77834 5.19217 5.77834  5.19217  
7.40386 4.89746 7.40386  4.89746  
6.07649 6.01445 6.07649  6.01445  
7.5041 6.1294 7.5041  6.1294  
6.33365 4.99774 6.33365  4.99774  
6.68041 5.88954 6.68041  5.88954  
6.81084 5.73522 6.81084  5.73522  
5.968 4.35587 5.968  4.35587  
5.97847 4.96559 5.97847  4.96559  
5.74208 4.88989 5.74208  4.88989  
7.83997 5.57753 7.83997  5.57753  
6.39397 6.0571 6.39397  6.0571  
4.9693 7.58634 4.9693  7.58634  
5.75252 4.18909 5.75252  4.18909  
6.40217 5.82662 6.40217  5.82662  
7.49785 5.21588 7.49785  5.21588  
6.28694 5.66017 6.28694  5.66017  
6.41106 6.94851 6.41106  6.94851  
5.76139 5.7652 5.76139  5.7652  
5.41227 7.35546 5.41227  7.35546  
6.38295 6.39932 6.38295  6.39932  
7.10155 5.54165 7.10155  5.54165  
6.95513 5.06018 6.95513  5.06018  
7.10206 6.7738 7.10206  6.7738  
5.30347 6.23611 5.30347  6.23611  
5.93122 4.18256 5.93122  4.18256  
6.41106 6.74078 6.41106  6.74078  
5.73654 6.56764 5.73654  6.56764  
6.34107 6.70964 6.34107  6.70964  
6.14077 5.58677 6.14077  5.58677  
4.97127 4.44549 4.97127  4.44549  
6.19909 5.85713 6.19909  5.85713  
7.51842 6.74007 7.51842  6.74007  
7.33767 5.29784 7.33767  5.29784  
5.92202 6.21795 5.92202  6.21795  
6.56135 6.43371 6.56135  6.43371  
6.27066 5.73811 6.27066  5.73811  
7.36694 7.10406 7.36694  7.10406  
6.66147 5.02455 6.66147  5.02455  
5.88095 5.04527 5.88095  5.04527  
5.63884 6.20507 5.63884  6.20507  
7.44098 5.36774 7.44098  5.36774  
8.04597 6.65237 8.04597  6.65237  
6.26651 5.76246 6.26651  5.76246  
6.29956 6.54168 6.29956  6.54168  
6.23321 5.06118 6.23321  5.06118  
6.47615 7.64232 6.47615  7.64232  
4.75737 5.34277 4.75737  5.34277  
6.53931 5.89055 6.53931  5.89055  
5.51342 4.9363 5.51342  4.9363  
7.99635 5.66002 7.99635  5.66002  
6.38681 6.24391 6.38681  6.24391  
6.62218 5.14887 6.62218  5.14887  
5.73859 5.82602 5.73859  5.82602  
7.13761 6.00279 7.13761  6.00279  
5.85116 5.72706 5.85116  5.72706  
6.26689 5.08763 6.26689  5.08763  
7.08535 4.67133 7.08535  4.67133  
6.74971 5.19128 6.74971  5.19128  
7.56419 4.62676 7.56419  4.62676  
6.24352 8.33164 6.24352  8.33164  
5.96305 5.78169 5.96305  5.78169  
7.1158 6.56053 7.1158  6.56053  
6.46694 7.36058 6.46694  7.36058  
