7.58665 11.7262 7.58665  11.7262  
14.2655 19.3296 14.2655  19.3296  
11.7661 7.54444 11.7661  7.54444  
17.4675 10.4246 17.4675  10.4246  
14.7057 13.6887 14.7057  13.6887  
8.79407 9.37617 8.79407  9.37617  
9.79292 14.4903 9.79292  14.4903  
11.0158 7.3819 11.0158  7.3819  
7.62612 5.89045 7.62612  5.89045  
18.8812 23.7819 18.8812  23.7819  
19.8283 17.1108 19.8283  17.1108  
8.38393 7.13688 8.38393  7.13688  
25.3143 23.6896 25.3143  23.6896  
17.4879 21.78 17.4879  21.78  
21.4054 19.4298 21.4054  19.4298  
30.8681 24.0201 30.8681  24.0201  
17.5843 12.8723 17.5843  12.8723  
26.6382 14.9555 26.6382  14.9555  
15.2494 15.3763 15.2494  15.3763  
27.9064 26.1659 27.9064  26.1659  
16.9573 19.2797 16.9573  19.2797  
21.6612 14.1919 21.6612  14.1919  
12.297 16.4992 12.297  16.4992  
7.65153 6.77271 7.65153  6.77271  
19.7062 19.4415 19.7062  19.4415  
7.5151 7.54312 7.5151  7.54312  
19.736 19.756 19.736  19.756  
24.6384 23.2026 24.6384  23.2026  
15.9112 19.5466 15.9112  19.5466  
10.9545 12.3205 10.9545  12.3205  
22.062 11.5586 22.062  11.5586  
13.7374 9.40344 13.7374  9.40344  
12.1352 13.7098 12.1352  13.7098  
12.1182 8.5458 12.1182  8.5458  
12.7881 12.4785 12.7881  12.4785  
11.0951 9.67158 11.0951  9.67158  
26.0478 25.2963 26.0478  25.2963  
8.47826 9.56085 8.47826  9.56085  
10.0011 6.87899 10.0011  6.87899  
14.063 14.3669 14.063  14.3669  
20.2042 13.399 20.2042  13.399  
28.6836 22.5777 28.6836  22.5777  
9.21535 9.02373 9.21535  9.02373  
23.7453 28.557 23.7453  28.557  
20.5333 18.9468 20.5333  18.9468  
14.865 11.1963 14.865  11.1963  
12.5527 19.3664 12.5527  19.3664  
9.45689 12.0142 9.45689  12.0142  
21.3878 15.9887 21.3878  15.9887  
9.06492 9.01418 9.06492  9.01418  
10.0518 9.75889 10.0518  9.75889  
8.0142 8.6547 8.0142  8.6547  
8.31604 7.50041 8.31604  7.50041  
8.69888 9.57672 8.69888  9.57672  
18.921 25.0705 18.921  25.0705  
22.5039 18.7259 22.5039  18.7259  
22.8918 24.5468 22.8918  24.5468  
15.28 14.201 15.28  14.201  
9.68086 11.6205 9.68086  11.6205  
21.3651 22.0944 21.3651  22.0944  
13.3931 9.97694 13.3931  9.97694  
10.5686 18.9974 10.5686  18.9974  
18.4654 24.6578 18.4654  24.6578  
19.5544 15.7087 19.5544  15.7087  
14.7237 8.23863 14.7237  8.23863  
25.7125 16.4252 25.7125  16.4252  
16.579 13.6527 16.579  13.6527  
31.3419 23.6013 31.3419  23.6013  
18.3629 20.9282 18.3629  20.9282  
16.6553 11.8216 16.6553  11.8216  
8.12302 9.41783 8.12302  9.41783  
10.9992 9.16104 10.9992  9.16104  
21.4171 20.5498 21.4171  20.5498  
15.5555 17.684 15.5555  17.684  
19.3108 15.5661 19.3108  15.5661  
11.2245 7.1202 11.2245  7.1202  
12.1684 14.4939 12.1684  14.4939  
13.8756 11.8796 13.8756  11.8796  
19.3501 16.1193 19.3501  16.1193  
22.2951 16.8708 22.2951  16.8708  
21.0127 26.0335 21.0127  26.0335  
23.7489 26.03 23.7489  26.03  
21.6984 26.8577 21.6984  26.8577  
10.1922 8.91334 10.1922  8.91334  
21.6305 13.6024 21.6305  13.6024  
14.6837 20.6779 14.6837  20.6779  
19.0124 15.2448 19.0124  15.2448  
16.522 14.6034 16.522  14.6034  
19.4945 17.529 19.4945  17.529  
11.5797 10.7197 11.5797  10.7197  
7.59381 7.99824 7.59381  7.99824  
16.9044 18.0253 16.9044  18.0253  
15.3979 9.47763 15.3979  9.47763  
21.1582 11.4295 21.1582  11.4295  
25.6837 17.755 25.6837  17.755  
10.2708 10.4602 10.2708  10.4602  
18.0085 25.7392 18.0085  25.7392  
11.5373 12.4411 11.5373  12.4411  
19.2824 24.3943 19.2824  24.3943  
21.7035 23.3955 21.7035  23.3955  
0.575733 0.351641 10.444  23.7886  
0.572115 0.747443 7.27005  7.76595  
0.994048 0.0529169 0.994048  0.0529169  
0.574279 0.608662 11.5822  4.1685  
0.754746 0.348722 8.19574  7.57175  
0.56066 0.962949 11.3405  5.44346  
10.444 23.7886 11.7521  6.26071  
1.24164 0.0515458 9.80427  6.46646  
0.573441 0.621995 14.4415  10.0022  
0.774965 0.346174 14.4446  7.89218  
0.830141 0.344809 9.97322  7.27246  
8.81863 7.27438 9.65155  6.77094  
1.06051 0.280296 10.0185  6.17399  
1.04229 0.32495 11.4298  6.0446  
20.73 7.17022 9.06109  6.02871  
29.6074 10.8625 11.9751  5.99517  
17.5843 12.8723 11.3012  5.7798  
26.6382 14.9555 17.9205  3.29941  
15.2494 15.3763 10.4248  5.76752  
27.9064 26.1659 16.6682  3.4868  
16.9573 19.2797 11.2384  5.65995  
21.6612 14.1919 9.5734  5.60587  
12.297 16.4992 14.9453  3.8544  
7.65153 6.77271 15.4664  4.23506  
19.7062 19.4415 10.5757  5.50762  
7.5151 7.54312 14.284  4.37411  
19.736 19.756 16.1158  4.99999  
24.6384 23.2026 11.5638  3.90707  
15.9112 19.5466 12.9334  5.35056  
10.9545 12.3205 12.5841  5.09071  
22.062 11.5586 11.0839  4.4659  
13.7374 9.40344 10.173  4.30442  
12.1352 13.7098 9.76452  4.22749  
12.1182 8.5458 11.6491  5.3432  
12.7881 12.4785 7.63613  3.56274  
11.0951 9.67158 9.81959  4.84071  
26.0478 25.2963 9.39949  5.35818  
8.47826 9.56085 9.01887  4.89038  
10.0011 6.87899 9.37944  5.1124  
14.063 14.3669 8.97721  5.44841  
20.2042 13.399 8.44002  5.19079  
28.6836 22.5777 8.19723  5.20076  
9.21535 9.02373 8.2954  5.45388  
23.7453 28.557 7.61098  5.29053  
20.5333 18.9468 7.99765  5.63409  
14.865 11.1963 8.3807  6.22287  
12.5527 19.3664 6.52369  5.02119  
9.45689 12.0142 7.71875  6.25536  
21.3878 15.9887 7.20476  6.04941  
9.06492 9.01418 6.71205  5.83684  
10.0518 9.75889 7.61539  7.47942  
8.0142 8.6547 4.19264  3.74375  
8.31604 7.50041 5.91389  5.7347  
8.69888 9.57672 6.90637  7.08098  
18.921 25.0705 6.31595  6.66459  
22.5039 18.7259 7.1995  8.07025  
22.8918 24.5468 6.49305  7.49256  
15.28 14.201 4.35264  5.06581  
9.68086 11.6205 6.34177  7.89333  
21.3651 22.0944 6.46531  8.68029  
13.3931 9.97694 6.13656  8.32873  
10.5686 18.9974 5.87831  8.22367  
18.4654 24.6578 5.27813  7.86095  
19.5544 15.7087 6.56372  9.39264  
14.7237 8.23863 4.55437  7.28588  
25.7125 16.4252 5.88174  9.78636  
16.579 13.6527 4.97385  8.68502  
31.3419 23.6013 5.49083  10.0698  
18.3629 20.9282 6.26667  11.8836  
16.6553 11.8216 5.03077  10.0285  
8.12302 9.41783 5.09525  10.9511  
10.9992 9.16104 4.79834  10.3157  
21.4171 20.5498 4.64088  10.4916  
15.5555 17.684 4.16378  9.71965  
19.3108 15.5661 4.67007  12.0071  
11.2245 7.1202 5.2466  13.9197  
12.1684 14.4939 5.58508  12.6042  
13.8756 11.8796 4.17994  12.1095  
19.3501 16.1193 4.8747  15.6058  
22.2951 16.8708 4.7634  15.8319  
21.0127 26.0335 5.86192  12.979  
23.7489 26.03 4.43407  17.3049  
21.6984 26.8577 6.00738  13.3308  
10.1922 8.91334 6.76836  8.63125  
21.6305 13.6024 7.02778  13.5127  
14.6837 20.6779 7.20267  9.20947  
19.0124 15.2448 7.54519  8.89838  
16.522 14.6034 7.86369  9.8876  
19.4945 17.529 7.95213  11.8134  
11.5797 10.7197 8.28211  9.61238  
7.59381 7.99824 9.05487  10.5365  
16.9044 18.0253 9.84498  21.9931  
15.3979 9.47763 14.6906  15.8398  
21.1582 11.4295 16.9936  23.2019  
25.6837 17.755 0.575733  0.351641  
10.2708 10.4602 5.63485  8.85475  
18.0085 25.7392 7.71793  8.39826  
11.5373 12.4411 9.38657  4.55176  
19.2824 24.3943 7.7727  14.6348  
21.7035 23.3955 7.10624  8.51631  
0.490853 0.321975 13.7017  7.64735  
0.986183 0.0299072 8.97516  3.48438  
1.70365 0.0243725 12.5097  6.98013  
0.283908 1.31806 0.986183  0.0321128  
0.441092 1.22823 8.21546  5.88683  
0.283908 1.63352 7.54346  4.85307  
0.282467 2.26805 7.65906  4.64693  
0.283771 1.70787 8.9044  4.55646  
0.985413 0.312666 8.9252  4.30169  
0.1347 2.49805 13.9218  3.51632  
13.7017 7.66182 10.967  3.38492  
8.86363 8.5956 10.1862  3.06634  
8.69749 4.937 10.7813  2.51773  
1.04229 0.32495 14.1225  1.98354  
20.73 7.17022 13.2376  1.97128  
29.6074 10.8625 11.0302  1.748  
17.5843 12.8723 11.1684  1.93831  
26.6382 14.9555 9.56588  1.77793  
15.2494 15.3763 10.8575  2.24658  
27.9064 26.1659 9.00736  1.95204  
16.9573 19.2797 7.29264  1.62153  
21.6612 14.1919 8.50955  2.076  
12.297 16.4992 8.60703  2.0885  
7.65153 6.77271 8.89034  2.4781  
19.7062 19.4415 8.23901  2.35516  
7.5151 7.54312 6.74013  2.10652  
19.736 19.756 9.50738  3.28421  
24.6384 23.2026 9.47585  3.24346  
15.9112 19.5466 6.15826  2.2566  
10.9545 12.3205 7.92787  3.08501  
22.062 11.5586 7.5943  3.05814  
13.7374 9.40344 6.37673  2.71992  
12.1352 13.7098 8.33429  3.26554  
12.1182 8.5458 6.63863  3.05814  
12.7881 12.4785 7.45942  3.62254  
11.0951 9.67158 7.3981  3.69739  
26.0478 25.2963 7.50164  3.69092  
8.47826 9.56085 7.6562  4.08713  
10.0011 6.87899 2.83384  1.63214  
14.063 14.3669 6.12936  3.71602  
20.2042 13.399 4.49486  2.83647  
28.6836 22.5777 6.95752  4.58532  
9.21535 9.02373 7.229  4.87141  
23.7453 28.557 6.04414  4.36327  
20.5333 18.9468 6.08158  4.57175  
14.865 11.1963 5.91015  4.79281  
12.5527 19.3664 0.490853  0.321975  
9.45689 12.0142 5.82743  4.94406  
21.3878 15.9887 5.55079  5.05919  
9.06492 9.01418 5.34143  5.038  
10.0518 9.75889 4.50802  4.34647  
8.0142 8.6547 4.9873  4.97463  
8.31604 7.50041 3.92104  4.06028  
8.69888 9.57672 3.66031  3.8751  
18.921 25.0705 5.15883  6.082  
22.5039 18.7259 4.96397  5.82071  
22.8918 24.5468 3.76728  4.57595  
15.28 14.201 5.01458  6.33374  
9.68086 11.6205 3.78031  4.98495  
21.3651 22.0944 4.49236  6.17505  
13.3931 9.97694 4.55575  6.56593  
10.5686 18.9974 4.94769  7.68322  
18.4654 24.6578 4.54984  7.23617  
19.5544 15.7087 3.85061  6.33128  
14.7237 8.23863 3.88148  6.73666  
25.7125 16.4252 3.648  6.45344  
16.579 13.6527 3.73044  6.94518  
31.3419 23.6013 3.742  7.2086  
18.3629 20.9282 2.95014  6.04318  
16.6553 11.8216 3.14962  6.63773  
8.12302 9.41783 2.90552  6.47439  
10.9992 9.16104 3.22727  7.63347  
21.4171 20.5498 2.65025  6.51322  
15.5555 17.684 3.00691  7.74383  
19.3108 15.5661 2.99967  8.21124  
11.2245 7.1202 2.20019  6.17771  
12.1684 14.4939 2.49779  7.37787  
13.8756 11.8796 2.07906  6.65321  
19.3501 16.1193 2.79158  9.51521  
22.2951 16.8708 2.68469  9.91967  
21.0127 26.0335 2.14196  8.09619  
23.7489 26.03 1.8635  7.72931  
21.6984 26.8577 2.45332  10.6941  
10.1922 8.91334 2.0432  9.61342  
21.6305 13.6024 1.99903  10.0317  
14.6837 20.6779 1.90413  10.2795  
19.0124 15.2448 1.98367  11.2978  
16.522 14.6034 2.45013  13.4292  
19.4945 17.529 2.5272  11.1314  
11.5797 10.7197 0.288033  1.31806  
7.59381 7.99824 2.55205  11.2966  
16.9044 18.0253 2.81077  11.5168  
15.3979 9.47763 2.86164  10.4511  
21.1582 11.4295 2.89774  10.5349  
25.6837 17.755 3.39323  11.1282  
10.2708 10.4602 3.78261  13.3493  
18.0085 25.7392 3.84146  9.97595  
11.5373 12.4411 4.11688  10.5576  
19.2824 24.3943 4.42741  11.1254  
21.7035 23.3955 4.71742  10.9948  
0.05717 1.05781 10.644  0.730719  
1.58985 0.0217876 1.21776  7.14288  
0.984711 0.0233622 0.984711  0.025674  
0.490356 0.320107 14.0476  0.247203  
0.486201 0.5208 7.6668  0.217548  
0.368333 0.559411 8.01423  0.317289  
0.0475504 1.24502 4.35734  0.205813  
0.485998 0.522591 1.15172  0.0857348  
0.984297 0.259038 4.25614  0.317289  
0.263707 1.05623 4.4619  0.330262  
0.285611 1.03253 4.28868  0.396224  
0.984601 0.235688 4.28271  0.471222  
0.489819 0.330257 3.75525  0.468636  
0.910325 0.300476 4.21701  0.557307  
0.842045 0.317289 4.35504  0.618369  
0.35405 0.561379 4.58837  0.730719  
10.8474 1.06404 3.5313  0.617378  
26.6382 14.9555 3.46945  0.662513  
15.2494 15.3763 4.27377  0.763439  
27.9064 26.1659 3.20138  0.705016  
16.9573 19.2797 7.83415  1.49212  
21.6612 14.1919 4.32651  1.0437  
12.297 16.4992 4.48866  1.15015  
7.65153 6.77271 4.51973  1.17556  
19.7062 19.4415 4.41782  1.33361  
7.5151 7.54312 4.66506  1.38903  
19.736 19.756 3.20476  1.04607  
24.6384 23.2026 2.85268  1.01785  
15.9112 19.5466 0.842045  0.317289  
10.9545 12.3205 3.68415  1.40523  
22.062 11.5586 3.12463  1.27943  
13.7374 9.40344 6.07484  2.3942  
12.1352 13.7098 4.68275  2.11243  
12.1182 8.5458 4.95335  2.31473  
12.7881 12.4785 6.40058  3.12028  
11.0951 9.67158 6.64526  3.35667  
26.0478 25.2963 4.90185  2.66059  
8.47826 9.56085 3.53907  1.98739  
10.0011 6.87899 2.25952  1.32686  
14.063 14.3669 4.38678  2.76322  
20.2042 13.399 2.82482  1.83778  
28.6836 22.5777 2.80623  1.90508  
9.21535 9.02373 0.489819  0.332907  
23.7453 28.557 3.16828  2.30499  
20.5333 18.9468 4.58781  3.65121  
14.865 11.1963 4.56397  3.59834  
12.5527 19.3664 4.4545  3.75553  
9.45689 12.0142 2.7919  2.35127  
21.3878 15.9887 4.23129  3.82178  
9.06492 9.01418 2.88888  2.7269  
10.0518 9.75889 3.43182  3.29603  
8.0142 8.6547 3.61136  3.63117  
8.31604 7.50041 2.517  2.67272  
8.69888 9.57672 3.1902  3.49564  
18.921 25.0705 3.06027  3.52372  
22.5039 18.7259 2.92676  3.46145  
22.8918 24.5468 3.47872  4.37246  
15.28 14.201 2.8967  3.8208  
9.68086 11.6205 1.83393  2.45663  
21.3651 22.0944 2.28722  3.23409  
13.3931 9.97694 3.52712  5.19982  
10.5686 18.9974 2.07642  3.18047  
18.4654 24.6578 3.37719  5.33813  
19.5544 15.7087 3.17308  5.33918  
14.7237 8.23863 0.35405  0.561379  
25.7125 16.4252 1.37394  2.4619  
16.579 13.6527 2.68966  5.30724  
31.3419 23.6013 1.73693  3.38062  
18.3629 20.9282 1.50827  3.15649  
16.6553 11.8216 1.6843  3.83753  
8.12302 9.41783 1.07656  2.45204  
10.9992 9.16104 1.39254  3.33306  
21.4171 20.5498 1.52107  4.0462  
15.5555 17.684 1.46737  3.84423  
19.3108 15.5661 1.29486  3.75853  
11.2245 7.1202 0.591216  1.64513  
12.1684 14.4939 1.21776  3.73246  
13.8756 11.8796 1.09243  3.64999  
19.3501 16.1193 1.0727  3.71079  
22.2951 16.8708 1.04942  3.74675  
21.0127 26.0335 0.920993  3.65121  
23.7489 26.03 0.885586  3.75553  
21.6984 26.8577 0.893911  3.88883  
10.1922 8.91334 0.557972  2.55725  
21.6305 13.6024 0.897897  4.57911  
14.6837 20.6779 0.89239  5.83664  
19.0124 15.2448 0.89319  5.44389  
16.522 14.6034 0.864892  5.6218  
19.4945 17.529 0.883484  7.16679  
11.5797 10.7197 0.883149  7.1428  
7.59381 7.99824 0.477262  4.14445  
16.9044 18.0253 0.815552  7.93671  
15.3979 9.47763 0.839025  7.59235  
21.1582 11.4295 0.882373  11.2346  
25.6837 17.755 0.884367  11.5828  
10.2708 10.4602 0.325273  5.91104  
18.0085 25.7392 0.879786  18.0695  
11.5373 12.4411 0.892299  13.2378  
19.2824 24.3943 0.06298  1.05781  
21.7035 23.3955 0.897897  8.11847  
0.0518779 0.912396 8.32554  0.0192402  
0.203555 0.583097 0.00394195  2.29747  
0.447259 0.337652 1.96005  0.0237868  
0.0822191 0.853131 0.980365  0.0237868  
0.29368 0.466503 0.966827  0.038993  
0.0463125 0.980754 1.01484  0.0411878  
0.778686 0.122181 1.96689  0.0407291  
0.105087 0.842036 1.94205  0.122197  
0.777885 0.146217 1.99659  0.0937163  
0.0834344 0.851608 1.43663  0.134528  
0.477384 0.318748 2.00073  0.0421072  
0.980365 0.0230324 1.32252  0.153828  
0.197341 0.595981 1.4423  0.183626  
0.966827 0.038993 1.99042  0.261975  
0.291404 0.470443 2.00411  0.224118  
0.00394195 2.29747 1.89515  0.319689  
0.981903 0.0177178 1.74679  0.337832  
0.256445 0.582978 1.68929  0.317104  
0.602674 0.317467 1.58887  0.318748  
0.050073 0.978901 1.44681  0.321786  
0.0598677 0.911789 1.44462  0.337751  
0.00406179 1.00627 1.45601  0.366582  
0.291624 0.46874 1.46707  0.337911  
0.203014 0.583343 1.47822  0.354014  
0.30831 0.46483 1.48377  0.360159  
0.981848 0.0212526 1.39886  0.470443  
4.47821 0.0156114 1.34919  0.470409  
0.00700298 1.0058 1.30105  0.470443  
0.774265 0.313994 1.31711  0.470443  
8.26549 0.22054 1.32709  0.524364  
0.981239 0.0246277 1.3307  0.470443  
0.766475 0.318812 1.24228  0.58829  
11.0813 0.220799 1.23391  0.580309  
0.0977758 0.95293 1.20983  0.583102  
0.967002 0.0475401 1.22101  0.587434  
0.220277 0.799571 0.6249  0.336666  
0.981229 0.0280505 1.22176  0.622264  
9.99491 0.224289 1.25228  0.634902  
10.0011 6.87899 1.19916  0.726136  
14.063 14.3669 1.25522  0.744062  
20.2042 13.399 0.477384  0.321786  
28.6836 22.5777 0.574703  0.39022  
9.21535 9.02373 1.11994  0.835995  
23.7453 28.557 0.447259  0.337832  
20.5333 18.9468 1.11567  0.869051  
14.865 11.1963 1.12083  0.912396  
12.5527 19.3664 1.09186  0.905969  
9.45689 12.0142 1.03653  0.912396  
21.3878 15.9887 0.894391  0.815952  
9.06492 9.01418 1.12084  0.912396  
10.0518 9.75889 1.00805  1.00627  
8.0142 8.6547 0.778641  0.802507  
8.31604 7.50041 0.966827  1.04126  
8.69888 9.57672 0.966827  1.09411  
18.921 25.0705 0.966827  1.12496  
22.5039 18.7259 0.966827  1.16642  
22.8918 24.5468 0.966826  1.21262  
15.28 14.201 0.980365  1.28226  
9.68086 11.6205 0.966032  1.31909  
21.3651 22.0944 0.857546  1.36101  
13.3931 9.97694 0.523266  1.36017  
10.5686 18.9974 0.295267  0.470443  
18.4654 24.6578 0.693879  1.34634  
19.5544 15.7087 0.776265  1.31387  
14.7237 8.23863 0.746505  1.31969  
25.7125 16.4252 0.692001  1.29116  
16.579 13.6527 0.6249  1.33043  
31.3419 23.6013 0.65091  1.32329  
18.3629 20.9282 0.6249  1.32305  
16.6553 11.8216 0.592916  1.33681  
8.12302 9.41783 0.55024  1.35504  
10.9992 9.16104 0.536127  1.32523  
21.4171 20.5498 0.447569  1.352  
15.5555 17.684 0.483801  1.3436  
19.3108 15.5661 0.203014  0.583343  
11.2245 7.1202 0.447259  1.31066  
12.1684 14.4939 0.447259  1.40709  
13.8756 11.8796 0.447259  1.50309  
19.3501 16.1193 0.399502  1.56749  
22.2951 16.8708 0.353094  1.54768  
21.0127 26.0335 0.369568  1.49141  
23.7489 26.03 0.345153  1.48424  
21.6984 26.8577 0.308938  1.46994  
10.1922 8.91334 0.258878  1.34445  
21.6305 13.6024 0.295267  1.5067  
14.6837 20.6779 0.291404  1.61671  
19.0124 15.2448 0.201756  1.60233  
16.522 14.6034 0.223687  1.56708  
19.4945 17.529 0.20521  1.59133  
11.5797 10.7197 0.202351  1.73728  
7.59381 7.99824 0.203014  1.84473  
16.9044 18.0253 0.0834344  0.852822  
15.3979 9.47763 0.155873  1.88975  
21.1582 11.4295 0.133895  1.90845  
25.6837 17.755 0.0518779  0.912396  
10.2708 10.4602 0.0834344  1.86759  
18.0085 25.7392 0.068621  1.94712  
11.5373 12.4411 0.0519214  1.93603  
19.2824 24.3943 0.0235608  1.99361  
21.7035 23.3955 0.00700298  1.0058  
0.0287185 0.884507 11.8613  0.00503741  
0.111875 0.667274 0.00343812  6.50115  
0.444673 0.335133 1.00417  0.00618951  
0.0592605 0.822412 1.00417  0.00618951  
0.292521 0.465013 0.98022  0.0255095  
1.00417 0.00618951 0.98022  0.0255095  
0.777745 0.122821 0.98022  0.0255095  
0.00208514 1.14013 0.98022  0.0255095  
0.111322 0.668826 0.98022  0.0255095  
0.115481 0.66709 0.876024  0.0817523  
0.0340853 0.882618 0.876024  0.0817523  
0.965943 0.0320242 0.876024  0.0817523  
0.190173 0.584838 0.876024  0.0817523  
0.635096 0.220994 0.876024  0.0817523  
0.291404 0.470443 0.777872  0.122242  
0.0581657 0.825983 0.777872  0.122242  
0.981903 0.0177178 0.777872  0.122242  
0.00731768 1.00548 0.777872  0.122242  
0.111279 0.677718 0.777872  0.122242  
0.444523 0.338365 0.777872  0.122242  
0.635497 0.214789 0.777872  0.122242  
0.00406179 1.00627 0.777872  0.122242  
0.291624 0.46874 0.777872  0.122242  
0.191473 0.57217 0.637884  0.212149  
0.296018 0.46252 0.637884  0.212149  
0.981848 0.0212526 0.637884  0.212149  
0.295136 0.46279 0.637884  0.212149  
0.473775 0.318702 0.637884  0.212149  
0.507368 0.300349 0.637884  0.228524  
0.634493 0.224649 0.637884  0.228524  
0.876673 0.0784383 0.637884  0.228524  
0.71018 0.211171 0.637884  0.228524  
0.877481 0.0720164 0.637884  0.228524  
0.634409 0.248469 0.52154  0.293397  
0.98022 0.021775 0.52154  0.293397  
0.334853 0.462141 0.52154  0.293397  
0.877393 0.0728413 0.52154  0.293397  
0.876758 0.075348 0.52154  0.293397  
0.778147 0.118753 0.507368  0.300349  
0.342833 0.461772 0.507368  0.300349  
11.8623 0.0141117 0.473775  0.319325  
0.96502 0.0366852 0.473775  0.319325  
0.52154 0.293397 0.473775  0.319325  
0.637159 0.211582 0.444523  0.338365  
0.876024 0.079607 0.444523  0.338365  
0.448794 0.333652 0.444523  0.338365  
0.77773 0.125489 0.444523  0.338365  
0.141068 0.667089 0.444523  0.338365  
0.778028 0.119666 0.444523  0.338365  
0.965022 0.0343494 0.444523  0.338365  
0.191428 0.57327 0.444523  0.338365  
0.569275 0.290101 0.444523  0.338365  
0.277332 0.572167 0.298152  0.46252  
1.00435 0.005462 0.298152  0.46252  
0.320613 0.462446 0.298152  0.46252  
0.444525 0.336184 0.298152  0.46252  
1.23303 0.00141013 0.298152  0.46252  
7.91963 0.00503741 0.298152  0.46252  
9.68086 11.6205 0.298152  0.46252  
21.3651 22.0944 0.298152  0.46252  
13.3931 9.97694 0.298152  0.46252  
10.5686 18.9974 0.298152  0.46252  
18.4654 24.6578 0.298152  0.46252  
19.5544 15.7087 0.298152  0.46252  
14.7237 8.23863 0.298152  0.46252  
25.7125 16.4252 0.298152  0.46252  
16.579 13.6527 0.298152  0.46252  
31.3419 23.6013 0.191473  0.57217  
18.3629 20.9282 0.191473  0.57217  
16.6553 11.8216 0.191473  0.57217  
8.12302 9.41783 0.191473  0.57217  
10.9992 9.16104 0.191473  0.57217  
21.4171 20.5498 0.191473  0.57217  
15.5555 17.684 0.191473  0.57217  
19.3108 15.5661 0.191473  0.57217  
11.2245 7.1202 0.191473  0.57217  
12.1684 14.4939 0.191473  0.57217  
13.8756 11.8796 0.191473  0.57217  
19.3501 16.1193 0.116687  0.66709  
22.2951 16.8708 0.116687  0.66709  
21.0127 26.0335 0.116687  0.66709  
23.7489 26.03 0.116687  0.66709  
21.6984 26.8577 0.116687  0.66709  
10.1922 8.91334 0.116687  0.66709  
21.6305 13.6024 0.116687  0.66709  
14.6837 20.6779 0.116687  0.66709  
19.0124 15.2448 0.116687  0.66709  
16.522 14.6034 0.116687  0.66709  
19.4945 17.529 0.0592605  0.822412  
11.5797 10.7197 0.0592605  0.822412  
7.59381 7.99824 0.0592605  0.822412  
16.9044 18.0253 0.0592605  0.822412  
15.3979 9.47763 0.0592605  0.822412  
21.1582 11.4295 0.0592605  0.822412  
25.6837 17.755 0.0340853  0.882618  
10.2708 10.4602 0.0340853  0.882618  
18.0085 25.7392 0.0340853  0.882618  
11.5373 12.4411 0.00666992  1.00657  
19.2824 24.3943 0.00666992  1.00657  
21.7035 23.3955 0.00666992  1.00657  
0.0280275 0.878616 1.00105  0.00067453  
0.29401 0.461366 0.000572811  1.00363  
0.0433247 0.802642 1.00049  0.00459531  
0.00969798 0.999059 0.979325  0.0155427  
0.291297 0.463483 0.979325  0.0187952  
0.393828 0.390378 0.979325  0.0278195  
0.110979 0.673302 0.97932  0.0443747  
0.112259 0.666873 0.97932  0.0443747  
0.00805687 0.999071 0.915872  0.0670266  
0.293879 0.46162 0.871331  0.0718176  
0.11138 0.670055 0.871273  0.0796652  
0.965943 0.0320242 0.871267  0.0928325  
0.0459057 0.80244 0.871267  0.0967044  
0.777644 0.172756 0.871267  0.114612  
0.183651 0.587194 0.79782  0.118379  
0.00425349 1.00023 0.777644  0.12201  
0.521007 0.280255 0.777644  0.134578  
0.290752 0.468533 0.777644  0.135614  
0.186331 0.572073 0.777644  0.135614  
0.504381 0.293516 0.777644  0.135614  
0.00571688 0.999117 0.777644  0.175536  
0.18381 0.575916 0.777644  0.191143  
0.183445 0.598222 0.777644  0.191143  
0.444367 0.336313 0.653179  0.207193  
0.39374 0.393785 0.653179  0.207193  
0.501296 0.295632 0.653179  0.207193  
0.630527 0.208151 0.628813  0.208778  
0.445939 0.333439 0.62876  0.220844  
0.188128 0.572058 0.62876  0.225866  
0.444312 0.340756 0.62876  0.225866  
0.473754 0.316721 0.62876  0.225866  
0.393666 0.394258 0.62876  0.225866  
0.185362 0.572146 0.5331  0.278486  
0.777644 0.120696 0.5331  0.278486  
0.62876 0.220844 0.5331  0.278486  
0.394148 0.386207 0.5331  0.278486  
0.398967 0.380386 0.52085  0.282543  
0.628783 0.213455 0.513444  0.293498  
0.778147 0.118753 0.501296  0.295632  
0.871267 0.0928325 0.500359  0.305286  
0.777644 0.127657 0.486967  0.315002  
0.96502 0.0366852 0.473741  0.319989  
0.628813 0.208778 0.452287  0.333439  
0.633254 0.207193 0.452287  0.333439  
0.402047 0.380334 0.444367  0.336313  
0.444378 0.334519 0.444312  0.353557  
0.521511 0.27856 0.444312  0.353557  
0.500359 0.305286 0.404094  0.380193  
0.871463 0.0687345 0.404094  0.380193  
0.965022 0.0343494 0.404094  0.380193  
0.296947 0.461365 0.394148  0.386207  
0.500594 0.297729 0.393666  0.40143  
0.871331 0.0718176 0.393666  0.403293  
1.00049 0.00459531 0.393666  0.403293  
0.000572811 1.00363 0.393666  0.403293  
0.486967 0.313861 0.297869  0.461365  
0.871273 0.0764597 0.297869  0.461365  
0.404094 0.380193 0.297869  0.461365  
0.871469 0.0684078 0.297869  0.461365  
0.79782 0.118379 0.297869  0.461365  
0.979358 0.0142402 0.297869  0.461365  
1.00105 0.00067453 0.297869  0.461365  
0.979325 0.0278195 0.290752  0.468533  
1.40268 0.186702 0.290752  0.482517  
0.473741 0.317957 0.290752  0.482517  
0.871267 0.0928497 0.290752  0.517384  
0.880837 0.0670266 0.290752  0.517384  
0.52085 0.282125 0.188128  0.572058  
0.39714 0.385532 0.188128  0.572058  
0.501296 0.296806 0.188128  0.572058  
0.979378 0.012465 0.188128  0.572058  
0.479862 0.316631 0.188128  0.572058  
0.525434 0.278486 0.188128  0.572058  
0.871413 0.072216 0.188128  0.572058  
0.979325 0.0158182 0.188128  0.572058  
0.515171 0.293498 0.188128  0.572058  
1.00107 0.000691876 0.18381  0.575916  
1.53735 0.205038 0.183445  0.608104  
0.485717 0.316487 0.183445  0.628349  
1.49457 0.201861 0.116139  0.666873  
0.871273 0.0824527 0.116139  0.666873  
0.871267 0.0938907 0.116139  0.666873  
0.785176 0.118443 0.116139  0.666873  
1.87399 0.000691876 0.116139  0.666873  
1.00107 0.250386 0.116139  0.666873  
14.6837 20.6779 0.116139  0.666873  
19.0124 15.2448 0.110979  0.691925  
16.522 14.6034 0.110979  0.751013  
19.4945 17.529 0.0459057  0.80244  
11.5797 10.7197 0.0459057  0.80244  
7.59381 7.99824 0.0459057  0.80244  
16.9044 18.0253 0.0459057  0.80244  
15.3979 9.47763 0.0459057  0.80244  
21.1582 11.4295 0.0459057  0.80244  
25.6837 17.755 0.0459057  0.80244  
10.2708 10.4602 0.0280275  0.878616  
18.0085 25.7392 0.0280275  0.878616  
11.5373 12.4411 0.0137384  0.999059  
19.2824 24.3943 0.0137384  0.999059  
21.7035 23.3955 0.00502392  1.00014  
0.0200769 0.878113 1.00099  0.000181077  
0.0436877 0.802299 0.000266657  0.998627  
0.0430262 0.802346 1.00023  0.00454029  
0.00412347 0.998453 0.9793  0.0139931  
0.291297 0.463483 0.979299  0.0234562  
0.290232 0.470852 0.979299  0.0354116  
0.044955 0.802297 0.979299  0.0407084  
0.112281 0.666873 0.979299  0.0407084  
0.183191 0.574237 0.903783  0.0666322  
0.290247 0.464943 0.871263  0.0721802  
0.110978 0.671029 0.871262  0.0815822  
0.965943 0.0320242 0.871262  0.0891172  
0.113686 0.666869 0.871262  0.0891172  
0.88321 0.0666325 0.871262  0.113471  
0.290217 0.492741 0.799923  0.118234  
0.290236 0.468809 0.77764  0.124269  
0.294418 0.461291 0.77764  0.128234  
0.186132 0.572052 0.77764  0.140915  
0.389257 0.389414 0.77764  0.156081  
0.395182 0.376964 0.77764  0.156081  
0.444311 0.337814 0.77764  0.156081  
0.444311 0.357432 0.77764  0.156081  
0.183185 0.578676 0.77764  0.156081  
0.628807 0.20821 0.636444  0.207081  
0.188539 0.57205 0.636444  0.207081  
0.445904 0.333436 0.636444  0.207081  
0.389661 0.378781 0.628744  0.209129  
0.290216 0.509592 0.628744  0.217277  
0.77764 0.136719 0.628744  0.230218  
0.632584 0.207081 0.628744  0.230218  
0.473754 0.316721 0.628744  0.230218  
0.389226 0.391724 0.628744  0.230218  
0.184775 0.572057 0.527836  0.278438  
0.979299 0.0156571 0.527836  0.278438  
0.290217 0.504274 0.527836  0.278438  
0.520761 0.28193 0.527836  0.278438  
0.871262 0.0746049 0.520761  0.28193  
1.55521 0.000181077 0.508388  0.292972  
0.778147 0.118753 0.500114  0.296835  
0.389184 0.3938 0.500113  0.308057  
0.789496 0.118234 0.482397  0.314107  
0.96502 0.0366852 0.473652  0.3193  
0.987913 0.0105021 0.453876  0.333436  
0.633989 0.207109 0.453876  0.333436  
0.389115 0.39827 0.444311  0.338016  
0.444378 0.334519 0.444311  0.351854  
0.521511 0.27856 0.444311  0.361188  
1.00023 0.0021479 0.399587  0.37639  
0.520789 0.279665 0.399587  0.37639  
0.965022 0.0343494 0.399587  0.37639  
0.500766 0.293896 0.389661  0.378781  
0.292503 0.461291 0.389184  0.396141  
0.525381 0.278449 0.389115  0.402891  
0.628744 0.211337 0.389115  0.402891  
0.023083 0.878012 0.389115  0.402891  
0.486967 0.313861 0.295284  0.461291  
0.871264 0.0682128 0.295284  0.461291  
0.507357 0.292972 0.295284  0.461291  
0.444311 0.344203 0.295284  0.461291  
0.000266657 0.998627 0.295284  0.461291  
0.500113 0.299552 0.295284  0.461291  
0.502095 0.293405 0.295284  0.461291  
0.77764 0.121869 0.290244  0.467545  
0.290232 0.473466 0.290232  0.488385  
0.473741 0.317957 0.290216  0.509592  
0.110978 0.718753 0.290216  0.533112  
0.444311 0.348649 0.290216  0.553242  
0.39645 0.37639 0.190602  0.57205  
0.482397 0.314107 0.190602  0.57205  
0.527836 0.278438 0.190602  0.57205  
0.473652 0.3193 0.190602  0.57205  
0.480604 0.31507 0.190602  0.57205  
0.628744 0.209129 0.190602  0.57205  
0.871262 0.0733735 0.190602  0.57205  
0.908133 0.0666322 0.190602  0.57205  
0.871263 0.0700415 0.190602  0.57205  
1.00099 0.000181077 0.183185  0.578676  
0.047738 0.802297 0.183185  0.612153  
0.979299 0.02883 0.183185  0.612153  
0.500115 0.296069 0.114753  0.666869  
0.500114 0.296835 0.114753  0.666869  
0.636444 0.207081 0.114753  0.666869  
0.77764 0.126612 0.114753  0.666869  
0.9793 0.0139931 0.114753  0.666869  
1.15851 0.204858 0.114753  0.666869  
14.6837 20.6779 0.114753  0.666869  
19.0124 15.2448 0.110978  0.671029  
16.522 14.6034 0.110978  0.738076  
19.4945 17.529 0.047738  0.802297  
11.5797 10.7197 0.047738  0.802297  
7.59381 7.99824 0.047738  0.802297  
16.9044 18.0253 0.047738  0.802297  
15.3979 9.47763 0.047738  0.802297  
21.1582 11.4295 0.047738  0.802297  
25.6837 17.755 0.047738  0.802297  
10.2708 10.4602 0.023083  0.878012  
18.0085 25.7392 0.023083  0.878012  
11.5373 12.4411 0.023083  0.878012  
19.2824 24.3943 0.00412347  0.998453  
21.7035 23.3955 0.00412347  0.998453  
0.0200769 0.878113 1.00012  0.000247193  
0.0438484 0.802287 0.000163847  1.02935  
0.0430262 0.802346 1.00011  0.00476752  
0.00370498 0.998443 0.979296  0.0149603  
0.291297 0.463483 0.979296  0.0215688  
0.0211523 0.877857 0.979296  0.0215688  
0.294391 0.461291 0.979296  0.0464137  
0.112141 0.666869 0.979296  0.0464137  
0.183191 0.574237 0.899497  0.0666218  
0.290215 0.468275 0.871258  0.0722853  
0.110978 0.669271 0.871258  0.0801526  
0.965943 0.0320242 0.871258  0.0843954  
0.183152 0.583356 0.871258  0.0843954  
0.88321 0.0666325 0.871258  0.113666  
0.183149 0.592323 0.805459  0.118187  
0.395071 0.376324 0.77764  0.123866  
0.113655 0.666869 0.77764  0.134899  
0.185804 0.572049 0.77764  0.14507  
0.389083 0.3886 0.77764  0.14888  
0.38908 0.391838 0.77764  0.163616  
0.478042 0.314106 0.77764  0.163616  
0.444311 0.335177 0.77764  0.163616  
0.00479857 0.998416 0.77764  0.163616  
0.628807 0.20821 0.648493  0.207076  
0.506992 0.292938 0.648493  0.207076  
0.445904 0.333436 0.648493  0.207076  
0.389661 0.378754 0.628744  0.208933  
0.290215 0.473544 0.628743  0.220332  
0.524559 0.278421 0.628743  0.222976  
0.290215 0.464757 0.628743  0.243676  
0.110978 0.680749 0.628743  0.252487  
0.183153 0.579577 0.628743  0.263732  
0.184775 0.572057 0.53571  0.27842  
0.529633 0.27842 0.53571  0.27842  
0.77764 0.12038 0.53571  0.27842  
0.448646 0.333435 0.53571  0.27842  
0.0471555 0.802287 0.520723  0.281964  
0.986035 0.0104702 0.510482  0.292938  
0.779837 0.118506 0.500083  0.296195  
0.639723 0.207076 0.500056  0.308687  
0.188162 0.572048 0.479848  0.313997  
0.96502 0.0366852 0.473594  0.318852  
0.520723 0.281964 0.451915  0.333435  
0.389308 0.380009 0.451915  0.333435  
0.290215 0.49559 0.444311  0.339286  
0.77764 0.159241 0.444311  0.352933  
0.521511 0.27856 0.444311  0.368902  
0.500056 0.308687 0.39999  0.376312  
0.520789 0.279665 0.39999  0.376312  
0.965022 0.0343494 0.39999  0.376312  
0.500586 0.29355 0.389308  0.380616  
0.292503 0.461291 0.38908  0.394853  
0.473594 0.318122 0.38908  0.40952  
0.628744 0.211337 0.38908  0.419179  
0.63265 0.207081 0.38908  0.419179  
0.486967 0.313861 0.297367  0.461291  
0.871264 0.0682128 0.297367  0.461291  
0.788031 0.118187 0.297367  0.461291  
0.628743 0.213829 0.297367  0.461291  
0.47364 0.314166 0.297367  0.461291  
0.77764 0.134899 0.297367  0.461291  
0.502095 0.293405 0.297367  0.461291  
0.77764 0.12689 0.290215  0.468021  
0.871258 0.0705609 0.290215  0.487535  
0.979296 0.0215688 0.290215  0.509908  
0.87126 0.0696506 0.290215  0.509908  
0.500083 0.296195 0.290215  0.509908  
0.628744 0.208933 0.189756  0.572048  
0.389308 0.380616 0.189756  0.572048  
0.451915 0.333435 0.189756  0.572048  
0.500076 0.299842 0.189756  0.572048  
0.189756 0.572048 0.189756  0.572048  
0.397562 0.376312 0.189756  0.572048  
0.500056 0.30396 0.189756  0.572048  
0.899497 0.0666218 0.189756  0.572048  
0.479848 0.313997 0.189756  0.572048  
1.00011 0.00476752 0.183153  0.579577  
0.000266657 0.998627 0.183149  0.592323  
0.297367 0.461291 0.183149  0.592323  
0.628743 0.218422 0.113655  0.666869  
0.9793 0.0136959 0.113655  0.666869  
0.473594 0.318852 0.113655  0.666869  
0.000102196 0.999453 0.113655  0.666869  
1.00012 0.000247193 0.113655  0.666869  
0.979296 0.0149603 0.113655  0.666869  
1.29347 0.404013 0.113655  0.666869  
1.00017 0.00507216 0.110978  0.688344  
0.979297 0.0179385 0.110978  0.688344  
0.000206098 1.00079 0.0471555  0.802287  
2.36078 0.000224964 0.0471555  0.802287  
7.59381 7.99824 0.0471555  0.802287  
16.9044 18.0253 0.0471555  0.802287  
15.3979 9.47763 0.0471555  0.802287  
21.1582 11.4295 0.0471555  0.802287  
25.6837 17.755 0.0471555  0.802287  
10.2708 10.4602 0.0211523  0.877857  
18.0085 25.7392 0.0211523  0.877857  
11.5373 12.4411 0.0211523  0.877857  
19.2824 24.3943 0.00483892  0.998416  
21.7035 23.3955 0.00483892  0.998416  
0.0199298 0.877857 1.00008  0.000184604  
0.0439095 0.802287 0.000185916  0.99869  
0.0430262 0.802346 1.00006  0.00481591  
0.00185393 0.998399 0.979295  0.0134839  
0.290214 0.463346 0.979295  0.0221375  
0.392444 0.376292 0.979295  0.0221375  
0.0610488 0.764107 0.979295  0.0221375  
0.112091 0.666868 0.979295  0.0221375  
0.183191 0.574237 0.935573  0.0666175  
0.110978 0.681061 0.871258  0.0711099  
0.110978 0.669271 0.871258  0.0776443  
0.965943 0.0320242 0.871258  0.0776443  
0.389073 0.387222 0.871258  0.0975399  
0.882923 0.0666175 0.871258  0.105572  
0.481924 0.313424 0.805816  0.118171  
0.389073 0.412689 0.77764  0.123508  
0.0212725 0.877818 0.77764  0.132944  
0.185804 0.572049 0.77764  0.146108  
0.979295 0.0134839 0.77764  0.152749  
0.389145 0.379747 0.745623  0.160954  
0.478042 0.314106 0.741591  0.170563  
0.444311 0.334735 0.73805  0.181443  
0.73805 0.181443 0.73805  0.181443  
0.628807 0.20821 0.653665  0.207075  
0.121305 0.666868 0.653665  0.207075  
0.445904 0.333436 0.653665  0.207075  
0.389661 0.378754 0.628744  0.209605  
0.0628329 0.764077 0.628743  0.218576  
0.500052 0.300029 0.628743  0.230248  
0.0225824 0.877776 0.628743  0.23319  
0.0599828 0.764448 0.628743  0.23319  
0.525947 0.278417 0.628743  0.259473  
0.184775 0.572057 0.535322  0.278417  
0.188235 0.572047 0.535322  0.278417  
0.77764 0.12038 0.535322  0.278417  
0.448438 0.333434 0.535322  0.278417  
0.784358 0.118174 0.520721  0.281834  
0.986035 0.0104702 0.510229  0.292919  
0.779837 0.118506 0.500083  0.29657  
0.520721 0.280454 0.500047  0.308234  
0.117501 0.666868 0.483425  0.312919  
0.96502 0.0366852 0.473501  0.318274  
0.45283 0.333434 0.45283  0.333434  
0.183148 0.574907 0.45283  0.333434  
0.628743 0.212388 0.444311  0.339383  
0.290213 0.471123 0.444311  0.35348  
0.521511 0.27856 0.444311  0.366534  
0.444311 0.349025 0.399154  0.376291  
0.741591 0.164061 0.399154  0.376291  
0.965022 0.0343494 0.399154  0.376291  
0.745623 0.160954 0.389145  0.380925  
0.292264 0.46129 0.389073  0.396732  
0.979295 0.015476 0.389073  0.412689  
0.871258 0.0711099 0.389073  0.422559  
0.633243 0.207076 0.389073  0.435371  
0.444311 0.339383 0.297453  0.46129  
0.871264 0.0682128 0.297453  0.46129  
0.63552 0.207075 0.297453  0.46129  
0.000185916 0.99869 0.297453  0.46129  
0.47364 0.314166 0.297453  0.46129  
0.500193 0.293325 0.297453  0.46129  
0.0598834 0.775737 0.297453  0.46129  
1.00006 0.0040769 0.290214  0.467114  
0.444311 0.337649 0.290213  0.471123  
0.50716 0.292919 0.290213  0.4989  
0.87126 0.0696506 0.290213  0.4989  
0.39774 0.376291 0.290213  0.4989  
0.77764 0.121844 0.189987  0.572047  
0.00325916 0.998399 0.189987  0.572047  
2.15304 0.000184604 0.189987  0.572047  
0.473501 0.318274 0.189987  0.572047  
0.500047 0.305567 0.189987  0.572047  
0.871258 0.0755495 0.189987  0.572047  
0.628744 0.208823 0.189987  0.572047  
0.000165396 0.998724 0.189987  0.572047  
0.74567 0.16204 0.189987  0.572047  
0.802398 0.118171 0.183148  0.574907  
1.00008 0.000184604 0.183148  0.611442  
0.871258 0.0709729 0.183148  0.611442  
1.00008 0.213382 0.124623  0.666868  
0.742281 0.195 0.124623  0.666868  
0.483425 0.312919 0.124623  0.666868  
0.500083 0.295297 0.124623  0.666868  
1.73971 0.000184604 0.124623  0.666868  
0.473501 0.318603 0.124623  0.666868  
0.473594 0.318158 0.114392  0.666868  
0.000159834 0.999138 0.110978  0.691889  
0.904635 0.0666175 0.110978  0.728667  
1.00008 0.344719 0.0632074  0.764077  
0.871258 0.0718276 0.0632074  0.764077  
4.53762 3.53259 0.0632074  0.764077  
16.9044 18.0253 0.0632074  0.764077  
15.3979 9.47763 0.0632074  0.764077  
21.1582 11.4295 0.0471738  0.802287  
25.6837 17.755 0.0471738  0.802287  
10.2708 10.4602 0.0225824  0.877776  
18.0085 25.7392 0.0225824  0.877776  
11.5373 12.4411 0.0225824  0.877776  
19.2824 24.3943 0.00477833  0.998399  
21.7035 23.3955 0.00477833  0.998399  
0.019314 0.877741 1.00005  0.000247911  
0.0440014 0.802287 0.000158517  0.998563  
0.0430262 0.802346 1.00005  0.0025201  
0.00185393 0.998399 0.979295  0.0151409  
0.290213 0.463154 0.979295  0.0251409  
0.392444 0.376292 0.979295  0.0313159  
0.0596547 0.764075 0.979295  0.0445547  
0.112091 0.666868 0.979295  0.0445547  
0.183191 0.574237 0.925089  0.0666046  
0.110978 0.675926 0.871257  0.0717968  
0.110978 0.669485 0.871257  0.0803638  
0.965943 0.0320242 0.871257  0.0803638  
0.290211 0.477388 0.871257  0.0803638  
0.389069 0.388292 0.871257  0.0803638  
0.183146 0.581574 0.801175  0.118167  
0.0606251 0.764064 0.77764  0.124132  
0.00273607 0.998381 0.77764  0.13247  
0.186383 0.572047 0.77764  0.13247  
0.02072 0.877735 0.740956  0.150671  
0.112284 0.666868 0.722548  0.157024  
0.478042 0.314106 0.722385  0.167982  
0.444311 0.334735 0.722381  0.172282  
0.640703 0.20707 0.722381  0.181605  
0.628807 0.20821 0.722381  0.202814  
0.290211 0.479598 0.655322  0.20707  
0.445904 0.333436 0.655322  0.20707  
0.389145 0.378697 0.628743  0.20959  
0.183146 0.592795 0.628743  0.218995  
0.290211 0.482137 0.628743  0.230295  
0.628743 0.224068 0.628743  0.244003  
0.628743 0.21589 0.628743  0.244003  
0.116974 0.666868 0.628743  0.244003  
0.184775 0.572057 0.535115  0.278416  
0.294886 0.46129 0.535115  0.278416  
0.500047 0.301981 0.535115  0.278416  
0.448905 0.333434 0.535115  0.278416  
0.788427 0.118167 0.520718  0.281804  
0.986035 0.0104702 0.514006  0.292914  
0.779837 0.118506 0.500049  0.295695  
0.520721 0.280454 0.500047  0.308385  
0.12075 0.666868 0.482667  0.312882  
0.96502 0.0366852 0.473447  0.317571  
0.500049 0.295695 0.45223  0.333434  
0.500077 0.293844 0.45223  0.333434  
0.188301 0.572046 0.444311  0.338968  
0.722384 0.168587 0.444311  0.347939  
0.521511 0.27856 0.444311  0.347939  
0.628743 0.21321 0.399591  0.376263  
0.722388 0.160684 0.399591  0.376263  
0.965022 0.0343494 0.399591  0.376263  
0.396289 0.376263 0.38907  0.38098  
0.292264 0.46129 0.389069  0.395201  
0.444311 0.337956 0.389068  0.413025  
0.183147 0.578728 0.389068  0.425157  
0.633243 0.207076 0.389068  0.425157  
0.389068 0.401718 0.296609  0.46129  
0.871264 0.0682128 0.296609  0.46129  
0.722381 0.170951 0.296609  0.46129  
0.722711 0.153709 0.296609  0.46129  
0.47364 0.314166 0.296609  0.46129  
0.500193 0.293325 0.296609  0.46129  
0.000158517 0.998563 0.296609  0.46129  
0.735565 0.150672 0.290213  0.468138  
0.882788 0.0666064 0.290211  0.482137  
0.50716 0.292919 0.290211  0.507353  
1.00005 0.247715 0.290211  0.507353  
0.508944 0.292916 0.290211  0.554478  
0.979295 0.0262066 0.260726  0.572046  
0.38907 0.378818 0.260726  0.572046  
0.473447 0.317571 0.188894  0.572046  
0.742351 0.150671 0.188894  0.572046  
0.722548 0.155435 0.188894  0.572046  
0.722385 0.163509 0.188894  0.572046  
0.908982 0.0666046 0.188894  0.572046  
0.48019 0.312882 0.188894  0.572046  
0.520718 0.282199 0.188894  0.572046  
0.514006 0.292914 0.183147  0.578728  
0.52526 0.278416 0.183146  0.59292  
1.00005 0.000247911 0.183146  0.64335  
1.00005 1.10333 0.125068  0.666868  
0.77764 0.119793 0.125068  0.666868  
0.871258 0.0696262 0.125068  0.666868  
0.451223 0.333434 0.125068  0.666868  
1.84671 0.000247911 0.125068  0.666868  
0.628743 0.209457 0.125068  0.666868  
0.871257 0.0715896 0.115296  0.666868  
0.979295 0.0139182 0.110978  0.687757  
1.00005 0.000247911 0.110978  0.706429  
1.40851 0.95295 0.0630201  0.764064  
0.871258 0.0718276 0.0630201  0.764064  
4.53762 3.53259 0.0630201  0.764064  
16.9044 18.0253 0.0630201  0.764064  
15.3979 9.47763 0.0630201  0.764064  
21.1582 11.4295 0.0471623  0.802287  
25.6837 17.755 0.0471623  0.802287  
10.2708 10.4602 0.0222812  0.877735  
18.0085 25.7392 0.0222812  0.877735  
11.5373 12.4411 0.0222812  0.877735  
19.2824 24.3943 0.00464802  0.998381  
21.7035 23.3955 0.00464802  0.998381  
