7.13138 6.17535 7.13138  6.17535  
6.08874 5.04142 6.08874  5.04142  
4.91331 5.32656 4.91331  5.32656  
6.32425 6.5036 6.32425  6.5036  
6.92881 6.31458 6.92881  6.31458  
6.83044 5.72495 6.83044  5.72495  
7.4524 5.27467 7.4524  5.27467  
7.621 5.69518 7.621  5.69518  
6.74317 5.82164 6.74317  5.82164  
6.81523 5.06638 6.81523  5.06638  
6.07659 5.57609 6.07659  5.57609  
6.98939 6.39773 6.98939  6.39773  
6.8082 5.49229 6.8082  5.49229  
6.47805 5.09942 6.47805  5.09942  
6.53729 5.36203 6.53729  5.36203  
6.44537 5.60563 6.44537  5.60563  
6.14826 5.1544 6.14826  5.1544  
6.19969 7.79468 6.19969  7.79468  
4.84479 7.33265 4.84479  7.33265  
5.55999 6.20939 5.55999  6.20939  
6.70027 7.23502 6.70027  7.23502  
7.17112 5.80999 7.17112  5.80999  
6.6882 5.0777 6.6882  5.0777  
8.00827 5.48941 8.00827  5.48941  
7.29946 6.06264 7.29946  6.06264  
5.76098 7.25828 5.76098  7.25828  
6.28292 6.28501 6.28292  6.28501  
6.45667 6.12982 6.45667  6.12982  
7.11957 6.12904 7.11957  6.12904  
4.8749 5.73331 4.8749  5.73331  
6.13708 4.72117 6.13708  4.72117  
6.80101 4.45617 6.80101  4.45617  
6.95574 5.1962 6.95574  5.1962  
5.99566 7.54067 5.99566  7.54067  
7.49318 5.63774 7.49318  5.63774  
6.0858 4.46271 6.0858  4.46271  
5.74998 6.71122 5.74998  6.71122  
6.57693 5.28573 6.57693  5.28573  
5.13222 6.45493 5.13222  6.45493  
7.44339 4.07942 7.44339  4.07942  
5.95003 5.68623 5.95003  5.68623  
6.8699 6.01688 6.8699  6.01688  
7.85675 5.27705 7.85675  5.27705  
6.94141 6.40382 6.94141  6.40382  
5.28616 5.20422 5.28616  5.20422  
7.75221 5.16856 7.75221  5.16856  
5.06487 6.69011 5.06487  6.69011  
6.44656 5.09103 6.44656  5.09103  
7.06256 6.2167 7.06256  6.2167  
4.7467 5.88822 4.7467  5.88822  
7.24821 6.99187 7.24821  6.99187  
8.6752 6.85481 8.6752  6.85481  
5.25334 6.43284 5.25334  6.43284  
5.45091 4.87529 5.45091  4.87529  
6.07945 5.4025 6.07945  5.4025  
6.58048 5.47709 6.58048  5.47709  
5.31203 7.3004 5.31203  7.3004  
5.68196 5.89775 5.68196  5.89775  
6.53476 6.27731 6.53476  6.27731  
7.10733 6.23221 7.10733  6.23221  
7.47073 6.36831 7.47073  6.36831  
8.46774 6.30524 8.46774  6.30524  
7.11722 7.58787 7.11722  7.58787  
6.43451 6.05667 6.43451  6.05667  
6.39502 6.50472 6.39502  6.50472  
7.56214 5.58595 7.56214  5.58595  
7.43969 5.09567 7.43969  5.09567  
6.26933 4.93588 6.26933  4.93588  
7.41503 6.82694 7.41503  6.82694  
6.10571 5.84406 6.10571  5.84406  
5.51459 7.10173 5.51459  7.10173  
8.12479 5.55492 8.12479  5.55492  
6.8389 5.61074 6.8389  5.61074  
6.23117 6.37025 6.23117  6.37025  
7.51691 5.48363 7.51691  5.48363  
7.63778 5.7066 7.63778  5.7066  
6.22007 5.07902 6.22007  5.07902  
6.85535 5.53535 6.85535  5.53535  
6.4068 6.56771 6.4068  6.56771  
6.93366 6.72856 6.93366  6.72856  
6.79847 5.81276 6.79847  5.81276  
6.69575 6.656 6.69575  6.656  
5.88921 4.52455 5.88921  4.52455  
6.77233 4.48416 6.77233  4.48416  
5.32027 6.50481 5.32027  6.50481  
4.81164 5.29721 4.81164  5.29721  
6.74012 3.46833 6.74012  3.46833  
5.81523 7.31972 5.81523  7.31972  
6.47764 5.52562 6.47764  5.52562  
5.63227 5.92612 5.63227  5.92612  
7.06869 5.20979 7.06869  5.20979  
6.40919 5.1283 6.40919  5.1283  
7.5702 5.37581 7.5702  5.37581  
7.81815 5.60937 7.81815  5.60937  
5.52895 6.00575 5.52895  6.00575  
5.36609 5.61675 5.36609  5.61675  
6.21487 5.5209 6.21487  5.5209  
5.80795 5.60492 5.80795  5.60492  
4.70843 6.27672 4.70843  6.27672  
6.72998 5.84428 6.72998  5.84428  
