39.9296 32.7187 40.7032 39.9296  32.7187  40.7032  
42.8798 34.5134 45.505 42.8798  34.5134  45.505  
35.0907 21.5303 39.733 35.0907  21.5303  39.733  
44.8702 40.0943 44.8769 44.8702  40.0943  44.8769  
44.5485 41.2522 39.6542 44.5485  41.2522  39.6542  
36.9293 42.1135 39.3887 36.9293  42.1135  39.3887  
42.2991 40.1732 50.2027 42.2991  40.1732  50.2027  
38.7107 33.7114 30.1163 38.7107  33.7114  30.1163  
43.8032 41.7171 31.4151 43.8032  41.7171  31.4151  
41.8272 35.8116 33.678 41.8272  35.8116  33.678  
44.7889 29.7483 45.3174 44.7889  29.7483  45.3174  
51.227 24.8547 31.3725 51.227  24.8547  31.3725  
40.4607 40.4454 33.8208 40.4607  40.4454  33.8208  
49.0592 33.1157 44.3741 49.0592  33.1157  44.3741  
30.3494 33.0017 39.0277 30.3494  33.0017  39.0277  
54.8824 24.1936 49.0642 54.8824  24.1936  49.0642  
31.7087 36.248 42.2817 31.7087  36.248  42.2817  
35.3929 25.5725 33.1513 35.3929  25.5725  33.1513  
43.678 28.993 30.2043 43.678  28.993  30.2043  
43.3406 47.9654 27.8485 43.3406  47.9654  27.8485  
57.6543 31.6473 37.4116 57.6543  31.6473  37.4116  
36.6656 36.7496 40.4304 36.6656  36.7496  40.4304  
42.3696 35.9183 34.4366 42.3696  35.9183  34.4366  
45.1729 40.7091 39.1947 45.1729  40.7091  39.1947  
31.1771 39.3139 37.3271 31.1771  39.3139  37.3271  
30.1165 32.4767 39.7359 30.1165  32.4767  39.7359  
52.2597 37.5465 26.8651 52.2597  37.5465  26.8651  
49.8264 38.7743 39.0896 49.8264  38.7743  39.0896  
49.9564 35.7948 37.8072 49.9564  35.7948  37.8072  
37.9252 38.2157 39.8158 37.9252  38.2157  39.8158  
37.3967 37.7221 42.2272 37.3967  37.7221  42.2272  
42.3912 38.2754 35.7213 42.3912  38.2754  35.7213  
42.9742 25.9244 28.3545 42.9742  25.9244  28.3545  
36.0344 26.0385 36.2817 36.0344  26.0385  36.2817  
42.0347 34.7423 36.8454 42.0347  34.7423  36.8454  
44.8429 33.1371 31.393 44.8429  33.1371  31.393  
31.4267 24.7244 33.054 31.4267  24.7244  33.054  
41.5066 45.1349 29.7768 41.5066  45.1349  29.7768  
41.6958 32.0593 36.9098 41.6958  32.0593  36.9098  
35.5194 27.4048 24.8101 35.5194  27.4048  24.8101  
43.7872 34.2758 33.8329 43.7872  34.2758  33.8329  
32.1508 37.2285 45.9646 32.1508  37.2285  45.9646  
42.3526 43.5643 48.8022 42.3526  43.5643  48.8022  
39.1255 44.3523 33.0393 39.1255  44.3523  33.0393  
35.622 41.0615 35.0005 35.622  41.0615  35.0005  
41.5107 30.491 34.4168 41.5107  30.491  34.4168  
35.2009 23.2132 43.7337 35.2009  23.2132  43.7337  
27.2301 29.2236 28.3106 27.2301  29.2236  28.3106  
46.0332 31.5235 37.9733 46.0332  31.5235  37.9733  
37.5512 35.0676 39.6284 37.5512  35.0676  39.6284  
38.5985 24.5196 40.5422 38.5985  24.5196  40.5422  
41.1307 40.0771 33.4701 41.1307  40.0771  33.4701  
39.6307 30.2116 34.2579 39.6307  30.2116  34.2579  
40.081 24.227 37.2326 40.081  24.227  37.2326  
45.4644 35.322 28.5257 45.4644  35.322  28.5257  
39.6224 36.7124 26.8069 39.6224  36.7124  26.8069  
30.174 37.4594 36.9193 30.174  37.4594  36.9193  
46.6468 50.182 28.9799 46.6468  50.182  28.9799  
36.967 40.3423 37.5868 36.967  40.3423  37.5868  
35.5023 25.2064 37.4316 35.5023  25.2064  37.4316  
47.0886 27.6042 32.0668 47.0886  27.6042  32.0668  
41.6932 41.7685 37.5312 41.6932  41.7685  37.5312  
30.7613 29.6087 36.0973 30.7613  29.6087  36.0973  
44.6209 51.6061 31.8547 44.6209  51.6061  31.8547  
50.3607 36.6644 45.0977 50.3607  36.6644  45.0977  
30.3348 31.7527 26.1349 30.3348  31.7527  26.1349  
36.2283 29.6077 35.0403 36.2283  29.6077  35.0403  
25.7238 25.3327 28.6309 25.7238  25.3327  28.6309  
38.4473 26.2925 35.9381 38.4473  26.2925  35.9381  
41.9944 31.5231 44.692 41.9944  31.5231  44.692  
47.0667 34.8325 30.2267 47.0667  34.8325  30.2267  
36.8643 37.0521 37.6243 36.8643  37.0521  37.6243  
33.124 31.6566 37.1806 33.124  31.6566  37.1806  
38.2999 53.1645 37.3256 38.2999  53.1645  37.3256  
36.3914 44.1995 32.9264 36.3914  44.1995  32.9264  
35.5509 34.485 29.3977 35.5509  34.485  29.3977  
42.1558 46.0568 37.0293 42.1558  46.0568  37.0293  
40.0526 34.3532 31.6021 40.0526  34.3532  31.6021  
48.442 31.5151 34.4596 48.442  31.5151  34.4596  
35.7807 25.1077 51.2698 35.7807  25.1077  51.2698  
32.0651 39.0811 37.1592 32.0651  39.0811  37.1592  
39.5592 38.7656 34.7866 39.5592  38.7656  34.7866  
40.0054 44.5342 39.0055 40.0054  44.5342  39.0055  
35.4862 28.6091 38.7767 35.4862  28.6091  38.7767  
55.6654 31.9643 43.2575 55.6654  31.9643  43.2575  
28.1732 35.311 44.7043 28.1732  35.311  44.7043  
31.5796 28.2243 36.3501 31.5796  28.2243  36.3501  
32.4726 36.8432 32.0059 32.4726  36.8432  32.0059  
46.0761 31.2289 37.6222 46.0761  31.2289  37.6222  
30.3336 27.8882 44.8531 30.3336  27.8882  44.8531  
44.3067 30.7988 43.2623 44.3067  30.7988  43.2623  
40.2571 37.1414 32.7585 40.2571  37.1414  32.7585  
49.7629 44.861 50.0892 49.7629  44.861  50.0892  
42.991 36.7361 37.0052 42.991  36.7361  37.0052  
38.9439 40.032 38.6412 38.9439  40.032  38.6412  
35.4323 29.7924 32.7976 35.4323  29.7924  32.7976  
36.097 28.3569 36.2945 36.097  28.3569  36.2945  
31.4614 43.0315 37.8257 31.4614  43.0315  37.8257  
42.1795 32.7424 41.3809 42.1795  32.7424  41.3809  
30.0385 24.7033 37.2823 30.0385  24.7033  37.2823  
16.2949 15.7237 11.0644 42.233  32.4519  25.708  
14.9132 15.724 15.4678 36.8972  36.5003  25.7879  
14.3612 17.8288 13.2421 24.8104  27.9564  33.2091  
16.2949 15.7796 10.9623 55.9594  34.6402  28.7445  
16.2973 16.7205 10.0523 36.2787  38.8094  27.6056  
16.7293 15.6204 13.4696 36.2027  32.6253  36.1003  
16.2949 15.7468 10.9756 30.0529  30.4561  35.9441  
15.706 16.1052 12.9105 37.0131  26.0717  36.4493  
15.6199 17.6213 10.9858 44.2251  34.2923  24.9514  
16.2971 16.74 10.0362 33.9426  25.3183  37.0116  
15.8578 16.216 12.6684 39.8567  28.316  30.4523  
17.0449 16.3863 10.0523 37.3131  27.814  30.684  
16.2956 16.7555 10.0589 43.9116  44.0401  24.4068  
15.9425 16.1839 12.4542 44.5344  23.5363  35.7415  
16.2968 17.4145 10.0327 47.1767  36.5423  27.7956  
16.2956 16.6924 10.3871 41.8845  19.7784  20.3223  
15.1286 16.7115 12.3661 39.5651  30.4256  23.6775  
16.2956 16.6517 10.467 43.053  29.0071  28.3882  
16.2956 16.0391 10.9336 16.2956  16.8426  10.0535  
16.2949 16.824 10.0734 51.1467  28.1652  23.6869  
16.2956 16.7873 10.0535 40.4384  37.4948  23.2148  
15.1286 16.6235 12.4817 53.9688  21.0494  30.1301  
15.1083 16.3549 12.9944 44.3962  39.896  27.1383  
16.7832 16.6965 10.0535 40.7871  23.1808  26.9271  
15.6797 16.1001 12.9715 41.1447  27.5774  18.8511  
17.2623 16.0686 10.0535 37.3452  25.9254  48.0902  
15.6057 15.9987 13.0524 34.1212  31.0692  24.9314  
15.0704 16.2358 13.2089 36.055  25.9149  26.7791  
15.1992 15.8379 13.2261 35.9105  33.8465  19.8096  
17.2912 15.8256 10.0647 39.7646  21.3527  41.776  
16.2948 17.1971 10.0535 37.1483  39.1015  24.1191  
42.2934 29.2224 26.7947 32.3257  21.5322  25.2613  
15.098 15.76 13.2394 33.2298  27.9847  21.6188  
15.4657 16.3697 12.8514 37.7823  23.63  39.5221  
15.1061 16.237 13.0846 52.9269  27.1146  34.04  
15.627 15.8698 13.0661 28.1591  24.6162  19.8202  
16.8697 15.9385 13.0236 33.4632  39.852  21.6711  
15.0896 15.6758 13.2427 28.3164  20.6459  26.6197  
15.5674 16.233 13.0407 35.4336  34.004  26.9184  
15.0795 15.7079 13.2423 29.582  23.0367  25.7502  
15.0819 16.715 12.3947 32.037  34.0045  21.7956  
15.1407 16.0318 13.1808 35.9947  21.805  34.8096  
15.1152 15.8007 13.2347 41.6199  38.2397  37.9435  
15.086 15.6845 13.2423 30.7338  28.6838  32.2148  
15.7136 16.4064 12.514 29.7296  36.593  19.5367  
15.0894 15.6923 13.2421 27.4163  20.1789  31.6659  
15.0703 15.7008 13.3065 38.1527  41.6966  21.9387  
15.0704 16.6394 12.814 28.1793  24.155  28.4221  
16.8188 15.7735 13.0978 28.0964  29.5206  23.5593  
15.0728 16.4028 13.0125 41.4163  28.6902  26.7977  
15.1471 16.5377 12.9591 38.5485  38.8259  29.57  
15.0727 16.6945 12.5871 27.3354  29.0787  29.6302  
17.2927 15.8666 12.3533 28.2641  39.2735  20.6716  
15.1177 16.5709 12.751 26.9856  22.2321  35.4419  
15.0703 15.746 13.337 40.3934  48.1283  22.5654  
17.0959 15.8158 12.845 28.8345  29.3105  33.6854  
17.1245 15.831 12.8005 25.708  33.0012  21.8859  
15.0703 15.6943 13.3191 31.7134  25.0488  35.1032  
14.8397 17.7343 13.3751 33.3029  36.0257  27.1261  
15.1098 16.5674 12.9069 26.1398  29.4118  34.9256  
15.0703 15.7199 13.8893 27.4715  35.177  26.7913  
15.0703 15.7705 13.3181 26.4956  21.6151  45.4249  
15.7062 16.3296 12.8657 29.61  33.9912  24.0748  
15.9774 16.1508 12.5314 23.6466  26.672  38.6678  
15.0739 16.7066 12.4421 21.9823  31.8089  25.2348  
15.075 16.7025 12.4164 37.5061  23.0303  29.3902  
15.0703 16.2498 13.337 30.4322  33.3968  32.7113  
42.9242 24.5183 25.1643 25.3512  35.8672  28.1827  
34.871 27.5502 28.24 30.6701  41.2175  28.8787  
15.1117 15.76 13.3275 27.0616  23.2294  42.9606  
15.1126 15.7334 13.328 32.7775  35.3786  25.7903  
41.2248 25.5976 27.7403 21.1414  27.9061  34.415  
33.124 31.6566 37.1806 27.0946  48.3052  29.0316  
38.2999 53.1645 37.3256 29.0303  24.5519  43.7369  
36.3914 44.1995 32.9264 45.9468  32.4638  28.4672  
35.5509 34.485 29.3977 22.2997  41.6973  36.3161  
42.1558 46.0568 37.0293 27.2688  33.383  29.6382  
40.0526 34.3532 31.6021 28.6195  32.7918  33.9357  
48.442 31.5151 34.4596 30.7387  23.9183  34.038  
35.7807 25.1077 51.2698 25.4629  32.8876  43.3962  
32.0651 39.0811 37.1592 27.8335  42.5924  33.6355  
39.5592 38.7656 34.7866 41.2911  31.9337  31.5904  
40.0054 44.5342 39.0055 45.566  33.5868  22.2478  
35.4862 28.6091 38.7767 28.3225  34.5903  34.8368  
55.6654 31.9643 43.2575 31.0257  29.5948  42.4904  
28.1732 35.311 44.7043 31.5799  34.3862  43.9728  
31.5796 28.2243 36.3501 32.1777  31.8339  38.2861  
32.4726 36.8432 32.0059 34.4978  38.7668  36.7825  
46.0761 31.2289 37.6222 34.934  36.5727  36.286  
30.3336 27.8882 44.8531 35.1318  35.1343  36.4508  
44.3067 30.7988 43.2623 39.6042  33.4911  36.7176  
40.2571 37.1414 32.7585 33.6341  34.619  37.2319  
49.7629 44.861 50.0892 28.3882  34.9106  23.2591  
42.991 36.7361 37.0052 30.7625  29.4617  36.9942  
38.9439 40.032 38.6412 31.5051  27.4118  36.8837  
35.4323 29.7924 32.7976 27.9016  28.178  41.3767  
36.097 28.3569 36.2945 28.8487  48.1908  34.0454  
31.4614 43.0315 37.8257 33.5855  29.9997  30.553  
42.1795 32.7424 41.3809 25.4656  38.0216  32.9436  
30.0385 24.7033 37.2823 42.2934  25.0013  26.7947  
14.1865 12.0723 12.5203 23.1277  37.3729  22.8435  
13.4791 12.8642 8.32147 30.3171  30.5577  25.2417  
14.3965 13.1065 7.52349 28.4046  36.45  22.7645  
12.7778 18.828 8.3204 48.1908  24.3713  20.9977  
14.4464 13.0879 7.33218 26.9664  28.376  22.5271  
13.4815 12.8658 8.32017 32.606  21.7058  26.4815  
13.604 13.8626 7.46281 36.5317  24.4829  22.5982  
14.123 12.9434 8.08075 31.8123  21.7017  25.2344  
13.5211 12.841 8.32036 38.3896  29.5061  19.476  
13.4824 12.839 8.32189 33.8362  22.5623  26.8288  
13.5556 15.2072 8.30944 27.0466  33.8936  23.7015  
14.4233 12.9947 7.61798 38.4883  22.5146  21.7739  
13.4714 14.3203 8.3221 33.7034  32.6604  19.1599  
13.2716 14.595 15.128 33.7985  19.7829  28.9875  
14.3008 13.1261 7.83383 27.7798  33.1062  19.7276  
13.5837 13.5006 8.09895 32.2119  18.9467  23.375  
13.4775 12.8965 10.6632 37.0894  23.6863  19.4526  
14.0798 13.4889 7.74863 29.0423  23.3793  25.8715  
13.5035 12.839 10.1602 32.2601  28.3457  23.7936  
16.2888 11.5789 8.31832 45.3943  21.2324  19.2337  
13.9017 13.0033 8.24702 30.4095  34.6727  18.8519  
13.8376 13.5274 8.02188 31.3645  19.1226  24.4584  
13.6447 13.18 8.2661 34.0852  37.7053  19.6901  
13.4758 14.2269 8.32279 38.6236  18.7904  22.1418  
16.518 11.1941 9.96139 37.0346  25.7105  17.3438  
13.4782 12.8658 8.97907 46.5491  20.401  29.5002  
14.1665 13.1846 8.01283 33.5456  30.3373  20.9336  
14.1183 13.0129 8.1165 34.3839  20.1801  21.8807  
14.0021 13.0851 8.19761 37.2763  32.2325  18.3721  
13.5924 12.8814 8.31899 35.5408  18.3669  41.4492  
13.9174 13.4002 8.07994 33.2469  45.6257  18.7871  
13.4966 12.9787 8.31899 30.4734  18.3094  25.479  
13.6388 12.9733 8.31208 27.1974  23.4261  18.129  
14.667 12.8137 9.39649 29.9996  24.4154  26.5106  
13.4643 12.8913 13.5918 33.8998  31.8814  18.9579  
23.1277 36.8126 22.7038 29.6337  22.073  19.4011  
14.4106 13.3109 7.43582 33.8677  36.8002  18.2408  
13.984 13.5268 7.89183 29.8039  18.2449  29.2062  
14.1657 13.6535 7.52591 32.3218  33.7723  19.3353  
32.7422 25.2333 18.6119 28.3649  20.4269  23.7433  
15.4216 13.0701 8.29313 28.5482  26.4583  17.469  
14.1279 12.9751 8.32782 36.2814  19.5264  29.9511  
14.5749 13.8211 7.89623 31.9332  24.5462  20.8944  
40.9785 19.6683 27.1618 24.718  20.3751  19.8111  
14.555 13.5939 8.10175 28.3879  31.5411  18.3683  
14.8325 13.6571 7.39649 34.6208  18.4912  28.6166  
14.0918 13.0856 8.32782 31.0682  37.1823  18.5386  
14.3414 13.0793 8.29142 25.2306  19.2961  26.5454  
35.6166 32.2639 20.3925 28.1677  28.7597  21.58  
15.5496 15.1856 10.7079 40.9323  22.4515  23.4765  
15.7705 15.474 10.3317 41.1058  29.6058  22.2735  
15.6943 15.2847 10.5474 24.963  24.2848  22.9413  
15.5001 15.2055 10.7634 28.0046  30.8184  18.7238  
14.9965 14.9456 10.9164 24.0388  18.0958  34.0689  
15.4203 15.635 10.5186 36.5536  27.5072  18.692  
14.9839 14.9633 10.9196 22.8901  20.2024  26.1605  
15.7644 15.5936 10.012 22.9811  25.4295  19.6631  
15.8141 15.4812 10.1903 26.6796  20.2732  30.7026  
15.1692 14.9625 10.9036 36.4566  40.6738  19.3867  
15.2022 15.2017 10.8633 23.3193  24.5171  28.1158  
15.2439 15.2848 10.8276 13.5924  12.8814  8.31899  
15.4663 15.8039 10.0877 27.9399  18.5638  25.7179  
15.2867 15.1491 10.8547 25.3306  34.038  19.1268  
16.8669 14.939 10.9112 21.8002  20.101  30.1423  
15.0894 14.9555 10.9112 20.4855  26.7877  21.8901  
34.5189 38.6797 24.8435 29.8818  23.5853  24.0375  
15.4102 15.7485 10.888 34.4302  29.1997  19.2054  
15.8193 15.9087 10.5685 20.7812  27.3562  25.8219  
15.637 15.867 10.7469 24.3277  40.6745  20.0655  
15.1427 15.645 10.9465 21.855  21.452  40.336  
15.6693 15.8702 10.7226 26.0933  30.4144  19.3491  
15.9145 15.8773 10.4439 20.4055  22.7923  28.6461  
15.2311 15.6674 10.9384 20.2435  35.7919  21.5047  
44.4535 36.3472 20.7239 23.5733  18.9332  32.3679  
36.3914 44.1995 32.9264 32.586  33.2636  20.2021  
35.5509 34.485 29.3977 20.63  27.7917  29.057  
42.1558 46.0568 37.0293 20.7697  31.6753  23.1724  
40.0526 34.3532 31.6021 20.9948  23.171  32.4123  
48.442 31.5151 34.4596 21.8884  31.7372  24.2037  
35.7807 25.1077 51.2698 20.7025  26.6113  33.4151  
32.0651 39.0811 37.1592 20.3481  35.373  33.9935  
39.5592 38.7656 34.7866 24.1737  20.3689  29.8634  
40.0054 44.5342 39.0055 26.9451  30.3219  21.4614  
35.4862 28.6091 38.7767 20.7419  29.4647  27.7436  
55.6654 31.9643 43.2575 21.343  29.7537  31.527  
28.1732 35.311 44.7043 21.4932  30.9956  29.6226  
31.5796 28.2243 36.3501 22.4119  28.615  28.475  
32.4726 36.8432 32.0059 22.0858  28.6164  29.6407  
46.0761 31.2289 37.6222 22.2635  26.4665  34.506  
30.3336 27.8882 44.8531 22.9455  21.3309  34.7969  
44.3067 30.7988 43.2623 23.7562  37.6308  27.9017  
40.2571 37.1414 32.7585 22.3879  37.2308  32.7134  
49.7629 44.861 50.0892 23.1908  27.7196  34.6194  
42.991 36.7361 37.0052 23.4064  25.2468  34.3902  
38.9439 40.032 38.6412 23.629  23.2993  33.8398  
35.4323 29.7924 32.7976 25.0326  30.0159  24.8321  
36.097 28.3569 36.2945 25.2405  37.0371  31.5854  
31.4614 43.0315 37.8257 32.1599  33.262  30.2124  
42.1795 32.7424 41.3809 40.6924  34.1407  21.7407  
30.0385 24.7033 37.2823 23.1637  33.2721  26.3492  
12.7211 11.2319 10.8025 19.2024  30.4071  20.9282  
12.4438 13.0632 6.33048 26.1802  30.8338  23.651  
12.6575 13.5625 5.50665 26.1818  25.2421  26.6913  
12.4255 13.0499 8.35033 36.1041  19.3866  13.2724  
12.4626 13.1674 6.32518 24.6847  12.5789  4.22437  
12.6941 12.763 5.19115 36.7867  16.8684  17.392  
12.5959 13.1359 5.56016 31.5943  15.0794  4.37274  
13.5894 12.6392 4.99685 28.1742  12.869  6.84746  
12.2345 14.1394 6.25667 21.9201  12.7191  5.19315  
13.6002 12.6237 4.35257 34.2413  17.7521  17.0264  
13.0753 14.0489 4.29651 33.4414  15.564  4.49274  
13.5487 13.6813 4.62392 20.6652  12.7276  5.93043  
13.6851 12.6425 4.29363 20.6697  13.6009  4.95145  
12.4975 13.0632 6.33048 47.2283  14.9625  16.912  
12.6935 12.5895 5.95061 23.2376  14.1905  5.10651  
13.0283 12.5933 5.15141 22.7407  12.8739  7.39611  
12.762 13.1769 5.02069 20.6743  13.3139  5.93043  
12.8148 12.5845 5.19115 39.0006  19.9715  15.5  
13.5805 12.9757 4.36245 30.0844  24.5415  4.47921  
12.815 11.2667 5.92344 21.9197  14.4103  7.62924  
13.4158 13.7136 4.75491 28.4887  21.1307  7.92019  
13.8515 12.583 4.49338 35.0594  15.7935  21.1116  
13.8151 14.5675 4.20099 34.8449  22.7715  6.58662  
12.7205 12.5693 6.29935 27.2176  15.4604  12.9387  
12.5758 12.7276 5.93043 23.0256  17.0596  7.966  
12.7259 12.7508 5.19115 34.4642  16.2549  20.5201  
12.5954 12.6687 6.1698 23.0833  20.3166  5.02825  
12.8006 13.8952 4.35257 30.2286  18.4401  15.4572  
13.371 11.7608 5.18742 25.5436  20.0832  7.83896  
12.777 13.2365 4.95106 25.5219  13.4044  16.2559  
12.8128 11.2804 7.15894 29.2947  31.2228  9.25959  
13.58 12.9757 4.54118 22.2808  14.5406  12.1386  
12.7349 12.5758 6.1698 23.7203  17.5312  10.811  
12.6016 12.5867 6.16984 24.7971  21.6978  19.4189  
12.8745 12.582 5.18368 30.7173  24.5415  15.8973  
12.9736 11.9296 5.8785 24.5264  20.2186  11.6363  
13.5794 12.9647 4.77817 27.0574  25.8389  8.70682  
13.7339 12.583 4.56346 22.1291  14.1959  14.775  
13.5764 13.2837 4.75491 18.6414  22.2312  5.52231  
13.6685 12.6424 4.31657 20.1221  15.4069  11.5488  
12.2196 25.6887 16.4376 21.7377  21.1315  10.5107  
12.8139 11.2637 5.92374 30.6629  13.3305  26.9008  
12.7583 14.0605 4.78516 16.14  19.2203  4.69321  
25.1607 12.5987 4.04752 25.2752  21.844  17.9612  
16.605 12.5789 4.22437 21.0151  22.6224  9.08399  
26.7732 12.5753 4.38234 22.691  15.0412  20.3923  
12.6578 14.1085 4.8398 18.7631  21.2091  6.2282  
12.5063 12.3447 10.2981 20.397  16.4229  16.7549  
12.9445 11.1929 8.82344 25.7118  26.8318  14.7495  
25.9248 30.8338 24.924 39.0243  16.4976  29.0561  
13.3108 15.625 4.28813 40.0158  28.3423  11.226  
12.6849 14.0728 4.73498 19.5174  19.8166  15.5859  
14.0213 12.6417 4.29363 21.4401  26.5895  10.1073  
12.6085 14.5753 4.61199 24.5537  16.2236  27.5264  
15.7929 12.5986 4.05435 26.7608  27.6223  9.72191  
12.5931 13.1721 5.56016 18.8438  17.6243  17.2957  
12.6095 13.127 5.56016 20.3726  24.4247  13.7976  
12.7909 11.2992 7.89491 12.8156  11.2823  5.92344  
12.7143 12.7631 5.15882 13.0753  14.0489  4.29651  
12.7275 11.3622 7.91869 18.7161  20.3812  16.5771  
17.2164 26.7134 26.0989 20.4808  30.5426  13.0079  
31.1458 28.0207 20.1192 20.6233  15.0868  33.4899  
12.796 14.0401 5.45439 21.8228  27.2481  10.4596  
12.7442 14.1347 4.76819 19.2024  21.9926  20.9282  
12.5843 13.7486 6.21482 16.0036  21.3428  12.9095  
13.671 13.5555 4.96074 26.9551  23.1375  31.0815  
25.7141 20.054 21.6694 27.6323  25.155  17.2692  
12.696 13.1414 6.2191 16.2875  24.3066  17.2607  
14.7533 13.083 6.21902 16.7806  29.9461  9.93839  
15.348 13.1965 5.25553 16.9694  15.3888  22.677  
31.2558 28.5066 23.272 23.5274  32.9744  13.5579  
15.9145 15.8773 10.4439 17.0557  21.9109  22.5077  
15.2311 15.6674 10.9384 15.2566  22.3435  10.0967  
44.4535 36.3472 20.7239 24.3521  19.4004  29.5341  
36.3914 44.1995 32.9264 28.799  35.5922  8.55159  
35.5509 34.485 29.3977 14.835  21.8145  17.5135  
42.1558 46.0568 37.0293 16.742  32.3781  13.1274  
40.0526 34.3532 31.6021 18.6414  22.2312  21.1328  
48.442 31.5151 34.4596 13.732  21.0385  5.77225  
35.7807 25.1077 51.2698 17.3819  23.1373  31.0816  
32.0651 39.0811 37.1592 15.5838  29.3898  18.7541  
39.5592 38.7656 34.7866 25.0376  16.7002  33.5949  
40.0054 44.5342 39.0055 23.5702  36.3489  14.5649  
35.4862 28.6091 38.7767 14.3188  23.6447  17.0176  
55.6654 31.9643 43.2575 16.742  36.9011  13.1274  
28.1732 35.311 44.7043 18.7488  28.0404  16.1769  
31.5796 28.2243 36.3501 12.9003  20.0339  5.74033  
32.4726 36.8432 32.0059 14.8039  22.6664  29.2844  
46.0761 31.2289 37.6222 16.5926  33.8411  22.9435  
30.3336 27.8882 44.8531 12.9836  12.1783  16.013  
44.3067 30.7988 43.2623 13.0042  25.8377  5.73308  
40.2571 37.1414 32.7585 16.7664  32.8801  15.7622  
49.7629 44.861 50.0892 19.3544  27.3148  18.8544  
42.991 36.7361 37.0052 20.2113  22.9012  30.5094  
38.9439 40.032 38.6412 12.754  25.7204  7.70575  
35.4323 29.7924 32.7976 20.2917  29.4589  28.7798  
36.097 28.3569 36.2945 12.754  25.75  18.3384  
31.4614 43.0315 37.8257 22.7605  25.2399  24.3265  
42.1795 32.7424 41.3809 21.4381  30.0582  23.6522  
30.0385 24.7033 37.2823 23.9766  29.2802  23.4087  
0.822014 0.460435 0.367248 14.0596  0.803113  0.836143  
0.609168 0.48248 0.68253 0.784519  14.3296  0.586424  
0.0893469 0.000861561 1.12537 2.36464  2.07495  9.92151  
0.523112 0.0246743 0.864103 0.999404  0.0351698  0.0322891  
0.112309 1.24442 0.000237698 5.30256  0.21642  0.182674  
0.896409 0.447243 0.0334817 4.61292  0.21725  0.590358  
0.62926 0.786864 0.0334324 17.7585  2.22354  0.584288  
9.49513e-05 1.19229 0.0541367 4.61991  0.467925  0.76559  
0.540448 0.554094 0.677517 3.94568  0.687708  0.458376  
0.000909274 1.08837 0.0298685 3.51786  0.115973  1.06492  
0.0938069 0.815166 0.589924 4.16041  1.13368  0.0758671  
0.0931825 0.849639 0.53236 3.51373  0.479939  0.836143  
0.111592 1.35061 0.000135875 3.4081  1.01794  0.431093  
6.68107 0.00872754 0.0181802 3.25777  0.228692  1.1696  
0.559267 0.761796 0.415594 4.45964  0.748386  0.428232  
0.984488 0.183879 0.0297111 3.38655  0.0907214  1.11373  
0.0534384 0.431741 0.911099 3.34723  1.01643  0.719059  
0.341659 0.947658 0.036445 4.187  0.172944  0.999701  
1.04303 0.238099 0.000221626 9.22304  3.97792  0.0846836  
0.305106 0.555073 0.788959 3.54289  1.15856  0.640983  
0.0586496 0.971323 0.244287 7.96315  2.69019  1.19713  
0.0328545 0.992904 0.122737 3.65997  0.462406  1.18014  
0.917051 0.410328 0.0382749 5.58086  3.92287  0.551317  
0.713174 0.711214 0.0375859 4.7402  0.794657  2.98831  
0.648284 0.763946 0.0546531 5.25548  3.04757  4.95062  
0.035132 0.99974 0.0362682 3.88797  0.314459  2.96095  
0.327169 0.827182 0.509133 0.758103  0.665058  0.0538137  
0.969265 0.030735 0.252135 6.21669  2.68576  3.87854  
0.735673 0.415612 0.561446 5.76729  4.21414  1.22567  
0.823149 0.572901 0.0297111 4.41941  0.199593  3.00774  
0.921347 0.0366687 0.399419 3.51356  3.78971  1.12382  
0.276649 0.963942 0.0360978 4.21375  1.16281  4.05773  
0.0920921 0.909926 0.423118 6.48796  4.24046  0.662618  
0.682293 0.562316 0.569585 3.61806  0.132859  5.13335  
0.76048 0.655261 0.0339519 3.50434  3.87597  0.0701113  
0.747124 0.0259314 0.671843 4.78926  0.852375  4.31381  
0.503548 0.876487 0.0414616 3.25598  3.04757  0.94855  
0.901365 0.0338116 0.446014 0.718802  0.241353  0.751972  
0.832163 0.0207035 0.555945 3.19846  4.58844  0.0580208  
0.682223 0.737276 0.0354882 4.56115  2.29964  4.65154  
0.14111 0.783557 0.622064 6.50559  4.01403  3.70228  
0.460881 0.873072 0.246691 3.27075  0.165641  4.96637  
0.165262 0.988228 0.0363322 3.9386  5.22046  0.496305  
0.739113 0.681284 0.0310274 4.61992  2.45363  4.75786  
0.936223 0.376893 0.0367026 3.03036  3.55202  1.10898  
0.305963 0.069856 0.956935 3.36125  0.98813  5.32491  
0.628644 0.546635 0.60435 3.05498  4.11116  1.11657  
0.575503 0.82356 0.0392585 3.43636  1.09251  4.93337  
0.354243 0.744924 0.601318 3.05611  4.17095  3.115  
0.626947 0.0281759 0.79397 2.11952  0.327645  6.05018  
0.717433 0.0266354 0.707704 0.539545  8.41726  0.440064  
0.413753 0.590335 0.710256 3.53513  3.59959  4.66244  
0.422043 0.912064 0.0359357 3.55403  4.835  0.611654  
1.06747 0.00115919 0.0359061 4.21455  1.15402  8.01811  
0.460271 0.776967 0.488704 2.40447  6.47341  1.00548  
0.541336 0.416595 0.790542 4.72214  1.15869  7.28299  
0.443445 0.138628 0.891186 2.70544  4.11201  3.33712  
0.535085 0.707009 0.534582 1.00783  0.208197  4.08799  
0.956971 0.306278 0.0387354 1.06936  4.4487  0.379138  
0.0453612 0.250557 0.974414 2.95663  4.65888  7.39216  
0.999404 0.0351698 0.0322891 3.55403  9.12691  2.71374  
8.62959e-05 0.723761 0.896776 1.1399  0.447887  4.63577  
0.561591 0.112657 0.832751 0.731693  8.56302  2.74611  
0.866523 0.048622 0.508957 2.52198  0.871124  7.4241  
0.101671 1.34772 0.00033047 0.999492  4.24787  4.03399  
0.376302 0.692156 0.639532 0.999492  0.0423717  4.03399  
0.0656928 0.724112 0.711172 1.00313  4.2161  0.0262503  
0.687879 0.0276797 0.739777 1.06282  4.15757  4.21069  
0.00961738 0.77238 0.663043 0.178858  7.27581  1.04795  
0.0397904 0.298648 0.963499 1.30387  0.815856  7.16154  
0.801508 0.0314744 0.606236 0.848763  3.91314  0.592481  
0.0193024 0.0206134 1.00002 0.955971  3.37548  4.81675  
0.138685 0.0306581 0.992038 2.09307  6.08334  4.97546  
0.169777 0.419308 0.901293 0.646319  0.457973  4.17463  
0.0797392 0.931181 0.386279 0.785454  4.53794  0.308259  
0.000155732 0.0111642 1.01014 0.687407  2.89083  3.68501  
0.0293569 0.920023 0.506498 0.156128  6.29843  3.00414  
0.0289504 0.546425 0.843166 0.67865  0.87526  4.01133  
0.469424 0.674188 0.592278 0.538693  3.46722  0.844209  
0.140526 0.681714 0.742095 0.521677  1.15869  7.28299  
0.859603 0.518956 0.0389798 0.386377  4.9759  3.82956  
0.131187 0.735776 0.68738 0.199223  0.232493  4.67674  
0.104078 0.954786 0.300306 0.107868  0.99528  0.036895  
0.767269 0.504341 0.484071 0.099898  0.656103  0.766251  
0.653913 0.0273064 0.769361 0.301471  3.4842  1.28934  
0.945005 0.0377144 0.339899 0.386676  0.975802  3.81874  
0.23234 0.0467681 0.976619 0.315587  4.36685  0.538933  
0.262752 0.480888 0.852468 0.667904  3.67708  7.02027  
0.355946 0.0697046 0.938385 0.541078  4.91364  3.35985  
0.315037 0.453183 0.859968 0.00931376  0.0238794  1.00884  
0.0697541 0.608771 0.800779 0.243176  4.26883  0.466206  
0.413742 0.0170672 0.922188 0.254995  2.9557  4.47126  
0.0958209 0.879749 0.485864 0.142859  6.29043  3.20329  
0.795996 0.612879 0.0375984 0.236014  2.94919  12.6932  
0.364007 0.534195 0.783378 0.119956  3.60472  1.1709  
0.241766 0.341783 0.916049 0.154797  1.12097  4.70078  
0.331623 0.605706 0.741054 0.109014  3.8676  3.53495  
0.0985989 0.656103 0.756323 0.00962185  0.0182747  1.00835  
0.668381 0.379604 0.665401 0.0398901  5.13133  0.12306  
0.444998 0.822608 0.395661 0.0133533  4.35386  5.00814  
