6.07681 3.92617 6.07681  3.92617  
5.56968 4.24531 5.56968  4.24531  
5.97351 7.18075 5.97351  7.18075  
6.47427 6.9052 6.47427  6.9052  
7.15922 8.59257 7.15922  8.59257  
4.46462 6.86429 4.46462  6.86429  
5.13101 7.08098 5.13101  7.08098  
7.0565 5.88836 7.0565  5.88836  
5.08072 5.01942 5.08072  5.01942  
7.25136 4.89078 7.25136  4.89078  
8.28043 6.01899 8.28043  6.01899  
5.56697 4.94293 5.56697  4.94293  
6.01712 4.64471 6.01712  4.64471  
5.02657 4.89867 5.02657  4.89867  
5.87451 5.36051 5.87451  5.36051  
5.30432 4.63826 5.30432  4.63826  
5.05255 6.73971 5.05255  6.73971  
6.28241 4.6775 6.28241  4.6775  
8.33989 7.4099 8.33989  7.4099  
5.33236 4.44581 5.33236  4.44581  
6.89053 4.78041 6.89053  4.78041  
4.76606 5.70875 4.76606  5.70875  
5.85975 5.0849 5.85975  5.0849  
6.11916 5.04936 6.11916  5.04936  
4.77512 4.76383 4.77512  4.76383  
5.57188 4.88756 5.57188  4.88756  
6.99266 3.64039 6.99266  3.64039  
6.64908 6.01139 6.64908  6.01139  
6.5879 5.95554 6.5879  5.95554  
6.95811 5.86452 6.95811  5.86452  
8.42102 5.50092 8.42102  5.50092  
8.74551 6.18213 8.74551  6.18213  
6.20458 7.21684 6.20458  7.21684  
6.48656 7.08378 6.48656  7.08378  
6.26659 6.53257 6.26659  6.53257  
5.20439 4.64696 5.20439  4.64696  
7.71449 7.65931 7.71449  7.65931  
5.51864 7.12353 5.51864  7.12353  
5.51436 6.23859 5.51436  6.23859  
6.39404 4.11935 6.39404  4.11935  
7.14402 7.88392 7.14402  7.88392  
4.80572 4.74101 4.80572  4.74101  
5.01712 4.50914 5.01712  4.50914  
5.83662 4.22871 5.83662  4.22871  
5.5912 4.32098 5.5912  4.32098  
7.09143 5.87778 7.09143  5.87778  
4.74379 3.91645 4.74379  3.91645  
7.46736 5.19423 7.46736  5.19423  
4.38874 6.5964 4.38874  6.5964  
5.42767 3.96991 5.42767  3.96991  
5.05617 3.69002 5.05617  3.69002  
4.75783 4.49672 4.75783  4.49672  
7.6717 6.94265 7.6717  6.94265  
4.85587 4.69419 4.85587  4.69419  
5.42637 4.44891 5.42637  4.44891  
6.04531 5.75159 6.04531  5.75159  
8.74607 6.28483 8.74607  6.28483  
7.2109 7.11447 7.2109  7.11447  
8.96481 9.32809 8.96481  9.32809  
6.08977 4.66258 6.08977  4.66258  
5.77905 4.40457 5.77905  4.40457  
5.70409 6.13967 5.70409  6.13967  
6.06022 5.37054 6.06022  5.37054  
8.54636 6.64192 8.54636  6.64192  
4.43563 5.13437 4.43563  5.13437  
9.1751 8.27993 9.1751  8.27993  
6.16309 6.26655 6.16309  6.26655  
5.30072 4.03937 5.30072  4.03937  
4.98989 5.30941 4.98989  5.30941  
4.88945 5.75744 4.88945  5.75744  
8.53138 4.67783 8.53138  4.67783  
4.78057 5.03727 4.78057  5.03727  
4.44326 3.92365 4.44326  3.92365  
4.91597 5.62841 4.91597  5.62841  
5.10302 4.66828 5.10302  4.66828  
5.08472 4.84717 5.08472  4.84717  
4.89306 5.1907 4.89306  5.1907  
5.76642 5.1359 5.76642  5.1359  
6.95004 6.15919 6.95004  6.15919  
8.34726 5.91018 8.34726  5.91018  
6.26561 5.96298 6.26561  5.96298  
3.90969 4.29022 3.90969  4.29022  
6.97989 8.423 6.97989  8.423  
4.76916 4.88837 4.76916  4.88837  
5.33038 4.48673 5.33038  4.48673  
7.19625 8.28509 7.19625  8.28509  
5.47166 6.14185 5.47166  6.14185  
5.2476 3.94171 5.2476  3.94171  
5.93959 4.51615 5.93959  4.51615  
6.47993 6.53917 6.47993  6.53917  
5.11514 4.38535 5.11514  4.38535  
4.55303 4.65355 4.55303  4.65355  
5.52696 4.96268 5.52696  4.96268  
4.92366 5.31702 4.92366  5.31702  
5.95453 6.51291 5.95453  6.51291  
6.71141 8.10311 6.71141  8.10311  
5.30277 5.0848 5.30277  5.0848  
7.04646 6.71905 7.04646  6.71905  
5.71511 5.81187 5.71511  5.81187  
4.69189 5.02129 4.69189  5.02129  
