26.2012 27.3914 26.2012  27.3914  
15.6914 19.4529 15.6914  19.4529  
30.8421 26.839 30.8421  26.839  
25.8425 16.2934 25.8425  16.2934  
15.2359 17.8609 15.2359  17.8609  
17.4825 13.5125 17.4825  13.5125  
22.5709 24.391 22.5709  24.391  
21.998 27.8711 21.998  27.8711  
20.1343 24.6797 20.1343  24.6797  
16.59 14.1338 16.59  14.1338  
29.1031 14.9968 29.1031  14.9968  
23.4756 22.4029 23.4756  22.4029  
13.7387 19.0882 13.7387  19.0882  
15.1885 13.5659 15.1885  13.5659  
31.2506 21.7297 31.2506  21.7297  
20.6984 16.5709 20.6984  16.5709  
13.3304 12.832 13.3304  12.832  
22.2134 35.8606 22.2134  35.8606  
15.4269 12.0629 15.4269  12.0629  
23.4529 22.8603 23.4529  22.8603  
26.2995 20.3563 26.2995  20.3563  
12.5504 17.7494 12.5504  17.7494  
23.7323 26.6205 23.7323  26.6205  
20.2932 16.6466 20.2932  16.6466  
34.6027 25.4367 34.6027  25.4367  
18.3536 12.4315 18.3536  12.4315  
18.6149 24.1743 18.6149  24.1743  
24.2592 17.7153 24.2592  17.7153  
16.5141 22.541 16.5141  22.541  
16.8786 13.1489 16.8786  13.1489  
11.2871 18.5002 11.2871  18.5002  
19.7353 18.2142 19.7353  18.2142  
23.0183 18.197 23.0183  18.197  
19.9843 18.4356 19.9843  18.4356  
17.2127 14.9028 17.2127  14.9028  
23.4904 10.923 23.4904  10.923  
23.7805 24.9718 23.7805  24.9718  
13.7144 15.918 13.7144  15.918  
16.8917 18.5545 16.8917  18.5545  
15.5703 16.9453 15.5703  16.9453  
19.7886 18.8822 19.7886  18.8822  
30.7343 26.3869 30.7343  26.3869  
18.0055 20.7607 18.0055  20.7607  
18.2831 24.2252 18.2831  24.2252  
25.8972 27.019 25.8972  27.019  
35.0234 29.8346 35.0234  29.8346  
23.0438 19.636 23.0438  19.636  
39.133 35.3486 39.133  35.3486  
19.3464 11.0917 19.3464  11.0917  
18.2531 19.9434 18.2531  19.9434  
22.0084 24.1815 22.0084  24.1815  
18.9761 21.7617 18.9761  21.7617  
23.3286 19.4421 23.3286  19.4421  
15.6634 14.4036 15.6634  14.4036  
15.6231 12.312 15.6231  12.312  
50.4766 38.5696 50.4766  38.5696  
18.2985 21.4315 18.2985  21.4315  
20.0384 12.1825 20.0384  12.1825  
13.7517 16.9288 13.7517  16.9288  
26.6696 19.5924 26.6696  19.5924  
29.9853 26.4665 29.9853  26.4665  
22.0697 21.4301 22.0697  21.4301  
20.8083 15.0077 20.8083  15.0077  
19.4432 17.4382 19.4432  17.4382  
20.0955 21.2618 20.0955  21.2618  
22.685 24.1324 22.685  24.1324  
14.8442 13.9457 14.8442  13.9457  
13.6513 16.221 13.6513  16.221  
20.9345 15.583 20.9345  15.583  
22.875 30.18 22.875  30.18  
15.0831 19.1704 15.0831  19.1704  
19.021 19.4914 19.021  19.4914  
36.2642 35.9687 36.2642  35.9687  
18.4859 10.7113 18.4859  10.7113  
27.0329 27.5403 27.0329  27.5403  
32.4488 20.1792 32.4488  20.1792  
24.585 30.7341 24.585  30.7341  
13.8278 18.7892 13.8278  18.7892  
32.4843 19.2019 32.4843  19.2019  
21.311 19.1623 21.311  19.1623  
16.2146 19.0009 16.2146  19.0009  
22.7176 17.6749 22.7176  17.6749  
16.0991 18.7982 16.0991  18.7982  
14.6648 21.8733 14.6648  21.8733  
18.2701 22.2619 18.2701  22.2619  
22.1575 23.8985 22.1575  23.8985  
31.9755 34.1256 31.9755  34.1256  
29.8552 26.4809 29.8552  26.4809  
14.2821 26.8112 14.2821  26.8112  
17.9967 12.8312 17.9967  12.8312  
36.8995 46.7638 36.8995  46.7638  
15.2928 14.3544 15.2928  14.3544  
20.0654 31.007 20.0654  31.007  
17.9489 31.091 17.9489  31.091  
27.1121 22.141 27.1121  22.141  
17.345 20.5137 17.345  20.5137  
25.1296 22.1995 25.1296  22.1995  
19.763 21.4659 19.763  21.4659  
22.1538 24.2025 22.1538  24.2025  
34.0752 30.6225 34.0752  30.6225  
1.25097 0.958232 23.3588  17.3323  
0.831752 1.45805 12.4814  26.4554  
0.834702 1.21607 31.9502  8.86732  
0.645874 1.82092 15.8581  15.7937  
3.48472 0.823001 12.4267  9.17744  
0.885565 0.983841 30.4774  14.7799  
0.885711 0.983126 40.1169  13.8143  
0.887215 0.982409 16.8648  13.1233  
0.833984 1.22134 21.5359  11.3036  
12.4814 26.4554 20.9033  10.0814  
3.13074 0.958234 13.5959  9.94056  
1.1793 0.979606 18.5074  9.89151  
36.2025 13.329 24.4742  9.70624  
0.925461 0.982409 20.0728  7.23776  
33.2718 9.78299 21.1399  6.75648  
18.1421 35.5525 25.7168  6.31901  
48.6269 28.8503 19.7368  6.30309  
31.1269 21.7666 21.0082  5.89638  
15.4269 12.0629 23.251  5.77918  
23.4529 22.8603 23.158  5.60168  
26.2995 20.3563 20.9274  5.83851  
12.5504 17.7494 19.1405  5.82149  
23.7323 26.6205 16.5202  4.98716  
20.2932 16.6466 11.106  3.78115  
34.6027 25.4367 14.8794  4.97401  
18.3536 12.4315 17.4858  6.25996  
18.6149 24.1743 13.7488  5.20564  
24.2592 17.7153 15.189  5.92656  
16.5141 22.541 8.13265  3.57203  
16.8786 13.1489 16.0451  6.891  
11.2871 18.5002 13.0612  6.36013  
19.7353 18.2142 10.9069  5.2372  
23.0183 18.197 8.65532  4.35637  
19.9843 18.4356 9.74977  5.68793  
17.2127 14.9028 10.3531  5.64425  
23.4904 10.923 7.38446  4.31457  
23.7805 24.9718 8.26057  4.95745  
13.7144 15.918 7.74166  4.80741  
16.8917 18.5545 4.03862  2.82235  
15.5703 16.9453 7.14732  4.82778  
19.7886 18.8822 6.46403  4.53679  
30.7343 26.3869 0.885565  0.983841  
18.0055 20.7607 5.2203  4.09491  
18.2831 24.2252 7.54806  5.82525  
25.8972 27.019 6.70181  5.42337  
35.0234 29.8346 6.18578  5.29502  
23.0438 19.636 7.92897  5.91555  
39.133 35.3486 10.9322  6.96073  
19.3464 11.0917 7.41202  6.95104  
18.2531 19.9434 6.21575  5.97956  
22.0084 24.1815 8.75888  8.66634  
18.9761 21.7617 10.7085  10.8258  
23.3286 19.4421 7.33865  8.4541  
15.6634 14.4036 3.07098  3.5285  
15.6231 12.312 5.89347  6.81932  
50.4766 38.5696 5.79462  7.08345  
18.2985 21.4315 4.90013  6.18997  
20.0384 12.1825 6.07802  7.63958  
13.7517 16.9288 7.15381  9.93499  
26.6696 19.5924 4.61724  6.47079  
29.9853 26.4665 8.51524  12.9182  
22.0697 21.4301 4.42186  6.6568  
20.8083 15.0077 6.49258  10.2716  
19.4432 17.4382 6.20015  10.1763  
20.0955 21.2618 5.65327  10.2127  
22.685 24.1324 4.77316  8.40791  
14.8442 13.9457 5.08085  9.52439  
13.6513 16.221 4.86704  9.54291  
20.9345 15.583 0.833984  1.22134  
22.875 30.18 6.26743  13.4293  
15.0831 19.1704 6.0936  13.5989  
19.021 19.4914 4.87717  11.1471  
36.2642 35.9687 6.08774  14.8433  
18.4859 10.7113 6.09834  15.9452  
27.0329 27.5403 6.58547  13.6657  
32.4488 20.1792 7.34172  16.5294  
24.585 30.7341 5.41808  15.9723  
13.8278 18.7892 6.90596  22.1302  
32.4843 19.2019 7.43151  21.8625  
21.311 19.1623 8.60261  15.9993  
16.2146 19.0009 9.1835  16.7195  
22.7176 17.6749 9.21495  14.923  
16.0991 18.7982 9.32606  40.8135  
14.6648 21.8733 4.90387  22.4882  
18.2701 22.2619 9.69675  17.305  
22.1575 23.8985 9.80733  14.8463  
31.9755 34.1256 9.95578  14.6272  
29.8552 26.4809 10.0346  16.0744  
14.2821 26.8112 10.8857  20.0815  
17.9967 12.8312 10.9188  33.9855  
36.8995 46.7638 11.7778  23.231  
15.2928 14.3544 12.4847  20.8567  
20.0654 31.007 13.8502  22.2674  
17.9489 31.091 14.683  15.7121  
27.1121 22.141 19.7691  17.8248  
17.345 20.5137 23.8745  26.652  
25.1296 22.1995 26.8654  40.117  
19.763 21.4659 18.8688  15.8811  
22.1538 24.2025 19.8425  27.2516  
34.0752 30.6225 7.69041  28.9609  
0.579449 0.726585 16.0278  8.12397  
0.626888 0.227479 33.4688  24.5529  
0.335572 1.54205 31.8208  7.256  
1.03194 0.215688 17.4983  6.20297  
0.57958 0.719807 21.0064  5.34338  
1.22508 0.214092 10.0821  4.89861  
16.0278 8.12397 0.626888  0.227479  
0.873749 0.460333 14.3462  4.50318  
0.874293 0.459692 16.0099  4.34813  
0.873692 0.510231 13.0727  4.17329  
0.648482 0.726018 20.4848  4.12443  
11.7654 3.83022 17.2965  4.00518  
36.2025 13.329 21.032  3.93542  
0.925461 0.982409 16.2942  3.90365  
33.2718 9.78299 14.7155  3.89162  
18.1421 35.5525 20.4478  3.86884  
48.6269 28.8503 13.9209  3.81578  
31.1269 21.7666 14.2384  3.77757  
15.4269 12.0629 17.547  3.67392  
23.4529 22.8603 14.6883  3.76969  
26.2995 20.3563 15.0395  3.76399  
12.5504 17.7494 14.1699  3.68302  
23.7323 26.6205 12.8732  3.57193  
20.2932 16.6466 12.1186  3.62433  
34.6027 25.4367 12.0732  3.72248  
18.3536 12.4315 10.9683  3.78123  
18.6149 24.1743 10.2318  3.62872  
24.2592 17.7153 9.58209  3.48945  
16.5141 22.541 9.0899  3.62637  
16.8786 13.1489 8.44658  3.44514  
11.2871 18.5002 7.21272  2.97211  
19.7353 18.2142 8.02583  3.5056  
23.0183 18.197 7.3697  3.48273  
19.9843 18.4356 2.30249  1.11667  
17.2127 14.9028 6.56964  3.31593  
23.4904 10.923 5.69311  3.00081  
23.7805 24.9718 6.65058  3.43401  
13.7144 15.918 4.58424  2.63347  
16.8917 18.5545 6.63898  3.76477  
15.5703 16.9453 4.98448  3.10193  
19.7886 18.8822 5.67272  3.54371  
30.7343 26.3869 4.85203  3.27128  
18.0055 20.7607 4.68879  3.26655  
18.2831 24.2252 4.99855  3.61564  
25.8972 27.019 6.22546  4.61761  
35.0234 29.8346 6.30671  4.52046  
23.0438 19.636 4.85168  3.97887  
39.133 35.3486 3.74671  3.15969  
19.3464 11.0917 9.15975  8.28581  
18.2531 19.9434 3.19526  2.92479  
22.0084 24.1815 3.55893  3.4275  
18.9761 21.7617 3.86078  3.71326  
23.3286 19.4421 3.10653  3.13906  
15.6634 14.4036 3.66087  3.87695  
15.6231 12.312 4.28961  4.50717  
50.4766 38.5696 4.71382  5.51622  
18.2985 21.4315 2.87928  3.40207  
20.0384 12.1825 4.77994  6.13269  
13.7517 16.9288 5.52918  6.99545  
26.6696 19.5924 3.55052  4.72299  
29.9853 26.4665 3.32555  4.63964  
22.0697 21.4301 3.82643  5.46808  
20.8083 15.0077 4.30803  6.58355  
19.4432 17.4382 3.34542  5.31556  
20.0955 21.2618 3.5857  6.0364  
22.685 24.1324 3.42989  5.94801  
14.8442 13.9457 3.21377  5.75189  
13.6513 16.221 0.5832  0.719807  
20.9345 15.583 3.49136  6.83991  
22.875 30.18 3.79708  7.7917  
15.0831 19.1704 3.85094  8.31439  
19.021 19.4914 3.98033  8.84687  
36.2642 35.9687 3.97729  9.4737  
18.4859 10.7113 4.03616  9.76112  
27.0329 27.5403 4.1027  10.8979  
32.4488 20.1792 4.10803  10.9003  
24.585 30.7341 3.91871  11.424  
13.8278 18.7892 4.1154  9.763  
32.4843 19.2019 4.03102  13.1495  
21.311 19.1623 4.02271  13.6766  
16.2146 19.0009 4.12434  14.9521  
22.7176 17.6749 4.16897  13.4573  
16.0991 18.7982 4.15546  17.6925  
14.6648 21.8733 4.20448  15.3575  
18.2701 22.2619 4.27786  17.0566  
22.1575 23.8985 4.29584  19.3752  
31.9755 34.1256 4.29872  12.3245  
29.8552 26.4809 4.32371  16.5962  
14.2821 26.8112 4.33688  18.2215  
17.9967 12.8312 4.34463  15.9136  
36.8995 46.7638 4.37838  19.3324  
15.2928 14.3544 4.7327  17.9903  
20.0654 31.007 4.92625  12.1959  
17.9489 31.091 5.02103  14.1208  
27.1121 22.141 5.12464  15.0164  
17.345 20.5137 5.2731  15.734  
25.1296 22.1995 6.25068  18.1549  
19.763 21.4659 6.51123  13.2218  
22.1538 24.2025 7.03007  13.6912  
34.0752 30.6225 8.67964  14.6147  
0.337879 0.716369 0.626601  0.211523  
0.333175 0.717001 0.624199  20.7817  
0.626601 0.211523 9.16849  1.87539  
0.148587 5.97039 30.3974  0.755166  
0.242486 1.46303 21.6744  0.751465  
0.120461 7.375 14.1098  0.733077  
0.172434 1.49462 18.8133  0.732822  
0.335642 0.716668 8.71989  0.726148  
0.162402 5.19757 7.74134  0.722912  
0.115267 7.45034 7.16832  0.774672  
0.626514 0.294958 6.09261  0.77407  
2.30759 0.211523 10.2646  1.40666  
0.626601 1.76232 4.42719  0.733092  
0.925461 0.982409 7.70385  1.08388  
33.2718 9.78299 3.74364  0.720606  
18.1421 35.5525 3.54544  0.741313  
48.6269 28.8503 3.43049  0.774922  
31.1269 21.7666 1.054  0.380493  
15.4269 12.0629 3.76834  0.745086  
23.4529 22.8603 3.62499  0.983688  
26.2995 20.3563 4.29443  1.03584  
12.5504 17.7494 3.59163  1.06195  
23.7323 26.6205 3.19867  1.00572  
20.2932 16.6466 4.52698  0.986946  
34.6027 25.4367 3.61507  1.21916  
18.3536 12.4315 3.65595  1.30346  
18.6149 24.1743 3.3043  1.25782  
24.2592 17.7153 4.23188  1.47997  
16.5141 22.541 5.17108  1.947  
16.8786 13.1489 3.40091  1.4871  
11.2871 18.5002 5.74997  2.64892  
19.7353 18.2142 3.10525  1.5129  
23.0183 18.197 3.74261  1.81773  
19.9843 18.4356 3.29921  1.71148  
17.2127 14.9028 2.67942  1.46303  
23.4904 10.923 2.46845  1.42416  
23.7805 24.9718 2.42577  1.46438  
13.7144 15.918 3.37726  2.05982  
16.8917 18.5545 2.9579  1.89906  
15.5703 16.9453 4.01596  2.21003  
19.7886 18.8822 2.47205  1.7181  
30.7343 26.3869 2.94282  2.09618  
18.0055 20.7607 3.09873  2.28769  
18.2831 24.2252 3.40304  2.59474  
25.8972 27.019 4.02101  2.7273  
35.0234 29.8346 2.95362  2.56393  
23.0438 19.636 2.19514  1.93635  
39.133 35.3486 2.31807  2.10667  
19.3464 11.0917 2.38271  2.22257  
18.2531 19.9434 2.01028  2.00584  
22.0084 24.1815 2.34142  2.37749  
18.9761 21.7617 2.66926  2.87619  
23.3286 19.4421 2.35318  2.61206  
15.6634 14.4036 2.33503  2.66149  
15.6231 12.312 1.85674  2.223  
50.4766 38.5696 1.50544  1.88534  
18.2985 21.4315 2.24358  2.81481  
20.0384 12.1825 2.26053  2.94449  
13.7517 16.9288 3.24173  4.26043  
26.6696 19.5924 1.99651  2.8842  
29.9853 26.4665 2.25126  3.36963  
22.0697 21.4301 1.70223  2.64024  
20.8083 15.0077 1.96873  3.17701  
19.4432 17.4382 2.03968  3.45784  
20.0955 21.2618 1.68734  3.07415  
22.685 24.1324 1.62066  2.98067  
14.8442 13.9457 1.91507  3.67668  
13.6513 16.221 1.36355  2.83435  
20.9345 15.583 1.23955  2.60044  
22.875 30.18 2.47518  5.4064  
15.0831 19.1704 0.335642  0.717826  
19.021 19.4914 1.98738  5.33348  
36.2642 35.9687 2.02789  5.11193  
18.4859 10.7113 1.19431  3.25032  
27.0329 27.5403 0.516445  1.34439  
32.4488 20.1792 2.55601  6.76591  
24.585 30.7341 1.83434  5.81371  
13.8278 18.7892 1.02532  3.66643  
32.4843 19.2019 0.956145  3.21755  
21.311 19.1623 0.985546  3.46884  
16.2146 19.0009 0.92521  3.45812  
22.7176 17.6749 1.31698  5.37519  
16.0991 18.7982 0.988089  8.12784  
14.6648 21.8733 0.830743  3.76132  
18.2701 22.2619 1.41115  7.15624  
22.1575 23.8985 0.893128  4.67426  
31.9755 34.1256 0.678665  4.67319  
29.8552 26.4809 0.619883  3.75314  
14.2821 26.8112 0.63668  4.18245  
17.9967 12.8312 0.921847  6.58334  
36.8995 46.7638 0.458493  3.94769  
15.2928 14.3544 0.425276  3.93532  
20.0654 31.007 0.388136  3.68388  
17.9489 31.091 1.13594  14.3987  
27.1121 22.141 0.485022  10.2276  
17.345 20.5137 0.433669  8.2679  
25.1296 22.1995 0.413447  8.81185  
19.763 21.4659 0.220415  5.16184  
22.1538 24.2025 0.171945  5.4446  
34.0752 30.6225 0.419446  20.6209  
0.100335 0.715148 1.77994  0.110129  
0.0817788 0.716163 0.0806782  1.95429  
0.0807297 0.749004 0.792293  0.110674  
0.480864 0.307974 1.77982  0.121814  
0.638113 0.209623 1.77983  0.128261  
0.861488 0.10998 1.77995  0.117846  
0.628338 0.210271 2.2635  0.212624  
0.489494 0.307843 1.70777  0.209009  
0.0930886 0.715354 1.61445  0.218286  
0.62684 0.21101 1.61433  0.235268  
0.626495 0.21146 1.61497  0.219062  
0.50401 0.30778 1.61496  0.258068  
0.792293 0.110674 1.61544  0.243914  
0.138853 0.715147 1.54568  0.307443  
0.581399 0.307755 1.46817  0.311514  
0.0858979 0.716025 1.46801  0.327704  
0.0847546 0.716112 1.46857  0.309018  
0.480704 0.309223 0.626673  0.212552  
0.626282 0.217999 1.46822  0.369164  
1.77994 0.110129 1.46908  0.357957  
9.4121 0.121692 1.46994  0.373674  
0.693784 0.209308 1.46996  0.333006  
5.25275 0.110359 1.47036  0.443644  
20.2932 16.6466 1.47123  0.455542  
34.6027 25.4367 1.47118  0.515987  
18.3536 12.4315 1.4796  0.368283  
18.6149 24.1743 1.49212  0.453452  
24.2592 17.7153 1.49212  0.565472  
16.5141 22.541 1.5078  0.368877  
16.8786 13.1489 1.61441  0.677565  
11.2871 18.5002 1.61505  0.688564  
19.7353 18.2142 1.61625  0.636302  
23.0183 18.197 1.6169  0.77073  
19.9843 18.4356 1.25038  0.716158  
17.2127 14.9028 0.480864  0.308003  
23.4904 10.923 1.18854  0.71605  
23.7805 24.9718 1.13513  0.716049  
13.7144 15.918 1.12381  0.715986  
16.8917 18.5545 1.09708  0.715523  
15.5703 16.9453 1.06817  0.720441  
19.7886 18.8822 1.06831  0.736475  
30.7343 26.3869 1.06813  0.749165  
18.0055 20.7607 1.06832  0.791661  
18.2831 24.2252 1.06839  0.7313  
25.8972 27.019 1.06846  0.796659  
35.0234 29.8346 1.06946  0.816608  
23.0438 19.636 1.06956  0.892044  
39.133 35.3486 1.08114  0.844114  
19.3464 11.0917 1.09668  0.771443  
18.2531 19.9434 0.951238  1.10721  
22.0084 24.1815 1.06485  1.09785  
18.9761 21.7617 0.920199  1.10567  
23.3286 19.4421 0.80904  1.10389  
15.6634 14.4036 0.792322  1.1036  
15.6231 12.312 0.893624  1.10147  
50.4766 38.5696 0.806357  1.09998  
18.2985 21.4315 0.861192  1.09815  
20.0384 12.1825 0.835459  1.09782  
13.7517 16.9288 0.800635  1.09744  
26.6696 19.5924 0.792293  1.105  
29.9853 26.4665 0.792322  1.12191  
22.0697 21.4301 0.792322  1.1286  
20.8083 15.0077 0.707817  1.20046  
19.4432 17.4382 0.696669  1.19923  
20.0955 21.2618 0.685705  1.19881  
22.685 24.1324 0.650322  1.19831  
14.8442 13.9457 0.638336  1.19717  
13.6513 16.221 0.62639  1.20192  
20.9345 15.583 0.626369  1.26011  
22.875 30.18 0.583022  1.29781  
15.0831 19.1704 0.583896  1.29535  
19.021 19.4914 0.539591  1.29606  
36.2642 35.9687 0.488111  1.2951  
18.4859 10.7113 0.487567  1.29455  
27.0329 27.5403 0.485015  1.29454  
32.4488 20.1792 0.480902  1.30541  
24.585 30.7341 0.480803  1.35618  
13.8278 18.7892 0.481641  1.44601  
32.4843 19.2019 0.481655  1.55204  
21.311 19.1623 0.481158  1.56044  
16.2146 19.0009 0.481141  1.70174  
22.7176 17.6749 0.508309  1.9397  
16.0991 18.7982 0.532077  1.58924  
14.6648 21.8733 0.502972  2.28237  
18.2701 22.2619 0.488111  2.28259  
22.1575 23.8985 0.354463  1.7352  
31.9755 34.1256 0.157424  1.71005  
29.8552 26.4809 0.293138  1.70424  
14.2821 26.8112 0.166953  1.70408  
17.9967 12.8312 0.197201  1.70406  
36.8995 46.7638 0.244617  1.70393  
15.2928 14.3544 0.228353  1.70373  
20.0654 31.007 0.201568  1.70364  
17.9489 31.091 0.163372  1.70363  
27.1121 22.141 0.099906  1.70357  
17.345 20.5137 0.139766  1.70346  
25.1296 22.1995 0.13886  1.70334  
19.763 21.4659 0.101371  1.7033  
22.1538 24.2025 0.0967863  1.70294  
34.0752 30.6225 0.0822614  0.716163  
0.0983144 0.715037 1.03921  0.109962  
0.0804937 0.742907 0.0805898  1.58445  
0.081528 0.715576 0.792214  0.113475  
0.0820879 0.715351 0.792214  0.113634  
0.625973 0.213329 0.792214  0.113634  
0.796633 0.109878 0.792214  0.113634  
0.626173 0.209307 0.792214  0.113634  
0.792215 0.111171 0.792214  0.113634  
0.0858244 0.715236 0.792214  0.113634  
0.634536 0.208712 0.792214  0.113634  
0.480081 0.563631 0.792214  0.113634  
0.480142 0.309294 0.792214  0.113634  
0.625955 0.215225 0.792214  0.113634  
0.490082 0.306891 0.792214  0.113634  
0.480085 0.310957 0.625978  0.211008  
0.404956 0.715037 0.625978  0.211008  
0.541716 0.306865 0.625978  0.211008  
0.487661 0.3069 0.625978  0.211008  
0.630363 0.208892 0.625978  0.211008  
0.48296 0.306915 0.625978  0.211008  
0.084521 0.71532 0.625978  0.211008  
0.792214 0.113634 0.625978  0.211008  
0.792182 0.124484 0.625978  0.211008  
0.792194 0.120951 0.625978  0.211008  
0.0936363 0.715221 0.625978  0.211008  
0.62598 0.210208 0.625978  0.211008  
0.644539 0.208694 0.625978  0.211008  
0.480227 0.307109 0.625978  0.211008  
0.0832872 0.715336 0.480209  0.308071  
0.480078 0.566404 0.480209  0.308071  
0.480209 0.308071 0.480209  0.308071  
0.625978 0.211008 0.480209  0.308071  
1.03921 0.954083 0.480209  0.308071  
0.480209 0.307816 0.480209  0.308071  
1.03921 3.18804 0.480209  0.308071  
1.03926 4.49592 0.480151  0.310929  
23.7805 24.9718 0.480151  0.310929  
13.7144 15.918 0.480151  0.310929  
16.8917 18.5545 0.480151  0.310929  
15.5703 16.9453 0.480151  0.310929  
19.7886 18.8822 0.480151  0.310929  
30.7343 26.3869 0.480151  0.310929  
18.0055 20.7607 0.480151  0.310929  
18.2831 24.2252 0.480151  0.310929  
25.8972 27.019 0.480151  0.310929  
35.0234 29.8346 0.480151  0.310929  
23.0438 19.636 0.480151  0.310929  
39.133 35.3486 0.480151  0.310929  
19.3464 11.0917 0.480151  0.310929  
18.2531 19.9434 0.480151  0.310929  
22.0084 24.1815 0.480151  0.310929  
18.9761 21.7617 0.480151  0.310929  
23.3286 19.4421 0.480151  0.310929  
15.6634 14.4036 0.480151  0.310929  
15.6231 12.312 0.480078  0.566404  
50.4766 38.5696 0.480078  0.566404  
18.2985 21.4315 0.480078  0.566404  
20.0384 12.1825 0.480078  0.566404  
13.7517 16.9288 0.480078  0.566404  
26.6696 19.5924 0.480078  0.566404  
29.9853 26.4665 0.480078  0.566404  
22.0697 21.4301 0.125013  0.71509  
20.8083 15.0077 0.125013  0.71509  
19.4432 17.4382 0.125013  0.71509  
20.0955 21.2618 0.125013  0.71509  
22.685 24.1324 0.125013  0.71509  
14.8442 13.9457 0.125013  0.71509  
13.6513 16.221 0.125013  0.71509  
20.9345 15.583 0.125013  0.71509  
22.875 30.18 0.125013  0.71509  
15.0831 19.1704 0.125013  0.71509  
19.021 19.4914 0.125013  0.71509  
36.2642 35.9687 0.125013  0.71509  
18.4859 10.7113 0.125013  0.71509  
27.0329 27.5403 0.125013  0.71509  
32.4488 20.1792 0.125013  0.71509  
24.585 30.7341 0.125013  0.71509  
13.8278 18.7892 0.125013  0.71509  
32.4843 19.2019 0.125013  0.71509  
21.311 19.1623 0.125013  0.71509  
16.2146 19.0009 0.125013  0.71509  
22.7176 17.6749 0.125013  0.71509  
16.0991 18.7982 0.125013  0.71509  
14.6648 21.8733 0.125013  0.71509  
18.2701 22.2619 0.125013  0.71509  
22.1575 23.8985 0.125013  0.71509  
31.9755 34.1256 0.125013  0.71509  
29.8552 26.4809 0.125013  0.71509  
14.2821 26.8112 0.125013  0.71509  
17.9967 12.8312 0.125013  0.71509  
36.8995 46.7638 0.125013  0.71509  
15.2928 14.3544 0.125013  0.71509  
20.0654 31.007 0.125013  0.71509  
17.9489 31.091 0.0862622  0.71532  
27.1121 22.141 0.0862622  0.71532  
17.345 20.5137 0.0862622  0.71532  
25.1296 22.1995 0.0862622  0.71532  
19.763 21.4659 0.0862622  0.71532  
22.1538 24.2025 0.0862622  0.71532  
34.0752 30.6225 0.0832872  0.715336  
0.0837254 0.715032 0.792369  0.109914  
0.0848194 0.711254 0.0804916  0.722585  
0.081591 0.715186 0.792095  0.111189  
0.087052 0.711154 0.792095  0.116671  
0.625752 0.217714 0.792095  0.116671  
0.0887414 0.711081 0.792095  0.129071  
0.626173 0.209307 0.792095  0.129071  
0.478947 0.322019 0.792095  0.145075  
0.625784 0.212112 0.792095  0.157475  
0.634536 0.208712 0.792095  0.157475  
0.478948 0.31117 0.792095  0.157475  
0.478947 0.324946 0.792095  0.157475  
0.625755 0.215255 0.792095  0.157475  
0.490082 0.306891 0.792095  0.157475  
0.625751 0.229704 0.633506  0.20882  
0.082614 0.715184 0.633506  0.20882  
0.541716 0.306865 0.633506  0.20882  
0.487661 0.3069 0.625784  0.212295  
0.792369 0.925634 0.625751  0.219585  
0.48296 0.306915 0.625751  0.219585  
0.792095 0.111189 0.625751  0.235154  
0.0804916 0.722585 0.625751  0.235154  
0.63169 0.20882 0.625751  0.235154  
0.48003 0.308024 0.625751  0.235154  
0.625807 0.209511 0.625751  0.235154  
0.625751 0.219585 0.625751  0.235154  
0.644539 0.208694 0.625751  0.235154  
0.480227 0.307109 0.625751  0.235154  
0.981551 4.42575 0.504001  0.306947  
0.479856 0.309423 0.504001  0.306947  
0.792369 0.488235 0.504001  0.306947  
0.478989 0.344574 0.504001  0.306947  
0.625793 0.211895 0.504001  0.306947  
0.625753 0.22113 0.496281  0.306995  
0.792369 0.109924 0.48003  0.308024  
0.792369 4.45111 0.478948  0.314762  
0.792105 0.11059 0.478947  0.324946  
0.792369 1.64025 0.478947  0.329363  
0.792369 0.109942 0.478947  0.329363  
0.479719 0.312684 0.478947  0.351935  
1.2272 1.73243 0.478947  0.351935  
30.7343 26.3869 0.478947  0.351935  
18.0055 20.7607 0.478947  0.351935  
18.2831 24.2252 0.478947  0.351935  
25.8972 27.019 0.478947  0.351935  
35.0234 29.8346 0.478947  0.351935  
23.0438 19.636 0.478947  0.351935  
39.133 35.3486 0.478947  0.351935  
19.3464 11.0917 0.478947  0.351935  
18.2531 19.9434 0.478947  0.351935  
22.0084 24.1815 0.478947  0.351935  
18.9761 21.7617 0.478947  0.351935  
23.3286 19.4421 0.478947  0.351935  
15.6634 14.4036 0.478947  0.351935  
15.6231 12.312 0.478947  0.351935  
50.4766 38.5696 0.478947  0.588555  
18.2985 21.4315 0.478947  0.594189  
20.0384 12.1825 0.478947  0.624914  
13.7517 16.9288 0.478947  0.636159  
26.6696 19.5924 0.478947  0.636159  
29.9853 26.4665 0.478947  0.636159  
22.0697 21.4301 0.089631  0.711081  
20.8083 15.0077 0.089631  0.711081  
19.4432 17.4382 0.089631  0.711081  
20.0955 21.2618 0.089631  0.711081  
22.685 24.1324 0.089631  0.711081  
14.8442 13.9457 0.089631  0.711081  
13.6513 16.221 0.089631  0.711081  
20.9345 15.583 0.089631  0.711081  
22.875 30.18 0.089631  0.711081  
15.0831 19.1704 0.089631  0.711081  
19.021 19.4914 0.089631  0.711081  
36.2642 35.9687 0.089631  0.711081  
18.4859 10.7113 0.089631  0.711081  
27.0329 27.5403 0.089631  0.711081  
32.4488 20.1792 0.089631  0.711081  
24.585 30.7341 0.089631  0.711081  
13.8278 18.7892 0.089631  0.711081  
32.4843 19.2019 0.089631  0.711081  
21.311 19.1623 0.089631  0.711081  
16.2146 19.0009 0.089631  0.711081  
22.7176 17.6749 0.089631  0.711081  
16.0991 18.7982 0.089631  0.711081  
14.6648 21.8733 0.089631  0.711081  
18.2701 22.2619 0.089631  0.711081  
22.1575 23.8985 0.089631  0.711081  
31.9755 34.1256 0.089631  0.711081  
29.8552 26.4809 0.089631  0.711081  
14.2821 26.8112 0.089631  0.711081  
17.9967 12.8312 0.089631  0.711081  
36.8995 46.7638 0.089631  0.711081  
15.2928 14.3544 0.089631  0.711081  
20.0654 31.007 0.089631  0.711081  
17.9489 31.091 0.089631  0.711081  
27.1121 22.141 0.089631  0.711081  
17.345 20.5137 0.089631  0.711081  
25.1296 22.1995 0.089631  0.711081  
19.763 21.4659 0.089631  0.711081  
22.1538 24.2025 0.089631  0.711081  
34.0752 30.6225 0.082614  0.715184  
0.0837254 0.715032 0.792339  0.10994  
0.0848194 0.711254 0.0804989  0.716401  
0.081591 0.715186 0.79202  0.112798  
0.0863259 0.709264 0.79202  0.119039  
0.478465 0.309058 0.79202  0.126702  
0.0873401 0.708823 0.79202  0.13151  
0.626173 0.209307 0.79202  0.139232  
0.0925112 0.708273 0.79202  0.139232  
0.0827626 0.715167 0.79202  0.152768  
0.634536 0.208712 0.79202  0.152768  
0.625661 0.21058 0.79202  0.170485  
0.79202 0.114791 0.79202  0.170485  
0.625597 0.218912 0.79202  0.170485  
0.490082 0.306891 0.79202  0.170485  
0.625647 0.212401 0.641235  0.208819  
3.16839 3.00271 0.641235  0.208819  
0.541716 0.306865 0.641235  0.208819  
0.487661 0.3069 0.625647  0.212242  
0.625647 0.211863 0.625597  0.218912  
0.48296 0.306915 0.625597  0.225462  
0.792095 0.111196 0.625597  0.225462  
0.478257 0.318199 0.625597  0.225462  
0.0901756 0.708725 0.625597  0.225462  
0.631866 0.208819 0.625597  0.262558  
0.478273 0.316149 0.625597  0.262558  
0.79202 0.119039 0.625597  0.278603  
0.644539 0.208694 0.625597  0.278603  
0.480227 0.307109 0.625597  0.278603  
0.478249 0.56937 0.491332  0.306932  
0.478451 0.311012 0.491332  0.306932  
0.79202 0.112798 0.491332  0.306932  
4.56523 0.10994 0.491332  0.306932  
0.792339 1.43023 0.491332  0.306932  
0.625602 0.256743 0.491332  0.306932  
0.0804985 0.716401 0.480022  0.307904  
0.0886694 0.708823 0.478273  0.316149  
0.625601 0.266413 0.478257  0.318199  
0.625648 0.211873 0.478257  0.318199  
0.792339 0.109945 0.478257  0.318199  
0.480022 0.308101 0.478257  0.318199  
0.625647 0.216273 0.478257  0.318199  
0.79202 0.112493 0.478257  0.375084  
3.70994 0.109945 0.478257  0.375084  
0.792339 1.91255 0.478257  0.375084  
25.8972 27.019 0.478257  0.375084  
35.0234 29.8346 0.478257  0.375084  
23.0438 19.636 0.478257  0.375084  
39.133 35.3486 0.478257  0.375084  
19.3464 11.0917 0.478257  0.375084  
18.2531 19.9434 0.478257  0.375084  
22.0084 24.1815 0.478257  0.375084  
18.9761 21.7617 0.478257  0.375084  
23.3286 19.4421 0.478257  0.375084  
15.6634 14.4036 0.478257  0.375084  
15.6231 12.312 0.478249  0.567023  
50.4766 38.5696 0.478249  0.567023  
18.2985 21.4315 0.478249  0.567023  
20.0384 12.1825 0.478249  0.567023  
13.7517 16.9288 0.478249  0.567023  
26.6696 19.5924 0.478249  0.567023  
29.9853 26.4665 0.478249  0.567023  
22.0697 21.4301 0.0955543  0.708273  
20.8083 15.0077 0.0955543  0.708273  
19.4432 17.4382 0.0955543  0.708273  
20.0955 21.2618 0.0955543  0.708273  
22.685 24.1324 0.0955543  0.708273  
14.8442 13.9457 0.0955543  0.708273  
13.6513 16.221 0.0955543  0.708273  
20.9345 15.583 0.0955543  0.708273  
22.875 30.18 0.0955543  0.708273  
15.0831 19.1704 0.0955543  0.708273  
19.021 19.4914 0.0955543  0.708273  
36.2642 35.9687 0.0955543  0.708273  
18.4859 10.7113 0.0955543  0.708273  
27.0329 27.5403 0.0955543  0.708273  
32.4488 20.1792 0.0955543  0.708273  
24.585 30.7341 0.0955543  0.708273  
13.8278 18.7892 0.0955543  0.708273  
32.4843 19.2019 0.0955543  0.708273  
21.311 19.1623 0.0955543  0.708273  
16.2146 19.0009 0.0955543  0.708273  
22.7176 17.6749 0.0955543  0.708273  
16.0991 18.7982 0.0955543  0.708273  
14.6648 21.8733 0.0955543  0.708273  
18.2701 22.2619 0.0955543  0.708273  
22.1575 23.8985 0.0955543  0.708273  
31.9755 34.1256 0.0955543  0.708273  
29.8552 26.4809 0.0955543  0.708273  
14.2821 26.8112 0.0955543  0.708273  
17.9967 12.8312 0.0955543  0.708273  
36.8995 46.7638 0.0955543  0.708273  
15.2928 14.3544 0.0955543  0.708273  
20.0654 31.007 0.0955543  0.708273  
17.9489 31.091 0.0955543  0.708273  
27.1121 22.141 0.0955543  0.708273  
17.345 20.5137 0.0955543  0.708273  
25.1296 22.1995 0.0955543  0.708273  
19.763 21.4659 0.0955543  0.708273  
22.1538 24.2025 0.0894974  0.708823  
34.0752 30.6225 0.0828967  0.715132  
0.0837254 0.715032 0.792336  0.109948  
0.0848194 0.711254 0.0804873  0.716392  
0.081591 0.715186 0.791957  0.112737  
0.0862135 0.707671 0.791957  0.112737  
0.478465 0.309058 0.791957  0.112737  
0.0827197 0.715047 0.791954  0.134625  
0.626173 0.209307 0.791954  0.134625  
0.0876336 0.706599 0.791954  0.134625  
0.0891564 0.706377 0.791954  0.134625  
0.634536 0.208712 0.791954  0.134625  
0.625661 0.21058 0.791954  0.134625  
0.0922805 0.705826 0.791954  0.134625  
0.478039 0.310955 0.791954  0.134625  
0.490082 0.306891 0.791954  0.134625  
0.0937887 0.705661 0.646066  0.208766  
0.47782 0.316451 0.646066  0.208766  
0.541716 0.306865 0.646066  0.208766  
0.487661 0.3069 0.625595  0.21185  
0.0974434 0.705396 0.625484  0.218018  
0.48296 0.306915 0.625467  0.22581  
0.0953891 0.705632 0.625467  0.231539  
0.625484 0.218018 0.625467  0.243122  
0.791957 0.112737 0.625467  0.250408  
0.631858 0.208786 0.625467  0.250408  
0.625467 0.221006 0.625467  0.250408  
0.102145 0.705363 0.625467  0.250408  
0.644539 0.208694 0.625467  0.250408  
0.480227 0.307109 0.625467  0.250408  
0.477854 0.314934 0.489918  0.306932  
0.477803 0.333316 0.489918  0.306932  
0.791954 0.129352 0.489918  0.306932  
0.477859 0.3125 0.489918  0.306932  
0.477803 0.321831 0.489918  0.306932  
0.791997 0.111924 0.489918  0.306932  
0.625467 0.22581 0.480021  0.308089  
0.79202 0.110966 0.477854  0.314934  
0.480021 0.308089 0.477803  0.323252  
0.477802 0.33835 0.477803  0.334616  
4.47604 0.109948 0.477802  0.34526  
0.791955 0.132548 0.477802  0.34526  
0.625595 0.21185 0.477802  0.362499  
0.477803 0.322339 0.477802  0.371823  
0.0804873 0.716392 0.477802  0.371823  
1.82765 1.62082 0.477802  0.400863  
0.791955 0.134625 0.477802  0.400863  
0.792336 0.109948 0.477802  0.400863  
23.0438 19.636 0.477802  0.400863  
39.133 35.3486 0.477802  0.400863  
19.3464 11.0917 0.477802  0.400863  
18.2531 19.9434 0.477802  0.400863  
22.0084 24.1815 0.477802  0.400863  
18.9761 21.7617 0.477802  0.400863  
23.3286 19.4421 0.477802  0.400863  
15.6634 14.4036 0.477802  0.400863  
15.6231 12.312 0.477802  0.400863  
50.4766 38.5696 0.477802  0.400863  
18.2985 21.4315 0.477802  0.400863  
20.0384 12.1825 0.477802  0.400863  
13.7517 16.9288 0.477802  0.400863  
26.6696 19.5924 0.477802  0.400863  
29.9853 26.4665 0.477802  0.400863  
22.0697 21.4301 0.102145  0.705363  
20.8083 15.0077 0.102145  0.705363  
19.4432 17.4382 0.102145  0.705363  
20.0955 21.2618 0.102145  0.705363  
22.685 24.1324 0.102145  0.705363  
14.8442 13.9457 0.102145  0.705363  
13.6513 16.221 0.102145  0.705363  
20.9345 15.583 0.102145  0.705363  
22.875 30.18 0.102145  0.705363  
15.0831 19.1704 0.102145  0.705363  
19.021 19.4914 0.102145  0.705363  
36.2642 35.9687 0.102145  0.705363  
18.4859 10.7113 0.102145  0.705363  
27.0329 27.5403 0.102145  0.705363  
32.4488 20.1792 0.102145  0.705363  
24.585 30.7341 0.102145  0.705363  
13.8278 18.7892 0.102145  0.705363  
32.4843 19.2019 0.102145  0.705363  
21.311 19.1623 0.102145  0.705363  
16.2146 19.0009 0.102145  0.705363  
22.7176 17.6749 0.102145  0.705363  
16.0991 18.7982 0.102145  0.705363  
14.6648 21.8733 0.102145  0.705363  
18.2701 22.2619 0.102145  0.705363  
22.1575 23.8985 0.102145  0.705363  
31.9755 34.1256 0.102145  0.705363  
29.8552 26.4809 0.102145  0.705363  
14.2821 26.8112 0.102145  0.705363  
17.9967 12.8312 0.102145  0.705363  
36.8995 46.7638 0.102145  0.705363  
15.2928 14.3544 0.102145  0.705363  
20.0654 31.007 0.102145  0.705363  
17.9489 31.091 0.102145  0.705363  
27.1121 22.141 0.102145  0.705363  
17.345 20.5137 0.102145  0.705363  
25.1296 22.1995 0.102145  0.705363  
19.763 21.4659 0.0953891  0.705632  
22.1538 24.2025 0.0891564  0.706377  
34.0752 30.6225 0.0831249  0.715037  
0.0821924 0.715028 0.792322  0.10992  
0.0848194 0.711254 0.0804835  0.716345  
0.081591 0.715186 0.791944  0.112073  
0.0862135 0.707671 0.791836  0.117242  
0.478465 0.309058 0.791816  0.124362  
0.0934949 0.702211 0.791816  0.124362  
0.626173 0.209307 0.791816  0.124362  
0.0875342 0.705268 0.791816  0.124362  
0.0881992 0.704408 0.791816  0.124362  
0.634536 0.208712 0.791805  0.164995  
0.625595 0.210543 0.791805  0.164995  
0.0900959 0.704283 0.791805  0.164995  
0.478039 0.310955 0.791805  0.164995  
0.0919309 0.702318 0.791805  0.164995  
0.0910149 0.703986 0.644442  0.208761  
0.477195 0.319249 0.644442  0.208761  
0.477101 0.339255 0.644442  0.208761  
0.791836 0.116638 0.625595  0.211375  
0.477162 0.323735 0.625342  0.218465  
0.48296 0.306915 0.625266  0.22359  
0.791885 0.115504 0.625266  0.22359  
0.490942 0.306865 0.625266  0.22359  
0.791816 0.121259 0.625266  0.22359  
0.631858 0.208786 0.625266  0.22359  
0.477295 0.314027 0.625266  0.22359  
0.477657 0.312297 0.625266  0.22359  
0.644539 0.208694 0.625266  0.289505  
0.480227 0.307109 0.625266  0.289505  
0.625266 0.22359 0.490942  0.306865  
0.791944 0.112073 0.490942  0.306865  
0.625349 0.213487 0.490942  0.306865  
0.791805 0.164995 0.490942  0.306865  
0.792322 2.83761 0.490942  0.306865  
0.625342 0.217842 0.490942  0.306865  
0.487439 0.306866 0.480018  0.308106  
0.79202 0.110966 0.477295  0.314882  
0.625346 0.214028 0.477162  0.323735  
0.477191 0.320691 0.477162  0.327032  
0.792322 0.10992 0.477101  0.339255  
0.62531 0.222073 0.477101  0.339255  
0.480018 0.308106 0.477101  0.339255  
0.494528 0.306865 0.477101  0.339255  
0.625266 0.27341 0.477101  0.339255  
2.40865 2.31434 0.477101  0.339255  
0.791818 0.129646 0.477101  0.339255  
0.791945 0.111466 0.477101  0.339255  
0.490747 0.306866 0.477101  0.339255  
0.791816 0.142349 0.477101  0.339255  
0.792322 0.109931 0.477101  0.339255  
0.79186 0.120856 0.477101  0.339255  
0.0804841 0.716345 0.477101  0.339255  
0.791944 0.112845 0.477101  0.339255  
0.791816 0.132657 0.477101  0.339255  
1.65331 1.31306 0.477101  0.339255  
1.61489 2.24962 0.477101  0.339255  
50.4766 38.5696 0.477101  0.339255  
18.2985 21.4315 0.477101  0.339255  
20.0384 12.1825 0.477101  0.61149  
13.7517 16.9288 0.477101  0.61149  
26.6696 19.5924 0.477101  0.61149  
29.9853 26.4665 0.477101  0.61149  
22.0697 21.4301 0.094279  0.702211  
20.8083 15.0077 0.094279  0.702211  
19.4432 17.4382 0.094279  0.702211  
20.0955 21.2618 0.094279  0.702211  
22.685 24.1324 0.094279  0.702211  
14.8442 13.9457 0.094279  0.702211  
13.6513 16.221 0.094279  0.702211  
20.9345 15.583 0.094279  0.702211  
22.875 30.18 0.094279  0.702211  
15.0831 19.1704 0.094279  0.702211  
19.021 19.4914 0.094279  0.702211  
36.2642 35.9687 0.094279  0.702211  
18.4859 10.7113 0.094279  0.702211  
27.0329 27.5403 0.094279  0.702211  
32.4488 20.1792 0.094279  0.702211  
24.585 30.7341 0.094279  0.702211  
13.8278 18.7892 0.094279  0.702211  
32.4843 19.2019 0.094279  0.702211  
21.311 19.1623 0.094279  0.702211  
16.2146 19.0009 0.094279  0.702211  
22.7176 17.6749 0.094279  0.702211  
16.0991 18.7982 0.094279  0.702211  
14.6648 21.8733 0.094279  0.702211  
18.2701 22.2619 0.094279  0.702211  
22.1575 23.8985 0.094279  0.702211  
31.9755 34.1256 0.094279  0.702211  
29.8552 26.4809 0.094279  0.702211  
14.2821 26.8112 0.094279  0.702211  
17.9967 12.8312 0.094279  0.702211  
36.8995 46.7638 0.094279  0.702211  
15.2928 14.3544 0.094279  0.702211  
20.0654 31.007 0.094279  0.702211  
17.9489 31.091 0.094279  0.702211  
27.1121 22.141 0.094279  0.702211  
17.345 20.5137 0.094279  0.702211  
25.1296 22.1995 0.094279  0.702211  
19.763 21.4659 0.094279  0.702211  
22.1538 24.2025 0.0894956  0.7044  
34.0752 30.6225 0.0821924  0.715028  
0.0827977 0.715027 0.792321  0.109947  
0.0848194 0.711254 0.0804868  0.716342  
0.081591 0.715186 0.791792  0.112786  
0.0862135 0.707671 0.791792  0.12073  
0.478465 0.309058 0.791734  0.127961  
0.0910605 0.701237 0.791734  0.133569  
0.626173 0.209307 0.791733  0.14257  
0.0875342 0.705268 0.791733  0.14257  
0.0885429 0.704311 0.791732  0.159598  
0.634536 0.208712 0.791732  0.159598  
0.625595 0.210571 0.791732  0.159598  
0.0900959 0.704283 0.791732  0.159598  
0.478039 0.310955 0.791732  0.159598  
0.791944 0.110658 0.791732  0.159598  
0.0933141 0.700538 0.649847  0.208761  
0.0946159 0.700536 0.649847  0.208761  
0.486741 0.306862 0.649847  0.208761  
0.476508 0.313033 0.625595  0.212277  
0.0967201 0.700383 0.625146  0.217239  
0.48296 0.306915 0.625088  0.220303  
0.476482 0.336005 0.625088  0.220303  
0.476501 0.316867 0.625088  0.240409  
0.0952677 0.700535 0.625087  0.245657  
0.631858 0.208786 0.625087  0.258901  
0.476482 0.339254 0.625087  0.258901  
0.625149 0.212445 0.625087  0.258901  
0.644539 0.208694 0.625087  0.258901  
0.480227 0.307109 0.625087  0.258901  
0.100654 0.700335 0.492541  0.306862  
0.625088 0.239144 0.492541  0.306862  
0.476482 0.320115 0.492541  0.306862  
0.625595 0.212107 0.492541  0.306862  
0.477295 0.311743 0.492541  0.306862  
0.791792 0.11447 0.492541  0.306862  
0.625146 0.216319 0.480017  0.307927  
0.480017 0.308141 0.476502  0.315256  
0.625087 0.245657 0.476482  0.320115  
0.455288 0.700335 0.476482  0.320115  
0.476502 0.315256 0.476482  0.344238  
0.0804868 0.716342 0.476482  0.344238  
0.792321 0.357528 0.476482  0.344238  
0.791733 0.142538 0.476482  0.344238  
0.625146 0.217239 0.476482  0.384768  
0.791792 0.112786 0.476482  0.384768  
0.791793 0.112333 0.476482  0.384768  
0.791735 0.121261 0.476482  0.384768  
0.791732 0.159598 0.476482  0.384768  
0.0983715 0.700382 0.476482  0.384768  
0.791734 0.127961 0.476482  0.384768  
0.476482 0.384768 0.476482  0.384768  
0.625088 0.220303 0.476482  0.384768  
0.792321 0.109947 0.476482  0.384768  
22.8228 21.3101 0.476482  0.384768  
1.65331 1.31306 0.476482  0.384768  
1.61489 2.24962 0.476482  0.384768  
50.4766 38.5696 0.476482  0.384768  
18.2985 21.4315 0.476482  0.384768  
20.0384 12.1825 0.476482  0.384768  
13.7517 16.9288 0.476482  0.384768  
26.6696 19.5924 0.476482  0.384768  
29.9853 26.4665 0.476482  0.384768  
22.0697 21.4301 0.455288  0.700335  
20.8083 15.0077 0.102002  0.700335  
19.4432 17.4382 0.102002  0.700335  
20.0955 21.2618 0.102002  0.700335  
22.685 24.1324 0.102002  0.700335  
14.8442 13.9457 0.102002  0.700335  
13.6513 16.221 0.102002  0.700335  
20.9345 15.583 0.102002  0.700335  
22.875 30.18 0.102002  0.700335  
15.0831 19.1704 0.102002  0.700335  
19.021 19.4914 0.102002  0.700335  
36.2642 35.9687 0.102002  0.700335  
18.4859 10.7113 0.102002  0.700335  
27.0329 27.5403 0.102002  0.700335  
32.4488 20.1792 0.102002  0.700335  
24.585 30.7341 0.102002  0.700335  
13.8278 18.7892 0.102002  0.700335  
32.4843 19.2019 0.102002  0.700335  
21.311 19.1623 0.102002  0.700335  
16.2146 19.0009 0.102002  0.700335  
22.7176 17.6749 0.102002  0.700335  
16.0991 18.7982 0.102002  0.700335  
14.6648 21.8733 0.102002  0.700335  
18.2701 22.2619 0.102002  0.700335  
22.1575 23.8985 0.102002  0.700335  
31.9755 34.1256 0.102002  0.700335  
29.8552 26.4809 0.102002  0.700335  
14.2821 26.8112 0.102002  0.700335  
17.9967 12.8312 0.102002  0.700335  
36.8995 46.7638 0.102002  0.700335  
15.2928 14.3544 0.102002  0.700335  
20.0654 31.007 0.102002  0.700335  
17.9489 31.091 0.102002  0.700335  
27.1121 22.141 0.102002  0.700335  
17.345 20.5137 0.102002  0.700335  
25.1296 22.1995 0.102002  0.700335  
19.763 21.4659 0.0952677  0.700535  
22.1538 24.2025 0.0885429  0.704311  
34.0752 30.6225 0.0833296  0.715027  
