7.39153 5.19382 7.39153  5.19382  
5.8948 5.53829 5.8948  5.53829  
5.79952 5.84843 5.79952  5.84843  
7.14693 6.29933 7.14693  6.29933  
6.48296 5.67433 6.48296  5.67433  
5.77162 5.56589 5.77162  5.56589  
5.69342 6.23413 5.69342  6.23413  
6.89029 4.34123 6.89029  4.34123  
7.27949 5.55098 7.27949  5.55098  
7.68176 7.0802 7.68176  7.0802  
5.97525 6.00094 5.97525  6.00094  
5.46352 5.3047 5.46352  5.3047  
5.56106 6.45808 5.56106  6.45808  
7.32878 6.15958 7.32878  6.15958  
6.6682 5.97887 6.6682  5.97887  
6.2628 5.81426 6.2628  5.81426  
5.97962 4.69652 5.97962  4.69652  
6.32232 6.20175 6.32232  6.20175  
5.84387 4.59462 5.84387  4.59462  
7.53737 7.07973 7.53737  7.07973  
6.19472 6.06989 6.19472  6.06989  
5.51937 5.04702 5.51937  5.04702  
7.33716 6.33036 7.33716  6.33036  
6.38776 5.43598 6.38776  5.43598  
6.72243 6.5333 6.72243  6.5333  
6.2018 5.4365 6.2018  5.4365  
5.61147 6.90309 5.61147  6.90309  
6.864 5.09066 6.864  5.09066  
7.3717 6.02612 7.3717  6.02612  
5.99024 4.33706 5.99024  4.33706  
5.93959 6.21408 5.93959  6.21408  
8.44203 5.67291 8.44203  5.67291  
6.69921 5.77447 6.69921  5.77447  
6.94017 5.84107 6.94017  5.84107  
6.01235 4.84208 6.01235  4.84208  
5.37263 4.55877 5.37263  4.55877  
5.88 6.49459 5.88  6.49459  
6.66967 5.33509 6.66967  5.33509  
6.50114 5.74403 6.50114  5.74403  
8.07212 6.26741 8.07212  6.26741  
8.15946 5.51169 8.15946  5.51169  
6.77788 6.14966 6.77788  6.14966  
7.87495 5.30703 7.87495  5.30703  
5.99254 6.88627 5.99254  6.88627  
6.95159 6.5368 6.95159  6.5368  
7.38834 4.87918 7.38834  4.87918  
6.22714 5.13279 6.22714  5.13279  
6.41474 5.92091 6.41474  5.92091  
7.35351 6.20307 7.35351  6.20307  
6.88468 5.04873 6.88468  5.04873  
5.47576 4.99021 5.47576  4.99021  
6.29888 7.02896 6.29888  7.02896  
4.66667 5.46432 4.66667  5.46432  
5.90647 4.29178 5.90647  4.29178  
5.83878 5.28445 5.83878  5.28445  
6.19258 5.37232 6.19258  5.37232  
7.00897 5.99428 7.00897  5.99428  
7.26036 5.1684 7.26036  5.1684  
5.8165 5.56741 5.8165  5.56741  
5.66474 5.26161 5.66474  5.26161  
7.15741 6.60125 7.15741  6.60125  
5.47553 5.95349 5.47553  5.95349  
6.4725 8.34853 6.4725  8.34853  
6.49232 5.6894 6.49232  5.6894  
5.64147 4.51869 5.64147  4.51869  
6.04924 5.12263 6.04924  5.12263  
6.43609 6.32845 6.43609  6.32845  
5.69149 6.58473 5.69149  6.58473  
6.47034 6.39647 6.47034  6.39647  
7.36987 5.59782 7.36987  5.59782  
5.84739 5.04802 5.84739  5.04802  
5.90974 5.57154 5.90974  5.57154  
6.14912 5.80601 6.14912  5.80601  
7.32111 4.74601 7.32111  4.74601  
5.9005 4.4283 5.9005  4.4283  
6.75931 5.04232 6.75931  5.04232  
4.60791 5.49334 4.60791  5.49334  
6.82548 5.53292 6.82548  5.53292  
7.27415 5.33331 7.27415  5.33331  
7.13045 5.5142 7.13045  5.5142  
5.48959 8.30384 5.48959  8.30384  
6.02466 6.64105 6.02466  6.64105  
7.75463 7.41474 7.75463  7.41474  
5.51604 5.8101 5.51604  5.8101  
6.51525 4.86114 6.51525  4.86114  
7.6785 5.57374 7.6785  5.57374  
6.72712 6.9857 6.72712  6.9857  
7.40233 6.60082 7.40233  6.60082  
5.78074 6.44162 5.78074  6.44162  
6.63215 6.00971 6.63215  6.00971  
6.42365 6.44486 6.42365  6.44486  
5.92526 5.74278 5.92526  5.74278  
5.83162 7.11919 5.83162  7.11919  
5.90527 6.4554 5.90527  6.4554  
6.93532 5.47551 6.93532  5.47551  
7.05408 4.31319 7.05408  4.31319  
6.68073 4.22563 6.68073  4.22563  
6.25641 6.26563 6.25641  6.26563  
6.40227 6.04145 6.40227  6.04145  
6.07315 7.10532 6.07315  7.10532  
3.3905 3.0077 4.42499  6.2415  
3.62153 2.87341 3.99481  5.83135  
3.43795 2.9818 6.9244  5.30151  
3.70429 2.83171 6.54858  3.75336  
2.95903 3.37285 6.71443  4.87199  
3.18148 3.16082 6.31115  4.09466  
3.5733 2.89905 5.75799  3.81631  
3.54405 2.9164 5.31056  4.20752  
2.82017 3.63506 5.62526  3.62066  
3.08793 3.23714 5.6484  3.71732  
3.79376 2.7825 5.89869  3.64934  
3.72703 2.8181 6.17372  3.13169  
3.53608 2.92231 6.17595  3.18692  
2.87134 3.50869 4.88936  4.50404  
3.77311 2.79137 6.50388  5.79124  
2.93142 3.41594 7.31812  3.48048  
3.45128 2.9733 6.71678  4.89498  
3.10294 3.22397 6.8858  4.61651  
3.39945 3.00154 5.96454  3.41603  
3.16699 3.17504 6.25391  3.50199  
2.98221 3.34564 6.50444  3.64175  
3.00691 3.31647 6.56199  4.27094  
2.84464 3.5678 6.27115  3.68333  
3.0503 3.27152 7.17172  3.95549  
3.03927 3.28388 7.40858  4.1647  
3.42102 2.99162 6.72173  4.13582  
3.50202 2.9384 5.89822  3.79158  
2.84908 3.55735 5.9655  3.88699  
3.23978 3.11374 5.57497  3.82556  
2.89139 3.46389 5.52856  3.8512  
3.04787 3.27826 5.44909  3.83411  
3.55709 2.90989 5.36348  3.88261  
2.88957 3.46713 5.75287  4.08519  
3.01533 3.30806 5.86662  4.05923  
3.76186 2.7996 6.10628  4.18482  
3.73898 2.81093 5.22007  4.0346  
3.33532 3.04389 5.21615  4.0881  
3.28383 3.09005 5.46554  4.17585  
3.58445 2.89487 5.33692  4.27846  
2.83693 3.58468 5.38517  4.37699  
3.24938 3.10973 5.54808  4.56635  
2.81231 3.63972 5.16248  4.46127  
3.46277 2.96591 5.05024  4.35574  
3.16071 3.17939 5.14224  4.47604  
3.05894 3.26234 5.05616  4.49869  
2.97553 3.35342 5.85742  5.08889  
3.02248 3.29898 4.96464  5.53972  
3.22291 3.127 5.90808  5.52662  
2.94079 3.40391 5.0248  4.74702  
3.25942 3.09776 5.03704  4.84744  
3.09136 3.23479 4.8414  4.77661  
3.41115 2.99816 4.63963  4.64821  
3.13677 3.19878 4.78094  4.85972  
3.01731 3.30452 4.71072  4.87802  
3.78398 2.78811 4.70135  4.95139  
2.82838 3.60333 4.6363  4.97455  
2.90496 3.44349 4.58873  5.00647  
2.8637 3.51287 4.60975  5.1281  
3.68924 2.83684 4.84676  5.60938  
2.86067 3.53223 4.46176  5.12464  
3.31995 3.05667 4.42839  5.17918  
3.11313 3.21392 4.43872  5.33513  
3.09756 3.22984 4.65022  5.58617  
3.17357 3.16727 4.58095  5.80857  
2.88247 3.48952 4.26534  5.34072  
3.60021 2.88279 4.22359  5.38192  
3.3813 3.01353 4.2382  5.41508  
3.36568 3.0233 4.16059  5.49983  
3.64114 2.86132 4.10857  5.52056  
3.49069 2.94519 4.0601  5.56614  
3.65837 2.8544 4.01686  5.55781  
3.15414 3.18471 3.02382  3.2986  
3.21372 3.13148 3.93818  5.6689  
3.28933 3.08083 3.9122  5.77518  
3.63144 2.86578 3.956  5.93308  
3.33122 3.0475 4.08409  5.8707  
3.61075 2.88057 3.77949  5.83968  
2.97132 3.36403 4.01795  6.91784  
3.14519 3.19194 3.91273  6.72691  
3.52055 2.93128 4.21958  7.181  
3.19661 3.14739 4.30443  6.36492  
3.74696 2.80478 4.5093  6.64846  
2.8394 3.57602 4.52191  7.49128  
2.95301 3.38577 3.53436  6.45437  
3.30393 3.0743 4.60248  6.22038  
3.37092 3.02195 4.84806  7.21058  
3.30761 3.06396 4.91687  5.79855  
2.99991 3.33005 5.12041  5.89941  
3.02978 3.29201 5.18609  6.39875  
3.2284 3.12069 4.36262  5.38584  
3.35796 3.03094 4.93282  6.09211  
3.67881 2.84552 4.48027  5.10788  
3.06807 3.25495 5.14387  4.58109  
2.99478 3.33556 5.28862  5.77044  
3.48327 2.95494 4.84035  5.25577  
3.11565 3.21099 4.53276  5.00852  
3.71701 2.82345 4.68884  6.37422  
2.94539 3.38975 4.63543  6.22566  
3.33951 3.04067 5.04804  4.52572  
3.07947 3.24906 4.14372  7.64995  
3.38991 3.00151 4.35685  4.11287  
3.14113 3.1826 4.90681  3.57952  
3.28838 3.07007 4.71623  3.99751  
3.68647 2.83029 5.18954  3.76531  
2.7882 3.77037 5.49426  3.75415  
3.17992 3.15293 5.80776  3.73013  
3.57523 2.89099 5.91544  2.89897  
3.53532 2.9141 5.19583  3.66261  
2.81062 3.62262 5.3796  3.50264  
3.08017 3.23649 5.36374  2.97379  
3.78163 2.78089 5.64883  3.03777  
3.72703 2.81013 5.68358  3.01973  
3.04818 3.26598 5.08245  3.05486  
2.86784 3.49348 5.1391  3.0895  
3.76569 2.78973 5.34948  3.12285  
2.92519 3.40821 5.5248  3.20186  
3.44117 2.96982 4.8963  3.13574  
3.10346 3.21538 5.89304  3.30756  
3.45612 2.96138 4.78501  3.17939  
2.97661 3.34211 5.69184  3.39067  
2.98413 3.33543 4.96201  3.28428  
2.9587 3.36409 5.14414  3.46411  
2.82303 3.5855 4.68253  3.28077  
3.04122 3.2722 4.6782  3.29929  
2.87956 3.47652 4.81693  3.37617  
3.20837 3.13002 4.80391  3.3877  
3.50274 2.93204 5.05485  3.55388  
2.84628 3.53252 4.67761  3.44365  
3.23557 3.10817 4.8194  3.53812  
2.88399 3.46682 4.73983  3.54011  
3.40212 2.99496 4.53559  3.48098  
3.54745 2.90651 4.58253  3.53091  
3.19098 3.14451 4.56581  3.59328  
3.00517 3.31055 4.64233  3.61445  
3.74497 2.79969 4.58867  3.65892  
2.96924 3.35301 4.37338  3.59999  
3.42966 2.97762 4.52151  3.73943  
3.25433 3.09466 4.32218  3.6483  
2.83467 3.55784 4.48679  3.76975  
2.82792 3.57726 4.53681  3.77912  
3.06528 3.25053 4.70953  3.81191  
3.65718 2.84635 4.56874  3.97801  
3.12821 3.19383 4.18985  3.76803  
2.89109 3.45551 4.37795  3.92627  
2.80227 3.65471 4.30499  3.94229  
3.0141 3.3013 4.18689  3.88757  
2.99929 3.31751 4.26867  4.01291  
3.5588 2.89981 4.25963  4.05522  
2.93682 3.39223 4.30888  4.07884  
3.15703 3.16983 4.18283  4.09518  
3.26702 3.08765 4.08738  4.05361  
3.24777 3.10051 4.11693  4.13955  
3.13565 3.18764 4.09652  4.17036  
2.80368 3.64834 4.05866  4.19379  
2.87576 3.48266 4.03311  4.22503  
3.09636 3.2219 4.01969  4.26584  
2.91113 3.42646 3.98173  4.27591  
2.86042 3.50463 3.95023  4.31828  
3.46326 2.95587 3.92295  4.32631  
2.85432 3.51853 3.89798  4.35852  
3.31971 3.04824 3.88746  4.39486  
3.1682 3.16074 3.84457  4.42224  
3.08624 3.2304 3.81875  4.44761  
3.41452 2.98616 3.78505  4.48317  
3.60495 2.87534 3.76385  4.50143  
2.94395 3.38195 3.73829  4.51442  
3.37006 3.01489 3.0432  3.27219  
3.36044 3.02203 3.6733  4.59118  
2.92073 3.41509 3.65887  4.63956  
3.48614 2.94252 3.62616  4.63861  
3.64134 2.85558 3.61112  4.69517  
3.14703 3.17818 3.59677  4.73224  
3.21662 3.12345 3.48257  4.85098  
2.89883 3.44381 3.52698  4.81467  
3.63344 2.85971 3.49004  4.77292  
2.90451 3.43485 3.45597  4.80647  
3.58847 2.88297 3.44069  4.84159  
2.95005 3.37539 3.55376  5.48315  
3.05824 3.25692 3.40941  5.20689  
3.71122 2.81702 3.36025  4.94593  
3.19633 3.13813 3.34308  5.16919  
3.61981 2.8653 3.22272  5.10785  
2.81497 3.61209 3.2675  4.9898  
3.51642 2.92526 3.24214  5.02484  
3.07197 3.2437 3.22532  5.04956  
3.27705 3.07837 3.18917  5.1056  
3.30416 3.06001 3.17737  5.38687  
2.99111 3.32648 3.28816  6.45345  
3.02404 3.29063 3.16527  5.82024  
3.22451 3.11704 3.16687  6.22457  
3.34542 3.03133 3.40366  6.28373  
2.84175 3.54389 3.07834  5.84954  
3.38013 3.00781 3.55409  6.03578  
3.03352 3.28112 3.6909  4.90824  
3.47527 2.94877 3.69135  4.84517  
2.84943 3.52584 3.75185  5.96812  
3.66991 2.83988 4.02964  4.98624  
3.75044 2.79664 4.0627  5.35123  
3.33148 3.04041 4.12532  4.46833  
3.11533 3.20514 4.52712  4.30489  
3.39037 3.00115 4.74125  3.01006  
2.79369 3.69238 3.64242  5.1922  
3.28553 3.0711 4.51831  3.92292  
3.79019 2.7786 4.4454  3.91177  
2.7882 3.77037 5.15114  2.83851  
3.18451 3.14641 4.19922  3.86882  
3.57739 2.88852 5.20676  3.66287  
3.53186 2.91516 4.33055  3.66124  
2.81062 3.62262 4.24922  2.88297  
3.69203 2.82627 4.81186  3.63392  
3.77968 2.78162 6.5017  3.60084  
3.7205 2.81175 5.51616  3.05165  
3.05076 3.2633 4.99718  3.5791  
2.86895 3.48848 4.06089  2.94775  
3.76918 2.78749 4.82324  3.53173  
2.92791 3.40084 4.98579  3.12828  
2.92256 3.40822 5.69229  3.53033  
3.10764 3.21146 4.03927  3.01341  
3.4523 2.96211 3.99159  3.01971  
2.97677 3.3406 4.70165  3.16965  
2.98728 3.32953 5.38779  3.35715  
2.95866 3.36215 4.86745  3.29238  
2.82078 3.5899 4.41009  3.21418  
3.04226 3.27056 3.78209  3.05657  
2.79693 3.67055 3.90022  3.10812  
3.33664 3.03594 4.48738  3.47654  
3.50484 2.93009 3.91949  3.15265  
2.84717 3.5295 4.72523  3.42438  
3.23557 3.10817 3.82084  3.16089  
2.88324 3.46508 4.09972  3.28547  
3.40398 2.99178 4.21671  3.31239  
3.54144 2.9085 4.38294  3.45656  
3.43602 2.97157 4.28407  3.45155  
3.00405 3.31038 4.46626  3.45166  
3.73247 2.80536 4.19398  3.47551  
2.96903 3.35102 4.21391  3.48262  
3.42671 2.97768 3.77835  3.31643  
3.25279 3.09472 4.29445  3.62843  
2.83725 3.55182 4.20328  3.62995  
2.8307 3.56463 3.72291  3.35799  
3.06962 3.2444 3.84618  3.46359  
3.65437 2.84634 3.69827  3.3929  
3.12829 3.19341 3.92344  3.5393  
2.89317 3.44942 3.78789  3.51243  
2.80185 3.64965 4.01493  3.71476  
3.01452 3.29934 3.98129  3.89675  
2.9963 3.31884 3.87615  3.6716  
3.56192 2.89711 3.75594  3.62175  
2.93836 3.38671 3.59123  3.50583  
3.15579 3.17009 3.65237  3.57331  
3.26829 3.08326 3.57294  3.54908  
3.24267 3.10219 3.80316  3.78043  
3.13466 3.18662 3.77321  3.82435  
2.80527 3.63656 3.48962  3.55701  
2.87433 3.47904 3.47404  3.56947  
3.09613 3.22012 3.68851  3.90191  
3.26007 3.0896 3.65653  3.85875  
2.86285 3.49829 3.8641  4.11456  
3.46254 2.95534 3.434  3.65965  
2.85247 3.51926 3.40823  3.66032  
3.31971 3.04824 3.43014  3.72218  
3.16982 3.15889 3.38808  3.70645  
3.08541 3.23027 3.37552  3.72696  
3.41402 2.98612 3.48264  4.06329  
3.60734 2.87113 3.05868  3.25481  
3.20438 3.13098 3.32592  3.77009  
2.82536 3.57744 3.33258  3.82903  
3.36181 3.01932 3.37147  3.95012  
2.91383 3.41996 3.64097  4.21506  
3.48599 2.94233 3.26437  3.83431  
3.67812 2.83468 3.25162  3.85641  
3.1475 3.17682 3.30955  4.07901  
3.2136 3.12315 3.32297  4.18374  
2.8974 3.4435 3.19798  3.9002  
3.63582 2.85634 3.18672  3.91653  
2.90631 3.4324 3.24246  4.14661  
3.59309 2.87984 3.29925  4.40124  
2.94848 3.37518 3.18052  4.10218  
3.05796 3.25482 3.12449  3.97797  
3.70383 2.82056 3.16451  4.21996  
3.19428 3.13966 3.25143  4.65132  
3.61981 2.8653 3.07848  4.03131  
2.81525 3.60777 3.06061  4.03806  
3.52058 2.92106 3.0459  4.05188  
3.07518 3.23997 3.06318  4.19886  
3.2801 3.07494 3.014  4.08564  
3.29973 3.06115 3.08873  4.67539  
3.49648 2.93615 2.98261  4.12292  
3.02612 3.2864 3.08726  5.07848  
3.2238 3.11567 3.04087  4.88552  
3.34966 3.02714 2.93233  4.17633  
2.84227 3.53962 2.98579  4.96058  
3.37682 3.00891 3.05318  5.68259  
3.03081 3.28172 2.93826  4.88113  
3.47279 2.94942 3.09884  5.65784  
3.31021 3.05445 2.89885  5.2014  
3.66495 2.83991 3.11487  5.43656  
3.74777 2.7981 2.84807  5.07132  
3.32744 3.04209 3.12522  5.24824  
3.11629 3.20318 3.45854  5.73048  
3.38646 3.002 4.90729  2.92921  
2.79364 3.67532 2.79268  5.64528  
3.28396 3.07123 4.6677  2.92908  
3.79019 2.7786 4.68058  2.92814  
2.78367 3.73959 3.87629  2.80688  
3.18847 3.14199 4.0975  2.82611  
3.57625 2.88806 4.71754  2.89181  
3.53254 2.91458 4.04774  2.84905  
2.89499 3.44646 3.91506  2.85138  
3.69468 2.82408 3.88975  2.87031  
3.78142 2.77924 3.79844  2.87549  
3.71303 2.81422 3.80885  2.88885  
3.05075 3.26105 4.23024  2.91111  
2.86923 3.48465 4.46788  2.88046  
3.76472 2.78798 3.9191  2.94506  
2.92357 3.40313 3.93516  2.94526  
2.91835 3.41215 3.71124  2.93982  
3.10396 3.21222 3.89718  2.98854  
3.45284 2.95998 3.69392  2.96139  
2.97769 3.33639 3.72731  2.98303  
2.98939 3.3241 3.8326  3.01583  
2.96097 3.35649 3.79781  3.02066  
2.82 3.58499 3.47027  2.96114  
3.04298 3.26837 3.86172  3.05282  
2.80846 3.61668 3.65821  3.03929  
3.33383 3.03685 3.63488  3.04839  
3.49987 2.93173 3.65202  3.06279  
2.84696 3.52599 3.76855  3.11112  
3.2306 3.11055 3.80904  3.10552  
2.88241 3.46423 3.58988  3.0937  
3.40578 2.98949 3.54993  3.09474  
3.54124 2.90791 3.57226  3.12255  
3.44108 2.96774 3.4764  3.09185  
3.00236 3.31003 3.53412  3.13411  
3.72554 2.80768 3.41905  3.09642  
2.96932 3.34612 3.53432  3.1691  
3.42806 2.9768 3.61029  3.2266  
3.24939 3.09613 3.47496  3.16853  
2.77998 3.77664 3.37511  3.13243  
2.83021 3.56018 3.52712  3.24373  
3.06598 3.24664 3.3733  3.15739  
3.65362 2.84522 3.65591  3.22699  
3.12656 3.19238 3.45355  3.25284  
2.88914 3.45459 3.47219  3.28668  
2.9284 3.39651 3.45279  3.3437  
3.01293 3.29903 3.39395  3.26891  
2.99649 3.31615 3.38519  3.28539  
3.55753 2.89851 3.43035  3.32612  
2.93939 3.3831 3.28709  3.23881  
3.15259 3.17046 3.27159  3.24118  
3.27337 3.07832 3.28163  3.26395  
3.24101 3.1023 3.37987  3.39583  
3.13606 3.18439 3.24664  3.27465  
2.80191 3.64384 3.2516  3.29845  
2.87602 3.47412 3.41531  3.40645  
3.09563 3.21988 3.30899  3.41161  
3.26413 3.08495 3.20326  3.30294  
3.62775 2.8598 3.28758  3.4411  
3.46158 2.95446 3.26079  3.43238  
2.85321 3.51381 3.26195  3.46528  
3.32124 3.04678 3.24768  3.47464  
3.16977 3.15687 3.23125  3.47314  
3.08319 3.23069 2.79296  5.3044  
3.41231 2.98511 3.15123  3.40397  
3.60419 2.87304 3.17947  3.62842  
3.20551 3.12839 3.11581  3.39901  
2.81264 3.6063 3.17215  3.53944  
3.36553 3.01542 3.03176  3.28644  
2.91212 3.41933 3.091  3.43616  
3.47356 2.94733 3.07777  3.44001  
3.68055 2.83121 3.06235  3.50704  
3.14612 3.17597 3.06052  3.46277  
3.21339 3.12228 3.04874  3.46667  
2.78897 3.70824 3.0732  3.6591  
3.63785 2.85421 3.03194  3.4955  
2.90381 3.43013 3.06947  3.6572  
3.59151 2.87994 3.04363  3.62911  
3.39512 2.99624 3.02781  3.62069  
3.05732 3.25468 3.00203  3.57441  
3.30026 3.05939 3.01394  3.68107  
3.19854 3.13435 3.00304  3.68169  
3.61704 2.86548 3.00428  3.71613  
3.17726 3.1505 2.9832  3.71376  
3.51702 2.92159 2.9565  3.77051  
3.07168 3.24097 2.95915  3.73267  
3.03197 3.27804 2.95018  3.76926  
3.29178 3.06521 2.93559  3.7537  
3.48723 2.93947 2.93417  3.82201  
3.02125 3.29 2.92782  3.8853  
3.22392 3.11434 2.93531  4.03359  
3.35128 3.02466 2.94512  4.34364  
2.83892 3.54047 2.86839  4.2911  
3.37886 3.00676 2.86552  3.84802  
2.95216 3.3689 2.87427  4.23519  
2.85859 3.5031 2.8239  4.2104  
3.30914 3.05454 2.82438  4.19082  
3.6676 2.83808 2.82206  4.18109  
3.74897 2.79564 2.82217  4.38923  
3.1619 3.16282 2.80198  4.1949  
3.11559 3.20185 2.79268  5.06371  
3.13907 2.94383 3.78218  2.54228  
3.71055 2.58129 2.77645  3.54132  
3.62949 2.62284 3.78065  2.54637  
3.27636 2.83938 3.75881  2.55473  
2.98117 3.09685 3.73902  2.56572  
2.77645 3.54132 3.7218  2.57674  
3.48149 2.70625 3.70198  2.58648  
3.00442 3.07084 3.68209  2.59611  
2.87591 3.23544 3.66453  2.60337  
2.83096 3.32075 3.64601  2.61425  
3.53857 2.67294 3.62949  2.62284  
3.1524 2.93247 3.61423  2.6322  
3.58304 2.64792 3.59507  2.64056  
2.7799 3.51344 3.58252  2.64931  
2.80283 3.39451 3.56903  2.65846  
3.12261 2.95794 3.55075  2.66584  
2.89268 3.21072 3.53792  2.67454  
3.21756 2.88056 3.52424  2.682  
3.17484 2.91597 3.50965  2.69061  
2.78212 3.48852 3.49635  2.69862  
3.28959 2.83125 3.48235  2.70642  
3.18305 2.90901 3.46803  2.71399  
2.79919 3.40569 3.45714  2.72198  
3.6858 2.5925 3.44184  2.72929  
2.90783 3.18827 3.4316  2.73725  
3.78218 2.54228 3.42013  2.74516  
3.61069 2.63243 3.40577  2.75163  
3.04977 3.02467 3.39522  2.75962  
3.07772 2.99769 3.38395  2.76705  
2.94778 3.13405 3.37228  2.77358  
2.86337 3.25631 3.36086  2.78095  
3.32516 2.80565 3.3507  2.7895  
3.0969 2.97954 3.33969  2.79677  
3.33923 2.79677 3.33024  2.80456  
2.86936 3.24792 3.3187  2.8112  
3.43089 2.73763 3.30805  2.81842  
3.16428 2.92391 3.29876  2.82576  
3.49635 2.69862 3.28816  2.83313  
3.75881 2.55414 3.27636  2.83938  
2.84663 3.28647 3.26741  2.84656  
2.81566 3.35752 3.25733  2.85396  
3.30767 2.81834 3.24674  2.85992  
3.73902 2.56572 3.23804  2.86708  
2.92356 3.16359 3.22722  2.87352  
2.98984 3.08615 3.21807  2.88056  
2.85406 3.274 3.20957  2.88864  
2.83422 3.31028 3.20122  2.89587  
2.99687 3.07875 3.19158  2.902  
3.37228 2.77358 3.18305  2.90935  
2.93621 3.14975 3.17455  2.91631  
3.10624 2.97122 3.16428  2.92391  
2.97321 3.10462 3.157  2.93069  
3.3479 2.79001 3.14866  2.93762  
3.29876 2.82399 3.13907  2.94383  
3.04165 3.03308 3.13119  2.95158  
3.23804 2.86689 3.12261  2.95794  
3.55101 2.66491 3.1145  2.96572  
3.05792 3.01751 3.10607  2.97146  
3.64403 2.61458 3.09705  2.97954  
3.441 2.72946 3.09034  2.98791  
3.42023 2.74506 3.08187  2.99562  
3.03464 3.03863 3.07332  3.00097  
2.78879 3.45056 3.06546  3.00867  
2.90105 3.19721 3.05834  3.01751  
3.01978 3.05306 3.05027  3.02441  
3.19919 2.8962 3.04328  3.03328  
2.80915 3.37417 3.03464  3.03928  
3.25631 2.85401 3.02652  3.04703  
3.11503 2.96481 3.01917  3.0549  
3.7458 2.56001 3.01211  3.06461  
3.52588 2.68037 3.00378  3.07168  
3.38017 2.7678 2.99687  3.07933  
3.13093 2.95161 2.98966  3.08817  
3.19158 2.90125 2.98119  3.09685  
3.50965 2.6904 2.97402  3.10462  
3.24674 2.85992 2.96697  3.11432  
3.59444 2.64079 2.95834  3.12105  
3.46803 2.71399 2.95134  3.13404  
3.3185 2.81095 2.94403  3.1423  
3.06491 3.00867 2.93621  3.14975  
3.08959 2.98795 2.93034  3.16047  
3.45969 2.71841 2.92199  3.1677  
2.88461 3.2208 2.91467  3.17972  
2.95734 3.12111 2.90732  3.18904  
3.66453 2.60337 2.89986  3.19934  
3.57515 2.65243 2.89272  3.21076  
3.39522 2.75956 2.88461  3.2208  
2.91501 3.17616 2.8777  3.23666  
3.40577 2.75144 2.86984  3.24768  
2.8389 3.30174 2.86256  3.26074  
3.22697 2.87352 2.85406  3.274  
3.20878 2.88864 2.84675  3.28647  
3.7218 2.57674 2.83922  3.30174  
3.26637 2.84656 2.83096  3.32075  
3.02652 3.04703 2.82235  3.33702  
2.96736 3.11272 2.81538  3.35773  
3.36086 2.78095 2.80756  3.38342  
2.82184 3.33709 2.79901  3.40696  
2.79321 3.43488 2.79046  3.44134  
3.01393 3.06085 2.78129  3.51336  
0.595206 1.89092 1.58762  0.977258  
0.605512 1.84788 0.587863  1.96721  
0.587863 1.96721 1.57916  0.981496  
1.15811 1.22197 1.55785  0.992255  
1.38648 1.08348 1.54086  1.00092  
0.620158 1.7972 1.51996  1.01168  
1.07525 1.27898 1.50181  1.02113  
0.679447 1.67439 1.49181  1.02978  
1.02736 1.31417 1.46851  1.0387  
0.612146 1.82104 1.45219  1.04744  
0.629648 1.77253 1.43436  1.05708  
1.23754 1.1711 1.41877  1.06559  
0.898274 1.41995 1.40257  1.07452  
1.32898 1.11625 1.38648  1.08348  
1.27667 1.14718 1.37395  1.09051  
1.47794 1.03369 1.35691  1.10018  
1.45219 1.04744 1.34358  1.10781  
0.591432 1.91662 1.32898  1.11625  
1.49181 1.02638 1.31514  1.12432  
1.51996 1.01168 1.30234  1.13186  
1.1056 1.25758 1.28992  1.13924  
1.06586 1.28574 1.27626  1.14743  
1.50181 1.02113 1.26221  1.15594  
1.01803 1.32124 1.25033  1.1632  
1.03559 1.30799 1.23754  1.1711  
1.22597 1.17831 1.22597  1.17831  
1.21418 1.18572 1.21418  1.18572  
0.6001 1.86612 1.20244  1.19317  
0.731108 1.59858 1.1912  1.20038  
1.25033 1.1632 1.17934  1.20805  
1.28992 1.13924 1.16791  1.21552  
0.821866 1.49335 1.15811  1.22197  
1.58762 0.977258 1.14611  1.22996  
0.974933 1.35496 1.13565  1.23699  
1.31514 1.12432 1.12501  1.24422  
1.40257 1.07452 1.11447  1.25144  
0.648688 1.73036 1.1046  1.25828  
1.00064 1.33463 1.09547  1.26465  
1.43436 1.05708 1.08464  1.27229  
0.63741 1.75437 1.07514  1.27906  
0.864276 1.45134 1.06586  1.28574  
1.08464 1.27229 1.05619  1.29277  
0.66302 1.70286 1.04695  1.29955  
1.1912 1.20038 1.03559  1.30799  
1.16791 1.21552 1.02736  1.31417  
0.671467 1.68787 1.01803  1.32124  
1.26487 1.15432 1.00952  1.32776  
0.754542 1.5688 1.00064  1.33463  
0.829745 1.48527 0.992945  1.34065  
1.34358 1.10781 0.982504  1.3489  
0.738163 1.58937 0.974363  1.35542  
0.687635 1.66116 0.965499  1.36258  
0.702222 1.63887 0.957098  1.36946  
0.709827 1.62781 0.948086  1.37692  
1.37395 1.09051 0.940594  1.38319  
0.624769 1.78482 0.932253  1.39025  
0.775358 1.54407 0.92349  1.39777  
0.642315 1.74362 0.916034  1.40424  
0.724121 1.60792 0.907626  1.41162  
0.654357 1.71913 0.898795  1.41949  
0.789933 1.52755 0.891202  1.42633  
1.30234 1.13186 0.88294  1.43389  
0.74657 1.57868 0.874931  1.44131  
0.694277 1.65082 0.867415  1.44837  
1.46851 1.0387 0.859154  1.45624  
0.767466 1.55327 0.851798  1.46334  
1.18012 1.20754 0.843405  1.47158  
1.14611 1.22996 0.83667  1.47828  
1.20244 1.19317 0.828678  1.48636  
0.982504 1.3489 0.820865  1.49438  
1.09547 1.26465 0.813673  1.50189  
0.797795 1.5189 0.805755  1.51029  
0.965499 1.36258 0.797795  1.5189  
1.04518 1.30086 0.789933  1.52755  
1.41877 1.06559 0.78393  1.53428  
1.05619 1.29277 0.776014  1.54331  
0.78393 1.53428 0.767803  1.55288  
0.717962 1.61636 0.76128  1.56063  
1.12501 1.24422 0.753313  1.57031  
0.805755 1.51029 0.74657  1.57868  
0.907626 1.41162 0.738163  1.58937  
1.13565 1.23699 0.732311  1.59699  
1.56425 0.989013 0.724121  1.60792  
1.11447 1.25144 0.717962  1.61636  
0.925005 1.39646 0.709827  1.62781  
0.891202 1.42633 0.702222  1.63887  
0.940594 1.38319 0.694277  1.65082  
1.35691 1.10018 0.687635  1.66116  
1.53826 1.00225 0.679468  1.67436  
0.992945 1.34065 0.673114  1.68787  
0.874931 1.44131 0.664523  1.70286  
0.813612 1.50195 0.657156  1.7173  
0.882596 1.4342 0.648845  1.73004  
1.55302 0.994714 0.642315  1.74362  
0.932253 1.39025 0.634197  1.7617  
0.916034 1.40424 0.625665  1.7825  
0.949822 1.37547 0.617874  1.80366  
1.00952 1.32776 0.6101  1.82773  
0.843405 1.47158 0.601449  1.8602  
0.851798 1.46334 0.592222  1.91042  
0.58578 1.96898 1.58562  0.977254  
1.46531 1.03933 0.58578  1.96898  
1.55138 0.994581 1.57593  0.982082  
0.980137 1.34872 1.55547  0.992255  
0.621268 1.78832 1.53654  1.00206  
1.36965 1.0918 1.5178  1.01171  
1.08234 1.27203 1.49997  1.02116  
0.729237 1.59833 1.48231  1.03048  
0.678765 1.67178 1.465  1.03949  
1.27552 1.1466 1.44785  1.04864  
1.21123 1.1859 1.43144  1.05738  
0.931402 1.38917 1.41584  1.0659  
1.35523 1.10008 1.39988  1.07488  
0.744241 1.57875 1.38478  1.08339  
1.53601 1.00244 1.36965  1.0918  
1.05215 1.29417 1.35523  1.10008  
0.608397 1.82751 1.34086  1.1083  
1.13407 1.23684 1.32682  1.11637  
0.598001 1.86635 1.31313  1.12434  
1.49997 1.02116 1.29951  1.13235  
1.5178 1.01171 1.28672  1.1402  
0.759875 1.55959 1.27329  1.14797  
1.17708 1.20797 1.26056  1.15569  
1.23594 1.17083 1.24824  1.16334  
0.692142 1.65047 1.23594  1.17083  
1.28691 1.13985 1.22365  1.17842  
1.20013 1.19329 1.21211  1.1859  
1.07245 1.27925 1.20013  1.19329  
1.2236 1.17842 1.18878  1.20072  
1.1659 1.21524 1.17733  1.20797  
0.593024 1.89173 1.16625  1.21524  
0.616308 1.80322 1.15529  1.22244  
1.26056 1.15569 1.14385  1.22967  
1.1127 1.25103 1.13407  1.23684  
1.09253 1.26513 1.12376  1.2438  
1.32691 1.11634 1.11313  1.25103  
0.639904 1.74464 1.10257  1.25812  
0.662333 1.69899 1.09262  1.2651  
1.14385 1.22967 1.08234  1.27203  
0.715022 1.61738 1.07302  1.27925  
1.12376 1.2438 1.06327  1.28615  
1.40155 1.07395 1.05386  1.29303  
1.34053 1.1083 1.0439  1.30014  
0.626648 1.77525 1.03491  1.30707  
1.18932 1.20032 1.02558  1.31399  
0.655392 1.71262 1.01644  1.32093  
1.38478 1.08339 1.0072  1.32793  
1.0439 1.30014 0.997911  1.33501  
1.43144 1.05738 0.990058  1.34131  
1.03491 1.30707 0.980137  1.34872  
0.722654 1.60729 0.972044  1.35567  
1.31401 1.12381 0.963798  1.36212  
0.685449 1.6613 0.954721  1.3695  
0.63219 1.76211 0.94613  1.37689  
0.997911 1.33501 0.937843  1.38392  
0.83479 1.47831 0.929833  1.39072  
1.063 1.28615 0.921549  1.39756  
1.58562 0.977254 0.91294  1.4048  
0.75322 1.56757 0.90493  1.41204  
0.891377 1.42418 0.897057  1.4194  
0.6478 1.72787 0.888814  1.42657  
0.85005 1.46324 0.88108  1.43368  
1.01644 1.32093 0.872982  1.44101  
1.15461 1.22268 0.865184  1.44838  
0.963798 1.36212 0.857519  1.45587  
0.80418 1.5099 0.85005  1.46324  
0.700655 1.6383 0.84197  1.47084  
1.10257 1.25812 0.834591  1.47842  
0.774441 1.54275 0.826808  1.48601  
1.0072 1.32793 0.81901  1.49377  
0.78889 1.52651 0.811874  1.50181  
0.670812 1.68509 0.80418  1.5099  
1.4485 1.04815 0.796712  1.51795  
0.872982 1.44101 0.78889  1.52651  
0.857519 1.45587 0.782027  1.53419  
0.707847 1.62766 0.774441  1.54275  
1.24831 1.16316 0.766855  1.55132  
0.954721 1.3695 0.759639  1.56017  
0.88108 1.43368 0.751465  1.57027  
0.811874 1.50181 0.744819  1.57812  
0.84197 1.47084 0.73673  1.58878  
0.796712 1.51795 0.73012  1.59739  
0.587701 1.9326 0.722654  1.60729  
0.601745 1.85045 0.715093  1.61738  
0.73635 1.58878 0.707933  1.62766  
0.943982 1.37845 0.700835  1.6383  
1.56992 0.985093 0.693189  1.64936  
1.29951 1.13235 0.685668  1.6613  
0.904324 1.41238 0.678292  1.6727  
1.48231 1.03048 0.670812  1.68509  
0.826808 1.48601 0.662333  1.69899  
0.766855 1.55132 0.655565  1.71262  
0.912718 1.4048 0.6478  1.72787  
1.41584 1.0659 0.639904  1.74464  
1.02558 1.31399 0.63219  1.76211  
0.865184 1.44838 0.624084  1.78079  
0.81901 1.49377 0.616308  1.80322  
0.782027 1.53419 0.607601  1.82961  
0.990058 1.34131 0.598913  1.86307  
0.921549 1.39756 0.590606  1.91575  
0.392219 1.93343 1.39011  0.977284  
0.399329 1.88219 0.390388  1.96799  
1.09089 1.14018 1.38019  0.982258  
0.395849 1.90272 1.36041  0.992249  
0.407943 1.84437 1.34116  1.00207  
0.970849 1.21525 1.32249  1.01169  
0.839391 1.30705 1.30428  1.02117  
0.927932 1.24396 1.2866  1.03046  
1.06514 1.1557 1.26931  1.03963  
1.10407 1.13234 1.25251  1.04864  
0.452161 1.72847 1.23615  1.05749  
0.571578 1.55142 1.22009  1.06626  
1.32193 1.01198 1.20445  1.07488  
0.981972 1.20799 1.18917  1.08339  
1.30428 1.02117 1.17423  1.09179  
0.593294 1.52664 1.15963  1.10007  
0.422606 1.79746 1.14533  1.10826  
0.42904 1.78037 1.13126  1.1164  
0.907421 1.25808 1.11754  1.12441  
0.489921 1.66156 1.10407  1.13234  
1.03982 1.17126 1.09089  1.14018  
1.25319 1.04827 1.07787  1.14799  
1.14533 1.10826 1.06514  1.1557  
0.99327 1.20068 1.05266  1.16334  
0.41295 1.8267 1.04038  1.17091  
0.878435 1.27852 1.02831  1.17844  
1.23615 1.05749 1.01649  1.18587  
0.830136 1.31399 1.00477  1.19331  
0.41784 1.81125 0.99327  1.20068  
1.11851 1.12384 0.981972  1.20799  
1.01649 1.18587 0.970849  1.21525  
0.527255 1.60712 0.959889  1.22248  
0.857625 1.29358 0.949089  1.22967  
0.600803 1.51838 0.938436  1.23683  
0.467756 1.69888 0.927932  1.24396  
1.34023 1.00255 0.917634  1.25101  
1.35906 0.992934 0.907374  1.25811  
1.17423 1.09179 0.897292  1.26516  
0.615815 1.50231 0.887334  1.27218  
1.07787 1.14799 0.877532  1.27917  
0.897558 1.26497 0.867804  1.28617  
0.444585 1.7442 0.858223  1.29314  
0.646937 1.4706 0.848742  1.30011  
0.402655 1.86605 0.839391  1.30705  
1.22136 1.06556 0.830136  1.31399  
1.13126 1.1164 0.820975  1.32093  
1.19122 1.08225 0.811903  1.32788  
1.20445 1.07488 0.802949  1.33481  
1.15949 1.10015 0.794074  1.34176  
0.959889 1.22248 0.785329  1.34868  
1.02809 1.17857 0.776595  1.35566  
0.436926 1.76126 0.767963  1.36265  
1.37088 0.986946 0.759438  1.36962  
0.521049 1.6156 0.750965  1.37664  
0.938436 1.23683 0.742576  1.38366  
0.390388 1.96799 0.73427  1.3907  
0.459674 1.7138 0.726013  1.39778  
0.802949 1.33481 0.717825  1.40489  
0.848742 1.30011 0.709702  1.41203  
0.475306 1.68564 0.701642  1.41921  
0.51248 1.62765 0.693624  1.42644  
0.534602 1.59732 0.685711  1.43367  
0.73427 1.3907 0.677783  1.44102  
0.54933 1.57841 0.669966  1.44836  
0.482811 1.67304 0.662158  1.45579  
0.785329 1.34868 0.654406  1.46328  
0.623812 1.49396 0.64669  1.47084  
0.726013 1.39778 0.639024  1.47847  
0.497701 1.64947 0.631384  1.48619  
1.00485 1.19325 0.623812  1.49396  
0.887334 1.27218 0.61625  1.50185  
1.26931 1.03963 0.60872  1.50984  
0.541962 1.58775 0.601228  1.51792  
0.639024 1.47847 0.593753  1.52613  
0.669966 1.44836 0.586315  1.53446  
0.759438 1.36962 0.578853  1.54296  
0.867804 1.28617 0.571471  1.55155  
0.556697 1.56927 0.56407  1.56033  
0.677783 1.44102 0.556697  1.56927  
0.505091 1.63838 0.54933  1.57841  
0.56407 1.56033 0.541962  1.58775  
0.769129 1.3617 0.534602  1.59732  
0.685711 1.43367 0.527255  1.60712  
0.693624 1.42644 0.519882  1.61722  
0.917634 1.25101 0.51248  1.62765  
0.578853 1.54296 0.505091  1.63838  
0.60872 1.50984 0.497701  1.64947  
1.28676 1.03037 0.490266  1.66102  
1.39011 0.977284 0.482811  1.67304  
0.949089 1.22967 0.475306  1.68564  
0.820975 1.32093 0.467756  1.69888  
0.794074 1.34176 0.460128  1.71294  
0.811903 1.32788 0.452486  1.72782  
0.586315 1.53446 0.444761  1.74383  
1.05266 1.16334 0.436926  1.76126  
0.662158 1.45579 0.428966  1.78056  
0.701642 1.41921 0.420857  1.80239  
0.717825 1.40489 0.412558  1.82801  
0.709702 1.41203 0.403998  1.86016  
0.750965 1.37664 0.395081  1.90807  
0.392219 1.93343 1.39011  0.977284  
0.417701 1.81167 0.3904  1.96736  
0.395886 1.90247 1.38019  0.982259  
0.399421 1.8817 1.36038  0.992264  
1.17423 1.09179 1.34115  1.00207  
0.402894 1.86498 1.32245  1.01171  
0.709457 1.41225 1.30428  1.02117  
0.3904 1.96736 1.28657  1.03048  
0.528076 1.60601 1.26932  1.03963  
0.422655 1.79732 1.25251  1.04864  
0.513786 1.62579 1.23611  1.05751  
0.452132 1.72853 1.22009  1.06626  
1.35326 0.995883 1.20445  1.07488  
1.37061 0.987083 1.18917  1.08339  
0.51995 1.61712 1.17423  1.09179  
0.917579 1.25105 1.15961  1.10008  
1.08002 1.1467 1.14529  1.10829  
0.959889 1.22248 1.13126  1.1164  
1.06517 1.15569 1.11753  1.12441  
1.02831 1.17844 1.10406  1.13235  
1.26984 1.03935 1.09086  1.1402  
0.948366 1.23015 1.07787  1.14799  
0.46703 1.70019 1.06517  1.15569  
1.15961 1.10008 1.05266  1.16334  
1.11764 1.12435 1.04038  1.17092  
0.938436 1.23683 1.02831  1.17844  
1.20563 1.07423 1.01645  1.1859  
1.22066 1.06595 1.00477  1.19331  
0.564466 1.55986 0.993287  1.20067  
0.407978 1.84424 0.981978  1.20798  
1.34021 1.00256 0.970849  1.21525  
0.993287 1.20067 0.959889  1.22248  
0.685692 1.43369 0.949086  1.22967  
0.459556 1.71403 0.938436  1.23683  
0.759523 1.36955 0.927941  1.24395  
0.927941 1.24395 0.917579  1.25105  
1.25324 1.04824 0.90737  1.25811  
0.858231 1.29313 0.897292  1.26516  
0.768849 1.36193 0.887346  1.27217  
0.820975 1.32093 0.877509  1.27919  
1.19117 1.08228 0.867815  1.28616  
0.90737 1.25811 0.858231  1.29313  
1.30422 1.0212 0.848763  1.30009  
0.877509 1.27919 0.839391  1.30705  
0.794075 1.34176 0.830133  1.31399  
0.412569 1.82797 0.820975  1.32093  
1.10467 1.13199 0.811914  1.32787  
0.428966 1.78056 0.802949  1.33481  
0.436926 1.76126 0.794075  1.34176  
0.444762 1.74382 0.785291  1.34871  
0.497701 1.64947 0.776595  1.35566  
0.811914 1.32787 0.767963  1.36265  
1.32192 1.01199 0.759438  1.36962  
1.14529 1.10829 0.750965  1.37664  
1.39011 0.977284 0.742576  1.38366  
0.489764 1.66181 0.734259  1.39071  
0.734259 1.39071 0.726013  1.39778  
0.482811 1.67304 0.717825  1.40489  
1.13173 1.11612 0.709702  1.41203  
0.475306 1.68564 0.701642  1.41921  
1.05202 1.16373 0.693624  1.42644  
0.887346 1.27217 0.685692  1.43369  
0.970849 1.21525 0.677799  1.441  
1.00477 1.19331 0.669946  1.44837  
0.80322 1.3346 0.66215  1.4558  
0.534602 1.59732 0.654406  1.46328  
0.631398 1.48617 0.64669  1.47084  
1.01645 1.1859 0.639025  1.47847  
1.03909 1.17171 0.631398  1.48617  
0.586312 1.53446 0.623806  1.49397  
0.593753 1.52613 0.61625  1.50185  
1.09235 1.13931 0.60872  1.50984  
0.61625 1.50185 0.601228  1.51792  
0.571471 1.55155 0.593753  1.52613  
1.23611 1.05751 0.586312  1.53446  
0.838924 1.3074 0.578885  1.54293  
0.830037 1.31406 0.571471  1.55155  
0.750965 1.37664 0.564087  1.56031  
0.556697 1.56927 0.556697  1.56927  
0.541974 1.58774 0.54933  1.57841  
0.898153 1.26455 0.541974  1.58774  
0.677799 1.441 0.534602  1.59732  
0.54933 1.57841 0.527246  1.60713  
0.60872 1.50984 0.519882  1.61722  
0.505117 1.63835 0.512508  1.62761  
0.866928 1.28681 0.505117  1.63835  
0.601228 1.51792 0.497701  1.64947  
0.693624 1.42644 0.490266  1.66102  
0.717825 1.40489 0.482812  1.67303  
0.785291 1.34871 0.475306  1.68564  
0.66215 1.4558 0.467756  1.69888  
0.64669 1.47084 0.460173  1.71286  
0.654406 1.46328 0.452498  1.7278  
0.578885 1.54293 0.444762  1.74382  
1.28676 1.03037 0.436926  1.76126  
0.639025 1.47847 0.428966  1.78056  
0.848763 1.30009 0.420863  1.80237  
0.981978 1.20798 0.412569  1.82797  
0.726013 1.39778 0.404027  1.86004  
0.669946 1.44837 0.395072  1.90813  
0.392219 1.93343 1.39011  0.977284  
0.878028 1.27881 0.390401  1.9673  
0.395886 1.90247 1.38019  0.982259  
0.399421 1.8817 1.36038  0.992264  
1.28678 1.03036 1.34114  1.00208  
0.402894 1.86498 1.32245  1.01171  
1.35525 0.994872 1.30428  1.02117  
0.44466 1.74404 1.28657  1.03048  
1.25349 1.04811 1.26932  1.03963  
0.856956 1.29407 1.25251  1.04864  
0.414306 1.82226 1.23611  1.05751  
0.794075 1.34176 1.22009  1.06626  
0.520508 1.61635 1.20445  1.07488  
0.830133 1.31399 1.18917  1.08339  
0.571603 1.55139 1.17423  1.09179  
1.37462 0.98506 1.15961  1.10009  
1.05266 1.16334 1.14528  1.10829  
0.887346 1.27217 1.13126  1.1164  
1.13126 1.1164 1.11752  1.12442  
1.20607 1.07399 1.10405  1.13235  
1.04038 1.17092 1.09086  1.1402  
1.26998 1.03928 1.07789  1.14798  
0.917589 1.25104 1.06515  1.1557  
0.527744 1.60646 1.05266  1.16334  
0.390401 1.9673 1.04038  1.17092  
0.407993 1.84418 1.02831  1.17844  
0.907381 1.25811 1.01645  1.1859  
0.897292 1.26516 1.00477  1.19331  
0.927941 1.24395 0.993287  1.20067  
0.767138 1.36332 0.981978  1.20798  
1.11765 1.12434 0.970849  1.21525  
1.06515 1.1557 0.959883  1.22248  
0.959883 1.22248 0.949086  1.22967  
1.23636 1.05737 0.938436  1.23683  
0.482065 1.67427 0.927941  1.24395  
0.428967 1.78056 0.917589  1.25104  
1.10405 1.13235 0.90737  1.25811  
1.22009 1.06626 0.897292  1.26516  
0.436921 1.76128 0.887346  1.27217  
0.811914 1.32787 0.877518  1.27918  
0.820916 1.32098 0.867815  1.28616  
1.30412 1.02125 0.858231  1.29313  
0.600554 1.51866 0.848758  1.30009  
0.948397 1.23013 0.839391  1.30705  
1.18917 1.08339 0.830133  1.31399  
0.867815 1.28616 0.820975  1.32093  
1.32199 1.01195 0.811914  1.32787  
0.467769 1.69886 0.802949  1.33481  
1.02831 1.17844 0.794075  1.34176  
0.475313 1.68562 0.785291  1.34871  
1.39011 0.977284 0.776595  1.35566  
0.669948 1.44837 0.767963  1.36265  
0.452422 1.72795 0.759425  1.36963  
0.982425 1.20769 0.750965  1.37664  
0.460173 1.71286 0.74258  1.38366  
1.17379 1.09204 0.734259  1.39071  
1.34026 1.00253 0.726009  1.39779  
0.839391 1.30705 0.717825  1.40489  
0.685692 1.43369 0.709702  1.41203  
0.505117 1.63835 0.701642  1.41921  
1.07664 1.14873 0.693637  1.42643  
0.497702 1.64947 0.685692  1.43369  
0.785291 1.34871 0.677799  1.441  
0.42111 1.80167 0.669948  1.44837  
0.512508 1.62761 0.66215  1.4558  
0.489299 1.66255 0.654406  1.46328  
0.593753 1.52613 0.64669  1.47084  
1.14528 1.10829 0.639031  1.47846  
0.993287 1.20067 0.631398  1.48617  
1.15961 1.10009 0.623811  1.49396  
0.75234 1.37549 0.61625  1.50185  
0.578884 1.54293 0.608723  1.50983  
0.677799 1.441 0.601228  1.51792  
0.564077 1.56033 0.593753  1.52613  
0.54933 1.57841 0.58631  1.53446  
0.556702 1.56927 0.578884  1.54293  
0.58631 1.53446 0.571472  1.55155  
0.608723 1.50983 0.564077  1.56033  
0.970849 1.21525 0.556702  1.56927  
0.623811 1.49396 0.54933  1.57841  
0.734259 1.39071 0.54197  1.58774  
0.534602 1.59732 0.534602  1.59732  
0.631398 1.48617 0.527246  1.60713  
0.938436 1.23683 0.519882  1.61722  
0.717825 1.40489 0.512508  1.62761  
0.701403 1.41942 0.505117  1.63835  
0.54197 1.58774 0.497702  1.64947  
0.776595 1.35566 0.490274  1.66101  
0.726009 1.39779 0.482812  1.67303  
0.639031 1.47846 0.475313  1.68562  
0.709702 1.41203 0.467769  1.69886  
1.01645 1.1859 0.460173  1.71286  
0.654406 1.46328 0.452498  1.7278  
1.09086 1.1402 0.444762  1.74382  
0.64669 1.47084 0.436921  1.76128  
0.66215 1.4558 0.428967  1.78056  
0.61625 1.50185 0.420863  1.80237  
0.802949 1.33481 0.412572  1.82796  
1.00477 1.19331 0.404027  1.86004  
0.74258 1.38366 0.395072  1.90813  
