4.50047 4.44367 4.50047  4.44367  
8.21538 6.52141 8.21538  6.52141  
6.83998 7.56596 6.83998  7.56596  
8.79411 7.55086 8.79411  7.55086  
5.93965 4.35377 5.93965  4.35377  
8.41743 5.6554 8.41743  5.6554  
5.40105 5.55473 5.40105  5.55473  
7.93629 5.80822 7.93629  5.80822  
4.75954 3.72751 4.75954  3.72751  
8.00279 4.34311 8.00279  4.34311  
5.02221 5.068 5.02221  5.068  
4.98232 4.9738 4.98232  4.9738  
4.92165 3.94504 4.92165  3.94504  
7.2506 5.75572 7.2506  5.75572  
5.52423 7.40983 5.52423  7.40983  
6.65402 6.31932 6.65402  6.31932  
5.16349 5.4568 5.16349  5.4568  
6.07825 5.15411 6.07825  5.15411  
6.25328 6.97971 6.25328  6.97971  
6.38048 5.76262 6.38048  5.76262  
6.67592 5.08309 6.67592  5.08309  
5.39944 4.73086 5.39944  4.73086  
4.78224 4.7937 4.78224  4.7937  
5.79961 6.39163 5.79961  6.39163  
5.95556 4.42951 5.95556  4.42951  
9.32964 6.29958 9.32964  6.29958  
8.01944 7.73455 8.01944  7.73455  
6.1161 4.73493 6.1161  4.73493  
7.74438 6.95067 7.74438  6.95067  
6.8498 6.38661 6.8498  6.38661  
6.18346 4.35599 6.18346  4.35599  
5.79629 5.74656 5.79629  5.74656  
4.29437 7.3903 4.29437  7.3903  
6.55723 6.51347 6.55723  6.51347  
5.68774 4.35472 5.68774  4.35472  
5.04885 4.99398 5.04885  4.99398  
5.34165 5.26494 5.34165  5.26494  
7.26795 5.11471 7.26795  5.11471  
4.60319 4.73088 4.60319  4.73088  
7.77306 8.89955 7.77306  8.89955  
5.42036 5.12589 5.42036  5.12589  
6.01786 5.44356 6.01786  5.44356  
9.71997 7.8088 9.71997  7.8088  
5.14215 4.92038 5.14215  4.92038  
7.60212 8.34606 7.60212  8.34606  
9.21613 6.86543 9.21613  6.86543  
5.0346 4.6287 5.0346  4.6287  
8.86849 5.15976 8.86849  5.15976  
6.07012 5.35847 6.07012  5.35847  
5.57166 5.26066 5.57166  5.26066  
4.38397 4.35284 4.38397  4.35284  
5.62579 4.63561 5.62579  4.63561  
4.74203 4.36169 4.74203  4.36169  
7.06409 7.729 7.06409  7.729  
4.69282 4.89107 4.69282  4.89107  
5.30454 6.45042 5.30454  6.45042  
6.959 6.3944 6.959  6.3944  
5.03641 4.0326 5.03641  4.0326  
5.85897 6.17287 5.85897  6.17287  
6.9707 4.47346 6.9707  4.47346  
7.49413 6.24198 7.49413  6.24198  
5.43107 5.42697 5.43107  5.42697  
7.5605 9.19112 7.5605  9.19112  
5.00192 4.52447 5.00192  4.52447  
6.61324 6.51183 6.61324  6.51183  
7.19481 4.44781 7.19481  4.44781  
6.93921 6.59803 6.93921  6.59803  
5.34678 5.03311 5.34678  5.03311  
5.25335 4.06285 5.25335  4.06285  
6.14669 7.05782 6.14669  7.05782  
9.88142 7.55727 9.88142  7.55727  
6.61263 6.97468 6.61263  6.97468  
5.94451 5.31616 5.94451  5.31616  
5.55803 5.14859 5.55803  5.14859  
5.41369 4.62325 5.41369  4.62325  
4.98574 5.32571 4.98574  5.32571  
5.54988 4.48727 5.54988  4.48727  
5.46147 5.57214 5.46147  5.57214  
5.37924 6.43887 5.37924  6.43887  
6.38072 4.83671 6.38072  4.83671  
7.44175 8.90327 7.44175  8.90327  
4.50033 4.23755 4.50033  4.23755  
5.18649 4.25282 5.18649  4.25282  
6.04915 6.99141 6.04915  6.99141  
7.25078 6.7921 7.25078  6.7921  
5.3574 6.3079 5.3574  6.3079  
5.9942 4.8288 5.9942  4.8288  
5.09826 4.95308 5.09826  4.95308  
5.24676 5.46765 5.24676  5.46765  
7.37648 5.9113 7.37648  5.9113  
4.63595 4.90643 4.63595  4.90643  
9.39621 9.65257 9.39621  9.65257  
5.40232 4.41668 5.40232  4.41668  
5.45081 4.10535 5.45081  4.10535  
9.46031 7.31233 9.46031  7.31233  
7.483 7.90374 7.483  7.90374  
4.23371 4.69445 4.23371  4.69445  
5.77683 5.08827 5.77683  5.08827  
5.33763 6.3498 5.33763  6.3498  
6.88869 5.24487 6.88869  5.24487  
0.0529955 0.813854 4.85659  4.90685  
0.551908 0.275606 4.76559  4.88234  
0.551272 0.478479 0.551908  0.275977  
0.836228 0.274674 5.52068  4.40152  
0.0514654 1.45145 7.05684  6.18691  
4.82714 4.90685 6.19856  4.83222  
0.215959 0.813053 5.05422  4.80974  
0.552561 0.70182 8.46244  4.68413  
0.172776 0.81385 6.38344  4.37078  
0.553586 0.512498 5.95542  4.18796  
0.789362 0.275874 6.01733  3.78947  
10.9771 7.1301 5.5714  3.73749  
0.847799 0.410971 5.76513  3.70846  
0.111779 0.896297 6.20272  3.69409  
0.0966582 1.18382 8.08724  3.65159  
0.633954 0.553147 5.79423  3.4834  
5.78122 3.76051 7.12833  3.41714  
0.0881598 1.99054 6.65309  3.31973  
8.02192 4.0793 5.20271  1.29492  
6.38048 5.76262 6.46193  2.9467  
6.67592 5.08309 6.45432  2.93383  
5.39944 4.73086 6.46903  1.87225  
4.78224 4.7937 5.30843  1.62602  
5.79961 6.39163 7.09022  2.91167  
5.95556 4.42951 6.66922  2.8346  
9.32964 6.29958 6.44214  2.37322  
8.01944 7.73455 4.23806  1.67684  
6.1161 4.73493 5.6042  2.2347  
7.74438 6.95067 5.13875  2.16374  
6.8498 6.38661 5.72186  2.48117  
6.18346 4.35599 6.31523  2.7816  
5.79629 5.74656 5.84369  2.71119  
4.29437 7.3903 6.20864  2.89195  
6.55723 6.51347 5.07117  2.58001  
5.68774 4.35472 5.52833  2.99147  
5.04885 4.99398 5.10627  2.89616  
5.34165 5.26494 5.38325  3.28856  
7.26795 5.11471 5.12583  3.13231  
4.60319 4.73088 4.9957  3.20187  
7.77306 8.89955 5.40245  3.61456  
5.42036 5.12589 3.6773  2.62173  
6.01786 5.44356 5.19371  3.75127  
9.71997 7.8088 4.56856  3.47525  
5.14215 4.92038 3.63673  2.91094  
7.60212 8.34606 4.181  3.33204  
9.21613 6.86543 5.01177  4.20654  
5.0346 4.6287 2.39455  2.22638  
8.86849 5.15976 3.57453  3.21794  
6.07012 5.35847 3.73198  3.63549  
5.57166 5.26066 1.37543  1.53619  
4.38397 4.35284 2.7277  2.82127  
5.62579 4.63561 4.10568  4.57926  
4.74203 4.36169 4.0343  4.46264  
7.06409 7.729 4.37925  5.07496  
4.69282 4.89107 4.21743  5.08182  
5.30454 6.45042 1.80262  2.37633  
6.959 6.3944 2.8063  3.67025  
5.03641 4.0326 2.98211  4.0224  
5.85897 6.17287 3.16117  4.57897  
6.9707 4.47346 3.68066  5.42726  
7.49413 6.24198 2.47315  3.81728  
5.43107 5.42697 1.44276  2.48097  
7.5605 9.19112 2.9015  4.8849  
5.00192 4.52447 1.63323  2.94936  
6.61324 6.51183 3.02809  5.51267  
7.19481 4.44781 2.79915  5.32539  
6.93921 6.59803 1.4177  2.93854  
5.34678 5.03311 3.1093  6.04318  
5.25335 4.06285 2.56374  5.56305  
6.14669 7.05782 3.09841  6.49915  
9.88142 7.55727 2.20133  5.26706  
6.61263 6.97468 2.06794  5.26582  
5.94451 5.31616 2.74353  6.99775  
5.55803 5.14859 2.00438  5.57355  
5.41369 4.62325 2.70865  7.43119  
4.98574 5.32571 1.86506  5.71847  
5.54988 4.48727 1.53056  5.02313  
5.46147 5.57214 3.50466  8.51414  
5.37924 6.43887 3.57372  5.83508  
6.38072 4.83671 3.60262  5.98853  
7.44175 8.90327 3.60445  5.52213  
4.50033 4.23755 1.01229  4.41033  
5.18649 4.25282 3.68617  6.17407  
6.04915 6.99141 3.96371  5.62447  
7.25078 6.7921 4.02987  5.50404  
5.3574 6.3079 4.25931  5.59322  
5.9942 4.8288 4.26973  6.28957  
5.09826 4.95308 4.2999  6.00403  
5.24676 5.46765 4.35462  5.62343  
7.37648 5.9113 4.42832  5.20287  
4.63595 4.90643 4.47206  4.57306  
9.39621 9.65257 4.51446  8.04793  
5.40232 4.41668 4.57886  5.02164  
5.45081 4.10535 0.279921  3.48798  
9.46031 7.31233 4.78654  6.46733  
7.483 7.90374 4.81021  5.43692  
4.23371 4.69445 6.27163  5.1291  
5.77683 5.08827 9.21346  9.32014  
5.33763 6.3498 6.09689  3.10275  
6.88869 5.24487 0.0534515  0.813854  
0.550302 0.271827 0.999999  6.77038e-05  
0.045656 0.809942 4.06342  3.35669  
0.653918 0.271369 6.25309  2.7905  
0.999999 6.77038e-05 5.19388  2.75717  
0.549354 0.273946 5.40445  2.66843  
0.549149 0.474456 5.4827  2.64158  
0.548807 0.477782 5.59674  2.62659  
0.999998 0.237294 5.02155  2.59276  
0.999999 0.000104006 5.25242  2.58492  
0.999999 0.560097 5.26459  2.41246  
1.08034 6.37514e-05 5.4971  2.39703  
7.43835 2.96309 5.45467  2.24011  
0.0461011 0.813246 5.20441  2.17337  
1.01026 0.00393721 5.22874  1.84601  
0.550052 0.606419 6.34519  1.74916  
0.80522 0.27245 7.3251  1.74401  
6.79369 3.11637 4.51228  0.776017  
0.0447495 1.01331 5.22543  1.68659  
5.71696 3.38916 6.24756  1.51449  
1.60082 0.230364 3.93346  0.849834  
0.829303 0.274233 5.54025  1.39012  
1.61802 0.206357 3.76774  0.926689  
8.74601 6.49062 4.88815  1.27298  
5.79961 6.39163 4.88648  1.35515  
5.95556 4.42951 2.50779  0.739054  
9.32964 6.29958 2.00966  0.621075  
8.01944 7.73455 4.29331  1.29425  
6.1161 4.73493 4.63099  1.49338  
7.74438 6.95067 4.1794  1.52156  
6.8498 6.38661 4.80024  1.84441  
6.18346 4.35599 2.51099  0.984433  
5.79629 5.74656 4.56463  1.95131  
4.29437 7.3903 3.3243  1.50131  
6.55723 6.51347 2.63617  1.20288  
5.68774 4.35472 4.70459  2.16181  
5.04885 4.99398 3.40116  1.73353  
5.34165 5.26494 0.549354  0.273946  
7.26795 5.11471 2.89768  1.60055  
4.60319 4.73088 4.17024  2.44473  
7.77306 8.89955 4.39582  2.69802  
5.42036 5.12589 2.60065  1.66498  
6.01786 5.44356 2.8055  1.87886  
9.71997 7.8088 2.0145  1.38044  
5.14215 4.92038 2.62213  1.88581  
7.60212 8.34606 2.81496  2.02937  
9.21613 6.86543 4.17236  3.30025  
5.0346 4.6287 2.90268  2.45726  
8.86849 5.15976 2.53802  2.21178  
6.07012 5.35847 2.10771  1.85833  
5.57166 5.26066 2.94009  2.72657  
4.38397 4.35284 3.9522  3.81735  
5.62579 4.63561 3.37982  3.37009  
4.74203 4.36169 3.41041  3.70465  
7.06409 7.729 3.02156  3.29427  
4.69282 4.89107 3.02531  3.38968  
5.30454 6.45042 2.49145  2.9515  
6.959 6.3944 1.87556  2.2927  
5.03641 4.0326 2.34427  2.98191  
5.85897 6.17287 1.69417  2.25801  
6.9707 4.47346 2.73316  3.77906  
7.49413 6.24198 2.86358  4.20349  
5.43107 5.42697 1.5777  2.35457  
7.5605 9.19112 2.16479  3.42101  
5.00192 4.52447 2.52975  4.17926  
6.61324 6.51183 2.72558  4.6744  
7.19481 4.44781 2.31788  4.18011  
6.93921 6.59803 2.24978  4.24349  
5.34678 5.03311 2.42497  4.76946  
5.25335 4.06285 1.59221  3.24825  
6.14669 7.05782 2.34039  5.27357  
9.88142 7.55727 1.49638  3.3703  
6.61263 6.97468 1.83758  4.27  
5.94451 5.31616 1.02873  2.53751  
5.55803 5.14859 1.27105  3.3005  
5.41369 4.62325 1.20849  3.29616  
4.98574 5.32571 1.08035  3.1127  
5.54988 4.48727 1.52821  4.7168  
5.46147 5.57214 0.904411  2.9206  
5.37924 6.43887 0.651098  2.16345  
6.38072 4.83671 0.788823  2.82614  
7.44175 8.90327 2.2549  6.48151  
4.50033 4.23755 2.35162  6.51433  
5.18649 4.25282 0.756062  3.29868  
6.04915 6.99141 2.69141  5.2812  
7.25078 6.7921 2.71198  6.19496  
5.3574 6.3079 2.72397  4.8972  
5.9942 4.8288 2.7371  5.66712  
5.09826 4.95308 2.78167  5.60509  
5.24676 5.46765 2.94411  4.00196  
7.37648 5.9113 2.95637  4.58145  
4.63595 4.90643 0.250857  2.09162  
9.39621 9.65257 2.99407  4.94134  
5.40232 4.41668 3.02942  4.87168  
5.45081 4.10535 3.10138  5.79282  
9.46031 7.31233 3.20181  4.96609  
7.483 7.90374 3.27105  5.12739  
4.23371 4.69445 3.34714  6.47891  
5.77683 5.08827 3.38821  7.2226  
5.33763 6.3498 3.45365  4.89171  
6.88869 5.24487 0.045656  0.809942  
0.549001 0.270466 0.999993  5.1889e-05  
0.0384956 0.812183 0.0378969  1.84106  
0.389668 0.449241 1.97446  6.44255e-05  
0.0400367 0.808547 1.97496  0.0276912  
0.384715 0.649133 1.98215  0.000216848  
0.547416 0.422919 1.97957  0.0632964  
0.0901895 0.808252 1.98898  3.76837e-05  
0.037878 0.815913 1.99015  0.018216  
0.749369 0.270193 1.99219  0.0404341  
0.99999 0.000165838 1.99493  0.0207191  
0.547936 0.276497 2.00101  0.0838032  
0.276367 0.808223 1.98184  0.204278  
0.548184 0.274681 1.95062  0.222358  
0.397293 0.449078 0.884407  0.110812  
0.884407 0.110812 1.93322  0.274074  
0.999993 5.1889e-05 2.00433  0.303885  
0.999994 0.261445 2.00884  0.332635  
0.0813068 0.808497 2.00903  0.353522  
0.999993 0.388514 2.90489  0.529719  
0.0419664 0.808516 2.60435  0.555234  
0.921602 0.115169 2.26985  0.513426  
0.999991 0.0053885 2.18629  0.536943  
0.0644268 0.808512 2.21398  0.553617  
1.5446 3.50221e-05 2.29081  0.542935  
5.95556 4.42951 2.19356  0.61704  
9.32964 6.29958 1.47862  0.454223  
8.01944 7.73455 1.92949  0.632134  
6.1161 4.73493 1.91385  0.658156  
7.74438 6.95067 1.66296  0.60215  
6.8498 6.38661 2.05488  0.808253  
6.18346 4.35599 1.70451  0.674692  
5.79629 5.74656 1.5027  0.625619  
4.29437 7.3903 2.00754  0.87588  
6.55723 6.51347 2.0152  0.907188  
5.68774 4.35472 1.77599  0.865798  
5.04885 4.99398 1.58946  0.808483  
5.34165 5.26494 0.547936  0.276497  
7.26795 5.11471 1.12617  0.618323  
4.60319 4.73088 0.930048  0.525999  
7.77306 8.89955 1.3294  0.813699  
5.42036 5.12589 1.27955  0.813211  
6.01786 5.44356 1.20465  0.813011  
9.71997 7.8088 1.17996  0.808276  
5.14215 4.92038 1.11869  0.808518  
7.60212 8.34606 1.08948  0.808253  
9.21613 6.86543 1.0492  0.808516  
5.0346 4.6287 1.02813  0.821603  
8.86849 5.15976 1.03153  0.820491  
6.07012 5.35847 1.03814  0.87588  
5.57166 5.26066 1.04454  0.894949  
4.38397 4.35284 1.00015  0.972371  
5.62579 4.63561 0.999991  0.975549  
4.74203 4.36169 1.00188  0.980765  
7.06409 7.729 0.999991  1.03968  
4.69282 4.89107 0.999991  1.04105  
5.30454 6.45042 0.999992  1.08528  
6.959 6.3944 0.395159  0.449241  
5.03641 4.0326 0.883404  1.10056  
5.85897 6.17287 0.999991  1.26432  
6.9707 4.47346 0.999991  1.24005  
7.49413 6.24198 0.999991  1.37124  
5.43107 5.42697 0.999991  1.48142  
7.5605 9.19112 0.999993  1.54051  
5.00192 4.52447 0.999996  1.63669  
6.61324 6.51183 0.889065  1.52156  
7.19481 4.44781 0.846701  1.5163  
6.93921 6.59803 1.03153  1.8956  
5.34678 5.03311 1.00016  1.95261  
5.25335 4.06285 1.00187  1.96109  
6.14669 7.05782 0.999991  2.06099  
9.88142 7.55727 0.999991  2.20792  
6.61263 6.97468 0.999991  2.2798  
5.94451 5.31616 0.999991  2.44059  
5.55803 5.14859 0.722506  1.86679  
5.41369 4.62325 0.718278  1.93426  
4.98574 5.32571 0.876091  2.58951  
5.54988 4.48727 0.67256  2.01798  
5.46147 5.57214 0.779932  2.57183  
5.37924 6.43887 0.724211  2.54552  
6.38072 4.83671 0.555578  2.07475  
7.44175 8.90327 0.395159  1.4327  
4.50033 4.23755 0.572214  2.38319  
5.18649 4.25282 0.43566  1.82363  
6.04915 6.99141 0.330667  1.47188  
7.25078 6.7921 0.515221  2.5496  
5.3574 6.3079 0.453993  2.42354  
5.9942 4.8288 0.37317  2.08368  
5.09826 4.95308 0.407913  2.78247  
5.24676 5.46765 0.237825  1.83228  
7.37648 5.9113 0.210286  1.82401  
4.63595 4.90643 0.215041  1.81947  
9.39621 9.65257 0.145914  1.81566  
5.40232 4.41668 0.187452  1.8063  
5.45081 4.10535 0.163473  1.81238  
9.46031 7.31233 0.140239  1.79698  
7.483 7.90374 0.0955563  1.80395  
4.23371 4.69445 0.0969477  1.79261  
5.77683 5.08827 0.0781776  1.80999  
5.33763 6.3498 0.0612503  1.81256  
6.88869 5.24487 0.0417905  0.813211  
0.549001 0.270466 0.99999  6.19391e-05  
0.333566 0.429151 0.0371397  0.808842  
0.0386227 0.808163 1.40066  6.19391e-05  
0.202829 0.775278 1.40809  7.09129e-05  
0.676269 0.193308 1.40933  0.0014008  
0.867006 0.0990014 1.41147  0.0437047  
0.334522 0.426802 1.41199  0.0577425  
0.734729 0.190963 1.42381  6.19391e-05  
0.697553 0.193018 1.26723  0.0863903  
0.866565 0.128102 1.26126  0.0887736  
0.3329 0.452607 1.26964  0.0887736  
0.0813376 0.808155 0.867353  0.0887736  
0.202978 0.566157 1.27424  0.137188  
0.333157 0.451266 1.27856  0.0887736  
0.867658 0.0837768 1.28193  0.180749  
0.0371397 0.808842 1.15139  0.193308  
0.545405 0.317756 1.12131  0.191135  
0.867097 0.0904675 1.02801  0.185169  
0.545502 0.27075 1.07001  0.193308  
0.331994 0.554254 1.07474  0.20394  
0.33226 0.553241 1.07564  0.193308  
0.545443 0.270832 1.08702  0.209872  
0.333356 0.440861 1.12627  0.193308  
0.545438 0.284229 0.982718  0.268402  
0.57304 0.267456 0.942432  0.272985  
0.867353 0.0887736 0.676269  0.193308  
0.868982 0.0804079 0.943053  0.27479  
0.89743 0.0802646 0.952774  0.298926  
1.72603 6.19391e-05 0.950173  0.326316  
0.430901 0.42601 0.953214  0.271804  
0.99999 0.208604 0.954994  0.374264  
0.272698 0.566718 0.95766  0.324951  
0.556929 0.269321 0.958355  0.312588  
0.679516 0.194364 0.922856  0.426802  
0.223162 0.570703 0.89504  0.426802  
0.99999 6.1756e-05 0.805105  0.426799  
0.54541 0.286909 0.545443  0.27479  
0.226002 0.56743 0.784735  0.426788  
0.99999 0.214493 0.746975  0.426802  
0.545483 0.270832 0.749301  0.440201  
0.867358 0.0873403 0.556419  0.337799  
0.99999 0.819725 0.73955  0.443555  
9.71997 7.8088 0.75517  0.494263  
5.14215 4.92038 0.743333  0.523438  
7.60212 8.34606 0.687325  0.566451  
9.21613 6.86543 0.666762  0.566157  
5.0346 4.6287 0.705614  0.566151  
8.86849 5.15976 0.650662  0.565771  
6.07012 5.35847 0.645934  0.565537  
5.57166 5.26066 0.632459  0.566657  
4.38397 4.35284 0.611675  0.566157  
5.62579 4.63561 0.596072  0.566157  
4.74203 4.36169 0.599857  0.566157  
7.06409 7.729 0.597272  0.602366  
4.69282 4.89107 0.605792  0.671882  
5.30454 6.45042 0.574218  0.676091  
6.959 6.3944 0.552912  0.674975  
5.03641 4.0326 0.545443  0.674919  
5.85897 6.17287 0.545443  0.689528  
6.9707 4.47346 0.335957  0.426802  
7.49413 6.24198 0.545405  0.751456  
5.43107 5.42697 0.545408  0.767193  
7.5605 9.19112 0.533439  0.808828  
5.00192 4.52447 0.514961  0.808334  
6.61324 6.51183 0.485629  0.80883  
7.19481 4.44781 0.476027  0.808769  
6.93921 6.59803 0.451439  0.808244  
5.34678 5.03311 0.435036  0.808842  
5.25335 4.06285 0.40209  0.842562  
6.14669 7.05782 0.40089  0.828973  
9.88142 7.55727 0.377202  0.833042  
6.61263 6.97468 0.378072  0.831587  
5.94451 5.31616 0.341426  0.827017  
5.55803 5.14859 0.334059  0.825904  
5.41369 4.62325 0.334468  0.841973  
4.98574 5.32571 0.3345  0.856633  
5.54988 4.48727 0.335959  0.894867  
5.46147 5.57214 0.203076  0.566157  
5.37924 6.43887 0.307397  0.984742  
6.38072 4.83671 0.287485  0.986771  
7.44175 8.90327 0.240362  0.983962  
4.50033 4.23755 0.2414  0.98387  
5.18649 4.25282 0.241146  0.978081  
6.04915 6.99141 0.210538  0.978823  
7.25078 6.7921 0.21741  0.977128  
5.3574 6.3079 0.202829  0.975137  
5.9942 4.8288 0.202877  1.03365  
5.09826 4.95308 0.202713  1.07632  
5.24676 5.46765 0.164449  1.22903  
7.37648 5.9113 0.125474  1.22492  
4.63595 4.90643 0.152058  1.2246  
9.39621 9.65257 0.145365  1.20707  
5.40232 4.41668 0.0890268  1.22333  
5.45081 4.10535 0.0940871  1.22182  
9.46031 7.31233 0.0376714  1.219  
7.483 7.90374 0.0938118  1.20888  
4.23371 4.69445 0.0427784  1.21871  
5.77683 5.08827 0.0632958  1.21497  
5.33763 6.3498 0.0548756  1.217  
6.88869 5.24487 0.0371397  1.21702  
0.46806 0.323036 0.99999  6.20173e-05  
0.190403 0.636029 0.037112  1.00843  
0.0386227 0.808163 0.99999  6.20173e-05  
0.192175 0.565014 0.99999  6.20173e-05  
0.464945 0.323639 0.99999  6.20173e-05  
0.334653 0.425388 0.99999  6.20173e-05  
0.190549 0.586598 0.99999  6.20173e-05  
0.195683 0.564802 0.99999  6.20173e-05  
0.464873 0.327001 0.99999  6.20173e-05  
0.331872 0.427251 0.99999  6.20173e-05  
0.819654 0.125734 0.95246  0.0847645  
0.0813376 0.808155 0.866891  0.0881238  
0.669972 0.18833 0.866891  0.0881238  
0.807476 0.126214 0.866891  0.0881238  
0.867658 0.0837768 0.866891  0.0881238  
0.190525 0.590406 0.807247  0.128535  
0.866891 0.0852643 0.807247  0.128535  
0.82619 0.121948 0.807247  0.128535  
0.545247 0.26868 0.807247  0.128535  
0.21445 0.564595 0.807247  0.128535  
0.0396871 0.808163 0.807247  0.128535  
0.669898 0.193263 0.669957  0.188592  
0.545223 0.279408 0.669957  0.188592  
0.332959 0.425491 0.669957  0.188592  
0.190453 0.593108 0.669957  0.188592  
0.202523 0.564758 0.669957  0.188592  
0.868982 0.0804079 0.669957  0.188592  
0.89743 0.0802646 0.669957  0.188592  
0.337012 0.425305 0.669957  0.188592  
0.464936 0.325439 0.669957  0.188592  
0.464727 0.32948 0.669957  0.252831  
0.193312 0.564804 0.551046  0.267067  
0.190346 0.653552 0.551046  0.267067  
0.484786 0.322563 0.551046  0.267067  
2.12092 6.20173e-05 0.551046  0.267067  
0.500898 0.321527 0.551046  0.267067  
0.622255 0.265161 0.551046  0.267067  
0.199192 0.564799 0.551046  0.267067  
0.0370863 0.826759 0.551046  0.267067  
0.946446 0.0781908 0.551046  0.267067  
0.669957 0.188592 0.50139  0.323663  
0.668646 0.205032 0.50139  0.323663  
0.55065 0.267068 0.467567  0.323726  
0.807247 0.128535 0.467567  0.323726  
0.590755 0.265888 0.464873  0.327001  
0.372227 0.425301 0.464873  0.327001  
0.551094 0.267067 0.464873  0.327001  
0.99999 0.215374 0.464873  0.327001  
0.99999 5.43089e-05 0.464873  0.327001  
0.240957 0.564759 0.464873  0.327001  
0.334847 0.425502 0.464873  0.409626  
0.80918 0.145005 0.335957  0.425381  
0.99999 0.0172794 0.335957  0.425381  
7.06409 7.729 0.335957  0.425381  
4.69282 4.89107 0.335957  0.425381  
5.30454 6.45042 0.335957  0.425381  
6.959 6.3944 0.335957  0.425381  
5.03641 4.0326 0.335957  0.425381  
5.85897 6.17287 0.335957  0.425381  
6.9707 4.47346 0.335957  0.425381  
7.49413 6.24198 0.335575  0.434575  
5.43107 5.42697 0.335575  0.434575  
7.5605 9.19112 0.335575  0.434575  
5.00192 4.52447 0.335575  0.434575  
6.61324 6.51183 0.335575  0.434575  
7.19481 4.44781 0.335575  0.529345  
6.93921 6.59803 0.195683  0.564802  
5.34678 5.03311 0.195683  0.564802  
5.25335 4.06285 0.195683  0.564802  
6.14669 7.05782 0.195683  0.564802  
9.88142 7.55727 0.195683  0.564802  
6.61263 6.97468 0.195683  0.564802  
5.94451 5.31616 0.195683  0.564802  
5.55803 5.14859 0.195683  0.564802  
5.41369 4.62325 0.195683  0.564802  
4.98574 5.32571 0.195683  0.564802  
5.54988 4.48727 0.195683  0.564802  
5.46147 5.57214 0.195683  0.564802  
5.37924 6.43887 0.195683  0.564802  
6.38072 4.83671 0.195683  0.590096  
7.44175 8.90327 0.190775  0.622524  
4.50033 4.23755 0.190775  0.622524  
5.18649 4.25282 0.190775  0.622524  
6.04915 6.99141 0.190775  0.622524  
7.25078 6.7921 0.0396871  0.808163  
5.3574 6.3079 0.0396871  0.808163  
5.9942 4.8288 0.0396871  0.808163  
5.09826 4.95308 0.0396871  0.808163  
5.24676 5.46765 0.0396871  0.808163  
7.37648 5.9113 0.0396871  0.808163  
4.63595 4.90643 0.0396871  0.808163  
9.39621 9.65257 0.0396871  0.808163  
5.40232 4.41668 0.0396871  0.808163  
5.45081 4.10535 0.0396871  0.808163  
9.46031 7.31233 0.0396871  0.808163  
7.483 7.90374 0.0396871  0.808163  
4.23371 4.69445 0.0396871  0.808163  
5.77683 5.08827 0.0396871  0.808163  
5.33763 6.3498 0.0396871  0.808163  
6.88869 5.24487 0.0396871  0.808163  
