5.46102 4.75931 5.46102  4.75931  
7.18121 6.1957 7.18121  6.1957  
5.84555 4.21014 5.84555  4.21014  
6.56101 4.09842 6.56101  4.09842  
4.64488 4.46369 4.64488  4.46369  
5.44274 4.37452 5.44274  4.37452  
4.54792 5.12818 4.54792  5.12818  
9.31048 8.48198 9.31048  8.48198  
5.26598 4.15786 5.26598  4.15786  
5.10762 4.69603 5.10762  4.69603  
7.96593 5.02381 7.96593  5.02381  
5.61997 5.67375 5.61997  5.67375  
8.27796 7.654 8.27796  7.654  
4.45563 4.92451 4.45563  4.92451  
5.04607 4.05467 5.04607  4.05467  
7.56212 8.48559 7.56212  8.48559  
7.85866 6.3354 7.85866  6.3354  
4.59678 3.60682 4.59678  3.60682  
6.81607 7.01518 6.81607  7.01518  
6.91449 7.84679 6.91449  7.84679  
4.6854 4.37213 4.6854  4.37213  
5.33293 4.15539 5.33293  4.15539  
6.03889 5.11419 6.03889  5.11419  
4.91204 4.13468 4.91204  4.13468  
7.95401 8.01668 7.95401  8.01668  
9.30587 9.15333 9.30587  9.15333  
7.26111 7.72024 7.26111  7.72024  
4.83375 4.75325 4.83375  4.75325  
6.98233 10.2637 6.98233  10.2637  
8.64608 4.90872 8.64608  4.90872  
7.86648 6.25547 7.86648  6.25547  
8.42014 7.91181 8.42014  7.91181  
5.04746 4.75509 5.04746  4.75509  
4.88589 4.3739 4.88589  4.3739  
5.36491 5.71384 5.36491  5.71384  
7.97323 8.31296 7.97323  8.31296  
8.96516 7.70222 8.96516  7.70222  
7.92204 7.13832 7.92204  7.13832  
5.9032 5.27966 5.9032  5.27966  
5.4663 5.27561 5.4663  5.27561  
4.55399 4.36831 4.55399  4.36831  
7.74436 5.47226 7.74436  5.47226  
8.19442 6.70468 8.19442  6.70468  
5.09618 4.472 5.09618  4.472  
4.7548 4.59805 4.7548  4.59805  
5.24505 4.17789 5.24505  4.17789  
6.08801 5.58399 6.08801  5.58399  
8.40265 8.25538 8.40265  8.25538  
6.9791 5.74093 6.9791  5.74093  
5.67798 7.74246 5.67798  7.74246  
7.31365 6.4465 7.31365  6.4465  
4.48952 4.55174 4.48952  4.55174  
7.36089 6.84276 7.36089  6.84276  
5.93581 8.33158 5.93581  8.33158  
6.90327 6.35441 6.90327  6.35441  
6.97976 6.36084 6.97976  6.36084  
5.0633 4.42737 5.0633  4.42737  
10.2294 7.83613 10.2294  7.83613  
5.3781 5.95679 5.3781  5.95679  
6.96405 6.12799 6.96405  6.12799  
5.93876 4.3055 5.93876  4.3055  
6.24468 6.41231 6.24468  6.41231  
5.1643 4.79997 5.1643  4.79997  
6.95653 7.48803 6.95653  7.48803  
6.05654 3.90093 6.05654  3.90093  
4.89729 4.68235 4.89729  4.68235  
5.26627 4.58588 5.26627  4.58588  
5.47858 5.20616 5.47858  5.20616  
5.48202 4.7016 5.48202  4.7016  
7.49268 7.19652 7.49268  7.19652  
5.40773 4.97281 5.40773  4.97281  
5.20832 5.63379 5.20832  5.63379  
4.80854 4.77923 4.80854  4.77923  
5.77826 6.10829 5.77826  6.10829  
5.26248 4.63246 5.26248  4.63246  
7.34674 5.26063 7.34674  5.26063  
6.14798 5.93528 6.14798  5.93528  
6.18419 6.28802 6.18419  6.28802  
4.50233 6.3262 4.50233  6.3262  
7.4603 5.46189 7.4603  5.46189  
8.43999 6.29421 8.43999  6.29421  
8.79261 5.52594 8.79261  5.52594  
4.88407 4.88265 4.88407  4.88265  
5.54624 5.93997 5.54624  5.93997  
6.89048 6.74605 6.89048  6.74605  
5.54433 5.58022 5.54433  5.58022  
5.81246 5.78895 5.81246  5.78895  
5.97137 6.01884 5.97137  6.01884  
8.95472 7.38438 8.95472  7.38438  
5.19564 4.61268 5.19564  4.61268  
5.46592 5.21789 5.46592  5.21789  
5.3149 4.416 5.3149  4.416  
8.18522 5.34845 8.18522  5.34845  
5.27249 4.69693 5.27249  4.69693  
5.03888 4.31833 5.03888  4.31833  
4.63177 4.77483 4.63177  4.77483  
6.48157 5.56951 6.48157  5.56951  
5.44532 4.07861 5.44532  4.07861  
4.9098 4.66654 4.9098  4.66654  
5.45126 4.28703 5.45126  4.28703  
1.29326 0.869418 4.88857  4.69249  
1.64473 0.690046 5.73137  8.03574  
1.10397 0.897518 5.16839  5.37108  
1.37384 0.697711 7.10659  5.67209  
1.00834 1.10002 5.98176  4.24553  
1.09799 0.897601 6.49513  3.8036  
4.88857 4.68959 10.4865  4.67203  
5.49848 4.00248 6.62805  4.66948  
1.10445 1.14696 5.90399  4.31475  
8.48056 4.67716 5.77394  4.27801  
2.26727 1.04897 5.37528  4.2708  
2.26713 1.14682 6.50781  4.25275  
2.44999 1.25079 5.46846  4.24016  
6.58288 5.94953 6.12169  4.18262  
3.51324 2.99859 5.89596  4.14915  
6.62068 7.02175 5.94503  4.14636  
6.23534 6.68314 5.04946  4.1413  
4.59678 3.60682 5.83981  4.12089  
6.81607 7.01518 5.8259  4.09453  
6.91449 7.84679 6.85819  4.02835  
4.6854 4.37213 5.91852  3.94802  
5.33293 4.15539 6.01831  3.86605  
6.03889 5.11419 6.42379  3.82516  
4.91204 4.13468 7.54446  3.80158  
7.95401 8.01668 6.94803  3.77854  
9.30587 9.15333 6.82455  3.68414  
7.26111 7.72024 5.85651  3.64322  
4.83375 4.75325 6.79002  2.72065  
6.98233 10.2637 6.25667  3.39228  
8.64608 4.90872 6.44966  3.33956  
7.86648 6.25547 6.56359  3.27629  
8.42014 7.91181 6.40771  3.00072  
5.04746 4.75509 6.3663  3.06657  
4.88589 4.3739 6.42449  3.15518  
5.36491 5.71384 6.12996  3.22713  
7.97323 8.31296 5.90042  3.23062  
8.96516 7.70222 5.60606  3.17869  
7.92204 7.13832 5.84688  3.4343  
5.9032 5.27966 5.91062  3.50575  
5.4663 5.27561 5.38772  3.47151  
4.55399 4.36831 5.04316  3.3648  
7.74436 5.47226 4.70153  3.12466  
8.19442 6.70468 5.33467  3.69087  
5.09618 4.472 5.50633  4.0537  
4.7548 4.59805 5.47098  4.04314  
5.24505 4.17789 3.60104  2.77938  
6.08801 5.58399 4.69856  3.77354  
8.40265 8.25538 5.01171  4.01208  
6.9791 5.74093 4.577  3.9093  
5.67798 7.74246 4.75208  4.18565  
7.31365 6.4465 3.62423  3.23903  
4.48952 4.55174 4.53136  4.27566  
7.36089 6.84276 4.79077  4.71505  
5.93581 8.33158 4.20719  4.23482  
6.90327 6.35441 4.59466  4.86867  
6.97976 6.36084 3.94558  4.21149  
5.0633 4.42737 4.21921  4.75361  
10.2294 7.83613 4.05918  4.81948  
5.3781 5.95679 3.93784  4.66929  
6.96405 6.12799 3.86052  4.73967  
5.93876 4.3055 4.14734  5.53476  
6.24468 6.41231 3.86674  5.1082  
5.1643 4.79997 3.81016  5.24323  
6.95653 7.48803 3.81342  5.27415  
6.05654 3.90093 3.84804  5.67266  
4.89729 4.68235 3.83284  5.83665  
5.26627 4.58588 3.32514  5.24205  
5.47858 5.20616 3.86979  5.70836  
5.48202 4.7016 3.64387  6.40357  
7.49268 7.19652 3.93837  6.21839  
5.40773 4.97281 1.09799  0.898016  
5.20832 5.63379 3.37833  6.57924  
4.80854 4.77923 3.81185  7.39211  
5.77826 6.10829 3.93571  7.9537  
5.26248 4.63246 3.97977  6.03018  
7.34674 5.26063 4.03001  5.58384  
6.14798 5.93528 4.06843  5.91176  
6.18419 6.28802 4.09089  5.88203  
4.50233 6.3262 4.2018  6.01227  
7.4603 5.46189 4.36471  5.47355  
8.43999 6.29421 4.37519  5.8171  
8.79261 5.52594 4.37848  5.81386  
4.88407 4.88265 4.60177  5.16563  
5.54624 5.93997 4.63854  4.71512  
6.89048 6.74605 4.89028  4.63802  
5.54433 5.58022 4.89332  5.80001  
5.81246 5.78895 4.92727  7.73886  
5.97137 6.01884 4.98366  4.83152  
8.95472 7.38438 5.03877  5.1061  
5.19564 4.61268 5.06179  7.58855  
5.46592 5.21789 5.21033  4.34865  
5.3149 4.416 5.43942  5.03952  
8.18522 5.34845 5.97455  5.06027  
5.27249 4.69693 6.17941  5.24655  
5.03888 4.31833 7.65998  6.53655  
4.63177 4.77483 4.40878  5.11485  
6.48157 5.56951 4.49799  5.53231  
5.44532 4.07861 7.16787  5.84882  
4.9098 4.66654 4.78389  5.14038  
5.45126 4.28703 3.67911  6.12052  
0.846091 0.496644 3.74823  4.64978  
0.730963 0.509301 5.27335  6.3854  
0.894912 0.371034 7.05558  3.75001  
1.10559 0.360953 7.59657  3.64615  
0.711581 0.690117 5.05163  3.60821  
3.74823 4.64978 5.18038  3.5039  
5.31369 3.97463 5.30525  3.45997  
5.70254 3.19769 5.54347  3.45431  
5.52197 3.69947 5.27351  3.19067  
8.48056 4.67716 5.52193  3.18576  
2.26727 1.04897 6.15395  3.1042  
2.26713 1.14682 6.49362  3.09655  
2.44999 1.25079 6.04714  3.09524  
6.58288 5.94953 6.17993  3.07916  
3.51324 2.99859 5.90544  3.01849  
6.62068 7.02175 5.08482  2.99208  
6.23534 6.68314 5.23194  2.97426  
4.59678 3.60682 7.9692  2.8923  
6.81607 7.01518 8.17842  2.86501  
6.91449 7.84679 6.76892  2.83485  
4.6854 4.37213 5.90768  2.81671  
5.33293 4.15539 6.27902  2.81493  
6.03889 5.11419 5.34779  2.8084  
4.91204 4.13468 5.30199  2.51052  
7.95401 8.01668 5.44941  2.43735  
9.30587 9.15333 4.69116  1.61733  
7.26111 7.72024 6.51794  2.42516  
4.83375 4.75325 6.07584  2.3232  
6.98233 10.2637 5.69154  2.26922  
8.64608 4.90872 4.8817  1.98324  
7.86648 6.25547 5.37188  2.27471  
8.42014 7.91181 5.30422  2.35276  
5.04746 4.75509 4.24322  1.92928  
4.88589 4.3739 4.95775  2.37145  
5.36491 5.71384 5.15035  2.57021  
7.97323 8.31296 4.32948  2.2404  
8.96516 7.70222 4.52962  2.42641  
7.92204 7.13832 4.65107  2.60011  
5.9032 5.27966 4.77507  2.79957  
5.4663 5.27561 4.51541  2.72836  
4.55399 4.36831 4.15295  2.58558  
7.74436 5.47226 4.63336  2.99205  
8.19442 6.70468 4.2774  2.88208  
5.09618 4.472 3.85039  2.67128  
4.7548 4.59805 3.58116  2.55939  
5.24505 4.17789 1.94359  1.35873  
6.08801 5.58399 4.26425  3.31947  
8.40265 8.25538 4.06864  3.24475  
6.9791 5.74093 4.01477  3.35061  
5.67798 7.74246 3.5709  3.02133  
7.31365 6.4465 3.80595  3.4037  
4.48952 4.55174 4.11498  3.84469  
7.36089 6.84276 3.81592  3.66577  
5.93581 8.33158 3.81822  3.8005  
6.90327 6.35441 3.80825  4.01558  
6.97976 6.36084 3.38098  3.58888  
5.0633 4.42737 3.11673  3.39022  
10.2294 7.83613 3.20698  3.61445  
5.3781 5.95679 3.41193  4.04447  
6.96405 6.12799 2.82095  3.34959  
5.93876 4.3055 3.33405  4.16066  
6.24468 6.41231 3.35653  4.35347  
5.1643 4.79997 3.34428  4.54833  
6.95653 7.48803 3.0522  4.33709  
6.05654 3.90093 2.92543  4.34526  
4.89729 4.68235 2.86489  4.39396  
5.26627 4.58588 2.78986  4.33785  
5.47858 5.20616 1.9862  2.9356  
5.48202 4.7016 2.99152  4.76462  
7.49268 7.19652 2.7293  4.81981  
5.40773 4.97281 2.78085  5.1523  
5.20832 5.63379 2.06164  3.64299  
4.80854 4.77923 2.7242  5.51378  
5.77826 6.10829 2.54536  5.27645  
5.26248 4.63246 2.81629  6.04631  
7.34674 5.26063 3.01882  5.66135  
6.14798 5.93528 3.04272  7.46476  
6.18419 6.28802 3.3086  4.97329  
4.50233 6.3262 3.34698  6.0248  
7.4603 5.46189 3.35121  4.87759  
8.43999 6.29421 3.39719  4.81966  
8.79261 5.52594 0.894062  1.14269  
4.88407 4.88265 3.46274  5.71359  
5.54624 5.93997 3.49128  5.71306  
6.89048 6.74605 3.52024  4.39278  
5.54433 5.58022 3.52588  6.41492  
5.81246 5.78895 3.56126  5.26329  
5.97137 6.01884 3.5716  4.67563  
8.95472 7.38438 0.730963  0.509301  
5.19564 4.61268 3.59747  5.81669  
5.46592 5.21789 3.60534  5.83318  
5.3149 4.416 3.61841  8.29946  
8.18522 5.34845 3.6715  4.94746  
5.27249 4.69693 3.69467  4.61908  
5.03888 4.31833 3.69467  4.90327  
4.63177 4.77483 3.93721  4.48908  
6.48157 5.56951 4.00415  5.27727  
5.44532 4.07861 4.2317  4.2216  
4.9098 4.66654 4.33585  4.3706  
5.45126 4.28703 4.96719  4.02203  
0.0229741 1.41918 5.50115  0.849679  
0.0457425 0.849683 0.0229741  1.85624  
0.894912 0.371034 5.61529  0.849678  
0.967114 0.322492 6.66461  0.849678  
0.026537 0.849767 5.0047  0.849678  
0.691912 0.715866 4.17672  0.849678  
0.671647 0.839382 5.74747  0.849678  
0.697957 0.459653 3.2985  0.849678  
1.09798 0.292522 5.0447  0.849678  
0.671201 0.840729 4.06013  0.849678  
0.0559912 0.849676 5.53954  0.849678  
0.609335 0.849676 5.21033  0.849678  
5.49033 0.851727 3.97763  0.849678  
0.259565 0.849679 3.24974  0.849678  
1.27695 0.288044 3.13736  0.849678  
4.39262 0.849706 3.40738  0.849677  
0.71486 0.457557 3.02518  0.849674  
0.0236457 0.854683 2.98219  0.849674  
0.0291088 0.84985 2.79504  0.849673  
3.66507 1.05002 2.57542  0.849673  
4.41349 1.0498 2.24239  0.849675  
5.33293 4.15539 2.23716  0.849665  
6.03889 5.11419 0.697957  0.460255  
4.91204 4.13468 2.01756  0.849683  
7.95401 8.01668 1.98124  0.855058  
9.30587 9.15333 1.80978  0.851751  
7.26111 7.72024 1.99747  0.90562  
4.83375 4.75325 1.99823  0.86294  
6.98233 10.2637 2.00041  0.86726  
8.64608 4.90872 1.44562  0.849715  
7.86648 6.25547 1.40931  0.854911  
8.42014 7.91181 2.0006  0.857038  
5.04746 4.75509 1.25714  0.849727  
4.88589 4.3739 1.14389  0.84972  
5.36491 5.71384 1.14937  0.849666  
7.97323 8.31296 1.1045  0.849676  
8.96516 7.70222 1.04919  0.84968  
7.92204 7.13832 1.00775  0.849767  
5.9032 5.27966 0.999782  0.86726  
5.4663 5.27561 1.00678  0.857735  
4.55399 4.36831 1.00837  0.854719  
7.74436 5.47226 1.01216  0.880598  
8.19442 6.70468 1.01874  0.903567  
5.09618 4.472 1.02017  0.948194  
4.7548 4.59805 1.27956  1.23852  
5.24505 4.17789 1.56113  1.49286  
6.08801 5.58399 1.71933  1.79962  
8.40265 8.25538 0.671647  0.840607  
6.9791 5.74093 1.68459  1.80515  
5.67798 7.74246 1.5015  1.73834  
7.31365 6.4465 1.33526  1.73785  
4.48952 4.55174 1.13191  1.41634  
7.36089 6.84276 1.35904  1.731  
5.93581 8.33158 1.33235  1.73822  
6.90327 6.35441 1.30817  1.74988  
6.97976 6.36084 1.28391  1.80511  
5.0633 4.42737 1.23427  1.83324  
10.2294 7.83613 1.12231  1.83325  
5.3781 5.95679 1.1454  1.82412  
6.96405 6.12799 1.09108  1.82945  
5.93876 4.3055 1.04223  1.82323  
6.24468 6.41231 1.01148  1.83027  
5.1643 4.79997 0.884889  1.67848  
6.95653 7.48803 1.00678  1.8622  
6.05654 3.90093 1.00844  2.0227  
4.89729 4.68235 0.974783  2.05342  
5.26627 4.58588 0.970242  2.14701  
5.47858 5.20616 1.00714  2.24526  
5.48202 4.7016 1.00843  2.35913  
7.49268 7.19652 1.00894  2.33824  
5.40773 4.97281 1.01097  2.45673  
5.20832 5.63379 0.942973  2.53104  
4.80854 4.77923 0.910745  2.72857  
5.77826 6.10829 0.893071  2.6311  
5.26248 4.63246 0.618103  1.98569  
7.34674 5.26063 0.475126  2.80764  
6.14798 5.93528 0.686435  2.70669  
6.18419 6.28802 0.688269  2.58612  
4.50233 6.3262 0.646282  2.59616  
7.4603 5.46189 0.620079  2.5593  
8.43999 6.29421 0.539573  2.51705  
8.79261 5.52594 0.478811  2.45386  
4.88407 4.88265 0.334793  1.73785  
5.54624 5.93997 0.453467  2.4213  
6.89048 6.74605 0.424834  2.45552  
5.54433 5.58022 0.277089  1.80515  
5.81246 5.78895 0.389943  2.70993  
5.97137 6.01884 0.277089  2.77411  
8.95472 7.38438 0.348692  2.7212  
5.19564 4.61268 0.304201  2.68105  
5.46592 5.21789 0.153534  1.85556  
5.3149 4.416 0.0849379  1.84574  
8.18522 5.34845 0.144531  1.84428  
5.27249 4.69693 0.117624  1.83712  
5.03888 4.31833 0.111678  1.83896  
4.63177 4.77483 0.0795954  1.83327  
6.48157 5.56951 0.0511155  1.83318  
5.44532 4.07861 0.0571346  1.82433  
4.9098 4.66654 0.0310709  0.849767  
5.45126 4.28703 0.0277334  1.8306  
0.0240764 0.849621 3.3359  0.221973  
0.308028 0.447784 0.0229479  1.28561  
3.27504 0.221973 1.43094  0.228539  
0.308337 0.44649 0.610364  0.23025  
0.0292067 0.849621 1.01183  0.231449  
0.312822 0.445036 1.01596  0.235684  
0.624475 0.225341 1.0167  0.229329  
0.307996 0.457996 1.01729  0.241535  
0.0321998 0.849621 1.01932  0.22891  
0.0508639 0.849621 1.01982  0.246077  
0.610404 0.22938 1.02085  0.246511  
0.0228744 0.871942 1.02099  0.232441  
1.23657 0.224732 1.0212  0.2978  
0.308868 0.445397 1.02846  0.237974  
0.308025 0.451285 1.03192  0.285938  
0.610351 0.431066 1.03219  0.247816  
0.310241 0.445262 1.03598  0.258894  
0.610568 0.22876 1.06095  0.329887  
0.307996 0.465913 1.04122  0.428912  
0.610364 0.23025 1.11831  0.451127  
3.33909 0.422539 1.12363  0.450408  
4.47647 0.425296 0.957309  0.44595  
0.610911 0.233462 0.803215  0.447474  
0.307997 0.842984 0.739695  0.445262  
0.0255373 0.849621 0.760055  0.445245  
0.0420111 0.849621 0.71701  0.445041  
5.00581 0.416939 0.71156  0.447253  
0.308039 0.450807 0.711483  0.452208  
2.51805 0.226749 0.714285  0.459564  
0.853151 0.284774 0.715242  0.448787  
2.52368 0.24273 0.719413  0.451279  
0.30948 0.447985 0.720048  0.487685  
4.86709 0.480559 0.721977  0.455976  
4.88589 4.3739 0.722549  0.451597  
5.36491 5.71384 0.723403  0.490934  
7.97323 8.31296 0.729105  0.525692  
8.96516 7.70222 0.731706  0.48832  
7.92204 7.13832 0.629328  0.64558  
5.9032 5.27966 0.723346  0.634861  
5.4663 5.27561 0.62187  0.638188  
4.55399 4.36831 0.613624  0.633944  
7.74436 5.47226 0.627504  0.625464  
8.19442 6.70468 0.610359  0.625699  
5.09618 4.472 0.610317  0.638833  
4.7548 4.59805 0.610559  0.645758  
5.24505 4.17789 0.308875  0.447663  
6.08801 5.58399 0.610404  0.679386  
8.40265 8.25538 0.610542  0.712415  
6.9791 5.74093 0.610715  0.665476  
5.67798 7.74246 0.610404  0.769755  
7.31365 6.4465 0.610893  0.691567  
4.48952 4.55174 0.611234  0.688076  
7.36089 6.84276 0.601883  0.849621  
5.93581 8.33158 0.458998  0.849621  
6.90327 6.35441 0.546266  0.849621  
6.97976 6.36084 0.475913  0.849621  
5.0633 4.42737 0.519546  0.849621  
10.2294 7.83613 0.441417  0.849621  
5.3781 5.95679 0.474549  0.849621  
6.96405 6.12799 0.452878  0.849621  
5.93876 4.3055 0.43459  0.849621  
6.24468 6.41231 0.424262  0.849621  
5.1643 4.79997 0.314375  0.862555  
6.95653 7.48803 0.310874  0.860734  
6.05654 3.90093 0.323543  0.854231  
4.89729 4.68235 0.355306  0.853461  
5.26627 4.58588 0.317954  0.852877  
5.47858 5.20616 0.314919  0.848016  
5.48202 4.7016 0.314291  0.844447  
7.49268 7.19652 0.308816  0.8486  
5.40773 4.97281 0.307996  0.878503  
5.20832 5.63379 0.307998  0.916715  
4.80854 4.77923 0.31027  0.983138  
5.77826 6.10829 0.333549  1.13192  
5.26248 4.63246 0.316814  1.04972  
7.34674 5.26063 0.318896  1.09097  
6.14798 5.93528 0.308816  1.24521  
6.18419 6.28802 0.308873  1.18487  
4.50233 6.3262 0.308875  1.23571  
7.4603 5.46189 0.307996  1.29228  
8.43999 6.29421 0.31409  1.25916  
8.79261 5.52594 0.307995  1.43861  
4.88407 4.88265 0.307994  1.53079  
5.54624 5.93997 0.307995  1.51605  
6.89048 6.74605 0.232902  1.64703  
5.54433 5.58022 0.264786  1.64478  
5.81246 5.78895 0.0379878  1.29485  
5.97137 6.01884 0.0823442  1.28189  
8.95472 7.38438 0.152725  1.27892  
5.19564 4.61268 0.083021  1.27923  
5.46592 5.21789 0.0256383  1.26893  
5.3149 4.416 0.0706741  1.26836  
8.18522 5.34845 0.0436265  1.26476  
5.27249 4.69693 0.0825367  1.2627  
5.03888 4.31833 0.0577143  1.25703  
4.63177 4.77483 0.0725661  1.25598  
6.48157 5.56951 0.0533625  1.25468  
5.44532 4.07861 0.0316258  1.25066  
4.9098 4.66654 0.0254113  1.24601  
5.45126 4.28703 0.0256482  0.849621  
0.307978 0.447795 0.610116  0.219028  
0.610114 0.219825 0.0226756  0.849622  
0.307978 0.45121 0.610116  0.219028  
1.16338 0.219028 0.610116  0.219028  
0.0292067 0.849621 0.610116  0.219028  
0.31108 0.445029 0.610116  0.219028  
0.308417 0.445119 0.610116  0.219028  
0.856146 0.419177 0.610116  0.219028  
0.0321998 0.849621 0.610116  0.219028  
0.0508639 0.849621 0.610116  0.219028  
0.0226756 0.849622 0.610116  0.219028  
0.610116 0.219028 0.610116  0.219028  
0.0243518 0.849621 0.610116  0.219028  
0.308122 0.445284 0.610116  0.219028  
0.517932 0.445029 0.610116  0.219028  
0.610114 0.419872 0.610116  0.219028  
0.610114 0.22105 0.610116  0.219028  
0.307978 0.446388 0.610116  0.219028  
0.0230461 0.849621 0.610116  0.219028  
0.610116 0.471144 0.610116  0.219028  
0.610114 0.427528 0.610116  0.219028  
0.610114 0.432556 0.610116  0.219028  
0.610114 0.437947 0.610116  0.219028  
6.51649 6.74014 0.610116  0.219028  
0.610116 0.43724 0.610116  0.219028  
0.0420111 0.849621 0.610116  0.219028  
1.02261 0.687282 0.610116  0.219028  
1.88256 0.628548 0.610114  0.419872  
2.51805 0.226749 0.610114  0.419872  
0.853151 0.284774 0.515733  0.445029  
2.52368 0.24273 0.515733  0.445029  
0.30948 0.447985 0.515733  0.445029  
4.86709 0.480559 0.515733  0.445029  
4.88589 4.3739 0.307978  0.446325  
5.36491 5.71384 0.307978  0.446325  
7.97323 8.31296 0.307978  0.446325  
8.96516 7.70222 0.307978  0.446325  
7.92204 7.13832 0.307978  0.446325  
5.9032 5.27966 0.307978  0.446325  
5.4663 5.27561 0.307978  0.446325  
4.55399 4.36831 0.307978  0.446325  
7.74436 5.47226 0.307978  0.446325  
8.19442 6.70468 0.307978  0.446325  
5.09618 4.472 0.307978  0.446325  
4.7548 4.59805 0.307978  0.446325  
5.24505 4.17789 0.307978  0.446325  
6.08801 5.58399 0.307978  0.45121  
8.40265 8.25538 0.307978  0.45121  
6.9791 5.74093 0.307978  0.45121  
5.67798 7.74246 0.307978  0.45121  
7.31365 6.4465 0.307978  0.45121  
4.48952 4.55174 0.307978  0.45121  
7.36089 6.84276 0.307978  0.45121  
5.93581 8.33158 0.307978  0.45121  
6.90327 6.35441 0.307978  0.45121  
6.97976 6.36084 0.307978  0.45121  
5.0633 4.42737 0.307978  0.45121  
10.2294 7.83613 0.307978  0.45121  
5.3781 5.95679 0.307978  0.45121  
6.96405 6.12799 0.307978  0.45121  
5.93876 4.3055 0.307978  0.45121  
6.24468 6.41231 0.307978  0.45121  
5.1643 4.79997 0.307978  0.66471  
6.95653 7.48803 0.307978  0.66471  
6.05654 3.90093 0.307978  0.66471  
4.89729 4.68235 0.307978  0.66471  
5.26627 4.58588 0.307978  0.66471  
5.47858 5.20616 0.307978  0.66471  
5.48202 4.7016 0.307978  0.66471  
7.49268 7.19652 0.274631  0.849621  
5.40773 4.97281 0.274631  0.849621  
5.20832 5.63379 0.274631  0.849621  
4.80854 4.77923 0.223984  0.849621  
5.77826 6.10829 0.223984  0.849621  
5.26248 4.63246 0.223984  0.849621  
7.34674 5.26063 0.223984  0.849621  
6.14798 5.93528 0.0226756  0.849622  
6.18419 6.28802 0.0226756  0.849622  
4.50233 6.3262 0.0226756  0.849622  
7.4603 5.46189 0.0226756  0.849622  
8.43999 6.29421 0.0226756  0.849622  
8.79261 5.52594 0.0226756  0.849622  
4.88407 4.88265 0.0226756  0.849622  
5.54624 5.93997 0.0226756  0.849622  
6.89048 6.74605 0.0226756  0.849622  
5.54433 5.58022 0.0226756  0.849622  
5.81246 5.78895 0.0226756  0.849622  
5.97137 6.01884 0.0226756  0.849622  
8.95472 7.38438 0.0226756  0.849622  
5.19564 4.61268 0.0226756  0.849622  
5.46592 5.21789 0.0226756  0.849622  
5.3149 4.416 0.0226756  0.849622  
8.18522 5.34845 0.0226756  0.849622  
5.27249 4.69693 0.0226756  0.849622  
5.03888 4.31833 0.0226756  0.849622  
4.63177 4.77483 0.0226756  0.849622  
6.48157 5.56951 0.0226756  0.849622  
5.44532 4.07861 0.0226756  0.849622  
4.9098 4.66654 0.0226756  0.849622  
5.45126 4.28703 0.0226756  0.849622  
0.307978 0.446732 0.610114  0.21904  
0.610114 0.21904 0.0226585  0.84962  
0.0226585 0.84962 0.610114  0.221996  
0.310332 0.445028 0.610114  0.225328  
0.310787 0.445028 0.610114  0.225328  
0.610114 0.444076 0.610114  0.236335  
1.08282 0.42433 0.610114  0.236335  
0.610114 0.825621 0.610114  0.236335  
0.812015 0.440338 0.610114  0.236335  
1.0754 0.419188 0.610114  0.236335  
0.610114 0.234112 0.610114  0.236335  
0.610114 0.219033 0.610114  0.236335  
0.810169 0.419062 0.610114  0.284391  
0.308122 0.445284 0.610114  0.284391  
1.10389 0.219034 0.610114  0.284391  
0.610114 0.221438 0.610114  0.284391  
0.610114 0.419039 0.610114  0.318421  
0.610116 1.00808 0.610114  0.318421  
0.0230461 0.849621 0.610114  0.318421  
0.610116 0.471144 0.610114  0.318421  
0.610114 0.427528 0.610114  0.318421  
0.610114 0.432556 0.610114  0.318421  
0.610114 0.437947 0.610114  0.318421  
6.51649 6.74014 0.610114  0.318421  
0.610116 0.43724 0.610114  0.318421  
0.0420111 0.849621 0.610114  0.318421  
1.02261 0.687282 0.610114  0.318421  
1.88256 0.628548 0.610114  0.425477  
2.51805 0.226749 0.610114  0.430369  
0.853151 0.284774 0.310787  0.445028  
2.52368 0.24273 0.310787  0.445028  
0.30948 0.447985 0.310787  0.445028  
4.86709 0.480559 0.310787  0.445028  
4.88589 4.3739 0.310787  0.445028  
5.36491 5.71384 0.310787  0.445028  
7.97323 8.31296 0.310787  0.445028  
8.96516 7.70222 0.310787  0.445028  
7.92204 7.13832 0.310787  0.445028  
5.9032 5.27966 0.310787  0.445028  
5.4663 5.27561 0.310787  0.445028  
4.55399 4.36831 0.310787  0.445028  
7.74436 5.47226 0.310787  0.445028  
8.19442 6.70468 0.310787  0.445028  
5.09618 4.472 0.310787  0.445028  
4.7548 4.59805 0.310787  0.445028  
5.24505 4.17789 0.307978  0.446732  
6.08801 5.58399 0.307978  0.447866  
8.40265 8.25538 0.307978  0.447866  
6.9791 5.74093 0.307978  0.447866  
5.67798 7.74246 0.307978  0.447866  
7.31365 6.4465 0.307978  0.492237  
4.48952 4.55174 0.307978  0.502413  
7.36089 6.84276 0.307978  0.520473  
5.93581 8.33158 0.307978  0.520473  
6.90327 6.35441 0.307978  0.520473  
6.97976 6.36084 0.307978  0.520473  
5.0633 4.42737 0.307978  0.520473  
10.2294 7.83613 0.307978  0.520473  
5.3781 5.95679 0.307978  0.520473  
6.96405 6.12799 0.307978  0.520473  
5.93876 4.3055 0.307978  0.520473  
6.24468 6.41231 0.307978  0.520473  
5.1643 4.79997 0.307978  0.520473  
6.95653 7.48803 0.307978  0.520473  
6.05654 3.90093 0.307978  0.720089  
4.89729 4.68235 0.307978  0.720089  
5.26627 4.58588 0.307978  0.720089  
5.47858 5.20616 0.307978  0.720089  
5.48202 4.7016 0.307978  0.720089  
7.49268 7.19652 0.025055  0.84962  
5.40773 4.97281 0.025055  0.84962  
5.20832 5.63379 0.025055  0.84962  
4.80854 4.77923 0.025055  0.84962  
5.77826 6.10829 0.025055  0.84962  
5.26248 4.63246 0.025055  0.84962  
7.34674 5.26063 0.025055  0.84962  
6.14798 5.93528 0.025055  0.84962  
6.18419 6.28802 0.025055  0.84962  
4.50233 6.3262 0.025055  0.84962  
7.4603 5.46189 0.025055  0.84962  
8.43999 6.29421 0.025055  0.84962  
8.79261 5.52594 0.025055  0.84962  
4.88407 4.88265 0.025055  0.84962  
5.54624 5.93997 0.025055  0.84962  
6.89048 6.74605 0.025055  0.84962  
5.54433 5.58022 0.025055  0.84962  
5.81246 5.78895 0.025055  0.84962  
5.97137 6.01884 0.025055  0.84962  
8.95472 7.38438 0.025055  0.84962  
5.19564 4.61268 0.025055  0.84962  
5.46592 5.21789 0.025055  0.84962  
5.3149 4.416 0.025055  0.84962  
8.18522 5.34845 0.025055  0.84962  
5.27249 4.69693 0.025055  0.84962  
5.03888 4.31833 0.025055  0.84962  
4.63177 4.77483 0.025055  0.84962  
6.48157 5.56951 0.025055  0.84962  
5.44532 4.07861 0.025055  0.84962  
4.9098 4.66654 0.025055  0.84962  
5.45126 4.28703 0.025055  0.84962  
0.0226965 0.84962 0.610114  0.219042  
0.610114 0.513664 0.0226965  0.84962  
0.0226965 0.84962 0.610114  0.220998  
0.310332 0.445028 0.610114  0.220998  
0.307978 0.446724 0.610114  0.220998  
0.310787 0.445028 0.610114  0.220998  
0.610114 0.219082 0.610114  0.220998  
0.610114 0.219038 0.610114  0.220998  
0.0226965 0.84962 0.610114  0.220998  
0.610114 0.219038 0.610114  0.220998  
1.52519 0.419371 0.610114  0.220998  
0.610114 0.219033 0.610114  0.220998  
0.810169 0.419062 0.610114  0.220998  
0.308122 0.445284 0.610114  0.289883  
1.10389 0.219034 0.610114  0.289883  
0.610114 0.221438 0.610114  0.289883  
0.610114 0.419039 0.610114  0.319464  
0.610116 1.00808 0.610114  0.319464  
0.0230461 0.849621 0.610114  0.319464  
0.610116 0.471144 0.610114  0.319464  
0.610114 0.427528 0.610114  0.319464  
0.610114 0.432556 0.610114  0.319464  
0.610114 0.437947 0.610114  0.319464  
6.51649 6.74014 0.610114  0.319464  
0.610116 0.43724 0.610114  0.319464  
0.0420111 0.849621 0.610114  0.319464  
1.02261 0.687282 0.610114  0.319464  
1.88256 0.628548 0.610114  0.422885  
2.51805 0.226749 0.610114  0.431175  
0.853151 0.284774 0.310787  0.445028  
2.52368 0.24273 0.310787  0.445028  
0.30948 0.447985 0.310787  0.445028  
4.86709 0.480559 0.310787  0.445028  
4.88589 4.3739 0.310787  0.445028  
5.36491 5.71384 0.310787  0.445028  
7.97323 8.31296 0.310787  0.445028  
8.96516 7.70222 0.310787  0.445028  
7.92204 7.13832 0.310787  0.445028  
5.9032 5.27966 0.310787  0.445028  
5.4663 5.27561 0.310787  0.445028  
4.55399 4.36831 0.310787  0.445028  
7.74436 5.47226 0.310787  0.445028  
8.19442 6.70468 0.310787  0.445028  
5.09618 4.472 0.310787  0.445028  
4.7548 4.59805 0.310787  0.445028  
5.24505 4.17789 0.307978  0.446724  
6.08801 5.58399 0.307978  0.447904  
8.40265 8.25538 0.307978  0.447904  
6.9791 5.74093 0.307978  0.447904  
5.67798 7.74246 0.307978  0.447904  
7.31365 6.4465 0.307978  0.447904  
4.48952 4.55174 0.307978  0.447904  
7.36089 6.84276 0.307978  0.447904  
5.93581 8.33158 0.307978  0.447904  
6.90327 6.35441 0.307978  0.447904  
6.97976 6.36084 0.307978  0.447904  
5.0633 4.42737 0.307978  0.447904  
10.2294 7.83613 0.307978  0.447904  
5.3781 5.95679 0.307978  0.447904  
6.96405 6.12799 0.307978  0.447904  
5.93876 4.3055 0.307978  0.447904  
6.24468 6.41231 0.307978  0.651857  
5.1643 4.79997 0.307978  0.651857  
6.95653 7.48803 0.307978  0.651857  
6.05654 3.90093 0.307978  0.651857  
4.89729 4.68235 0.307978  0.651857  
5.26627 4.58588 0.307978  0.651857  
5.47858 5.20616 0.307978  0.651857  
5.48202 4.7016 0.307978  0.651857  
7.49268 7.19652 0.0249488  0.84962  
5.40773 4.97281 0.0249488  0.84962  
5.20832 5.63379 0.0249488  0.84962  
4.80854 4.77923 0.0249488  0.84962  
5.77826 6.10829 0.0249488  0.84962  
5.26248 4.63246 0.0249488  0.84962  
7.34674 5.26063 0.0249488  0.84962  
6.14798 5.93528 0.0249488  0.84962  
6.18419 6.28802 0.0249488  0.84962  
4.50233 6.3262 0.0249488  0.84962  
7.4603 5.46189 0.0249488  0.84962  
8.43999 6.29421 0.0249488  0.84962  
8.79261 5.52594 0.0249488  0.84962  
4.88407 4.88265 0.0249488  0.84962  
5.54624 5.93997 0.0249488  0.84962  
6.89048 6.74605 0.0249488  0.84962  
5.54433 5.58022 0.0249488  0.84962  
5.81246 5.78895 0.0249488  0.84962  
5.97137 6.01884 0.0249488  0.84962  
8.95472 7.38438 0.0249488  0.84962  
5.19564 4.61268 0.0249488  0.84962  
5.46592 5.21789 0.0249488  0.84962  
5.3149 4.416 0.0249488  0.84962  
8.18522 5.34845 0.0249488  0.84962  
5.27249 4.69693 0.0249488  0.84962  
5.03888 4.31833 0.0249488  0.84962  
4.63177 4.77483 0.0249488  0.84962  
6.48157 5.56951 0.0249488  0.84962  
5.44532 4.07861 0.0249488  0.84962  
4.9098 4.66654 0.0249488  0.84962  
5.45126 4.28703 0.0249488  0.84962  
0.0227064 0.84962 0.610114  0.219035  
0.610114 0.219035 0.0227064  0.84962  
1.0881 0.219048 0.610114  0.219473  
0.310332 0.445028 0.610114  0.227591  
0.307978 0.446728 0.610114  0.227591  
0.311016 0.445028 0.610114  0.227591  
1.01048 0.419512 0.610114  0.227591  
0.610114 0.219038 0.610114  0.227591  
0.0226965 0.84962 0.610114  0.227591  
0.610114 0.219038 0.610114  0.227591  
1.52519 0.419371 0.610114  0.227591  
0.610114 0.219033 0.610114  0.227591  
0.810169 0.419062 0.610114  0.227591  
0.308122 0.445284 0.610114  0.227591  
1.10389 0.219034 0.610114  0.227591  
0.610114 0.221438 0.610114  0.227591  
0.610114 0.419039 0.610114  0.227591  
0.610116 1.00808 0.610114  0.227591  
0.0230461 0.849621 0.610114  0.227591  
0.610116 0.471144 0.610114  0.227591  
0.610114 0.427528 0.610114  0.227591  
0.610114 0.432556 0.610114  0.227591  
0.610114 0.437947 0.610114  0.227591  
6.51649 6.74014 0.610114  0.227591  
0.610116 0.43724 0.610114  0.227591  
0.0420111 0.849621 0.610114  0.227591  
1.02261 0.687282 0.610114  0.227591  
1.88256 0.628548 0.610114  0.227591  
2.51805 0.226749 0.610114  0.227591  
0.853151 0.284774 0.310787  0.445028  
2.52368 0.24273 0.310787  0.445028  
0.30948 0.447985 0.310787  0.445028  
4.86709 0.480559 0.310787  0.445028  
4.88589 4.3739 0.310787  0.445028  
5.36491 5.71384 0.310787  0.445028  
7.97323 8.31296 0.310787  0.445028  
8.96516 7.70222 0.310787  0.445028  
7.92204 7.13832 0.310787  0.445028  
5.9032 5.27966 0.310787  0.445028  
5.4663 5.27561 0.310787  0.445028  
4.55399 4.36831 0.310787  0.445028  
7.74436 5.47226 0.310787  0.445028  
8.19442 6.70468 0.310787  0.445028  
5.09618 4.472 0.310787  0.445028  
4.7548 4.59805 0.310787  0.445028  
5.24505 4.17789 0.307978  0.446633  
6.08801 5.58399 0.307978  0.447662  
8.40265 8.25538 0.307978  0.447662  
6.9791 5.74093 0.307978  0.447662  
5.67798 7.74246 0.307978  0.447662  
7.31365 6.4465 0.307978  0.447662  
4.48952 4.55174 0.307978  0.508258  
7.36089 6.84276 0.307978  0.508258  
5.93581 8.33158 0.307978  0.508258  
6.90327 6.35441 0.307978  0.508258  
6.97976 6.36084 0.307978  0.508258  
5.0633 4.42737 0.307978  0.508258  
10.2294 7.83613 0.307978  0.508258  
5.3781 5.95679 0.307978  0.508258  
6.96405 6.12799 0.307978  0.508258  
5.93876 4.3055 0.307978  0.508258  
6.24468 6.41231 0.307978  0.652933  
5.1643 4.79997 0.307978  0.652933  
6.95653 7.48803 0.307978  0.652933  
6.05654 3.90093 0.307978  0.708034  
4.89729 4.68235 0.307978  0.708034  
5.26627 4.58588 0.307978  0.708034  
5.47858 5.20616 0.307978  0.708034  
5.48202 4.7016 0.307978  0.708034  
7.49268 7.19652 0.0257605  0.84962  
5.40773 4.97281 0.0257605  0.84962  
5.20832 5.63379 0.0257605  0.84962  
4.80854 4.77923 0.0257605  0.84962  
5.77826 6.10829 0.0257605  0.84962  
5.26248 4.63246 0.0257605  0.84962  
7.34674 5.26063 0.0257605  0.84962  
6.14798 5.93528 0.0257605  0.84962  
6.18419 6.28802 0.0257605  0.84962  
4.50233 6.3262 0.0257605  0.84962  
7.4603 5.46189 0.0257605  0.84962  
8.43999 6.29421 0.0257605  0.84962  
8.79261 5.52594 0.0257605  0.84962  
4.88407 4.88265 0.0257605  0.84962  
5.54624 5.93997 0.0257605  0.84962  
6.89048 6.74605 0.0257605  0.84962  
5.54433 5.58022 0.0257605  0.84962  
5.81246 5.78895 0.0257605  0.84962  
5.97137 6.01884 0.0257605  0.84962  
8.95472 7.38438 0.0257605  0.84962  
5.19564 4.61268 0.0257605  0.84962  
5.46592 5.21789 0.0257605  0.84962  
5.3149 4.416 0.0257605  0.84962  
8.18522 5.34845 0.0257605  0.84962  
5.27249 4.69693 0.0257605  0.84962  
5.03888 4.31833 0.0257605  0.84962  
4.63177 4.77483 0.0257605  0.84962  
6.48157 5.56951 0.0257605  0.84962  
5.44532 4.07861 0.0257605  0.84962  
4.9098 4.66654 0.0257605  0.84962  
5.45126 4.28703 0.0257605  0.84962  
0.0227027 0.84962 0.610114  0.219037  
0.310787 0.445028 0.0227027  0.84962  
1.00728 0.34032 0.610114  0.220475  
0.310332 0.445028 0.610114  0.222113  
0.307978 0.446688 0.610114  0.222113  
0.857969 0.619062 0.610114  0.222113  
1.02537 0.219036 0.610114  0.222113  
0.610114 0.219038 0.610114  0.222113  
0.0226965 0.84962 0.610114  0.258397  
0.610114 0.219038 0.610114  0.258397  
1.52519 0.419371 0.610114  0.258397  
0.610114 0.219033 0.610114  0.258397  
0.810169 0.419062 0.610114  0.282301  
0.308122 0.445284 0.610114  0.296365  
1.10389 0.219034 0.610114  0.296365  
0.610114 0.221438 0.610114  0.296365  
0.610114 0.419039 0.610114  0.296365  
0.610116 1.00808 0.610114  0.296365  
0.0230461 0.849621 0.610114  0.296365  
0.610116 0.471144 0.610114  0.296365  
0.610114 0.427528 0.610114  0.296365  
0.610114 0.432556 0.610114  0.296365  
0.610114 0.437947 0.610114  0.296365  
6.51649 6.74014 0.610114  0.296365  
0.610116 0.43724 0.610114  0.296365  
0.0420111 0.849621 0.610114  0.296365  
1.02261 0.687282 0.610114  0.412823  
1.88256 0.628548 0.610114  0.422842  
2.51805 0.226749 0.610114  0.428284  
0.853151 0.284774 0.310787  0.445028  
2.52368 0.24273 0.310787  0.445028  
0.30948 0.447985 0.310787  0.445028  
4.86709 0.480559 0.310787  0.445028  
4.88589 4.3739 0.310787  0.445028  
5.36491 5.71384 0.310787  0.445028  
7.97323 8.31296 0.310787  0.445028  
8.96516 7.70222 0.310787  0.445028  
7.92204 7.13832 0.310787  0.445028  
5.9032 5.27966 0.310787  0.445028  
5.4663 5.27561 0.310787  0.445028  
4.55399 4.36831 0.310787  0.445028  
7.74436 5.47226 0.310787  0.445028  
8.19442 6.70468 0.310787  0.445028  
5.09618 4.472 0.310787  0.445028  
4.7548 4.59805 0.310787  0.445028  
5.24505 4.17789 0.307978  0.446692  
6.08801 5.58399 0.307978  0.4477  
8.40265 8.25538 0.307978  0.4477  
6.9791 5.74093 0.307978  0.4477  
5.67798 7.74246 0.307978  0.477964  
7.31365 6.4465 0.307978  0.477964  
4.48952 4.55174 0.307978  0.477964  
7.36089 6.84276 0.307978  0.477964  
5.93581 8.33158 0.307978  0.477964  
6.90327 6.35441 0.307978  0.477964  
6.97976 6.36084 0.307978  0.477964  
5.0633 4.42737 0.307978  0.477964  
10.2294 7.83613 0.307978  0.477964  
5.3781 5.95679 0.307978  0.477964  
6.96405 6.12799 0.307978  0.477964  
5.93876 4.3055 0.307978  0.477964  
6.24468 6.41231 0.307978  0.647464  
5.1643 4.79997 0.307978  0.67778  
6.95653 7.48803 0.307978  0.699535  
6.05654 3.90093 0.307978  0.699535  
4.89729 4.68235 0.307978  0.699535  
5.26627 4.58588 0.307978  0.699535  
5.47858 5.20616 0.307978  0.699535  
5.48202 4.7016 0.307978  0.699535  
7.49268 7.19652 0.0253811  0.84962  
5.40773 4.97281 0.0253811  0.84962  
5.20832 5.63379 0.0253811  0.84962  
4.80854 4.77923 0.0253811  0.84962  
5.77826 6.10829 0.0253811  0.84962  
5.26248 4.63246 0.0253811  0.84962  
7.34674 5.26063 0.0253811  0.84962  
6.14798 5.93528 0.0253811  0.84962  
6.18419 6.28802 0.0253811  0.84962  
4.50233 6.3262 0.0253811  0.84962  
7.4603 5.46189 0.0253811  0.84962  
8.43999 6.29421 0.0253811  0.84962  
8.79261 5.52594 0.0253811  0.84962  
4.88407 4.88265 0.0253811  0.84962  
5.54624 5.93997 0.0253811  0.84962  
6.89048 6.74605 0.0253811  0.84962  
5.54433 5.58022 0.0253811  0.84962  
5.81246 5.78895 0.0253811  0.84962  
5.97137 6.01884 0.0253811  0.84962  
8.95472 7.38438 0.0253811  0.84962  
5.19564 4.61268 0.0253811  0.84962  
5.46592 5.21789 0.0253811  0.84962  
5.3149 4.416 0.0253811  0.84962  
8.18522 5.34845 0.0253811  0.84962  
5.27249 4.69693 0.0253811  0.84962  
5.03888 4.31833 0.0253811  0.84962  
4.63177 4.77483 0.0253811  0.84962  
6.48157 5.56951 0.0253811  0.84962  
5.44532 4.07861 0.0253811  0.84962  
4.9098 4.66654 0.0253811  0.84962  
5.45126 4.28703 0.0253811  0.84962  
0.0227066 0.84962 0.610114  0.219011  
0.310787 0.445028 0.0227066  0.84962  
0.610114 0.437483 0.610114  0.21973  
0.310332 0.445028 0.610114  0.225605  
0.307978 0.446699 0.610114  0.225605  
0.810207 0.219011 0.610114  0.225605  
1.02537 0.219036 0.610114  0.225605  
0.610114 0.219038 0.610114  0.225605  
0.0226965 0.84962 0.610114  0.225605  
0.610114 0.219038 0.610114  0.225605  
1.52519 0.419371 0.610114  0.225605  
0.610114 0.219033 0.610114  0.225605  
0.810169 0.419062 0.610114  0.225605  
0.308122 0.445284 0.610114  0.225605  
1.10389 0.219034 0.610114  0.225605  
0.610114 0.221438 0.610114  0.225605  
0.610114 0.419039 0.610114  0.225605  
0.610116 1.00808 0.610114  0.225605  
0.0230461 0.849621 0.610114  0.225605  
0.610116 0.471144 0.610114  0.225605  
0.610114 0.427528 0.610114  0.225605  
0.610114 0.432556 0.610114  0.225605  
0.610114 0.437947 0.610114  0.225605  
6.51649 6.74014 0.610114  0.225605  
0.610116 0.43724 0.610114  0.225605  
0.0420111 0.849621 0.610114  0.225605  
1.02261 0.687282 0.610114  0.225605  
1.88256 0.628548 0.610114  0.225605  
2.51805 0.226749 0.610114  0.43278  
0.853151 0.284774 0.31336  0.445028  
2.52368 0.24273 0.31336  0.445028  
0.30948 0.447985 0.31336  0.445028  
4.86709 0.480559 0.31336  0.445028  
4.88589 4.3739 0.31336  0.445028  
5.36491 5.71384 0.31336  0.445028  
7.97323 8.31296 0.31336  0.445028  
8.96516 7.70222 0.31336  0.445028  
7.92204 7.13832 0.31336  0.445028  
5.9032 5.27966 0.31336  0.445028  
5.4663 5.27561 0.31336  0.445028  
4.55399 4.36831 0.31336  0.445028  
7.74436 5.47226 0.31336  0.445028  
8.19442 6.70468 0.31336  0.445028  
5.09618 4.472 0.31336  0.445028  
4.7548 4.59805 0.31336  0.445028  
5.24505 4.17789 0.307978  0.446699  
6.08801 5.58399 0.307978  0.447298  
8.40265 8.25538 0.307978  0.464975  
6.9791 5.74093 0.307978  0.464975  
5.67798 7.74246 0.307978  0.464975  
7.31365 6.4465 0.307978  0.464975  
4.48952 4.55174 0.307978  0.464975  
7.36089 6.84276 0.307978  0.464975  
5.93581 8.33158 0.307978  0.524914  
6.90327 6.35441 0.307978  0.542405  
6.97976 6.36084 0.307978  0.542405  
5.0633 4.42737 0.307978  0.542405  
10.2294 7.83613 0.307978  0.542405  
5.3781 5.95679 0.307978  0.542405  
6.96405 6.12799 0.307978  0.542405  
5.93876 4.3055 0.307978  0.542405  
6.24468 6.41231 0.307978  0.542405  
5.1643 4.79997 0.307978  0.542405  
6.95653 7.48803 0.307978  0.542405  
6.05654 3.90093 0.307978  0.542405  
4.89729 4.68235 0.307978  0.743782  
5.26627 4.58588 0.307978  0.743782  
5.47858 5.20616 0.307978  0.743782  
5.48202 4.7016 0.307978  0.743782  
7.49268 7.19652 0.0250799  0.84962  
5.40773 4.97281 0.0250799  0.84962  
5.20832 5.63379 0.0250799  0.84962  
4.80854 4.77923 0.0250799  0.84962  
5.77826 6.10829 0.0250799  0.84962  
5.26248 4.63246 0.0250799  0.84962  
7.34674 5.26063 0.0250799  0.84962  
6.14798 5.93528 0.0250799  0.84962  
6.18419 6.28802 0.0250799  0.84962  
4.50233 6.3262 0.0250799  0.84962  
7.4603 5.46189 0.0250799  0.84962  
8.43999 6.29421 0.0250799  0.84962  
8.79261 5.52594 0.0250799  0.84962  
4.88407 4.88265 0.0250799  0.84962  
5.54624 5.93997 0.0250799  0.84962  
6.89048 6.74605 0.0250799  0.84962  
5.54433 5.58022 0.0250799  0.84962  
5.81246 5.78895 0.0250799  0.84962  
5.97137 6.01884 0.0250799  0.84962  
8.95472 7.38438 0.0250799  0.84962  
5.19564 4.61268 0.0250799  0.84962  
5.46592 5.21789 0.0250799  0.84962  
5.3149 4.416 0.0250799  0.84962  
8.18522 5.34845 0.0250799  0.84962  
5.27249 4.69693 0.0250799  0.84962  
5.03888 4.31833 0.0250799  0.84962  
4.63177 4.77483 0.0250799  0.84962  
6.48157 5.56951 0.0250799  0.84962  
5.44532 4.07861 0.0250799  0.84962  
4.9098 4.66654 0.0250799  0.84962  
5.45126 4.28703 0.0250799  0.84962  
