38.7491 38.2985 38.7491  38.2985  
30.6149 26.0065 30.6149  26.0065  
21.4898 16.4418 21.4898  16.4418  
18.8974 17.9624 18.8974  17.9624  
41.3104 36.0011 41.3104  36.0011  
48.0692 41.7682 48.0692  41.7682  
14.934 10.6233 14.934  10.6233  
21.8097 22.3707 21.8097  22.3707  
23.5673 14.4703 23.5673  14.4703  
34.2721 32.2843 34.2721  32.2843  
19.3532 18.3526 19.3532  18.3526  
30.0501 34.3803 30.0501  34.3803  
17.79 20.3346 17.79  20.3346  
31.0429 21.8111 31.0429  21.8111  
34.7014 24.3855 34.7014  24.3855  
20.6573 14.0201 20.6573  14.0201  
22.5156 17.5568 22.5156  17.5568  
17.66 15.3653 17.66  15.3653  
24.0824 24.9318 24.0824  24.9318  
15.8225 14.7507 15.8225  14.7507  
20.9905 21.4779 20.9905  21.4779  
14.1021 15.5538 14.1021  15.5538  
14.0028 21.3308 14.0028  21.3308  
17.6993 24.7664 17.6993  24.7664  
13.5848 13.8174 13.5848  13.8174  
17.2535 11.0746 17.2535  11.0746  
33.9602 21.5109 33.9602  21.5109  
24.1495 19.1242 24.1495  19.1242  
18.8107 17.4021 18.8107  17.4021  
20.8426 21.25 20.8426  21.25  
40.9795 31.6476 40.9795  31.6476  
28.8151 23.3023 28.8151  23.3023  
13.3296 10.9623 13.3296  10.9623  
37.1533 19.5875 37.1533  19.5875  
39.6421 34.3986 39.6421  34.3986  
19.7802 15.8228 19.7802  15.8228  
29.4287 22.1807 29.4287  22.1807  
18.5221 23.9187 18.5221  23.9187  
30.3875 25.8653 30.3875  25.8653  
33.4855 32.4031 33.4855  32.4031  
31.9169 30.4562 31.9169  30.4562  
17.534 19.8925 17.534  19.8925  
21.358 21.321 21.358  21.321  
24.2245 18.1827 24.2245  18.1827  
29.5548 18.3441 29.5548  18.3441  
18.2298 14.0229 18.2298  14.0229  
23.1845 22.9477 23.1845  22.9477  
16.1139 23.0479 16.1139  23.0479  
19.5226 23.9895 19.5226  23.9895  
15.6988 10.8543 15.6988  10.8543  
17.7167 13.0942 17.7167  13.0942  
30.3791 47.4879 30.3791  47.4879  
29.0457 20.8906 29.0457  20.8906  
18.5896 14.0114 18.5896  14.0114  
22.6275 30.9295 22.6275  30.9295  
24.7965 30.4645 24.7965  30.4645  
22.0388 22.1315 22.0388  22.1315  
34.3835 23.4016 34.3835  23.4016  
26.9737 15.8713 26.9737  15.8713  
20.2102 15.0248 20.2102  15.0248  
20.5065 30.299 20.5065  30.299  
17.231 17.348 17.231  17.348  
39.9664 25.8835 39.9664  25.8835  
20.3248 15.2496 20.3248  15.2496  
24.7176 17.9437 24.7176  17.9437  
31.0321 22.8419 31.0321  22.8419  
20.3459 18.0853 20.3459  18.0853  
19.0816 24.125 19.0816  24.125  
18.9502 11.3142 18.9502  11.3142  
11.2137 12.6088 11.2137  12.6088  
18.3004 20.4564 18.3004  20.4564  
21.295 16.4314 21.295  16.4314  
21.7002 15.889 21.7002  15.889  
39.9153 13.3562 39.9153  13.3562  
20.541 16.4908 20.541  16.4908  
15.0721 15.8689 15.0721  15.8689  
24.0955 10.8383 24.0955  10.8383  
24.8647 18.6932 24.8647  18.6932  
27.101 20.3194 27.101  20.3194  
36.3068 21.0325 36.3068  21.0325  
21.8437 22.0195 21.8437  22.0195  
15.3009 11.5435 15.3009  11.5435  
18.6422 29.0258 18.6422  29.0258  
23.6219 13.1807 23.6219  13.1807  
20.407 9.33145 20.407  9.33145  
30.0895 19.3106 30.0895  19.3106  
22.8567 14.2599 22.8567  14.2599  
27.0256 25.9895 27.0256  25.9895  
24.7218 17.4724 24.7218  17.4724  
22.0636 21.7006 22.0636  21.7006  
23.2407 25.7806 23.2407  25.7806  
18.2381 25.9576 18.2381  25.9576  
26.4151 18.4289 26.4151  18.4289  
21.2975 20.7363 21.2975  20.7363  
33.4077 26.5472 33.4077  26.5472  
16.3214 17.8444 16.3214  17.8444  
16.082 23.5615 16.082  23.5615  
20.8862 17.3875 20.8862  17.3875  
26.5026 24.328 26.5026  24.328  
15.4836 25.7154 15.4836  25.7154  
0.551735 0.258686 15.8169  14.0417  
1.31512 0.258571 6.92354  18.6734  
18.6524 17.1767 20.7694  10.5257  
0.552154 0.259626 23.2002  9.70863  
0.551241 2.27677 24.3901  9.49039  
25.4796 7.87743 21.5642  8.96684  
16.7452 6.08755 26.2912  7.90613  
0.564066 0.772081 21.8461  7.88313  
17.2843 6.51556 25.7048  7.06146  
34.2721 32.2843 23.2519  6.99086  
19.3532 18.3526 28.4485  6.58157  
30.0501 34.3803 21.1414  6.09851  
17.79 20.3346 22.7752  5.81902  
31.0429 21.8111 18.002  5.5446  
34.7014 24.3855 23.153  5.43974  
20.6573 14.0201 27.268  4.48336  
22.5156 17.5568 20.2814  5.26173  
17.66 15.3653 20.8452  4.08328  
24.0824 24.9318 19.89  4.09846  
15.8225 14.7507 18.1182  4.98275  
20.9905 21.4779 17.7508  4.09908  
14.1021 15.5538 0.551735  0.258686  
14.0028 21.3308 8.35273  2.28238  
17.6993 24.7664 13.8072  3.6489  
13.5848 13.8174 11.7059  3.53343  
17.2535 11.0746 8.11097  2.63654  
33.9602 21.5109 13.9478  4.05323  
24.1495 19.1242 11.2914  4.04359  
18.8107 17.4021 9.31697  3.39827  
20.8426 21.25 15.5886  6.1459  
40.9795 31.6476 1.34277  0.58263  
28.8151 23.3023 7.28489  3.10465  
13.3296 10.9623 8.05416  3.62711  
37.1533 19.5875 8.18803  3.76843  
39.6421 34.3986 8.41599  4.1274  
19.7802 15.8228 8.45657  4.3454  
29.4287 22.1807 8.75509  4.70565  
18.5221 23.9187 8.23129  4.62472  
30.3875 25.8653 7.4085  4.3327  
33.4855 32.4031 7.24126  4.36173  
31.9169 30.4562 8.86193  5.51101  
17.534 19.8925 8.89363  5.83637  
21.358 21.321 10.1  6.75483  
24.2245 18.1827 6.37169  4.52757  
29.5548 18.3441 6.64392  4.88712  
18.2298 14.0229 6.28774  4.88786  
23.1845 22.9477 6.4061  5.15867  
16.1139 23.0479 5.65539  4.66373  
19.5226 23.9895 7.53538  6.47573  
15.6988 10.8543 0.921299  0.601837  
17.7167 13.0942 7.5514  7.07654  
30.3791 47.4879 9.99055  10.1453  
29.0457 20.8906 6.42905  6.47281  
18.5896 14.0114 6.43904  7.16909  
22.6275 30.9295 6.12932  6.93964  
24.7965 30.4645 5.31238  5.95778  
22.0388 22.1315 6.13434  7.2562  
34.3835 23.4016 5.32281  6.50374  
26.9737 15.8713 4.30627  5.3532  
20.2102 15.0248 5.77899  8.45046  
20.5065 30.299 5.38313  7.5372  
17.231 17.348 5.02635  7.18584  
39.9664 25.8835 5.21083  7.79129  
20.3248 15.2496 5.27422  8.14141  
24.7176 17.9437 4.63645  7.46299  
31.0321 22.8419 4.95386  8.48475  
20.3459 18.0853 5.13963  9.07245  
19.0816 24.125 4.63759  8.55244  
18.9502 11.3142 4.91123  10.0725  
11.2137 12.6088 4.45393  9.11117  
18.3004 20.4564 3.60614  7.37988  
21.295 16.4314 4.67623  10.3248  
21.7002 15.889 3.942  8.98978  
39.9153 13.3562 4.08134  9.98023  
20.541 16.4908 3.35132  8.49769  
15.0721 15.8689 4.15909  11.0646  
24.0955 10.8383 5.18087  14.1714  
24.8647 18.6932 3.19603  9.23714  
27.101 20.3194 4.05497  12.761  
36.3068 21.0325 5.18868  17.5412  
21.8437 22.0195 5.35129  19.4641  
15.3009 11.5435 4.90287  19.4791  
18.6422 29.0258 2.83793  11.0771  
23.6219 13.1807 5.21781  22.5501  
20.407 9.33145 5.3404  20.7447  
30.0895 19.3106 5.43713  17.5616  
22.8567 14.2599 5.64898  14.8024  
27.0256 25.9895 5.8209  27.1676  
24.7218 17.4724 6.06841  32.3451  
22.0636 21.7006 6.14742  22.0671  
23.2407 25.7806 6.61128  17.6634  
18.2381 25.9576 7.3346  19.1333  
26.4151 18.4289 7.88607  17.1703  
21.2975 20.7363 9.27624  24.0329  
33.4077 26.5472 13.075  24.3877  
16.3214 17.8444 13.2842  19.5218  
16.082 23.5615 14.1541  23.9738  
20.8862 17.3875 16.0895  16.8046  
26.5026 24.328 17.1585  19.2808  
15.4836 25.7154 19.6666  21.6326  
0.550241 0.258422 21.0666  15.6931  
0.180859 0.580376 13.4054  17.1138  
0.841921 0.083806 0.841921  0.086844  
0.179743 2.53122 12.5725  6.84756  
21.0141 15.6931 17.1304  4.4265  
0.833584 0.258304 16.4538  3.91753  
0.550963 0.258323 15.5229  3.67026  
0.426321 4.50906 19.5333  3.65876  
0.576342 0.258322 17.6236  3.46935  
14.8778 7.72926 20.139  3.41423  
20.3285 6.34551 22.315  3.10734  
11.319 9.71281 7.19804  0.831979  
0.45583 0.579478 11.7523  2.78774  
0.849185 0.0903035 18.7799  2.67015  
0.884638 0.0898335 14.2465  2.39971  
0.841938 0.0924918 12.4542  2.36861  
0.841932 0.0942343 11.9773  2.32313  
18.3035 6.29465 10.7741  2.06288  
24.0824 24.9318 11.3841  2.30654  
15.8225 14.7507 4.96312  1.11095  
20.9905 21.4779 5.86578  1.36477  
14.1021 15.5538 10.2789  2.21351  
14.0028 21.3308 8.25065  2.16978  
17.6993 24.7664 6.09946  1.7257  
13.5848 13.8174 6.26713  1.80355  
17.2535 11.0746 5.95737  1.9006  
33.9602 21.5109 6.72163  1.92115  
24.1495 19.1242 4.12105  1.45031  
18.8107 17.4021 6.80832  2.30106  
20.8426 21.25 3.72595  1.47301  
40.9795 31.6476 3.94031  1.6242  
28.8151 23.3023 4.99242  2.13396  
13.3296 10.9623 3.88585  1.74803  
37.1533 19.5875 0.552018  0.260696  
39.6421 34.3986 3.36774  1.66322  
19.7802 15.8228 6.27988  3.21367  
29.4287 22.1807 3.55219  1.91297  
18.5221 23.9187 4.93605  2.68247  
30.3875 25.8653 4.15088  2.44285  
33.4855 32.4031 5.04862  3.14602  
31.9169 30.4562 5.28729  3.28827  
17.534 19.8925 5.26694  3.51932  
21.358 21.321 6.6566  2.9339  
24.2245 18.1827 2.95811  2.13365  
29.5548 18.3441 4.2586  3.11515  
18.2298 14.0229 4.92327  3.90569  
23.1845 22.9477 3.45463  2.84243  
16.1139 23.0479 4.5016  3.85998  
19.5226 23.9895 3.05828  2.7061  
15.6988 10.8543 4.48548  4.06238  
17.7167 13.0942 3.67857  3.53208  
30.3791 47.4879 4.30055  4.30951  
29.0457 20.8906 4.80192  4.9111  
18.5896 14.0114 3.40964  3.87265  
22.6275 30.9295 3.25036  3.63808  
24.7965 30.4645 2.99291  3.457  
22.0388 22.1315 6.4006  4.76558  
34.3835 23.4016 3.18416  4.0602  
26.9737 15.8713 2.65832  3.46687  
20.2102 15.0248 3.95789  5.54424  
20.5065 30.299 3.99358  6.10795  
17.231 17.348 3.56681  5.33851  
39.9664 25.8835 2.03871  3.1107  
20.3248 15.2496 2.90788  4.77463  
24.7176 17.9437 3.51491  6.23321  
31.0321 22.8419 1.97915  3.41548  
20.3459 18.0853 2.58252  4.67261  
19.0816 24.125 2.95545  5.43907  
18.9502 11.3142 2.95378  5.70582  
11.2137 12.6088 2.77011  5.84518  
18.3004 20.4564 3.30455  7.35951  
21.295 16.4314 3.3694  7.8186  
21.7002 15.889 2.30541  5.52361  
39.9153 13.3562 2.19194  5.51356  
20.541 16.4908 2.36741  6.32877  
15.0721 15.8689 3.08538  8.81785  
24.0955 10.8383 3.44922  10.4281  
24.8647 18.6932 1.85439  5.75777  
27.101 20.3194 3.41812  11.5297  
36.3068 21.0325 3.5376  12.7162  
21.8437 22.0195 3.58625  13.5064  
15.3009 11.5435 3.57302  14.4673  
18.6422 29.0258 3.67061  15.5423  
23.6219 13.1807 0.90943  3.67605  
20.407 9.33145 3.68476  13.3735  
30.0895 19.3106 3.74703  13.4011  
22.8567 14.2599 1.18386  6.33662  
27.0256 25.9895 3.79087  13.9464  
24.7218 17.4724 3.89248  18.8507  
22.0636 21.7006 4.02518  14.7799  
23.2407 25.7806 4.27818  21.444  
18.2381 25.9576 4.3582  18.1756  
26.4151 18.4289 4.48952  15.2333  
21.2975 20.7363 4.63366  18.8143  
33.4077 26.5472 4.6419  20.987  
16.3214 17.8444 4.64815  20.6534  
16.082 23.5615 4.69874  11.5764  
20.8862 17.3875 5.66732  15.1127  
26.5026 24.328 7.67752  7.76428  
15.4836 25.7154 0.180859  0.580376  
0.550241 0.258422 8.98892  3.97808  
0.178122 0.58037 1.76122  10.9183  
1.32799 0.0833819 0.841913  0.0852656  
0.841913 0.0844269 21.7131  1.38656  
0.178638 0.580353 20.0353  0.609034  
0.833584 0.258304 15.9469  0.581411  
0.550963 0.258323 10.8461  0.589513  
0.179952 0.580217 2.8592  0.241058  
0.576342 0.258322 5.49181  0.410227  
0.841734 0.0887339 3.55468  0.359681  
0.184115 0.579907 3.74356  0.422578  
0.368771 0.551214 3.78721  0.399508  
8.98892 3.97808 5.85278  0.736235  
0.849185 0.0903035 4.11113  0.606218  
0.884638 0.0898335 4.13833  0.599533  
0.841938 0.0924918 5.15312  0.757494  
0.841932 0.0942343 8.93141  1.58958  
18.3035 6.29465 2.94658  0.586147  
24.0824 24.9318 4.20296  0.852662  
15.8225 14.7507 6.90602  1.56609  
20.9905 21.4779 4.37059  1.05885  
14.1021 15.5538 4.17547  1.08083  
14.0028 21.3308 1.33544  0.386123  
17.6993 24.7664 4.16586  1.16123  
13.5848 13.8174 4.64526  1.40037  
17.2535 11.0746 2.76316  0.893136  
33.9602 21.5109 3.37636  1.13763  
24.1495 19.1242 4.39393  1.57349  
18.8107 17.4021 3.06153  1.1523  
20.8426 21.25 2.19907  0.860294  
40.9795 31.6476 4.64781  1.762  
28.8151 23.3023 3.07634  1.30985  
13.3296 10.9623 3.05458  1.40678  
37.1533 19.5875 0.550741  0.259733  
39.6421 34.3986 3.16647  1.57378  
19.7802 15.8228 2.97721  1.54762  
29.4287 22.1807 6.1097  3.37431  
18.5221 23.9187 2.5101  1.4111  
30.3875 25.8653 2.64348  1.47309  
33.4855 32.4031 2.17013  1.3142  
31.9169 30.4562 3.04642  2.00876  
17.534 19.8925 2.72591  1.81218  
21.358 21.321 2.9735  2.07779  
24.2245 18.1827 1.90493  1.36295  
29.5548 18.3441 2.51969  1.86675  
18.2298 14.0229 3.00305  2.16697  
23.1845 22.9477 2.99959  2.34964  
16.1139 23.0479 3.04748  2.5946  
19.5226 23.9895 3.7953  3.04756  
15.6988 10.8543 2.15795  1.95355  
17.7167 13.0942 3.33796  3.19612  
30.3791 47.4879 1.79201  1.73893  
29.0457 20.8906 2.01284  2.01251  
18.5896 14.0114 2.66079  2.77287  
22.6275 30.9295 3.18732  3.59495  
24.7965 30.4645 2.81767  3.22283  
22.0388 22.1315 2.80337  3.57363  
34.3835 23.4016 2.53282  3.44555  
26.9737 15.8713 2.11598  2.71728  
20.2102 15.0248 2.30645  3.12284  
20.5065 30.299 1.63825  2.24933  
17.231 17.348 1.53996  2.20847  
39.9664 25.8835 1.6722  2.5098  
20.3248 15.2496 2.58464  4.11505  
24.7176 17.9437 1.78697  3.07411  
31.0321 22.8419 1.66315  2.80195  
20.3459 18.0853 1.58516  2.80198  
19.0816 24.125 1.7986  3.28829  
18.9502 11.3142 2.35482  4.78884  
11.2137 12.6088 1.3409  2.65755  
18.3004 20.4564 1.24686  2.5649  
21.295 16.4314 1.22246  2.67562  
21.7002 15.889 1.34185  2.90298  
39.9153 13.3562 1.88222  4.94681  
20.541 16.4908 1.39715  4.92154  
15.0721 15.8689 1.16005  4.14993  
24.0955 10.8383 1.09325  3.00298  
24.8647 18.6932 1.28693  3.84229  
27.101 20.3194 0.950873  2.82522  
36.3068 21.0325 0.842867  2.7592  
21.8437 22.0195 0.764613  2.54539  
15.3009 11.5435 1.09775  4.28216  
18.6422 29.0258 0.391949  1.06796  
23.6219 13.1807 0.619071  2.27878  
20.407 9.33145 1.29389  6.27359  
30.0895 19.3106 0.759164  4.5585  
22.8567 14.2599 0.797296  3.97808  
27.0256 25.9895 0.638094  3.50793  
24.7218 17.4724 0.594491  3.21761  
22.0636 21.7006 1.27878  7.23689  
23.2407 25.7806 1.39715  9.76122  
18.2381 25.9576 1.49613  15.8106  
26.4151 18.4289 0.659042  11.1208  
21.2975 20.7363 0.786764  9.04326  
33.4077 26.5472 0.447934  4.78061  
16.3214 17.8444 0.54474  9.34343  
16.082 23.5615 0.508025  9.13561  
20.8862 17.3875 0.263319  4.78588  
26.5026 24.328 0.245504  4.55174  
15.4836 25.7154 0.179952  0.580217  
0.550241 0.258422 19.9524  0.0823917  
0.178145 0.580216 0.176461  2.03488  
0.842075 0.0831474 2.34586  0.0826582  
0.841913 0.0844269 1.82952  0.0878246  
0.618491 0.227416 0.842014  0.0855656  
0.719312 0.154522 1.82973  0.129015  
0.550963 0.258323 1.49327  0.130792  
0.268556 0.493808 1.28481  0.130792  
0.576342 0.258322 1.72719  0.173666  
0.841734 0.0887339 1.70665  0.181904  
0.184115 0.579907 1.87855  0.157361  
0.350458 0.409325 1.61039  0.222983  
0.963288 0.0829729 1.60327  0.237214  
7.95794 0.0714372 1.60726  0.225928  
0.550146 0.261254 1.61863  0.246519  
1.21253 0.0826582 0.719093  0.157079  
0.61929 0.221462 1.61966  0.242803  
0.719093 0.156669 1.51613  0.326018  
0.481046 0.32146 1.44378  0.327408  
0.523913 0.31034 1.44503  0.333453  
0.656782 0.219976 1.44458  0.362947  
0.456445 0.329782 1.44531  0.374071  
0.550146 0.264737 1.44606  0.406412  
0.35217 0.408645 1.37849  0.408688  
0.456442 0.363805 1.33741  0.414919  
0.458199 0.326018 1.33779  0.431909  
0.176335 0.601919 1.33803  0.456898  
0.351256 0.409324 0.619248  0.22677  
0.663896 0.218571 1.33824  0.499466  
0.177271 0.583838 1.25478  0.495805  
0.719088 0.164108 1.33933  0.472638  
0.748643 0.154412 1.34682  0.554448  
0.457115 0.32663 1.25769  0.579783  
0.244955 0.579621 1.20457  0.579945  
0.616677 0.249937 1.17162  0.579569  
0.619248 0.223836 1.16418  0.581628  
0.615227 0.251373 1.16375  0.595547  
2.83193 0.0825897 1.16459  0.618026  
19.9524 1.17215 1.16466  0.631564  
0.781597 0.154392 1.16405  0.670214  
4.32116 0.0825776 1.1644  0.663604  
19.3461 0.470344 1.16542  0.698903  
21.358 21.321 1.16699  0.754932  
24.2245 18.1827 1.16992  0.75884  
29.5548 18.3441 1.33848  0.835289  
18.2298 14.0229 1.16944  0.851901  
23.1845 22.9477 1.26566  1.00957  
16.1139 23.0479 1.02356  0.806541  
19.5226 23.9895 0.458199  0.326018  
15.6988 10.8543 0.976304  0.814894  
17.7167 13.0942 1.01648  0.874134  
30.3791 47.4879 0.979397  0.892924  
29.0457 20.8906 1.02743  0.915347  
18.5896 14.0114 1.07467  1.07223  
22.6275 30.9295 0.987766  1.01664  
24.7965 30.4645 0.990002  1.05269  
22.0388 22.1315 0.960257  1.07044  
34.3835 23.4016 0.891974  1.07152  
26.9737 15.8713 0.893065  1.07099  
20.2102 15.0248 0.853568  1.07036  
20.5065 30.299 0.851211  1.07116  
17.231 17.348 0.842014  1.09834  
39.9664 25.8835 0.77775  1.1415  
20.3248 15.2496 0.800333  1.14038  
24.7176 17.9437 0.751848  1.14087  
31.0321 22.8419 0.561839  0.780184  
20.3459 18.0853 0.351256  0.409324  
19.0816 24.125 0.719091  1.15691  
18.9502 11.3142 0.719078  1.20109  
11.2137 12.6088 0.68952  1.20763  
18.3004 20.4564 0.653256  1.21863  
21.295 16.4314 0.61859  1.20728  
21.7002 15.889 0.576921  1.09565  
39.9153 13.3562 0.615227  1.25598  
20.541 16.4908 0.616073  1.32248  
15.0721 15.8689 0.617775  1.39142  
24.0955 10.8383 0.519219  1.32126  
24.8647 18.6932 0.544138  1.31792  
27.101 20.3194 0.505255  1.3144  
36.3068 21.0325 0.497163  1.29746  
21.8437 22.0195 0.481453  1.31395  
15.3009 11.5435 0.460731  1.31269  
18.6422 29.0258 0.456245  1.32004  
23.6219 13.1807 0.389022  1.39653  
20.407 9.33145 0.414827  1.39638  
30.0895 19.3106 0.293307  0.743694  
22.8567 14.2599 0.37569  1.39607  
27.0256 25.9895 0.36421  1.39608  
24.7218 17.4724 0.351092  1.39615  
22.0636 21.7006 0.349738  1.50944  
23.2407 25.7806 0.177547  1.56893  
18.2381 25.9576 0.226882  1.56832  
26.4151 18.4289 0.217111  1.5681  
21.2975 20.7363 0.272961  1.48122  
33.4077 26.5472 0.26431  1.56756  
16.3214 17.8444 0.227048  1.56781  
16.082 23.5615 0.226662  1.56775  
20.8862 17.3875 0.21508  1.56769  
26.5026 24.328 0.197542  1.56769  
15.4836 25.7154 0.177547  0.580589  
0.550241 0.258422 24.4086  0.0820254  
0.176629 0.580019 0.175968  2.16054  
0.842075 0.0831474 2.28066  0.0823956  
0.841913 0.0844269 0.841953  0.0837916  
0.45596 0.332743 0.841953  0.0847453  
0.457009 0.324819 0.841953  0.0847453  
0.550963 0.258323 0.841953  0.0847453  
0.258423 0.493132 0.841953  0.0847453  
0.576342 0.258322 0.841953  0.0847453  
0.841734 0.0887339 0.841953  0.0847453  
0.184017 0.579465 0.781887  0.128362  
1.5236 0.0824942 0.781887  0.128362  
0.963288 0.0829729 0.781887  0.13764  
7.95794 0.0714372 0.781887  0.13764  
0.550146 0.261254 0.718957  0.157768  
1.21253 0.0826582 0.718957  0.157768  
0.456136 0.324973 0.718957  0.162763  
0.175757 0.58273 0.718957  0.162763  
0.477009 0.310223 0.718957  0.162763  
0.258743 0.493126 0.718957  0.162763  
0.455696 0.353974 0.718957  0.162763  
0.349848 0.414423 0.718957  0.162763  
0.550146 0.264737 0.718957  0.162763  
0.719084 0.153967 0.614864  0.217286  
0.718941 0.175721 0.614864  0.217286  
0.719086 0.153643 0.614864  0.217286  
0.257608 0.494871 0.614864  0.217286  
0.350048 0.409654 0.614864  0.217286  
0.353671 0.40815 0.614864  0.217286  
0.262187 0.492961 0.614864  0.217286  
0.535623 0.272855 0.614864  0.217286  
0.615444 0.216187 0.614864  0.217286  
0.6147 0.21991 0.614864  0.217286  
0.26126 0.493056 0.594303  0.275245  
0.614864 0.217286 0.53554  0.275532  
0.219885 0.579456 0.53554  0.275532  
0.781891 0.123887 0.53554  0.275532  
0.366548 0.408138 0.53554  0.275532  
0.178824 0.579567 0.53554  0.275532  
2.00056 0.0823956 0.53554  0.291238  
0.535623 0.273708 0.53554  0.291238  
0.891974 0.0831064 0.477009  0.311714  
0.176971 0.579978 0.477009  0.311714  
0.544186 0.269196 0.477009  0.311714  
0.256281 0.498952 0.477009  0.311714  
0.256749 0.497178 0.477009  0.311714  
0.388194 0.408127 0.477009  0.311714  
0.351236 0.408213 0.456444  0.324865  
0.718963 0.15535 0.456444  0.324865  
0.296888 0.49285 0.456444  0.325862  
0.350813 0.408456 0.456444  0.325862  
0.256224 0.514914 0.456444  0.325862  
0.781823 0.132234 0.456444  0.325862  
0.457539 0.3247 0.456444  0.376721  
24.4086 0.0820285 0.456444  0.376721  
0.537029 0.272139 0.424321  0.408133  
0.28141 0.492914 0.424321  0.408133  
0.631949 0.216117 0.424321  0.408133  
0.53554 0.275532 0.374087  0.408138  
0.389429 0.408067 0.374087  0.408138  
0.696405 0.216078 0.374087  0.408138  
0.781887 0.128362 0.374087  0.408138  
0.718957 0.156436 0.374087  0.408138  
0.455926 0.352416 0.374087  0.408138  
0.311759 0.492837 0.350813  0.408456  
2.98203 0.0823956 0.350813  0.408456  
0.481129 0.309821 0.350813  0.408456  
0.374087 0.408138 0.350813  0.408456  
0.718957 0.162763 0.350669  0.43131  
25.7847 0.0820254 0.350669  0.43131  
18.3004 20.4564 0.350669  0.43131  
21.295 16.4314 0.280256  0.493126  
21.7002 15.889 0.280256  0.493126  
39.9153 13.3562 0.280256  0.493126  
20.541 16.4908 0.280256  0.493126  
15.0721 15.8689 0.280256  0.493126  
24.0955 10.8383 0.280256  0.493126  
24.8647 18.6932 0.280256  0.493126  
27.101 20.3194 0.280256  0.493126  
36.3068 21.0325 0.280256  0.493126  
21.8437 22.0195 0.280256  0.493126  
15.3009 11.5435 0.258743  0.493126  
18.6422 29.0258 0.258743  0.493126  
23.6219 13.1807 0.258743  0.493126  
20.407 9.33145 0.256749  0.497178  
30.0895 19.3106 0.256749  0.497178  
22.8567 14.2599 0.256749  0.571542  
27.0256 25.9895 0.176971  0.579978  
24.7218 17.4724 0.176971  0.579978  
22.0636 21.7006 0.176971  0.579978  
23.2407 25.7806 0.176971  0.579978  
18.2381 25.9576 0.176971  0.579978  
26.4151 18.4289 0.176971  0.579978  
21.2975 20.7363 0.176971  0.579978  
33.4077 26.5472 0.176971  0.579978  
16.3214 17.8444 0.176971  0.579978  
16.082 23.5615 0.176971  0.579978  
20.8862 17.3875 0.176971  0.579978  
26.5026 24.328 0.176971  0.579978  
15.4836 25.7154 0.176971  0.579978  
