1.50647 3.65378 1.50647  3.65378  
1.49436 3.74171 1.49436  3.74171  
1.83671 3.17599 1.83671  3.17599  
1.98491 2.90766 1.98491  2.90766  
1.83631 2.93677 1.83631  2.93677  
0.863023 4.29091 0.863023  4.29091  
1.97961 2.97457 1.97961  2.97457  
1.44003 3.5497 1.44003  3.5497  
1.23773 3.84823 1.23773  3.84823  
1.55416 3.52591 1.55416  3.52591  
1.45198 3.75546 1.45198  3.75546  
1.12554 3.96037 1.12554  3.96037  
1.92917 2.71296 1.92917  2.71296  
1.42186 3.60084 1.42186  3.60084  
1.94473 2.62816 1.94473  2.62816  
1.87151 3.05541 1.87151  3.05541  
1.11374 4.06883 1.11374  4.06883  
0.999432 4.0494 0.999432  4.0494  
1.08804 4.10915 1.08804  4.10915  
1.58079 3.56761 1.58079  3.56761  
0.982354 4.28568 0.982354  4.28568  
1.40587 3.57398 1.40587  3.57398  
1.52464 3.86039 1.52464  3.86039  
1.36881 3.75399 1.36881  3.75399  
1.41431 3.83628 1.41431  3.83628  
1.81246 3.00701 1.81246  3.00701  
1.89388 3.09028 1.89388  3.09028  
1.57426 3.48342 1.57426  3.48342  
1.24725 3.85833 1.24725  3.85833  
1.77671 3.20728 1.77671  3.20728  
1.68371 3.38587 1.68371  3.38587  
1.78322 3.42675 1.78322  3.42675  
1.12241 3.90055 1.12241  3.90055  
1.07615 3.90052 1.07615  3.90052  
1.08009 4.1848 1.08009  4.1848  
1.3515 3.77631 1.3515  3.77631  
0.795325 4.32356 0.795325  4.32356  
1.64581 3.43482 1.64581  3.43482  
1.47515 3.65895 1.47515  3.65895  
1.63342 3.64846 1.63342  3.64846  
1.45976 3.62347 1.45976  3.62347  
1.55845 3.37352 1.55845  3.37352  
0.643245 4.29215 0.643245  4.29215  
1.75284 2.98965 1.75284  2.98965  
1.9011 2.77953 1.9011  2.77953  
1.29629 3.87142 1.29629  3.87142  
1.22185 4.01118 1.22185  4.01118  
1.18133 3.98464 1.18133  3.98464  
1.22417 3.91198 1.22417  3.91198  
1.33724 3.88725 1.33724  3.88725  
1.23644 3.9249 1.23644  3.9249  
1.19097 4.07931 1.19097  4.07931  
1.19482 3.82741 1.19482  3.82741  
1.80461 3.1388 1.80461  3.1388  
1.65664 3.3387 1.65664  3.3387  
1.31687 3.94994 1.31687  3.94994  
1.75962 3.65859 1.75962  3.65859  
0.889427 4.26298 0.889427  4.26298  
1.4255 3.92338 1.4255  3.92338  
1.49209 3.58015 1.49209  3.58015  
2.14467 2.07558 2.14467  2.07558  
1.43616 3.68055 1.43616  3.68055  
1.76969 3.19702 1.76969  3.19702  
1.72443 3.28061 1.72443  3.28061  
1.6386 3.18712 1.6386  3.18712  
0.937955 4.08415 0.937955  4.08415  
1.51616 3.57488 1.51616  3.57488  
1.8468 2.96784 1.8468  2.96784  
1.13274 4.11967 1.13274  4.11967  
1.71633 3.15999 1.71633  3.15999  
1.53348 3.56069 1.53348  3.56069  
1.66669 3.19528 1.66669  3.19528  
1.41528 3.66896 1.41528  3.66896  
1.31091 3.87841 1.31091  3.87841  
1.75504 3.04405 1.75504  3.04405  
1.39381 3.74854 1.39381  3.74854  
1.16052 3.85932 1.16052  3.85932  
2.16257 1.84934 2.16257  1.84934  
1.12973 4.23681 1.12973  4.23681  
1.22622 4.05827 1.22622  4.05827  
1.97016 3.1507 1.97016  3.1507  
1.45358 3.87522 1.45358  3.87522  
1.61472 3.49226 1.61472  3.49226  
1.61994 3.7439 1.61994  3.7439  
1.47932 3.71785 1.47932  3.71785  
1.13281 4.01339 1.13281  4.01339  
0.663032 4.16783 0.663032  4.16783  
1.04117 4.06203 1.04117  4.06203  
1.10549 3.92787 1.10549  3.92787  
1.6149 3.14978 1.6149  3.14978  
1.56866 3.59386 1.56866  3.59386  
2.11702 2.38809 2.11702  2.38809  
1.52484 3.72546 1.52484  3.72546  
1.61499 3.65854 1.61499  3.65854  
1.91672 3.04868 1.91672  3.04868  
0.637695 4.29667 0.637695  4.29667  
0.967591 4.17053 0.967591  4.17053  
2.01166 2.56718 2.01166  2.56718  
1.51514 3.48026 1.51514  3.48026  
1.59899 3.07509 1.59899  3.07509  
1.2093 3.66543 2.00037  0.00044512  
0.341954 4.17081 2.14384  1.17955  
1.12742 3.77971 2.00042  0.00839851  
0.531759 4.12683 1.48896  3.48602  
1.84834 1.53127 2.26067  0.893225  
1.96363 0.765636 2.05199  0.060861  
0.437688 4.15754 2.05372  0.057586  
1.92914 1.06 2.05527  0.0747287  
1.26902 3.58535 2.10318  0.105974  
1.41867 3.33234 2.11182  0.113176  
1.09968 3.8399 2.12625  0.143666  
0.700192 4.09024 2.14721  0.183186  
1.81627 1.68363 2.14757  0.166558  
1.60336 3.02463 2.14539  0.24273  
1.97785 0.599601 2.14858  0.200375  
1.63815 2.957 2.15016  0.277237  
1.93385 1.02652 2.15028  0.325928  
1.80173 1.73932 2.15104  0.317455  
0.779683 4.04506 2.15155  0.291154  
1.68172 2.85286 2.15359  0.386166  
1.55023 3.11889 2.154  0.362534  
0.496669 4.13441 2.15754  0.468232  
1.86469 1.44975 2.15304  0.504245  
1.92417 1.09399 2.1515  0.539888  
1.71914 2.67253 2.15309  0.565666  
1.39291 3.39819 2.15575  0.560206  
1.94564 0.932471 2.1484  0.635422  
0.761835 4.06417 2.15286  0.645573  
1.80944 1.712 2.15268  0.677819  
1.65173 2.92021 2.16189  0.724776  
1.18848 3.69865 2.16231  0.765043  
1.87416 1.40006 2.17345  0.768343  
1.63286 2.97598 2.16576  0.841165  
1.03424 3.88568 2.16181  0.902258  
0.229398 4.19611 2.18001  0.969457  
1.97561 0.630498 2.16973  0.991112  
0.621482 4.11656 2.16339  1.03707  
0.821322 4.00276 2.1834  1.09825  
1.88419 1.34511 2.11734  1.11628  
0.963588 3.91842 2.12537  1.13956  
1.73672 1.99971 2.12473  1.18026  
1.69322 2.81966 2.13728  1.32189  
1.91662 1.14731 2.12771  1.3313  
1.57712 3.08648 2.11408  1.37534  
1.8796 1.3718 2.12928  1.34305  
1.79695 1.76355 2.12999  1.51353  
1.86116 1.46773 2.12299  1.56391  
0.959139 3.93464 2.08771  1.75186  
1.95998 0.80235 2.10424  1.6883  
1.23162 3.64578 2.07241  1.71459  
0.878681 3.98062 2.069  1.80347  
1.89594 1.27735 2.06904  1.88142  
1.90666 1.21185 2.08365  2.04933  
1.17262 3.75082 2.0674  2.03086  
1.61832 2.99993 2.01904  2.06736  
1.98501 0.498492 1.9899  2.12793  
1.06997 3.84963 2.00575  2.20506  
1.83057 1.61419 2.00314  2.28322  
1.51333 3.20041 1.96716  2.38008  
1.98135 0.553795 1.95297  2.42761  
0.978141 3.91228 1.94669  2.47517  
1.45222 3.30536 1.89892  2.62723  
1.83978 1.57081 1.84586  2.66444  
1.8705 1.41951 1.85414  2.70605  
1.47711 3.27403 1.78379  2.78747  
1.76514 1.88328 1.79014  2.90759  
1.99921 0.136601 1.79934  2.9774  
0.920662 3.96495 1.71699  3.00661  
1.99726 0.22305 1.72205  3.08671  
1.35836 3.50175 1.68148  3.22271  
0.657059 4.11208 1.63103  3.2256  
1.99352 0.336168 1.59268  3.36386  
1.50001 3.21718 1.63663  3.31287  
1.96763 0.723514 1.81352  3.03685  
1.82442 1.64377 1.07686  4.09168  
1.28707 3.5798 1.4368  3.66549  
1.97221 0.669192 1.36489  3.70015  
1.93751 0.996822 1.33225  3.76512  
1.95154 0.880823 1.27182  3.81894  
1.52487 3.17517 0.946164  4.04741  
1.95509 0.848678 1.22617  4.02336  
1.78294 1.81557 1.16558  3.98208  
1.30081 3.55035 1.09524  4.0038  
1.85482 1.49973 1.01521  4.03978  
1.36733 3.46578 0.970118  4.01269  
1.98764 0.454575 0.931696  4.09099  
1.46539 3.28436 0.86519  4.19172  
1.90317 1.23222 0.775694  4.25481  
1.9949 0.297415 0.77302  4.17863  
1.9909 0.390164 0.737083  4.2416  
1.94215 0.962685 0.659212  4.19512  
0.252206 4.1723 0.629803  4.19851  
1.04316 3.87691 0.56893  4.164  
2.00037 0.00044512 0.517956  4.24046  
0.243271 4.17935 2.01633  2.43247  
1.67147 2.89147 2.1055  2.1284  
1.9119 1.17817 0.380664  4.23262  
1.71047 2.74937 0.322217  4.24069  
1.89066 1.30697 1.39245  3.86735  
1.59845 3.04582 1.89387  2.72822  
1.76174 1.89457 2.00014  0.000379846  
0.119458 4.0571 1.79834  2.45786  
1.47723 2.98129 2.00249  0.00884773  
0.37907 4.01577 2.0004  0.0285943  
0.866816 3.75312 2.00254  0.0376507  
1.96258 0.772115 2.00189  0.0557692  
1.53286 2.82036 2.04286  0.0501915  
1.9236 1.09614 2.04425  0.0742137  
1.97031 0.688449 2.04565  0.122201  
1.18624 3.46947 2.04474  0.1514  
1.91915 1.12691 2.04486  0.14064  
0.984035 3.66666 2.04599  0.18709  
1.8172 1.67674 2.0467  0.189169  
1.55029 2.79907 2.04754  0.179164  
1.37998 3.13093 2.04723  0.265718  
1.63191 2.37187 2.0494  0.241744  
1.70747 2.24684 2.05672  0.321549  
1.80139 1.74067 2.08903  0.369096  
1.42169 3.05136 2.08796  0.375097  
1.36226 3.19824 2.09205  0.365067  
1.37426 3.13694 2.09436  0.320242  
1.87526 1.39356 2.09824  0.392273  
1.59843 2.64215 2.09458  0.512394  
1.26807 3.36357 2.09328  0.550513  
1.17201 3.49498 2.09449  0.524038  
1.10634 3.5622 2.09758  0.500547  
1.93894 0.982504 2.09836  0.494766  
1.86982 1.42043 2.10168  0.684066  
1.80709 1.71521 2.09281  0.725749  
1.3362 3.21456 2.08275  0.764488  
0.150183 4.04148 2.09268  0.78998  
0.172879 4.03457 2.10731  0.690565  
0.604248 3.92669 2.10992  0.771353  
1.23402 3.38586 2.08477  0.940983  
1.45516 3.03359 2.07845  0.967879  
0.953337 3.71248 2.07888  1.02042  
1.22206 3.39792 2.09093  0.965773  
1.71687 2.05661 2.06999  1.10328  
1.88117 1.35918 2.08495  1.11424  
1.95749 0.822307 2.0491  1.19289  
1.73481 1.99591 2.062  1.19767  
1.86366 1.45247 2.0328  1.29428  
1.99228 0.355457 2.02322  1.31145  
1.98522 0.488267 2.06921  1.40533  
0.742508 3.84369 1.99019  1.42035  
1.79135 1.78366 2.01157  1.48443  
1.20017 3.44489 1.99894  1.62234  
1.28075 3.33872 1.98639  1.61154  
1.75644 1.91391 2.09338  1.18701  
0.709944 3.87597 1.9628  1.70965  
1.93451 1.01647 1.98108  1.78114  
0.565106 3.95033 1.97737  1.82688  
1.91441 1.15874 1.92747  1.9195  
0.508264 3.97742 1.90994  1.96806  
1.99706 0.222138 1.92516  2.0736  
1.94755 0.911812 1.94418  2.16364  
1.33117 3.2251 1.8829  2.18109  
1.83345 1.60013 1.84967  2.26306  
1.99887 0.143079 1.82673  2.35932  
0.537316 3.96401 2.12314  0.963602  
1.5951 2.72077 1.79961  2.49674  
0.838998 3.77462 1.72426  2.51554  
1.83963 1.57045 1.76416  2.52928  
1.97487 0.634786 1.68812  2.65486  
1.90257 1.23459 1.63361  2.66394  
0.459297 3.99394 1.61678  2.80913  
0.301839 4.02323 1.61382  2.88646  
0.650123 3.90317 1.58332  2.96298  
1.77519 1.8438 1.5444  3.01832  
1.94234 0.954836 1.4985  3.11175  
1.06927 3.57892 1.49226  3.18493  
0.785694 3.8168 1.43811  3.22998  
0.675236 3.88781 1.38169  3.34685  
1.96661 0.729554 1.36262  3.34579  
1.82426 1.6407 1.28007  3.49892  
1.88802 1.32286 1.27583  3.49199  
1.99491 0.289352 1.24467  3.58979  
1.2978 3.31655 1.37888  3.41547  
1.95248 0.871475 1.12992  3.74415  
1.98219 0.535613 1.11325  3.76497  
0.8999 3.72779 1.05675  3.79131  
1.78294 1.81557 1.02183  3.85179  
1.49943 2.90957 0.939883  3.91969  
2.00014 0.000379846 0.876721  3.87179  
1.3038 3.29335 0.808101  4.01348  
1.01395 3.6347 0.782275  3.95761  
1.61087 2.63539 1.42153  3.37746  
1.85578 1.49248 0.673433  3.95385  
1.84864 1.52732 1.42172  3.35913  
1.98911 0.419759 0.602799  4.1584  
1.13021 3.5478 0.524144  4.09224  
1.92891 1.05851 1.47663  3.25111  
1.13444 3.52099 0.444551  4.07061  
1.90591 1.21589 0.392565  4.10118  
1.8931 1.29347 1.55974  2.98622  
1.48769 2.92076 0.262527  4.12395  
1.90943 1.1925 0.248993  4.07219  
1.97917 0.578724 0.225452  4.14546  
1.89804 1.26212 0.152393  4.09396  
1.58022 2.77494 0.481001  4.09771  
0.050116 4.00925 2  0.000134557  
1.52312 2.59238 1.88587  1.76213  
1.11189 3.33068 1.99999  0.00975474  
1.9751 0.629195 1.99994  0.0302095  
1.99666 0.231012 1.99984  0.050419  
0.433045 3.91258 1.99971  0.0686941  
1.35653 2.93938 1.99945  0.0936382  
0.854629 3.62914 1.99916  0.115984  
0.752586 3.71436 1.99883  0.13677  
0.643333 3.7984 1.99845  0.157595  
1.24641 3.1437 1.99859  0.150436  
1.88233 1.3518 1.99726  0.209345  
1.03723 3.42839 1.99666  0.231087  
1.28201 3.07015 1.99602  0.252206  
1.76824 1.86903 1.99493  0.284644  
1.62154 2.34147 1.99409  0.307304  
1.69806 2.13511 1.99575  0.260529  
1.80078 1.74041 2.05528  0.37516  
0.294688 3.95688 2.05421  0.405288  
1.60244 2.41191 2.05552  0.368516  
1.94365 0.942789 2.05142  0.462946  
1.9796 0.569908 2.0497  0.49523  
0.359437 3.94117 2.04855  0.516285  
1.40586 2.84504 2.04599  0.558557  
1.38727 2.88131 2.04579  0.584829  
2 0.000134557 2.04134  0.628232  
1.96558 0.738908 2.04306  0.664351  
1.33975 2.97713 2.03637  0.692755  
1.54859 2.53131 2.02911  0.731691  
1.06526 3.38656 2.03388  0.731916  
1.90491 1.21871 2.02801  0.798049  
1.45268 2.74934 2.02366  0.842298  
0.768354 3.69679 2.03994  0.737786  
1.72685 2.01851 2.00994  0.926738  
0.719011 3.74074 2.01763  0.95375  
1.93209 1.03347 2.00464  1.00798  
0.571552 3.84102 1.99822  1.06069  
1.71419 2.06064 1.99119  1.09862  
0.918081 3.56669 1.99199  1.15186  
1.77737 1.83407 1.99797  1.11182  
1.73607 1.98661 1.9528  1.23248  
1.57586 2.47603 1.93973  1.27628  
0.613011 3.80981 1.93143  1.32522  
0.8177 3.66177 1.92342  1.37858  
1.85143 1.5129 1.91716  1.42347  
0.667237 3.77696 1.90352  1.4796  
0.460669 3.90062 1.89415  1.53704  
1.14547 3.28485 1.88211  1.58587  
1.75644 1.91391 1.87224  1.63208  
1.99859 0.150436 1.85752  1.69856  
0.688976 3.76316 1.84696  1.76231  
1.65319 2.28772 1.83085  1.81901  
1.91209 1.17289 1.81788  1.87002  
1.66886 2.22284 1.80511  1.94546  
1.30936 3.03155 1.78547  2.00023  
1.78924 1.78733 1.76448  2.06821  
1.92506 1.08469 1.74216  2.11556  
1.49313 2.66124 1.72408  2.19592  
0.194614 3.98102 1.70396  2.25794  
1.98932 0.412828 1.67782  2.32718  
0.993045 3.47757 1.63638  2.35556  
1.36622 2.92126 1.61723  2.4267  
1.74718 1.94896 1.58986  2.49004  
1.81904 1.66264 1.56039  2.55252  
0.15193 3.9887 1.53757  2.60683  
1.89097 1.30265 1.51484  2.70002  
1.99272 0.341046 1.47889  2.7487  
1.21053 3.18436 1.44625  2.81619  
0.958679 3.53514 1.41145  2.88966  
1.84269 1.55499 1.38567  2.95767  
1.80882 1.70664 1.34747  3.02299  
1.97063 0.682962 1.30567  3.08976  
0.0769108 3.99704 1.2732  3.14472  
1.32523 3.00075 1.24033  3.2291  
0.871248 3.61017 1.20182  3.29374  
1.82652 1.62951 1.15505  3.32516  
1.8752 1.39086 1.1196  3.43298  
1.93862 0.983362 1.26777  3.15287  
0.507574 3.87607 1.03805  3.52999  
1.95018 0.887233 0.976462  3.59072  
0.543378 3.86051 0.947194  3.62421  
1.47129 2.70946 0.892521  3.67172  
1.16289 3.26555 1.62455  2.52448  
1.48498 2.67944 1.68269  2.43859  
1.85974 1.47153 0.75489  3.86851  
1.96071 0.789006 0.692202  3.82648  
1.19778 3.20359 0.6563  3.85678  
1.43136 2.79372 0.593524  3.93158  
1.91886 1.1278 0.570631  3.95748  
1.25357 3.13041 0.510413  3.94817  
0.385003 3.93002 0.470156  3.96272  
1.89891 1.25559 0.415088  3.98423  
0.0466286 4.02791 0.372791  3.9701  
0.243436 3.97026 0.328314  3.99306  
1.95525 0.841499 0.282127  4.02526  
1.98417 0.502219 0.233459  4.02458  
1.8676 1.43118 0.190896  4.02789  
1.59221 2.44023 1.69044  2.36806  
1.83588 1.58686 0.106365  4.0103  
1.68073 2.17117 1.84245  1.85443  
0.758682 3.70103 2  0.000199364  
1.90474 1.21977 0.0099968  3.99995  
1.94236 0.95342 1.99999  0.00992658  
0.582906 3.82634 1.99994  0.0307817  
1.44658 2.76218 1.99994  0.0306954  
1.97312 0.661407 1.99967  0.0728453  
1.30094 3.0395 1.99944  0.094986  
1.67507 2.18554 1.99913  0.118186  
1.98757 0.44524 1.99876  0.140751  
1.70176 2.10145 1.99831  0.164465  
1.06807 3.38185 1.99782  0.186852  
1.73771 1.98027 1.99728  0.208371  
1.3756 2.90361 1.99647  0.237486  
1.58449 2.44081 1.99577  0.260151  
0.885721 3.58672 1.99596  0.25419  
1.27944 3.07444 1.99385  0.313505  
1.78231 1.81479 1.99395  0.310878  
1.93531 1.00908 2.0082  0.372932  
1.46462 2.72389 2.00678  0.404102  
0.298173 3.956 2.00532  0.432236  
0.470661 3.88766 2.00364  0.463182  
1.99548 0.268861 2.00127  0.475913  
1.50518 2.63395 2.00541  0.431207  
0.831114 3.63827 1.9966  0.549339  
0.370276 3.93085 1.99786  0.556699  
1.9552 0.841916 1.99309  0.622588  
1.96075 0.788568 1.98721  0.655856  
0.256326 3.96701 1.98572  0.693572  
0.544569 3.84887 1.98296  0.724817  
1.64318 2.2803 1.98027  0.751573  
1.39504 2.86625 1.97971  0.776917  
0.692111 3.75342 1.98069  0.766625  
1.81238 1.69147 1.96699  0.882168  
1.72345 2.0295 1.97209  0.870759  
1.53828 2.55633 1.9601  0.960724  
1.11775 3.31701 1.94255  1.0013  
1.14332 3.28202 1.94022  1.03385  
0.981371 3.48535 1.93357  1.079  
1.86884 1.42471 1.91855  1.12988  
1.35619 2.9399 1.91182  1.17462  
1.83686 1.58234 1.90408  1.22388  
0.910655 3.56154 1.89591  1.27361  
1.91855 1.12988 1.88766  1.32172  
1.34235 2.9652 1.879  1.37021  
1.62368 2.33552 1.86908  1.42341  
1.98194 0.53638 1.8608  1.46618  
0.331276 3.94475 1.84953  1.53084  
1.87735 1.37921 1.83686  1.58234  
1.65685 2.24041 1.82491  1.63672  
1.41329 2.83026 1.81224  1.69207  
1.85671 1.48679 1.79778  1.75271  
0.516708 3.8642 1.78315  1.81151  
1.48281 2.68423 1.76862  1.8676  
1.91182 1.17462 1.76573  1.8789  
1.84366 1.5504 1.74058  1.97016  
1.97689 0.606382 1.71718  2.05064  
1.25402 3.11605 1.69729  2.11756  
2 0.000199364 1.67507  2.18554  
0.0099968 3.99995 1.6886  2.14429  
1.79083 1.78094 1.63578  2.30148  
1.94922 0.895629 1.61105  2.37024  
1.9273 1.06864 1.58757  2.44032  
1.74792 1.94398 1.56768  2.54111  
1.21862 3.17173 1.53753  2.5669  
1.57002 2.47794 1.53828  2.55633  
0.424837 3.90872 1.47653  2.69804  
1.99167 0.364659 1.44658  2.76218  
1.09286 3.35014 1.4235  2.80973  
1.43379 2.78872 1.38017  2.91254  
0.722159 3.73014 1.34305  2.96393  
1.63578 2.30148 1.31234  3.06676  
1.69012 2.13869 1.30475  3.14018  
1.89478 1.28035 1.25773  3.22096  
1.99782 0.186852 1.12014  3.39375  
1.80213 1.73473 1.15796  3.2797  
1.75768 1.90848 1.12652  3.38012  
1.88706 1.32518 1.07226  3.40355  
0.202213 3.9795 0.766377  3.72881  
1.52078 2.59787 0.992317  3.50918  
1.61278 2.36552 0.946518  3.56004  
1.23389 3.14802 0.88254  3.59763  
1.59926 2.40198 0.857865  3.64476  
1.04172 3.41457 0.812426  3.68381  
0.963692 3.50502 0.762972  3.72684  
0.655819 3.77884 0.708208  3.76907  
1.32223 3.00114 0.657176  3.79589  
1.55365 2.51887 0.61457  3.80673  
0.13966 3.99024 0.567976  3.84115  
1.9663 0.731163 0.505801  3.89444  
0.795239 3.6702 0.473408  3.88673  
1.71267 2.06569 0.424837  3.90872  
1.02506 3.43468 0.347443  3.96091  
0.937945 3.53285 0.331276  3.94475  
1.00032 3.46373 0.290961  3.95744  
1.17022 3.24381 0.247507  4.00265  
1.19587 3.20618 0.201217  3.99237  
0.618789 3.80418 0.158152  4.02441  
1.76862 1.8676 0.112689  4.01843  
1.82491 1.63669 0.0696054  4.01478  
0.85847 3.61277 0.0291233  4.01608  
1.89425 1.28344 2  0.000204942  
0.894779 3.57736 0.000871404  4  
1.66015 2.23061 1.99999  0.0102141  
1.10977 3.32771 1.99994  0.0306803  
1.86784 1.42995 1.99984  0.0501465  
1.48359 2.68251 1.9997  0.0692125  
0.297534 3.95549 1.99942  0.0962044  
1.9756 0.622933 1.99913  0.117731  
1.59514 2.41406 1.99875  0.141418  
0.741988 3.71454 1.99832  0.163796  
1.83548 1.58873 1.99777  0.188833  
0.535989 3.85368 1.99714  0.213743  
1.95088 0.881049 1.99642  0.239149  
0.822825 3.6458 1.9956  0.265268  
1.97003 0.689891 1.99469  0.291252  
1.80992 1.70198 1.99366  0.31816  
1.51744 2.60567 1.99251  0.345867  
1.67514 2.18532 1.99138  0.371067  
1.00891 3.45375 1.98985  0.402378  
1.15023 3.27229 1.98832  0.431717  
1.93583 1.00509 1.98661  0.462138  
1.19759 3.20362 1.9848  0.492288  
1.95672 0.827622 1.98276  0.524007  
1.44149 2.77279 1.98057  0.55626  
1.12636 3.30534 1.97818  0.589209  
1.8765 1.38382 1.9756  0.622933  
1.60746 2.37996 1.97282  0.657202  
1.42219 2.81239 1.96979  0.692646  
1.70983 2.07506 1.96654  0.728602  
0.342761 3.94082 1.96305  0.765387  
0.254084 3.96759 1.95926  0.8032  
0.769095 3.69242 1.95523  0.841598  
1.40906 2.8387 1.95088  0.881049  
1.82333 1.64373 1.94618  0.921672  
0.69382 3.75347 1.9412  0.96278  
1.7661 1.87712 1.93583  1.00509  
1.90943 1.19012 1.9301  1.04829  
1.91744 1.13739 1.92395  1.09254  
1.75258 1.92713 1.91744  1.13739  
1.9956 0.265268 1.9104  1.18384  
1.623 2.33742 1.90297  1.23077  
0.000871404 4 1.89497  1.27919  
1.74221 1.96438 1.88649  1.32836  
1.03448 3.42336 1.87747  1.37857  
1.50144 2.64248 1.86784  1.42995  
1.9412 0.96278 1.85762  1.48224  
1.39047 2.87513 1.84673  1.53568  
1.37086 2.91256 1.83519  1.59007  
1.24828 3.12537 1.82293  1.64549  
1.05157 3.40247 1.80992  1.70198  
0.148181 3.98901 1.79614  1.7594  
1.99157 0.366826 1.78158  1.81766  
1.98057 0.55626 1.7661  1.87712  
1.33129 2.98508 1.74977  1.93731  
2 0.000204942 1.73249  1.99849  
1.07658 3.37104 1.71429  2.06031  
0.794408 3.67092 1.69503  2.12309  
1.09324 3.34952 1.67477  2.18644  
1.23016 3.15386 1.65344  2.25045  
1.17361 3.23892 1.63114  2.31464  
1.57681 2.46063 1.60746  2.37996  
1.88583 1.33215 1.58275  2.44533  
1.84673 1.53568 1.55685  2.51096  
0.965524 3.50301 1.52976  2.57669  
1.55685 2.51096 1.50144  2.64248  
1.46396 2.7253 1.47189  2.70817  
0.63817 3.7909 1.44104  2.77374  
1.78599 1.80027 1.40906  2.8387  
0.991682 3.47365 1.37559  2.90362  
1.64185 2.28415 1.34121  2.96726  
1.90214 1.23591 1.30537  3.03053  
1.9301 1.04829 1.26844  3.09261  
1.3573 2.93786 1.23055  3.15325  
1.69233 2.13187 1.1913  3.21297  
1.96402 0.755283 1.15103  3.27116  
0.664073 3.77307 1.10977  3.32771  
0.87708 3.59485 1.06747  3.38261  
0.378781 3.92761 1.02429  3.43559  
1.732 2.00017 0.980211  3.48665  
1.72113 2.03736 0.935559  3.53538  
1.9848 0.492288 0.890193  3.58193  
0.470778 3.8876 0.844107  3.62628  
1.26844 3.09261 0.797835  3.66795  
0.600155 3.81566 0.751011  3.70728  
1.21278 3.18067 0.703824  3.74413  
0.431881 3.90563 0.656579  3.77831  
1.53339 2.56804 0.609142  3.80996  
1.31006 3.02241 0.561728  3.83899  
1.79709 1.75552 0.51428  3.8655  
0.2091 3.97808 0.467198  3.88933  
1.92395 1.09254 0.420244  3.9107  
0.921762 3.54987 0.373616  3.92959  
0.498359 3.87383 0.327474  3.94602  
1.28888 3.05861 0.281659  3.96014  
1.77404 1.84693 0.236555  3.97192  
0.849513 3.62123 0.191968  3.98153  
0.561728 3.83899 0.148181  3.98901  
1.85734 1.48363 0.105019  3.99448  
0.720517 3.73141 0.0626133  3.99804  
0.947977 3.52212 0.0206491  3.99979  
1.32997 2.98743 2  0.000218442  
1.87745 1.37866 0.000871404  4  
1.71788 2.04831 1.99999  0.0102663  
1.26857 3.09239 1.99994  0.0310832  
1.65793 2.2372 1.99983  0.0523281  
0.244791 3.96993 1.99966  0.0740659  
0.749043 3.70887 1.99942  0.0962328  
0.306829 3.95265 1.99912  0.118825  
0.721623 3.73055 1.99874  0.141982  
0.948124 3.52197 1.99829  0.165593  
1.00087 3.46309 1.99775  0.189713  
1.58275 2.44533 1.99713  0.214356  
1.47749 2.69595 1.99641  0.239531  
1.93582 1.0052 1.9956  0.265277  
1.8053 1.72151 1.99468  0.291553  
0.545249 3.84848 1.99365  0.31845  
1.84673 1.53569 1.99251  0.345948  
1.9866 0.462194 1.99124  0.374041  
1.70648 2.08607 1.98984  0.402773  
1.90415 1.22349 1.98829  0.432156  
1.74766 1.94493 1.9866  0.462194  
1.44107 2.77368 1.98476  0.492937  
1.1261 3.3057 1.98274  0.524348  
1.7322 1.99949 1.98055  0.55651  
1.63238 2.31112 1.97817  0.589403  
0.894775 3.57736 1.97559  0.623036  
1.77 1.86235 1.9728  0.657459  
1.98055 0.55651 1.96978  0.69267  
1.1631 3.25404 1.96653  0.728705  
0.140345 3.99014 1.96303  0.765522  
0.656583 3.77831 1.95926  0.803267  
1.81576 1.67693 1.95521  0.841828  
1.50032 2.64502 1.95085  0.881305  
1.2506 3.12153 1.94618  0.921679  
1.60746 2.37996 1.94118  0.962961  
0.192101 3.98151 1.93582  1.0052  
1.67531 2.18481 1.93009  1.04837  
1.69503 2.12307 1.92395  1.09254  
1.2305 3.15333 1.91739  1.13771  
1.82337 1.64357 1.9104  1.18385  
1.30764 3.02661 1.90293  1.23102  
1.95201 0.871014 1.89497  1.2792  
1.06833 3.38155 1.88648  1.32842  
1.89726 1.26554 1.87745  1.37866  
1.8593 1.4738 1.86783  1.42996  
1.51805 2.60424 1.8576  1.48231  
1.61944 2.34727 1.84673  1.53569  
1.0262 3.43332 1.83518  1.5901  
1.88648 1.32842 1.82293  1.64553  
0.349028 3.93862 1.80992  1.70198  
1.97559 0.623036 1.79614  1.75941  
0.37946 3.92735 1.78155  1.81778  
0.600138 3.81567 1.76609  1.87714  
1.45976 2.7343 1.74976  1.93738  
1.14239 3.28325 1.73249  1.99849  
0.479055 3.88356 1.71426  2.06041  
1.93009 1.04837 1.69503  2.12307  
1.83554 1.58846 1.67477  2.18644  
1.75876 1.90447 1.65344  2.25044  
1.64301 2.28081 1.63102  2.31497  
2 0.000218442 1.60746  2.37996  
1.9956 0.265277 1.58275  2.44533  
1.94494 0.932077 1.55685  2.51096  
1.10973 3.32776 1.52975  2.57673  
1.05142 3.40265 1.50143  2.64251  
0.776619 3.68612 1.47188  2.70819  
0.831984 3.63747 1.44107  2.77368  
1.79614 1.75941 1.40902  2.83878  
1.18946 3.21604 1.37574  2.90334  
0.803112 3.66334 1.34122  2.96724  
1.91074 1.18165 1.30549  3.03031  
1.52861 2.57966 1.26857  3.09239  
0.423642 3.90923 1.2305  3.15333  
1.2884 3.05943 1.1913  3.21298  
1.35865 2.93536 1.15102  3.27118  
1.40525 2.84624 1.10973  3.32776  
1.99115 0.375791 1.06747  3.3826  
0.508113 3.86876 1.02431  3.43557  
0.980346 3.4865 0.980346  3.4865  
1.96258 0.770137 0.935624  3.53531  
1.37736 2.90026 0.890247  3.58188  
1.99829 0.165593 0.844278  3.62612  
1.2125 3.1811 0.797854  3.66793  
1.59504 2.41317 0.751027  3.70727  
0.92153 3.55009 0.70391  3.74407  
1.42284 2.81108 0.656583  3.77831  
0.572899 3.83238 0.609162  3.80995  
1.78118 1.81948 0.561738  3.83898  
1.96978 0.69267 0.514354  3.86546  
0.000871404 4 0.467198  3.88933  
0.693823 3.75159 0.420244  3.9107  
0.867824 3.60382 0.373675  3.92956  
1.95877 0.807963 0.327489  3.94601  
0.628675 3.79725 0.28176  3.96011  
1.54972 2.52854 0.236634  3.9719  
1.57066 2.47631 0.192101  3.98151  
1.91893 1.1273 0.148191  3.989  
1.8677 1.43069 0.105052  3.99448  
1.39096 2.87418 0.0626276  3.99804  
1.08501 3.36021 0.0209899  3.99978  
1.95085 0.881305 2  0.00022154  
0.684572 3.75846 0.000871404  4  
1.93582 1.00521 1.99999  0.0102663  
1.15102 3.27117 1.99994  0.0310832  
1.00901 3.45364 1.99983  0.0523281  
0.105962 3.99438 1.99966  0.0740659  
1.83518 1.5901 1.99942  0.0962328  
1.50845 2.62647 1.99912  0.118861  
1.40931 2.83819 1.99874  0.141984  
1.64506 2.27489 1.99829  0.165593  
1.96978 0.69268 1.99775  0.189713  
1.743 1.96158 1.99713  0.21436  
1.78155 1.8178 1.99641  0.239531  
0.71197 3.73797 1.9956  0.265277  
1.67477 2.18645 1.99468  0.291553  
1.97559 0.623036 1.99365  0.318451  
1.81023 1.70067 1.99251  0.345948  
0.563371 3.83803 1.99124  0.374045  
1.76609 1.87715 1.98984  0.402773  
1.18944 3.21574 1.98829  0.432156  
1.02431 3.43557 1.9866  0.462194  
1.92413 1.09131 1.98476  0.49294  
1.99681 0.225745 1.98274  0.524356  
1.87511 1.39137 1.98055  0.556513  
0.443651 3.90035 1.97817  0.589403  
1.54436 2.54163 1.97559  0.623036  
1.55666 2.51143 1.9728  0.657459  
0.000871404 4 1.96978  0.69268  
1.98787 0.439883 1.96653  0.728705  
1.75434 1.92073 1.96303  0.765541  
0.591609 3.82099 1.95926  0.803268  
1.52208 2.59483 1.95521  0.841828  
1.10973 3.32776 1.95085  0.881305  
1.71426 2.06041 1.94618  0.921679  
1.93008 1.04839 1.94118  0.962967  
0.776735 3.68602 1.93582  1.00521  
0.395245 3.92206 1.93008  1.04839  
1.72717 2.0168 1.92395  1.09255  
1.47187 2.70822 1.9174  1.1377  
1.16614 3.24968 1.9104  1.18385  
0.80435 3.66225 1.90293  1.23102  
1.06077 3.39102 1.89497  1.27921  
1.43517 2.78589 1.88648  1.32842  
1.85748 1.48293 1.87745  1.37868  
0.253004 3.96793 1.86783  1.42998  
1.57143 2.47435 1.8576  1.48231  
1.45393 2.7467 1.84673  1.53569  
0.192107 3.9815 1.83518  1.5901  
2 0.00022154 1.82293  1.64553  
0.858982 3.61228 1.80992  1.70198  
1.84681 1.53532 1.79614  1.75941  
1.98055 0.556513 1.78155  1.8178  
1.6013 2.39652 1.76609  1.87715  
1.04309 3.41289 1.74975  1.93738  
0.903652 3.56842 1.73249  1.99849  
0.62883 3.79714 1.71426  2.06041  
1.94118 0.962967 1.69503  2.12307  
1.3905 2.87507 1.67477  2.18645  
1.32158 3.00228 1.65344  2.25044  
1.61831 2.35039 1.63102  2.31498  
1.30549 3.03031 1.60746  2.37998  
1.86507 1.4443 1.58275  2.44533  
1.95907 0.805114 1.55685  2.51096  
1.7032 2.09678 1.52975  2.57673  
1.99251 0.345948 1.50143  2.64251  
1.91641 1.14433 1.47187  2.70822  
0.983001 3.48351 1.44107  2.77368  
1.88599 1.33122 1.40903  2.83876  
0.514387 3.86544 1.37574  2.90334  
0.656586 3.7783 1.34122  2.96724  
1.48907 2.67033 1.30549  3.03031  
1.66324 2.22138 1.26857  3.09239  
1.8946 1.2814 1.2305  3.15333  
1.12699 3.30448 1.1913  3.21298  
1.98476 0.49294 1.15102  3.27117  
1.82356 1.64272 1.10973  3.32776  
0.956765 3.51261 1.06747  3.3826  
0.885846 3.58624 1.02431  3.43557  
1.25066 3.12143 0.980346  3.4865  
1.58553 2.43811 0.935625  3.53531  
0.749321 3.70865 0.890247  3.58188  
1.91067 1.18209 0.844292  3.62611  
1.33712 2.97463 0.797854  3.66793  
0.935625 3.53531 0.751027  3.70727  
1.27201 3.08674 0.70391  3.74407  
1.68754 2.14683 0.656586  3.7783  
1.7969 1.7563 0.609162  3.80995  
1.63102 2.31498 0.561738  3.83898  
0.306782 3.95266 0.514387  3.86544  
1.96323 0.763466 0.467203  3.88933  
1.37225 2.90994 0.420267  3.91069  
1.35744 2.93775 0.373681  3.92956  
1.08491 3.36034 0.327497  3.94601  
0.351847 3.93762 0.281786  3.9601  
1.28913 3.05859 0.236647  3.9719  
1.20985 3.18513 0.192107  3.9815  
0.480137 3.88302 0.148203  3.989  
0.831567 3.63785 0.105052  3.99448  
1.90049 1.24602 0.0626289  3.99804  
1.22827 3.1568 0.0209899  3.99978  
