8.43722 4.689 8.43722  4.689  
4.67191 7.70265 4.67191  7.70265  
8.14343 9.88715 8.14343  9.88715  
7.68418 4.9622 7.68418  4.9622  
7.79641 5.97637 7.79641  5.97637  
8.30387 6.31486 8.30387  6.31486  
5.59502 10.7336 5.59502  10.7336  
7.74336 5.4854 7.74336  5.4854  
7.21429 4.39305 7.21429  4.39305  
6.04059 8.12258 6.04059  8.12258  
5.65762 7.64422 5.65762  7.64422  
6.67474 7.01703 6.67474  7.01703  
4.09882 11.9453 4.09882  11.9453  
7.85811 8.33275 7.85811  8.33275  
7.067 6.92794 7.067  6.92794  
7.35018 9.53274 7.35018  9.53274  
6.80993 4.14612 6.80993  4.14612  
6.16624 6.79474 6.16624  6.79474  
10.1222 9.85249 10.1222  9.85249  
8.21266 11.8453 8.21266  11.8453  
8.03811 8.21671 8.03811  8.21671  
3.32751 9.01221 3.32751  9.01221  
8.87242 8.755 8.87242  8.755  
12.6609 5.40923 12.6609  5.40923  
7.39727 8.15459 7.39727  8.15459  
7.96384 8.10627 7.96384  8.10627  
10.0468 5.9522 10.0468  5.9522  
9.9384 7.12844 9.9384  7.12844  
8.56695 7.08663 8.56695  7.08663  
6.67088 7.43969 6.67088  7.43969  
7.02064 8.26064 7.02064  8.26064  
9.4479 7.30989 9.4479  7.30989  
7.17957 6.51463 7.17957  6.51463  
4.19951 5.05695 4.19951  5.05695  
6.36526 6.35162 6.36526  6.35162  
7.15014 8.13143 7.15014  8.13143  
10.5021 11.1577 10.5021  11.1577  
8.52693 7.40711 8.52693  7.40711  
7.60592 7.8902 7.60592  7.8902  
10.9083 10.1028 10.9083  10.1028  
9.48528 7.44437 9.48528  7.44437  
6.83443 10.5486 6.83443  10.5486  
8.84741 6.26593 8.84741  6.26593  
8.66638 5.4387 8.66638  5.4387  
5.90661 7.79871 5.90661  7.79871  
6.40836 7.78942 6.40836  7.78942  
4.87042 6.89628 4.87042  6.89628  
10.4928 6.09514 10.4928  6.09514  
5.62497 5.01268 5.62497  5.01268  
5.97896 10.8905 5.97896  10.8905  
10.8883 5.36186 10.8883  5.36186  
8.97388 5.20988 8.97388  5.20988  
6.20276 6.33488 6.20276  6.33488  
7.47898 8.46842 7.47898  8.46842  
6.80101 5.87866 6.80101  5.87866  
5.03171 4.18815 5.03171  4.18815  
7.3095 8.28478 7.3095  8.28478  
8.80245 7.47731 8.80245  7.47731  
9.72168 9.14372 9.72168  9.14372  
2.95546 8.52696 2.95546  8.52696  
8.97104 9.97127 8.97104  9.97127  
6.89938 6.82701 6.89938  6.82701  
10.5754 6.90734 10.5754  6.90734  
6.59981 6.58034 6.59981  6.58034  
7.50348 10.3267 7.50348  10.3267  
9.13002 9.84136 9.13002  9.84136  
6.29257 7.07691 6.29257  7.07691  
9.60992 8.38 9.60992  8.38  
5.61314 11.2708 5.61314  11.2708  
4.75479 7.55944 4.75479  7.55944  
8.8544 9.56582 8.8544  9.56582  
6.25167 6.59577 6.25167  6.59577  
9.60039 5.53611 9.60039  5.53611  
6.04246 10.1026 6.04246  10.1026  
8.63332 6.40268 8.63332  6.40268  
6.31427 7.57695 6.31427  7.57695  
3.92515 6.27322 3.92515  6.27322  
7.02169 7.44099 7.02169  7.44099  
7.09216 11.0659 7.09216  11.0659  
8.99618 6.13609 8.99618  6.13609  
9.95739 8.58122 9.95739  8.58122  
9.08817 6.86683 9.08817  6.86683  
7.7704 7.13875 7.7704  7.13875  
8.60757 7.24395 8.60757  7.24395  
5.74931 4.02298 5.74931  4.02298  
5.74489 9.25736 5.74489  9.25736  
7.78265 8.44284 7.78265  8.44284  
4.83972 9.22205 4.83972  9.22205  
5.55839 5.82524 5.55839  5.82524  
6.46772 9.60986 6.46772  9.60986  
9.78677 6.10187 9.78677  6.10187  
4.61456 4.52554 4.61456  4.52554  
7.33692 8.88636 7.33692  8.88636  
5.95161 8.57196 5.95161  8.57196  
7.62827 4.66749 7.62827  4.66749  
6.87725 9.10797 6.87725  9.10797  
5.72831 10.169 5.72831  10.169  
7.59135 8.56339 7.59135  8.56339  
6.1632 6.57162 6.1632  6.57162  
6.07933 11.1225 6.07933  11.1225  
0.438357 0.626894 10.8575  10.1828  
0.901733 0.153141 3.59385  4.92315  
0.534192 0.535146 0.995617  0.0365903  
0.995651 0.0353222 8.89448  6.36132  
0.437769 0.641143 11.1936  2.8497  
0.41013 2.08423 8.29754  6.2081  
0.537268 0.535111 7.82667  5.0593  
0.534173 0.550057 4.62764  5.01874  
0.901619 0.160001 5.45537  3.97569  
0.429556 1.97032 9.33978  3.70233  
0.902308 0.151315 6.57065  3.07423  
0.436861 0.734424 9.77941  2.68711  
0.995617 0.0361112 11.3259  1.84178  
0.535726 0.535145 7.1399  0.923742  
0.390875 2.14047 4.73209  0.674094  
0.438823 0.625013 8.44395  1.07133  
10.2205 10.1828 8.87864  1.5851  
0.436887 0.657028 6.60542  1.15536  
0.652445 0.535109 8.17233  1.62554  
0.9956 0.0413681 6.46007  1.35341  
6.60309 3.57564 0.904724  0.155373  
0.995558 0.136825 6.87911  1.61151  
0.901993 0.158737 8.53171  2.67068  
0.995643 0.0378123 5.82717  1.55376  
2.45095 10.5615 6.39861  1.72199  
0.902241 0.181093 6.51749  1.96798  
0.558833 0.535519 5.63854  1.78717  
0.995687 0.0374252 5.55508  1.84581  
0.995642 0.0649751 5.76037  2.01245  
10.4269 6.02774 7.30367  2.60129  
7.02064 8.26064 6.85604  2.92398  
9.4479 7.30989 5.85159  2.38161  
7.17957 6.51463 6.11091  2.77119  
4.19951 5.05695 2.5244  1.03772  
6.36526 6.35162 3.78723  1.63626  
7.15014 8.13143 4.9492  2.52233  
10.5021 11.1577 4.1807  2.03878  
8.52693 7.40711 4.31104  2.17455  
7.60592 7.8902 4.21616  2.29966  
10.9083 10.1028 5.05305  2.81671  
9.48528 7.44437 4.29119  2.58014  
6.83443 10.5486 4.14938  2.72719  
8.84741 6.26593 3.75245  2.40104  
8.66638 5.4387 3.94656  2.56781  
5.90661 7.79871 3.8297  2.70787  
6.40836 7.78942 2.91955  2.06592  
4.87042 6.89628 3.69439  2.77951  
10.4928 6.09514 2.89258  2.20017  
5.62497 5.01268 3.00184  2.38902  
5.97896 10.8905 3.25657  2.7397  
10.8883 5.36186 5.30754  3.13775  
8.97388 5.20988 3.80285  3.55775  
6.20276 6.33488 2.88748  2.68545  
7.47898 8.46842 3.57214  3.5551  
6.80101 5.87866 3.81162  4.24287  
5.03171 4.18815 3.16373  3.32871  
7.3095 8.28478 2.75972  2.9695  
8.80245 7.47731 3.08705  3.56477  
9.72168 9.14372 3.44126  4.02967  
2.95546 8.52696 2.8558  3.5548  
8.97104 9.97127 3.6504  4.88519  
6.89938 6.82701 3.86968  4.49783  
10.5754 6.90734 3.30525  4.80301  
6.59981 6.58034 2.98505  4.40501  
7.50348 10.3267 3.67983  5.4869  
9.13002 9.84136 3.29032  5.32597  
6.29257 7.07691 2.11131  3.36084  
9.60992 8.38 2.36688  4.07086  
5.61314 11.2708 2.13918  3.74983  
4.75479 7.55944 2.35053  4.38745  
8.8544 9.56582 2.34  4.65406  
6.25167 6.59577 2.14302  4.42292  
9.60039 5.53611 2.03246  4.29529  
6.04246 10.1026 1.81323  3.87021  
8.63332 6.40268 2.2596  5.0872  
6.31427 7.57695 1.62684  3.7591  
3.92515 6.27322 2.18609  5.72484  
7.02169 7.44099 0.539172  0.535145  
7.09216 11.0659 0.992033  2.16714  
8.99618 6.13609 1.70604  4.82443  
9.95739 8.58122 2.10562  7.45651  
9.08817 6.86683 1.90518  6.92692  
7.7704 7.13875 1.69855  6.07576  
8.60757 7.24395 1.66859  6.41324  
5.74931 4.02298 1.46079  6.03461  
5.74489 9.25736 1.55581  6.96481  
7.78265 8.44284 1.25642  5.61589  
4.83972 9.22205 1.74602  7.8835  
5.55839 5.82524 1.20258  6.88806  
6.46772 9.60986 1.18931  6.68702  
9.78677 6.10187 1.97763  11.459  
4.61456 4.52554 2.39222  6.34429  
7.33692 8.88636 0.438823  0.625013  
5.95161 8.57196 3.32691  8.26802  
7.62827 4.66749 3.52286  8.81311  
6.87725 9.10797 4.10085  10.4038  
5.72831 10.169 4.63998  10.7493  
7.59135 8.56339 4.99969  9.15625  
6.1632 6.57162 0.414252  2.45267  
6.07933 11.1225 10.4279  3.09757  
0.434655 0.626969 6.20219  2.27855  
0.901733 0.153141 0.882746  5.68487  
0.534192 0.535146 0.995454  0.037673  
0.99548 0.035467 9.08049  1.98439  
0.221145 1.14408 5.33935  1.22727  
0.341843 0.777363 8.43389  1.05934  
0.216821 1.26779 9.48186  0.776071  
0.901505 0.155501 7.1874  0.73445  
0.233286 1.14408 8.86297  0.670454  
0.477131 0.624989 5.84158  0.508984  
0.902308 0.151315 3.7054  0.339714  
0.532261 0.536838 4.24604  0.464721  
0.341962 0.776898 5.40267  0.593463  
0.451051 0.625008 5.0816  0.681918  
0.34153 0.81478 3.16231  0.457815  
0.438823 0.625013 4.02572  0.583158  
0.846781 0.313179 4.04668  0.700992  
0.995454 0.0368098 0.901503  0.161061  
0.539172 0.534992 0.945804  0.181368  
0.842067 0.32097 4.68873  1.2253  
0.345461 0.776884 3.39913  0.773348  
6.20219 2.28161 3.33752  0.79293  
0.879967 0.222859 3.5062  0.868137  
0.901501 0.182264 3.34063  0.89539  
0.901497 0.219755 3.29143  0.946127  
0.901503 0.159438 3.68057  1.09029  
0.878476 0.232298 2.55698  0.81222  
1.83482 0.0340505 2.81847  0.921674  
0.436068 0.626969 4.26337  1.42288  
4.3704 1.43445 3.54201  1.29767  
6.54085 3.50122 2.93698  1.13511  
0.901503 0.189213 2.9144  1.18792  
1.21933 6.45888 0.846781  0.317864  
4.19951 5.05695 2.71834  1.21904  
6.36526 6.35162 2.51335  1.15339  
7.15014 8.13143 2.85019  1.40482  
10.5021 11.1577 2.81295  1.43776  
8.52693 7.40711 2.77519  1.48495  
7.60592 7.8902 3.05327  1.66997  
10.9083 10.1028 3.15006  1.63013  
9.48528 7.44437 2.25983  1.36466  
6.83443 10.5486 3.24382  2.09402  
8.84741 6.26593 2.71247  1.78175  
8.66638 5.4387 2.35839  1.60997  
5.90661 7.79871 2.33951  1.63919  
6.40836 7.78942 2.49093  1.85948  
4.87042 6.89628 1.96994  1.49085  
10.4928 6.09514 1.77191  1.3823  
5.62497 5.01268 2.72622  2.87272  
5.97896 10.8905 2.33248  2.02994  
10.8883 5.36186 2.20758  1.9754  
8.97388 5.20988 2.05505  1.91402  
6.20276 6.33488 2.2176  2.13961  
7.47898 8.46842 2.20951  2.26359  
6.80101 5.87866 1.99324  2.08595  
5.03171 4.18815 2.41903  2.70129  
7.3095 8.28478 2.25394  2.59342  
8.80245 7.47731 2.1637  2.60072  
9.72168 9.14372 2.33467  2.89831  
2.95546 8.52696 2.18177  2.82742  
8.97104 9.97127 1.6675  2.18246  
6.89938 6.82701 2.23989  3.40169  
10.5754 6.90734 0.532261  0.540237  
6.59981 6.58034 2.05936  3.14106  
7.50348 10.3267 2.39675  3.92851  
9.13002 9.84136 1.5266  2.44994  
6.29257 7.07691 1.54175  2.59511  
9.60992 8.38 1.80834  3.32731  
5.61314 11.2708 1.51833  2.78723  
4.75479 7.55944 1.39413  2.63366  
8.8544 9.56582 1.86369  3.84177  
6.25167 6.59577 1.25605  2.60411  
9.60039 5.53611 1.10085  2.31568  
6.04246 10.1026 0.435814  0.626969  
8.63332 6.40268 1.25101  2.95659  
6.31427 7.57695 1.32414  3.30433  
3.92515 6.27322 1.26249  3.73555  
7.02169 7.44099 0.993883  2.70078  
7.09216 11.0659 1.07449  3.09669  
8.99618 6.13609 1.08578  3.31499  
9.95739 8.58122 0.96107  3.14337  
9.08817 6.86683 0.861434  2.83372  
7.7704 7.13875 0.882738  3.09864  
8.60757 7.24395 0.749846  2.71487  
5.74931 4.02298 0.720144  2.77624  
5.74489 9.25736 0.345461  0.776884  
7.78265 8.44284 0.851919  4.04619  
4.83972 9.22205 0.822184  4.18247  
5.55839 5.82524 0.737167  4.19556  
6.46772 9.60986 0.892772  5.45218  
9.78677 6.10187 0.549139  3.19163  
4.61456 4.52554 1.2193  8.26524  
7.33692 8.88636 0.896419  8.98275  
5.95161 8.57196 1.53255  9.42411  
7.62827 4.66749 1.56725  9.78222  
6.87725 9.10797 0.381278  3.48189  
5.72831 10.169 1.94668  6.0672  
7.59135 8.56339 2.77898  5.46097  
6.1632 6.57162 5.1057  7.26616  
6.07933 11.1225 0.221145  1.14408  
0.434947 0.625535 9.15882  0.039216  
0.103316 1.70065 0.176851  4.85481  
0.106792 1.16163 0.995447  0.0383403  
0.995447 0.0355372 2.87541  0.0592401  
0.162428 1.10835 2.77319  0.0998802  
0.333011 0.709875 2.82534  0.118138  
0.436542 0.625102 2.7279  0.159807  
0.106488 1.1646 2.73395  0.183542  
0.823411 0.305509 2.87496  0.181273  
0.477131 0.624989 2.36734  0.221998  
0.902308 0.151315 0.939163  0.112164  
0.532261 0.536838 2.53835  0.295173  
0.820732 0.307509 2.78121  0.34558  
0.451051 0.625008 1.74585  0.249918  
0.314571 0.804478 0.902907  0.151914  
0.438823 0.625013 2.98585  0.356813  
0.417665 0.681667 1.37052  0.253189  
0.4341 0.628591 0.945344  0.19044  
0.130325 1.15679 2.57105  0.52916  
0.823225 0.306114 1.9135  0.423279  
0.8673 0.299204 2.17069  0.513163  
0.419907 0.681657 2.87407  0.568157  
0.876209 0.209756 2.41124  0.639367  
0.820533 0.322786 2.58845  0.730926  
0.901399 0.152105 2.02627  0.598938  
0.101813 2.77267 2.25802  0.706629  
0.939997 0.110122 1.28485  0.415005  
1.34006 0.0342119 1.99426  0.699138  
0.939163 0.112164 2.17893  0.804844  
0.820732 0.308861 0.820732  0.308861  
9.15882 0.039216 2.18782  0.884814  
0.995447 0.0386548 2.33919  0.994909  
0.532193 0.548271 2.47423  1.09907  
0.973162 0.109932 1.85949  0.859348  
0.901396 0.161937 2.20272  1.04233  
0.425029 0.681656 2.37421  1.20764  
0.312928 1.06075 2.11167  1.11449  
0.156022 1.1226 1.94664  1.07768  
0.931619 0.119665 1.97155  1.13938  
0.939211 0.110329 1.12309  0.666833  
0.542358 0.534934 1.24953  0.767975  
0.175436 1.09739 1.39108  0.875735  
0.5353 0.534962 2.06251  1.41343  
6.10037 1.82291 1.61771  1.14795  
6.98393 0.121327 2.29729  1.69146  
6.40836 7.78942 2.3745  1.83234  
4.87042 6.89628 2.40334  1.87687  
10.4928 6.09514 2.15241  1.83917  
5.62497 5.01268 1.36331  1.15689  
5.97896 10.8905 1.6558  1.49504  
10.8883 5.36186 0.962306  0.871049  
8.97388 5.20988 1.36066  1.38423  
6.20276 6.33488 1.06553  1.05575  
7.47898 8.46842 1.10716  1.16903  
6.80101 5.87866 0.535325  0.534962  
5.03171 4.18815 1.52566  1.97049  
7.3095 8.28478 0.804804  0.926042  
8.80245 7.47731 1.17225  1.44834  
9.72168 9.14372 0.746406  0.908319  
2.95546 8.52696 1.12494  1.48231  
8.97104 9.97127 1.4054  1.96612  
6.89938 6.82701 1.20789  1.76008  
10.5754 6.90734 0.89148  1.30043  
6.59981 6.58034 0.486145  0.680941  
7.50348 10.3267 0.437271  0.625254  
9.13002 9.84136 1.08834  2.04436  
6.29257 7.07691 1.0133  1.79454  
9.60992 8.38 0.422833  0.681657  
5.61314 11.2708 1.00159  1.93813  
4.75479 7.55944 0.962946  1.94165  
8.8544 9.56582 0.555918  1.15135  
6.25167 6.59577 0.508897  1.02553  
9.60039 5.53611 0.537857  1.15553  
6.04246 10.1026 0.853769  2.13295  
8.63332 6.40268 0.822537  2.07655  
6.31427 7.57695 0.852195  2.28777  
3.92515 6.27322 0.758776  2.13778  
7.02169 7.44099 0.504091  1.44741  
7.09216 11.0659 0.314571  0.804478  
8.99618 6.13609 0.625519  2.01902  
9.95739 8.58122 0.64252  2.21662  
9.08817 6.86683 0.566962  2.07264  
7.7704 7.13875 0.610728  2.37893  
8.60757 7.24395 0.617822  2.58954  
5.74931 4.02298 0.426212  1.79616  
5.74489 9.25736 0.358619  1.51199  
7.78265 8.44284 0.485261  2.4402  
4.83972 9.22205 0.367099  1.92016  
5.55839 5.82524 0.43631  2.55298  
6.46772 9.60986 0.402822  2.63948  
9.78677 6.10187 0.351615  2.38292  
4.61456 4.52554 0.340138  2.55157  
7.33692 8.88636 0.319752  2.78089  
5.95161 8.57196 0.226345  2.82919  
7.62827 4.66749 0.22996  2.38267  
6.87725 9.10797 0.230567  2.76278  
5.72831 10.169 0.180064  2.32274  
7.59135 8.56339 0.158518  2.2054  
6.1632 6.57162 0.174243  4.56979  
6.07933 11.1225 0.146334  5.35527  
0.434947 0.625535 10.7332  0.0268997  
0.0269254 1.02156 0.0245115  4.50813  
0.393379 0.685266 1.68156  0.0289472  
0.995443 0.0356276 1.4732  0.0418859  
0.0233361 1.38685 0.995422  0.0472043  
0.333011 0.709875 1.03738  0.055333  
0.486045 0.549087 1.05547  0.0699126  
0.25929 0.773947 1.47546  0.104969  
0.857823 0.234259 1.35872  0.115745  
0.477131 0.624989 1.4544  0.135828  
1.19557 0.0219981 0.930179  0.107483  
0.532261 0.536838 1.37297  0.164985  
0.258694 0.889932 1.40364  0.185978  
0.451051 0.625008 1.44748  0.207717  
0.39523 0.684294 1.46371  0.221421  
0.438823 0.625013 0.901452  0.161504  
0.417665 0.681667 0.932551  0.177345  
0.258915 0.798837 0.945287  0.194405  
10.7332 1.59843 1.33398  0.286744  
0.432878 0.62819 1.23357  0.285342  
10.7264 0.0268997 1.07539  0.267777  
0.486013 0.606442 1.13618  0.284447  
0.867554 0.209368 0.857815  0.242558  
0.99543 0.040698 1.34128  0.385117  
0.901399 0.152105 1.35007  0.408749  
0.0373112 1.0214 1.37574  0.447164  
0.820329 0.285486 0.820329  0.286636  
0.857811 0.24521 1.03515  0.373998  
0.25975 0.773689 1.05867  0.398073  
0.258708 0.830698 1.29364  0.523113  
0.995443 0.0389066 0.950629  0.40001  
0.902734 0.148956 1.04537  0.457891  
0.0301391 1.02151 1.06882  0.494712  
0.420985 0.681657 0.995422  0.471585  
0.901396 0.161937 1.05327  0.534908  
0.425029 0.681656 0.949195  0.499268  
0.930186 0.104002 0.995422  0.549795  
0.820617 0.283199 1.06817  0.62819  
0.930179 0.106407 0.908738  0.549982  
0.433109 0.626549 0.930183  0.583362  
0.542358 0.534934 0.858973  0.560144  
0.793706 0.326853 0.803542  0.549589  
0.930179 0.123986 0.901452  0.638151  
0.0234291 1.32074 0.905796  0.668662  
0.856146 0.264365 0.86217  0.657905  
0.535743 0.534962 0.860608  0.691296  
1.07575 0.0301308 0.857554  0.709543  
0.856051 0.273774 0.829399  0.723261  
0.995422 0.0449 0.813589  0.735259  
0.856111 0.272884 0.820329  0.770431  
0.0281941 1.02155 0.787255  0.773689  
0.857815 0.241876 0.532264  0.540651  
0.820326 0.302628 0.857815  0.844938  
10.6478 0.0964646 0.732978  0.801054  
0.820591 0.284267 0.486045  0.55532  
0.930181 0.107326 0.658989  0.790119  
4.28807 0.585822 0.797628  0.989828  
0.856042 0.278874 0.786412  1.02143  
0.858367 0.24178 0.731123  1.02145  
4.1238 0.0401392 0.482581  0.673988  
3.64456 0.0320804 0.432878  0.62819  
10.0412 0.041494 0.668521  1.02142  
10.5754 6.90734 0.602044  1.06191  
6.59981 6.58034 0.615543  1.02149  
7.50348 10.3267 0.39523  0.684294  
9.13002 9.84136 0.554039  1.01702  
6.29257 7.07691 0.532801  1.02155  
9.60992 8.38 0.48732  0.967291  
5.61314 11.2708 0.547455  1.13362  
4.75479 7.55944 0.340556  0.724015  
8.8544 9.56582 0.344554  0.771445  
6.25167 6.59577 0.447071  1.06247  
9.60039 5.53611 0.317439  0.778636  
6.04246 10.1026 0.432878  1.09964  
8.63332 6.40268 0.369648  1.02151  
6.31427 7.57695 0.311393  0.886015  
3.92515 6.27322 0.259778  0.773689  
7.02169 7.44099 0.340556  1.24905  
7.09216 11.0659 0.358213  1.21434  
8.99618 6.13609 0.319219  1.1616  
9.95739 8.58122 0.318239  1.21716  
9.08817 6.86683 0.312393  1.27842  
7.7704 7.13875 0.279735  1.24933  
8.60757 7.24395 0.25975  1.23507  
5.74931 4.02298 0.27031  1.34546  
5.74489 9.25736 0.25789  1.37689  
7.78265 8.44284 0.258009  1.48422  
4.83972 9.22205 0.229699  1.58696  
5.55839 5.82524 0.218727  1.56254  
6.46772 9.60986 0.190093  1.55847  
9.78677 6.10187 0.142761  1.53198  
4.61456 4.52554 0.14911  1.52183  
7.33692 8.88636 0.059074  1.49951  
5.95161 8.57196 0.124823  1.49781  
7.62827 4.66749 0.0921541  1.44723  
6.87725 9.10797 0.0850442  1.40916  
5.72831 10.169 0.0638981  1.37198  
7.59135 8.56339 0.057777  1.36211  
6.1632 6.57162 0.030514  1.48563  
6.07933 11.1225 0.027918  1.02155  
0.434947 0.625535 1.02435  0.0185688  
0.0251772 1.01853 0.0172574  1.02127  
0.256261 0.830589 1.0171  0.0235321  
0.0351179 1.01851 1.01707  0.0327259  
0.256533 0.759978 1.01707  0.0431255  
0.333011 0.709875 0.99542  0.0544206  
0.485728 0.547621 0.99542  0.0633952  
0.0477571 1.01848 0.99542  0.0683627  
0.818015 0.221024 0.99542  0.0773417  
0.478061 0.617085 0.923169  0.0935206  
0.0534288 1.01847 0.923156  0.101768  
0.532261 0.536838 0.923144  0.107896  
0.995417 0.0687169 0.923144  0.124773  
0.451051 0.625008 0.923098  0.136497  
0.368824 0.685188 0.923053  0.150706  
0.438823 0.625013 0.901373  0.158237  
0.417665 0.681667 0.901353  0.165054  
0.262932 0.757255 0.901353  0.182423  
0.488203 0.544199 0.901353  0.195235  
0.385186 0.682595 0.901353  0.199589  
0.0379593 1.01851 0.849395  0.212237  
0.381681 0.685118 0.818278  0.215139  
0.867554 0.209368 0.81801  0.229982  
0.547495 0.534801 0.80993  0.237554  
0.901399 0.152105 0.80993  0.248828  
0.334542 0.70319 0.80993  0.260262  
0.484847 0.548114 0.809815  0.277083  
0.257038 0.75912 0.809649  0.2941  
0.329339 0.718425 0.809649  0.303766  
0.256311 0.761076 0.809649  0.319309  
0.256243 0.879932 0.809649  0.339669  
0.902734 0.148956 0.809649  0.345923  
0.432791 0.626106 0.809649  0.373691  
0.420985 0.681657 0.809649  0.377801  
0.923067 0.101103 0.809649  0.401488  
0.567223 0.534796 0.809649  0.428093  
0.020241 1.02115 0.809649  0.44588  
0.386992 0.681855 0.809649  0.454957  
0.335811 0.700294 0.809649  0.473428  
0.995418 0.0348519 0.809649  0.509262  
0.329273 0.738259 0.809649  0.521133  
0.793706 0.326853 0.608545  0.534782  
0.824633 0.210759 0.608545  0.534782  
0.260432 0.757585 0.608545  0.534782  
0.274996 0.757213 0.608545  0.534782  
0.535743 0.534962 0.608545  0.534782  
0.343124 0.699482 0.608545  0.534782  
0.478302 0.588105 0.608545  0.534782  
0.557637 0.5348 0.587288  0.534782  
1.01723 0.0222685 0.566035  0.5348  
0.818278 0.215139 0.543586  0.534821  
0.329338 0.731606 0.531791  0.543729  
0.329595 0.710906 0.490291  0.543767  
0.809649 0.293464 0.490291  0.543767  
0.308444 0.757195 0.486398  0.554281  
0.484737 0.552393 0.484714  0.580536  
0.389767 0.681726 0.478302  0.588303  
0.490291 0.543767 0.478061  0.617085  
0.0229737 1.02001 0.461802  0.625334  
0.0285925 1.01852 0.44445  0.625369  
0.539824 0.534821 0.432737  0.632487  
0.351556 0.690319 0.432737  0.658972  
0.364301 0.689427 0.397447  0.681712  
0.358553 0.689429 0.397447  0.681712  
0.818188 0.217796 0.392688  0.681726  
0.608545 0.534782 0.376568  0.685178  
0.576113 0.534782 0.364301  0.689427  
0.484714 0.56195 0.351556  0.691812  
0.923088 0.0950291 0.335811  0.700294  
0.532087 0.541082 0.329994  0.710858  
0.923046 0.106265 0.329273  0.740303  
0.0432121 1.01851 0.308444  0.757195  
0.529828 0.543729 0.274996  0.757213  
0.330442 0.710782 0.274996  0.757213  
0.901353 0.159842 0.274996  0.757213  
0.923169 0.092021 0.262932  0.757255  
0.80993 0.237554 0.256317  0.776612  
0.901373 0.155258 0.256317  0.818529  
0.923029 0.144332 0.256303  0.868694  
0.256303 0.815701 0.256243  0.890726  
0.256259 0.851454 0.256243  0.973079  
0.818692 0.213629 0.0534288  1.01847  
0.901373 0.156869 0.0534288  1.01847  
0.394078 0.681712 0.0534288  1.01847  
0.484732 0.557079 0.0534288  1.01847  
1.01707 0.0279283 0.0534288  1.01847  
0.432737 0.631339 0.0534288  1.01847  
0.92304 0.109446 0.0534288  1.01847  
0.81801 0.224989 0.0534288  1.01847  
0.493147 0.543756 0.0534288  1.01847  
0.927857 0.0906132 0.0534288  1.01847  
0.809815 0.277083 0.0534288  1.01847  
1.02435 0.553094 0.0534288  1.01847  
1.02435 0.0185688 0.0534288  1.01847  
1.0171 0.0235321 0.0534288  1.01847  
0.378372 0.685178 0.0534288  1.01847  
0.0172574 1.02127 0.0534288  1.01847  
0.478163 0.614718 0.0432121  1.01851  
1.02435 0.0202637 0.0285925  1.01852  
0.627183 0.534782 0.020241  1.02115  
0.0188852 1 1.01702  9.98119e-05  
0.256246 0.757504 0.0170808  1  
0.256231 0.808506 1.01701  0.00263878  
0.443953 0.624763 1.01701  0.0136681  
0.350448 0.66667 1.01701  0.0241276  
0.478091 0.543614 1.01701  0.0326912  
0.0210225 1 0.995413  0.0465525  
0.481917 0.543611 0.995412  0.0563304  
0.261201 0.757016 0.995412  0.0619795  
0.901341 0.158502 0.995412  0.0782553  
0.436756 0.624859 0.967048  0.0903479  
0.256231 0.828028 0.922914  0.0972188  
0.0249449 1 0.922913  0.105284  
0.330116 0.699533 0.922913  0.119804  
0.328294 0.712637 0.922913  0.120867  
0.328229 0.719113 0.922913  0.120867  
0.809573 0.217887 0.901481  0.153451  
0.328618 0.708122 0.901341  0.164485  
0.476241 0.5464 0.901341  0.178642  
0.256231 0.786591 0.901341  0.190116  
0.922913 0.0979396 0.872117  0.201443  
1.01701 0.00716984 0.857222  0.21028  
0.867554 0.209368 0.811764  0.210281  
0.331184 0.699469 0.809573  0.220331  
0.0290347 1 0.809573  0.235577  
0.256241 0.758416 0.809573  0.242198  
0.432719 0.625427 0.809573  0.262468  
0.258238 0.757255 0.809573  0.276575  
0.444403 0.624703 0.809573  0.284486  
0.995413 0.0417283 0.809573  0.305965  
0.8374 0.21028 0.809573  0.311615  
0.902734 0.148956 0.809573  0.334022  
0.450091 0.624694 0.809573  0.34829  
0.432719 0.63215 0.809573  0.363463  
0.437921 0.624824 0.809573  0.385157  
0.922914 0.0936995 0.809573  0.40494  
0.86937 0.201443 0.809573  0.426071  
0.35421 0.666668 0.809573  0.447881  
0.531344 0.534777 0.809573  0.468766  
0.995418 0.0348519 0.809573  0.468766  
0.927626 0.0904183 0.809573  0.506965  
0.793706 0.326853 0.763758  0.534775  
0.0260849 1 0.763758  0.534775  
0.922913 0.120867 0.537975  0.534775  
0.476241 0.586337 0.537975  0.534775  
0.0230041 1 0.537975  0.534775  
0.995412 0.0510675 0.537975  0.534775  
0.755213 0.534775 0.537975  0.534775  
0.265784 0.757016 0.537975  0.534775  
0.872117 0.201443 0.537975  0.534775  
0.995413 0.0397594 0.537975  0.534775  
0.826642 0.21028 0.537975  0.534775  
0.476241 0.550572 0.486917  0.54361  
0.809881 0.21044 0.486917  0.54361  
0.394181 0.666668 0.486917  0.54361  
0.350347 0.670374 0.476241  0.550572  
0.0170808 1 0.476241  0.569962  
0.945668 0.0903525 0.476241  0.599696  
0.922936 0.0917427 0.456192  0.624694  
0.812281 0.210281 0.456192  0.624694  
0.534887 0.534775 0.437921  0.624824  
0.967048 0.0903479 0.432719  0.641871  
1.01909 0.0714286 0.393962  0.666668  
0.25623 0.925288 0.393962  0.666668  
0.332764 0.699469 0.393962  0.666668  
1.01701 0.00257566 0.363169  0.666668  
1.01702 0.00173621 0.363169  0.666668  
0.357347 0.666668 0.350347  0.671134  
1.01702 9.98119e-05 0.332764  0.699469  
1.01702 0.000707588 0.332764  0.699469  
0.486166 0.54361 0.328229  0.722505  
1.01702 1.85964 0.265387  0.757016  
2.16451 0.0177917 0.265387  0.757016  
1.53256 0.101591 0.265387  0.757016  
0.901353 0.159842 0.265387  0.757016  
0.922927 0.096171 0.265387  0.757016  
0.901372 0.150439 0.256245  0.758401  
0.95069 0.0903889 0.256231  0.8008  
1.62381 7.97843e-05 0.256231  0.835872  
1.01702 0.0051024 0.256231  0.883047  
10.9297 9.94319 0.25623  0.961736  
0.922927 0.0957335 0.0317736  1  
1.01862 7.78979e-05 0.0317736  1  
1.96811 0.0840622 0.0317736  1  
1.07473 7.78979e-05 0.0317736  1  
0.279911 0.75703 0.0317736  1  
0.432737 0.631339 0.0317736  1  
1.02689 7.53785e-05 0.0317736  1  
0.923052 0.0923666 0.0317736  1  
1.42095 7.53785e-05 0.0317736  1  
0.262477 0.757049 0.0317736  1  
1.02689 0.225157 0.0317736  1  
1.70656 0.0228174 0.0317736  1  
1.04656 2.43713e-05 0.0317736  1  
1.2046 2.47293e-05 0.0317736  1  
1.34227 2.47293e-05 0.0317736  1  
1.02374 0.0191505 0.0317736  1  
1.02406 0.0185614 0.0317736  1  
0.841467 0.210377 0.0317736  1  
1.02406 0.250932 0.0219418  1  
