1.00777 0.714002 1.00777  0.714002  
0.809987 1.67352 0.809987  1.67352  
2.26361 0.328409 2.26361  0.328409  
0.80318 1.56393 0.80318  1.56393  
1.0463 0.685388 1.0463  0.685388  
0.511718 3.86259 0.511718  3.86259  
0.687527 2.17942 0.687527  2.17942  
1.34318 0.464684 1.34318  0.464684  
0.547265 2.58408 0.547265  2.58408  
1.04765 1.83406 1.04765  1.83406  
1.39181 0.635592 1.39181  0.635592  
0.928676 0.866543 0.928676  0.866543  
0.613886 3.01935 0.613886  3.01935  
0.889816 1.53014 0.889816  1.53014  
0.433301 2.77122 0.433301  2.77122  
0.489705 2.62642 0.489705  2.62642  
0.659498 1.56077 0.659498  1.56077  
0.535318 2.92127 0.535318  2.92127  
0.645394 2.44296 0.645394  2.44296  
0.343229 2.60869 0.343229  2.60869  
0.356404 2.72157 0.356404  2.72157  
0.929998 1.01514 0.929998  1.01514  
0.836066 1.42634 0.836066  1.42634  
1.13044 1.42576 1.13044  1.42576  
0.419408 2.62223 0.419408  2.62223  
1.64897 0.459259 1.64897  0.459259  
0.250157 2.79675 0.250157  2.79675  
1.0256 0.913949 1.0256  0.913949  
0.235438 3.79647 0.235438  3.79647  
0.465742 2.62337 0.465742  2.62337  
0.525563 2.37334 0.525563  2.37334  
1.52708 1.28049 1.52708  1.28049  
0.49512 2.18605 0.49512  2.18605  
1.2121 1.11696 1.2121  1.11696  
1.98115 0.150386 1.98115  0.150386  
1.07782 1.32109 1.07782  1.32109  
0.923367 1.44313 0.923367  1.44313  
0.564278 2.10991 0.564278  2.10991  
0.696541 2.07569 0.696541  2.07569  
0.334251 2.99245 0.334251  2.99245  
1.28118 0.637866 1.28118  0.637866  
0.355387 2.4872 0.355387  2.4872  
0.631763 1.8745 0.631763  1.8745  
0.450051 2.97608 0.450051  2.97608  
0.321035 2.7025 0.321035  2.7025  
1.75157 0.365067 1.75157  0.365067  
0.295615 3.12796 0.295615  3.12796  
0.594581 1.62155 0.594581  1.62155  
0.457492 2.43109 0.457492  2.43109  
0.874706 2.17442 0.874706  2.17442  
2.07322 0.161146 2.07322  0.161146  
1.28487 0.465661 1.28487  0.465661  
1.25893 0.566671 1.25893  0.566671  
0.790674 1.55172 0.790674  1.55172  
0.413071 2.352 0.413071  2.352  
1.01543 0.956428 1.01543  0.956428  
1.36991 0.404022 1.36991  0.404022  
0.548566 2.66735 0.548566  2.66735  
0.632097 1.66231 0.632097  1.66231  
0.663605 2.10211 0.663605  2.10211  
1.58714 0.817187 1.58714  0.817187  
0.369809 3.14267 0.369809  3.14267  
0.445309 2.80375 0.445309  2.80375  
1.0629 0.968711 1.0629  0.968711  
1.5305 0.778973 1.5305  0.778973  
0.788723 1.21979 0.788723  1.21979  
1.21883 1.20078 1.21883  1.20078  
0.696649 1.59433 0.696649  1.59433  
0.911829 1.74693 0.911829  1.74693  
0.694089 1.73636 0.694089  1.73636  
0.407594 2.84745 0.407594  2.84745  
0.916928 1.75766 0.916928  1.75766  
0.760064 1.34151 0.760064  1.34151  
0.361347 3.35109 0.361347  3.35109  
0.268549 3.23079 0.268549  3.23079  
0.684813 2.51398 0.684813  2.51398  
1.81833 0.191244 1.81833  0.191244  
0.504272 1.80184 0.504272  1.80184  
0.859004 1.86259 0.859004  1.86259  
0.320567 2.67607 0.320567  2.67607  
0.525533 2.08208 0.525533  2.08208  
0.744225 1.4524 0.744225  1.4524  
1.17549 0.898711 1.17549  0.898711  
2.02772 0.158952 2.02772  0.158952  
0.415196 3.31797 0.415196  3.31797  
1.45142 0.505833 1.45142  0.505833  
0.457763 2.45101 0.457763  2.45101  
1.18371 0.756745 1.18371  0.756745  
0.731955 1.65585 0.731955  1.65585  
0.545424 3.27503 0.545424  3.27503  
0.453725 2.55463 0.453725  2.55463  
1.3194 0.763305 1.3194  0.763305  
0.610744 2.38037 0.610744  2.38037  
1.69701 0.290056 1.69701  0.290056  
0.955868 1.76517 0.955868  1.76517  
0.886247 2.46109 0.886247  2.46109  
0.757521 1.87244 0.757521  1.87244  
0.735056 1.40386 0.735056  1.40386  
1.26576 0.646744 1.26576  0.646744  
0.965092 1.23862 0.965092  1.23862  
0.308398 1.87287 1.71777  0.0991316  
1.74317 0.035455 0.601195  1.50203  
0.242098 2.10049 0.645321  1.49148  
1.22706 0.313951 0.924697  0.959736  
0.0996528 2.77151 1.56092  0.206799  
1.20629 0.33175 1.50206  0.203696  
1.16132 0.372008 1.97592  0.10091  
0.476571 1.41386 1.82727  0.0952802  
1.787 0.0264205 1.66556  0.120388  
0.552381 1.2451 1.59059  0.190644  
0.0702112 2.99087 1.71097  0.156403  
0.216246 2.20178 1.54634  0.156019  
0.136614 2.57414 1.48615  0.179974  
1.34282 0.22526 1.47664  0.188887  
1.42671 0.170817 1.49939  0.181498  
0.336121 1.78742 1.41318  0.224799  
0.913664 0.645529 1.38448  0.238569  
0.949683 0.599902 1.35629  0.25348  
0.0412074 3.24597 1.37828  0.256121  
0.445529 1.48925 1.29984  0.280187  
1.09394 0.437557 1.29029  0.296404  
0.228459 2.15194 1.2737  0.307044  
0.62721 1.09604 1.2329  0.32105  
1.63856 0.068244 1.21668  0.338045  
0.113348 2.69253 1.19769  0.351737  
1.92686 0.00544381 1.17289  0.364153  
0.99002 0.551242 1.15781  0.379484  
0.146155 2.50991 1.14031  0.39399  
1.02646 0.509594 1.12288  0.408328  
1.60567 0.0816778 1.10771  0.423603  
0.968322 0.576897 1.09261  0.438914  
1.06583 0.466533 1.07943  0.454883  
0.0532776 3.12387 1.06696  0.471495  
0.506923 1.34452 1.05191  0.486772  
0.706096 0.954506 1.03753  0.50261  
0.167381 2.40909 1.02634  0.520363  
0.930396 0.623818 1.00697  0.532931  
0.39858 1.61024 1.00897  0.55751  
1.00812 0.530333 0.986169  0.56913  
0.127017 2.62431 0.973471  0.585399  
1.8299 0.0187705 0.964386  0.606005  
0.194468 2.28854 0.945527  0.619328  
1.6872 0.053016 0.93385  0.638014  
0.253887 2.05892 0.911849  0.678335  
0.461825 1.4494 0.910345  0.673068  
0.536869 1.27833 0.908259  0.700779  
1.10865 0.422387 0.883957  0.711077  
1.18643 0.349218 0.879943  0.736804  
0.691424 0.97981 0.877119  0.743354  
1.14274 0.389444 0.854874  0.776129  
0.893753 0.671784 0.836737  0.790167  
0.382376 1.65427 0.825898  0.812657  
0.427879 1.53349 0.903203  0.78694  
0.204333 2.2481 0.799826  0.852245  
0.0351191 3.6265 0.798989  0.887745  
1.48402 0.138267 0.778402  0.901406  
0.413349 1.57114 0.771357  0.936188  
1.12347 0.407747 0.757459  0.952568  
0.0627496 3.04376 0.751541  0.977212  
1.27342 0.276414 0.735443  1.00445  
0.719356 0.932254 0.737852  1.00643  
0.367022 1.69725 0.722199  1.04642  
0.521813 1.3112 0.707312  1.08331  
0.752525 0.87793 0.726095  1.13759  
0.281811 1.95991 0.651004  1.13995  
0.786515 0.82484 0.645086  1.12451  
1.39618 0.189687 0.659652  1.22148  
0.833181 0.755904 0.660285  1.29483  
0.733503 0.908742 0.632061  1.25971  
0.594873 1.15863 0.594511  1.28317  
0.816668 0.779512 0.634406  1.39888  
0.323404 1.82626 0.571154  1.32654  
0.872728 0.699798 0.588953  1.41219  
1.29844 0.256978 0.566898  1.47541  
0.295903 1.91348 0.550198  1.52924  
0.662887 1.03061 0.557655  1.55259  
1.54388 0.108138 0.552673  1.62231  
0.801886 0.801554 0.496623  1.60805  
1.51201 0.123684 0.523659  1.66499  
0.267398 2.00959 0.515648  1.80334  
1.45212 0.155925 0.452905  1.69454  
0.0921624 2.84067 0.455442  1.79624  
0.351451 1.74168 0.423333  1.79635  
1.3191 0.242335 0.421727  1.94573  
0.768208 0.852922 0.398071  1.98858  
0.678629 1.00242 0.370362  2.19354  
0.491772 1.37881 0.371772  2.11129  
1.87048 0.0118568 0.368378  2.23132  
0.180486 2.35058 0.308057  2.23878  
0.578234 1.19175 0.323505  2.33205  
0.610725 1.1276 0.318359  2.54078  
0.0815863 2.89544 0.305535  2.7679  
1.57119 0.0961139 0.257027  2.92885  
1.251 0.29426 0.295762  2.90451  
0.158334 2.45192 0.321483  2.44086  
0.564345 1.22037 0.346445  2.3227  
0.645743 1.06153 0.372673  2.38147  
1.04548 0.488701 0.377883  2.54178  
1.37002 0.206719 0.383806  2.36112  
0.853694 0.726416 0.475869  1.84172  
0.306815 1.87628 0.752389  1.06629  
1.74317 0.035455 0.499537  1.63019  
0.240092 2.10567 0.881649  1.05684  
0.593977 1.15809 1.0348  0.895372  
0.0996528 2.77151 1.77219  0.109366  
1.19991 0.336274 1.93846  0.0792046  
0.549746 1.24859 1.89192  0.0852421  
0.472431 1.42128 1.72525  0.100656  
0.766438 0.853876 1.68531  0.122148  
0.534822 1.28164 1.72764  0.136376  
0.0702112 2.99087 1.65745  0.163039  
0.216563 2.19467 1.5373  0.162624  
0.0338981 3.55544 1.49537  0.178291  
1.34432 0.223222 1.49833  0.177043  
0.930837 0.621664 1.4841  0.213439  
0.710137 0.945566 1.44972  0.229245  
0.910605 0.647601 1.36722  0.238633  
0.951024 0.596587 1.34845  0.249439  
0.0412074 3.24597 1.31869  0.267128  
0.990148 0.54945 1.29861  0.283074  
1.17792 0.355451 1.27189  0.294686  
0.228312 2.14897 1.25172  0.308604  
0.627316 1.0936 1.22884  0.323871  
0.291394 1.92512 1.22573  0.343456  
0.115942 2.67728 1.18805  0.352603  
1.37213 0.204794 1.17257  0.368051  
0.442016 1.49559 1.15247  0.381978  
0.141307 2.53804 1.13642  0.397164  
0.38396 1.64759 1.11829  0.411547  
1.61212 0.0777381 1.10491  0.427671  
1.04519 0.48723 1.08825  0.442524  
0.855341 0.722032 1.07377  0.458309  
0.0562428 3.08213 1.0596  0.474035  
1.22315 0.31647 1.04636  0.490304  
0.892106 0.672239 1.03426  0.507064  
1.10237 0.427493 1.02426  0.525648  
1.0596 0.474035 1.00238  0.538294  
0.397234 1.61101 0.99398  0.557654  
1.697 0.0492394 0.978589  0.573405  
0.428161 1.53011 0.963345  0.589096  
0.280697 1.96138 0.948521  0.605341  
0.696629 0.968649 0.941378  0.626236  
1.13603 0.394319 0.939192  0.64025  
0.178096 2.35649 0.914967  0.660916  
0.456816 1.45886 0.906864  0.683472  
0.971457 0.571644 0.889688  0.698558  
1.42882 0.168158 0.882645  0.722879  
0.508008 1.33938 0.889518  0.758562  
0.190636 2.30249 0.855468  0.758174  
0.339678 1.77521 0.84105  0.780055  
0.165784 2.41221 0.825563  0.793206  
1.89488 0.00827474 0.813964  0.810521  
1.49251 0.132542 0.809798  0.83605  
0.199613 2.26424 0.782604  0.882853  
0.0203168 3.64197 0.779565  0.880066  
0.128667 2.604 0.765274  0.900897  
0.412692 1.57039 0.755227  0.925257  
1.02771 0.506697 0.742745  0.950091  
1.84079 0.0146228 0.738678  0.985139  
1.2704 0.277462 0.723546  0.999054  
0.72394 0.922454 0.719715  1.01113  
0.368418 1.69158 0.690826  1.04665  
0.52201 1.30857 0.684708  1.07799  
0.751212 0.87822 0.670818  1.0913  
0.498619 1.36088 0.663276  1.12842  
0.784832 0.825427 0.657356  1.16441  
1.40069 0.185549 0.635655  1.19919  
0.836788 0.748404 0.622291  1.21911  
0.737932 0.899704 0.596321  1.22766  
1.52016 0.118235 0.588023  1.27524  
0.818334 0.775081 0.582997  1.31074  
0.322727 1.82507 0.560486  1.35304  
0.87468 0.695275 0.565706  1.41429  
1.29861 0.255809 0.544236  1.43603  
1.64511 0.0647567 0.525179  1.45637  
0.662523 1.02861 0.519569  1.53109  
1.55364 0.102649 0.499264  1.61454  
0.799478 0.803137 0.4803  1.59924  
0.56544 1.21574 0.464745  1.60602  
0.266343 2.01098 0.452946  1.62016  
1.45725 0.151688 0.437652  1.71982  
1.11914 0.410868 0.447522  1.89913  
0.351111 1.74132 0.429315  1.932  
1.32617 0.235596 0.401883  1.93764  
0.609689 1.12834 0.44486  1.90404  
0.680378 0.996829 0.34615  2.21715  
0.484237 1.39379 0.350596  2.09971  
1.93619 0.00467888 0.318236  2.15205  
0.251695 2.06317 0.316516  2.26101  
0.579156 1.18798 0.306712  2.2997  
1.08312 0.44701 0.266611  2.39485  
0.080857 2.91812 0.255934  2.53682  
1.58405 0.0891845 0.236884  2.68332  
1.2484 0.295525 0.19636  2.68193  
0.15199 2.48019 0.248438  2.91556  
0.0903346 2.87092 0.270217  2.74078  
0.642304 1.06565 0.282375  2.49663  
1.787 0.0259031 0.313793  2.73682  
1.00946 0.527324 0.333597  2.33015  
1.15974 0.371533 0.485147  1.83713  
0.308662 1.86848 1.64564  0.117767  
1.74317 0.035455 0.347812  2.04735  
1.13282 0.397558 1.79725  0.0885719  
0.595962 1.15356 1.78243  0.0631547  
0.0996528 2.77151 1.7878  0.054041  
1.19387 0.341226 1.76662  0.0664147  
1.16491 0.367015 1.71736  0.079393  
0.471571 1.42282 1.62324  0.0933344  
0.278309 1.96801 1.63433  0.109956  
0.53565 1.2785 1.55227  0.127677  
0.0748148 2.94423 1.49452  0.144947  
0.21255 2.2098 1.47386  0.15857  
0.396883 1.61104 1.43323  0.174754  
0.611903 1.12286 1.40507  0.189386  
0.350582 1.74044 1.42831  0.193907  
0.0153176 3.59574 1.35697  0.217807  
0.947132 0.600679 1.34833  0.229496  
0.744343 0.888771 1.34252  0.249683  
0.0266378 3.41236 1.29962  0.261737  
0.967791 0.575847 1.27211  0.277548  
0.264541 2.01502 1.25507  0.291848  
0.226395 2.15523 1.23666  0.307717  
0.985728 0.554136 1.21722  0.322218  
1.10157 0.428167 1.20039  0.337565  
0.114834 2.68784 1.18269  0.352353  
0.337869 1.77823 1.16487  0.367205  
0.440718 1.49759 1.15231  0.383562  
0.138767 2.54853 1.13278  0.397589  
0.383071 1.64858 1.117  0.412899  
1.61198 0.0773132 1.10149  0.428251  
1.45715 0.151285 1.08624  0.443377  
1.00061 0.538335 1.07091  0.459205  
0.0562428 3.08213 1.05638  0.47503  
1.48605 0.135551 1.04171  0.490795  
0.930739 0.621208 1.02809  0.507133  
1.05547 0.475587 1.01426  0.523342  
0.29615 1.90847 0.999502  0.539702  
1.21025 0.326611 0.998199  0.542802  
0.64472 1.06036 0.97418  0.573544  
0.706276 0.951556 0.961569  0.591015  
1.69224 0.0489577 0.946652  0.607234  
0.780537 0.831858 0.933676  0.624242  
0.54929 1.24928 0.918478  0.640482  
0.177212 2.35897 0.904758  0.657906  
0.580845 1.18433 0.894799  0.678491  
0.689895 0.97954 0.883533  0.697511  
1.42629 0.169279 0.873878  0.714201  
0.85518 0.722392 0.859545  0.736127  
0.190078 2.30265 0.841396  0.749733  
1.11786 0.412055 0.831656  0.772788  
0.16455 2.41693 0.818144  0.790889  
1.89488 0.00827474 0.807101  0.812785  
1.14748 0.382931 0.794768  0.830953  
0.201195 2.25633 0.78756  0.858324  
1.04126 0.491264 0.774271  0.878618  
1.28929 0.262367 0.699407  1.03909  
0.411777 1.57137 0.74632  0.915589  
0.506794 1.34182 0.731374  0.940165  
1.84079 0.0146228 0.716882  0.960227  
1.31719 0.242289 0.710749  0.992426  
1.23515 0.305702 0.694806  1.01144  
0.366666 1.69526 0.674298  1.02221  
0.522533 1.3062 0.670306  1.10545  
0.90807 0.650345 0.651424  1.0807  
0.495248 1.3684 0.636876  1.09899  
0.124576 2.6235 0.634132  1.13831  
1.40058 0.185347 0.619634  1.17517  
0.83863 0.745269 0.595488  1.18904  
0.72661 0.918134 0.590079  1.20979  
1.52016 0.118235 0.556528  1.33349  
0.818842 0.774615 0.574343  1.29981  
0.321815 1.82769 0.547127  1.2969  
1.01782 0.517336 0.533986  1.32014  
0.673551 1.00821 0.524142  1.37804  
1.64337 0.0653246 0.512978  1.42029  
0.892076 0.671912 0.505439  1.42106  
1.5527 0.102626 0.473663  1.45637  
0.798737 0.803877 0.463663  1.50868  
0.562121 1.22181 0.450856  1.55495  
1.3432 0.223447 0.434049  1.61249  
1.07091 0.459205 0.416852  1.65269  
0.0460068 3.19734 0.402641  1.69041  
1.37201 0.20352 0.392633  1.74487  
1.08624 0.443377 0.373968  1.80133  
0.242427 2.09655 0.356754  1.85147  
0.873283 0.696762 0.352398  1.87403  
0.483559 1.39464 0.324788  1.96691  
1.93619 0.00467888 0.307884  2.03605  
0.628978 1.08991 0.288722  2.05518  
0.658642 1.03552 0.265863  2.11111  
0.458036 1.45528 0.214939  2.53434  
0.0356113 3.3307 0.223219  2.32585  
1.58667 0.0876235 0.206044  2.3992  
0.254317 2.05161 0.177729  2.50756  
0.15199 2.48019 0.165784  2.59199  
0.0900593 2.84267 0.147412  2.73439  
0.427034 1.53224 0.123863  2.92099  
1.787 0.0259031 0.10842  3.06676  
1.25752 0.287091 0.12967  2.78348  
0.761348 0.861779 0.222907  2.78511  
0.450512 1.47165 1.87352  0.0426107  
1.75045 0.0324815 0.0894888  2.96317  
1.1969 0.33767 1.84566  0.0206682  
0.941159 0.607048 1.83901  0.0261729  
1.35077 0.218397 1.73737  0.050855  
1.57768 0.0904876 1.65129  0.0649203  
0.143415 2.51425 1.66428  0.0702994  
0.178105 2.35256 1.57027  0.096603  
1.1466 0.38287 1.53786  0.112932  
0.997202 0.539559 1.50379  0.12795  
0.379448 1.65666 1.47526  0.143358  
0.0921598 2.81552 1.44889  0.158866  
1.51748 0.118465 1.4228  0.173955  
0.226266 2.15475 1.39902  0.188887  
0.250417 2.06464 1.3758  0.203901  
1.28678 0.263995 1.35077  0.218397  
0.0306022 3.3384 1.32988  0.233408  
1.04054 0.490661 1.3096  0.246762  
0.0370206 3.24271 1.28871  0.263111  
0.433616 1.51341 1.26876  0.277846  
1.26807 0.280081 1.24985  0.292936  
0.666333 1.01959 1.23233  0.307776  
0.759903 0.865026 1.2142  0.322657  
0.70428 0.956359 1.1969  0.33767  
0.34978 1.74699 1.17951  0.352607  
0.547455 1.25154 1.16301  0.367732  
0.685398 0.98649 1.1466  0.38287  
0.101169 2.745 1.13064  0.398129  
1.13064 0.398129 1.11481  0.413412  
1.60764 0.0780613 1.09945  0.428869  
0.0548904 3.08248 1.08424  0.444388  
0.0667111 2.99908 1.06922  0.459907  
0.011803 3.65771 1.05437  0.475678  
1.24994 0.292438 1.04033  0.491796  
1.46163 0.147907 1.02587  0.507737  
1.55104 0.102437 1.01142  0.523783  
0.526186 1.29671 0.997684  0.540251  
0.23765 2.11035 0.983222  0.55631  
0.0180777 3.49935 0.969694  0.573114  
1.4006 0.184275 0.955852  0.589756  
0.814162 0.780481 0.942981  0.606937  
0.797788 0.804238 0.929945  0.624637  
0.635058 1.07773 0.916384  0.641522  
0.464365 1.43789 0.907293  0.653641  
0.165365 2.41015 0.888299  0.675725  
1.37287 0.202504 0.875384  0.693579  
1.08582 0.442931 0.865781  0.715218  
1.06925 0.459854 0.86307  0.732707  
0.156725 2.44938 0.837297  0.748898  
0.508992 1.33455 0.834447  0.759622  
0.883531 0.683359 0.810625  0.787323  
0.773309 0.841324 0.797415  0.80614  
0.307978 1.86945 0.786349  0.82608  
0.862415 0.711347 0.77586  0.849372  
0.583636 1.17633 0.759903  0.865026  
1.3091 0.24665 0.752438  0.890985  
1.67047 0.0550746 0.733967  0.91007  
0.279121 1.96394 0.723033  0.937846  
1.84079 0.0146228 0.70837  0.950737  
0.828839 0.758462 0.704216  0.985866  
0.651613 1.04738 0.681799  0.996429  
1.70031 0.0458509 0.68714  1.01084  
0.924912 0.627421 0.656824  1.04337  
0.905711 0.652588 0.642483  1.06668  
0.0488894 3.142 0.640262  1.07029  
0.121107 2.63498 0.619415  1.12092  
0.333546 1.78888 0.603551  1.14282  
1.23233 0.307776 0.776611  0.87555  
0.969694 0.573114 0.582605  1.20418  
0.845286 0.734418 0.56639  1.23336  
0.321476 1.83338 0.555359  1.26639  
0.0825471 2.87964 0.539855  1.29075  
0.111715 2.69033 0.529316  1.32729  
0.419184 1.55028 0.511616  1.35041  
1.64084 0.065693 0.47072  1.45985  
1.17971 0.352437 0.484933  1.42587  
0.364831 1.69799 0.45672  1.45629  
0.192742 2.28813 0.455158  1.49385  
1.16304 0.367692 0.438156  1.53035  
1.49059 0.133329 0.424076  1.56826  
0.481941 1.3965 0.407777  1.61083  
1.43073 0.165696 0.393439  1.64178  
0.599919 1.14429 0.373838  1.71512  
0.207866 2.22508 0.364895  1.7413  
0.292485 1.91893 0.347765  1.79002  
0.130369 2.58393 0.327912  1.81484  
0.49474 1.36807 0.312523  1.88461  
1.93619 0.00467888 0.297748  1.96432  
1.02055 0.514644 0.279987  2.03669  
0.741307 0.891953 0.259911  2.07129  
0.565757 1.21532 0.233462  2.15073  
0.721646 0.925385 0.218949  2.20738  
1.11484 0.41345 0.203144  2.39147  
0.264312 2.01372 0.155477  2.61747  
1.21437 0.323312 0.159947  2.49599  
1.32883 0.232353 0.135258  2.58796  
0.61718 1.11085 0.114993  2.76919  
1.80329 0.0211899 0.0833519  2.93992  
0.983222 0.55631 0.0578784  3.26606  
0.401259 1.59763 0.0413926  3.38846  
0.713842 0.936998 1.93235  0.00275673  
0.638519 1.07024 0.0035166  3.79478  
0.232566 2.12849 1.84903  0.0119196  
0.178117 2.35057 1.7581  0.0299046  
0.262192 2.02074 1.69492  0.0469097  
0.247108 2.07487 1.64547  0.0634428  
1.64421 0.063896 1.6033  0.0796234  
0.163225 2.41941 1.56578  0.0955356  
1.4457 0.156897 1.53196  0.11123  
0.336478 1.77968 1.50088  0.126745  
1.56636 0.0953825 1.47198  0.142121  
1.39486 0.187635 1.44475  0.157353  
0.0169612 3.4836 1.41924  0.172549  
0.141514 2.52264 1.39484  0.187647  
1.6923 0.0477449 1.37168  0.202702  
0.128073 2.59196 1.3499  0.217779  
0.754754 0.870028 1.32809  0.232698  
0.368974 1.68552 1.30736  0.247656  
0.104634 2.72347 1.28739  0.26262  
1.50184 0.126384 1.26822  0.27763  
0.22239 2.16758 1.24945  0.292637  
1.19561 0.337961 1.23108  0.307648  
1.00398 0.532768 1.21302  0.322724  
0.473867 1.41486 1.19579  0.337808  
0.676862 1.00064 1.17871  0.352952  
1.1265 0.401949 1.16199  0.368159  
1.28741 0.262606 1.14563  0.383448  
0.899064 0.660725 1.12966  0.398838  
0.320354 1.82915 1.11387  0.414283  
0.150168 2.47975 1.0984  0.429843  
0.543913 1.25829 1.08301  0.445434  
1.83566 0.0136786 1.06794  0.461175  
1.53199 0.11119 1.05302  0.477002  
0.559206 1.22661 1.03839  0.492993  
1.16199 0.368159 1.02381  0.509051  
1.47412 0.140956 1.00937  0.525226  
0.35403 1.72832 0.995157  0.541606  
0.780634 0.829804 0.981088  0.558082  
0.502324 1.34906 0.967226  0.574774  
0.11435 2.66742 0.953386  0.591603  
1.93235 0.00275673 0.939722  0.608625  
0.0103036 3.61158 0.926109  0.625802  
0.074761 2.91817 0.912624  0.6432  
0.806972 0.790154 0.899057  0.660665  
1.60325 0.0797511 0.885847  0.678537  
0.0416384 3.18859 0.872476  0.696475  
0.0949625 2.78242 0.859253  0.714696  
0.306494 1.87263 0.846106  0.73317  
0.884405 0.68061 0.832942  0.751838  
1.14184 0.386974 0.819878  0.770817  
0.0035166 3.79478 0.806747  0.789984  
0.624083 1.09726 0.793743  0.809496  
1.21302 0.322724 0.780852  0.829418  
1.41971 0.172264 0.76786  0.849534  
0.821692 0.768048 0.754844  0.869951  
1.78138 0.0241933 0.741921  0.890781  
0.584544 1.17428 0.728927  0.911892  
0.530142 1.28753 0.715943  0.933419  
0.488155 1.3815 0.703003  0.955409  
0.281079 1.95546 0.690023  0.977783  
0.0641942 2.99722 0.676907  1.00045  
1.02375 0.509293 0.663926  1.02379  
0.211095 2.21232 0.650804  1.04748  
0.291194 1.92186 0.637698  1.07175  
0.516319 1.31796 0.624501  1.09649  
0.597903 1.14763 0.61128  1.1219  
0.194135 2.2815 0.597886  1.14766  
0.692919 0.973386 0.584544  1.17428  
1.73033 0.0374739 0.571111  1.20163  
0.611894 1.12073 0.557503  1.22959  
0.650777 1.04754 0.543913  1.25829  
1.26801 0.277746 0.530135  1.28752  
1.34872 0.218449 0.51628  1.31805  
0.445014 1.48487 0.502324  1.34906  
0.433229 1.51472 0.488155  1.3815  
0.859253 0.714696 0.473909  1.41483  
0.571829 1.20016 0.459471  1.4492  
0.384674 1.64205 0.444932  1.48497  
0.460225 1.44738 0.430161  1.52192  
1.08121 0.447205 0.415218  1.56037  
0.981111 0.558096 0.400054  1.60032  
0.413147 1.56785 0.384674  1.64205  
1.30736 0.247657 0.369004  1.68546  
1.3711 0.203475 0.353066  1.73109  
0.728927 0.911892 0.336867  1.77872  
0.0532627 3.08406 0.320354  1.82915  
1.24951 0.29258 0.303431  1.88203  
0.0298019 3.3147 0.286207  1.93857  
1.0984 0.429843 0.268484  1.99838  
0.399992 1.60092 0.250365  2.06268  
1.231 0.307716 0.231696  2.13149  
1.32692 0.233537 0.212482  2.20654  
0.833749 0.750983 0.192558  2.28792  
0.954081 0.590751 0.171883  2.37823  
1.06695 0.462367 0.150401  2.47874  
0.0851569 2.84547 0.127845  2.59308  
0.663926 1.02379 0.104099  2.72762  
0.793429 0.809991 0.0787531  2.88977  
1.04086 0.490952 0.0513331  3.10095  
0.926109 0.625802 0.0207403  3.42811  
1.21335 0.322433 1.93442  0.00242074  
0.303302 1.88242 0.00336851  3.79506  
0.0296685 3.31414 1.8488  0.0116208  
0.276411 1.97104 1.75763  0.029547  
0.984705 0.553812 1.6958  0.0465868  
0.18322 2.32779 1.64614  0.0631303  
1.44507 0.157072 1.6038  0.079317  
1.30761 0.247383 1.56631  0.0952253  
1.4215 0.171043 1.53236  0.11089  
0.663872 1.02363 1.50127  0.12644  
0.530231 1.28732 1.47222  0.141808  
0.104601 2.7237 1.44507  0.157072  
0.384498 1.64202 1.41947  0.17225  
0.0169872 3.48095 1.39514  0.187356  
0.0641103 2.99574 1.3719  0.202406  
0.55835 1.22759 1.34963  0.217414  
0.516213 1.31799 1.32823  0.232403  
0.780705 0.829355 1.30761  0.247383  
0.33675 1.77873 1.28763  0.262356  
0.429898 1.52235 1.26834  0.27735  
1.47233 0.14174 1.2495  0.292341  
0.0416873 3.18806 1.2312  0.307369  
0.625537 1.09477 1.21335  0.322433  
1.86256 0.00963173 1.19591  0.337539  
1.1622 0.367896 1.17887  0.352692  
1.0095 0.525037 1.1622  0.367895  
0.610825 1.12253 1.14584  0.383221  
0.597632 1.1484 1.12976  0.398585  
1.93442 0.00242074 1.11393  0.414019  
0.926154 0.625547 1.09839  0.429557  
0.690056 0.977613 1.08308  0.445188  
1.09717 0.431733 1.06797  0.460904  
1.69456 0.0474034 1.05309  0.476744  
0.967258 0.574707 1.0384  0.492693  
1.27 0.276388 1.02385  0.508807  
0.473844 1.41483 1.0095  0.525034  
1.32817 0.232483 0.995283  0.541391  
0.846072 0.732956 0.981208  0.557899  
0.368888 1.6854 0.967286  0.574575  
0.951332 0.594032 0.953435  0.59139  
0.0949323 2.78247 0.939729  0.608396  
1.08153 0.44722 0.926118  0.625579  
0.444993 1.48459 0.912586  0.642942  
1.11405 0.413923 0.899151  0.660512  
0.90804 0.648842 0.885795  0.67829  
0.0531398 3.08472 0.872487  0.69627  
0.819856 0.770673 0.859255  0.714491  
1.60371 0.0793901 0.846072  0.732956  
0.114076 2.66864 0.832954  0.751657  
1.37206 0.202308 0.819879  0.770632  
0.795485 0.808183 0.80683  0.789872  
0.00336851 3.79506 0.793808  0.809394  
1.05315 0.476674 0.780814  0.829219  
0.262124 2.02087 0.767819  0.849338  
1.79901 0.0202746 0.754858  0.869809  
0.288141 1.93169 0.741923  0.890649  
0.250248 2.06274 0.728922  0.911768  
0.749474 0.878738 0.715945  0.933309  
0.584947 1.17342 0.702973  0.955259  
0.223204 2.16409 0.68996  0.9776  
0.710932 0.942195 0.676933  1.00039  
0.400601 1.59884 0.663872  1.02363  
0.459428 1.44927 0.650769  1.04735  
0.676934 1.00039 0.637634  1.0716  
0.415124 1.56033 0.624445  1.09638  
0.0849185 2.847 0.611187  1.1217  
1.53236 0.11089 0.59788  1.14765  
1.25007 0.291935 0.58449  1.17421  
0.571047 1.20146 0.571039  1.20148  
0.887041 0.676597 0.557475  1.22941  
0.159309 2.4359 0.543837  1.25813  
1.23102 0.307522 0.530081  1.28763  
1.13685 0.391763 0.516213  1.31799  
0.763913 0.855637 0.502242  1.3493  
0.0746747 2.91757 0.488105  1.38152  
0.872547 0.696251 0.473843  1.41483  
1.64488 0.0636028 0.459428  1.44927  
1.28903 0.261309 0.444839  1.48491  
0.010031 3.61528 0.430075  1.52189  
1.75687 0.0298592 0.415124  1.56033  
1.34831 0.218324 0.399938  1.60023  
1.39526 0.187448 0.384537  1.64188  
0.202546 2.24686 0.368888  1.6854  
0.728972 0.911789 0.352981  1.73101  
0.170931 2.38206 0.33675  1.77873  
0.545128 1.2554 0.320216  1.82905  
0.488143 1.38152 0.303342  1.88224  
1.19554 0.33795 0.286073  1.93855  
1.56632 0.095186 0.268399  1.99859  
0.320253 1.82893 0.250248  2.06274  
0.650581 1.04785 0.231584  2.13179  
0.352981 1.73101 0.212342  2.2066  
0.149996 2.48043 0.192432  2.28818  
1.50222 0.12599 0.171775  2.37845  
0.123449 2.61686 0.150258  2.47901  
0.241094 2.09735 0.127711  2.59367  
0.212342 2.2066 0.103931  2.72762  
0.136905 2.54591 0.0785891  2.89013  
1.02388 0.508816 0.051166  3.10147  
0.501682 1.35051 0.020563  3.42855  
