7.07477 10.7932 5.27919 7.07477  10.7932  5.27919  
8.387 5.02089 5.06867 8.387  5.02089  5.06867  
6.30751 4.29604 4.79943 6.30751  4.29604  4.79943  
2.49887 10.575 8.0887 2.49887  10.575  8.0887  
3.74776 2.55958 4.13836 3.74776  2.55958  4.13836  
1.10278 3.23951 3.30987 1.10278  3.23951  3.30987  
3.59514 3.36233 2.46187 3.59514  3.36233  2.46187  
4.22089 4.62357 2.85651 4.22089  4.62357  2.85651  
2.16559 3.43151 4.31519 2.16559  3.43151  4.31519  
2.69781 4.24312 5.57754 2.69781  4.24312  5.57754  
5.5603 4.74101 4.78791 5.5603  4.74101  4.78791  
2.648 3.2995 4.22566 2.648  3.2995  4.22566  
8.09012 5.39817 4.87188 8.09012  5.39817  4.87188  
2.96249 9.02053 4.77535 2.96249  9.02053  4.77535  
6.5109 3.36102 4.94989 6.5109  3.36102  4.94989  
5.47313 3.29817 3.18135 5.47313  3.29817  3.18135  
2.66507 2.52353 3.54574 2.66507  2.52353  3.54574  
3.47447 3.85625 9.0551 3.47447  3.85625  9.0551  
4.83251 3.75601 3.70708 4.83251  3.75601  3.70708  
2.42067 1.8286 4.54022 2.42067  1.8286  4.54022  
6.3631 6.85475 8.39342 6.3631  6.85475  8.39342  
6.48075 8.24118 3.96292 6.48075  8.24118  3.96292  
2.42849 4.8421 5.21843 2.42849  4.8421  5.21843  
3.49032 3.13009 3.95865 3.49032  3.13009  3.95865  
3.24399 3.39765 7.55912 3.24399  3.39765  7.55912  
3.06455 2.68586 3.65874 3.06455  2.68586  3.65874  
1.78334 1.09478 3.91078 1.78334  1.09478  3.91078  
3.17326 1.88559 4.95279 3.17326  1.88559  4.95279  
2.00437 4.55645 3.13629 2.00437  4.55645  3.13629  
7.86596 9.23434 7.40915 7.86596  9.23434  7.40915  
2.47944 1.24407 2.9028 2.47944  1.24407  2.9028  
5.6439 4.9341 6.76918 5.6439  4.9341  6.76918  
1.73303 1.06136 2.25646 1.73303  1.06136  2.25646  
3.4505 3.48741 2.2939 3.4505  3.48741  2.2939  
4.16999 4.06965 5.87631 4.16999  4.06965  5.87631  
5.77117 3.81852 3.02216 5.77117  3.81852  3.02216  
11.6432 9.83022 6.95528 11.6432  9.83022  6.95528  
3.99525 2.59047 3.5313 3.99525  2.59047  3.5313  
1.86465 1.89348 3.43033 1.86465  1.89348  3.43033  
2.76552 1.42757 2.95392 2.76552  1.42757  2.95392  
5.53277 8.11881 8.36499 5.53277  8.11881  8.36499  
9.30191 10.9652 1.58025 9.30191  10.9652  1.58025  
6.2122 8.00131 6.65721 6.2122  8.00131  6.65721  
5.5289 5.72418 2.95039 5.5289  5.72418  2.95039  
9.68782 3.99636 4.26717 9.68782  3.99636  4.26717  
10.4492 2.36126 4.6348 10.4492  2.36126  4.6348  
5.43251 3.8237 8.45049 5.43251  3.8237  8.45049  
3.99747 2.83708 4.86211 3.99747  2.83708  4.86211  
3.08981 2.81602 3.54255 3.08981  2.81602  3.54255  
3.42587 3.61163 4.05512 3.42587  3.61163  4.05512  
4.9756 8.8464 5.81871 4.9756  8.8464  5.81871  
3.8863 6.13897 3.53323 3.8863  6.13897  3.53323  
9.20027 7.00547 4.18567 9.20027  7.00547  4.18567  
4.30292 4.19261 3.57238 4.30292  4.19261  3.57238  
4.01522 3.90982 5.41882 4.01522  3.90982  5.41882  
5.12664 2.50767 4.85855 5.12664  2.50767  4.85855  
9.89094 7.03513 7.23646 9.89094  7.03513  7.23646  
4.52595 5.81661 8.55202 4.52595  5.81661  8.55202  
3.19641 2.13486 4.4562 3.19641  2.13486  4.4562  
3.62129 3.00694 5.24502 3.62129  3.00694  5.24502  
8.15325 9.53958 4.54366 8.15325  9.53958  4.54366  
3.7754 4.68574 4.75327 3.7754  4.68574  4.75327  
5.67236 4.33467 3.49013 5.67236  4.33467  3.49013  
3.70404 3.12845 2.83874 3.70404  3.12845  2.83874  
2.47562 2.32046 1.79006 2.47562  2.32046  1.79006  
4.90707 3.07305 2.14187 4.90707  3.07305  2.14187  
3.29225 3.69876 7.65609 3.29225  3.69876  7.65609  
4.14108 2.58413 5.11669 4.14108  2.58413  5.11669  
6.49708 6.81458 7.8036 6.49708  6.81458  7.8036  
2.98083 2.29785 3.87345 2.98083  2.29785  3.87345  
4.76697 4.43981 6.58289 4.76697  4.43981  6.58289  
4.80866 4.23395 7.38417 4.80866  4.23395  7.38417  
7.78862 7.16888 7.37938 7.78862  7.16888  7.37938  
3.34876 3.28418 4.60855 3.34876  3.28418  4.60855  
3.29373 4.17985 4.88491 3.29373  4.17985  4.88491  
3.04785 2.37618 3.87396 3.04785  2.37618  3.87396  
2.22037 2.5349 3.63673 2.22037  2.5349  3.63673  
5.88167 5.27128 5.22458 5.88167  5.27128  5.22458  
7.83137 9.20143 5.02418 7.83137  9.20143  5.02418  
5.99303 9.76901 10.2196 5.99303  9.76901  10.2196  
3.01958 6.48561 3.55107 3.01958  6.48561  3.55107  
3.86599 2.55061 4.08625 3.86599  2.55061  4.08625  
3.18096 2.22693 3.63611 3.18096  2.22693  3.63611  
3.11317 2.27104 3.47437 3.11317  2.27104  3.47437  
3.86558 3.08781 3.65425 3.86558  3.08781  3.65425  
2.57479 4.45606 2.30678 2.57479  4.45606  2.30678  
3.48827 1.86189 3.76922 3.48827  1.86189  3.76922  
2.91487 3.5716 3.69198 2.91487  3.5716  3.69198  
3.79897 2.71075 4.99905 3.79897  2.71075  4.99905  
2.65733 4.99988 6.21361 2.65733  4.99988  6.21361  
7.86201 4.60856 3.25411 7.86201  4.60856  3.25411  
6.86022 5.29333 4.56858 6.86022  5.29333  4.56858  
3.20279 3.7675 4.00028 3.20279  3.7675  4.00028  
3.62822 4.29932 3.22445 3.62822  4.29932  3.22445  
4.5495 3.20304 4.769 4.5495  3.20304  4.769  
2.05624 7.50689 2.80297 2.05624  7.50689  2.80297  
5.53071 2.93738 5.4377 5.53071  2.93738  5.4377  
9.02163 1.64718 7.77002 9.02163  1.64718  7.77002  
10.0602 5.03139 10.1006 10.0602  5.03139  10.1006  
3.81932 4.07697 4.02607 3.81932  4.07697  4.02607  
0.658388 0.241447 0.158649 7.52772  2.21014  1.6275  
0.0212327 0.801809 0.232303 1.69877  1.46585  4.33544  
0.202679 0.322554 0.76248 4.43586  2.7827  6.40041  
0.163837 0.385959 0.88241 3.16107  2.02429  2.33577  
0.52659 0.850768 0.108411 6.52354  7.26566  4.58435  
0.0609729 0.795684 0.190884 6.0345  5.8821  6.45729  
0.867731 0.0586189 0.25117 3.33467  4.02962  2.31062  
0.545339 0.230108 0.28647 3.82951  2.18393  3.45411  
0.296083 0.357012 0.614778 4.92691  4.05419  2.62691  
0.361552 0.434877 0.501647 3.15063  1.74543  3.45852  
0.376324 0.50652 0.475436 6.45951  2.73533  5.7532  
0.518949 0.210175 0.338965 4.12997  1.6597  3.18031  
0.218951 0.353394 0.738137 12.3581  3.91573  2.56059  
0.844998 0.086028 0.283782 4.49896  2.3391  3.3914  
0.216271 0.405568 0.72736 2.91115  4.7251  2.72399  
0.281594 0.351087 0.651355 4.5654  1.38044  3.21211  
0.064702 0.778182 0.205215 3.3299  3.29289  2.62734  
0.238089 0.448874 0.641686 2.68931  1.79311  4.44234  
0.274958 0.316547 0.738615 3.70272  2.0087  4.79146  
0.0524299 0.838535 0.167419 0.547219  0.226725  0.303451  
0.0726716 0.710555 0.309135 7.03819  5.90149  1.98533  
0.0861339 0.697295 0.346012 4.86185  0.851686  3.02672  
0.526634 0.202323 0.32703 4.22852  6.42145  2.20319  
0.227098 0.485029 0.676794 4.02513  1.3887  2.39043  
0.0608731 0.730285 0.275895 5.79314  3.51829  1.84802  
0.509566 0.209134 0.399886 5.59967  4.22903  4.85082  
0.194937 0.393428 0.756388 7.9857  5.02406  3.49606  
0.490494 0.847211 0.129478 3.3148  1.39062  2.04126  
0.0928737 0.726986 0.281264 3.35568  2.69882  1.29041  
0.240931 0.441698 0.649881 1.68734  0.35505  1.74954  
0.839597 0.334175 0.12307 5.44523  4.4855  1.42179  
0.349033 0.424903 0.511251 3.93253  1.44854  2.75159  
0.0447615 0.771419 0.21137 3.57013  2.38729  2.11225  
0.0743503 0.764757 0.218578 9.48508  2.53952  5.83951  
0.55966 0.199374 0.263203 3.18167  3.53241  2.49574  
0.520796 0.697466 0.333865 3.40656  2.31854  2.5126  
0.325564 0.339472 0.656513 5.29758  5.49733  1.8564  
0.109204 0.705308 0.323377 3.81439  1.44486  3.7484  
0.118615 0.895842 0.154935 6.23714  7.91235  1.38296  
0.311604 0.401965 0.529643 2.30633  1.64841  2.46409  
0.157709 0.435834 0.855727 2.7991  2.78736  1.93923  
0.0518109 0.818147 0.175456 7.13983  1.67993  3.28904  
0.0691711 0.723287 0.294538 3.3274  4.44172  3.02683  
0.560906 0.224296 0.256057 1.57632  1.38943  2.14429  
0.50892 0.227541 0.376037 3.04295  3.79294  2.11385  
0.191131 0.347799 0.855939 2.57465  1.0756  5.04784  
0.511199 0.220212 0.36996 3.15086  4.8015  1.06477  
0.176481 0.419006 0.810882 2.15953  1.28914  3.1493  
0.569051 0.226393 0.247747 2.07358  2.34355  2.32353  
0.0751433 0.929372 0.155381 8.48636  6.42247  9.19631  
0.308104 0.40966 0.535767 3.69455  6.03081  2.02096  
0.648661 0.298424 0.167077 0.32999  0.405119  0.530834  
0.610459 0.208286 0.208253 3.13393  3.10491  2.39514  
0.0453827 0.754017 0.232466 2.83723  1.73836  3.36252  
0.507214 0.222139 0.434276 1.59671  3.90674  0.905621  
0.0496111 0.852145 0.162702 1.74271  1.61781  3.22172  
0.624979 0.288912 0.193 2.14596  3.80746  2.87887  
0.347132 0.453489 0.490622 7.1248  2.60011  8.09282  
0.0828494 0.734939 0.25846 5.2383  7.05072  1.82165  
0.260032 0.492674 0.629363 2.11715  2.32393  4.02221  
0.595085 0.223414 0.226913 1.55659  3.24115  2.04795  
0.830329 0.0569264 0.346312 1.64737  0.756761  6.33117  
0.183467 0.679476 0.501096 2.56714  6.3242  2.10924  
0.566556 0.193838 0.268253 1.98201  2.16354  5.45219  
0.0798099 0.743957 0.248481 1.53452  3.20082  3.41408  
0.624679 0.199099 0.211374 3.91118  1.40735  4.20013  
0.118705 0.693575 0.388215 1.87858  3.47005  2.20712  
0.529501 0.224092 0.320259 1.3014  2.81677  3.03733  
0.51836 0.194046 0.425227 1.78767  6.15638  1.9228  
0.322676 0.31585 0.836762 1.60857  2.34195  4.35961  
0.22078 0.690545 0.41726 2.67165  8.74735  2.04602  
0.507482 0.21537 0.452 1.12668  2.49374  4.25934  
0.283335 0.360775 0.611904 0.869911  3.21074  2.21342  
0.645904 0.237878 0.178262 2.61183  2.03852  4.20405  
0.0495247 0.749952 0.238882 3.1037  3.75179  2.83331  
0.302111 0.376777 0.564536 1.2586  3.58523  4.79349  
0.286658 0.364818 0.593837 1.37313  4.86145  3.08264  
0.420768 0.574921 0.455741 2.81254  2.29228  3.49257  
0.533582 0.243469 0.313617 1.76829  4.4485  2.74722  
0.0691955 0.759374 0.22534 1.38699  3.31869  7.59219  
0.0539652 0.80614 0.18316 1.5488  6.20987  4.06836  
0.335177 0.41613 0.515443 3.51629  2.74729  4.74423  
0.620091 0.236296 0.196306 7.51801  11.1417  3.60341  
0.548321 0.214391 0.284011 1.68431  4.65772  7.81486  
0.537416 0.198764 0.305373 1.73202  5.92865  3.12463  
0.632544 0.235403 0.190991 1.82049  4.48696  3.5302  
0.527961 0.185799 0.431193 1.82755  4.05908  3.80288  
0.583203 0.23778 0.23197 1.77098  7.48737  7.6813  
0.672661 0.246835 0.153243 2.2863  8.59196  8.61737  
0.608246 0.232446 0.209825 3.26332  4.25102  3.51825  
0.557378 0.216393 0.260473 0.0635647  0.803032  0.18873  
0.311479 0.382603 0.556758 3.72282  8.90058  6.10536  
0.664125 0.188659 0.290662 1.93335  4.5426  5.14391  
0.298031 0.424023 0.549737 2.30943  3.76977  1.85656  
0.0643418 0.784069 0.199727 3.46575  1.16979  5.42217  
0.0921172 0.722795 0.287341 4.89389  5.36595  6.60323  
0.0489341 0.804926 0.187081 0.290103  1.85571  3.94785  
0.41478 0.475122 0.482877 3.7715  1.89149  4.62094  
0.55396 0.209519 0.270427 0.78167  6.15401  2.64868  
0.599385 0.239414 0.223205 2.35124  3.69384  8.68244  
0.658388 0.241447 0.158649 2.24641  1.44827  2.28558  
0.0212327 0.801809 0.232303 1.08104  1.36131  1.80912  
0.455932 0.237061 0.424984 0.688879  1.28232  2.63362  
0.154139 0.065022 0.945764 3.02985  1.61239  2.03233  
0.708496 0.821886 0.0730845 3.30237  3.23822  2.46943  
0.259502 0.666177 0.137636 1.36522  1.01767  3.05169  
0.867731 0.0586189 0.25117 2.02757  2.46637  2.50716  
0.5358 0.220965 0.290904 3.25039  0.795073  1.96006  
0.296083 0.357012 0.614778 2.20339  2.31265  1.36979  
0.446562 0.236535 0.505758 2.24399  0.711914  3.89325  
0.376324 0.50652 0.475436 3.27657  4.00526  3.85689  
2.96989 0.0119858 3.7659 3.59041  1.04742  1.81071  
0.164057 0.304048 0.752047 5.428  1.53423  0.856419  
0.844998 0.086028 0.283782 3.36022  0.503338  2.6046  
0.157702 0.124063 0.850421 2.59672  4.45675  1.19017  
0.260184 0.765017 0.0911431 4.2189  0.837101  1.6161  
0.219015 0.696858 0.135657 4.15587  1.26728  1.12793  
0.238089 0.448874 0.641686 2.72561  0.942576  3.49125  
0.502935 0.127125 0.538287 1.57713  2.47733  1.39167  
0.0723583 0.818972 0.165555 3.40785  0.931833  1.21538  
0.0902547 0.303124 0.778439 4.55419  1.73687  0.814407  
0.0861339 0.697295 0.346012 2.32671  0.712408  2.22349  
0.0510415 0.138994 0.976193 4.55747  3.19699  0.822092  
0.0758375 0.714677 0.24564 2.39504  0.758062  1.37506  
0.0608731 0.730285 0.275895 3.16156  1.62221  1.12334  
0.503339 0.196717 0.333453 2.82683  0.450842  4.91265  
0.242068 0.654833 0.144829 1.94685  2.67464  1.58473  
0.238745 0.743888 0.109999 0.489603  0.199042  0.353353  
0.0728573 0.230552 0.790092 3.22909  1.73592  1.26849  
0.161247 0.249997 0.764743 2.09186  0.285478  2.13353  
0.839597 0.334175 0.12307 0.654997  0.57607  0.23064  
0.470553 0.172912 0.392158 0.504637  0.173711  0.486748  
0.0527831 0.766102 0.209219 2.39765  1.58735  1.24903  
0.157024 0.0584535 0.990592 3.29921  1.41814  5.40877  
0.0442844 0.115804 1.09333 1.63203  1.34498  3.34335  
0.508326 0.149364 0.490671 0.909578  0.719804  0.75793  
0.325564 0.339472 0.656513 2.58337  2.44484  0.976252  
0.253391 0.617285 0.229265 1.87511  0.655425  2.43386  
0.0672998 0.852467 0.143211 2.54655  3.35239  0.519145  
0.311604 0.401965 0.529643 2.09795  1.01048  2.05011  
0.503116 0.177454 0.341406 2.0268  1.72542  1.41963  
0.0584431 0.215549 0.857604 2.54693  0.472986  3.29339  
0.0901772 0.398738 0.767073 2.95688  5.2326  1.07877  
0.0984586 0.501564 0.748348 1.63407  1.10286  1.30077  
0.0719037 0.11447 0.862398 1.83678  2.3421  1.19431  
0.588076 0.120316 0.541746 2.006  0.670752  3.15203  
0.108763 0.0801411 0.941433 2.72748  3.84926  1.0312  
0.215203 0.66151 0.144413 1.17806  0.700183  1.94229  
0.0790006 0.171501 0.801169 1.26552  1.54524  1.38368  
0.101751 0.959161 0.106871 2.83465  0.648421  2.65474  
0.14386 0.141255 0.833377 2.87774  3.435  2.05004  
0.48139 0.217183 0.366775 1.80964  1.46083  2.05553  
0.610459 0.208286 0.208253 1.42929  2.72215  1.11875  
0.109771 0.804372 0.170946 1.65814  0.87505  3.49009  
0.218039 0.631181 0.2182 2.56149  5.48118  1.12663  
0.0496111 0.852145 0.162702 1.37326  1.13021  2.88834  
0.290319 0.764085 0.0745262 1.48615  1.99647  1.5305  
0.347132 0.453489 0.490622 1.24601  0.332719  4.08154  
0.137624 0.0814459 0.915741 0.250166  0.65354  0.151335  
0.14061 0.373587 0.757147 1.14933  1.60493  2.91276  
0.595085 0.223414 0.226913 1.33792  2.53373  1.72444  
0.830329 0.0569264 0.346312 0.918623  0.389101  2.97036  
0.287927 0.614303 0.262276 1.7035  3.48468  1.42037  
0.566556 0.193838 0.268253 0.338501  0.335396  0.914875  
0.0582677 0.379171 0.806404 0.878854  2.20469  2.23251  
0.624679 0.199099 0.211374 3.52136  1.49832  3.55938  
0.102649 0.685159 0.358662 1.69568  2.31575  1.68649  
0.524042 0.221391 0.3057 0.842384  1.94792  1.98641  
0.0653938 0.89602 0.136661 1.1153  2.98901  1.83405  
0.288021 0.70333 0.107542 0.621164  0.843583  2.80543  
0.154002 0.264402 0.755993 2.1598  3.54868  1.44926  
0.159674 0.105534 0.869182 0.839348  1.5476  2.72507  
0.2492 0.633882 0.182767 0.688514  2.75782  1.7697  
0.645904 0.237878 0.178262 0.933907  0.695675  3.64311  
0.0495247 0.749952 0.238882 2.75465  2.89309  1.24015  
0.468374 0.190587 0.385311 0.831226  1.95747  3.2557  
0.286658 0.364818 0.593837 0.77131  3.19198  1.5449  
0.451931 0.224131 0.464649 0.874971  0.739514  4.79888  
0.22449 0.62987 0.194772 1.05347  2.87687  2.05606  
0.153997 0.088958 0.892631 0.916951  2.02895  3.60175  
0.0427891 0.797503 0.18005 0.333862  2.91541  2.48295  
0.573086 0.135634 0.455662 1.80913  0.762005  3.58628  
0.620091 0.236296 0.196306 2.41429  1.86509  1.60604  
0.285234 0.689247 0.112473 0.545389  2.34845  3.10068  
0.452441 0.159 0.515481 0.766994  2.58264  2.44677  
0.516248 0.124594 0.489877 0.527183  0.982781  4.91564  
0.0559014 0.853482 0.149396 0.086291  0.737249  0.213052  
0.583203 0.23778 0.23197 0.558548  2.57108  4.53181  
0.672661 0.246835 0.153243 0.763712  4.32501  3.14988  
0.190623 0.615404 0.307507 1.00092  1.14083  3.60751  
0.557378 0.216393 0.260473 1.09507  2.85778  2.27353  
0.311479 0.382603 0.556758 0.448576  3.65694  4.0326  
0.519946 0.199964 0.316453 1.23358  1.07544  3.05998  
0.298031 0.424023 0.549737 1.28033  1.59595  4.01897  
0.0830309 0.752415 0.199647 1.48438  2.94828  3.4287  
0.0674802 0.0857561 1.06864 1.50826  2.11748  2.56125  
0.235546 0.645254 0.16525 2.17027  4.92176  6.90925  
0.491298 0.175491 0.350703 1.91938  1.68377  2.07844  
0.136244 0.072514 1.03688 1.23145  2.71227  1.79682  
0.0737606 0.727934 0.228559 0.875624  1.90137  3.03914  
0.658388 0.241447 0.158649 0.504671  0.436763  1.02865  
0.0156764 0.195709 0.860126 3.26802  4.30546  3.45622  
0.706864 0.0739634 0.334436 0.639682  0.906752  1.67576  
0.256329 0.679412 0.117072 1.12833  1.18525  1.11515  
0.708496 0.821886 0.0730845 2.57589  1.02981  0.830783  
0.22347 0.66159 0.13625 3.27293  0.719849  2.54388  
0.867731 0.0586189 0.25117 2.17514  2.41213  0.86255  
0.5358 0.220965 0.290904 2.54359  0.242441  0.49197  
0.303381 0.4911 0.432769 3.19585  0.634749  0.399465  
0.444196 0.219964 0.488604 1.85826  0.314984  1.43945  
0.514656 0.0658341 0.55204 1.37779  1.32835  0.87608  
0.279473 0.00957632 0.84862 3.56878  0.554419  0.84645  
0.211188 0.654742 0.153532 4.20773  1.28507  0.523497  
0.844998 0.086028 0.283782 2.23631  0.153169  0.862349  
0.236357 0.0934136 0.8094 2.82525  0.970064  0.320846  
0.258338 0.730698 0.0916959 1.09408  0.19754  0.490569  
0.155906 0.591865 0.47008 2.45974  0.687023  0.815372  
0.238089 0.448874 0.641686 2.42071  0.0676867  1.50927  
0.492927 0.127422 0.639141 3.57714  8.86407  0.369806  
0.288774 0.474485 0.492477 1.89274  0.454382  0.605203  
0.0902547 0.303124 0.778439 2.76483  1.32747  0.725154  
0.0737176 0.688547 0.288653 0.564987  0.0682451  0.4024  
0.545759 0.071965 0.430266 1.91077  1.38061  0.36866  
0.074711 0.745368 0.199565 2.05571  0.599322  1.16508  
0.062518 0.71142 0.592116 1.85015  0.89881  0.773086  
0.503339 0.196717 0.333453 1.62913  0.118382  1.43769  
0.0831408 0.795137 0.171739 2.46211  2.21748  0.287842  
0.181468 0.540309 0.631826 0.487114  0.198036  0.355412  
0.580552 0.0505491 0.409713 0.943054  0.736456  0.469831  
0.154263 0.0247696 0.855283 1.63623  0.270514  1.63171  
0.839597 0.334175 0.12307 0.659951  0.583191  0.232987  
0.0409003 0.13848 0.850778 1.35326  0.504248  1.37101  
0.0748763 0.718588 0.228605 1.55639  0.998858  0.896285  
0.129045 0.0521697 0.896165 1.1785  0.258237  2.76644  
0.0481044 0.0860649 0.953577 2.106  1.88585  1.07623  
0.654048 0.101958 0.357446 1.70626  1.1376  1.15285  
0.325564 0.339472 0.656513 1.30906  1.53255  0.579634  
0.246937 0.615255 0.219777 1.21797  0.266062  1.43128  
0.0672998 0.852467 0.143211 1.66251  1.52419  0.410216  
0.311604 0.401965 0.529643 0.985577  0.526692  1.20378  
0.564987 0.0682451 0.4024 1.15668  1.15391  0.889864  
0.321076 0.470322 0.451594 1.70704  0.183271  1.94185  
0.579256 0.185973 0.315494 2.57492  4.14389  0.386256  
0.0984586 0.501564 0.748348 1.29305  0.875786  1.453  
0.262545 0.450008 0.577243 1.33688  1.11584  0.885805  
0.413693 0.0333121 0.805874 0.919173  0.337354  1.58896  
0.112795 0.0571081 0.933795 1.04245  1.59944  0.495691  
0.29648 0.520424 0.435506 0.491573  0.291528  0.745718  
0.0790006 0.171501 0.801169 0.844206  0.920509  0.941872  
0.101751 0.959161 0.106871 2.0169  0.126673  2.04321  
0.0649592 0.611723 0.530919 2.64775  3.50858  0.345118  
0.480286 0.207653 0.363155 0.36471  0.398504  0.542448  
0.610459 0.208286 0.208253 0.843047  1.59743  0.702313  
0.450862 0.185914 0.463034 0.819258  0.444417  1.97163  
0.0765427 0.699926 0.260049 0.882598  2.03437  0.49364  
0.286366 0.298276 0.713362 1.1827  0.512479  1.89121  
0.290319 0.764085 0.0745262 0.59968  0.907592  0.799854  
0.248009 0.692481 0.11052 0.938959  0.231114  2.33999  
0.0411103 0.168302 0.822751 0.236427  0.648518  0.150312  
0.331679 0.239919 0.717849 0.580711  0.71686  1.2584  
0.329003 0.549523 0.397148 0.359263  1.21147  0.76038  
0.830329 0.0569264 0.346312 0.734307  0.253264  2.27952  
0.211018 0.608691 0.278456 0.696794  2.01234  0.681333  
0.566556 0.193838 0.268253 0.674707  0.624656  1.91766  
0.0320884 0.22941 0.794598 0.262545  0.47553  0.577243  
0.624679 0.199099 0.211374 0.210958  0.0172976  0.854651  
0.109553 0.675767 0.368032 1.38709  3.55782  1.66912  
0.524042 0.221391 0.3057 0.385815  0.965019  1.04567  
0.0653938 0.89602 0.136661 0.602355  2.00389  0.707566  
0.288021 0.70333 0.107542 0.421185  0.535534  1.71526  
0.154002 0.264402 0.755993 0.847133  4.02709  0.827491  
0.377197 0.222307 0.746919 0.419183  0.960801  1.48481  
0.235238 0.632421 0.171161 0.189096  0.737695  0.487796  
0.645904 0.237878 0.178262 0.445405  0.327755  2.69759  
0.0495247 0.749952 0.238882 1.27932  2.7911  0.683775  
0.468374 0.190587 0.385311 0.380574  1.00694  1.3595  
0.286658 0.364818 0.593837 0.561702  2.27197  1.32618  
0.360558 0.286493 0.684631 0.398899  0.443379  2.27015  
0.224142 0.626195 0.186556 0.640156  1.30936  0.94357  
0.238792 0.648518 0.146835 0.267625  0.83446  1.99735  
0.0427891 0.797503 0.18005 0.179165  1.49952  1.45645  
0.604425 0.0654047 0.37218 0.620219  0.33266  3.08692  
0.620091 0.236296 0.196306 1.37417  4.0619  0.684239  
0.305296 0.0128218 0.823021 0.329005  1.39419  1.76415  
0.457115 0.155989 0.439712 0.288555  2.30158  1.02207  
0.512194 0.109447 0.494671 0.102046  0.538397  2.0874  
0.0559014 0.853482 0.149396 0.0776939  0.730699  0.214593  
0.583203 0.23778 0.23197 0.200479  0.803131  1.83331  
0.672661 0.246835 0.153243 0.22012  1.9143  1.2118  
0.190623 0.615404 0.307507 0.269373  0.954909  2.39393  
0.557378 0.216393 0.260473 0.311154  4.26028  1.0548  
0.349475 0.381111 0.56094 0.154037  1.22842  1.9391  
0.324906 0.0712478 0.792999 0.15848  2.66136  1.52111  
0.210327 0.545663 0.567908 0.0443932  0.145883  0.85563  
0.0437687 0.107633 0.896714 0.268162  2.20748  1.67984  
0.0674813 0.073055 1.02056 0.0717611  0.650767  1.86792  
0.27137 0.528857 0.541446 0.139103  3.38058  2.2053  
0.489538 0.170613 0.353925 0.71895  1.07115  2.37136  
0.529831 0.0473615 0.482126 0.707507  1.76343  1.936  
0.246058 0.239178 0.741833 0.237098  4.72154  4.74497  
0.658388 0.241447 0.158649 5.00206  0.0301809  0.0356072  
0.0133894 0.012247 2.35495 0.0202876  3.61956  0.0272915  
0.00292274 1.09454 0.577934 0.110214  0.135696  2.82494  
0.141054 0.490514 0.430102 1.7013  0.0631493  0.0747808  
0.239518 0.0199147 0.770464 1.64897  0.172921  0.0660767  
0.639377 0.0715465 0.336795 2.61854  0.0499766  0.396822  
0.357619 0.106502 0.562205 2.07087  0.396841  0.0713  
0.5358 0.220965 0.290904 0.835736  0.0603949  0.151527  
0.0308168 0.858003 0.14727 1.19739  0.228234  0.134542  
0.0584106 0.615004 0.365303 1.24987  0.0559647  0.337609  
0.00155847 0.928266 0.698562 1.48638  0.706114  0.0588309  
0.0629218 0.0975362 0.894168 1.05298  0.201361  0.275072  
0.211188 0.654742 0.153532 1.44646  0.345847  0.099198  
0.139757 0.290182 0.655071 0.974558  0.0707458  0.377787  
0.208723 0.606819 0.193266 1.22056  0.567859  0.0323319  
0.301867 0.0703164 0.706398 1.01006  0.065975  0.38572  
0.0308284 0.888321 0.108367 1.28258  0.221558  0.323185  
0.0646915 0.512484 0.476828 0.978079  0.0268928  0.569015  
0.236611 0.667573 0.124148 1.29143  1.18945  0.0411531  
0.034243 0.474728 0.545974 1.18835  0.344751  0.392685  
0.142495 0.0168336 0.880564 0.909333  0.481906  0.196199  
0.868487 0.107268 0.124397 0.594826  0.067968  0.368524  
5.16743 0.0271099 0.0229366 1.2616  0.829329  0.11736  
0.191449 0.412363 0.47214 1.04905  0.340428  0.647203  
0.56395 0.00256111 0.636868 1.00081  0.518164  0.338609  
0.516293 0.207862 0.320171 0.976327  0.0164782  0.817783  
0.352961 0.822647 0.0461987 1.02453  0.907058  0.101643  
0.17288 0.39494 0.527531 0.519394  0.208587  0.319846  
0.565534 0.0375013 0.406092 0.86219  0.606813  0.294113  
0.0143509 1.16362 0.0449161 0.697079  0.101167  0.684209  
0.0738469 0.0387005 0.950913 0.692414  0.60559  0.181791  
0.0424226 0.130886 0.8567 0.534525  0.174933  0.419094  
0.0610193 0.552274 0.411831 0.803462  0.544421  0.472443  
0.302149 0.00360042 0.792298 1.34753  0.0592393  0.971909  
0.0335323 0.0674766 1.01366 1.13933  1.41366  0.0540062  
0.000975412 0.639622 1.31701 0.705735  0.465629  0.50824  
0.0661485 0.314555 0.636771 0.60469  0.765841  0.284881  
0.330287 0.0979284 0.594049 0.622303  0.197812  0.801689  
1.04336 0.0438639 0.0312408 0.84515  1.38907  0.198183  
0.297655 0.101937 0.651202 0.558425  0.344495  0.539966  
0.500014 0.0292187 0.574969 0.463394  0.983845  0.570545  
0.00128837 1.29064 1.22396 0.400849  0.0567368  0.612781  
0.0692988 0.282749 0.695087 0.717075  1.1555  0.0950912  
0.130726 0.518627 0.375508 0.474787  0.353608  0.507693  
0.737963 0.0672698 0.29445 0.574361  0.758501  0.370169  
0.559157 0.00364634 0.553999 0.347479  0.118779  0.57019  
0.401205 0.034671 0.614181 0.573219  0.932323  0.232527  
0.0479462 0.920857 0.0829301 0.581983  0.307485  0.86783  
0.0587833 1.01555 0.0496508 0.534525  0.637533  0.423195  
0.0173708 0.951953 0.055408 0.491184  0.0343438  1.11086  
0.536526 0.0696894 0.442854 0.541581  1.16635  0.0450146  
0.0238744 0.0303847 1.15554 0.453414  0.46405  0.610011  
0.610459 0.208286 0.208253 0.298365  0.762333  0.319171  
0.591776 0.0680687 0.36858 0.474787  0.353608  1.20545  
0.0765427 0.699926 0.260049 0.50044  1.16531  0.248503  
0.999015 0.0957198 0.043751 0.300395  0.271749  0.662264  
0.0111818 2.10355 0.0234812 0.414885  0.648632  0.503478  
0.213335 0.443311 0.447967 0.345131  0.0592393  0.971459  
0.385119 0.113801 0.542394 0.383031  1.21264  0.0210795  
0.920964 0.0781446 0.0950569 0.368699  0.455335  0.677429  
0.21079 0.569737 0.272209 0.374722  0.853105  0.563155  
0.28242 0.708506 0.0886304 0.374693  0.171512  1.21526  
0.8017 0.0390901 0.210165 0.219151  0.606813  0.193172  
0.566556 0.193838 0.268253 0.27287  0.258281  0.792226  
0.0207644 0.208673 0.795067 0.36456  0.767597  0.692079  
0.138409 0.567067 0.323354 0.199037  0.0104158  0.801816  
0.136722 0.327329 0.592537 0.385704  1.70013  0.0210795  
0.176965 0.019287 0.824816 0.24338  0.530638  0.56892  
0.147022 0.60682 0.29937 0.302163  1.30507  0.453195  
0.0326838 0.165107 0.825433 0.225603  0.282125  0.950239  
0.247372 0.478347 0.401493 0.168093  0.884859  0.140738  
0.207478 0.0149888 0.793203 0.170568  0.338411  0.587858  
0.958266 1.08294 0.00909572 0.153306  0.541878  0.342727  
1.37118 1.16556 0.0082906 0.215125  0.105325  1.19769  
0.0640034 0.736858 0.21246 0.1928  1.14133  0.0872046  
0.468374 0.190587 0.385311 0.216357  0.501849  0.868222  
0.0339872 0.722704 0.310618 0.24338  1.13315  0.559812  
0.812627 0.0673693 0.182055 0.0662425  0.31824  1.29876  
0.837821 0.0350584 0.151544 0.161968  1.09946  0.264117  
0.107011 0.269092 0.7002 0.21284  0.336551  1.18029  
0.0427891 0.797503 0.18005 0.123496  0.579484  0.470203  
0.515625 3.54047 0.0105118 0.105332  0.0505707  0.900899  
0.209288 0.586096 0.230845 0.131388  1.41366  0.0540062  
0.136131 0.543445 0.343216 0.123991  0.756625  0.848945  
0.457115 0.155989 0.439712 0.132727  1.03216  0.430448  
0.0720637 0.356834 0.600578 0.0808491  0.194456  0.808246  
0.0369301 0.42462 0.57878 0.10624  1.22347  0.229993  
0.583203 0.23778 0.23197 0.0662425  0.31824  0.631968  
0.672661 0.246835 0.153243 0.0631395  0.561521  0.404876  
0.896321 0.0653347 0.11211 0.0668452  0.0943186  1.05468  
0.215638 0.62323 0.175294 0.0480339  0.888321  0.108344  
0.108332 0.185449 0.787562 0.0480713  0.408585  0.608692  
0.413711 0.135178 0.528776 0.0671651  1.09764  0.612478  
0.275183 0.139541 0.703799 0.0411548  0.208881  1.19663  
0.00254924 0.534455 1.32754 0.0497322  1.35646  0.405071  
0.941644 0.0589491 0.0760247 0.060155  0.681072  1.47226  
1.37727 1.0748 0.00919719 0.00953167  0.818067  0.610812  
0.491388 0.171581 0.349879 0.0663993  0.107147  1.99437  
0.0382749 0.649747 0.464657 0.0112734  1.67368  0.0399377  
0.95901 0.040625 0.0633285 0.00540543  0.953526  0.969499  
0.186579 0.626747 0.22349 1.00263  0.000130028  0.000142556  
0.207225 0.466332 0.386308 0.000121926  1.0006  0.000132837  
0.761325 0.0253951 0.24285 0.000132978  0.000127038  1.00001  
0.591555 0.231904 0.213502 0.964732  0.0320343  0.034736  
0.000132978 0.000127038 1.00001 0.940632  0.0875356  0.0321432  
0.435184 0.0979514 0.492779 0.887969  0.0410168  0.126001  
0.736874 0.302735 0.0358026 0.946028  0.190908  0.0268919  
0.691089 0.0695308 0.266368 0.83096  0.0760324  0.142585  
0.673901 0.341396 0.118281 0.879495  0.155438  0.1022  
0.612406 0.200182 0.203314 0.769175  0.0334272  0.232177  
0.0677944 0.676752 0.274433 0.947969  0.33701  0.0203878  
0.102102 0.0347397 0.886527 0.784065  0.112131  0.18475  
0.320848 0.134669 0.606805 0.699939  0.219161  0.0990737  
0.141106 0.292164 0.62741 0.69359  0.060517  0.276349  
0.208723 0.606819 0.193266 0.711504  0.288733  0.0668641  
0.42784 0.165058 0.430895 0.686134  0.076849  0.262835  
0.456065 0.0144905 0.55284 0.640964  0.213958  0.165483  
0.24803 0.535756 0.293101 0.623738  0.0245824  0.368714  
0.236611 0.667573 0.124148 0.947969  0.529105  0.0181087  
1.00263 0.000130028 0.000142556 0.603947  0.197972  0.221842  
0.602282 0.146392 0.286398 0.658029  0.28988  0.136523  
0.503526 0.0684929 0.467639 0.596817  0.0913441  0.361508  
0.393859 0.135503 0.489888 0.690313  0.44651  0.0872616  
0.0900238 0.869415 0.10602 0.566681  0.131411  0.316901  
0.315133 0.0342448 0.687469 0.591247  0.296441  0.213426  
0.0995648 0.504278 0.404937 0.5389  0.0325643  0.454301  
0.260969 0.0345118 0.730747 0.711488  0.478458  0.0604581  
0.0179721 0.741246 0.268025 0.519089  0.206673  0.311651  
0.584573 0.0662615 0.377653 0.591247  0.296441  0.213426  
0.0339763 0.137628 0.861082 0.504477  0.0853531  0.466568  
0.671413 0.0194884 0.334912 0.640969  0.559631  0.15555  
0.104524 0.226084 0.713115 0.467551  0.154709  0.397932  
0.100715 0.463255 0.465278 0.525732  0.328943  0.303311  
0.214314 0.489703 0.357408 0.453847  0.0149816  0.56312  
0.169864 0.347425 0.541193 0.566718  0.746691  0.00979311  
0.616154 0.0314415 0.377173 0.491069  0.305782  0.347628  
0.0693673 0.316837 0.631103 0.554719  0.595198  0.214627  
0.940639 0.0675988 0.0326328 0.410541  0.140549  0.465495  
0.693744 0.415303 0.0816237 0.428953  0.671164  0.109668  
0.291606 0.108096 0.651279 0.426091  0.237059  0.433237  
0.17188 0.415753 0.450253 0.509033  0.410076  0.324691  
0.658037 0.24539 0.136523 0.39029  0.0711834  0.592345  
0.0674035 0.284281 0.685902 0.344158  0.710795  0.059747  
0.0109031 0.510404 0.491077 0.418677  0.305491  0.442033  
0.44823 0.198645 0.409604 0.420092  0.552326  0.269593  
0.268013 0.653355 0.135368 0.349518  0.112116  0.566738  
0.0277237 0.939295 0.0662188 0.387555  0.635558  0.161362  
0.548986 0.20096 0.281303 0.368465  0.220362  0.544645  
0.0349156 0.393871 0.600632 0.346248  0.463747  0.38426  
0.604739 0.0659738 0.354087 0.320131  0.0336741  0.687469  
0.830962 0.0704953 0.141896 0.328108  0.730155  0.032987  
0.0703467 0.824481 0.140617 0.360153  0.394381  0.476026  
0.537134 0.0302344 0.45534 0.309325  0.575646  0.243081  
0.912656 0.0825094 0.0729161 0.30264  0.147328  0.628081  
0.565743 0.137788 0.316978 0.268013  0.653355  0.135368  
0.389785 0.0193573 0.61004 0.323949  0.293938  0.606399  
0.139822 0.385333 0.497335 0.256643  0.489749  0.357408  
0.736597 0.0998563 0.225989 0.263903  0.053377  0.730705  
0.17281 0.441323 0.414859 0.246646  0.696145  0.0847529  
0.724388 0.227755 0.069197 0.279565  0.349619  0.549309  
0.000121926 1.0006 0.000132837 0.218235  0.532671  0.298166  
0.0551025 0.572153 0.390161 0.248441  0.0576177  0.742572  
0.0697028 0.173064 0.791481 0.21934  0.612505  0.187626  
0.572485 0.304952 0.247127 0.158828  0.247351  0.690844  
0.784359 0.048708 0.18406 0.20682  0.440478  0.414343  
0.248206 0.706325 0.0705244 0.200072  0.0113619  0.801122  
0.694724 0.21734 0.107127 0.184126  0.98652  0.0077363  
0.173129 0.0335078 0.830144 0.188207  0.424149  0.436315  
0.0153892 0.248586 0.7699 0.187359  0.627063  0.222157  
0.140919 0.243928 0.692569 0.164256  0.222115  0.713113  
0.103857 0.776333 0.178605 0.155354  0.842594  0.122605  
0.210472 0.0134015 0.789988 0.169098  0.331369  0.569905  
0.899408 0.0332599 0.105011 0.152532  0.537904  0.333788  
0.298579 0.552326 0.269409 0.163696  0.10758  0.841102  
0.0640034 0.736858 0.21246 0.0965523  0.933256  0.0674189  
0.468374 0.190587 0.385311 0.138173  0.383445  0.5104  
0.197412 0.518952 0.318546 0.118934  0.650774  0.304722  
0.880932 0.0703254 0.102602 0.11495  0.170413  0.801222  
0.837821 0.0350584 0.151544 0.12475  0.769663  0.186008  
0.0320832 0.446077 0.564663 0.0952608  0.292441  0.667754  
1.0001 0.000133226 0.00016669 0.105846  0.504282  0.404805  
0.275122 0.730679 0.0336977 0.105877  0.0521724  0.906608  
0.209288 0.586096 0.230845 0.0603184  0.958752  0.0377874  
0.136301 0.543225 0.334457 0.0903979  0.430777  0.494008  
0.246062 0.696846 0.077483 0.0860103  0.676728  0.275051  
0.0221055 0.308818 0.699695 0.0793574  0.194793  0.753202  
0.0683009 0.191006 0.756994 0.0697549  0.805121  0.156083  
0.140436 0.324048 0.577982 0.0676705  0.318767  0.630582  
0.0294455 0.794044 0.206985 0.0592476  0.564324  0.399231  
0.641454 0.213203 0.159004 0.0578915  0.0872159  0.936569  
0.215638 0.62323 0.175294 0.0469157  0.896947  0.10074  
0.40851 0.136405 0.466937 0.0325199  0.396464  0.598681  
0.349346 0.103122 0.566767 0.0378988  0.64689  0.350825  
0.0345544 0.896989 0.0994937 0.0347036  0.1489  0.85408  
0.0148889 0.54004 0.4633 0.0293428  0.771441  0.226007  
0.518956 0.186189 0.311651 0.0182967  0.276087  0.734832  
0.0324045 0.0738081 0.935615 0.0170766  0.526807  0.477973  
0.491388 0.171581 0.349879 0.0129254  0.0221849  0.984552  
0.0291137 0.641744 0.355633 0.00655549  0.980229  0.0228926  
0.0963679 0.958752 0.0362289 0.00349643  0.59656  0.73932  
0.183301 0.624236 0.219484 1  0.00013364  0.000134647  
0.000107043 0.000116939 1 0.000108241  1  0.000116541  
0.000108241 1 0.000116541 0.000107043  0.000116939  1  
0.590609 0.208554 0.213123 0.957427  0.0338889  0.0366725  
0.207467 0.570909 0.240822 0.925911  0.087081  0.0305248  
0.435184 0.0979514 0.492779 0.855067  0.0406704  0.120799  
0.329646 0.670123 0.10827 0.927444  0.141716  0.0268918  
0.925937 0.0675333 0.0339004 0.827443  0.0819456  0.142023  
0.203584 0.52308 0.305591 0.862925  0.137303  0.100726  
0.0632262 0.173493 0.778846 0.758155  0.031034  0.230625  
0.11547 0.244964 0.676982 0.739368  0.261776  0.0177308  
0.697141 0.0993589 0.245284 0.772626  0.124971  0.182705  
0.321299 0.140702 0.603597 0.694266  0.217399  0.0949209  
0.141106 0.292164 0.62741 0.681504  0.0597928  0.27153  
0.34831 0.102176 0.567295 0.699671  0.292034  0.0686914  
0.429268 0.187127 0.428741 0.680381  0.113401  0.261932  
0.140104 0.0661738 0.845272 0.632568  0.211564  0.164101  
0.211322 0.0115546 0.787826 0.623576  0.0235627  0.368565  
0.51723 0.208051 0.311885 0.739353  0.473887  0.0152399  
0.673971 0.059092 0.279917 0.592539  0.194938  0.220355  
0.295371 0.592831 0.212622 0.65091  0.33846  0.134399  
0.448864 0.149616 0.405918 0.596125  0.0960663  0.361106  
0.376446 0.130063 0.511759 0.687758  0.435487  0.0872633  
0.0201755 0.734561 0.279085 0.565576  0.140087  0.315967  
0.0992423 0.502484 0.403384 0.590159  0.29637  0.213385  
0.0201115 0.495664 0.49993 0.527122  0.0455869  0.444119  
0.448019 0.0108485 0.554745 0.704405  0.527061  0.0639416  
0.0994343 0.449841 0.46623 0.519023  0.211312  0.311614  
0.57151 0.0681593 0.395525 0.590159  0.39021  0.213418  
0.0339763 0.137628 0.861082 0.50478  0.0780223  0.466421  
0.904429 0.0673941 0.06257 0.63377  0.355605  0.156849  
0.103452 0.223902 0.706898 0.459266  0.152686  0.390791  
0.169962 0.44035 0.414046 0.525084  0.319056  0.302652  
0.213908 0.4896 0.3574 0.448019  0.0108485  0.554745  
0.230559 0.652746 0.13445 0.529232  0.745151  0.0109256  
0.63018 0.209261 0.166138 0.490523  0.270815  0.347492  
0.0693673 0.316837 0.631103 0.527379  0.59283  0.214444  
0.852134 0.032496 0.130073 0.406354  0.140641  0.461325  
0.864316 0.0568695 0.100998 0.505118  0.670123  0.109041  
0.302201 0.102604 0.626953 0.425816  0.239897  0.433133  
0.174888 0.412698 0.452884 0.507213  0.454369  0.325607  
0.261212 0.0313301 0.724407 0.382731  0.0636897  0.580944  
0.086598 0.403244 0.518341 0.36708  0.706776  0.0594982  
0.137418 0.318169 0.578553 0.418597  0.316846  0.44195  
0.198161 0.462894 0.383492 0.378496  0.549396  0.268145  
0.00510972 0.210048 0.801542 0.349278  0.117062  0.566688  
0.575446 0.188059 0.248378 0.387065  0.634394  0.161588  
0.554803 0.208388 0.276799 0.368281  0.207265  0.543695  
0.0233112 0.390454 0.604805 0.365014  0.462838  0.383492  
0.604739 0.0659738 0.354087 0.318465  0.0241322  0.683348  
0.242035 0.692205 0.0803614 0.300674  0.726268  0.0352187  
0.493452 0.0342545 0.489469 0.292924  0.394354  0.475971  
0.526739 0.0330274 0.44895 0.317047  0.570765  0.240938  
0.249599 0.549396 0.272363 0.303337  0.14332  0.62694  
0.0277852 0.884755 0.0995473 0.280687  0.65198  0.13368  
0.389785 0.0193573 0.61004 0.320991  0.282936  0.60255  
0.0934069 0.82942 0.112458 0.266042  0.489739  0.357399  
0.751765 0.0308436 0.2388 0.261695  0.054429  0.724407  
0.317819 0.0250811 0.683348 0.248669  0.688207  0.0838058  
0.665835 0.346279 0.117248 0.250622  0.345661  0.539233  
0.565246 0.140211 0.315975 0.245979  0.530785  0.295616  
0.0252308 0.284989 0.719329 0.246795  0.112358  0.739106  
0.129269 0.345711 0.539283 0.212649  0.612645  0.187607  
0.205251 0.612455 0.187607 0.16852  0.244884  0.676982  
0.77284 0.0665191 0.182944 0.21857  0.44053  0.413988  
0.246929 0.70264 0.0679017 0.199423  0.0107973  0.799114  
0.622137 0.0288577 0.369417 0.173294  0.978154  0.00768351  
0.174754 0.0686236 0.800763 0.193763  0.424139  0.436872  
0.102586 0.0326956 0.875616 0.184383  0.630427  0.219351  
0.273756 0.103515 0.672711 0.181869  0.224214  0.706852  
0.413879 0.139643 0.452467 0.177182  0.815685  0.124369  
0.699671 0.274272 0.0684066 0.157494  0.327664  0.564981  
0.933192 0.0272806 0.0667164 0.154244  0.535396  0.332156  
0.0697809 0.806334 0.139744 0.158803  0.0905282  0.819004  
0.0640034 0.736858 0.21246 0.128012  0.912379  0.0681522  
0.0145582 0.534343 0.457667 0.135508  0.379798  0.502118  
0.0273188 0.927406 0.0665209 0.126843  0.642942  0.3029  
0.714279 0.225042 0.0700625 0.121799  0.170205  0.77837  
0.398216 0.136545 0.472839 0.116604  0.753037  0.182583  
0.0120427 0.445763 0.559957 0.114212  0.290125  0.662269  
0.101673 0.763351 0.174297 0.104157  0.502484  0.403393  
0.260029 0.726568 0.0334201 0.103071  0.0407775  0.875608  
0.0576438 0.568532 0.391133 0.0608378  0.943728  0.0373051  
0.139991 0.53513 0.332158 0.0890985  0.421641  0.493651  
0.728713 0.258307 0.0345519 0.0844319  0.668862  0.271967  
1 0.00013364 0.000134647 0.0732859  0.197761  0.743885  
0.0669132 0.197135 0.745007 0.0728347  0.790198  0.154438  
0.209167 0.625459 0.173188 0.0657216  0.3189  0.630546  
0.0227429 0.793602 0.20728 0.0560925  0.562342  0.397471  
0.464398 0.154554 0.383914 0.0595337  0.081495  0.933075  
0.826047 0.0607483 0.14427 0.0461968  0.884755  0.0994714  
0.690648 0.216273 0.100538 0.0125066  0.396309  0.598509  
0.138096 0.379799 0.49693 0.0370433  0.646529  0.350707  
0.0869992 0.697345 0.248015 0.0298568  0.147981  0.851488  
0.651052 0.250433 0.135071 0.0281953  0.771074  0.225887  
0.0670843 0.668959 0.271875 0.0239741  0.274227  0.729173  
0.026905 0.0693502 0.944303 0.0184387  0.521062  0.474278  
0.491388 0.171581 0.349879 0.00970755  0.02257  0.9791  
0.0259007 0.641231 0.356333 0.00703634  0.978922  0.0230027  
0.0659806 0.945319 0.0353438 0.00223423  0.496966  0.55759  
0.265977 0.590605 0.213347 1.00001  0.000105586  0.000120509  
0.206268 0.549371 0.268217 0.000105109  1  0.000117329  
0.640355 0.0195586 0.353605 9.27743e-05  9.27248e-05  1  
0.590609 0.208554 0.213123 0.950214  0.0353451  0.0367338  
0.207467 0.570909 0.240822 0.914603  0.0911944  0.0314199  
0.435184 0.0979514 0.492779 0.851409  0.0391475  0.121815  
0.235016 0.676651 0.102262 0.915479  0.147346  0.0261997  
0.319869 0.0335298 0.68046 0.82568  0.0731202  0.141685  
0.203584 0.52308 0.305591 0.857678  0.152587  0.0999991  
0.0632262 0.173493 0.778846 0.7555  0.0327663  0.230769  
0.107102 0.244751 0.676729 0.738558  0.265457  0.0174936  
0.0665568 0.197254 0.74193 0.769736  0.135865  0.182082  
0.137485 0.379455 0.496842 0.689007  0.215421  0.0978703  
0.141106 0.292164 0.62741 0.679964  0.0614682  0.270469  
0.34831 0.102176 0.567295 0.699517  0.270248  0.0687608  
0.428906 0.19003 0.428661 0.676121  0.0947388  0.26027  
0.748175 0.0278726 0.238739 0.631301  0.210756  0.163921  
9.27743e-05 9.27248e-05 1 0.623604  0.0238398  0.36856  
0.0679284 0.641522 0.301954 0.739337  0.459696  0.0152421  
0.729318 0.247459 0.0315699 0.591271  0.193548  0.220209  
0.914616 0.0615722 0.0324328 0.650891  0.340206  0.134837  
0.446114 0.148077 0.408095 0.596116  0.0946555  0.361096  
0.376446 0.130063 0.511759 0.686242  0.361371  0.087159  
0.0201755 0.734561 0.279085 0.565431  0.149483  0.315789  
0.0311071 0.880314 0.0991954 0.590117  0.282162  0.213295  
0.0156742 0.500406 0.49185 0.524939  0.044614  0.442498  
0.210545 0.0117042 0.788093 0.702978  0.518614  0.0634475  
0.20999 0.462799 0.383442 0.518841  0.194213  0.311302  
0.100631 0.50248 0.403374 0.590116  0.364898  0.213469  
0.0339763 0.137628 0.861082 0.504577  0.0721292  0.466421  
0.215874 0.610804 0.188149 0.633182  0.523751  0.157706  
0.182016 0.222995 0.704307 0.458949  0.152837  0.390775  
0.719494 0.094064 0.225001 0.525028  0.288097  0.302627  
0.173241 0.489705 0.357399 0.447457  0.010797  0.553519  
0.234004 0.650772 0.133313 0.471756  0.742544  0.0115717  
0.627637 0.209126 0.167464 0.490522  0.283504  0.347512  
0.0658958 0.316839 0.63109 0.348208  0.590604  0.213414  
0.182558 0.620748 0.218092 0.406257  0.138807  0.459677  
0.860763 0.0637042 0.10223 0.460653  0.669644  0.108859  
1.00001 0.000105586 0.000120509 0.425703  0.219987  0.432736  
0.146855 0.413872 0.450872 0.507188  0.470073  0.325374  
0.67856 0.06517 0.271974 0.38229  0.0673024  0.58016  
0.086598 0.403244 0.518341 0.411557  0.706678  0.0593815  
0.137418 0.318169 0.578553 0.418576  0.303147  0.441935  
0.321023 0.134509 0.601146 0.352015  0.549371  0.268306  
0.00514056 0.207775 0.801167 0.349458  0.104396  0.566685  
0.0272904 0.391008 0.603708 0.377995  0.63207  0.160554  
0.538543 0.240664 0.28668 0.367999  0.205206  0.543379  
0.0168547 0.284449 0.717703 0.345823  0.462659  0.38341  
0.601322 0.144592 0.284669 0.318129  0.0305072  0.682485  
0.219486 0.394246 0.47597 0.317782  0.72472  0.035241  
0.493452 0.0342545 0.489469 0.300419  0.394246  0.47597  
0.537516 0.0351937 0.434204 0.316008  0.569883  0.240547  
0.59512 0.0691613 0.361347 0.303124  0.142903  0.626249  
0.161626 0.443885 0.412317 0.265476  0.650762  0.134695  
0.389785 0.0193573 0.61004 0.321415  0.247971  0.601145  
0.0836908 0.836378 0.104373 0.259531  0.489716  0.357399  
0.575474 0.188316 0.246965 0.262118  0.0568213  0.72397  
0.0203171 0.545462 0.447839 0.237388  0.688119  0.0832988  
0.663853 0.342919 0.117147 0.250837  0.345621  0.539194  
0.565088 0.138679 0.315789 0.244693  0.52936  0.296952  
0.102285 0.456346 0.461896 0.246493  0.1119  0.738676  
0.129269 0.345711 0.539283 0.219973  0.612287  0.187606  
8.46479e-05 0.993979 0.0188188 0.241928  0.24435  0.676729  
0.771817 0.0683986 0.18239 0.217508  0.440384  0.413837  
0.242293 0.698196 0.0704178 0.199422  0.00963744  0.799071  
0.141104 0.0583805 0.834291 0.228076  0.970771  0.00753702  
0.174754 0.0686236 0.800763 0.181459  0.423325  0.436736  
0.102682 0.0332558 0.875383 0.183136  0.626268  0.21767  
0.273756 0.103515 0.672711 0.189116  0.224863  0.703748  
0.413879 0.139643 0.452467 0.182898  0.808166  0.123728  
0.0654788 0.668814 0.271792 0.143326  0.327526  0.564614  
0.926503 0.0228587 0.0667906 0.155968  0.534986  0.332153  
0.0669937 0.809051 0.135665 0.157815  0.0873776  0.809343  
0.0640034 0.736858 0.21246 0.120216  0.904467  0.0683469  
0.261796 0.0338033 0.724333 0.13564  0.378035  0.501613  
0.000105109 1 0.000117329 0.127992  0.639678  0.301498  
0.718244 0.227143 0.066382 0.119485  0.169932  0.777511  
0.39604 0.135155 0.474957 0.119274  0.745806  0.181035  
0.517151 0.206092 0.311624 0.107427  0.289416  0.661719  
0.103134 0.755248 0.172192 0.10365  0.502479  0.403408  
0.260029 0.726568 0.0334201 0.103105  0.0486795  0.874855  
0.0530243 0.568732 0.390816 0.0899235  0.938361  0.037033  
0.136854 0.535022 0.33217 0.0893359  0.421888  0.493573  
0.301849 0.10331 0.62625 0.0832123  0.668787  0.271899  
0.0335102 0.653116 0.34469 0.0762335  0.197721  0.741788  
0.00512336 0.464429 0.538092 0.0732087  0.787863  0.153632  
0.209167 0.625459 0.173188 0.0637932  0.318829  0.630496  
0.0257414 0.793101 0.207011 0.0610866  0.562357  0.397469  
0.466317 0.155777 0.38113 0.0590418  0.0870992  0.932917  
0.836941 0.0310825 0.138527 0.0510826  0.879954  0.0994509  
0.685315 0.214578 0.102831 0.0431312  0.396388  0.598507  
0.0636754 0.9045 0.0681523 0.0376109  0.646692  0.350707  
0.0971264 0.698884 0.245135 0.0240043  0.146854  0.851485  
0.651515 0.238606 0.134485 0.023294  0.770742  0.225814  
0.447457 0.010797 0.553519 0.0198456  0.273499  0.728106  
0.0210046 0.0649107 0.942156 0.0165184  0.518726  0.471805  
0.491388 0.171581 0.349879 0.0104376  0.0214638  0.978308  
0.69867 0.279748 0.0695977 0.00596479  0.975976  0.0233267  
0.0634022 0.942993 0.0336077 0.00213817  0.47681  0.523746  
0.238509 0.5906 0.213371 1  9.169e-05  0.000120925  
0.206268 0.549371 0.268217 5.58323e-05  0.999986  0.000136491  
0.639254 0.0324287 0.354551 0.000108712  8.61206e-05  1  
0.590609 0.208554 0.213123 0.944281  0.0352174  0.0360366  
0.196973 0.569881 0.240459 0.903045  0.0866353  0.0319761  
0.435184 0.0979514 0.492779 0.849723  0.037433  0.121781  
0.465898 0.156573 0.381475 0.906065  0.147738  0.0265074  
0.102787 0.0333032 0.874853 0.825658  0.0791404  0.141693  
0.877504 0.0830075 0.0686108 0.851465  0.124199  0.0997597  
0.0022222 0.46439 0.536718 0.755466  0.0296346  0.230719  
0.107102 0.244751 0.676729 0.738424  0.2622  0.0176169  
0.0677089 0.196697 0.741239 0.768992  0.129652  0.181929  
0.0992316 0.224678 0.703609 0.688946  0.215658  0.0980548  
1 9.169e-05 0.000120925 0.678595  0.0619493  0.270066  
0.539609 0.210515 0.288808 0.699155  0.270133  0.0688759  
0.428906 0.19003 0.428661 0.675697  0.109285  0.259858  
0.747031 0.0254535 0.239574 0.630234  0.210778  0.163953  
0.139453 0.28122 0.643224 0.623624  0.0203038  0.36856  
0.0679284 0.641522 0.301954 0.738935  0.374501  0.0152579  
0.729318 0.247459 0.0315699 0.591024  0.193733  0.22035  
0.574876 0.189306 0.2459 0.650212  0.332868  0.135058  
0.446114 0.148077 0.408095 0.596116  0.0767461  0.361094  
0.376446 0.130063 0.511759 0.686218  0.418192  0.0867938  
0.0162177 0.734438 0.278192 0.56535  0.14048  0.315789  
0.206784 0.0105696 0.791271 0.590104  0.292379  0.213301  
0.0163337 0.496224 0.495129 0.525441  0.042117  0.442477  
0.0348662 0.395776 0.598506 0.70251  0.337288  0.0637662  
0.0681037 0.927785 0.0358625 0.518767  0.212124  0.311299  
0.100343 0.502461 0.403371 0.590025  0.38779  0.213445  
0.0339763 0.137628 0.861082 0.504727  0.0835254  0.466421  
0.20532 0.612619 0.187606 0.63317  0.551961  0.157048  
0.0919328 0.419918 0.494343 0.459143  0.152566  0.390772  
0.716336 0.101337 0.225985 0.525005  0.309768  0.302626  
0.217189 0.0702675 0.761782 0.447346  0.013087  0.553371  
0.23078 0.650319 0.134978 0.560409  0.742463  0.0116491  
0.624621 0.207454 0.17206 0.490327  0.223759  0.347433  
0.0644171 0.316773 0.631135 0.386165  0.5906  0.213643  
0.181368 0.613021 0.21803 0.406156  0.139661  0.459676  
0.856635 0.0612245 0.0999242 0.504949  0.669287  0.109139  
0.133484 0.377516 0.497544 0.425685  0.238709  0.432587  
0.146855 0.413872 0.450872 0.50674  0.445994  0.325413  
0.0696852 0.169969 0.777507 0.382324  0.0707579  0.580009  
0.0199764 0.0663368 0.941113 0.409222  0.706625  0.0596098  
0.137418 0.318169 0.578553 0.41857  0.269183  0.44192  
0.32002 0.130395 0.599141 0.423384  0.549369  0.268176  
0.000706149 0.206339 0.800101 0.348642  0.116455  0.565324  
0.317053 0.0336673 0.682547 0.360362  0.632065  0.159671  
0.447346 0.0218852 0.553371 0.368084  0.228599  0.543379  
0.0256474 0.27862 0.722345 0.374921  0.462644  0.383406  
0.601322 0.144592 0.284669 0.317969  0.0254178  0.682403  
5.58323e-05 0.999986 0.000136491 0.30818  0.724473  0.0351254  
0.493452 0.0342545 0.489469 0.35182  0.393947  0.47597  
0.537516 0.0351937 0.434204 0.287326  0.56988  0.240563  
0.59512 0.0691613 0.361347 0.302399  0.156949  0.624634  
0.171725 0.440112 0.413589 0.266606  0.650254  0.134949  
0.389785 0.0193573 0.61004 0.320308  0.249052  0.599102  
0.0836908 0.836378 0.104373 0.216958  0.485523  0.35375  
0.0324639 0.874944 0.100891 0.262052  0.0567465  0.723146  
0.234151 0.683584 0.0912947 0.247419  0.687875  0.0845047  
0.101097 0.751485 0.172342 0.227015  0.34562  0.539192  
0.564945 0.136808 0.315801 0.236963  0.528906  0.295993  
0.138533 0.402941 0.471113 0.246971  0.101886  0.738674  
0.136887 0.345618 0.539194 0.216196  0.612068  0.187332  
8.46479e-05 0.993979 0.0188188 0.242523  0.244459  0.676728  
0.768953 0.0657646 0.182725 0.202299  0.440197  0.413589  
0.237514 0.700692 0.0685873 0.199463  0.012626  0.799069  
0.141104 0.0583805 0.834291 0.197298  0.955958  0.0073627  
0.172015 0.0686415 0.795227 0.189267  0.423213  0.436645  
0.35269 0.101161 0.560462 0.182513  0.622088  0.217063  
0.276091 0.101847 0.668743 0.182945  0.224745  0.703609  
0.413879 0.139643 0.452467 0.183087  0.805047  0.123283  
0.19076 0.462643 0.383422 0.160064  0.327185  0.564342  
0.350045 0.0657187 0.624537 0.157063  0.535203  0.332025  
0.0695785 0.803739 0.137572 0.158219  0.106755  0.807682  
0.92145 0.0278077 0.0677025 0.136776  0.894882  0.0676443  
0.262018 0.0328913 0.723147 0.137004  0.377118  0.500499  
0.204126 0.485644 0.353493 0.110347  0.639287  0.301457  
0.718244 0.227143 0.066382 0.130526  0.170044  0.776345  
0.39604 0.135155 0.474957 0.0986594  0.742368  0.180199  
0.516747 0.203443 0.311625 0.103581  0.288945  0.659593  
0.203885 0.524283 0.302325 0.10098  0.502461  0.403408  
0.249223 0.72472 0.0349317 0.103088  0.0504497  0.874853  
0.0530243 0.568732 0.390816 0.0959689  0.927759  0.0372492  
0.136854 0.535022 0.33217 0.0891704  0.422004  0.493572  
0.067503 0.668376 0.271789 0.085016  0.668375  0.271755  
0.0342373 0.653554 0.343952 0.0775985  0.197275  0.741239  
0.678595 0.0655718 0.270066 0.0727689  0.784176  0.152836  
0.209167 0.625459 0.173188 0.0660008  0.318729  0.630496  
0.0257414 0.793101 0.207011 0.0580742  0.562406  0.397468  
0.301223 0.0963113 0.625224 0.0596943  0.0816902  0.930946  
0.836941 0.0310825 0.138527 0.0431911  0.875342  0.0987616  
0.683961 0.213382 0.104049 0.0420359  0.396335  0.598506  
0.0685485 0.894884 0.0692482 0.0339804  0.646658  0.350706  
0.0678925 0.70007 0.244707 0.0329323  0.148253  0.850788  
0.651515 0.238606 0.134485 0.0226533  0.770748  0.225812  
0.912829 0.0676513 0.0338594 0.0211587  0.273483  0.727437  
0.000108712 8.61206e-05 1 0.0175211  0.516291  0.469861  
0.491388 0.171581 0.349879 0.0117214  0.0233187  0.974656  
0.69867 0.279748 0.0695977 0.00769379  0.975218  0.0232538  
0.0213251 0.547599 0.443402 0.00141433  0.476596  0.523502  
0.238509 0.5906 0.213371 1  0.000109808  0.000115356  
0.206268 0.549371 0.268217 0.000103823  1.00025  9.83871e-05  
0.639254 0.0324287 0.354551 9.518e-05  9.375e-05  1  
0.572495 0.193119 0.246428 0.935823  0.0359095  0.0358351  
0.196973 0.569881 0.240459 0.893836  0.0931677  0.030533  
0.262076 0.0302657 0.723145 0.844972  0.040079  0.121201  
0.465898 0.156573 0.381475 0.896261  0.178203  0.0254867  
0.102787 0.0333032 0.874853 0.811244  0.0762408  0.138263  
0.35088 0.104863 0.562147 0.848259  0.147471  0.0991423  
0.0022222 0.46439 0.536718 0.753551  0.0297405  0.230247  
0.107102 0.244751 0.676729 0.73773  0.262991  0.0176201  
0.0667869 0.196984 0.741242 0.76906  0.128195  0.181926  
0.503362 0.0575661 0.466917 0.688823  0.21571  0.0978709  
0.160702 0.440167 0.413589 0.675707  0.060762  0.269221  
0.538381 0.213782 0.289192 0.699101  0.296328  0.0685898  
0.428906 0.19003 0.428661 0.673567  0.10768  0.259347  
0.0173579 0.495126 0.49574 0.629642  0.210469  0.16387  
0.139453 0.28122 0.643224 0.623647  0.0223537  0.368559  
0.0679284 0.641522 0.301954 0.738932  0.439241  0.0153066  
0.729318 0.247459 0.0315699 0.589491  0.193838  0.219713  
0.0251249 0.281691 0.718962 0.649995  0.300012  0.134853  
0.446114 0.148077 0.408095 0.596119  0.0919874  0.361081  
0.376446 0.130063 0.511759 0.686216  0.33885  0.0871  
0.0162177 0.734438 0.278192 0.564893  0.162053  0.315456  
0.206784 0.0105696 0.791271 0.590103  0.302035  0.213284  
0.564892 0.139937 0.315461 0.525103  0.0421248  0.442475  
0.0339542 0.394814 0.598717 0.70249  0.443933  0.0638148  
0.0681037 0.927785 0.0358625 0.518733  0.209386  0.311299  
0.101044 0.490876 0.420233 0.589986  0.380328  0.213393  
0.0296917 0.138438 0.859774 0.504648  0.0791949  0.466349  
0.20532 0.612619 0.187606 0.632818  0.518705  0.15765  
0.592179 0.24351 0.210552 0.458977  0.152551  0.390772  
0.716336 0.101337 0.225985 0.525044  0.249038  0.302626  
0.217189 0.0702675 0.761782 0.447348  0.0161882  0.55337  
0.23078 0.650319 0.134978 0.530567  0.742158  0.0114887  
0.624987 0.207793 0.170832 0.490324  0.272755  0.34748  
0.0644974 0.31654 0.631362 0.439086  0.590541  0.213318  
0.181445 0.61543 0.216771 0.40621  0.139311  0.459676  
0.850034 0.0649259 0.0995805 0.433255  0.669179  0.109109  
0.813473 0.0683055 0.136215 0.425677  0.234324  0.432725  
0.165376 0.413274 0.451535 0.506739  0.433158  0.325387  
0.0927791 0.42061 0.494254 0.382011  0.0692577  0.579837  
0.0339719 0.0684924 0.939002 0.391712  0.706461  0.0598576  
0.131173 0.313638 0.583903 0.418576  0.290335  0.441912  
0.319645 0.138099 0.599147 0.402394  0.549278  0.268213  
0.000706149 0.206339 0.800101 0.348228  0.114976  0.564945  
0.664991 0.349933 0.117256 0.371447  0.630907  0.160621  
0.0677245 0.169968 0.776345 0.368077  0.225737  0.543379  
0.317697 0.0284678 0.682429 0.367594  0.462636  0.383365  
0.601322 0.144592 0.284669 0.317967  0.0320482  0.682402  
0.717276 0.226111 0.0684651 0.323588  0.724429  0.0349291  
0.891991 0.0997593 0.0342391 0.343885  0.394327  0.47597  
0.537516 0.0351937 0.434204 0.317012  0.56988  0.240499  
0.59512 0.0691613 0.361347 0.300902  0.15206  0.621387  
0.674238 0.0632823 0.269879 0.284907  0.649811  0.134489  
0.389785 0.0193573 0.61004 0.320038  0.280876  0.59885  
0.103105 0.819737 0.10711 0.269473  0.485418  0.354179  
0.0324639 0.874944 0.100891 0.261676  0.0548398  0.723145  
0.234151 0.683584 0.0912947 0.245275  0.687531  0.083665  
0.101829 0.743411 0.17922 0.262087  0.345631  0.539191  
0.0605263 0.884514 0.066829 0.232902  0.528897  0.296668  
0.137851 0.397937 0.476963 0.247139  0.0962327  0.738673  
0.136887 0.345618 0.539194 0.215825  0.612023  0.187366  
8.46479e-05 0.993979 0.0188188 0.235918  0.244721  0.676728  
0.768953 0.0657646 0.182725 0.204874  0.440016  0.413589  
0.237514 0.700692 0.0685873 0.199449  0.00918493  0.799069  
0.140112 0.0635239 0.832585 0.196061  0.951319  0.00697044  
0.172015 0.0686415 0.795227 0.191343  0.423125  0.436448  
0.0231436 0.547352 0.442393 0.182268  0.617576  0.2166  
0.276091 0.101847 0.668743 0.191948  0.224705  0.703607  
0.411224 0.139315 0.453334 0.145315  0.803337  0.123024  
0.170106 0.462589 0.386495 0.161748  0.327205  0.564003  
0.478838 0.000109686 0.5235 0.150662  0.535089  0.332022  
0.0695785 0.803739 0.137572 0.157642  0.101033  0.80701  
0.938329 0.0336969 0.0337625 0.141923  0.884  0.0668682  
0.000103823 1.00025 9.83871e-05 0.134478  0.376423  0.499567  
0.204945 0.485479 0.353291 0.110841  0.639013  0.301174  
0.744465 0.0301458 0.240216 0.130534  0.169944  0.776341  
0.396065 0.134176 0.473163 0.11718  0.742229  0.180104  
0.516747 0.203443 0.311625 0.109639  0.288904  0.659403  
0.203885 0.524283 0.302325 0.105151  0.502391  0.40334  
0.249223 0.72472 0.0349317 0.103137  0.0336182  0.874852  
0.0530243 0.568732 0.390816 0.0902095  0.925244  0.0373673  
0.136854 0.535022 0.33217 0.0890472  0.421986  0.493572  
0.067579 0.668279 0.271744 0.0839578  0.66826  0.271722  
0.0342373 0.653554 0.343952 0.0715843  0.197584  0.741201  
0.414372 0.0597118 0.550663 0.0704333  0.781468  0.152955  
0.209167 0.625459 0.173188 0.0629797  0.318888  0.630496  
0.0316726 0.792702 0.206923 0.0581207  0.562407  0.397468  
0.299431 0.0981494 0.622259 0.0535401  0.0848529  0.908284  
0.836941 0.0310825 0.138527 0.0496537  0.874966  0.0987647  
0.683961 0.213382 0.104049 0.0292792  0.396126  0.598506  
0.134073 0.376423 0.498562 0.0381358  0.646737  0.350706  
0.0678925 0.70007 0.244707 0.0139312  0.148287  0.850786  
0.649995 0.23933 0.136132 0.028959  0.770787  0.225811  
9.518e-05 9.375e-05 1 0.0234028  0.273102  0.727435  
0.105298 0.224446 0.703607 0.0177859  0.515355  0.469251  
0.491388 0.171581 0.349879 0.0109058  0.0231703  0.97463  
0.69867 0.279748 0.0695977 0.00759802  0.974358  0.0229409  
1 0.000109808 0.000115356 0.00254153  0.476607  0.5235  
0.238509 0.5906 0.213371 1  0.000104907  9.24898e-05  
0.206268 0.549371 0.268217 8.23358e-05  0.99999  8.84939e-05  
0.230967 0.61037 0.187565 9.8564e-05  0.000106543  1.00001  
0.57201 0.187792 0.246999 0.935663  0.0334051  0.0360333  
0.196973 0.569881 0.240459 0.888259  0.0921886  0.0306208  
0.478567 9.38864e-05 0.5235 0.843595  0.0402991  0.120822  
0.466104 0.155922 0.381098 0.886737  0.176144  0.0257648  
0.102787 0.0333032 0.874853 0.803652  0.0820469  0.13748  
0.35088 0.104863 0.562147 0.846401  0.155246  0.0989371  
0.0022222 0.46439 0.536718 0.753448  0.0326986  0.230275  
0.107102 0.244751 0.676729 0.73773  0.258841  0.0177244  
0.0667869 0.196984 0.741242 0.769071  0.120864  0.181925  
0.502993 0.0688433 0.466656 0.688823  0.215683  0.0974535  
0.169104 0.443388 0.409568 0.675522  0.061034  0.269186  
0.53681 0.240226 0.288762 0.6991  0.283183  0.0685489  
0.428906 0.19003 0.428661 0.672998  0.110948  0.259134  
0.065129 0.66824 0.271717 0.628769  0.210257  0.163292  
0.139453 0.28122 0.643224 0.623614  0.0137739  0.368559  
0.0679284 0.641522 0.301954 0.738891  0.462299  0.0150182  
0.729318 0.247459 0.0315699 0.589376  0.193679  0.21979  
0.0251249 0.281691 0.718962 0.649779  0.342035  0.134947  
0.446114 0.148077 0.408095 0.596117  0.0983266  0.361081  
0.376446 0.130063 0.511759 0.686106  0.379252  0.0869218  
0.0162177 0.734438 0.278192 0.564832  0.14888  0.315454  
0.206784 0.0105696 0.791271 0.590103  0.295402  0.213287  
0.1356 0.374702 0.500615 0.525489  0.0449195  0.442475  
0.0339542 0.394814 0.598717 0.70249  0.435081  0.0636487  
0.623861 0.208689 0.169985 0.518761  0.209611  0.311299  
0.100192 0.490752 0.418846 0.589982  0.362854  0.213387  
0.0296917 0.138438 0.859774 0.504494  0.083795  0.466349  
0.32687 0.669169 0.1099 0.632663  0.416714  0.156874  
0.592179 0.24351 0.210552 0.459106  0.152553  0.390677  
0.180839 0.612105 0.217925 0.525018  0.331815  0.302626  
0.217189 0.0702675 0.761782 0.447316  0.00908401  0.55337  
0.23078 0.650319 0.134978 0.562716  0.742132  0.0116421  
0.239235 0.685938 0.0863575 0.490303  0.299272  0.347215  
0.0669171 0.316024 0.632124 0.478708  0.590533  0.213266  
0.0936742 0.439964 0.473823 0.406176  0.139396  0.459676  
0.848259 0.0679553 0.0999514 0.397008  0.669169  0.109339  
0.564749 0.139021 0.315459 0.425677  0.221554  0.4327  
0.165376 0.413274 0.451535 0.506655  0.431793  0.325142  
0.261704 0.0337844 0.722744 0.38182  0.0609285  0.579535  
9.8564e-05 0.000106543 1.00001 0.401847  0.706461  0.0593283  
0.131173 0.313638 0.583903 0.418571  0.304524  0.441916  
0.319645 0.138099 0.599147 0.392705  0.549278  0.268103  
0.000706149 0.206339 0.800101 0.348391  0.1161  0.564944  
0.664028 0.386881 0.117358 0.3804  0.630906  0.160706  
0.0666293 0.170008 0.775949 0.367943  0.192566  0.543254  
0.0179246 0.496095 0.492347 0.350904  0.462666  0.383365  
8.23358e-05 0.99999 8.84939e-05 0.31801  0.0296362  0.682385  
0.862643 0.103576 0.0650944 0.317345  0.724429  0.0351573  
0.639242 0.0271794 0.354413 0.267264  0.393908  0.47597  
0.537516 0.0351937 0.434204 0.222223  0.569862  0.240548  
0.59512 0.0691613 0.361347 0.300917  0.146148  0.621373  
0.317779 0.0310683 0.682385 0.282041  0.649811  0.134785  
0.389785 0.0193573 0.61004 0.320172  0.291921  0.598849  
0.103105 0.819737 0.10711 0.255281  0.485227  0.353899  
0.0324639 0.874944 0.100891 0.261838  0.0594174  0.722739  
0.886226 0.0921853 0.0332456 0.248285  0.68753  0.0840665  
0.100142 0.752557 0.169218 0.235607  0.345632  0.539191  
0.0652137 0.883983 0.0673923 0.216888  0.52868  0.29594  
0.137851 0.397937 0.476963 0.247092  0.0627722  0.738326  
0.136887 0.345618 0.539194 0.219768  0.611441  0.187203  
8.46479e-05 0.993979 0.0188188 0.241849  0.244718  0.676728  
0.768999 0.068427 0.182051 0.19508  0.440265  0.413589  
0.237514 0.700692 0.0685873 0.199381  0.0106504  0.799069  
0.140112 0.0635239 0.832585 0.175017  0.947589  0.00747387  
0.172015 0.0686415 0.795227 0.192861  0.4231  0.436461  
0.0222738 0.544703 0.444473 0.182238  0.619151  0.216585  
0.276091 0.101847 0.668743 0.156285  0.224673  0.703607  
0.411224 0.139315 0.453334 0.180574  0.803148  0.123013  
0.170106 0.462589 0.386495 0.165289  0.32712  0.563991  
0.698488 0.280156 0.0696805 0.149525  0.535189  0.332022  
0.0695785 0.803739 0.137572 0.15787  0.100337  0.80684  
0.939277 0.0320935 0.0319816 0.152138  0.881379  0.0664066  
0.713941 0.0981324 0.226346 0.135554  0.375959  0.498976  
0.204945 0.485479 0.353291 0.116479  0.639022  0.301171  
0.746086 0.032337 0.238164 0.11344  0.169767  0.775947  
0.396065 0.134176 0.473163 0.117477  0.741796  0.18006  
0.516747 0.203443 0.311625 0.0984844  0.288911  0.659395  
0.203885 0.524283 0.302325 0.106561  0.502351  0.403328  
0.249223 0.72472 0.0349317 0.103015  0.0471561  0.874785  
0.0530243 0.568732 0.390816 0.0927504  0.921238  0.0373228  
0.136189 0.535212 0.332022 0.0891706  0.422003  0.493572  
0.0588905 0.926811 0.0336082 0.0848879  0.66824  0.271717  
0.0342373 0.653554 0.343952 0.0768763  0.19789  0.74044  
0.414372 0.0597118 0.550663 0.0716234  0.781095  0.152911  
0.209167 0.625459 0.173188 0.0654975  0.318938  0.630496  
0.0316726 0.792702 0.206923 0.0605038  0.562393  0.397468  
0.299431 0.0981494 0.622259 0.0427025  0.0843778  0.903042  
0.836941 0.0310825 0.138527 0.0501715  0.874671  0.0988855  
0.683961 0.213382 0.104049 0.0397274  0.396329  0.598506  
0.666873 0.0609213 0.279654 0.032395  0.646762  0.350706  
0.0678925 0.70007 0.244707 0.0162146  0.148082  0.850786  
0.648993 0.238366 0.135638 0.0244127  0.770739  0.225811  
0.0298378 0.068487 0.924028 0.0202108  0.273504  0.727378  
0.105298 0.224446 0.703607 0.017949  0.515179  0.469054  
0.491388 0.171581 0.349879 0.0092911  0.0232685  0.974628  
1 0.000104907 9.24898e-05 0.00715164  0.973919  0.023247  
0.804464 0.0678786 0.137619 0.0020552  0.476591  0.523473  
