1.17955 0.793549 0.427188 1.17955  0.793549  0.427188  
0.563573 1.98557 0.517547 0.563573  1.98557  0.517547  
0.308157 0.904773 1.85777 0.308157  0.904773  1.85777  
0.832555 1.79768 0.597433 0.832555  1.79768  0.597433  
0.230485 0.245314 2.13944 0.230485  0.245314  2.13944  
0.0985657 0.555299 1.55167 0.0985657  0.555299  1.55167  
0.95391 1.55706 1.9916 0.95391  1.55706  1.9916  
0.184979 1.62415 0.681942 0.184979  1.62415  0.681942  
1.15277 1.03716 0.789104 1.15277  1.03716  0.789104  
0.378126 0.99861 0.952983 0.378126  0.99861  0.952983  
2.0257 0.172233 0.336419 2.0257  0.172233  0.336419  
1.03444 0.888661 1.26463 1.03444  0.888661  1.26463  
0.439192 1.06329 1.04578 0.439192  1.06329  1.04578  
0.271669 0.686996 1.63325 0.271669  0.686996  1.63325  
0.335153 1.71223 0.0612102 0.335153  1.71223  0.0612102  
0.317011 0.518379 1.69316 0.317011  0.518379  1.69316  
0.84938 1.31014 1.03925 0.84938  1.31014  1.03925  
0.744369 0.338432 1.43815 0.744369  0.338432  1.43815  
0.0675337 0.106892 2.08659 0.0675337  0.106892  2.08659  
1.3001 0.723328 1.38271 1.3001  0.723328  1.38271  
1.64018 0.284203 0.259242 1.64018  0.284203  0.259242  
1.32962 0.838644 1.09122 1.32962  0.838644  1.09122  
1.31206 0.0837852 1.30385 1.31206  0.0837852  1.30385  
0.364971 1.62095 0.650178 0.364971  1.62095  0.650178  
0.274401 1.79005 0.13211 0.274401  1.79005  0.13211  
0.335698 1.16573 1.02344 0.335698  1.16573  1.02344  
1.51977 0.981414 0.393553 1.51977  0.981414  0.393553  
1.05036 0.418716 1.4535 1.05036  0.418716  1.4535  
1.07864 0.0295702 1.26005 1.07864  0.0295702  1.26005  
0.844448 0.885975 1.2717 0.844448  0.885975  1.2717  
1.36429 1.39681 0.461892 1.36429  1.39681  0.461892  
0.685225 1.24988 1.33032 0.685225  1.24988  1.33032  
0.951763 1.22039 0.706455 0.951763  1.22039  0.706455  
0.906588 1.2445 0.0317319 0.906588  1.2445  0.0317319  
1.58619 0.153194 0.401558 1.58619  0.153194  0.401558  
0.480767 0.212656 1.60338 0.480767  0.212656  1.60338  
0.426929 0.538611 1.2911 0.426929  0.538611  1.2911  
1.22926 0.398268 0.125171 1.22926  0.398268  0.125171  
0.725958 0.424957 1.77048 0.725958  0.424957  1.77048  
0.327833 1.72448 0.143664 0.327833  1.72448  0.143664  
0.884828 0.70945 1.7084 0.884828  0.70945  1.7084  
0.137848 0.219518 2.1825 0.137848  0.219518  2.1825  
0.369915 1.89406 0.242927 0.369915  1.89406  0.242927  
0.26238 1.26783 1.44265 0.26238  1.26783  1.44265  
0.274544 0.920022 1.25193 0.274544  0.920022  1.25193  
0.0237346 2.17225 0.359396 0.0237346  2.17225  0.359396  
0.48526 0.610526 1.51327 0.48526  0.610526  1.51327  
0.871821 1.29419 0.84206 0.871821  1.29419  0.84206  
0.280571 0.549881 1.90129 0.280571  0.549881  1.90129  
1.40575 0.796358 0.906715 1.40575  0.796358  0.906715  
0.0212268 0.618309 1.45404 0.0212268  0.618309  1.45404  
2.06748 0.405353 0.0707813 2.06748  0.405353  0.0707813  
0.204307 0.231174 1.58329 0.204307  0.231174  1.58329  
1.37083 0.00451581 1.63817 1.37083  0.00451581  1.63817  
1.35409 0.153107 1.42388 1.35409  0.153107  1.42388  
0.532313 0.126308 2.10898 0.532313  0.126308  2.10898  
1.21454 0.88988 1.10335 1.21454  0.88988  1.10335  
1.77023 0.312072 0.861964 1.77023  0.312072  0.861964  
0.705198 1.37794 0.679394 0.705198  1.37794  0.679394  
0.225755 0.118292 2.07369 0.225755  0.118292  2.07369  
0.799683 0.173095 1.59032 0.799683  0.173095  1.59032  
0.583093 0.19176 1.68515 0.583093  0.19176  1.68515  
1.73475 1.31832 0.81111 1.73475  1.31832  0.81111  
0.506537 0.174035 2.05465 0.506537  0.174035  2.05465  
0.610627 1.22579 0.40855 0.610627  1.22579  0.40855  
0.306397 0.0496154 1.56737 0.306397  0.0496154  1.56737  
0.129988 0.0563798 1.87645 0.129988  0.0563798  1.87645  
0.512127 1.05726 0.983217 0.512127  1.05726  0.983217  
0.957898 0.499558 2.0483 0.957898  0.499558  2.0483  
0.0251422 0.0410821 1.78234 0.0251422  0.0410821  1.78234  
0.0340197 0.0488397 1.42293 0.0340197  0.0488397  1.42293  
1.13023 1.02892 0.421573 1.13023  1.02892  0.421573  
1.45301 0.464367 0.35368 1.45301  0.464367  0.35368  
1.66164 0.944189 0.277813 1.66164  0.944189  0.277813  
0.194436 0.84683 1.3035 0.194436  0.84683  1.3035  
0.362607 1.55356 0.752531 0.362607  1.55356  0.752531  
0.783666 1.12198 0.172259 0.783666  1.12198  0.172259  
0.14022 0.473439 1.57586 0.14022  0.473439  1.57586  
0.344866 0.986371 1.1199 0.344866  0.986371  1.1199  
0.435909 1.3819 1.33414 0.435909  1.3819  1.33414  
0.538538 1.46209 1.04699 0.538538  1.46209  1.04699  
0.769328 1.15344 0.549176 0.769328  1.15344  0.549176  
1.70458 0.763511 0.34857 1.70458  0.763511  0.34857  
1.29545 1.14009 0.0290701 1.29545  1.14009  0.0290701  
0.931075 0.348058 1.53519 0.931075  0.348058  1.53519  
1.46687 0.816527 0.487332 1.46687  0.816527  0.487332  
0.61106 1.0317 1.2661 0.61106  1.0317  1.2661  
0.301149 0.887373 1.85098 0.301149  0.887373  1.85098  
0.0546987 0.341967 1.66648 0.0546987  0.341967  1.66648  
0.364288 1.31362 0.453392 0.364288  1.31362  0.453392  
0.839651 1.1206 1.60127 0.839651  1.1206  1.60127  
0.629536 1.44987 0.513644 0.629536  1.44987  0.513644  
0.83901 0.144613 1.35035 0.83901  0.144613  1.35035  
0.51602 1.37271 0.952583 0.51602  1.37271  0.952583  
1.15531 0.274168 1.34756 1.15531  0.274168  1.34756  
0.215736 0.905413 1.75703 0.215736  0.905413  1.75703  
0.323953 0.667324 1.7189 0.323953  0.667324  1.7189  
0.559754 0.748502 1.53793 0.559754  0.748502  1.53793  
0.92659 0.977849 1.42572 0.92659  0.977849  1.42572  
0.0220737 0.0658547 1.63728 0.0220737  0.0658547  1.63728  
2.21169e-05 0.836415 0.560092 0.671885  0.152459  1.99446  
0.872562 0.494806 0.0105295 0.00477452  0.638188  2.03424  
0.0131856 0.580573 0.814102 2.26862e-06  9.98893e-05  1  
0.382428 0.436049 0.816323 1.04576  0.00288118  0.0334408  
0.037701 0.627394 0.777789 1.99085  0.206232  0.0495019  
0.567678 0.336513 0.751337 0.000899916  0.614959  1.96015  
0.771283 0.828271 0.000155897 2.0004  0.343364  0.0174463  
0.804798 0.593346 0.0379885 2.03141  0.195452  0.309061  
0.839539 0.0820181 0.537079 2.14446  0.150491  0.187578  
0.530246 0.587894 0.611188 2.00791  0.0415575  0.644697  
0.767951 0.397539 0.50321 2.01033  0.480346  0.0337273  
0.474446 0.879922 0.0270195 2.09386  0.160156  0.364949  
0.687355 0.394643 0.613251 2.30199  0.629599  0.379693  
0.644528 0.650157 0.405798 1.77645  0.110406  0.814566  
1.95058e-05 0.737667 0.684938 1.80915  0.774744  0.157515  
0.000117375 1.14054 7.27612e-05 2.24916  0.375985  0.498612  
0.879623 0.0333616 0.474502 1.768  0.481983  0.37272  
0.804802 0.494639 0.328143 1.78433  0.019825  1.04974  
0.91395 0.0135274 0.405603 1.18912  1.36004  0.356374  
0.654339 0.251893 0.713016 1.95013  0.34054  0.339233  
0.652124 0.547649 0.524233 1.72962  0.790355  0.567365  
0.908762 0.224686 0.351667 1.95539  0.049091  1.15793  
0.604394 0.728241 0.323239 2.20381  0.207962  0.581637  
0.336531 0.57692 0.745088 2.04187  0.378225  1.00386  
0.514134 0.376775 0.770525 1.9726  0.901388  0.647071  
0.53751 0.84352 0.0286374 1.68552  0.139819  1.29572  
1.21393 7.82535e-05 5.7538e-05 1.40347  1.51302  0.1544  
0.304021 0.0311644 0.952157 1.61176  0.576822  0.760986  
1.57148e-05 1.00043 0.0231973 1.3017  1.20791  0.780749  
0.179797 0.957689 0.224732 0.545748  0.0577357  1.95719  
3.43433e-05 0.897314 0.470755 1.47511  1.27933  0.295071  
0.440856 0.835624 0.327687 0.301366  0.231539  2.30437  
0.00239369 0.487615 0.873056 1.51331  0.241995  1.26774  
0.0405102 0.408703 0.911769 0.047337  0.051032  2.16313  
0.913127 0.407164 0.0227387 1.53301  1.58197  0.246778  
1.00195 0.0370347 8.86597e-06 1.68994  0.375932  1.19003  
0.972643 0.412723 1.18938e-05 1.19604  1.44003  0.341653  
0.00348571 1.00514 0.000118214 1.08745  0.64857  2.10053  
0.53194 0.0292792 0.846722 1.28085  1.55617  0.234555  
0.0220965 0.787963 0.615973 1.00171  0.0872664  1.78291  
0.465574 0.535209 0.705327 0.12078  0.123257  1.8796  
0.000291851 1.01624 0.000112225 0.998731  0.0678935  1.88549  
0.747705 0.275343 0.604708 1.67993  0.784232  0.563087  
0.846907 0.000158376 0.710817 1.24162  0.72653  1.74966  
0.615264 0.78949 0.0371864 1.39925  1.93797  0.831485  
0.520534 0.784947 0.33601 0.407649  0.157765  1.97042  
0.389657 0.707441 0.593635 1.06695  1.43294  0.293875  
0.000100468 0.444797 0.898459 0.336419  0.289181  2.02534  
0.659999 0.0401834 0.750212 0.463479  1.24295  1.27179  
0.472707 0.0090291 0.881264 0.578224  0.0374263  2.04699  
0.382809 0.769918 0.511455 1.62691  1.31188  1.4366  
0.734449 0.0108706 0.678874 1.08232  1.22607  1.32815  
0.600229 0.476118 0.642701 0.865595  1.87294  0.704233  
0.976053 0.0606673 0.208909 0.884648  0.434673  1.81441  
0.728281 0.68567 0.0128503 0.00969386  0.538867  1.94712  
5.35114e-05 0.236908 0.975248 0.00776229  0.843598  2.11149  
0.344042 0.938604 0.0427483 0.721586  1.56134  1.03821  
0.690008 0.635908 0.346446 0.610013  0.138419  1.8108  
0.00319886 0.922426 0.389255 0.776283  0.177547  1.79328  
0.771691 0.0954436 0.628932 1.05018  1.08403  1.67008  
1.02541 0.000113497 0.0236914 0.734173  1.47892  0.740376  
0.0263847 0.288111 0.957234 0.438203  0.27815  1.82844  
0.196659 0.0398495 0.979662 0.610886  1.73374  0.381758  
0.00012006 0.531536 0.851295 0.654091  0.15068  1.9309  
0.237374 0.905619 0.351437 0.811147  1.72324  1.33668  
0.233884 0.352689 0.906122 0.213641  0.0188505  1.57215  
0.0042333 0.862359 0.509111 0.654487  1.31707  0.7052  
0.0240996 0.988046 0.152268 0.131097  1.57534  1.62577  
0.42856 0.307874 0.850805 0.319684  0.917271  1.75877  
0.890168 0.3519 0.289559 0.416614  0.389507  1.85449  
0.287063 0.242145 0.926802 0.0385555  0.822608  1.79198  
0.357035 0.880755 0.311426 0.44737  0.432415  1.96803  
0.324689 0.669357 0.668236 0.50011  0.722851  1.84792  
0.953723 0.235803 0.186583 0.160851  0.133772  1.91778  
0.806279 0.00146271 0.591534 1.41417  0.313343  1.45174  
0.99546 5.17909e-05 0.131805 0.399011  1.27998  1.74358  
0.00330327 0.672904 0.739723 0.734809  0.992548  1.7316  
0.519398 0.670588 0.529659 0.269516  0.284617  1.96027  
2.26862e-06 9.98893e-05 1 0.0953676  1.64447  0.2597  
0.337737 0.830673 0.443142 0.311316  0.733255  2.06047  
0.748002 0.495771 0.441254 0.113657  1.55931  1.79166  
0.599101 0.095997 0.794899 0.0875508  0.0140367  1.49407  
0.720526 0.569833 0.395216 0.127442  1.28897  0.0233571  
0.392657 0.621221 0.678652 0.281994  1.25178  1.56574  
0.697151 0.172367 0.695897 0.132606  2.26689  0.667357  
0.664291 0.747348 0.0137353 0.153325  0.572766  2.09467  
0.860695 0.316951 0.399438 0.0914159  1.76654  0.242301  
0.410936 0.908244 0.0795915 0.171338  0.943097  1.90435  
0.394857 0.0345941 0.918419 0.0695945  1.52378  1.05707  
0.754796 0.648175 0.100794 0.0796903  0.000100105  1.34791  
0.937032 0.347593 0.0339301 0.0224815  1.47564  0.0499862  
2.51613e-05 0.951546 0.33223 0.0147073  1.12081  1.77786  
0.978753 0.204576 0.0138717 0.0551278  1.70392  0.927744  
0.951479 0.00058475 0.310699 0.0682513  0.0352814  1.76694  
0.259857 0.965505 0.0166095 0.0600664  1.92088  0.536791  
0.352444 6.32663e-05 0.966181 0.00557627  0.75475  2.05157  
0.270961 0.757058 0.597484 0.136716  0.14064  2.13633  
0.802747 0.39247 0.448962 0.00288309  0.000588949  1.77816  
1.87558e-05 0.709304 0.720562 0.483948  0.483557  2.06821  
0.841025 0.541714 0.00441937 0.00539196  0.834366  2.08229  
2.21169e-05 0.836415 0.560092 0.0873611  1.59878  0.504333  
0.532191 0.845838 0.0366484 0.246736  1.55973  0.47661  
0.978629 0.0372773 0.202307 4.94467e-05  8.68219e-05  1  
0.382428 0.436049 0.816323 0.998517  0.0386066  0.0384116  
0.317553 0.423812 0.848259 1.68307  0.179035  0.0346926  
0.567678 0.336513 0.751337 1.67293  0.0614895  0.237246  
0.703499 0.817981 7.25833e-05 1.64822  0.337444  0.0350377  
0.855317 0.653487 7.24151e-05 1.65156  0.168793  0.282319  
0.839539 0.0820181 0.537079 1.63935  0.320125  0.186893  
0.530246 0.587894 0.611188 1.60026  0.0344842  0.469091  
0.00751107 0.987529 0.15726 1.55818  0.559986  0.0328918  
4.94467e-05 8.68219e-05 1 1.60147  0.293511  0.369964  
0.703183 0.40459 0.584671 1.57019  0.491141  0.220955  
0.644528 0.650157 0.405798 1.52781  0.134402  0.60093  
0.00493138 0.731115 0.682239 1.50164  0.639624  0.140924  
0.000117375 1.14054 7.27612e-05 1.5704  0.11487  0.549958  
0.937389 0.346162 0.0384116 1.51617  0.503314  0.3866  
0.804802 0.494639 0.328143 1.4309  0.0258648  0.846231  
0.913158 0.0347834 0.40612 1.32367  0.856605  0.0140261  
0.643597 0.33134 0.689925 1.54779  0.508929  0.293924  
0.652124 0.547649 0.524233 1.39462  0.73897  0.28145  
0.908762 0.224686 0.351667 1.34646  0.229566  0.805994  
0.604394 0.728241 0.323239 1.28104  0.881143  0.157321  
0.336531 0.57692 0.745088 1.41086  0.380907  0.711994  
0.507828 0.373906 0.776099 1.42053  0.722184  0.316307  
0.00774872 1.01877 4.31471e-05 0.00783389  0.00620401  1.66456  
1.21393 7.82535e-05 5.7538e-05 1.1326  0.988682  0.101375  
0.298184 0.0404207 0.953652 1.59135  0.587979  0.0168276  
3.66179e-05 0.999825 0.0237328 1.24914  0.883402  0.258951  
0.179797 0.957689 0.224732 0.00966565  0.0103413  1.67407  
0.00012864 0.899735 0.450323 1.12995  1.00759  0.218565  
0.440856 0.835624 0.327687 1.40007  0.286434  1.03196  
0.00372101 0.489226 0.87215 1.65833  0.201532  0.0657213  
0.00261971 0.388393 0.9215 0.927417  0.0374235  1.14569  
0.913472 0.40564 0.0351172 0.926089  1.21025  0.00615473  
1.00023 0.0216748 0.000107429 0.0204373  0.520547  1.50683  
0.972643 0.412723 1.18938e-05 0.617984  1.4316  0.27043  
0.10571 0.996276 1.26267e-05 0.0302188  0.00945217  1.65967  
0.566316 0.0215717 0.823919 0.939218  1.20148  0.0011499  
0.0428747 0.786445 0.616174 0.151463  0.232553  1.67925  
0.465574 0.535209 0.705327 0.590645  0.39709  1.35706  
0.04148 0.857842 0.512631 0.971424  0.0644837  1.42704  
0.747705 0.275343 0.604708 0.822111  1.33859  0.0688745  
0.760378 6.05213e-05 0.652559 0.986544  0.70613  1.03417  
0.59972 0.799373 0.0366483 0.14602  1.80219  0.286474  
0.520534 0.784947 0.33601 0.0206185  0.296215  1.62368  
0.403703 0.692576 0.597797 0.876016  1.23063  0.359605  
0.000100468 0.444797 0.898459 0.65985  0.551871  1.22468  
0.673551 5.50244e-05 0.739143 0.327752  1.04672  1.03931  
0.456776 0.0385859 0.888745 0.559433  0.0297278  1.10402  
0.388543 0.805052 0.448248 0.665492  1.4806  0.0671972  
0.730778 0.0278363 0.682104 0.847645  0.857952  1.18742  
0.600229 0.476118 0.642701 0.202615  1.58713  0.533736  
0.466806 0.883574 0.0384132 0.437835  0.360439  1.51925  
0.73148 0.680174 0.0480155 0.502886  1.5695  0.154944  
4.27411e-05 0.253466 0.969201 0.652503  0.545727  1.22777  
0.346174 0.937384 0.0384116 0.0973973  1.25358  0.945849  
0.690008 0.635908 0.346446 0.00389781  0.0246399  1.6493  
0.0062199 0.922149 0.387431 0.55316  1.53793  0.185507  
0.257798 0.868438 0.42351 0.215771  0.503873  1.54589  
0.870309 6.92711e-05 0.496829 0.0978588  1.7909  0.490043  
0.00202794 0.300658 0.953765 0.197128  0.152772  1.62642  
0.204742 0.0075748 0.978963 0.261469  1.64854  0.394962  
9.05744e-05 0.537131 0.845628 0.503068  0.316416  1.50509  
0.237374 0.905619 0.351437 0.565356  1.1366  0.954938  
0.248707 0.360453 0.89901 0.072844  0.0228831  1.55715  
0.818537 0.573285 0.0366482 0.386761  1.62849  0.00966149  
0.00652914 0.967997 0.251006 0.12507  1.00097  1.23006  
0.42856 0.307874 0.850805 0.440689  1.52599  0.452877  
0.872874 0.373929 0.313478 0.111767  0.470604  1.55708  
0.353959 0.198573 0.913948 0.367478  1.60752  0.241525  
0.357035 0.880755 0.311426 0.022705  0.514624  1.5254  
0.324689 0.669357 0.668236 0.346219  1.46095  0.793766  
0.958273 0.225001 0.176315 0.000335875  0.166058  1.5786  
0.813174 0.0309749 0.582141 0.288153  1.65067  0.114187  
0.999271 1.25254e-05 0.0384119 0.322058  0.854829  1.20812  
3.41466e-05 0.67823 0.735307 0.116797  1.50475  0.709455  
0.535214 0.65869 0.528842 0.119303  0.0865581  1.60994  
0.00421752 0.62528 0.780429 0.0564072  1.64581  0.326868  
0.408275 0.912124 0.0366482 0.0290335  0.505743  1.48613  
0.748002 0.495771 0.441254 0.184411  1.17928  0.949719  
0.622628 0.0237167 0.782181 0.0462489  0.00557536  1.50811  
0.72299 0.566417 0.396062 0.182239  1.67614  0.0663304  
0.392657 0.621221 0.678652 0.102797  0.925821  1.07795  
0.00105914 0.157026 0.987628 0.174304  1.5055  0.613877  
0.676982 0.735109 0.0366488 0.0390068  0.414936  1.54573  
0.860695 0.316951 0.399438 0.147023  1.64149  0.32094  
0.847454 0.529479 0.0384116 0.0733322  0.678805  1.39779  
0.000127976 0.758932 0.651508 0.075239  1.33499  0.835725  
0.779539 0.624971 0.0416026 0.0202429  0.000203942  1.33841  
0.88455 0.464864 0.0384116 0.0835964  1.67592  0.18674  
2.51613e-05 0.951546 0.33223 0.0375265  0.81263  1.21476  
0.9676 0.249587 0.0384119 0.0902456  1.65157  0.520985  
0.952535 7.58158e-05 0.309691 0.0035193  0.204651  1.57286  
0.252114 0.967006 0.0366483 0.0137222  1.64362  0.343099  
0.363606 2.89408e-05 0.93338 0.00729773  0.4931  1.46606  
0.346372 0.745546 0.574445 0.000717791  1.02116  1.03712  
0.802747 0.39247 0.448962 0.00297557  3.89181e-05  1.26167  
0.509255 4.05335e-05 0.862813 0.00760356  0.99969  0.0237303  
0.00389032 0.576771 0.816899 0.00223621  0.985532  1.05631  
2.21169e-05 0.836415 0.560092 1.30906  1.36217e-16  3.79e-18  
0.525902 0.849677 0.0384116 0.00926582  0.0753237  1.32295  
0.978322 0.0378258 0.203608 2.97874e-05  9.53715e-05  1  
0.382428 0.436049 0.816323 0.998516  0.0386065  0.0384116  
0.317553 0.423812 0.848259 1.29793  0.136672  0.0442146  
0.53714 0.263151 0.801446 1.29535  0.0585932  0.185503  
0.698376 0.722545 6.31531e-05 1.27476  0.25625  0.00365272  
0.874518 0.563467 1.82603e-05 1.27859  0.112176  0.214471  
2.97874e-05 9.53715e-05 1 1.26585  0.245758  0.142852  
0.530246 0.587894 0.611188 1.22553  0.0529531  0.370151  
0.577808 0.817368 1.62032e-13 1.19453  0.429256  0.0271677  
0.623971 0.0241252 0.78113 1.37631  0.254315  0.00393182  
0.703183 0.40459 0.584671 1.2339  0.363914  0.0269832  
0.644528 0.650157 0.405798 1.16852  0.0939896  0.465468  
0.0055911 0.735098 0.678206 1.15219  0.49017  0.0978405  
0.000117375 1.14054 7.27612e-05 1.18328  0.0138631  0.450422  
0.937559 0.345701 0.0384116 1.18784  0.375777  0.291557  
0.804802 0.494639 0.328143 1.04127  0.0211209  0.613543  
0.913158 0.0347834 0.40612 1.00123  0.645586  0.0120487  
0.643597 0.33134 0.689925 1.13956  0.372764  0.40809  
0.652124 0.547649 0.524233 1.08397  0.57148  0.0614432  
0.921925 0.253656 0.293498 1.06431  0.0399699  0.650993  
0.604394 0.728241 0.323239 0.967094  0.663603  0.119326  
0.336531 0.57692 0.745088 1.22737  0.155121  0.497691  
0.507828 0.373906 0.776099 0.0537076  0.457052  1.31903  
0.00774872 1.01877 4.31471e-05 0.880274  0.064619  0.74656  
1.11643 2.13291e-11 2.89561e-13 0.865564  0.76117  0.0540784  
0.301095 0.0116415 0.953524 1.18969  0.117223  0.695232  
5.76267e-05 0.999719 0.0237303 0.932583  0.639923  0.294108  
0.179797 0.957689 0.224732 0.822093  0.160431  0.886909  
0.00012864 0.899735 0.450323 0.88382  0.781515  0.147912  
0.440856 0.835624 0.327687 1.09255  0.0878789  0.886044  
0.00369643 0.485993 0.873955 0.948816  0.537433  0.561796  
0.00261971 0.388393 0.9215 0.336071  0.00702052  1.36406  
0.913268 0.405545 0.0384116 0.693143  0.905053  0.00905231  
1.00023 0.0216748 0.000107429 1.06231  0.71133  0.655064  
0.894513 0.0345854 0.445701 0.892466  0.934272  0.278381  
0.10571 0.996276 1.26267e-05 0.0788923  0.345709  1.26125  
0.580109 0.000116279 0.818096 0.700227  0.936704  0.0336157  
0.0867574 0.793221 0.602722 1.02147  0.609576  0.790658  
0.467105 0.526165 0.710837 0.942892  0.875083  0.609405  
0.04148 0.857842 0.512631 0.645712  0.125362  0.993115  
0.753054 0.273017 0.598806 0.621173  1.00789  0.0848942  
0.760378 6.05213e-05 0.652559 1.03855  0.765127  0.755287  
0.0766508 0.705178 0.704874 0.724084  0.953046  0.464693  
0.514793 0.758327 0.399911 0.0770362  0.00811188  1.30797  
0.458836 0.714312 0.528419 0.142172  1.29164  0.150273  
0.000100468 0.444797 0.898459 0.353885  0.349363  1.16144  
0.673551 5.50244e-05 0.739143 0.697235  0.839907  0.669492  
0.46649 0.0368292 0.883781 0.538716  0.0271725  1.17899  
0.388543 0.805052 0.448248 0.503893  1.13393  0.0457856  
0.731069 0.028266 0.681718 0.0434828  0.438104  1.22519  
0.600229 0.476118 0.642701 0.329985  1.1679  0.366214  
0.466806 0.883574 0.0384132 0.569648  0.0702986  1.13468  
0.73148 0.680174 0.0480155 0.346272  1.19473  0.246347  
4.27411e-05 0.253466 0.969201 0.531616  0.364786  1.00093  
0.346174 0.937384 0.0384116 0.117648  1.37839  0.206376  
0.690008 0.635908 0.346446 0.408238  0.0582057  1.14758  
0.62527 0.779463 0.0384116 0.425366  1.17664  0.133434  
0.257798 0.868438 0.42351 0.521989  0.683164  1.0634  
0.870309 6.92711e-05 0.496829 0.237679  1.27555  0.391525  
0.00228903 0.300954 0.953671 0.149556  0.0292822  1.30194  
0.204742 0.0075748 0.978963 0.425411  1.1824  0.350948  
9.05744e-05 0.537131 0.845628 0.384834  0.272904  1.07535  
0.289673 0.90834 0.302361 0.231085  0.838369  0.797003  
0.253764 0.355377 0.900723 0.307483  0.00642332  1.24803  
0.816355 0.576299 0.0384122 0.29736  1.2519  0.00361472  
0.039372 0.967426 0.250805 0.0599329  0.435278  1.22277  
0.435821 0.318036 0.843353 0.283494  1.165  0.392158  
0.404352 0.0156338 0.91447 0.290694  0.257045  1.14715  
0.352027 0.250551 0.904027 0.283318  1.24151  0.173771  
0.832143 0.0321739 0.553627 0.139435  0.587025  1.07245  
0.384902 0.681007 0.623129 0.132324  1.08201  0.622859  
0.985346 0.17057 4.29301e-05 0.106832  0.127575  1.25316  
0.803848 2.6521e-11 0.596427 0.223651  1.27363  0.0944153  
0.999719 5.82057e-06 0.0237303 0.163747  0.791969  1.18464  
3.41466e-05 0.67823 0.735307 0.250806  1.21029  0.497237  
0.536373 0.65225 0.535637 0.200292  0.164985  1.16363  
0.00800207 0.625693 0.780028 0.197609  1.23209  0.290742  
0.405699 0.9132 0.0384116 0.202568  0.489853  1.14533  
0.771667 0.444341 0.455072 0.123669  1.0786  0.797995  
0.00700718 0.921279 0.389036 0.152462  0.0704101  1.27407  
0.72299 0.566417 0.396062 0.140523  1.29512  0.0495657  
0.392657 0.621221 0.678652 0.119742  0.755274  0.970131  
0.00119502 0.157118 0.987579 0.14158  1.15093  0.467946  
0.678945 0.733184 0.0384116 0.00455255  0.0776439  1.28416  
0.839565 0.38548 0.382801 0.108153  1.26714  0.244208  
0.847454 0.529479 0.0384116 0.0153132  0.516646  1.09917  
0.000127976 0.758932 0.651508 0.0547089  1.04974  0.71635  
0.779539 0.624971 0.0416026 0.0352076  0.00447513  1.00939  
0.883891 0.466173 0.0384126 0.0758913  1.29433  0.145683  
2.51613e-05 0.951546 0.33223 0.00198834  0.618072  1.00006  
0.960711 0.275202 0.038415 0.0345357  1.16519  0.719586  
0.952535 7.58158e-05 0.309691 0.00654165  0.205345  1.26378  
0.251747 0.96688 0.0420437 0.0447368  1.22804  0.358667  
0.353769 7.09105e-05 0.935861 0.00714667  0.121887  1.30153  
0.34167 0.744699 0.575895 0.00426457  0.819073  0.868182  
0.794659 0.337167 0.506435 0.0116523  0.00418017  1.30161  
0.509255 4.05335e-05 0.862813 0.00760356  0.99969  0.0237303  
0.00389032 0.576771 0.816899 0.00383244  0.736075  0.780209  
0.287868 0 0.95767 1  0  8.78749e-05  
0.530829 0.847479 6.07128e-05 5.46897e-10  1  2.52326e-05  
0.980492 8.34919e-20 0.196571 5.69248e-05  8.21132e-05  1  
0.383397 0.499233 0.777036 1.07788  0.0416327  0.0384573  
0.317553 0.423812 0.848259 1.06783  0.113732  0.0301021  
0.535221 0.266005 0.801812 1.05783  0.0447267  0.151633  
0.757942 0.652401 8.78794e-05 1.03866  0.212804  0.0194617  
0.794539 0.607213 8.78749e-05 1.04182  0.105575  0.178024  
7.99322e-08 0.155484 0.988175 1.03271  0.20083  0.120311  
1 0 8.78749e-05 0.995486  0.0392008  0.30346  
0.576843 0.816855 8.78749e-05 0.968228  0.349004  0.0131328  
0.610646 0 0.791905 0.999517  0.18261  0.235761  
0.703183 0.40459 0.584671 0.987354  0.304397  0.132879  
0.645222 0.645696 0.408368 0.992932  0.0536415  0.374352  
1.46847e-07 0.707004 0.707281 0.960198  0.40187  0.0784446  
4.83098e-07 0.939723 0.341948 1.0027  0.0929845  0.327638  
0.939282 0.343146 8.78749e-05 0.953794  0.316046  0.243486  
0.790892 0.510198 0.338159 0.868781  0.0287723  0.497909  
0.921738 0 0.387931 0.863903  0.556679  0.0171374  
0.637389 0.336883 0.692997 1.01125  0.0660184  0.30867  
0.652124 0.547649 0.524233 0.907675  0.475783  0.17376  
0.916224 0.251212 0.312131 0.893349  0.157555  0.542664  
0.60563 0.725432 0.332591 0.862402  0.570608  0.00298665  
0.019167 0.732843 0.680142 0.93318  0.215456  0.502822  
0.509825 0.400456 0.761488 0.919841  0.474197  0.294208  
5.46897e-10 1 2.52326e-05 0.818851  0.0413911  0.677942  
0.73335 0.679851 6.07128e-05 0.800831  0.669614  0.0513609  
3.08591e-07 0.488132 0.872911 0.869522  0.302881  0.542119  
1.64011e-09 0.387546 0.921961 0.833208  0.555982  0.298125  
0.469081 0.588867 0.658179 0.759165  0.109996  0.752659  
0.490035 0 0.871703 0.827025  0.663184  0.0414414  
0.440856 0.835624 0.327687 0.845562  0.274583  0.708051  
0.913845 0.40537 0.0237303 0.794377  0.507295  0.447758  
0.341158 0.565969 0.750526 0.633507  0.024469  0.873587  
1.73084e-07 0.833327 0.552819 0.641306  0.832801  6.9175e-06  
0.895321 0.445422 8.78749e-05 0.802158  0.500158  0.469359  
0.579714 0.576295 0.580198 0.604188  0.803093  0.273371  
0.195461 0.980712 2.52326e-05 0.685693  0.175018  0.776187  
0.550352 0 0.834935 0.580293  0.902654  0.0326521  
1.38049e-05 0.794513 0.607727 0.17482  0.14005  1.13964  
0.514265 0.515688 0.685491 0.788148  0.631395  0.351071  
2.15566e-07 0.862131 0.506698 0.547176  0.00936671  0.912014  
0.753054 0.273017 0.598806 0.550755  0.917208  0.0302059  
0.592811 0.471416 0.653459 0.50607  0.7872  0.526923  
0.00362718 0.680236 0.733157 0.580826  0.738433  0.360051  
0.514793 0.758327 0.399911 0.478953  0.0131646  0.936314  
0.255638 0.87779 0.407232 0.56889  0.914148  0.0757506  
2.45248e-10 0.448436 0.893815 0.486013  0.292446  0.900341  
0.680663 0 0.732693 0.592059  0.656183  0.592095  
0.4473 0 0.894384 0.434733  0.0283809  0.963025  
0.38068 0.814254 0.438719 0.411523  0.914845  0.0422142  
0.733211 0.040955 0.679462 0.596138  0.660705  0.596175  
0.755753 3.40436e-17 0.654867 0.511781  0.875691  0.311088  
0.468031 0.883712 8.78749e-05 0.441694  0.166822  0.91892  
0.447543 0.439581 0.778839 0.43314  0.981223  0.0609449  
1.2381e-07 0.240835 0.970566 0.448151  0.415413  0.82916  
0.343776 0.939059 8.51536e-20 0.468265  0.827868  0.499355  
0.242026 0.290195 0.925884 0.304801  0.0120026  0.994976  
0.617973 0.7862 2.52326e-05 0.352711  0.983218  0.0727187  
5.69248e-05 8.21132e-05 1 0.427039  0.223844  0.920852  
0.873163 0 0.488263 0.436377  0.91008  0.354471  
2.2062e-10 0.32981 0.944053 0.324799  0.135937  0.977272  
0.192908 0 0.981217 0.270098  0.974969  0.291056  
2.83993e-07 0.552424 0.833566 0.330552  0.287161  0.955614  
0.31246 0.897564 0.311044 0.191607  0.763698  0.711032  
0.263943 0.368455 0.891983 0.195253  0.00942705  1.01964  
0.87177 0.489915 2.52326e-05 0.246277  1.03567  0.00664519  
7.10545e-10 0.980582 0.196109 0.314255  0.689171  0.708456  
0.437287 0.329721 0.837291 0.277606  0.951543  0.324609  
0.799559 0 0.600588 0.246715  0.289281  0.971415  
0.352027 0.250551 0.904027 0.205495  1.0318  0.120311  
0.832372 0 0.554676 0.0378955  0.511887  1.0134  
0.406606 0.704986 0.581145 0.234416  0.859085  0.572011  
0.98061 0.196176 2.52336e-05 0.189949  0.113294  1.01919  
0.707558 0.706656 2.52326e-05 0.18443  1.04335  0.0781828  
0.894727 0 0.446613 0.194906  0.619405  0.820705  
0.450065 0.73744 0.50673 0.197465  0.941434  0.456964  
0.536373 0.65225 0.535637 0.159512  0.127787  1.03985  
3.3602e-07 0.653626 0.756861 0.16502  1.00339  0.240866  
0.409073 0.912502 2.52326e-05 0.144583  0.378345  0.915738  
0.759813 0.458897 0.460796 0.0891194  0.819187  0.683325  
1.91332e-07 0.921184 0.389128 0.00644148  2.93255e-07  1.04882  
0.72299 0.566417 0.396062 0.115888  1.06524  0.0432868  
0.392657 0.621221 0.678652 0.135338  0.689142  0.805735  
0.653673 0.756777 2.52326e-05 0.121092  0.94632  0.37607  
0.678874 0.733151 0.0402357 0.0195778  0.264977  1.02259  
0.839565 0.38548 0.382801 0.0955166  1.03565  0.203125  
0.833466 0.552572 0 0.0350843  0.473913  0.938218  
4.1385e-10 0.756724 0.653813 0.0636199  0.861067  0.608613  
0.705984 0 0.708245 0.0225279  0.00714894  0.99984  
0.393553 0 0.919336 0.0625009  1.06408  0.120102  
1.99064e-07 0.958407 0.285405 0.0482983  0.52368  0.920604  
0.957939 0.286975 0 0.0223356  0.9554  0.422072  
0.957728 0 0.287676 0.0262552  0.00647897  1.144  
0.654512 0 0.756052 0.0267892  1.00235  0.292914  
0.286295 0.958141 2.28882e-05 0.0107113  0.362924  0.967653  
0.33735 0.792409 0.508906 3.32237e-12  0.77982  0.743526  
0.794659 0.337167 0.506435 0.00142197  0.0235895  0.999726  
3.78669e-09 0.894767 0.446533 0.00747072  1.07838  0.0235958  
2.56818e-09 0.606842 0.794987 0.00300985  0.670537  0.74194  
0.730925 0.0438676 0.681046 1  5.53181e-05  8.78749e-05  
0.0170701 0.733467 0.679523 6.12323e-17  1  2.37921e-06  
0.251498 0.350069 0.902331 9.53384e-05  2.98932e-05  1  
0.863121 4.77462e-05 0.505335 0.998529  0.0382542  0.0384348  
0.317553 0.423812 0.848259 0.993772  0.105711  0.0352595  
0.487549 2.69703e-05 0.873096 0.98877  0.0471836  0.1418  
0.755281 0.655401 2.37921e-06 0.979218  0.20081  0.0284068  
3.0722e-17 0.501729 0.865025 0.980621  0.100879  0.167945  
1.19614e-17 0.195345 0.980963 0.975135  0.190007  0.114061  
0.861908 0.507064 2.37921e-06 0.955621  0.0385404  0.292066  
0.392335 0.800433 0.453214 0.940329  0.339534  0.0223104  
0.287208 0.957868 2.37921e-06 0.957977  0.176167  0.226376  
0.552245 0.833682 8.78749e-05 0.945748  0.295696  0.134626  
0.374539 0.927211 2.37921e-06 0.925641  0.0847876  0.368782  
1.46847e-07 0.707004 0.707281 0.916209  0.390449  0.0900585  
0.256887 0.84318 0.472288 0.921175  0.161131  0.354222  
9.53384e-05 2.98932e-05 1 0.920767  0.307986  0.239443  
0.241976 1.37999e-05 0.970282 0.860482  0.0338912  0.508352  
0.640015 0.337874 0.690089 0.840187  0.542015  0.0174819  
0.605814 0.467101 0.644054 0.895483  0.294394  0.333829  
0.874601 0.255679 0.412171 0.868854  0.461086  0.180256  
5.83234e-17 0.952494 0.305058 0.846542  0.143372  0.512652  
0.470582 0.704804 0.530852 0.820218  0.562508  0.104055  
0.332209 1.83772e-05 0.943297 0.846034  0.247327  0.472288  
0.911743 0.0359102 0.409189 0.842385  0.444708  0.30434  
0.567744 0.796093 0.211921 0.763256  0.0662979  0.642685  
0.543805 0.397188 0.739626 0.749641  0.658331  0.0681098  
1 5.53181e-05 8.78749e-05 0.809  0.331701  0.485276  
1.09955e-16 0.388152 0.921595 0.788771  0.544536  0.285168  
0.615872 3.40689e-05 0.788684 0.728784  0.12434  0.67336  
5.28687e-17 0.863411 0.504501 0.734531  0.65349  0.182797  
0.424606 0.847464 0.319133 0.738177  0.24575  0.628252  
0.938508 0.345258 8.78749e-05 0.754255  0.492478  0.434241  
0.343597 0.572693 0.744287 0.628569  0.0245724  0.777366  
1.42506e-10 0.832245 0.55448 0.608454  0.793495  0.0122532  
0.894338 0.447392 8.78749e-05 0.716937  0.477246  0.508171  
0.57682 0.576583 0.578645 0.668464  0.699457  0.252817  
0.353737 0.900812 0.251813 0.645341  0.223485  0.730472  
0.554755 0.000110255 0.832077 0.599979  0.789563  0.128902  
0.78367 0.621177 8.78749e-05 0.650845  0.37129  0.662227  
0.778995 0.444397 0.442945 0.643383  0.644669  0.412867  
0.905206 0.300353 0.301483 0.547646  0.101979  0.830472  
0.680612 0.0268298 0.732153 0.522494  0.849598  0.072001  
4.8393e-17 0.790317 0.612698 0.607132  0.468117  0.642073  
0.529568 0.470694 0.705695 0.577432  0.733697  0.358136  
0.363956 0.311879 0.877721 0.516968  0.173871  0.83816  
0.52219 0.757474 0.391855 0.514349  0.831011  0.211815  
2.73801e-17 0.447151 0.894523 0.52956  0.329771  0.781548  
0.65396 0.535277 0.534616 0.543416  0.646378  0.535626  
0.4473 0 0.894384 0.421838  0.0424909  0.905675  
0.531358 0.656326 0.535626 0.410006  0.910998  0.0444747  
0.705333 0.40212 0.583785 0.503737  0.551121  0.665217  
0.755753 3.40436e-17 0.654867 0.463994  0.816249  0.344162  
0.489997 0.871724 2.37921e-06 0.424092  0.22327  0.877665  
5.64839e-17 0.922452 0.387379 0.402948  0.89614  0.185922  
0.685874 0.570419 0.453139 0.433203  0.394897  0.81018  
0.410072 0.647437 0.645131 0.435772  0.726842  0.530852  
0.606235 0.722777 0.334087 0.339636  0.0788269  0.937248  
0.441609 0.385478 0.810184 0.337766  0.934215  0.114702  
0.342178 0.744217 0.573634 0.393738  0.496119  0.773845  
0.644281 0.645569 0.410131 0.376692  0.807901  0.453209  
4.56497e-13 0.286683 0.958027 0.313542  0.152504  0.937248  
0.732662 0.679396 0.0403526 0.326689  0.903738  0.276642  
3.41075e-17 0.557018 0.8305 0.321939  0.321728  0.890419  
0.310222 0.880625 0.358136 0.339691  0.685477  0.643996  
0.488754 0.319124 0.81196 0.241834  0.0150882  0.9702  
0.660169 0.751117 8.78749e-05 0.231204  0.972875  0.00763928  
7.10545e-10 0.980582 0.196109 0.304781  0.662871  0.683893  
0.804183 0.329725 0.494542 0.266111  0.910612  0.316182  
0.799559 0 0.600588 0.251729  0.294555  0.921884  
0.98843 5.46781e-05 0.151679 0.220875  0.964062  0.147642  
0.832701 0 0.553723 0.251385  0.485123  0.837533  
0.93978 5.19869e-05 0.34178 0.242211  0.824537  0.511344  
0.980601 0.196012 8.78749e-05 0.190467  0.128942  0.973189  
0.707558 0.706656 2.52326e-05 0.17398  0.981953  0.0741628  
0.894655 0 0.446757 0.214231  0.587619  0.780262  
0.81655 0.482985 0.316182 0.19298  0.887598  0.418244  
0.149525 8.27147e-06 0.988758 0.165459  0.210915  0.963399  
4.01314e-17 0.655395 0.755324 0.1586  0.959481  0.232901  
0.142392 0.67279 0.726868 0.163697  0.395956  0.903561  
0.449817 0.893121 2.37921e-06 0.164366  0.769161  0.617556  
0.388889 0.499931 0.773847 0.116869  0.0566352  0.991531  
0.607912 0.794009 3.68318e-05 0.108048  0.993326  0.0403526  
0.873659 0.413607 0.256222 0.136267  0.643851  0.752919  
0.472574 0.595454 0.651161 0.117699  0.920005  0.373815  
0.264143 0.240786 0.933991 0.10241  0.256778  0.961029  
0.850844 0.372864 0.372218 0.0906969  0.977323  0.191348  
0.832139 0.554568 2.37921e-06 0.0948421  0.449241  0.888362  
4.63171e-17 0.756416 0.654137 0.0903795  0.81337  0.574684  
0.707238 0 0.706976 0.0634938  0.0927338  0.993664  
0.387736 2.14488e-05 0.921771 0.0583068  0.992002  0.111946  
0.221484 0.931504 0.289597 0.064839  0.550942  0.832021  
0.957875 0.287185 8.78749e-05 0.0555581  0.877762  0.475865  
0.970624 5.36931e-05 0.240603 0.0407631  0.171438  0.984351  
0.654584 3.62104e-05 0.755989 0.0361041  0.95907  0.280858  
0.74423 0.572509 0.344028 0.030438  0.35178  0.935588  
3.72977e-17 0.609118 0.79309 0.0172058  0.739296  0.673161  
0.166816 0.985162 0.0403526 0.0102433  0.0230964  0.999681  
5.47825e-17 0.894667 0.446857 0.00763589  0.999689  0.0237324  
6.12323e-17 1 2.37921e-06 0.00364318  0.673223  0.739431  
0.332945 0.942946 8.96944e-05 1  5.53181e-05  8.96944e-05  
8.13775e-05 0.554744 0.832021 6.79963e-05  1  9.3041e-05  
0.793108 0.609294 7.388e-05 8.57022e-05  5.13629e-05  1  
0.34265 0.571941 0.745302 0.998509  0.038605  0.0385909  
0.151383 0.988479 9.30414e-05 0.993768  0.105739  0.0352807  
0.574395 0.575397 0.582227 0.988766  0.0472692  0.1418  
0.242232 0.970218 8.78749e-05 0.979193  0.200899  0.0286592  
0.571648 0.745495 0.343428 0.980571  0.100907  0.168222  
1.2008e-17 0.196106 0.980583 0.975035  0.190409  0.11424  
0.679437 0.732481 0.0430753 0.95551  0.0415025  0.292025  
0.85395 0.367108 0.368782 0.940322  0.339531  0.022635  
1 5.53181e-05 8.96944e-05 0.957943  0.176174  0.226513  
0.410898 0.645315 0.643996 0.945673  0.29599  0.134507  
0.533857 0.654431 0.53546 0.925654  0.0846394  0.368782  
1.46847e-07 0.707004 0.707281 0.916028  0.390853  0.0901502  
0.490389 2.71274e-05 0.871508 0.921029  0.161133  0.354601  
0.502305 0.774032 0.38544 0.920717  0.308056  0.239544  
0.49632 0.330413 0.803138 0.860416  0.0337508  0.508473  
0.654383 0.756163 7.22756e-06 0.840187  0.542015  0.0174819  
0.533682 0.534749 0.655155 0.89539  0.294598  0.333899  
0.761043 0.459294 0.458107 0.86882  0.461092  0.180403  
0.371503 0.372151 0.850582 0.846516  0.143526  0.512652  
0.242529 7.494e-05 0.970156 0.820218  0.562508  0.104055  
0.874837 0.255853 0.411722 0.846006  0.247421  0.472288  
5.62677e-17 0.918921 0.394441 0.842357  0.444747  0.304358  
5.47709e-17 0.894476 0.447115 0.763261  0.0662473  0.642685  
0.317381 0.873026 0.370327 0.749534  0.658453  0.0681103  
0.628403 0.458891 0.628115 0.808912  0.331973  0.485237  
1.09955e-16 0.388152 0.921595 0.788771  0.544536  0.285168  
0.390249 0.920736 9.30433e-05 0.728746  0.124563  0.67336  
0.554783 0.831999 8.78751e-05 0.734526  0.653485  0.182833  
0.794696 4.39611e-05 0.607007 0.738297  0.245742  0.628115  
0.622025 3.44093e-05 0.782997 0.754047  0.492512  0.434563  
0.459986 0.460788 0.759017 0.628578  0.0243217  0.777366  
5.27848e-17 0.862042 0.50684 0.608451  0.793491  0.0125916  
0.894456 0.447155 9.3041e-05 0.716959  0.477298  0.508091  
4.8932e-17 0.79912 0.601171 0.668347  0.699493  0.253027  
0.731285 0.680823 0.0432637 0.645553  0.223559  0.730262  
0.554755 0.000110255 0.832077 0.599938  0.789547  0.129188  
5.85911e-17 0.956865 0.290601 0.651142  0.371315  0.661921  
0.755689 0.654993 9.30449e-05 0.643385  0.644507  0.413118  
0.469606 0.705647 0.530597 0.547632  0.10179  0.830505  
0.455187 0.570595 0.683972 0.522579  0.849554  0.0718974  
0.342627 0.745817 0.571282 0.607685  0.468077  0.641579  
3.72411e-17 0.608193 0.793789 0.577449  0.733611  0.358284  
0.802589 0.329378 0.497353 0.516938  0.17396  0.83816  
4.44113e-05 0.653143 0.757235 0.51439  0.830986  0.211815  
2.73801e-17 0.447151 0.894523 0.52943  0.329979  0.781548  
0.65396 0.535277 0.534616 0.543695  0.64628  0.53546  
0.4473 0 0.894384 0.422046  0.0442032  0.905496  
0.939716 0.341957 7.22756e-06 0.410039  0.910969  0.044771  
0.943856 5.22123e-05 0.330358 0.503696  0.551159  0.665217  
0.755753 3.40436e-17 0.654867 0.464085  0.816029  0.344561  
6.79963e-05 1 9.3041e-05 0.424803  0.223514  0.877259  
0.606907 0.794961 8.97078e-05 0.402978  0.896126  0.185922  
0.812725 0.489394 0.316182 0.433059  0.395377  0.810023  
0.919128 5.08444e-05 0.393959 0.435694  0.727089  0.530577  
0.0463587 0.732421 0.679277 0.339656  0.0787411  0.937248  
0.396579 0.798342 0.453183 0.337766  0.934215  0.114702  
8.57022e-05 5.13629e-05 1 0.393852  0.496022  0.77385  
3.10651e-17 0.507332 0.861753 0.376835  0.807849  0.453183  
0.343626 0.248995 0.905496 0.313689  0.152949  0.937126  
5.09734e-17 0.832459 0.554087 0.326689  0.903738  0.276642  
0.248284 0.298202 0.921645 0.322587  0.321773  0.890169  
0.743965 0.573227 0.343405 0.340095  0.685277  0.643996  
0.869175 4.80812e-05 0.494507 0.242211  0.0153566  0.970102  
0.83173 0.55518 8.78749e-05 0.231204  0.972875  0.00763928  
1.73615e-17 0.283535 0.958962 0.304781  0.662871  0.683893  
0.862847 0.505466 9.3041e-05 0.266142  0.910603  0.316182  
0.654919 3.62289e-05 0.755699 0.252614  0.294543  0.921645  
0.98843 5.46781e-05 0.151679 0.220957  0.964044  0.147642  
0.569917 0.685434 0.453183 0.251183  0.485754  0.837228  
0.581299 0.401306 0.707873 0.242203  0.824507  0.511396  
0.980601 0.196012 8.78749e-05 0.190672  0.128825  0.973164  
0.707558 0.706656 2.52326e-05 0.173982  0.981948  0.0742185  
0.894655 0 0.446757 0.214307  0.587622  0.780239  
0.330047 1.82576e-05 0.943965 0.19414  0.887369  0.418193  
0.151875 8.40144e-06 0.9884 0.165628  0.210868  0.963381  
0.644264 0.645388 0.410364 0.158374  0.959518  0.232901  
0.728746 0.124563 0.67336 0.163667  0.395941  0.903573  
0.447452 0.894308 2.37921e-06 0.164662  0.76917  0.617466  
0.243153 0.925082 0.292054 0.117047  0.0571969  0.991478  
6.00566e-17 0.980799 0.196587 0.108097  0.993321  0.0403526  
0.388863 0.499942 0.77385 0.136472  0.643807  0.752919  
0.961547 0.27464 8.96944e-05 0.117688  0.919922  0.374023  
0.387674 2.14454e-05 0.921796 0.102594  0.25681  0.961001  
0.629997 0.268809 0.728594 0.0908605  0.977221  0.191792  
0.261064 0.841896 0.472288 0.095263  0.449275  0.8883  
4.62662e-17 0.755585 0.65505 0.0903823  0.813311  0.574766  
0.707238 0 0.706976 0.0637147  0.0933089  0.993596  
0.684015 0.573385 0.450961 0.0583903  0.991977  0.112129  
0.970567 8.54371e-06 0.240875 0.0643177  0.551038  0.831998  
0.832578 4.60567e-05 0.553907 0.0555581  0.877762  0.475865  
0.425009 0.84823 0.316199 0.0405013  0.1715  0.984351  
0.255468 0.412703 0.87464 0.0366474  0.95904  0.28089  
0.701458 0.40653 0.585397 0.0292929  0.352034  0.935529  
0.489889 0.871813 7.22774e-06 0.0260024  0.739176  0.67301  
0.0430642 0.680372 0.731706 0.0133723  0.0235473  0.999633  
0.904772 0.30109 0.30122 0.00790999  0.999681  0.0239848  
0.921017 0.387649 0.0385915 0.00365453  0.673223  0.739431  
0.913051 0.406071 0.0403563 1  9.52305e-05  8.96944e-05  
8.13775e-05 0.554744 0.832021 6.79963e-05  1  9.3041e-05  
0.86262 0.505913 9.30439e-05 8.42664e-05  6.70508e-05  1  
0.344783 0.57165 0.744767 0.998509  0.038605  0.0385909  
0.151383 0.988479 9.30414e-05 0.993765  0.105768  0.0352807  
0.594194 5.65854e-05 0.804322 0.988766  0.0472692  0.1418  
0.242232 0.970218 8.78749e-05 0.979193  0.200899  0.0286592  
0.234458 0.234029 0.943536 0.98057  0.100911  0.168222  
1.2008e-17 0.196106 0.980583 0.975035  0.190409  0.11424  
0.926214 0.23858 0.292037 0.955503  0.0416673  0.292025  
0.733074 0.0459197 0.678598 0.940322  0.339531  0.022635  
0.845816 0.427506 0.319347 0.957932  0.176172  0.226561  
0.84127 0.262934 0.472366 0.945632  0.296123  0.134507  
0.690114 0.338039 0.6399 0.925636  0.0849102  0.368767  
4.80828e-05 0.707138 0.707076 0.916024  0.390852  0.0901942  
0.989007 9.41836e-05 0.148423 0.921029  0.161133  0.354601  
0.500798 0.773109 0.389472 0.920649  0.308152  0.239681  
0.980888 0.194575 9.3041e-05 0.860422  0.0336107  0.508473  
0.752776 0.519733 0.404074 0.840187  0.542015  0.0174819  
1 9.52305e-05 8.96944e-05 0.895395  0.294606  0.333879  
0.39635 0.798476 0.453193 0.868826  0.461082  0.180403  
0.372268 0.372917 0.849911 0.846516  0.143526  0.512652  
0.242529 7.494e-05 0.970156 0.820218  0.562508  0.104055  
0.530965 0.531891 0.663298 0.845966  0.247409  0.472366  
0.615735 0.277 0.73766 0.84231  0.444823  0.30438  
5.47709e-17 0.894476 0.447115 0.763292  0.0658894  0.642685  
2.67336e-05 0.393163 0.919469 0.749534  0.658453  0.0681103  
0.60219 0.798353 8.96944e-05 0.808908  0.331971  0.485246  
0.387208 0.922003 8.96952e-05 0.788724  0.544552  0.285269  
0.913233 0.0355116 0.406073 0.728795  0.124617  0.673297  
0.568922 0.748729 0.340195 0.734495  0.653487  0.182953  
0.794553 7.56657e-05 0.607196 0.738309  0.245746  0.628099  
0.309721 0.880878 0.358334 0.754047  0.492512  0.434563  
0.489291 0.325733 0.809007 0.628581  0.0242526  0.777366  
5.27848e-17 0.862042 0.50684 0.608451  0.793491  0.0125916  
0.894456 0.447155 9.3041e-05 0.716959  0.477298  0.508091  
6.25431e-05 0.919801 0.393028 0.668318  0.699525  0.253015  
0.470656 0.705605 0.529722 0.645519  0.223547  0.730296  
0.553635 4.14753e-05 0.832833 0.599938  0.789547  0.129188  
6.66916e-05 0.980813 0.195148 0.651142  0.371315  0.661921  
0.0463121 0.731685 0.680068 0.643385  0.644507  0.413118  
0.706295 0.470198 0.529208 0.547642  0.101736  0.830505  
0.314694 5.9753e-06 0.949281 0.522578  0.849552  0.0719258  
0.45278 0.569931 0.685689 0.607616  0.468166  0.641579  
0.411376 0.256233 0.874708 0.577449  0.733611  0.358284  
0.0399721 0.679074 0.732981 0.516938  0.17396  0.83816  
4.4567e-05 0.655433 0.755253 0.51439  0.830986  0.211815  
2.73801e-17 0.447151 0.894523 0.529472  0.329912  0.781548  
0.410069 0.645842 0.643996 0.543695  0.64628  0.53546  
0.4473 0 0.894384 0.422101  0.0436773  0.905496  
0.659242 6.27799e-05 0.751931 0.410038  0.910968  0.0447941  
8.42664e-05 6.70508e-05 1 0.503798  0.551087  0.6652  
0.755753 3.40436e-17 0.654867 0.464017  0.816068  0.344561  
0.864442 8.23212e-05 0.503532 0.424811  0.223603  0.877233  
5.66706e-05 0.833437 0.553022 0.402975  0.896118  0.185966  
0.600542 0.534308 0.595035 0.433102  0.395556  0.809912  
0.804171 0.392252 0.446597 0.435703  0.727084  0.530577  
0.555066 0.831815 9.30417e-05 0.339624  0.0793507  0.937208  
0.44575 0.895157 8.96944e-05 0.337766  0.934215  0.114702  
0.535113 0.653404 0.53546 0.393981  0.495919  0.77385  
0.939843 0.341609 9.30411e-05 0.376835  0.807849  0.453183  
6.57053e-05 0.966308 0.257398 0.313534  0.153268  0.937126  
6.79963e-05 1 9.3041e-05 0.326701  0.903734  0.276642  
0.657727 0.753256 8.96944e-05 0.322559  0.321911  0.890129  
0.87885 0.311562 0.36132 0.339587  0.685529  0.643996  
0.424445 0.84841 0.316301 0.242223  0.0151728  0.970102  
0.583973 0.405485 0.703248 0.231287  0.972856  0.00763928  
1.95531e-05 0.287562 0.957763 0.304781  0.662871  0.683893  
4.12718e-05 0.606972 0.794723 0.266136  0.910563  0.316301  
0.644641 0.645766 0.409175 0.252628  0.294531  0.921645  
0.501068 3.75373e-05 0.865408 0.220957  0.964044  0.147642  
0.569917 0.685434 0.453183 0.251278  0.485705  0.837228  
0.752455 0.658644 8.96944e-05 0.242236  0.824497  0.511396  
0.658867 0.587638 0.469793 0.190453  0.129163  0.973162  
0.707558 0.706656 2.52326e-05 0.173982  0.981948  0.0742185  
0.89434 4.94732e-05 0.447388 0.214213  0.587771  0.780153  
0.486528 0.874449 8.97558e-05 0.194193  0.887358  0.418193  
0.151875 8.40144e-06 0.9884 0.165606  0.210885  0.963381  
0.793863 0.608096 9.3041e-05 0.159071  0.959451  0.232703  
0.944044 2.78595e-05 0.330141 0.163713  0.395923  0.903573  
0.766327 0.326979 0.553019 0.16466  0.769161  0.617477  
0.330354 0.943857 8.96944e-05 0.117055  0.0571813  0.991478  
0.96162 0.274384 9.3041e-05 0.108114  0.993319  0.0403526  
0.97054 9.2425e-05 0.240941 0.136472  0.643807  0.752919  
0.63364 0.449203 0.629854 0.117688  0.919922  0.374023  
0.387674 2.14454e-05 0.921796 0.102575  0.256822  0.961  
0.253662 0.412377 0.875104 0.0908462  0.977222  0.191792  
0.262944 0.841267 0.472366 0.0952912  0.449337  0.888266  
4.62662e-17 0.755585 0.65505 0.0901587  0.813336  0.574766  
0.707238 0 0.706976 0.0639522  0.0931787  0.993593  
5.40243e-05 0.794518 0.607429 0.0583903  0.991977  0.112129  
0.735894 0.616076 0.280911 0.0648472  0.550975  0.831998  
0.833372 7.93624e-05 0.552805 0.0555571  0.877747  0.475892  
0.243737 0.92536 0.292181 0.0402967  0.171572  0.984347  
0.386719 0.501602 0.77385 0.0366471  0.959034  0.280911  
3.44615e-05 0.506814 0.862055 0.0304121  0.351939  0.935529  
0.463337 0.465765 0.753911 0.0260268  0.739175  0.67301  
0.301596 0.301044 0.904661 0.0132236  0.0238614  0.999628  
0.832029 0.554733 9.3041e-05 0.00800437  0.99968  0.0239848  
0.342524 0.744957 0.572466 0.00365451  0.673218  0.739435  
0.288592 8.21234e-06 0.957452 1  9.52305e-05  8.96944e-05  
0.913111 0.0436524 0.405368 6.79963e-05  1  9.3041e-05  
0.601105 0.726081 0.333886 8.3478e-05  6.80298e-05  1  
1.33533e-05 0.196383 0.980527 0.998508  0.038605  0.0386126  
0.864467 0.502689 8.96944e-05 0.993761  0.105805  0.0352807  
6.39255e-05 0.940133 0.340809 0.988765  0.0472691  0.141811  
0.727089 0.139423 0.674226 0.979193  0.200899  0.0286592  
0.905051 0.301245 0.300223 0.980567  0.100941  0.168222  
0.677023 0.383774 0.628177 0.975035  0.190409  0.11424  
6.50419e-05 0.956551 0.291946 0.955509  0.0415214  0.292025  
0.00369254 0.680225 0.732994 0.940322  0.339531  0.022635  
0.758783 0.513905 0.400188 0.957928  0.176172  0.226579  
0.34287 0.572155 0.745036 0.94562  0.296119  0.1346  
3.78036e-05 0.555965 0.831205 0.925618  0.0850988  0.368767  
4.80828e-05 0.707138 0.707076 0.916025  0.39085  0.0901942  
0.707116 0.707098 8.96944e-05 0.921029  0.161133  0.354601  
0.236348 0.23676 0.942518 0.920649  0.308152  0.239681  
0.395815 0.798721 0.453184 0.860424  0.0335568  0.508473  
0.681133 0.731309 0.0352807 0.840187  0.542015  0.0174819  
0.468558 0.589908 0.657618 0.895393  0.294605  0.333886  
0.465568 0.464315 0.753431 0.868826  0.461082  0.180403  
5.36137e-05 0.78848 0.615249 0.846484  0.143394  0.512741  
1 9.52305e-05 8.96944e-05 0.820208  0.562502  0.104163  
0.781213 0.624265 9.3041e-05 0.845966  0.247409  0.472366  
0.411787 0.256622 0.874403 0.842263  0.444911  0.30438  
5.47709e-17 0.894476 0.447115 0.763261  0.0662385  0.642685  
0.833601 0.440335 0.333488 0.749534  0.658453  0.0681103  
0.81238 0.58173 0.0403526 0.808908  0.331971  0.485246  
5.86616e-05 0.862718 0.505686 0.788685  0.544607  0.285269  
0.95704 0.291052 9.30707e-05 0.72877  0.124613  0.673325  
0.874624 0.411225 0.256763 0.734493  0.653485  0.182967  
0.986745 0.0384834 0.157647 0.738309  0.245746  0.628099  
0.586203 0.404727 0.701983 0.754047  0.492512  0.434563  
0.463988 0.754303 0.46448 0.628575  0.0248924  0.77735  
0.447105 0.894481 8.96944e-05 0.608451  0.793491  0.0125916  
0.894456 0.447155 9.3041e-05 0.716959  0.477298  0.508091  
0.535041 0.653463 0.53546 0.668318  0.699525  0.253015  
0.628575 0.0248924 0.77735 0.645537  0.223553  0.730278  
0.970344 9.24063e-05 0.24279 0.599938  0.789547  0.129188  
6.66768e-05 0.980594 0.196067 0.651142  0.371315  0.661921  
0.755061 0.655655 8.96944e-05 0.643385  0.644507  0.413118  
0.706342 0.47023 0.529117 0.547624  0.10183  0.830505  
5.65951e-05 0.832327 0.554286 0.522576  0.849548  0.0719937  
8.3478e-05 6.80298e-05 1 0.607658  0.468131  0.641564  
0.654841 0.755767 9.3041e-05 0.577449  0.733611  0.358284  
0.202512 0.978448 0.0403526 0.516938  0.17396  0.83816  
4.45335e-05 0.65494 0.755681 0.51439  0.830986  0.211815  
2.73801e-17 0.447151 0.894523 0.529512  0.329932  0.781512  
0.732988 0.679865 0.022635 0.543695  0.64628  0.53546  
0.4473 0 0.894384 0.422087  0.0439216  0.905491  
0.37452 0.373844 0.848514 0.410041  0.910967  0.0447941  
0.645948 0.644211 0.409579 0.503737  0.551142  0.6652  
0.755578 7.1954e-05 0.655059 0.464035  0.816057  0.344561  
0.0351535 0.732692 0.679652 0.42481  0.223606  0.877233  
0.94005 0.339432 0.0330522 0.402975  0.896118  0.185966  
2.63892e-05 0.388098 0.921618 0.433094  0.395548  0.809921  
0.724045 0.603557 0.333884 0.435748  0.72708  0.530545  
0.555066 0.831815 9.30417e-05 0.339612  0.0794045  0.937208  
0.631553 0.576803 0.518149 0.337771  0.934213  0.114702  
0.865627 8.2434e-05 0.50069 0.393973  0.496006  0.773798  
0.253436 0.41201 0.875408 0.376835  0.807849  0.453184  
0.391244 0.920287 8.96944e-05 0.313685  0.153286  0.937073  
0.980714 0.195448 8.96944e-05 0.326734  0.903722  0.276642  
0.424416 0.848437 0.316304 0.322669  0.321801  0.890129  
0.842844 0.262469 0.473097 0.340044  0.685399  0.643893  
0.919774 0.392449 4.36857e-05 0.242226  0.0151241  0.970102  
0.658168 9.79031e-05 0.752983 0.231287  0.972856  0.00763928  
1.95531e-05 0.287562 0.957763 0.304796  0.662864  0.683893  
0.315918 0.316469 0.895131 0.266136  0.910563  0.316301  
0.381937 0.500833 0.777931 0.252619  0.294539  0.921645  
0.50407 4.80029e-05 0.863663 0.220957  0.964044  0.147642  
0.801368 0.392891 0.451124 0.25117  0.485761  0.837228  
0.48591 0.874761 8.97533e-05 0.24228  0.824484  0.511396  
0.775845 0.333824 0.535495 0.190577  0.129073  0.97315  
0.496131 0.801487 0.334105 0.173982  0.981948  0.0742185  
0.89434 4.94732e-05 0.447388 0.214246  0.587759  0.780153  
0.555972 5.29454e-05 0.831313 0.194235  0.887371  0.418146  
0.707209 6.73479e-05 0.707004 0.165603  0.210949  0.963367  
0.287371 0.957819 9.3041e-05 0.159065  0.959412  0.232867  
5.13909e-05 0.75579 0.654814 0.1637  0.395945  0.903565  
0.794816 7.56907e-05 0.60685 0.164659  0.769156  0.617483  
6.2531e-05 0.919624 0.392801 0.117054  0.0571835  0.991478  
6.79963e-05 1 9.3041e-05 0.108114  0.993319  0.0403526  
0.389183 0.70857 0.588614 0.136472  0.643807  0.752919  
0.513935 0.514831 0.688047 0.117688  0.91992  0.374027  
0.387674 2.14454e-05 0.921796 0.102679  0.256871  0.960976  
4.11847e-05 0.60569 0.795989 0.0909567  0.977212  0.191789  
0.62394 0.278198 0.730278 0.095455  0.449302  0.888266  
0.194076 1.8482e-05 0.980986 0.0900536  0.813348  0.574766  
0.394217 0.62582 0.67301 0.0638378  0.0933309  0.993586  
0.944072 8.99044e-05 0.32974 0.0583903  0.991976  0.112135  
0.49113 0.316834 0.811424 0.064758  0.550986  0.831998  
0.832233 7.92539e-05 0.554426 0.0554502  0.877754  0.475892  
0.599882 0.53372 0.596058 0.0404631  0.171547  0.984345  
0.3089 0.901083 0.304383 0.0366471  0.959032  0.280917  
3.44615e-05 0.506814 0.862055 0.0309413  0.352049  0.93547  
0.605202 0.796072 8.96944e-05 0.0254937  0.739194  0.67301  
0.345757 0.937529 0.0386126 0.0131673  0.0239732  0.999626  
0.832029 0.554733 9.3041e-05 0.00800437  0.99968  0.0239848  
0.342524 0.744957 0.572466 0.00365451  0.673218  0.739435  
0.988545 9.41396e-05 0.150928 1  9.52305e-05  8.96944e-05  
0.832775 7.93055e-05 0.554796 6.79963e-05  1  9.3041e-05  
0.61828 0.734911 0.282421 9.16733e-05  5.65035e-05  1  
1.32901e-05 0.195453 0.980713 0.998508  0.038605  0.0386126  
0.780287 0.444961 0.441531 0.993761  0.105805  0.0352807  
0.652198 0.75815 8.97013e-05 0.988764  0.0472691  0.141814  
0.0256867 0.734284 0.678525 0.979193  0.200899  0.0286592  
0.489238 0.87215 8.96944e-05 0.980565  0.100941  0.168236  
0.706505 0.470338 0.528803 0.97503  0.190434  0.11424  
0.940064 0.341668 8.97149e-05 0.955503  0.0416847  0.29202  
1.87954e-05 0.276418 0.961072 0.940322  0.339531  0.022635  
0.235175 0.235585 0.943023 0.957928  0.176172  0.226579  
0.653982 0.590913 0.472366 0.94562  0.296119  0.1346  
3.75842e-05 0.552738 0.833355 0.925627  0.0850099  0.368767  
4.80828e-05 0.707138 0.707076 0.916031  0.390836  0.0901942  
0.707116 0.707098 8.96944e-05 0.921021  0.161177  0.354601  
0.341883 0.570452 0.747438 0.920651  0.308153  0.239674  
0.921441 0.388518 9.3041e-05 0.86043  0.0333893  0.508473  
0.383984 0.624241 0.680352 0.840187  0.542015  0.0174819  
0.473303 0.59202 0.652301 0.895393  0.294605  0.333886  
0.286692 0.958023 8.96944e-05 0.868826  0.461082  0.180403  
0.341857 0.939752 8.96944e-05 0.84646  0.143535  0.512741  
0.808908 0.331971 0.485246 0.820208  0.562502  0.104163  
0.257011 0.874701 0.410905 0.845959  0.247435  0.472366  
0.411787 0.256622 0.874403 0.842263  0.444911  0.30438  
5.47709e-17 0.894476 0.447115 0.76328  0.066021  0.642685  
0.591928 5.63695e-05 0.805994 0.749534  0.658453  0.0681103  
0.745579 0.574384 0.33816 0.808908  0.331971  0.485246  
1.7483e-05 0.932798 0.360399 0.788685  0.544607  0.285269  
0.321586 0.487323 0.811849 0.728767  0.124626  0.673325  
0.554516 5.28068e-05 0.832173 0.7345  0.653478  0.182967  
0.73047 0.681474 0.0447941 0.738308  0.245751  0.628099  
0.904929 0.301212 0.300625 0.754047  0.492512  0.434563  
0.343482 0.692198 0.63473 0.628575  0.0248878  0.77735  
0.447105 0.894481 8.96944e-05 0.608451  0.793491  0.0125916  
0.894456 0.447155 9.3041e-05 0.716959  0.477298  0.508091  
0.303368 0.902951 0.30438 0.668318  0.699525  0.253015  
0.386681 3.68238e-05 0.922213 0.645537  0.223553  0.730278  
0.514878 0.515776 0.684744 0.599937  0.789547  0.129192  
6.66768e-05 0.980594 0.196067 0.651142  0.371315  0.661921  
0.862134 8.21014e-05 0.506681 0.643385  0.644507  0.413118  
0.813006 0.485756 0.321054 0.54764  0.101745  0.830505  
5.65951e-05 0.832327 0.554286 0.522576  0.849548  0.0719937  
0.6603 6.28807e-05 0.751007 0.607658  0.468131  0.641564  
0.570343 0.724592 0.386879 0.577445  0.733614  0.358284  
5.13893e-05 0.755766 0.654842 0.516938  0.17396  0.83816  
4.45335e-05 0.65494 0.755681 0.51439  0.830986  0.211815  
2.73801e-17 0.447151 0.894523 0.529491  0.329967  0.781512  
0.874186 0.41292 0.25694 0.543707  0.64627  0.53546  
0.4473 0 0.894384 0.422047  0.0443045  0.905491  
0.961529 0.274705 8.96944e-05 0.410041  0.910967  0.0447941  
0.374579 0.848407 0.374027 0.50374  0.551153  0.665189  
0.755578 7.1954e-05 0.655059 0.464037  0.816061  0.34455  
0.874746 0.255826 0.41165 0.42481  0.223606  0.877233  
0.301529 0.300928 0.904722 0.402975  0.896118  0.185966  
2.63406e-05 0.387383 0.921919 0.433094  0.395548  0.809921  
0.758337 0.651863 8.96944e-05 0.435752  0.727078  0.530545  
0.464647 0.46372 0.755356 0.339652  0.0792319  0.937208  
0.938562 8.93797e-05 0.345127 0.337771  0.934213  0.114702  
0.500853 0.798541 0.333886 0.393973  0.496006  0.773798  
9.16733e-05 5.65035e-05 1 0.376835  0.807849  0.453184  
0.599848 0.800114 8.96944e-05 0.313685  0.153286  0.937073  
0.862369 0.506281 9.3041e-05 0.326734  0.903722  0.276642  
0.288275 2.74525e-05 0.957548 0.322562  0.321918  0.890125  
0.0428854 0.678859 0.733016 0.3401  0.685384  0.643879  
1 9.52305e-05 8.96944e-05 0.24222  0.0152124  0.970102  
0.62467 0.276554 0.730278 0.231287  0.972856  0.00763928  
0.795572 7.57627e-05 0.605859 0.304797  0.662864  0.683893  
0.733881 6.98878e-05 0.679278 0.266136  0.910563  0.316301  
0.796687 0.604392 9.3041e-05 0.252646  0.294523  0.921643  
0.501796 4.77863e-05 0.864986 0.220957  0.964044  0.147642  
0.851673 0.372458 0.368779 0.251226  0.485748  0.837218  
0.730857 0.387863 0.561618 0.242275  0.824486  0.511396  
0.457063 0.762637 0.457692 0.190606  0.12903  0.97315  
0.970287 9.24009e-05 0.242627 0.173982  0.981945  0.0742523  
0.89434 4.94732e-05 0.447388 0.214317  0.587733  0.780153  
0.487227 0.324359 0.811778 0.194235  0.887371  0.418146  
0.707209 6.73479e-05 0.707004 0.165524  0.211011  0.963367  
0.599793 0.53363 0.596228 0.159075  0.95941  0.232867  
0.643385 0.644507 0.413118 0.163791  0.395908  0.903565  
0.607658 0.468131 0.641564 0.164659  0.769156  0.617483  
0.695179 0.339813 0.635379 0.117044  0.0572128  0.991477  
0.585648 0.404405 0.702477 0.108114  0.993319  0.0403526  
0.254634 0.411355 0.875185 0.136472  0.643807  0.752919  
5.41443e-05 0.796284 0.604923 0.117688  0.91992  0.374027  
0.194437 1.85163e-05 0.980981 0.10265  0.256882  0.960976  
0.980661 0.195715 8.96944e-05 0.0909567  0.977212  0.191789  
0.553905 0.832643 9.30459e-05 0.095501  0.449338  0.888242  
6.5173e-05 0.958479 0.285162 0.0903829  0.813324  0.574748  
4.12708e-05 0.606957 0.794735 0.0640594  0.0934061  0.993565  
0.370145 0.745931 0.553697 0.0583903  0.991976  0.112135  
6.79963e-05 1 9.3041e-05 0.0646916  0.550994  0.831998  
5.86192e-05 0.862093 0.506887 0.0554502  0.877754  0.475892  
0.20539 0.97868 8.96944e-05 0.0403705  0.171581  0.984343  
0.338908 0.791682 0.50853 0.0366532  0.959032  0.280917  
3.44615e-05 0.506814 0.862055 0.0309303  0.35205  0.93547  
0.410041 0.910967 0.0447941 0.025858  0.739181  0.67301  
0.534703 0.653909 0.535543 0.013422  0.0239696  0.999623  
0.832029 0.554733 9.3041e-05 0.0080073  0.99968  0.0239848  
0.371422 0.372069 0.850792 0.00365451  0.673218  0.739435  
7.73135e-05 7.49617e-05 1 1  9.52305e-05  8.96944e-05  
0.831528 7.91868e-05 0.555483 8.90124e-05  1  9.3041e-05  
0.875407 0.411036 0.254386 7.73135e-05  7.49617e-05  1  
0.405121 0.71245 0.572973 0.998508  0.038605  0.0386126  
0.792259 7.54472e-05 0.610185 0.993761  0.105805  0.0352807  
0.372051 0.371309 0.85071 0.988764  0.0472691  0.141814  
0.706161 0.470109 0.529466 0.979191  0.200905  0.0286592  
0.734524 0.00832214 0.679043 0.980565  0.100941  0.168236  
0.654085 0.590791 0.472376 0.975027  0.190436  0.114262  
0.939998 0.341179 9.3041e-05 0.955503  0.0416963  0.29202  
1.96828e-05 0.289468 0.957188 0.940322  0.339531  0.022635  
0.339398 0.56625 0.751113 0.957922  0.17621  0.226574  
0.592745 5.64474e-05 0.80539 0.94562  0.296119  0.1346  
6.69126e-05 0.554778 0.831998 0.925621  0.0850681  0.368767  
4.80828e-05 0.707138 0.707076 0.916031  0.390836  0.0901942  
0.707116 0.707098 8.96944e-05 0.921021  0.161177  0.354601  
0.0485345 0.678898 0.732733 0.92065  0.308155  0.239674  
0.793081 0.609117 9.3041e-05 0.860437  0.0332242  0.508473  
0.34426 0.693745 0.632616 0.840181  0.542024  0.017483  
0.957758 0.287574 9.3041e-05 0.895391  0.294605  0.333889  
0.298372 0.297834 0.90679 0.868826  0.461082  0.180403  
0.287349 2.73644e-05 0.957828 0.846489  0.143539  0.512692  
0.513894 0.514791 0.686308 0.820214  0.562494  0.104163  
0.257011 0.874701 0.410905 0.845954  0.247433  0.472376  
0.411787 0.256622 0.874403 0.842263  0.444911  0.30438  
5.47709e-17 0.894476 0.447115 0.763262  0.0664419  0.642664  
0.242823 0.970071 8.96944e-05 0.749565  0.658418  0.0681103  
0.921726 0.387841 8.96944e-05 0.808893  0.332007  0.485246  
1.74711e-05 0.196277 0.980548 0.788685  0.544607  0.285269  
0.567691 0.721223 0.397099 0.72876  0.124669  0.673325  
0.62705 0.2724 0.730824 0.7345  0.653478  0.182967  
0.157661 0.987493 9.3041e-05 0.738306  0.245756  0.628099  
0.904929 0.301212 0.300625 0.754041  0.492522  0.434563  
0.874924 0.255907 0.412009 0.628578  0.0248332  0.77735  
0.447105 0.894481 8.96944e-05 0.608451  0.793491  0.0125916  
0.894456 0.447155 9.3041e-05 0.716959  0.477298  0.508091  
0.712344 0.656931 0.248164 0.668317  0.699524  0.253018  
0.471278 0.593333 0.652574 0.645537  0.223555  0.730278  
0.630255 0.456368 0.6281 0.599937  0.789547  0.129192  
6.66768e-05 0.980594 0.196067 0.651142  0.371315  0.661921  
0.24336 0.924933 0.29202 0.643385  0.644507  0.413118  
0.604582 0.796544 9.30411e-05 0.547637  0.10176  0.830505  
5.65951e-05 0.832327 0.554286 0.522576  0.849548  0.0719937  
0.86523 8.23963e-05 0.501375 0.607658  0.468131  0.641564  
0.752448 0.658652 9.3041e-05 0.577445  0.733614  0.358284  
5.13893e-05 0.755766 0.654842 0.516941  0.173952  0.83816  
4.45335e-05 0.65494 0.755681 0.51439  0.830986  0.211815  
2.73801e-17 0.447151 0.894523 0.529506  0.329943  0.781512  
0.48796 0.8729 8.9697e-05 0.543707  0.64627  0.53546  
0.4473 0 0.894384 0.422024  0.0445207  0.905491  
8.90124e-05 1 9.3041e-05 0.410042  0.910966  0.0447968  
0.89532 8.52617e-05 0.445424 0.503815  0.551137  0.665146  
0.754998 7.18988e-05 0.655822 0.464037  0.816061  0.34455  
0.731138 0.388012 0.561284 0.42481  0.223606  0.877233  
7.1032e-05 0.798002 0.602656 0.402975  0.896118  0.185966  
0.235257 0.235667 0.942929 0.433094  0.395548  0.809921  
0.791442 0.339718 0.508145 0.435778  0.727049  0.530563  
0.389735 3.71147e-05 0.92104 0.339647  0.0792528  0.937208  
0.508917 4.84644e-05 0.861302 0.337771  0.934213  0.114702  
0.634572 0.691812 0.34455 0.393978  0.496013  0.773791  
0.939435 8.94628e-05 0.342757 0.376835  0.807849  0.453184  
0.460386 0.459556 0.759509 0.313664  0.15333  0.937073  
0.863008 0.506018 9.308e-05 0.326734  0.903722  0.276642  
0.852503 0.372123 0.369028 0.322531  0.321949  0.890125  
0.989273 1.48535e-05 0.146078 0.340109  0.68538  0.643879  
0.534571 0.654115 0.535133 0.242221  0.0152092  0.970102  
8.78652e-06 0.952879 0.303457 0.231302  0.972852  0.00763928  
0.680559 0.731675 0.0386126 0.304792  0.662853  0.683906  
1 9.52305e-05 8.96944e-05 0.266136  0.910563  0.316301  
0.329095 0.944297 8.96944e-05 0.252639  0.294529  0.921643  
0.386572 0.624498 0.678649 0.220957  0.964044  0.147642  
0.794231 0.445736 0.413156 0.251329  0.485769  0.837175  
0.487117 0.330221 0.808499 0.242275  0.824486  0.511396  
0.771797 0.50412 0.388198 0.190521  0.129156  0.97315  
0.337152 0.792573 0.508091 0.173982  0.981945  0.0742523  
0.4099 0.91103 0.0447968 0.214336  0.587761  0.780126  
0.504912 0.79599 0.333893 0.194256  0.887366  0.418146  
0.707209 6.73479e-05 0.707004 0.165576  0.210971  0.963367  
0.599793 0.53363 0.596228 0.159075  0.95941  0.232867  
3.46699e-05 0.389495 0.921028 0.163784  0.395911  0.903565  
0.832351 0.554913 9.30754e-05 0.16467  0.769154  0.617483  
0.554767 0.832006 8.96944e-05 0.117015  0.0572731  0.991477  
0.585648 0.404405 0.702477 0.108114  0.993319  0.0403526  
0.254902 0.411789 0.874903 0.136471  0.643799  0.752926  
0.047878 0.73185 0.679853 0.117688  0.91992  0.374027  
0.194437 1.85163e-05 0.980981 0.10265  0.256882  0.960976  
0.980661 0.195715 8.96944e-05 0.0909567  0.977212  0.191789  
0.38852 0.495038 0.777167 0.0954878  0.449341  0.888242  
0.744008 0.573173 0.343403 0.0903905  0.813323  0.574748  
4.12708e-05 0.606957 0.794735 0.064074  0.0933961  0.993565  
0.372517 0.851616 0.368768 0.0583903  0.991976  0.112135  
0.699984 0.342177 0.626847 0.064599  0.551005  0.831998  
5.86192e-05 0.862093 0.506887 0.0555079  0.87775  0.475892  
0.654158 0.756358 8.96944e-05 0.0407073  0.171538  0.984336  
8.16919e-05 0.917759 0.397138 0.0366758  0.959031  0.280917  
3.44615e-05 0.506814 0.862055 0.030913  0.352053  0.935469  
0.456287 0.761267 0.460732 0.0257764  0.739194  0.672999  
0.658168 4.69096e-05 0.752872 0.0134479  0.0239552  0.999623  
0.970585 9.24293e-05 0.240759 0.0080073  0.99968  0.0239848  
0.554082 5.27655e-05 0.832511 0.00365451  0.673218  0.739435  
