1.03599 1.3573 1.03599  1.3573  
1.65098 0.521134 1.65098  0.521134  
0.476852 2.58645 0.476852  2.58645  
0.52375 3.01368 0.52375  3.01368  
0.847878 1.69677 0.847878  1.69677  
0.401516 2.99739 0.401516  2.99739  
0.654731 2.65915 0.654731  2.65915  
0.456379 3.07111 0.456379  3.07111  
0.673939 2.07493 0.673939  2.07493  
0.598045 2.52534 0.598045  2.52534  
0.709748 1.69514 0.709748  1.69514  
0.709671 1.81116 0.709671  1.81116  
0.820248 1.94547 0.820248  1.94547  
0.884906 1.59909 0.884906  1.59909  
1.26418 0.914586 1.26418  0.914586  
0.41107 3.06675 0.41107  3.06675  
0.744508 1.69897 0.744508  1.69897  
0.633602 2.07944 0.633602  2.07944  
0.932866 1.84272 0.932866  1.84272  
1.65293 0.500098 1.65293  0.500098  
0.988794 1.28347 0.988794  1.28347  
0.92315 1.292 0.92315  1.292  
0.890961 1.35911 0.890961  1.35911  
0.644911 1.95066 0.644911  1.95066  
0.822953 1.43069 0.822953  1.43069  
0.461299 2.856 0.461299  2.856  
0.971178 1.39921 0.971178  1.39921  
1.21947 1.3896 1.21947  1.3896  
0.442964 2.79282 0.442964  2.79282  
0.41694 2.7636 0.41694  2.7636  
1.14253 1.28965 1.14253  1.28965  
1.30904 0.849618 1.30904  0.849618  
1.15872 1.18697 1.15872  1.18697  
0.599664 3.15813 0.599664  3.15813  
0.849855 1.49125 0.849855  1.49125  
0.634013 2.39958 0.634013  2.39958  
0.995872 1.4748 0.995872  1.4748  
1.06143 1.09196 1.06143  1.09196  
0.537224 2.68021 0.537224  2.68021  
0.837284 1.5882 0.837284  1.5882  
0.622533 2.02782 0.622533  2.02782  
1.05101 1.02678 1.05101  1.02678  
1.58727 0.617458 1.58727  0.617458  
0.5398 2.73008 0.5398  2.73008  
0.553838 2.16171 0.553838  2.16171  
0.532493 3.23302 0.532493  3.23302  
0.486894 2.87238 0.486894  2.87238  
0.941014 1.33619 0.941014  1.33619  
0.504714 2.86329 0.504714  2.86329  
0.799598 1.91004 0.799598  1.91004  
0.718248 1.94644 0.718248  1.94644  
0.947339 1.55595 0.947339  1.55595  
0.577577 2.02543 0.577577  2.02543  
0.458215 2.70225 0.458215  2.70225  
0.795747 2.20601 0.795747  2.20601  
0.540614 2.61084 0.540614  2.61084  
1.09781 1.26788 1.09781  1.26788  
0.531761 2.37921 0.531761  2.37921  
0.724848 1.94053 0.724848  1.94053  
0.553657 2.49089 0.553657  2.49089  
0.589131 2.44915 0.589131  2.44915  
1.00249 1.48497 1.00249  1.48497  
0.559645 2.42815 0.559645  2.42815  
0.442296 2.62325 0.442296  2.62325  
0.760114 1.44582 0.760114  1.44582  
1.11673 1.19049 1.11673  1.19049  
1.28726 1.06638 1.28726  1.06638  
1.0657 1.38462 1.0657  1.38462  
1.3245 0.939359 1.3245  0.939359  
0.541429 2.99275 0.541429  2.99275  
0.555648 2.9951 0.555648  2.9951  
1.36736 0.848133 1.36736  0.848133  
0.454428 2.90353 0.454428  2.90353  
1.15224 1.0192 1.15224  1.0192  
0.86179 1.68709 0.86179  1.68709  
0.79088 1.566 0.79088  1.566  
1.13433 1.01936 1.13433  1.01936  
0.678084 2.10137 0.678084  2.10137  
0.862643 1.70739 0.862643  1.70739  
0.591294 2.76325 0.591294  2.76325  
0.348133 3.10196 0.348133  3.10196  
0.811251 2.01891 0.811251  2.01891  
0.560393 2.40815 0.560393  2.40815  
0.969098 1.38235 0.969098  1.38235  
1.06672 1.44479 1.06672  1.44479  
0.640472 2.02829 0.640472  2.02829  
1.5203 0.714856 1.5203  0.714856  
0.854336 1.94756 0.854336  1.94756  
0.612108 2.07316 0.612108  2.07316  
0.863263 1.59243 0.863263  1.59243  
1.03089 1.28396 1.03089  1.28396  
0.86951 2.05173 0.86951  2.05173  
0.854134 1.32507 0.854134  1.32507  
0.772156 1.91757 0.772156  1.91757  
1.05268 1.33902 1.05268  1.33902  
0.681289 2.52938 0.681289  2.52938  
1.55675 0.704936 1.55675  0.704936  
0.81718 1.42681 0.81718  1.42681  
0.401298 2.65816 0.401298  2.65816  
0.661791 2.13082 0.661791  2.13082  
1.22274 0.314662 0.851978  0.785916  
1.24195 0.298505 0.704383  0.963544  
0.0762909 2.90975 0.830731  0.770198  
0.664015 1.02409 1.08061  0.495246  
0.0509194 3.10994 1.09956  0.474408  
1.61612 0.074752 1.08063  0.463155  
0.192709 2.28758 1.39751  0.230534  
0.502171 1.3495 1.56562  0.1026  
1.38545 0.193649 1.54848  0.120606  
0.563835 1.21633 1.49474  0.136252  
0.0430175 3.23556 1.47051  0.149704  
0.31933 1.83198 1.44421  0.165836  
0.272489 1.98451 1.4122  0.180084  
1.06155 0.467748 1.38628  0.195143  
0.0313617 3.33431 1.36131  0.210008  
1.65043 0.0617016 1.33718  0.226187  
1.03472 0.496831 1.31752  0.240547  
1.26011 0.283889 1.29696  0.255467  
0.153338 2.4643 1.2787  0.269573  
0.289024 1.92903 1.25908  0.284697  
0.345266 1.75345 1.24062  0.299616  
0.487825 1.38224 1.22274  0.314662  
1.75813 0.0298329 1.20533  0.329443  
0.719183 0.927923 1.18858  0.344178  
0.453992 1.46257 1.17181  0.359131  
0.422185 1.54236 1.15571  0.373983  
0.169991 2.38639 1.13961  0.389084  
0.303084 1.88309 1.12391  0.404254  
0.391323 1.62344 1.10855  0.419413  
0.807007 0.78965 1.09331  0.434705  
1.27867 0.269345 1.07838  0.450066  
1.46181 0.147789 1.06362  0.465546  
1.07838 0.450066 1.04917  0.480993  
0.17828 2.34932 1.03472  0.496831  
1.17181 0.359131 1.02067  0.512496  
1.58312 0.0880172 1.0063  0.528843  
1.13961 0.389084 0.992598  0.544665  
1.49386 0.130333 0.978759  0.560814  
1.20427 0.330469 0.965117  0.577175  
1.40686 0.180086 0.951462  0.593983  
0.58036 1.18259 0.938425  0.610542  
0.0186878 3.55402 0.925185  0.626951  
1.43145 0.16511 0.912505  0.644497  
0.0666953 2.9962 0.89874  0.661768  
1.7223 0.0395552 0.887533  0.67938  
0.611094 1.12195 0.874464  0.694751  
0.202883 2.24497 0.86099  0.714246  
0.549146 1.24725 0.846464  0.736269  
0.437876 1.50231 0.836513  0.753618  
0.978759 0.560814 0.820587  0.778621  
0.375893 1.66576 0.809447  0.791463  
0.874464 0.694751 0.796526  0.809174  
1.3609 0.209973 0.783898  0.829238  
0.749109 0.879266 0.788258  0.856302  
1.02067 0.512496 0.763893  0.86703  
1.18858 0.344178 0.745729  0.892132  
1.09331 0.434705 0.733207  0.913111  
0.648501 1.05155 0.734113  0.913846  
0.700433 0.959872 0.707637  0.955894  
1.33986 0.224297 0.69375  0.985252  
0.406664 1.58242 0.672261  1.01789  
1.31752 0.240547 0.670336  1.02475  
1.12391 0.404254 0.65788  1.04847  
0.635777 1.07511 0.644164  1.07809  
0.258002 2.03503 0.635773  1.087  
0.117619 2.64904 0.620623  1.12894  
0.0882438 2.83556 0.606539  1.14674  
0.768103 0.848946 0.592436  1.1659  
0.951462 0.593983 0.582415  1.20404  
0.214287 2.19914 0.568022  1.21883  
0.965117 0.577175 0.55223  1.26196  
1.15571 0.373983 0.540353  1.29536  
1.00529 0.530007 0.522252  1.3099  
0.16159 2.4251 0.504964  1.3676  
1.68723 0.0498628 0.490902  1.41264  
0.59555 1.15226 0.483949  1.41274  
0.130757 2.57918 0.467451  1.47442  
0.827573 0.759709 0.424132  1.57058  
1.10912 0.418824 0.439948  1.53407  
0.107653 2.71364 0.42257  1.56683  
0.243703 2.08673 0.415125  1.60324  
0.36342 1.70089 0.394707  1.64278  
0.682266 0.991087 0.371806  1.70157  
0.89874 0.661768 0.365257  1.72275  
0.228617 2.14303 0.347006  1.82459  
0.925185 0.626951 0.328298  1.82907  
0.532523 1.28234 0.311685  1.89924  
1.29696 0.255467 0.298912  1.93176  
0.518339 1.31333 0.276916  2.01743  
0.854695 0.721004 0.266318  2.13843  
0.332444 1.79183 0.2411  2.14071  
1.55008 0.102962 0.21873  2.28335  
1.5252 0.115002 0.190463  2.43464  
0.788765 0.817184 0.189206  2.39931  
0.472448 1.41831 0.169048  2.47429  
0.911857 0.643918 0.143169  2.55306  
1.83061 0.0155441 0.131867  2.64409  
0.623017 1.0991 0.141496  2.71926  
0.73453 0.903304 0.274447  2.02418  
0.140033 2.52983 0.315441  1.9328  
0.0921536 2.81679 1.08169  0.465652  
0.419806 1.54864 0.901575  0.674627  
0.0762909 2.90975 1.34711  0.229405  
0.939455 0.608756 1.42083  0.176023  
0.552891 1.24189 1.49503  0.146921  
0.653966 1.04175 1.47295  0.145911  
1.22726 0.311138 1.50297  0.140275  
0.0356045 3.26586 1.49562  0.139137  
0.0172603 3.63207 1.54036  0.1193  
0.706563 0.949092 1.49514  0.133787  
1.33079 0.230572 1.4729  0.146178  
1.58375 0.0876561 1.4386  0.161874  
1.19097 0.341902 1.41151  0.179002  
0.375571 1.66663 1.38935  0.19304  
0.953368 0.591646 1.36352  0.208876  
0.14 2.52994 1.34367  0.223986  
0.0528435 3.08888 1.32137  0.238381  
1.37443 0.201083 1.30194  0.252573  
0.747111 0.882374 1.28209  0.266937  
1.64891 0.0622289 1.26299  0.281757  
0.125968 2.60642 1.2431  0.297534  
1.39871 0.185079 1.22726  0.311138  
1.79069 0.0222053 1.20807  0.326966  
0.570011 1.20349 1.19097  0.341902  
0.36315 1.70156 1.17418  0.356916  
0.804867 0.793754 1.15777  0.371979  
1.46683 0.144762 1.14184  0.38694  
0.101015 2.74882 1.12597  0.402192  
0.537703 1.27115 1.11049  0.417401  
1.14184 0.38694 1.09522  0.432731  
0.62706 1.09137 1.08022  0.448105  
0.111206 2.69054 1.06547  0.463542  
1.03746 0.493722 1.05113  0.478846  
0.25743 2.03707 1.03664  0.494646  
0.468424 1.42792 1.02209  0.510771  
1.02209 0.510771 1.00797  0.526761  
0.851094 0.725879 0.994112  0.542757  
1.15777 0.371979 0.980208  0.559269  
1.61476 0.0752613 0.966179  0.57603  
0.336336 1.77992 0.953326  0.591604  
1.5233 0.115289 0.93945  0.608751  
0.586803 1.16958 0.926058  0.625997  
0.322099 1.82318 0.912423  0.64315  
0.612806 1.11859 0.899679  0.660218  
1.20807 0.326966 0.887021  0.677221  
1.17418 0.356916 0.873613  0.69551  
0.0487621 3.15782 0.860247  0.715704  
0.641169 1.06509 0.851285  0.7299  
0.72718 0.91533 0.835283  0.750163  
1.26299 0.281757 0.822064  0.768871  
1.30095 0.252316 0.809091  0.790039  
0.873613 0.69551 0.798505  0.812927  
0.43759 1.50297 0.782789  0.827447  
0.308799 1.86476 0.770539  0.846896  
0.523184 1.30263 0.761548  0.868235  
0.270787 1.99028 0.747118  0.88596  
0.765153 0.855565 0.731993  0.911507  
0.893286 0.670034 0.7186  0.935148  
0.822064 0.768871 0.717448  0.949075  
0.495817 1.36465 0.693586  0.972811  
0.185709 2.31778 0.68081  0.999062  
0.782795 0.826104 0.668186  1.01915  
0.391696 1.62231 0.693846  0.995962  
0.683424 0.989295 0.643432  1.06469  
0.212193 2.20698 0.630509  1.09097  
0.405926 1.58436 0.620912  1.12676  
0.837206 0.74676 0.608374  1.13157  
1.73137 0.0367532 0.588338  1.17102  
1.34804 0.218557 0.55637  1.23457  
0.668186 1.01915 0.563673  1.22825  
0.228154 2.14476 0.549354  1.25376  
1.11049 0.417401 0.54606  1.27148  
0.17369 2.37071 0.547432  1.28142  
0.160772 2.42977 0.507785  1.34353  
0.2956 1.90715 0.494952  1.37527  
1.06547 0.463542 0.481246  1.40535  
1.4386 0.161874 0.469655  1.4378  
1.49381 0.130325 0.456342  1.49361  
0.509824 1.33214 0.408471  1.63373  
0.152177 2.46992 0.423379  1.57652  
1.84766 0.0122263 0.407237  1.6196  
0.0646607 3.01318 0.390634  1.64646  
1.12597 0.402192 0.375821  1.67002  
1.24445 0.296432 0.361647  1.72985  
1.09526 0.432768 0.341311  1.79681  
0.0301295 3.39332 0.319629  1.86215  
1.55597 0.0998716 0.305071  1.88038  
1.68878 0.0488202 0.290871  1.95291  
0.197535 2.26683 0.309228  1.91338  
0.481583 1.39662 0.257546  2.09752  
0.980208 0.559269 0.242414  2.11724  
0.601227 1.14104 0.186744  2.37223  
1.28209 0.266937 0.189309  2.32464  
0.454829 1.46038 0.170093  2.39765  
0.350597 1.73774 0.173378  2.47985  
0.242989 2.08998 0.139409  2.62301  
1.0043 0.530975 0.597778  1.17375  
0.912423 0.64315 0.724994  0.946719  
0.282594 1.95018 0.803467  0.809601  
0.924914 0.62706 0.822463  0.778718  
1.16252 0.367573 1.30765  0.247323  
0.0399241 3.20479 0.162841  2.41948  
0.254561 2.04765 1.449  0.155502  
0.00151675 3.87716 1.74977  0.0315549  
0.00872653 3.63663 1.73834  0.0376533  
0.19408 2.28124 1.65762  0.0616166  
1.02393 0.508704 1.60702  0.0779767  
0.384641 1.64194 1.58468  0.0873514  
0.608424 1.12892 1.58495  0.0876241  
0.0155031 3.5044 1.50381  0.125059  
1.53485 0.109721 1.47395  0.140846  
1.28829 0.261832 1.449  0.155502  
0.414908 1.56075 1.42125  0.171189  
0.128503 2.58934 1.40084  0.18627  
0.504061 1.34627 1.37487  0.20045  
0.400872 1.60098 1.35326  0.216397  
1.50381 0.125059 1.32888  0.231925  
0.647909 1.05349 1.30765  0.247323  
0.939826 0.608667 1.28829  0.261832  
1.63099 0.0695021 1.26866  0.277021  
0.832603 0.752119 1.24994  0.291945  
0.170184 2.38583 1.23234  0.306525  
0.0732389 2.92769 1.21369  0.322112  
0.575732 1.19226 1.19622  0.33725  
1.4235 0.169956 1.17933  0.35229  
0.148869 2.48579 1.16252  0.367573  
1.67564 0.0529555 1.14603  0.382965  
1.47425 0.14068 1.12993  0.398348  
0.529794 1.28957 1.1141  0.413812  
1.24994 0.291945 1.09853  0.429366  
0.0835893 2.85855 1.08319  0.44503  
0.896862 0.663494 1.06806  0.460803  
1.71867 0.040375 1.05318  0.476626  
0.467502 1.42987 1.03843  0.492647  
1.60454 0.0789892 1.02393  0.508704  
0.161742 2.42417 1.00992  0.524519  
0.341311 1.7652 1.00505  0.530588  
0.620229 1.1054 0.981362  0.557689  
0.767797 0.849394 0.967294  0.574498  
1.35621 0.212928 0.953797  0.59153  
1.37487 0.20045 0.93963  0.608472  
1.30765 0.247323 0.926  0.625671  
1.75602 0.0299434 0.912454  0.64308  
0.740335 0.893137 0.899499  0.660013  
0.182493 2.3308 0.885599  0.678489  
0.873378 0.696378 0.873378  0.696378  
0.967294 0.574498 0.859136  0.714621  
0.700358 0.959707 0.846124  0.732848  
0.723972 0.920101 0.832603  0.752119  
0.369123 1.68527 0.819305  0.771403  
0.093571 2.79102 0.80642  0.790411  
1.06806 0.460803 0.792516  0.811281  
1.21369 0.322112 0.781903  0.827643  
0.0626199 3.00691 0.767797  0.849394  
0.859136 0.714621 0.754738  0.870232  
1.00505 0.530588 0.738711  0.896734  
1.56811 0.0944142 0.729368  0.91387  
0.43464 1.51084 0.716412  0.934179  
0.206271 2.23078 0.706068  0.951364  
0.755858 0.868157 0.707549  0.95499  
1.44312 0.158233 0.675523  1.00292  
1.1951 0.338258 0.66461  1.02226  
0.51725 1.31765 0.650241  1.0492  
0.0517887 3.09864 0.632465  1.08226  
1.96387 0.00144596 0.622665  1.09969  
0.281673 1.95355 0.608414  1.12891  
0.449323 1.47401 0.592115  1.16028  
1.40085 0.183889 0.582517  1.17855  
0.140661 2.52873 0.569298  1.20622  
1.1141 0.413812 0.551756  1.24358  
0.331543 1.79447 0.543045  1.25974  
0.21841 2.18251 0.539013  1.27062  
1.32888 0.231925 0.51725  1.31765  
1.14603 0.382965 0.504061  1.34627  
1.80328 0.0193971 0.485406  1.38859  
1.86627 0.00897241 0.483787  1.39374  
0.80642 0.790411 0.457409  1.46355  
0.489836 1.3777 0.45583  1.47798  
1.23234 0.306525 0.543045  1.25974  
1.03843 0.492647 0.409111  1.58421  
0.566147 1.21162 0.387261  1.66218  
0.66461 1.02226 0.384641  1.64194  
1.26866 0.277021 0.369123  1.68527  
0.543045 1.25974 0.354524  1.72673  
0.11286 2.67641 0.330435  1.80163  
0.293158 1.91521 0.319023  1.83275  
0.632465 1.08226 0.309016  1.86508  
0.595322 1.15271 0.28394  1.94783  
0.319023 1.83275 0.267215  2.0031  
0.912454 0.64308 0.249027  2.06703  
0.354524 1.72673 0.227751  2.15473  
0.234796 2.11956 0.211306  2.21531  
0.981362 0.557689 0.190756  2.29916  
0.781903 0.827643 0.171373  2.38636  
1.09522 0.432716 0.155419  2.51143  
0.0282712 3.33134 0.123591  2.62275  
0.30544 1.87541 0.106195  2.80574  
0.103447 2.73094 0.065075  2.99375  
0.675825 1.00322 0.0504209  3.12892  
0.267215 2.0031 0.0249394  3.42235  
0.0505499 3.10659 1.92676  0.00340584  
1.72178 0.0390889 0.00717343  3.66202  
0.661954 1.02734 1.87094  0.00939773  
0.00717343 3.66202 1.79411  0.0228147  
0.475935 1.41038 1.70736  0.0433028  
0.640357 1.06701 1.66393  0.0592781  
1.08305 0.445166 1.643  0.0673327  
0.542841 1.26016 1.65747  0.0795688  
0.134677 2.55699 1.53682  0.109076  
0.352312 1.73488 1.51299  0.120404  
1.49756 0.128657 1.47526  0.140177  
0.000500412 3.91088 1.47548  0.140396  
0.0142077 3.52568 1.42051  0.171584  
1.84475 0.0121472 1.39711  0.186127  
1.24193 0.298472 1.37383  0.201588  
0.0389625 3.2143 1.35155  0.217411  
0.912229 0.643362 1.33341  0.230006  
1.80531 0.0192439 1.30826  0.246869  
0.583311 1.17672 1.29033  0.260622  
0.444117 1.48682 1.26948  0.277064  
1.56215 0.0974666 1.25031  0.291646  
0.0826063 2.8625 1.22857  0.309725  
1.02403 0.508593 1.21363  0.322218  
1.35067 0.216682 1.1965  0.337002  
0.862186 0.710589 1.18021  0.351753  
0.76716 0.850329 1.1626  0.3675  
0.193338 2.28652 1.1461  0.3829  
0.0617348 3.01547 1.13007  0.398214  
1.63953 0.065507 1.11404  0.413874  
0.0270773 3.34482 1.09838  0.429518  
0.84397 0.735895 1.08305  0.445166  
0.51259 1.32615 1.06802  0.460839  
0.889651 0.673516 1.05306  0.476756  
0.143512 2.51211 1.03819  0.49291  
1.90643 0.00438283 1.02403  0.508593  
1.95503 0.00116342 1.00925  0.525288  
0.50225 1.34916 0.99531  0.541331  
1.42051 0.171584 0.981045  0.558065  
1.47532 0.140239 0.966942  0.574922  
0.789915 0.815239 0.953066  0.591816  
0.072322 2.93406 0.939923  0.608274  
0.11181 2.68165 1.00953  0.525568  
0.216447 2.19032 0.912229  0.643362  
0.10232 2.73697 0.900584  0.659084  
0.529494 1.28883 0.902563  0.659472  
0.981045 0.558065 0.872102  0.696783  
0.742586 0.889431 0.862186  0.710589  
0.623453 1.0982 0.84397  0.735895  
0.487399 1.3831 0.831605  0.753629  
0.397282 1.60727 0.808366  0.79198  
1.13007 0.398214 0.807442  0.791056  
1.1965 0.337002 0.799074  0.801878  
0.953066 0.591816 0.84397  0.735895  
0.458712 1.45094 0.767639  0.850661  
1.3794 0.197936 0.755412  0.87016  
1.30826 0.246869 0.713319  0.938863  
1.11404 0.413874 0.73015  0.910227  
0.256262 2.04105 0.715544  0.935128  
0.368828 1.68546 0.708663  0.94553  
0.202125 2.24769 0.689268  0.978754  
1.33341 0.230006 0.675262  1.00343  
0.595427 1.15242 0.66303  1.0251  
1.1461 0.3829 0.650669  1.04858  
0.169645 2.38779 0.640357  1.06701  
0.181359 2.33561 0.623453  1.0982  
0.689268 0.978754 0.607733  1.12835  
1.75854 0.0298164 0.595427  1.15242  
0.429046 1.52444 0.583311  1.17672  
0.33867 1.77291 0.570028  1.20354  
0.928545 0.622684 0.556855  1.23384  
0.804653 0.793081 0.542797  1.26079  
0.243169 2.08985 0.529494  1.28883  
0.823351 0.766273 0.515815  1.32287  
1.28686 0.262946 0.50225  1.34916  
0.121125 2.62912 0.485629  1.38927  
0.674513 1.00461 0.475935  1.41038  
0.317372 1.83781 0.457305  1.45434  
1.21363 0.322218 0.443363  1.48874  
0.730489 0.910566 0.428608  1.52719  
0.1562 2.45029 0.414531  1.56618  
0.228076 2.14517 0.397282  1.60727  
0.0925989 2.79726 0.381645  1.64974  
0.570028 1.20354 0.367564  1.69005  
0.995348 0.541369 0.359945  1.7107  
1.44448 0.157592 0.324179  1.81849  
0.30193 1.88699 0.31988  1.83947  
1.53526 0.109526 0.30193  1.88699  
0.708663 0.94553 0.282397  1.95095  
0.288844 1.9334 0.263191  2.01671  
0.381645 1.64974 0.257892  2.03948  
1.59083 0.0849968 0.228704  2.14373  
1.68596 0.0496871 0.210145  2.21515  
0.414531 1.56618 0.189711  2.30182  
1.2679 0.277623 0.169645  2.38779  
0.55751 1.23003 0.148109  2.48949  
0.275161 1.9755 0.124485  2.62053  
1.17886 0.353007 0.100688  2.74688  
0.0208243 3.4288 0.0758311  2.90966  
0.607733 1.12835 0.0186525  3.4553  
1.05306 0.476756 0.00937631  3.61357  
0.0269774 3.34523 1.97734  0.000256765  
0.0721697 2.93516 0.000393273  3.92068  
1.30962 0.245865 1.86153  0.00959913  
0.0824774 2.86315 1.76587  0.0275023  
0.0141345 3.52563 1.70214  0.0446099  
0.0390275 3.21365 1.65147  0.0612052  
0.741391 0.891364 1.60849  0.0773878  
1.21461 0.321327 1.57028  0.0934219  
0.121016 2.62972 1.53594  0.109164  
0.694311 0.970032 1.50444  0.124734  
1.73437 0.0354357 1.47522  0.140154  
0.676237 1.00157 1.44793  0.155408  
1.28932 0.261055 1.422  0.170683  
0.160174 2.43151 1.39749  0.185827  
0.111739 2.68171 1.37404  0.200959  
0.10223 2.73751 1.3517  0.215975  
1.8093 0.0182241 1.33011  0.231049  
0.623589 1.09794 1.30939  0.246037  
0.515038 1.32053 1.28932  0.261055  
0.806514 0.79027 1.26984  0.276098  
1.97734 0.000256765 1.25093  0.291145  
0.596952 1.14942 1.23252  0.306237  
0.0924843 2.7977 1.21461  0.321327  
1.39749 0.185827 1.1971  0.336479  
1.33011 0.231049 1.17996  0.351696  
0.953615 0.591142 1.16318  0.366964  
0.147682 2.49146 1.14674  0.382299  
0.0505156 3.10667 1.1306  0.397695  
0.0615354 3.01541 1.11473  0.413194  
1.65005 0.0617098 1.0991  0.428789  
0.185008 2.31976 1.08373  0.444466  
0.169597 2.38801 1.06858  0.460249  
1.26984 0.276098 1.05363  0.476144  
0.583517 1.17612 1.03889  0.492138  
0.832724 0.751944 1.02431  0.508275  
1.23252 0.306237 1.00987  0.524572  
0.197238 2.26789 0.995607  0.540986  
1.57073 0.093224 0.981479  0.55755  
0.859122 0.71464 0.967494  0.574256  
0.912626 0.642848 0.953615  0.591142  
0.981479 0.55755 0.939852  0.608194  
1.87692 0.00758174 0.92618  0.625442  
1.70214 0.0446099 0.912626  0.642848  
1.1971 0.336479 0.899139  0.660476  
1.50513 0.124382 0.885739  0.678301  
0.00731482 3.65821 0.872388  0.696371  
1.47735 0.138994 0.859122  0.71464  
0.610288 1.1234 0.845895  0.733172  
1.422 0.170683 0.832724  0.751944  
0.351349 1.73554 0.819609  0.770959  
1.0991 0.428789 0.806514  0.79027  
1.37429 0.200796 0.793448  0.809871  
0.715364 0.934248 0.780409  0.829764  
1.16318 0.366964 0.767399  0.849956  
0.266895 2.00366 0.754389  0.870493  
0.209025 2.22037 0.741391  0.891364  
0.529614 1.28857 0.72839  0.912601  
1.00987 0.524572 0.715364  0.934248  
1.35528 0.213533 0.702357  0.956238  
0.754389 0.870493 0.689303  0.978693  
0.501032 1.35191 0.676237  1.00157  
0.248339 2.06952 0.663139  1.0249  
0.318499 1.83431 0.650005  1.04872  
1.18004 0.351777 0.636816  1.07307  
0.130145 2.58065 0.623589  1.09794  
0.231736 2.13217 0.610288  1.1234  
0.335074 1.78368 0.596952  1.14942  
0.542784 1.26028 0.583517  1.17612  
0.220831 2.17292 0.570003  1.2035  
0.139057 2.53458 0.556413  1.23157  
0.556413 1.23157 0.542784  1.26028  
0.570003 1.2035 0.528965  1.28998  
0.663139 1.0249 0.515038  1.32053  
0.636816 1.07307 0.501032  1.35191  
0.780409 0.829764 0.486881  1.3843  
1.06858 0.460249 0.472535  1.41787  
1.53709 0.108814 0.458115  1.45238  
0.650005 1.04872 0.443476  1.48824  
0.383036 1.64592 0.428645  1.52546  
0.728796 0.911933 0.413689  1.56392  
0.0206759 3.42632 0.398462  1.60411  
1.25093 0.291145 0.383036  1.64592  
1.77565 0.0252463 0.367318  1.68972  
1.1306 0.397695 0.351349  1.73554  
0.301587 1.88776 0.335074  1.78368  
0.939852 0.608194 0.318499  1.83431  
1.04211 0.488618 0.301587  1.88776  
0.48664 1.38486 0.284274  1.94448  
0.367318 1.68972 0.266539  2.00489  
0.443476 1.48824 0.248339  2.06952  
0.285746 1.94034 0.229625  2.13906  
0.885739 0.678301 0.210312  2.21449  
0.413689 1.56392 0.190333  2.29694  
1.45065 0.153952 0.169597  2.38801  
0.000393273 3.92068 0.148026  2.48978  
1.60804 0.0775689 0.125406  2.60588  
0.428645 1.52546 0.101528  2.74174  
0.458115 1.45238 0.0760556  2.90741  
0.398462 1.60411 0.0485578  3.12393  
0.472649 1.41798 0.0177776  3.46786  
0.0269774 3.34523 1.97775  0.000247582  
0.0721729 2.93514 0.000393273  3.92068  
1.08373 0.444466 1.86156  0.00959374  
0.0824774 2.86315 1.76597  0.0274786  
0.0141508 3.52501 1.70223  0.0445826  
0.0390275 3.21365 1.65144  0.0612167  
0.121022 2.62968 1.60838  0.0774306  
1.19709 0.336481 1.5703  0.0934115  
0.676236 1.00157 1.536  0.109139  
0.00733114 3.65806 1.50451  0.124701  
0.130136 2.58076 1.47521  0.14016  
0.636821 1.07306 1.44782  0.155473  
1.11549 0.412593 1.42202  0.170671  
1.02429 0.508296 1.39746  0.185847  
0.111739 2.68171 1.37407  0.200943  
0.10223 2.73751 1.35169  0.215986  
0.160576 2.42983 1.33014  0.231026  
0.246223 2.07722 1.30936  0.246058  
0.139006 2.5348 1.28929  0.261072  
1.536 0.109139 1.26983  0.276101  
0.741384 0.891376 1.25093  0.291148  
0.825261 0.762725 1.23253  0.30623  
0.0924843 2.7977 1.21461  0.321327  
1.33014 0.231026 1.19709  0.336481  
0.806509 0.790278 1.17996  0.351698  
1.21461 0.321327 1.16318  0.366964  
0.174488 2.36598 1.14674  0.382296  
0.0505156 3.10667 1.13059  0.397707  
0.0615354 3.01541 1.11472  0.413204  
0.51506 1.32048 1.09911  0.428781  
1.13335 0.395052 1.08373  0.444466  
0.228448 2.14356 1.06859  0.460237  
0.258224 2.03558 1.05363  0.476143  
0.843163 0.737039 1.03887  0.492159  
0.663139 1.0249 1.02429  0.508296  
1.47716 0.139097 1.00989  0.524555  
0.148035 2.48974 0.995619  0.540972  
1.45084 0.153741 0.981487  0.557541  
1.16334 0.367119 0.967491  0.574259  
0.210309 2.21449 0.953615  0.591142  
1.60838 0.0774306 0.939852  0.608194  
1.04202 0.488993 0.926188  0.625432  
0.967515 0.574283 0.912626  0.642848  
1.70223 0.0445826 0.899135  0.660481  
1.35169 0.215986 0.885728  0.678315  
1.65144 0.0612167 0.872391  0.696368  
0.596952 1.14942 0.859115  0.71465  
1.76296 0.0281934 0.845895  0.733172  
0.276783 1.97561 0.832737  0.751926  
0.288066 1.93188 0.8196  0.770972  
0.570027 1.20345 0.806509  0.790278  
0.486881 1.3843 0.793448  0.809871  
0.754386 0.870498 0.780409  0.829764  
1.39746 0.185847 0.767394  0.849964  
0.650003 1.04872 0.754386  0.870498  
0.983342 0.555348 0.741384  0.891376  
0.185349 2.31828 0.728378  0.91262  
0.383011 1.64598 0.715366  0.934243  
0.716065 0.933072 0.702344  0.95626  
0.702344 0.95626 0.689303  0.978693  
0.000393273 3.92068 0.676236  1.00157  
1.97775 0.000247582 0.663139  1.0249  
1.87685 0.00759049 0.650003  1.04872  
0.557724 1.22883 0.636821  1.07306  
1.30936 0.246058 0.623594  1.09793  
1.42202 0.170671 0.61031  1.12336  
1.26826 0.277406 0.596952  1.14942  
1.00997 0.524633 0.583531  1.17609  
0.583531 1.17609 0.570027  1.20345  
0.689303 0.978693 0.556437  1.23152  
1.80943 0.0182001 0.54275  1.26035  
0.351352 1.73553 0.528965  1.28998  
0.859115 0.71465 0.51506  1.32048  
1.37407 0.200943 0.501033  1.35191  
0.413677 1.56396 0.486881  1.3843  
0.501033 1.35191 0.472575  1.41778  
0.301586 1.88776 0.458115  1.45238  
0.398462 1.60411 0.443487  1.48821  
1.50521 0.124342 0.428682  1.52536  
1.23303 0.305814 0.413677  1.56396  
0.0206759 3.42632 0.398462  1.60411  
0.422782 1.54042 0.383011  1.64598  
0.528965 1.28998 0.367318  1.68972  
0.912626 0.642848 0.351352  1.73553  
0.622495 1.10001 0.335087  1.78364  
0.61031 1.12336 0.318514  1.83426  
0.335087 1.78364 0.301586  1.88776  
0.780409 0.829764 0.284274  1.94449  
0.443487 1.48821 0.266539  2.00489  
0.318514 1.83426 0.248338  2.06953  
1.57081 0.0931854 0.229616  2.1391  
0.367318 1.68972 0.210309  2.21449  
1.28929 0.261072 0.190344  2.29689  
0.1975 2.2668 0.169628  2.38788  
1.06469 0.464359 0.148035  2.48974  
0.939852 0.608194 0.125412  2.60584  
0.54275 1.26035 0.101537  2.74168  
0.458115 1.45238 0.0761  2.9071  
0.885728 0.678315 0.0485587  3.12392  
0.472575 1.41778 0.0177828  3.46778  
0.0269774 3.34523 1.97769  0.00024892  
0.663139 1.0249 0.000393273  3.92068  
1.76091 0.0286839 1.86154  0.00959713  
0.0824774 2.86315 1.76588  0.0275002  
0.0141508 3.52501 1.70214  0.0446094  
0.0390275 3.21365 1.65144  0.0612144  
1.33014 0.231027 1.60832  0.0774546  
0.230876 2.13431 1.57028  0.0934193  
0.885731 0.678311 1.53596  0.109156  
0.702344 0.95626 1.50445  0.124729  
0.677896 0.99864 1.47522  0.140155  
0.741384 0.891376 1.44784  0.155462  
0.134606 2.55736 1.42199  0.17069  
0.583532 1.17609 1.39747  0.18584  
0.111739 2.68171 1.37408  0.200937  
0.10223 2.73751 1.35167  0.215995  
1.30937 0.246053 1.33014  0.231027  
1.16318 0.366964 1.30937  0.246053  
0.0206775 3.4263 1.28929  0.261072  
1.39864 0.185101 1.26983  0.276101  
1.37762 0.198607 1.25093  0.291148  
0.00733104 3.65783 1.23253  0.306223  
0.0924843 2.7977 1.2146  0.32133  
1.25093 0.291148 1.19709  0.336486  
0.148035 2.48974 1.17996  0.351693  
0.529792 1.28857 1.16318  0.366964  
0.926192 0.625426 1.14674  0.382296  
0.0505156 3.10667 1.13059  0.397707  
0.0615354 3.01541 1.11473  0.413197  
0.156425 2.44922 1.09911  0.428781  
0.24521 2.08093 1.08374  0.444458  
1.23253 0.306223 1.06859  0.460243  
1.28947 0.261249 1.05364  0.476133  
0.210449 2.21463 1.03888  0.49215  
0.650005 1.04872 1.0243  0.508291  
0.169076 2.39038 1.00988  0.524563  
1.47522 0.140155 0.995618  0.540973  
0.940012 0.608347 0.981492  0.557535  
0.454322 1.46159 0.967495  0.574255  
0.197136 2.26857 0.953619  0.591138  
0.220706 2.17341 0.939855  0.60819  
0.967495 0.574255 0.926192  0.625426  
1.44784 0.155462 0.912625  0.642849  
1.13059 0.397707 0.899138  0.660478  
1.87701 0.00757023 0.885731  0.678311  
0.125412 2.60584 0.872394  0.696363  
0.995618 0.540973 0.859123  0.714639  
0.780416 0.829754 0.845901  0.733163  
0.428682 1.52536 0.832729  0.751937  
0.318515 1.83426 0.819605  0.770965  
1.50445 0.124729 0.806513  0.790272  
0.715369 0.934238 0.793452  0.809864  
0.846238 0.7335 0.780416  0.829754  
1.2146 0.32133 0.767399  0.849956  
0.636825 1.07305 0.754387  0.870496  
0.763658 0.855825 0.741384  0.891376  
0.806513 0.790272 0.728381  0.912615  
1.537 0.108662 0.715369  0.934238  
0.867819 0.702627 0.702344  0.95626  
0.254895 2.04696 0.689304  0.978691  
1.42199 0.17069 0.676236  1.00157  
0.383013 1.64598 0.663139  1.0249  
1.97769 0.00024892 0.650005  1.04872  
0.570028 1.20345 0.636825  1.07305  
1.0243 0.508291 0.623594  1.09793  
1.19709 0.336486 0.61031  1.12336  
1.05364 0.476133 0.596957  1.14941  
1.08374 0.444458 0.583532  1.17609  
0.305972 1.87422 0.570028  1.20345  
1.80926 0.0182319 0.556439  1.23151  
0.000393273 3.92068 0.54275  1.26035  
0.0721751 2.93512 0.528963  1.28998  
0.181086 2.33681 0.515061  1.32048  
1.70214 0.0446094 0.501033  1.35191  
1.60832 0.0774546 0.486876  1.38431  
0.54275 1.26035 0.472575  1.41778  
0.291752 1.92011 0.458118  1.45237  
1.09911 0.428781 0.443489  1.48821  
1.17996 0.351693 0.428682  1.52536  
0.472575 1.41778 0.413679  1.56395  
0.274418 1.97776 0.398462  1.60411  
0.901345 0.657571 0.383013  1.64598  
0.556752 1.23183 0.367318  1.68972  
0.832729 0.751937 0.351353  1.73552  
1.65001 0.0617242 0.335094  1.78362  
0.335094 1.78362 0.318515  1.83426  
0.515061 1.32048 0.301587  1.88776  
1.26983 0.276101 0.284274  1.94449  
0.351353 1.73552 0.266539  2.00489  
0.367318 1.68972 0.248338  2.06953  
0.398462 1.60411 0.229616  2.1391  
0.501033 1.35191 0.21031  2.21449  
1.35472 0.213946 0.190346  2.29688  
0.596957 1.14941 0.169628  2.38788  
0.61031 1.12336 0.148035  2.48974  
0.623594 1.09793 0.125412  2.60584  
1.5707 0.0932368 0.101542  2.74166  
0.486876 1.38431 0.0761  2.9071  
0.413679 1.56395 0.0485587  3.12392  
0.443489 1.48821 0.0177836  3.46777  
0.0269774 3.34523 1.97769  0.00024892  
0.0206813 3.42625 0.000393319  3.92067  
1.811 0.0179013 1.86154  0.00959713  
0.0824774 2.86315 1.76588  0.0274997  
1.60832 0.0774546 1.70214  0.0446094  
0.0390275 3.21365 1.65144  0.0612144  
0.541761 1.26245 1.60832  0.0774546  
1.28929 0.261072 1.57028  0.0934192  
0.17772 2.35161 1.53595  0.109162  
1.65144 0.0612144 1.50445  0.124729  
0.130195 2.58097 1.47522  0.140155  
0.0924853 2.79769 1.44783  0.155468  
0.790042 0.815337 1.42199  0.17069  
0.147768 2.49104 1.39747  0.18584  
0.111739 2.68171 1.37408  0.200937  
0.10223 2.73751 1.35167  0.215995  
0.252953 2.05287 1.33014  0.231031  
0.650004 1.04872 1.30937  0.246053  
0.967495 0.574255 1.28929  0.261072  
1.23254 0.306222 1.26983  0.276101  
1.00542 0.529668 1.25093  0.291148  
0.00733104 3.65783 1.23254  0.306222  
1.26909 0.27668 1.2146  0.321332  
1.7608 0.0287104 1.19709  0.336487  
0.556438 1.23151 1.17996  0.351693  
1.97769 0.00024892 1.16318  0.366964  
0.160594 2.42954 1.14674  0.382296  
0.0505156 3.10667 1.13059  0.397707  
0.0615354 3.01541 1.11472  0.413199  
0.887188 0.67661 1.09911  0.428782  
0.584414 1.17432 1.08374  0.444461  
1.35474 0.213899 1.06859  0.460243  
1.04568 0.484731 1.05364  0.476139  
0.425286 1.5348 1.03888  0.49215  
0.776559 0.835704 1.0243  0.508291  
0.0141568 3.52491 1.00988  0.524563  
0.12101 2.62975 0.995617  0.540974  
1.42199 0.17069 0.981491  0.557536  
1.08417 0.444017 0.967495  0.574255  
0.84754 0.73085 0.95362  0.591136  
0.636825 1.07305 0.939855  0.60819  
0.832831 0.75203 0.926192  0.625426  
1.14674 0.382296 0.912621  0.642854  
1.47522 0.140155 0.899138  0.660478  
0.224351 2.15927 0.885731  0.678311  
0.243131 2.08982 0.872393  0.696364  
0.754387 0.870496 0.859119  0.714645  
0.209489 2.21779 0.845901  0.733163  
0.806513 0.790272 0.832733  0.751931  
1.5703 0.0934116 0.819605  0.770965  
1.69969 0.0453506 0.806513  0.790272  
0.190346 2.29688 0.793453  0.809862  
1.07029 0.458757 0.780416  0.829754  
1.85034 0.0112143 0.767396  0.849961  
1.33014 0.231031 0.754387  0.870496  
0.728381 0.912615 0.741384  0.891376  
0.676236 1.00157 0.728381  0.912615  
1.39747 0.18584 0.715369  0.934238  
0.939855 0.60819 0.702346  0.956256  
0.872393 0.696364 0.689304  0.978691  
0.351354 1.73552 0.676236  1.00157  
0.515061 1.32048 0.663139  1.0249  
1.17996 0.351693 0.650004  1.04872  
1.25093 0.291148 0.636825  1.07305  
1.2146 0.321332 0.623594  1.09793  
0.610307 1.12337 0.610307  1.12337  
1.50445 0.124729 0.596957  1.14941  
0.689304 0.978691 0.583532  1.17609  
0.458118 1.45237 0.570028  1.20344  
0.623384 1.09833 0.556438  1.23151  
0.284794 1.945 0.542752  1.26034  
0.0721751 2.93512 0.528963  1.28998  
0.000393319 3.92067 0.515061  1.32048  
0.139096 2.53512 0.501035  1.3519  
0.383013 1.64598 0.486877  1.38431  
1.0243 0.508291 0.472575  1.41778  
0.301587 1.88776 0.458118  1.45237  
0.912621 0.642854 0.443492  1.4882  
0.268669 1.99751 0.428683  1.52536  
0.570657 1.20216 0.413679  1.56395  
0.596957 1.14941 0.398462  1.60411  
1.44783 0.155468 0.383013  1.64598  
0.486877 1.38431 0.367318  1.68972  
0.335095 1.78362 0.351354  1.73552  
0.663139 1.0249 0.335095  1.78362  
1.11563 0.412303 0.318515  1.83426  
0.501165 1.35203 0.301587  1.88776  
1.91227 0.00385053 0.284275  1.94448  
0.443492 1.4882 0.26654  2.00489  
0.981491 0.557536 0.248338  2.06953  
0.318515 1.83426 0.229616  2.1391  
0.702346 0.956256 0.210312  2.21449  
1.37408 0.200937 0.190346  2.29688  
1.53682 0.108748 0.169628  2.38788  
0.367318 1.68972 0.148035  2.48973  
0.415358 1.55958 0.125412  2.60584  
1.30937 0.246053 0.101542  2.74166  
0.472575 1.41778 0.0761015  2.90709  
0.398462 1.60411 0.0485587  3.12392  
0.528963 1.28998 0.0177841  3.46776  
0.0269774 3.34523 1.97769  0.00024892  
0.0206825 3.42623 0.000393319  3.92067  
1.13059 0.397707 1.86154  0.00959713  
0.0824774 2.86315 1.76588  0.0274997  
0.557034 1.23027 1.70214  0.0446094  
0.0390275 3.21365 1.65144  0.0612156  
0.543213 1.2608 1.60832  0.0774546  
1.47522 0.140155 1.57028  0.0934192  
0.181514 2.33494 1.53595  0.109162  
1.05364 0.476139 1.50445  0.124729  
0.160561 2.4297 1.47522  0.140155  
0.0924853 2.79769 1.44783  0.155468  
0.728464 0.91248 1.42199  0.17069  
1.09955 0.428341 1.39747  0.18584  
0.200119 2.25678 1.37408  0.200937  
0.10223 2.73751 1.35167  0.215995  
1.02431 0.508277 1.33013  0.231032  
0.13457 2.55754 1.30937  0.246053  
0.000393319 3.92067 1.28929  0.261072  
0.583532 1.17609 1.26983  0.276101  
1.26983 0.276101 1.25093  0.291148  
0.00733104 3.65783 1.23254  0.306222  
1.50445 0.124729 1.2146  0.321332  
0.832753 0.751952 1.19709  0.336487  
0.120985 2.62989 1.17996  0.351693  
1.60832 0.0774546 1.16319  0.366958  
0.147868 2.49055 1.14674  0.382297  
0.0505156 3.10667 1.13059  0.397707  
0.0615354 3.01541 1.11472  0.413199  
1.44942 0.154552 1.09911  0.428782  
0.610307 1.12337 1.08374  0.444461  
0.793453 0.809862 1.06859  0.460243  
1.42405 0.169447 1.05364  0.476139  
0.960909 0.582229 1.03888  0.49215  
1.17996 0.351693 1.0243  0.508291  
0.0141568 3.52491 1.00988  0.524563  
0.772522 0.841963 0.995616  0.540975  
0.819605 0.770965 0.98149  0.557537  
0.26654 2.00489 0.967495  0.574255  
1.79206 0.0216832 0.953619  0.591137  
0.623516 1.09808 0.939855  0.608191  
1.37408 0.200937 0.926192  0.625427  
0.169628 2.38788 0.912623  0.642852  
1.249 0.292714 0.899138  0.660478  
0.239015 2.10408 0.885731  0.678311  
1.9119 0.00388257 0.872393  0.696365  
0.649818 1.04906 0.859119  0.714645  
1.19709 0.336487 0.845901  0.733163  
0.515061 1.32048 0.832733  0.751932  
1.2146 0.321332 0.819605  0.770965  
0.111681 2.68205 0.806514  0.790271  
0.251334 2.05869 0.793453  0.809862  
1.39747 0.18584 0.780416  0.829754  
1.85034 0.0112143 0.767396  0.849961  
0.663139 1.0249 0.754387  0.870496  
0.636825 1.07305 0.741384  0.891376  
0.939855 0.608191 0.728381  0.912615  
0.885731 0.678311 0.715369  0.934238  
0.229616 2.1391 0.702346  0.956256  
0.367318 1.68972 0.689304  0.978691  
0.979243 0.560201 0.676236  1.00157  
0.570028 1.20344 0.663139  1.0249  
1.73425 0.0354686 0.650004  1.04872  
0.702346 0.956256 0.636825  1.07305  
1.08274 0.445493 0.623594  1.09793  
0.689304 0.978691 0.610307  1.12337  
1.16319 0.366958 0.596957  1.14941  
0.284275 1.94448 0.583532  1.17609  
1.65049 0.0615525 0.570028  1.20344  
0.872393 0.696365 0.556438  1.23151  
1.30937 0.246053 0.542754  1.26034  
0.0721751 2.93512 0.528964  1.28998  
0.398462 1.60411 0.515061  1.32048  
0.912623 0.642852 0.501035  1.3519  
0.351354 1.73552 0.486877  1.38431  
1.28929 0.261072 0.472575  1.41777  
1.57054 0.0933057 0.458117  1.45238  
1.35547 0.2134 0.443492  1.4882  
0.21631 2.19064 0.428683  1.52536  
0.301587 1.88776 0.413679  1.56395  
0.413679 1.56395 0.398462  1.60411  
1.97769 0.00024892 0.383013  1.64598  
0.596957 1.14941 0.367318  1.68972  
0.676236 1.00157 0.351354  1.73552  
1.70069 0.0450473 0.335095  1.78362  
0.501035 1.3519 0.318515  1.83426  
1.00988 0.524563 0.301587  1.88776  
0.528964 1.28998 0.284275  1.94448  
0.428953 1.52467 0.26654  2.00489  
0.458117 1.45238 0.248338  2.06953  
0.443492 1.4882 0.229616  2.1391  
0.472575 1.41777 0.210311  2.21449  
0.318515 1.83426 0.190346  2.29688  
0.754387 0.870496 0.169628  2.38788  
1.53701 0.108656 0.148035  2.48973  
0.335095 1.78362 0.125412  2.60584  
0.383013 1.64598 0.101542  2.74166  
0.856581 0.718175 0.0761015  2.90709  
0.486877 1.38431 0.0485587  3.12392  
1.33013 0.231032 0.0177841  3.46776  
0.0269774 3.34523 1.97769  0.000248943  
0.0206825 3.42623 0.000393319  3.92067  
0.754387 0.870496 1.86154  0.00959713  
0.0824774 2.86315 1.76588  0.0275  
1.28929 0.261072 1.70214  0.0446094  
0.0390275 3.21365 1.65144  0.0612156  
0.120893 2.63039 1.60832  0.0774552  
1.44375 0.157822 1.57028  0.0934192  
0.486877 1.38431 1.53595  0.109162  
0.676236 1.00157 1.50445  0.124729  
1.97769 0.000248943 1.47522  0.140155  
0.0924853 2.79769 1.44783  0.155468  
1.03821 0.493157 1.42199  0.17069  
1.26983 0.276101 1.39747  0.18584  
0.147722 2.49127 1.37408  0.200937  
0.10223 2.73751 1.35167  0.215996  
0.39774 1.60604 1.33013  0.231032  
1.30937 0.246053 1.30937  0.246053  
1.39747 0.18584 1.28929  0.261072  
0.253066 2.05247 1.26983  0.276101  
1.23263 0.306311 1.25093  0.291148  
1.87688 0.00758652 1.23254  0.306222  
0.995616 0.540975 1.2146  0.321333  
1.82813 0.0147967 1.19709  0.336487  
1.50589 0.123995 1.17996  0.351694  
1.76148 0.0285489 1.16319  0.366961  
1.57028 0.0934192 1.14674  0.382297  
0.0505156 3.10667 1.13059  0.397707  
0.0615354 3.01541 1.11472  0.413199  
0.189459 2.30066 1.09911  0.428782  
0.264426 2.01249 1.08374  0.444461  
0.134668 2.55704 1.06859  0.460243  
1.42199 0.17069 1.05364  0.476139  
0.637454 1.07368 1.03888  0.492151  
0.238929 2.10408 1.0243  0.508291  
0.0141568 3.52491 1.00988  0.524563  
0.57003 1.20344 0.995616  0.540975  
0.939855 0.608191 0.98149  0.557537  
0.663139 1.0249 0.967495  0.574255  
0.650004 1.04872 0.953619  0.591137  
0.623594 1.09793 0.939855  0.608191  
0.859119 0.714645 0.926192  0.625427  
0.2939 1.91268 0.912623  0.642852  
0.111738 2.68172 0.899138  0.660478  
1.53722 0.108761 0.885731  0.678311  
0.198969 2.26071 0.872393  0.696365  
0.885731 0.678311 0.859119  0.714645  
0.278219 1.96484 0.845901  0.733163  
0.458415 1.45267 0.832733  0.751932  
0.832733 0.751932 0.819605  0.770965  
0.583533 1.17609 0.806514  0.790271  
0.528964 1.28998 0.793453  0.809862  
0.514856 1.32093 0.780416  0.829754  
1.33013 0.231032 0.767396  0.849961  
0.000393319 3.92067 0.754387  0.870496  
1.08374 0.444461 0.741384  0.891376  
1.65017 0.0616666 0.728381  0.912615  
0.689304 0.978692 0.715369  0.934238  
0.00733112 3.65783 0.702346  0.956256  
1.21252 0.323113 0.689304  0.978692  
1.17996 0.351694 0.676236  1.00157  
1.60832 0.0774552 0.663139  1.0249  
1.6994 0.0454378 0.650004  1.04872  
0.17708 2.35445 0.636825  1.07305  
0.160625 2.4294 0.623594  1.09793  
1.35167 0.215996 0.610307  1.12337  
0.741384 0.891376 0.596957  1.14941  
0.210311 2.21449 0.583533  1.17609  
1.13149 0.396839 0.57003  1.20344  
0.806514 0.790271 0.556438  1.23151  
0.221102 2.17186 0.542754  1.26034  
0.0721751 2.93512 0.528964  1.28998  
0.557319 1.22968 0.515061  1.32048  
0.472722 1.41792 0.501036  1.3519  
1.37408 0.200937 0.486877  1.38431  
0.301587 1.88776 0.472575  1.41777  
0.428683 1.52536 0.458117  1.45238  
1.00988 0.524563 0.443492  1.4882  
0.610307 1.12337 0.428683  1.52536  
1.46815 0.144023 0.413679  1.56395  
0.414714 1.56126 0.398462  1.60411  
0.713269 0.937763 0.383013  1.64598  
0.780416 0.829754 0.367318  1.68972  
1.05364 0.476139 0.351354  1.73552  
0.318575 1.83407 0.335095  1.78362  
1.16319 0.366961 0.318515  1.83426  
1.11472 0.413199 0.301587  1.88776  
1.25093 0.291148 0.284275  1.94448  
0.335095 1.78362 0.266541  2.00489  
0.500335 1.35349 0.248338  2.06953  
0.543287 1.25921 0.229616  2.1391  
0.728381 0.912615 0.210311  2.21449  
0.367318 1.68972 0.190346  2.29688  
0.351354 1.73552 0.169628  2.38788  
0.383013 1.64598 0.148036  2.48973  
0.899138 0.660478 0.125413  2.60584  
0.443492 1.4882 0.101542  2.74166  
0.967495 0.574255 0.0761015  2.90709  
0.922469 0.630177 0.0485587  3.12392  
0.596957 1.14941 0.0177841  3.46776  
