1.93169 1.01695 1.93169  1.01695  
3.6891 2.74305 3.6891  2.74305  
1.42584 1.4245 1.42584  1.4245  
3.12841 3.53578 3.12841  3.53578  
1.25592 1.47988 1.25592  1.47988  
3.06692 3.18746 3.06692  3.18746  
1.49889 1.78733 1.49889  1.78733  
2.3823 1.76376 2.3823  1.76376  
1.6529 1.30168 1.6529  1.30168  
2.19731 3.97097 2.19731  3.97097  
2.94085 4.27423 2.94085  4.27423  
1.85628 1.75769 1.85628  1.75769  
1.45207 1.89749 1.45207  1.89749  
1.77629 1.34432 1.77629  1.34432  
2.29402 0.801067 2.29402  0.801067  
1.45841 1.45025 1.45841  1.45025  
1.8316 1.33704 1.8316  1.33704  
2.52218 1.54198 2.52218  1.54198  
2.02152 1.62707 2.02152  1.62707  
1.68272 1.2136 1.68272  1.2136  
2.2531 4.3174 2.2531  4.3174  
1.72567 1.22268 1.72567  1.22268  
1.91084 2.12367 1.91084  2.12367  
2.86211 1.42092 2.86211  1.42092  
2.52614 2.02802 2.52614  2.02802  
2.17022 1.88629 2.17022  1.88629  
2.90453 3.36421 2.90453  3.36421  
1.53433 1.61826 1.53433  1.61826  
4.00037 2.92143 4.00037  2.92143  
1.63039 1.96517 1.63039  1.96517  
2.19053 4.19621 2.19053  4.19621  
2.61543 3.28257 2.61543  3.28257  
1.47557 1.63455 1.47557  1.63455  
3.36214 2.3702 3.36214  2.3702  
1.80419 2.38979 1.80419  2.38979  
2.87364 2.02032 2.87364  2.02032  
2.2769 3.19876 2.2769  3.19876  
1.94112 2.49077 1.94112  2.49077  
1.51462 1.79452 1.51462  1.79452  
3.12598 2.57734 3.12598  2.57734  
1.45739 1.51255 1.45739  1.51255  
1.72148 1.38801 1.72148  1.38801  
1.76923 1.20432 1.76923  1.20432  
1.78627 1.50036 1.78627  1.50036  
3.01436 3.71833 3.01436  3.71833  
3.08602 1.90638 3.08602  1.90638  
3.38583 2.44874 3.38583  2.44874  
2.98881 3.50908 2.98881  3.50908  
3.69522 3.45987 3.69522  3.45987  
2.35642 2.01684 2.35642  2.01684  
2.3579 1.64858 2.3579  1.64858  
2.59897 2.59725 2.59897  2.59725  
2.4658 1.78426 2.4658  1.78426  
1.68403 1.81432 1.68403  1.81432  
3.02631 3.0429 3.02631  3.0429  
3.05175 2.07709 3.05175  2.07709  
3.18641 3.69642 3.18641  3.69642  
1.62811 1.42934 1.62811  1.42934  
2.03501 4.08492 2.03501  4.08492  
2.02675 1.63949 2.02675  1.63949  
1.29253 1.37136 1.29253  1.37136  
2.32319 2.2517 2.32319  2.2517  
2.24275 1.20349 2.24275  1.20349  
1.76471 2.87559 1.76471  2.87559  
2.23428 2.28147 2.23428  2.28147  
3.29964 1.79145 3.29964  1.79145  
1.49242 2.14647 1.49242  2.14647  
1.38615 1.07191 1.38615  1.07191  
1.71451 1.04348 1.71451  1.04348  
2.08786 3.22223 2.08786  3.22223  
1.56683 1.60251 1.56683  1.60251  
2.30227 3.34248 2.30227  3.34248  
2.24924 2.10328 2.24924  2.10328  
1.6783 1.09251 1.6783  1.09251  
2.21332 1.52011 2.21332  1.52011  
3.05195 3.67669 3.05195  3.67669  
1.67351 1.44247 1.67351  1.44247  
1.54217 1.47165 1.54217  1.47165  
1.89287 2.09855 1.89287  2.09855  
1.6901 0.922265 1.6901  0.922265  
2.64261 2.40269 2.64261  2.40269  
2.80352 1.74274 2.80352  1.74274  
2.24199 2.14797 2.24199  2.14797  
1.6198 1.01044 1.6198  1.01044  
2.04477 1.97197 2.04477  1.97197  
1.50479 1.45979 1.50479  1.45979  
2.09622 2.54892 2.09622  2.54892  
1.8614 1.26348 1.8614  1.26348  
1.85921 1.54288 1.85921  1.54288  
2.24659 1.91677 2.24659  1.91677  
1.83503 2.74262 1.83503  2.74262  
2.94519 2.51374 2.94519  2.51374  
3.22923 2.27405 3.22923  2.27405  
1.60422 1.51907 1.60422  1.51907  
3.10054 2.57741 3.10054  2.57741  
3.05787 3.64537 3.05787  3.64537  
3.8216 2.40748 3.8216  2.40748  
3.38524 2.66303 3.38524  2.66303  
3.10384 1.46378 3.10384  1.46378  
1.6687 1.33083 1.6687  1.33083  
0.163261 0.676815 1.19162  2.20938  
0.944043 0.0818054 0.607021  3.36669  
0.943094 0.0827177 0.943048  0.0838592  
0.942976 0.130585 1.39504  3.1234  
0.537946 0.319296 1.67467  1.1401  
0.551043 0.317651 1.95464  1.19119  
0.162313 1.23703 1.41452  1.26744  
0.163918 0.676803 3.62398  2.33134  
0.234679 0.676788 2.61283  1.4891  
0.536978 0.340424 1.85667  1.39754  
1.38712 0.0804238 2.24181  1.38883  
0.537333 0.325897 2.11271  1.31772  
0.943048 0.0838592 2.11713  1.289  
1.2481 2.51118 3.21638  1.245  
0.539878 0.317721 1.89417  1.08986  
1.25772 1.8528 2.80946  0.977538  
1.78307 1.47558 2.21248  0.942688  
0.953478 0.0828336 2.32386  0.941461  
0.541913 0.487657 3.89804  0.926527  
0.543583 0.324867 2.27168  0.814418  
0.422469 1.99382 2.76356  0.686036  
2.1899 1.377 2.3476  0.800108  
0.947167 0.086759 2.31241  0.727544  
2.40577 1.82121 2.11589  0.620405  
0.486509 0.698244 2.29069  0.66155  
2.59988 2.12298 1.97072  0.650857  
2.90453 3.36421 1.95355  0.692577  
1.53433 1.61826 1.66229  0.604562  
4.00037 2.92143 1.91417  0.702776  
1.63039 1.96517 1.69975  0.683309  
2.19053 4.19621 1.5735  0.666562  
2.61543 3.28257 2.20738  0.939239  
1.47557 1.63455 1.93761  0.872923  
3.36214 2.3702 1.85325  0.901021  
1.80419 2.38979 1.57377  0.780941  
2.87364 2.02032 2.09005  1.05832  
2.2769 3.19876 1.79718  0.965514  
1.94112 2.49077 0.610666  0.334224  
1.51462 1.79452 1.48685  0.867249  
3.12598 2.57734 1.5799  0.950765  
1.45739 1.51255 1.59083  0.97677  
1.72148 1.38801 1.6446  1.03694  
1.76923 1.20432 1.65212  1.01077  
1.78627 1.50036 1.544  1.08745  
3.01436 3.71833 1.47067  1.08571  
3.08602 1.90638 1.56096  1.20472  
3.38583 2.44874 1.61619  1.27301  
2.98881 3.50908 1.52269  1.25337  
3.69522 3.45987 1.43997  1.23554  
2.35642 2.01684 1.42678  1.27524  
2.3579 1.64858 1.2876  1.27135  
2.59897 2.59725 1.18296  1.12137  
2.4658 1.78426 1.28193  1.23555  
1.68403 1.81432 1.15476  1.18454  
3.02631 3.0429 1.37933  1.48556  
3.05175 2.07709 1.1711  1.29255  
3.18641 3.69642 1.20222  1.38594  
1.62811 1.42934 1.20904  1.45755  
2.03501 4.08492 1.01876  1.23563  
2.02675 1.63949 0.989757  1.26818  
1.29253 1.37136 0.993547  1.32077  
2.32319 2.2517 1.0191  1.41023  
2.24275 1.20349 1.02813  1.47342  
1.76471 2.87559 1.03592  1.53804  
2.23428 2.28147 0.981577  1.51753  
3.29964 1.79145 0.929038  1.49701  
1.49242 2.14647 0.984656  1.58735  
1.38615 1.07191 0.986523  1.73744  
1.71451 1.04348 0.995871  1.88556  
2.08786 3.22223 1.05618  2.00208  
1.56683 1.60251 0.845775  1.66262  
2.30227 3.34248 0.765311  1.56893  
2.24924 2.10328 1.05831  1.94931  
1.6783 1.09251 0.942827  2.17106  
2.21332 1.52011 1.06752  2.11848  
3.05195 3.67669 1.07003  1.7498  
1.67351 1.44247 1.14526  2.35915  
1.54217 1.47165 0.762148  2.14069  
1.89287 2.09855 1.14629  2.3802  
1.6901 0.922265 1.18694  2.93793  
2.64261 2.40269 1.22887  2.20561  
2.80352 1.74274 1.24012  1.57324  
2.24199 2.14797 1.31714  1.9197  
1.6198 1.01044 1.35205  1.58153  
2.04477 1.97197 1.36258  1.82269  
1.50479 1.45979 1.38787  1.95932  
2.09622 2.54892 1.38895  2.20998  
1.8614 1.26348 1.47648  2.94014  
1.85921 1.54288 1.67057  1.84171  
2.24659 1.91677 1.83747  1.52256  
1.83503 2.74262 2.32683  3.36502  
2.94519 2.51374 2.70855  1.80412  
3.22923 2.27405 2.77238  2.02601  
1.60422 1.51907 1.19853  2.24754  
3.10054 2.57741 1.2327  1.62087  
3.05787 3.64537 1.24542  2.87276  
3.8216 2.40748 1.82141  1.68515  
3.38524 2.66303 2.34389  2.64006  
3.10384 1.46378 1.2481  2.51118  
1.6687 1.33083 0.164999  0.676803  
0.163372 0.67591 1.25448  2.42691  
0.942777 0.0817554 0.863231  2.35337  
0.942666 0.0832369 0.942666  0.0836329  
0.166713 0.675468 1.46413  0.676976  
0.537946 0.319296 1.36085  0.947534  
0.551043 0.317651 1.24178  0.946828  
0.162313 1.23703 1.68963  0.915782  
0.164646 0.675762 1.69585  0.873091  
0.853392 0.306978 1.27159  0.870454  
0.536978 0.340424 1.86856  0.803082  
1.38712 0.0804238 1.82962  0.77521  
0.537333 0.325897 1.92744  0.756529  
0.503525 0.52759 1.55742  0.695357  
0.94265 0.0964529 1.76188  0.694124  
0.539878 0.317721 1.74836  0.630308  
0.165862 0.675648 1.6922  0.616833  
0.816311 0.308201 1.47208  0.298754  
0.503071 0.532201 2.27817  0.45624  
0.502137 0.558539 2.44607  0.528338  
0.501649 0.600213 1.80728  0.583466  
1.24178 0.946828 2.14694  0.570604  
0.780692 1.71889 1.76891  0.474817  
1.51323 0.764504 1.88632  0.557333  
2.40577 1.82121 1.78664  0.544845  
0.486509 0.698244 1.6896  0.538558  
2.59988 2.12298 1.65282  0.546039  
2.90453 3.36421 1.55868  0.547506  
1.53433 1.61826 1.45655  0.537887  
4.00037 2.92143 1.46233  0.560508  
1.63039 1.96517 1.61713  0.645575  
2.19053 4.19621 0.815833  0.348344  
2.61543 3.28257 1.40165  0.612502  
1.47557 1.63455 1.38984  0.619569  
3.36214 2.3702 1.41902  0.680041  
1.80419 2.38979 1.45573  0.712164  
2.87364 2.02032 1.28987  0.664994  
2.2769 3.19876 1.35634  0.715253  
1.94112 2.49077 0.610263  0.333066  
1.51462 1.79452 0.984698  0.564522  
3.12598 2.57734 1.38617  0.82943  
1.45739 1.51255 1.27255  0.799652  
1.72148 1.38801 1.20405  0.779001  
1.76923 1.20432 1.1183  0.760457  
1.78627 1.50036 1.23663  0.851475  
3.01436 3.71833 1.14029  0.838823  
3.08602 1.90638 1.17471  0.890035  
3.38583 2.44874 1.18224  0.875415  
2.98881 3.50908 1.03598  0.828759  
3.69522 3.45987 1.07451  0.908873  
2.35642 2.01684 1.12142  1.00423  
2.3579 1.64858 1.06692  0.973746  
2.59897 2.59725 1.0445  1.00365  
2.4658 1.78426 0.639724  0.598047  
1.68403 1.81432 1.17059  0.984682  
3.02631 3.0429 0.956252  0.992097  
3.05175 2.07709 0.832792  0.881839  
3.18641 3.69642 0.903615  1.03575  
1.62811 1.42934 0.774535  0.877339  
2.03501 4.08492 0.96409  1.12885  
2.02675 1.63949 0.812516  1.0206  
1.29253 1.37136 0.693473  0.870072  
2.32319 2.2517 0.7777  1.03815  
2.24275 1.20349 0.837011  1.17053  
1.76471 2.87559 0.839363  1.22238  
2.23428 2.28147 0.807009  1.21803  
3.29964 1.79145 0.826052  1.2992  
1.49242 2.14647 0.833543  1.2334  
1.38615 1.07191 0.664054  1.09424  
1.71451 1.04348 0.681414  1.1752  
2.08786 3.22223 0.502149  0.835623  
1.56683 1.60251 0.650708  1.22666  
2.30227 3.34248 0.646541  1.28393  
2.24924 2.10328 0.710431  1.49875  
1.6783 1.09251 0.668296  1.48858  
2.21332 1.52011 0.645721  1.61586  
3.05195 3.67669 0.555696  1.27874  
1.67351 1.44247 0.607974  1.47287  
1.54217 1.47165 0.63916  1.68038  
1.89287 2.09855 0.707144  1.62802  
1.6901 0.922265 0.723287  1.92135  
2.64261 2.40269 0.734909  1.75286  
2.80352 1.74274 0.686606  2.43729  
2.24199 2.14797 0.494781  1.65478  
1.6198 1.01044 0.7363  1.78736  
2.04477 1.97197 0.801679  2.11476  
1.50479 1.45979 0.816456  1.8098  
2.09622 2.54892 0.826881  1.39513  
1.8614 1.26348 0.842056  1.70459  
1.85921 1.54288 0.861429  1.46792  
2.24659 1.91677 0.869662  1.98743  
1.83503 2.74262 0.941271  1.82163  
2.94519 2.51374 0.998026  1.46347  
3.22923 2.27405 1.00418  2.08818  
1.60422 1.51907 1.02477  2.63212  
3.10054 2.57741 1.16736  1.79499  
3.05787 3.64537 1.20506  1.03553  
3.8216 2.40748 1.2348  2.23021  
3.38524 2.66303 1.38188  1.38056  
3.10384 1.46378 1.05832  2.183  
1.6687 1.33083 0.165339  0.675762  
0.343691 0.484934 3.04296  0.433081  
0.942777 0.0817554 0.217442  2.29177  
0.339969 0.487948 0.941985  0.0839316  
0.166713 0.675468 1.40092  0.0994731  
0.537946 0.319296 1.4007  0.108971  
0.551043 0.317651 1.88216  0.132901  
0.16155 0.981661 2.09306  0.146051  
0.609562 0.316353 1.55684  0.163795  
0.847417 0.272781 2.34065  0.373078  
0.536978 0.340424 1.3482  0.178222  
1.38712 0.0804238 1.43032  0.207497  
0.537333 0.325897 1.31786  0.191781  
0.693178 0.290348 1.2359  0.205258  
0.878071 0.167881 0.876742  0.174048  
0.539878 0.317721 0.933396  0.194446  
0.160071 1.0399 1.31179  0.254584  
0.740244 0.272939 1.45421  0.290963  
0.861009 0.201296 1.5085  0.244141  
0.342019 0.485294 1.54423  0.313214  
0.507254 0.478962 1.74753  0.409102  
0.340664 0.486656 1.86194  0.412626  
0.310056 0.583963 0.998518  0.287376  
0.876742 0.172313 1.01258  0.305504  
0.861332 0.194677 1.4194  0.425048  
0.941985 0.0830136 1.27178  0.406803  
0.610339 0.313285 0.908307  0.317513  
0.86084 0.25543 0.912296  0.326424  
0.861195 0.19988 0.761511  0.292679  
0.613059 0.310925 0.93545  0.365427  
0.300272 0.659429 1.07863  0.43903  
0.158689 1.1662 1.25876  0.502601  
0.612519 0.311719 1.14963  0.509364  
0.305454 0.642412 1.40092  0.640892  
0.163376 0.91973 1.10432  0.532386  
0.163824 0.675667 1.00579  0.509566  
0.209755 0.67084 0.609726  0.314114  
0.30903 0.587825 0.736334  0.392567  
0.609726 0.314114 0.652356  0.359187  
0.876741 0.183298 0.831261  0.486246  
0.526822 0.449639 0.692008  0.411764  
0.294142 0.669058 0.686001  0.420347  
0.647952 0.299629 1.26132  0.737492  
0.876592 0.192994 0.787049  0.523118  
3.04234 0.435558 0.644456  0.431001  
0.876742 0.174041 0.653243  0.458922  
0.681324 0.292772 0.581936  0.416704  
2.52197 0.343274 0.856849  0.658881  
2.98881 3.50908 0.964363  0.748953  
3.69522 3.45987 0.827707  0.68508  
2.35642 2.01684 0.846014  0.712937  
2.3579 1.64858 0.903083  0.815084  
2.59897 2.59725 0.749777  0.685504  
2.4658 1.78426 0.609635  0.557349  
1.68403 1.81432 0.700222  0.685628  
3.02631 3.0429 0.682542  0.684169  
3.05175 2.07709 0.71829  0.738616  
3.18641 3.69642 0.768088  0.844554  
1.62811 1.42934 0.617594  0.778336  
2.03501 4.08492 0.541923  0.600417  
2.02675 1.63949 0.572679  0.669058  
1.29253 1.37136 0.597014  0.729229  
2.32319 2.2517 0.539898  0.697514  
2.24275 1.20349 0.461342  0.569368  
1.76471 2.87559 0.502498  0.652888  
2.23428 2.28147 0.472888  0.635456  
3.29964 1.79145 0.602623  0.897775  
1.49242 2.14647 0.622056  0.979554  
1.38615 1.07191 0.532892  0.851574  
1.71451 1.04348 0.679625  1.09307  
2.08786 3.22223 0.341819  0.485603  
1.56683 1.60251 0.605832  1.13287  
2.30227 3.34248 0.490823  0.975888  
2.24924 2.10328 0.460523  0.862693  
1.6783 1.09251 0.398113  0.739099  
2.21332 1.52011 0.468329  0.962385  
3.05195 3.67669 0.365637  0.708617  
1.67351 1.44247 0.393619  0.860415  
1.54217 1.47165 0.370429  0.822829  
1.89287 2.09855 0.358014  0.819896  
1.6901 0.922265 0.350315  0.807314  
2.64261 2.40269 0.312678  0.725244  
2.80352 1.74274 0.307576  0.726014  
2.24199 2.14797 0.41483  1.25849  
1.6198 1.01044 0.330256  0.945411  
2.04477 1.97197 0.314503  1.40511  
1.50479 1.45979 0.382811  1.35706  
2.09622 2.54892 0.310373  1.10123  
1.8614 1.26348 0.27863  0.916536  
1.85921 1.54288 0.311644  1.26585  
2.24659 1.91677 0.279284  1.34517  
1.83503 2.74262 0.281377  1.22993  
2.94519 2.51374 0.248342  1.10597  
3.22923 2.27405 0.236034  1.21462  
1.60422 1.51907 0.218008  0.936087  
3.10054 2.57741 0.204323  0.897982  
3.05787 3.64537 0.214812  1.42317  
3.8216 2.40748 0.167446  1.14261  
3.38524 2.66303 0.177264  0.958441  
3.10384 1.46378 0.167531  0.675667  
1.6687 1.33083 0.190679  2.19776  
0.343691 0.484934 3.65665  0.0809434  
0.942412 0.0815972 0.138604  1.09776  
0.279279 0.535888 2.11939  0.09031  
0.145471 0.661137 0.896331  0.0917717  
0.537946 0.319296 1.01492  0.102379  
0.551043 0.317651 1.00272  0.109575  
0.675138 0.236183 1.02057  0.121832  
0.578819 0.29287 1.02475  0.120864  
0.295708 0.53469 1.02606  0.133469  
0.536978 0.340424 1.03552  0.134159  
1.27494 0.0805386 1.05013  0.165612  
0.537333 0.325897 0.97768  0.169414  
0.339239 0.528668 0.917491  0.172869  
0.865109 0.165411 0.912075  0.178477  
0.539878 0.317721 0.795451  0.176243  
0.591509 0.286202 0.795195  0.184289  
0.795485 0.172886 0.795451  0.192489  
0.681667 0.228003 0.795515  0.199796  
0.48162 0.41596 0.839487  0.222563  
0.795732 0.170015 0.814856  0.22776  
0.340678 0.485382 0.77372  0.227943  
0.359506 0.434752 0.695595  0.222563  
0.517345 0.399402 0.685267  0.224742  
0.513062 0.399901 0.681628  0.231885  
0.281898 0.534893 0.681663  0.23964  
0.51239 0.40008 0.710125  0.268534  
0.143727 0.665158 0.708481  0.269084  
0.579308 0.289996 0.706884  0.280005  
0.578932 0.290441 0.706971  0.290574  
0.795451 0.174979 0.68439  0.292042  
0.79519 0.197732 0.72255  0.314938  
0.149631 0.655584 0.744548  0.290809  
0.339261 0.488404 0.636863  0.302503  
0.480922 0.431905 0.583821  0.290809  
0.141508 0.787432 0.578819  0.296201  
0.68528 0.223195 0.664847  0.352605  
0.896557 0.0864425 0.584746  0.322873  
0.510919 0.402532 0.681628  0.388269  
0.357102 0.435521 0.681628  0.383203  
0.155225 0.629369 0.647654  0.399361  
0.665091 0.277781 0.630884  0.401346  
0.481225 0.419481 0.59015  0.408613  
0.68401 0.225112 0.58809  0.399359  
0.795195 0.181241 0.55664  0.39925  
0.804242 0.169849 0.550306  0.39894  
0.521879 0.399361 0.536704  0.39886  
0.155987 0.626311 0.521879  0.399361  
0.138604 0.968593 0.510919  0.402929  
0.356105 0.459552 0.509786  0.414581  
0.364618 0.434625 0.5105  0.427238  
0.819052 0.168426 0.48162  0.41596  
0.674747 0.243095 0.481346  0.426187  
0.8964 0.0877643 0.476233  0.438995  
0.578256 0.299068 0.460659  0.437066  
0.941868 0.0831494 0.475333  0.468558  
0.877721 0.164703 0.488277  0.495569  
0.675024 0.238097 0.493106  0.516107  
0.356953 0.436749 0.473412  0.534893  
0.681628 0.231406 0.459474  0.534893  
0.151449 0.654792 0.451229  0.534893  
0.2784 0.551551 0.442452  0.534893  
0.140284 0.925237 0.413231  0.50588  
0.375999 0.434616 0.358472  0.435165  
0.509786 0.411981 0.361472  0.453174  
0.695595 0.222563 0.404916  0.547321  
0.795185 0.200082 0.382343  0.562199  
0.660871 0.281033 0.380945  0.560036  
0.674614 0.248647 0.362519  0.552389  
0.157711 0.626009 0.360079  0.550584  
0.896037 0.0959176 0.360462  0.574452  
0.50343 0.41523 0.357341  0.587578  
0.307294 0.534292 0.358017  0.61535  
0.645499 0.28553 0.344711  0.626187  
0.142513 0.745487 0.31191  0.557768  
3.65665 0.533151 0.324373  0.626106  
0.896331 0.0908086 0.292372  0.542477  
0.681628 0.231885 0.281898  0.534893  
0.52497 0.398952 0.281689  0.56148  
3.58199 0.0993084 0.29389  0.637552  
0.57882 0.29414 0.279635  0.629805  
0.481776 0.419627 0.282604  0.660015  
0.507312 0.415205 0.279221  0.689278  
2.78511 0.335544 0.267526  0.674215  
0.795035 0.211 0.272425  0.749785  
0.159995 0.631099 0.267183  0.770807  
0.277526 0.558895 0.251177  0.770506  
0.152621 0.65454 0.238016  0.752647  
0.701287 0.224402 0.228174  0.707691  
0.157803 0.632102 0.215067  0.66191  
0.674632 0.24532 0.207562  0.663419  
0.154657 0.632232 0.202819  0.709442  
2.52172 0.0809445 0.200596  0.772746  
3.22923 2.27405 0.179849  0.775392  
1.60422 1.51907 0.180641  0.7618  
3.10054 2.57741 0.164955  0.754196  
3.05787 3.64537 0.157109  0.73949  
3.8216 2.40748 0.157711  0.626009  
3.38524 2.66303 0.153267  0.749785  
3.10384 1.46378 0.151849  0.941493  
1.6687 1.33083 0.138604  1.24559  
0.343691 0.484934 1.25222  0.0805357  
0.942412 0.0815972 0.137483  0.665597  
0.279022 0.535211 0.908531  0.0840177  
0.711229 0.220577 0.895092  0.0902542  
0.537946 0.319296 0.895084  0.0987542  
0.551043 0.317651 0.895084  0.107142  
0.675138 0.236183 0.895084  0.11642  
0.153741 0.621183 0.895079  0.123349  
0.139461 0.657593 0.895079  0.128661  
0.536978 0.340424 0.895078  0.13967  
0.35652 0.434128 0.895078  0.150761  
0.537333 0.325897 0.895078  0.159621  
0.791757 0.178874 0.845043  0.165583  
0.865109 0.165411 0.79665  0.167877  
0.539878 0.317721 0.793274  0.176112  
0.691404 0.221293 0.791714  0.184209  
0.207227 0.620604 0.791683  0.188742  
0.455048 0.43139 0.791638  0.202907  
0.149044 0.623884 0.791638  0.204953  
0.795732 0.170015 0.739236  0.220522  
0.340678 0.485382 0.739236  0.220522  
0.356158 0.435641 0.699452  0.220729  
0.276227 0.555743 0.682834  0.22458  
0.895135 0.0892585 0.678188  0.231201  
0.275609 0.580563 0.678188  0.235963  
0.14497 0.624146 0.677596  0.242784  
0.35161 0.464183 0.677514  0.259082  
0.579308 0.289996 0.677514  0.259082  
0.577925 0.291399 0.677514  0.259082  
0.138111 0.658393 0.628079  0.283693  
0.970961 0.0805036 0.628079  0.283693  
0.156079 0.620952 0.609182  0.283696  
0.339261 0.488404 0.586755  0.283709  
0.894864 0.136899 0.580889  0.288492  
0.792432 0.177749 0.576075  0.297559  
0.791638 0.200801 0.575522  0.305843  
0.288057 0.532798 0.575235  0.31735  
0.479814 0.422639 0.575235  0.32671  
0.165549 0.620726 0.575235  0.330203  
0.678652 0.228141 0.575235  0.330203  
0.665091 0.277781 0.575235  0.330203  
0.41068 0.4314 0.575235  0.330203  
0.503305 0.39715 0.575235  0.330203  
0.791683 0.18556 0.527688  0.397148  
0.353432 0.44018 0.527688  0.397148  
0.480764 0.414708 0.527688  0.397148  
0.137483 0.665597 0.509975  0.39715  
0.682834 0.223606 0.502388  0.397446  
0.355881 0.437866 0.489375  0.398224  
0.583026 0.284713 0.488078  0.410231  
0.396156 0.431523 0.480676  0.416694  
0.674747 0.243095 0.479806  0.427043  
0.82547 0.165583 0.455048  0.43139  
0.576006 0.292454 0.412102  0.4314  
0.351566 0.472435 0.412102  0.4314  
0.877721 0.164703 0.412102  0.4314  
0.675024 0.238097 0.412102  0.4314  
0.480122 0.418691 0.401102  0.431523  
0.580891 0.2869 0.392959  0.43172  
0.793377 0.171309 0.38426  0.432159  
0.47955 0.430787 0.374374  0.432173  
0.908531 0.0835071 0.363033  0.433367  
0.575645 0.299913 0.356703  0.43417  
0.895084 0.0966868 0.353237  0.443985  
0.739236 0.220522 0.351728  0.455279  
0.599883 0.283696 0.351566  0.472435  
0.660871 0.281033 0.351566  0.476766  
0.674614 0.248647 0.351515  0.510916  
0.683227 0.222335 0.351515  0.512279  
0.575265 0.315077 0.31081  0.532797  
0.388301 0.43174 0.31081  0.532797  
0.48049 0.416594 0.31081  0.532797  
0.575522 0.303453 0.31081  0.532797  
0.698101 0.220729 0.288057  0.532798  
0.486888 0.404416 0.288057  0.532798  
0.371772 0.432183 0.288057  0.532798  
0.387705 0.431842 0.280482  0.534357  
0.276004 0.566074 0.276496  0.546518  
0.27551 0.605337 0.276004  0.570303  
0.276499 0.545734 0.276002  0.595683  
0.678188 0.231137 0.220924  0.62057  
0.497834 0.397568 0.220924  0.62057  
0.79665 0.166715 0.220924  0.62057  
0.276549 0.539241 0.220924  0.62057  
0.220924 0.62057 0.220924  0.62057  
0.896233 0.0861748 0.220924  0.62057  
0.793274 0.172278 0.220924  0.62057  
0.351728 0.447858 0.207227  0.620604  
0.70487 0.220635 0.207227  0.620604  
0.487934 0.398233 0.171114  0.620726  
0.280482 0.534357 0.171114  0.620726  
0.28346 0.532832 0.171114  0.620726  
0.353237 0.441403 0.171114  0.620726  
0.367582 0.432327 0.171114  0.620726  
0.144054 0.625306 0.165549  0.620726  
0.491167 0.398115 0.156079  0.620952  
0.79699 0.166234 0.156079  0.620952  
0.583631 0.283723 0.149072  0.624144  
0.36131 0.433379 0.145244  0.624146  
0.816525 0.165638 0.139461  0.657593  
0.174277 0.592403 0.901383  0.0800487  
0.142724 0.623997 0.134846  1.0613  
0.787609 0.174225 0.89989  0.0837316  
0.152538 0.617911 0.892202  0.091027  
0.537946 0.319296 0.888994  0.0969691  
0.560198 0.298843 0.888955  0.105439  
0.571846 0.291764 0.887819  0.1137  
0.59309 0.282789 0.887819  0.1137  
0.137855 0.646046 0.887507  0.133474  
0.536978 0.340424 0.887312  0.138285  
0.158036 0.607267 0.887312  0.138285  
0.537333 0.325897 0.887312  0.138285  
0.682591 0.2238 0.834994  0.165306  
0.162126 0.600721 0.796042  0.16779  
0.539878 0.317721 0.787337  0.175346  
0.582672 0.283516 0.787192  0.184234  
0.274819 0.565608 0.78713  0.191556  
0.138384 0.642133 0.787094  0.196428  
0.167885 0.597098 0.787094  0.196428  
0.392876 0.425052 0.727395  0.219572  
0.340678 0.485382 0.727395  0.219572  
0.901383 0.0800487 0.695747  0.219597  
0.678114 0.227516 0.682581  0.224722  
0.689613 0.22051 0.673397  0.230795  
0.282663 0.52372 0.67166  0.238852  
0.136287 0.648791 0.67166  0.238852  
0.287819 0.512593 0.67166  0.238852  
0.361291 0.431541 0.67166  0.262656  
0.347778 0.458877 0.67166  0.262656  
0.889885 0.0937562 0.652689  0.282536  
0.494275 0.395598 0.625555  0.282554  
0.480113 0.417353 0.604872  0.282716  
0.339261 0.488404 0.58449  0.283385  
0.402463 0.424648 0.579686  0.290747  
0.561959 0.297305 0.571684  0.29618  
0.147936 0.623763 0.560198  0.299322  
0.796144 0.166845 0.560172  0.311162  
0.302098 0.507011 0.559607  0.320591  
0.35321 0.439473 0.559607  0.320591  
0.58567 0.283305 0.559495  0.338387  
0.665091 0.277781 0.559495  0.351364  
0.787337 0.175346 0.559495  0.358702  
0.380127 0.428737 0.559388  0.372779  
0.900375 0.0813345 0.559377  0.389591  
0.205659 0.591696 0.498648  0.395042  
0.480764 0.414708 0.498648  0.395042  
0.4652 0.424518 0.498648  0.395042  
0.17781 0.59187 0.497679  0.395051  
0.276245 0.540366 0.48741  0.398315  
0.700414 0.219572 0.485362  0.407777  
0.423634 0.424607 0.480077  0.417738  
0.352568 0.443932 0.470175  0.424518  
0.683477 0.2223 0.427323  0.424607  
0.671778 0.234722 0.427323  0.424607  
0.579691 0.287627 0.427323  0.424607  
0.877721 0.164703 0.402463  0.424648  
0.673397 0.230176 0.402463  0.424648  
0.142317 0.625346 0.39809  0.425024  
0.899894 0.0830936 0.387577  0.426519  
0.793377 0.171309 0.380492  0.428899  
0.887819 0.1137 0.371438  0.431376  
0.889006 0.0946979 0.36212  0.431539  
0.887507 0.133531 0.355927  0.436256  
0.888641 0.1088 0.352568  0.446988  
0.812787 0.165313 0.348948  0.452971  
0.487612 0.398199 0.346907  0.459545  
0.660871 0.281033 0.346907  0.482475  
0.487089 0.399284 0.311852  0.507011  
0.485461 0.404795 0.311852  0.507011  
0.348948 0.452971 0.311852  0.507011  
0.608437 0.282558 0.311852  0.507011  
0.134846 1.0613 0.306348  0.507011  
0.153395 0.6123 0.299453  0.507765  
0.291282 0.508636 0.29309  0.508636  
0.282918 0.518112 0.286106  0.513039  
0.787134 0.187797 0.282663  0.52372  
0.691843 0.219597 0.278471  0.535797  
0.495169 0.395051 0.275329  0.546309  
0.67166 0.237985 0.274819  0.565707  
0.892202 0.0886975 0.207276  0.591696  
0.565622 0.296921 0.207276  0.591696  
0.351033 0.447112 0.207276  0.591696  
0.297879 0.507779 0.207276  0.591696  
0.276549 0.539241 0.207276  0.591696  
0.182887 0.591707 0.207276  0.591696  
0.896233 0.0861748 0.207276  0.591696  
0.384087 0.426734 0.207276  0.591696  
0.136124 0.734267 0.207276  0.591696  
0.278572 0.534963 0.18292  0.591707  
0.887312 0.138285 0.18292  0.591707  
0.356074 0.434506 0.18292  0.591707  
0.349249 0.449361 0.18292  0.591707  
0.387577 0.426519 0.175355  0.592271  
0.367557 0.431376 0.170442  0.59517  
0.168197 0.594661 0.165465  0.600667  
0.346907 0.459545 0.158036  0.607267  
0.79699 0.166234 0.153395  0.6123  
0.285342 0.513048 0.142724  0.623997  
0.356748 0.434024 0.142724  0.623997  
0.275329 0.546309 0.137664  0.662119  
0.136867 0.641784 0.901059  0.0799237  
0.141429 0.626218 0.134481  0.652984  
0.784151 0.193041 0.899788  0.0834845  
0.151877 0.612238 0.8922  0.0916081  
0.537946 0.319296 0.882569  0.0992411  
0.688443 0.219409 0.882544  0.107542  
0.571846 0.291764 0.882541  0.111199  
0.395068 0.410078 0.88253  0.120065  
0.784202 0.188879 0.88253  0.12725  
0.536978 0.340424 0.88253  0.140132  
0.901059 0.0799237 0.882503  0.150033  
0.537333 0.325897 0.882503  0.150033  
0.142872 0.623759 0.840523  0.165279  
0.274089 0.542719 0.795974  0.167824  
0.539878 0.317721 0.786986  0.174067  
0.672996 0.22896 0.784792  0.183223  
0.161456 0.603548 0.784186  0.189836  
0.385113 0.425981 0.784151  0.198795  
0.590427 0.2824 0.784151  0.198795  
0.593622 0.281435 0.727233  0.218876  
0.340678 0.485382 0.727233  0.218876  
0.582093 0.28337 0.69381  0.219393  
0.678114 0.227516 0.682103  0.224664  
0.355008 0.435538 0.672995  0.231223  
0.387119 0.417627 0.669935  0.238376  
0.136287 0.648791 0.668735  0.24704  
0.552392 0.310758 0.668735  0.24704  
0.344534 0.462736 0.668735  0.24704  
0.513923 0.394107 0.668735  0.24704  
0.711381 0.218882 0.599492  0.281435  
0.784792 0.180662 0.599492  0.281435  
0.48691 0.398222 0.599492  0.281435  
0.339261 0.488404 0.584571  0.283318  
0.189096 0.573149 0.578212  0.288608  
0.167522 0.594659 0.56582  0.294238  
0.551035 0.312837 0.559952  0.300867  
0.795955 0.166698 0.553309  0.304586  
0.285059 0.512969 0.551035  0.31596  
0.35321 0.439473 0.551035  0.325201  
0.560034 0.296426 0.550992  0.335363  
0.665091 0.277781 0.550992  0.335363  
0.162556 0.600191 0.550992  0.335363  
0.493716 0.394614 0.550992  0.335363  
0.335561 0.502977 0.550711  0.37368  
0.578212 0.288608 0.527966  0.394107  
0.200671 0.573097 0.527966  0.394107  
0.278183 0.534972 0.511184  0.394164  
0.670483 0.232454 0.496324  0.394579  
0.883219 0.0951138 0.48691  0.398222  
0.347548 0.445868 0.484071  0.408556  
0.183743 0.576302 0.402303  0.409432  
0.172608 0.586815 0.402303  0.409432  
0.683477 0.2223 0.402303  0.409432  
0.892202 0.0869165 0.402303  0.409432  
0.379726 0.428427 0.402303  0.409432  
0.877721 0.164703 0.402303  0.409432  
0.669937 0.23594 0.397787  0.410064  
0.38889 0.413331 0.38889  0.413331  
0.281841 0.517227 0.387048  0.423703  
0.793377 0.171309 0.379877  0.428427  
0.817335 0.165279 0.370565  0.430563  
0.682127 0.223395 0.361055  0.43117  
0.563516 0.294242 0.355005  0.435615  
0.38814 0.413829 0.349485  0.443519  
0.812787 0.165313 0.345231  0.449037  
0.553309 0.304586 0.344519  0.466528  
0.660871 0.281033 0.344519  0.481357  
0.787007 0.173555 0.343861  0.502924  
0.505981 0.394187 0.307811  0.503373  
0.36814 0.430563 0.307811  0.503373  
0.293915 0.506802 0.307811  0.503373  
0.158551 0.605302 0.307811  0.503373  
0.484071 0.402705 0.297339  0.503555  
0.289373 0.508606 0.29232  0.508518  
0.399603 0.409432 0.286696  0.51292  
0.34496 0.453769 0.281435  0.520757  
0.578545 0.287634 0.278049  0.535038  
0.347989 0.443585 0.274014  0.547068  
0.302802 0.503373 0.209294  0.573095  
0.899788 0.0827193 0.209294  0.573095  
0.157495 0.605799 0.209294  0.573095  
0.345244 0.446685 0.209294  0.573095  
0.668755 0.240609 0.209294  0.573095  
0.276549 0.539241 0.209294  0.573095  
0.882544 0.0995881 0.209294  0.573095  
0.273712 0.552324 0.209294  0.573095  
0.384087 0.426734 0.209294  0.573095  
0.592741 0.281527 0.205086  0.573096  
0.17543 0.58248 0.192563  0.573125  
0.888881 0.0936894 0.192563  0.573125  
0.296344 0.503555 0.18732  0.576293  
0.36056 0.431195 0.181694  0.580997  
0.553633 0.304115 0.176026  0.58248  
0.178912 0.580997 0.170987  0.594659  
0.188087 0.575016 0.164938  0.599884  
0.134481 0.652984 0.159508  0.605302  
0.79699 0.166234 0.153446  0.612146  
0.486259 0.398898 0.148131  0.623757  
0.356748 0.434024 0.142872  0.623759  
0.281435 0.520757 0.136867  0.641784  
0.136952 0.641661 0.900923  0.0799374  
0.141429 0.626218 0.133882  0.776828  
0.163443 0.599673 0.89985  0.0834925  
0.665118 0.253353 0.891139  0.0904436  
0.537946 0.319296 0.879879  0.0989869  
0.688443 0.219409 0.879102  0.105995  
0.571846 0.291764 0.879102  0.110367  
0.714378 0.218008 0.878881  0.121383  
0.578053 0.287358 0.878881  0.121383  
0.536978 0.340424 0.878881  0.139235  
0.300637 0.500305 0.878875  0.147842  
0.537333 0.325897 0.878875  0.155114  
0.379691 0.428415 0.842822  0.165083  
0.274089 0.542719 0.795932  0.167878  
0.539878 0.317721 0.786692  0.173882  
0.280458 0.523008 0.782136  0.18057  
0.879102 0.105995 0.781623  0.192148  
0.343229 0.455143 0.781521  0.201161  
0.302696 0.49954 0.781476  0.210329  
0.142058 0.623789 0.766908  0.217997  
0.340678 0.485382 0.714378  0.218008  
0.582093 0.28337 0.694864  0.219248  
0.678114 0.227516 0.682039  0.224641  
0.355 0.435436 0.672347  0.231047  
0.383842 0.416787 0.665591  0.237176  
0.178541 0.580953 0.665226  0.245223  
0.879888 0.0963438 0.665118  0.253353  
0.134481 0.652439 0.665072  0.265328  
0.66562 0.235561 0.665072  0.274073  
0.393006 0.409043 0.645374  0.280921  
0.900923 0.0799374 0.61669  0.280953  
0.781623 0.187792 0.600482  0.280985  
0.339261 0.488404 0.583896  0.283312  
0.563428 0.293894 0.578044  0.290022  
0.682046 0.223442 0.564841  0.293889  
0.672476 0.229008 0.55831  0.300322  
0.795955 0.166698 0.552956  0.307182  
0.360179 0.43118 0.546523  0.313787  
0.35321 0.439473 0.544099  0.323287  
0.560034 0.296426 0.543698  0.327859  
0.823374 0.165118 0.54365  0.337596  
0.278046 0.534969 0.54365  0.355329  
0.493716 0.394614 0.54365  0.355329  
0.487368 0.398033 0.54365  0.370481  
0.59272 0.281058 0.509279  0.392323  
0.214274 0.560506 0.509279  0.392323  
0.782136 0.179608 0.509279  0.392323  
0.670483 0.232454 0.496817  0.394407  
0.883219 0.0951138 0.48666  0.398406  
0.182511 0.57616 0.4374  0.404743  
0.786734 0.172868 0.4374  0.404743  
0.172608 0.586815 0.4374  0.404743  
0.683477 0.2223 0.4374  0.404743  
0.892202 0.0869165 0.419644  0.404746  
0.54416 0.315385 0.41467  0.404775  
0.506515 0.392323 0.4022  0.405146  
0.547362 0.307966 0.395079  0.40901  
0.665231 0.244034 0.388272  0.412207  
0.281841 0.517227 0.383532  0.419547  
0.793377 0.171309 0.379592  0.428641  
0.383272 0.421414 0.367029  0.430061  
0.704211 0.218337 0.360828  0.431164  
0.167763 0.594589 0.354649  0.436166  
0.194171 0.565781 0.349167  0.442857  
0.812787 0.165313 0.344929  0.450624  
0.783142 0.17711 0.343199  0.461494  
0.133882 0.776828 0.343189  0.472858  
0.347302 0.442914 0.310763  0.499511  
0.367029 0.430061 0.310763  0.499511  
0.408701 0.404775 0.310763  0.499511  
0.293915 0.506802 0.310763  0.499511  
0.501551 0.392624 0.302696  0.49954  
0.484071 0.402705 0.298098  0.502475  
0.289373 0.508606 0.292333  0.508456  
0.195783 0.561014 0.286034  0.512934  
0.284785 0.513066 0.28079  0.520596  
0.18833 0.570495 0.277892  0.536046  
0.400094 0.405163 0.273236  0.547487  
0.891323 0.0882783 0.216851  0.560506  
0.143558 0.623408 0.216851  0.560506  
0.558334 0.298608 0.216851  0.560506  
0.878881 0.121383 0.216851  0.560506  
0.296863 0.502652 0.216851  0.560506  
0.276549 0.539241 0.216851  0.560506  
0.397986 0.406676 0.216851  0.560506  
0.606419 0.280953 0.216851  0.560506  
0.152239 0.612217 0.208198  0.560705  
0.546697 0.308884 0.203397  0.561014  
0.28079 0.520596 0.196708  0.561014  
0.888881 0.0936894 0.191266  0.570492  
0.157916 0.605014 0.187007  0.575514  
0.175104 0.582476 0.181353  0.580952  
0.55298 0.301987 0.175355  0.582477  
0.273236 0.545029 0.169126  0.594589  
0.899783 0.0827836 0.163839  0.599723  
0.344929 0.446844 0.157916  0.605014  
0.79699 0.166234 0.153492  0.612153  
0.486259 0.398898 0.147721  0.62329  
0.356748 0.434024 0.142058  0.623789  
0.387558 0.412207 0.136668  0.642124  
0.136952 0.641661 0.900907  0.0799037  
0.411895 0.400439 0.132212  0.841221  
0.151863 0.61213 0.899788  0.0834473  
0.592154 0.280643 0.891063  0.0913021  
0.33828 0.461423 0.878535  0.0977717  
0.537716 0.317949 0.874795  0.104114  
0.538058 0.31549 0.874194  0.113956  
0.166413 0.594587 0.874158  0.11825  
0.132212 0.841221 0.874158  0.124834  
0.777862 0.18513 0.873821  0.137016  
0.300637 0.500305 0.873821  0.141563  
0.537333 0.325897 0.873821  0.141563  
0.556016 0.286382 0.839603  0.164987  
0.274089 0.542719 0.795681  0.167571  
0.16275 0.599626 0.785784  0.175052  
0.142218 0.623773 0.778387  0.18305  
0.312188 0.497174 0.777862  0.190915  
0.874818 0.0998903 0.777862  0.190915  
0.682038 0.224151 0.777862  0.207163  
0.493406 0.394391 0.763806  0.217201  
0.405761 0.401387 0.720336  0.217275  
0.594547 0.280289 0.69257  0.219155  
0.678114 0.227516 0.682038  0.224809  
0.558376 0.283329 0.671958  0.231527  
0.383842 0.416787 0.66485  0.237866  
0.157458 0.605485 0.66176  0.246326  
0.665306 0.235356 0.661757  0.251602  
0.134481 0.652439 0.661757  0.261241  
0.688438 0.219186 0.661757  0.272766  
0.392593 0.40901 0.61481  0.280152  
0.272851 0.545473 0.61481  0.280152  
0.701513 0.217641 0.594547  0.280289  
0.662531 0.238863 0.581121  0.282902  
0.708631 0.217316 0.561465  0.283329  
0.780565 0.178376 0.55601  0.28986  
0.672476 0.229008 0.555376  0.297714  
0.795955 0.166698 0.552703  0.30831  
0.536682 0.34032 0.541155  0.311734  
0.785784 0.173918 0.537716  0.319409  
0.343665 0.425493 0.537617  0.330754  
0.541464 0.309945 0.536682  0.34032  
0.278046 0.534969 0.536682  0.348779  
0.340915 0.428684 0.536682  0.348779  
0.187728 0.570147 0.536682  0.374716  
0.503495 0.390812 0.536682  0.384879  
0.178066 0.580551 0.520786  0.390766  
0.18359 0.575295 0.504868  0.390812  
0.670483 0.232454 0.494957  0.394327  
0.874205 0.11004 0.486574  0.399594  
0.182511 0.57616 0.420863  0.400426  
0.786734 0.172868 0.420863  0.400426  
0.172608 0.586815 0.420863  0.400426  
0.683477 0.2223 0.420863  0.400426  
0.892202 0.0869165 0.420863  0.400426  
0.66176 0.243292 0.409588  0.401382  
0.555408 0.294114 0.399931  0.404639  
0.547362 0.307966 0.394296  0.408978  
0.486652 0.398376 0.387019  0.412642  
0.281841 0.517227 0.383043  0.421408  
0.793377 0.171309 0.37436  0.424185  
0.29614 0.502241 0.362383  0.4244  
0.340054 0.43909 0.353345  0.424428  
0.572335 0.282969 0.345985  0.425495  
0.878948 0.0941548 0.340504  0.43047  
0.812787 0.165313 0.340054  0.445776  
0.783142 0.17711 0.338517  0.45931  
0.34796 0.424477 0.33828  0.466253  
0.607913 0.280152 0.33828  0.487014  
0.900907 0.0799037 0.320142  0.497174  
0.338748 0.446364 0.320142  0.497174  
0.293915 0.506802 0.312006  0.497516  
0.301698 0.497914 0.303453  0.497914  
0.199861 0.556141 0.296491  0.502238  
0.289373 0.508606 0.290927  0.508189  
0.209816 0.551676 0.2844  0.512986  
0.778554 0.180644 0.279973  0.522287  
0.38723 0.412206 0.277888  0.541084  
0.340504 0.43047 0.272662  0.551019  
0.203921 0.552206 0.240795  0.551669  
0.143558 0.623408 0.240795  0.551669  
0.399479 0.404639 0.240795  0.551669  
0.891071 0.0887764 0.240795  0.551669  
0.819091 0.164997 0.209816  0.551676  
0.276549 0.539241 0.209816  0.551676  
0.397886 0.406611 0.209816  0.551676  
0.500932 0.391585 0.209816  0.551676  
0.28433 0.512986 0.206532  0.551826  
0.383043 0.419834 0.201024  0.555644  
0.371471 0.42419 0.19589  0.560666  
0.194702 0.560691 0.189325  0.570059  
0.279973 0.522287 0.18456  0.575295  
0.175042 0.582476 0.178962  0.580567  
0.55298 0.301987 0.174406  0.589255  
0.737968 0.217221 0.167711  0.594587  
0.899783 0.0827836 0.16275  0.599626  
0.873821 0.134525 0.157343  0.605485  
0.79699 0.166234 0.151744  0.612345  
0.132504 0.715666 0.146193  0.624081  
0.280268 0.519342 0.139795  0.643487  
0.201024 0.555644 0.134968  0.715586  
0.132154 0.640537 0.966075  0.0792283  
0.309699 0.49435 0.129993  0.706797  
0.151597 0.612205 0.899816  0.0827705  
0.15664 0.605053 0.890347  0.0909331  
0.357752 0.421845 0.8783  0.0972876  
0.411658 0.396204 0.87222  0.104974  
0.181962 0.575349 0.870006  0.111984  
0.166522 0.594267 0.870006  0.115146  
0.187328 0.569778 0.870001  0.131032  
0.305427 0.4947 0.870001  0.137186  
0.205122 0.548785 0.870001  0.147354  
0.534932 0.315385 0.870001  0.156643  
0.659449 0.240655 0.838962  0.164972  
0.73138 0.216675 0.795514  0.166882  
0.658782 0.249109 0.785562  0.17492  
0.142218 0.623773 0.776425  0.181105  
0.20677 0.547276 0.776397  0.18999  
0.209884 0.543037 0.776027  0.199331  
0.70807 0.216835 0.775969  0.201869  
0.966075 0.0792283 0.753145  0.216647  
0.870362 0.109779 0.71493  0.216831  
0.391834 0.408971 0.692959  0.219028  
0.678114 0.227516 0.682036  0.224879  
0.699045 0.216987 0.67175  0.231303  
0.383842 0.416787 0.664734  0.237923  
0.785594 0.173533 0.658868  0.244654  
0.554691 0.29182 0.658782  0.251694  
0.129993 0.706797 0.658781  0.265105  
0.133045 0.639638 0.658781  0.265105  
0.872231 0.102131 0.616335  0.279535  
0.890347 0.0894152 0.616335  0.279535  
0.193774 0.563176 0.596185  0.280017  
0.662531 0.238863 0.573369  0.28238  
0.361544 0.421723 0.559959  0.282858  
0.780565 0.178376 0.555688  0.289512  
0.177275 0.580571 0.55449  0.297687  
0.194336 0.560567 0.551926  0.307915  
0.776031 0.19551 0.540711  0.312267  
0.658868 0.244654 0.534733  0.318591  
0.67175 0.229332 0.531044  0.325392  
0.397656 0.404237 0.531022  0.337366  
0.278046 0.534969 0.530884  0.348406  
0.316011 0.49423 0.530884  0.35999  
0.795414 0.167712 0.530884  0.372673  
0.217698 0.539515 0.530884  0.383056  
0.49282 0.394393 0.502644  0.390436  
0.499199 0.390444 0.502644  0.390436  
0.670483 0.232454 0.493469  0.394393  
0.878311 0.095587 0.427806  0.396133  
0.552151 0.303388 0.427806  0.396133  
0.40624 0.398277 0.427806  0.396133  
0.172608 0.586815 0.427806  0.396133  
0.682036 0.222741 0.427806  0.396133  
0.892202 0.0869165 0.416115  0.396149  
0.555724 0.28571 0.406515  0.398277  
0.295115 0.502629 0.399801  0.404225  
0.547362 0.307966 0.393099  0.408998  
0.568323 0.282385 0.38629  0.413846  
0.281841 0.517227 0.36616  0.421711  
0.793377 0.171309 0.36616  0.421711  
0.336565 0.435321 0.360731  0.421797  
0.540869 0.31005 0.352119  0.422597  
0.810699 0.164972 0.34448  0.425217  
0.878948 0.0941548 0.340294  0.432991  
0.16237 0.598995 0.335753  0.440055  
0.165119 0.595277 0.334028  0.451851  
0.776434 0.180846 0.334007  0.470153  
0.530884 0.340301 0.334007  0.47449  
0.198662 0.555633 0.316011  0.49423  
0.664737 0.235381 0.316011  0.49423  
0.279516 0.522293 0.307158  0.494691  
0.247238 0.538332 0.301519  0.497672  
0.22096 0.538759 0.295327  0.502801  
0.404472 0.398871 0.289079  0.508393  
0.870006 0.111984 0.283966  0.516848  
0.334028 0.451851 0.279516  0.527536  
0.386612 0.412503 0.248657  0.538332  
0.900907 0.0798625 0.248657  0.538332  
0.203921 0.552206 0.248657  0.538332  
0.343106 0.425414 0.248657  0.538332  
0.688128 0.219154 0.234511  0.538638  
0.349396 0.422634 0.234511  0.538638  
0.558883 0.282864 0.222168  0.538759  
0.776707 0.179274 0.222168  0.538759  
0.423277 0.396134 0.216886  0.542453  
0.334541 0.442171 0.210475  0.543203  
0.610199 0.279538 0.205035  0.549097  
0.531044 0.325392 0.199626  0.555944  
0.590251 0.280083 0.19394  0.560889  
0.53176 0.319834 0.188687  0.569775  
0.284295 0.512986 0.183138  0.575661  
0.175042 0.582476 0.177326  0.580877  
0.289094 0.508261 0.172048  0.594221  
0.130336 0.653311 0.166623  0.595533  
0.340337 0.428723 0.16122  0.60658  
0.300469 0.497596 0.155633  0.611452  
0.79699 0.166234 0.143724  0.624425  
0.335756 0.438218 0.143724  0.624425  
0.280268 0.519342 0.137449  0.639305  
0.899425 0.0836017 0.132691  0.640534  
