2.38594 2.4699e-123 1.30944e-18 2.38594  2.4699e-123  1.30944e-18  
1.74757 1.70383e-44 1.3216e-49 1.74757  1.70383e-44  1.3216e-49  
1.45163 7.32459e-79 3.35781e-25 1.45163  7.32459e-79  3.35781e-25  
1.55261 3.88623e-55 1.66368e-08 1.55261  3.88623e-55  1.66368e-08  
1.90641 0.0934799 1.24901e-172 1.90641  0.0934799  1.24901e-172  
1.55085 3.88357e-113 2.26669e-70 1.55085  3.88357e-113  2.26669e-70  
2.18052 0.000330611 2.5101e-22 2.18052  0.000330611  2.5101e-22  
1.74487 2.33068e-62 1.33898e-37 1.74487  2.33068e-62  1.33898e-37  
2.14333 2.32312e-63 2.19121e-19 2.14333  2.32312e-63  2.19121e-19  
1.8592 2.67715e-30 1.52391e-75 1.8592  2.67715e-30  1.52391e-75  
2.17742 5.17899e-38 4.53835e-81 2.17742  5.17899e-38  4.53835e-81  
1.35335 6.17655e-284 1.22935 1.35335  6.17655e-284  1.22935  
1.76118 4.66063e-25 2.23703e-23 1.76118  4.66063e-25  2.23703e-23  
1.67839 1.22805e-79 3.41746e-133 1.67839  1.22805e-79  3.41746e-133  
1.65607 9.86617e-50 1.54203e-11 1.65607  9.86617e-50  1.54203e-11  
2.05801 0.0248521 7.73984e-05 2.05801  0.0248521  7.73984e-05  
1.39052 7.36076e-14 2.96259e-55 1.39052  7.36076e-14  2.96259e-55  
1.72268 0.0455144 7.63531e-60 1.72268  0.0455144  7.63531e-60  
1.61787 3.91795e-46 4.48478e-14 1.61787  3.91795e-46  4.48478e-14  
1.64692 0.137438 6.37626e-13 1.64692  0.137438  6.37626e-13  
1.69808 1.39841e-57 1.40921e-32 1.69808  1.39841e-57  1.40921e-32  
1.77797 1.63127e-50 1.0737e-146 1.77797  1.63127e-50  1.0737e-146  
1.71531 1.41156e-07 4.24621e-06 1.71531  1.41156e-07  4.24621e-06  
1.65548 6.49799e-09 4.00416e-59 1.65548  6.49799e-09  4.00416e-59  
1.97999 1.00261e-27 1.84364e-11 1.97999  1.00261e-27  1.84364e-11  
1.57456 3.77008e-14 0.00699502 1.57456  3.77008e-14  0.00699502  
2.02629 2.10416e-39 2.15175e-30 2.02629  2.10416e-39  2.15175e-30  
2.25552 0.00416734 7.64853e-11 2.25552  0.00416734  7.64853e-11  
1.6774 0.00176681 1.81528e-144 1.6774  0.00176681  1.81528e-144  
1.62801 1.11642e-40 1.83804e-17 1.62801  1.11642e-40  1.83804e-17  
1.89837 3.8566e-73 4.36918e-13 1.89837  3.8566e-73  4.36918e-13  
1.70739 1.94106e-82 2.39726e-07 1.70739  1.94106e-82  2.39726e-07  
1.97303 3.3544e-70 1.77987e-49 1.97303  3.3544e-70  1.77987e-49  
1.96865 2.94855e-17 2.08081e-07 1.96865  2.94855e-17  2.08081e-07  
1.42413 7.35951e-26 1.89338e-44 1.42413  7.35951e-26  1.89338e-44  
1.76598 0.00115134 1.74683e-46 1.76598  0.00115134  1.74683e-46  
1.76219 0.343119 1.95662e-18 1.76219  0.343119  1.95662e-18  
1.37206 1.0197 2.5977e-11 1.37206  1.0197  2.5977e-11  
1.6062 6.00183e-67 1.912e-25 1.6062  6.00183e-67  1.912e-25  
1.67837 0.324935 1.24096e-52 1.67837  0.324935  1.24096e-52  
1.63399 5.35566e-31 1.92552e-89 1.63399  5.35566e-31  1.92552e-89  
1.7525 1.30588e-35 0.834676 1.7525  1.30588e-35  0.834676  
1.61287 1.8399e-38 2.08079e-51 1.61287  1.8399e-38  2.08079e-51  
1.75926 1.6597e-71 4.84139e-13 1.75926  1.6597e-71  4.84139e-13  
2.33443 8.37167e-47 2.51605e-25 2.33443  8.37167e-47  2.51605e-25  
1.928 2.04714e-130 0.0243442 1.928  2.04714e-130  0.0243442  
1.58282 1.06824e-33 2.55669e-07 1.58282  1.06824e-33  2.55669e-07  
1.84682 6.40551e-15 5.97837e-59 1.84682  6.40551e-15  5.97837e-59  
1.93209 2.13734e-14 4.97929e-178 1.93209  2.13734e-14  4.97929e-178  
1.91644 4.13591e-05 4.34436e-12 1.91644  4.13591e-05  4.34436e-12  
1.587 1.67067e-69 5.51735e-05 1.587  1.67067e-69  5.51735e-05  
1.47638 2.28494e-09 6.52678e-72 1.47638  2.28494e-09  6.52678e-72  
1.749 5.46557e-18 2.33264e-17 1.749  5.46557e-18  2.33264e-17  
1.86171 9.19278e-22 8.09853e-07 1.86171  9.19278e-22  8.09853e-07  
1.74332 1.05617e-06 5.09564e-101 1.74332  1.05617e-06  5.09564e-101  
1.46577 6.22291e-07 1.34215e-66 1.46577  6.22291e-07  1.34215e-66  
1.76361 5.33489e-107 8.36187e-89 1.76361  5.33489e-107  8.36187e-89  
1.70504 2.02461e-32 2.626e-27 1.70504  2.02461e-32  2.626e-27  
1.55388 1.66902e-190 1.08157 1.55388  1.66902e-190  1.08157  
2.14585 2.43995e-56 3.47573e-14 2.14585  2.43995e-56  3.47573e-14  
2.25768 8.99402e-20 2.65894e-29 2.25768  8.99402e-20  2.65894e-29  
1.95066 1.37035e-21 4.99174e-11 1.95066  1.37035e-21  4.99174e-11  
1.68718 3.22216e-37 9.39891e-23 1.68718  3.22216e-37  9.39891e-23  
1.92785 4.71853e-16 3.12952e-17 1.92785  4.71853e-16  3.12952e-17  
1.76116 0.000588786 6.65009e-06 1.76116  0.000588786  6.65009e-06  
1.76791 9.20422e-05 9.79262e-08 1.76791  9.20422e-05  9.79262e-08  
1.52843 4.26796e-183 4.16661e-15 1.52843  4.26796e-183  4.16661e-15  
2.21842 2.16622e-10 3.30613e-40 2.21842  2.16622e-10  3.30613e-40  
1.87347 6.89206e-32 3.95441e-56 1.87347  6.89206e-32  3.95441e-56  
2.04233 2.82544e-34 1.56714e-30 2.04233  2.82544e-34  1.56714e-30  
1.86798 1.71025e-160 8.29925e-67 1.86798  1.71025e-160  8.29925e-67  
1.63516 3.23863e-45 3.50334e-10 1.63516  3.23863e-45  3.50334e-10  
2.07803 1.491e-32 2.2254e-10 2.07803  1.491e-32  2.2254e-10  
2.02434 3.93306e-70 5.4396e-10 2.02434  3.93306e-70  5.4396e-10  
2.34203 2.21908e-64 8.01558e-45 2.34203  2.21908e-64  8.01558e-45  
0.706642 4.40793e-19 1.97981 0.706642  4.40793e-19  1.97981  
1.80402 3.0636e-13 4.58318e-46 1.80402  3.0636e-13  4.58318e-46  
1.53174 1.25819e-08 5.84307e-09 1.53174  1.25819e-08  5.84307e-09  
1.9851 6.64527e-16 1.46721e-67 1.9851  6.64527e-16  1.46721e-67  
1.84236 0.0642 1.14308e-125 1.84236  0.0642  1.14308e-125  
1.75709 9.86724e-58 4.53119e-83 1.75709  9.86724e-58  4.53119e-83  
1.48883 1.99041e-16 1.43914e-11 1.48883  1.99041e-16  1.43914e-11  
2.07108 4.75621e-25 1.05671e-29 2.07108  4.75621e-25  1.05671e-29  
1.93091 2.93259e-146 2.23972e-27 1.93091  2.93259e-146  2.23972e-27  
1.77685 2.46395e-41 0.000571158 1.77685  2.46395e-41  0.000571158  
1.60436 6.68266e-24 0.0923171 1.60436  6.68266e-24  0.0923171  
1.93464 2.82547e-21 4.03377e-53 1.93464  2.82547e-21  4.03377e-53  
1.82297 1.1612e-05 1.42368e-10 1.82297  1.1612e-05  1.42368e-10  
2.37084 8.18704e-39 1.81896e-45 2.37084  8.18704e-39  1.81896e-45  
1.48832 1.74185e-18 2.74081e-67 1.48832  1.74185e-18  2.74081e-67  
1.96132 1.14856e-64 1.18315e-91 1.96132  1.14856e-64  1.18315e-91  
1.61656 6.49425e-246 1.68725e-41 1.61656  6.49425e-246  1.68725e-41  
1.97794 1.72547e-07 5.63393e-14 1.97794  1.72547e-07  5.63393e-14  
1.82895 8.51115e-13 4.32962e-92 1.82895  8.51115e-13  4.32962e-92  
1.59096 4.89933e-31 7.71686e-28 1.59096  4.89933e-31  7.71686e-28  
1.69704 1.53065e-61 1.81403e-69 1.69704  1.53065e-61  1.81403e-69  
1.85444 4.48666e-48 7.06219e-39 1.85444  4.48666e-48  7.06219e-39  
1.662 2.44708e-167 1.57675e-36 1.662  2.44708e-167  1.57675e-36  
1.41425 1.71469e-40 9.70605e-51 1.41425  1.71469e-40  9.70605e-51  
2.33599 1.92084e-13 4.70878e-08 2.33599  1.92084e-13  4.70878e-08  
0.994169 9.83026e-05 0.107835 1  9.72819e-05  9.95603e-05  
8.22035e-05 0 1.1905 5.33062e-05  1.39718  0  
0.895516 0.446391 9.96207e-05 6.90562e-05  2.81883e-178  1.61512  
7.40677e-08 1.15087 1.04278e-191 1  1.12643e-160  3.97167e-67  
0.0744185 0 0.99724 1.54107  8.58291e-07  4.89712e-118  
0.986055 9.35977e-05 0.166421 1.63367  4.03254e-91  0.219341  
0.588691 1.8981e-15 0.809962 1.65541  5.44031e-09  1.26189e-139  
0.989832 9.62927e-05 0.143594 1.74029  1.11966e-108  0.0199731  
0.976519 0.215431 2.02811e-47 1.78484  3.39075e-79  0.000240898  
0.990971 0.13514 1.04548e-05 1.91174  3.24273e-51  3.5401e-07  
0.728666 0.684869 9.95603e-05 1.79865  0.387344  3.69536e-63  
0.980832 9.31019e-05 0.19486 1.92565  1.47191e-25  8.43552e-33  
0.999458 2.69214e-197 0.032932 1.92793  1.03701e-27  0  
0.917073 0.403096 3.15053e-148 1.94221  3.18216e-46  0.00304273  
0.984296 0.176622 0.000110607 1.95231  8.64457e-30  7.36704e-32  
0.644047 0.768771 8.33915e-05 2.00425  1.59776e-65  6.58191e-19  
0.992662 3.77161e-06 0.121057 2.01091  4.23923e-30  2.50747e-76  
0.660502 0.750836 8.31513e-05 1.64765  5.14444e-89  0.900258  
0.994089 0.110005 9.3932e-176 1.55828  1.11622  2.05583e-45  
0.97312 4.29354e-05 0.230369 2.02489  1.23038e-29  1.52828e-54  
0.934469 0.000350173 0.356089 2.03824  0.0719335  3.29675e-55  
0.997822 0.0660261 0 2.04679  3.14712e-39  1.46522e-267  
0.997673 9.36101e-05 0.0681798 1.64498  1.17529  6.62614e-35  
0.45394 0.891109 8.31562e-05 2.06422  2.63335e-201  0.000992246  
0.225254 0.976135 1.12987e-06 2.07279  1.38279e-38  1.08006e-52  
0.993686 0.113281 8.31606e-05 2.09677  2.87147e-45  6.20845e-154  
0.282152 2.78989e-05 0.959375 1.52864  1.55612  4.19809e-70  
0.970512 0.241055 9.72857e-05 2.10994  3.60411e-54  4.14461e-30  
0.971675 9.22327e-05 0.237248 2.13492  3.36747e-47  1.43111e-84  
0.929327 9.18911e-05 0.369257 2.13578  1.42897e-49  9.12781e-35  
0.949763 1.55345e-06 0.312971 2.15058  3.44549e-11  3.68699e-20  
0.399999 0.916986 9.73277e-05 2.16262  3.71663e-148  1.2259e-31  
0.965921 0.25935 6.47161e-181 2.17514  1.44958e-64  6.69762e-104  
0.931663 0.374074 9.76706e-05 2.17607  1.45955e-84  2.00891e-192  
0.804825 1.11209e-230 0.593514 1.24219  1.79578  5.00438e-15  
0.884537 8.39615e-05 0.480542 2.17765  2.31599e-46  6.71432e-59  
0.906432 0.422353 9.73887e-82 2.18054  0.497651  0.00102097  
0.973214 0.2299 9.08121e-05 2.18607  2.0176e-62  4.02828e-81  
0.890537 3.21608e-211 0.455099 2.18875  1.67936e-20  1.37625e-14  
0.964252 0.264986 9.08121e-05 2.18885  9.67204e-216  5.92892e-28  
0.552035 0.833984 2.9465e-240 2.19233  2.39975e-13  1.4013e-15  
0.747633 7.39253e-05 0.664511 2.1956  2.46701e-14  1.54923e-05  
0.424042 6.12718e-186 0.905657 1.1699  1.89058  0.00118824  
0.837335 8.2795e-05 0.54669 2.2003  8.42307e-23  1.10037e-12  
0.858685 0.51173 0.0281442 2.20141  5.76185e-80  6.90354e-123  
0.808312 0.00010587 0.588754 2.20402  8.77464e-102  1.30494e-218  
0.912243 0.409649 9.08121e-05 2.2195  8.73481e-23  1.66395e-15  
0.987944 3.32815e-06 0.154812 2.22033  1.3577e-144  1.38915e-50  
0.957669 0.287872 9.08121e-05 2.23374  9.31563e-45  9.4158e-238  
0.960509 3.97101e-103 0.27825 0.726015  1.1923e-07  2.10474  
0.964726 1.62532e-135 0.263257 0.892515  2.03551  0.0294361  
0.167091 0.985942 9.08121e-05 2.23676  0.0114663  1.613e-15  
0.982998 0.190383 9.96862e-05 2.30171  5.89984e-08  2.00511e-14  
0.718776 0.695255 1.89158e-165 2.3386  2.52223e-109  2.50955e-53  
0.723933 1.00571e-191 0.689883 0.983944  2.07863  4.74694e-11  
0.955237 9.4453e-05 0.295843 2.41603  3.02264e-28  3.27967e-10  
0.987259 0.159124 9.95603e-05 2.44915  9.53933e-38  2.97117e-159  
0.882571 0.476281 5.27012e-163 0.526289  4.94524e-37  1.92863  
0.411526 0 0.911401 0.667267  2.11889  0.000130478  
0.698777 7.40237e-240 0.715582 2.03287  0.805956  0.479033  
0.795835 0.605585 9.93359e-05 2.20829  1.0679e-63  9.41605e-105  
0.160635 0.987014 9.93316e-05 2.17678  2.07711e-102  1.39516e-34  
0.824282 0.56618 9.93316e-05 2.19969  1.31158e-144  5.10103e-93  
0.785559 0.619606 1.29348e-115 1.84521  5.10953e-42  0.65101  
0.30814 0.951408 1.55387e-119 1.88897  1.3399e-16  2.69842e-82  
0.789075 7.80231e-05 0.614297 0.0153704  2.22923e-51  1.90152  
0.752319 0.668119 3.00397e-124 0.000320284  1.93913  1.69789e-45  
0.263789 2.60832e-05 0.96458 2.20505  1.75411e-33  9.76886e-30  
0.837114 0.547029 9.95603e-05 2.2711  1.94948e-55  9.57326e-238  
0.509651 0 0.860441 1.84081  2.87342e-18  9.57311e-123  
0.115183 2.50459e-227 0.994876 0.0290729  1.9846  5.14776e-38  
0.419125 0.908208 3.98079e-124 2.43671  0.00667907  1.4905e-76  
0.113354 0.994783 9.96818e-05 1.92503  9.85683e-26  2.30341e-39  
0.943724 1.30402e-230 0.330923 0.285297  9.59273e-45  1.95295  
0.499503 0.866313 9.62517e-205 0.00278595  2.0318  4.35738e-45  
0.977258 1.59842e-06 0.215131 1.87337  1.24178  0.0136878  
1 9.72819e-05 9.95603e-05 0.701598  1.9845  4.66481e-10  
0.926612 1.84763e-133 0.378197 2.09383  3.54144e-25  0.00941474  
0.095032 2.64092e-164 0.995593 1.79571  2.49954e-76  2.80237e-12  
0.387333 0.922038 9.95693e-05 2.32729  1.41645e-08  1.44595e-90  
0.0251143 0.999843 5.863e-143 1.9968  5.45947e-31  1.24874  
0.389551 0.921459 1.4582e-121 0.000343609  2.70138e-128  1.7457  
0.0490932 1.5778e-172 1.00163 0.000178532  1.81968  1.32261e-56  
0.826073 8.0362e-05 0.563744 2.02812  9.4685e-168  5.43878e-43  
0.946072 0.342358 0.000100169 2.05829  5.24514e-142  1.41013e-36  
0.433828 0.901032 7.85774e-169 2.11413  5.52683e-13  4.32754e-48  
0.316827 1.17749e-08 0.948483 0.0580068  2.21769  0.0530071  
0.948634 0.31763 9.95999e-05 1.82332  2.53797e-76  2.84546e-12  
0.979525 9.529e-05 0.201591 1.79743  5.73539e-14  8.50501e-58  
0.979878 0.199775 9.95638e-05 6.94273e-05  2.78934e-252  1.6238  
0.955509 0.294962 9.95603e-05 0.0176135  1.93787  1.36107e-43  
0.886802 0.462853 9.95927e-05 0.29707  9.31246e-35  2.03354  
0.922953 0.38687 0.000157271 2.03405  3.70661e-20  4.6408e-111  
0.504156 0.865019 3.99757e-183 0.0405318  2.98432e-203  1.84015  
0.0755665 0.997141 9.95603e-05 0.0625357  2.22677  0.0305141  
0.556134 0.831093 9.95603e-05 2.36432  2.58802e-13  7.32622e-15  
0.694777 0.719227 9.04736e-97 2.32534  1.41526e-08  1.44473e-90  
0.918127 1.7731e-79 0.396297 0.000243638  2.06279e-117  1.61204  
0.841772 0.542598 9.97091e-05 0.00354432  1.77565  1.78343e-166  
0.919555 8.9456e-05 0.395843 2.03218  5.60865e-16  3.0482e-58  
0.887039 1.61226e-89 0.461694 1  9.72819e-05  9.9702e-05  
3.54089e-05 1.18229e-171 1.00469 1.12047e-08  1  2.05491e-117  
0.895516 0.446391 9.96207e-05 0.000123341  1.77251e-57  1.64676  
2.72027e-08 0.950869 0.310571 0.999419  2.30959e-172  0.0340708  
4.19675e-07 0.904092 0.428001 1  5.42447e-155  7.53849e-164  
0.63133 6.14169e-05 0.775581 1.30578  5.36059e-34  2.57037e-33  
0.576675 1.33266e-172 0.818423 1.36464  1.24309e-32  3.71314e-29  
0.993911 5.97286e-296 0.110186 1.36783  9.35189e-29  7.50244e-33  
0.192652 5.29726e-116 0.981267 1.3912  3.926e-31  1.10039e-26  
0.329196 0.944269 0 1.43782  5.36239e-27  2.4749e-33  
0.73374 0.67943 8.37735e-125 1.45756  1.3468e-27  2.47555e-54  
0.980735 9.54078e-05 0.195361 1.46628  6.305e-28  0  
0.606953 0.794824 5.30271e-05 1.47298  5.78881e-30  7.94152e-130  
0.894243 8.69936e-05 0.447582 1.48691  6.41628e-108  2.0528e-32  
0.578046 0.817422 9.98174e-05 1.49113  8.12364e-132  5.8265e-32  
0.767335 7.46478e-05 0.641246 1.49457  6.93539e-28  4.16565e-166  
1 9.72819e-05 9.9702e-05 1.49523  5.42354e-252  6.0296e-33  
0.654766 0.75951 9.99795e-05 1.30114  5.66209e-34  0.746455  
3.21046e-09 0.112222 0.993686 1.39  0.900371  1.71286e-58  
0.972988 6.48511e-82 0.231612 1.52021  1.67745e-93  1.30903e-25  
0.934469 0.000350173 0.356089 1.52692  6.53103e-37  4.76764e-100  
0.284564 0.959848 0 1.48393  5.41223e-158  0.81579  
0.533811 3.47008e-41 0.846013 1.39799  0.905546  2.36061e-54  
0.464301 0.885774 5.58362e-132 1.54945  9.79258e-24  7.1344e-103  
0.626436 0.778728 0.0340708 1.55775  1.44953e-89  1.60566e-32  
0.988452 0.151647 8.48502e-132 1.207  7.84635e-56  1.08863  
0.282152 2.78989e-05 0.959375 1.26936  1.04168  1.61111e-52  
0.970512 0.241055 9.72857e-05 1.58748  3.79417e-114  7.78637e-24  
1.48348e-08 0.518551 0.855106 1.59367  4.74175e-31  0.0688719  
0.80633 0.591468 1.16933e-154 1.15777  7.44606e-24  1.07678  
0.146736 0.989176 1.36521e-108 1.35865  1.04458  1.94981e-225  
0.110956 0.0891612 0.989821 1.24279  3.68578e-191  1.14816  
0.481363 3.1869e-06 0.876522 1.59768  1.07444e-144  3.97239e-19  
2.73991e-08 0.957738 0.289698 1.05898  2.35851e-78  1.2947  
0.195617 0.980681 3.46497e-122 0.963225  1.21389  3.03243e-35  
0.874491 8.50722e-05 0.485041 1.62121  1.41885e-106  4.9055e-22  
1.35697e-08 0.971375 0.238381 1.62395  1.05568e-55  9.06796e-99  
0.648019 1.20839e-188 0.761624 1.10588  7.17904e-74  1.26146  
0.55523 1.2831e-172 0.831776 1.00694  1.35012  0.00319223  
1.12047e-08 1 4.23604e-06 1.24442  3.69061e-191  1.14967  
0.535896 0.844307 1.64107e-194 1.62864  4.96058e-13  1.93213e-55  
1.41863e-08 0.495882 0.869362 0.904471  0.0464123  1.43879  
2.13729e-08 0.747089 0.664733 0.949531  1.38708  7.89216e-72  
0.834923 8.12229e-05 0.55588 1.63579  7.03194e-218  2.95121e-56  
0.858685 0.51173 0.0281442 1.6395  0.0861248  4.26722e-54  
0.808312 0.00010587 0.588754 0.966108  1.34839e-38  1.43565  
0.913716 0.406049 0.0272963 0.779474  1.5672  0.158185  
0.608364 5.91828e-05 0.793707 1.10586  6.86892e-132  1.28118  
0.957905 0.287235 1.54196e-242 1.64158  1.06046e-139  7.01195e-54  
0.959049 9.32981e-05 0.283241 0.437598  8.9626e-26  1.51014  
0.164665 0.873861 0.460513 0.547501  1.49301  1.36229e-23  
0.517346 0.856042 1.23005e-164 1.65163  5.03062e-13  1.95941e-55  
2.82077e-08 0.986 0.166761 1.67121  2.46513e-81  4.66694e-23  
0.708499 0.705724 1.862e-200 0.296982  8.51033e-135  1.66342  
0.73819 7.18125e-05 0.675676 0.685429  1.49104  4.12024e-16  
0.847609 3.20362e-168 0.531001 1.67488  4.97885e-92  5.61997e-86  
0.253037 0.967457 3.03768e-130 1.67634  0.0806771  4.36212e-54  
0.872613 0.488412 9.9702e-05 0.465409  2.0805e-32  1.43038  
0.408446 2.45454e-296 0.912783 0.34875  1.52798  3.52576e-37  
0.709788 2.00586e-147 0.704416 1.6818  3.28898e-183  5.68865e-07  
0.793836 0.608132 9.9702e-05 1.68195  5.46169e-86  1.96166e-116  
6.49997e-09 0.58011 0.814561 0.490213  1.72689e-41  1.47294  
0.824282 0.56618 9.93316e-05 0.584615  1.59422  4.94206e-217  
0.785559 0.619606 1.29348e-115 0.410183  4.95205e-57  1.57269  
2.84462e-08 0.994338 0.106289 1.68784  1.0237e-06  5.70907e-07  
0.789075 7.80231e-05 0.614297 0.282897  1.08862e-33  1.47132  
0.861044 1.56583e-90 0.508532 0.213815  1.49759  7.098e-31  
0.468329 6.49196e-184 0.886782 1.69005  3.88329e-160  2.84686e-117  
0.75456 1.40706e-188 0.656234 0.274938  1.65893  7.37251e-10  
0.509651 0 0.860441 0.347283  9.84018e-23  1.56768  
0.109393 1.0642e-05 0.993999 0.187781  1.52439  1.5228e-28  
0.419424 0.907922 2.98657e-124 0.264855  0.00194094  1.66361  
2.63081e-08 0.919598 0.392867 0.00561137  1.76105  4.4373e-32  
0.943724 1.30402e-230 0.330923 0.0488067  3.30201e-35  1.49417  
2.38585e-08 0.833975 0.551827 0.179726  1.51651  1.60486e-32  
0.240606 2.34066e-05 0.970855 1.69173  2.41181e-116  1.02553e-110  
0.447068 4.34916e-05 0.8945 0.206786  1.68316  3.09856e-115  
2.42706e-08 0.84838 0.529525 0.0181976  3.88312e-33  1.5695  
1.79813e-08 0.628536 0.777808 0.135918  1.65119  1.92369e-13  
0.38791 0.921709 1.47771e-115 0.232635  0.634386  1.53551  
0.357442 0.933957 1.64107e-194 1.69585  1.30672e-247  0.00391914  
0.677992 6.59564e-05 0.735069 0.0289915  4.41267e-35  1.49205  
1.84197e-08 0.780107 0.63411 0.142301  1.50713  8.15498e-31  
0.821432 4.93636e-296 0.570433 1.82035  1.93678e-197  6.6015e-17  
0.940417 0.340032 1.05104e-209 0.127743  1.56011  0.603718  
0.447598 0.894937 9.97646e-05 0.118569  5.64952e-39  1.53071  
0.316827 1.17749e-08 0.948483 0.00809186  1.5378  4.87433e-33  
0.949588 0.313565 1.64107e-194 0.0255227  0.636173  1.57194  
0.7598 0.650157 9.95603e-05 0.112183  1.31993  1.03091  
0.97925 0.202713 9.97032e-05 0.0475875  8.10185e-35  1.48961  
0.371385 3.6129e-05 0.92863 0.00486575  1.52705  3.15944e-32  
0.886213 0.463333 9.97045e-05 0.0671435  0.546521  1.58254  
0.924816 0.380415 9.9702e-05 2.75422e-05  1.50515  0.740018  
0.485523 0.874249 9.97042e-05 0.0134708  1.42705e-35  1.4921  
1.09654e-07 0.440152 0.899841 1.29648e-11  1.55854  2.69219e-33  
0.556134 0.831093 9.95603e-05 0.00142084  0.550981  1.58355  
0.677571 0.735457 2.53207e-127 1.67037  1.80687e-09  3.25997e-194  
0.918127 1.7731e-79 0.396297 0.00589771  1.1227e-35  1.4913  
0.841479 0.540997 1.86269e-200 0.000261778  1.52389  2.10385e-32  
0.347171 6.30721e-183 0.937802 1.49725  1.39324e-89  1.54331e-32  
0.885107 1.66584e-128 0.466097 1  9.98987e-05  9.9702e-05  
3.3241e-05 6.29072e-65 1 3.49222e-14  1  1.76337e-56  
0.894682 0.446996 2.42124e-70 3.3241e-05  6.29072e-65  1  
9.93566e-09 0.939164 0.34347 1  2.53978e-46  9.59924e-42  
4.19675e-07 0.904092 0.428001 1.14529  6.44938e-190  5.78008e-22  
0.839677 1.90029e-131 0.543085 1.14748  1.15479e-33  5.424e-243  
0.568195 5.52751e-05 0.822894 1.16877  5.79344e-17  2.1222e-24  
0.993911 5.97286e-296 0.110186 1.17337  5.71198e-15  3.51243e-152  
0.19473 1.94323e-133 0.980857 1.17489  1.65886e-17  1.31554e-25  
0.33034 0.943954 9.97106e-05 1.17745  8.33433e-25  2.74748e-12  
0.733147 0.68007 3.42364e-103 1.16506  0.372629  3.05054e-21  
0.980735 9.54078e-05 0.195361 1.17817  1.62189e-197  2.16992e-59  
0.601 0.799394 5.20633e-58 1.18273  1.92463e-243  3.71458e-55  
0.894243 8.69936e-05 0.447582 1.18883  1.67854e-17  1.33115e-25  
0.578917 0.814696 0.0381014 1.19569  2.16723e-15  3.81994e-208  
0.756141 7.40094e-05 0.654431 1.19176  4.6345e-24  0.127705  
0.707508 1.62813e-104 0.706705 1.20565  2.39934e-69  3.9934e-139  
0.648596 0.761136 1.21003e-108 1.10917  1.81612e-122  0.635073  
0.669569 0.65263 0.35468 1.05728  0.680764  3.52795e-16  
0.275589 0.961276 5.20573e-58 1.21204  2.31047e-149  3.06596e-32  
0.934469 0.000350173 0.356089 1.18523  0.584163  0.106085  
3.17904e-09 0.300498 0.953783 1.11386  1.8238e-122  0.637758  
0.540914 5.29434e-05 0.841087 1.0665  0.726373  4.13058e-22  
0.467971 0.883052 0.0380996 1.15265  9.72015e-43  0.652958  
0.624642 0.779822 0.0412303 1.21225  5.11932e-133  7.84715e-54  
0.988452 0.151647 8.48502e-132 1.02619  4.86219e-160  0.821535  
0.286516 7.9597e-60 0.958076 1.02429  0.859158  6.99815e-46  
0.972559 0.232656 9.9702e-05 1.15858  0.154243  0.662105  
1.83558e-14 0.525618 0.850721 1.21235  0.369233  1.3127e-22  
0.161964 0.754572 0.635916 0.970353  9.17358e-80  0.867953  
4.32532e-09 0.408849 0.912602 1.04876  0.879688  1.74286e-40  
7.78202e-09 0.735592 0.678847 1.02619  1.88726e-21  0.821535  
0.488456 4.87961e-05 0.872589 1.21597  0.445058  4.00323e-38  
1.01436e-08 0.958819 0.284018 0.764256  1.55974e-152  1.01584  
0.195617 0.980681 3.46497e-122 0.758753  1.02053  5.3398e-27  
4.81132e-12 0.650674 0.759362 1.23376  1.1173e-57  2.67487e-19  
1.0292e-08 0.972844 0.23147 0.987938  0.99526  4.88085e-61  
0.65139 1.41319e-298 0.758791 0.890922  0  0.984262  
8.45533e-09 0.799236 0.601862 1.06822  0.896008  5.68487e-63  
0.867318 0.372657 0.333898 0.904773  2.21426e-32  0.908275  
0.532505 0.846586 5.93259e-135 1.27376  6.90867e-45  1.31936e-22  
5.22562e-09 0.493949 0.869491 0.621561  1.26852e-152  1.11789  
4.8778e-09 0.461072 0.887363 0.657971  1.07793  4.57739e-124  
8.12011e-12 0.34904 0.937161 0.8965  1.31276e-136  1.0049  
0.857334 0.514761 1.78465e-69 1.27906  3.10741e-57  4.09439e-22  
0.800081 7.98407e-133 0.599893 0.651662  1.31817e-48  1.12689  
0.899455 0.401589 0.172357 1.28458  2.10333e-122  1.25653e-94  
0.599093 5.82809e-05 0.80068 0.353952  3.73646e-53  1.35352  
0.957905 0.287235 1.54196e-242 1.29188  3.1639e-37  4.13543e-22  
0.961649 1.55494e-105 0.274284 0.534713  8.70125e-244  1.17384  
0.164665 0.873861 0.460513 0.472481  1.13974  2.67494e-19  
0.505075 0.863075 2.91837e-54 0.937631  0  1.03586  
2.56536e-10 0.989451 0.145096 1.29313  7.37709e-47  0.127134  
0.70717 0.707045 2.65929e-263 0.491677  8.25843e-46  1.20145  
0.733502 8.68954e-102 0.679839 0.537606  1.23054  1.22784e-55  
0.682154 0.731209 5.20573e-58 0.345053  3.64251e-53  1.3195  
8.00679e-09 0.756838 0.653602 1.29674  2.17806e-45  6.92643e-65  
0.872613 0.488412 9.9702e-05 0.335695  7.90447e-35  1.23129  
0.392034 3.95054e-68 0.919951 0.385406  1.23437  0.127135  
0.619888 2.50885e-265 0.784691 0.630547  1.77929e-42  1.35806  
0.793836 0.608132 9.9702e-05 1.31076  1.00556e-52  5.68309e-41  
6.12617e-09 0.579073 0.815276 0.28743  1.33877e-151  1.24011  
0.814905 0.579595 8.37483e-08 0.224607  1.35965  1.01167e-50  
0.742628 0.500433 0.445052 0.429418  3.29431e-53  1.23842  
0.706525 0.586857 0.63995 0.557343  1.14332e-43  1.54598  
0.78187 1.19712e-110 0.623451 0.285119  3.54937e-228  1.23014  
0.861824 8.60951e-05 0.507207 0.270702  1.19625  3.66174e-22  
2.05909e-09 0.194635 0.981321 0.355847  3.75646e-53  1.36077  
0.789107 0.439472 0.432767 0.213837  1.29446  9.63158e-51  
0.513727 3.3637e-114 0.857966 0.252455  4.53795e-32  1.26101  
0.109393 1.0642e-05 0.993999 0.274051  1.21105  3.03627e-230  
0.425811 0.904812 1.21003e-108 0.292381  1.56148e-08  1.26148  
2.63081e-08 0.919598 0.392867 1.66328  6.14595e-43  4.70372e-114  
0.949396 9.29247e-05 0.314082 0.160707  5.18057e-167  1.24685  
2.8646e-14 0.82028 0.571962 0.0459215  1.27331  1.18397e-20  
0.240606 2.34066e-05 0.970855 0.0187092  2.34758e-27  1.33827  
0.447068 4.34916e-05 0.8945 0.175493  1.17381  0.512313  
2.42706e-08 0.84838 0.529525 0.0083324  0.253661  1.26771  
1.79813e-08 0.628536 0.777808 0.213632  1.29321  8.82088e-52  
0.38589 0.92261 3.83505e-48 0.129755  0.315212  1.26454  
0.82678 0.396846 0.398682 0.378331  3.99381e-53  1.44675  
0.677992 6.59564e-05 0.735069 0.0169795  2.13054e-27  1.21455  
8.2714e-09 0.781851 0.623619 0.0519938  1.22555  1.04361e-24  
0.823191 8.29531e-68 0.567765 0.00963684  0.293371  1.46617  
0.939787 0.34176 2.16966e-60 0.00380648  1.21817  0.433571  
1.75423e-10 0.676603 0.737455 0.128174  0.311372  1.24913  
3.49222e-14 1 1.41913e-05 0.0544201  1.28274  0.204023  
9.17855e-09 0.867598 0.497266 4.52439e-05  0.420925  1.22059  
0.759564 0.650434 3.22526e-46 1.28524  8.73065e-80  4.10605e-208  
6.41222e-09 0.606112 0.795408 0.00993513  9.59463e-24  1.21335  
1.83641e-10 0.708298 0.705913 0.0441729  1.25949  2.85979e-125  
2.73716e-09 0.258729 0.96595 0.101441  0.176595  1.31858  
0.924816 0.380415 9.9702e-05 0.0102197  1.26054  0.407549  
5.87187e-09 0.555036 0.831827 0.000349564  2.98273e-28  1.2381  
4.62475e-09 0.437152 0.899388 0.0474736  1.30563  0.00206821  
0.554571 0.832136 9.9702e-05 0.0301106  0.453469  1.20866  
1 9.98987e-05 9.9702e-05 0.0346491  0.999228  0.817988  
0.918435 3.66878e-107 0.395572 0.0135249  1.79294e-27  1.21246  
0.839669 0.543099 2.43754e-77 0.010736  1.32423  7.93796e-232  
0.341883 7.63296e-101 0.939742 0.00288403  0.922964  1.01967  
0.860031 5.85887e-71 0.510242 1  9.98987e-05  9.9702e-05  
0.791966 9.81691e-78 0.61061 6.12323e-17  1  1.75344e-95  
0.894682 0.446996 2.42124e-70 3.3241e-05  9.66102e-56  1  
9.93566e-09 0.939164 0.34347 1  3.58581e-40  4.68475e-18  
0.551965 0.594436 0.584944 1  2.36602e-91  3.96086e-16  
0.832427 2.55789e-50 0.554135 1  2.54706e-15  3.00621e-35  
0.553425 1.99177e-134 0.832956 1  8.55531e-16  4.13507e-163  
0.246332 0.288382 0.925829 1  2.63378e-40  4.13507e-163  
6.12323e-17 1 7.11302e-05 1  3.7343e-94  1.75344e-95  
0.34102 0.940056 9.73723e-31 1.02658  2.70952e-32  3.40266e-44  
0.733147 0.68007 3.42364e-103 1.03152  0.28529  4.42554e-163  
0.980735 9.54078e-05 0.195361 1.04032  1.03666e-32  8.11706e-45  
0.608173 0.793805 1.89065e-56 1.03519  0.217997  7.10343e-15  
0.894422 1.21979e-169 0.447223 0.98736  1.13049e-75  0.388002  
0.493335 0.767671 0.411795 1.03603  0.272022  2.25632e-58  
0.759927 1.42528e-46 0.650009 1.03312  4.37044e-67  0.275849  
0.707508 1.62813e-104 0.706705 1.0439  0.288714  2.37675e-184  
0.650385 0.759604 9.9702e-05 0.919066  1.05229e-75  0.530421  
0.669569 0.65263 0.35468 0.937024  0.585286  2.12833e-17  
0.287743 0.95835 1.52637e-36 1.04428  0.210152  1.17092e-280  
0.53794 0.539596 0.659202 0.965066  0.511984  1.84865e-11  
0.921048 0.38947 5.4399e-180 0.923973  4.8888e-17  0.554157  
0.351386 0.862261 0.36861 0.940654  0.587554  2.13658e-17  
0.467971 0.883052 0.0380996 0.934512  1.7036e-64  0.525564  
0.371096 0.498328 0.785338 0.97636  0.517976  1.87028e-11  
0.988452 0.151647 8.48502e-132 0.879725  2.11817e-27  0.6484  
0.286926 4.57633e-36 0.957968 0.805634  0.729795  2.99877e-96  
0.972987 0.231075 9.28496e-62 0.926022  1.03424e-148  0.555385  
0.39734 0.396461 0.829139 0.946817  0.628173  3.14027e-106  
0.47438 0.670807 0.575832 0.797335  3.02936e-171  0.74563  
2.4848e-17 0.405798 0.913963 0.805991  0.730119  3.0001e-96  
4.48937e-17 0.73317 0.680046 0.886886  6.95204e-32  0.621189  
0.373307 0.815029 0.446113 0.976692  0.518152  3.97794e-35  
5.86781e-17 0.958287 0.285893 0.688098  6.66114e-39  0.833369  
0.195617 0.980681 3.46497e-122 0.639134  0.829406  3.45693e-13  
4.81132e-12 0.650674 0.759362 0.921061  2.2177e-27  0.631047  
5.97122e-17 0.975175 0.221436 0.772774  0.759088  1.0911e-33  
0.390865 0.920576 2.27772e-43 0.72992  2.50764e-43  0.823228  
0.231625 3.56477e-15 0.97304 0.692961  0.899258  3.74806e-13  
0.666816 0.534621 0.520552 0.731283  1.5954e-40  0.824766  
0.555935 0.832633 2.40531e-87 0.798316  0.74339  2.60386e-49  
3.11914e-17 0.509394 0.860534 0.554501  1.20527e-33  0.895588  
0.542789 0.71226 0.484323 0.550171  0.89539  7.74697e-55  
2.04885e-17 0.334603 0.94244 0.794354  3.88735e-31  0.895899  
0.847615 0.429858 0.316781 0.75396  0.862317  2.17763e-17  
5.33399e-17 0.871106 0.491808 0.571133  1.48883e-74  0.895899  
0.391682 0.261888 0.882412 0.582151  0.953606  3.52087e-30  
0.558392 0.279024 0.790524 0.602819  1.21135e-75  0.928042  
0.957905 0.287235 1.54196e-242 0.863119  1.26563e-186  0.807149  
0.957865 2.04334e-64 0.287219 0.452016  5.09163e-20  0.978493  
0.252758 0.919606 0.306617 0.424739  0.987775  5.19875e-49  
0.505075 0.863075 2.91837e-54 0.64601  2.19996e-143  0.864772  
6.05164e-17 0.988307 0.152476 0.477341  1.01954  3.54765e-30  
0.70717 0.707045 2.65929e-263 0.44312  7.60961e-41  0.978631  
0.454668 0.52244 0.722346 0.360049  0.999945  4.10564e-62  
0.681258 0.7321 5.45052e-52 0.484503  3.47613e-37  1.07003  
4.62455e-17 0.755247 0.65544 0.598778  0.974497  8.43141e-55  
0.871716 0.490012 9.16811e-67 0.309404  7.4329e-162  1.03152  
0.39065 1.10387e-19 0.920576 0.353874  0.982796  1.98584e-17  
0.600042 3.36965e-39 0.800623 0.136064  1.29619e-76  1.07093  
0.795004 0.606605 4.31372e-214 0.444139  1.03289  5.4362e-49  
3.55173e-17 0.580042 0.814587 0.323195  1.1508e-45  1.04099  
0.747277 0.574801 0.333438 0.361851  1.01262  4.93537e-39  
0.742628 0.500433 0.445052 0.367079  1.2163e-39  1.06683  
0.647452 0.405271 0.66732 5.15104e-06  0.926131  0.842593  
0.928323 0.295102 0.235804 0.148691  0.0135688  1.05464  
0.905574 0.350499 0.239118 0.228149  1.04696  5.76194e-149  
9.34227e-18 0.152571 0.9883 7.71678e-06  0.794354  0.895899  
0.789107 0.439472 0.432767 7.79696e-05  1.06251  6.22714e-09  
0.387829 0.62343 0.697427 0.280126  6.32101e-05  1.04232  
0.150928 8.10931e-31 0.988545 0.187682  1.05323  2.33703e-206  
0.425811 0.904812 1.21003e-108 0.0067878  0.62084  1.00279  
5.59699e-17 0.914057 0.405586 0.0207153  1.04812  0.607431  
0.939975 5.35389e-49 0.341592 0.0262414  9.91152e-35  1.05774  
0.196597 0.802213 0.571168 0.134479  1.05111  1.03517e-58  
0.364589 0.790373 0.492327 4.11314e-06  0.739522  0.937018  
0.447068 4.34916e-05 0.8945 0.00688595  1.06305  1.35426e-57  
5.10412e-17 0.833566 0.552518 0.0297664  3.35374e-11  1.05963  
3.3241e-05 2.49367e-08 1 0.167186  1.05584  2.14285e-177  
0.651276 3.57586e-95 0.759256 0.149711  0.0136619  1.06187  
0.82678 0.396846 0.398682 8.45458e-06  0.91572  0.709553  
0.679201 3.59333e-194 0.734048 0.112589  1.45249e-11  1.0493  
4.81789e-17 0.786821 0.617181 0.0965921  1.03055  4.52022e-15  
0.797874 0.20483 0.572676 7.50222e-06  0.772268  0.87099  
0.939787 0.34176 2.16966e-60 0.00130949  1.00067  0.364355  
5.48572e-17 0.895886 0.444283 6.32215e-07  0.0650793  1.0584  
0.732829 1.63551e-112 0.680553 0.0263658  1.04569  0.196346  
1 9.98987e-05 9.9702e-05 0.0749327  0.426598  0.994413  
0.75588 0.654716 9.97023e-05 8.89619e-06  0.963551  0.660158  
3.75744e-06 0.620395 0.785097 0.0346217  2.39409e-163  0.999431  
1.83641e-10 0.708298 0.705913 7.77702e-05  1.05979  9.5801e-10  
1.48544e-17 0.242591 0.970136 0.00664398  0.607686  0.981548  
0.514561 0.438101 0.738662 0.000287947  1.00455  0.365768  
5.87187e-09 0.555036 0.831827 0.0111866  0.119351  1.0536  
2.75178e-17 0.4494 0.893334 0.0265533  1.05313  0.197742  
0.505438 1.21113e-25 0.862863 6.34128e-07  0.0652763  1.0616  
1.19469e-14 0.678694 0.734592 4.85673e-06  0.817983  0.760058  
0.921459 3.126e-49 0.388475 6.12342e-06  2.71428e-26  1  
0.832185 0.55471 2.09083e-59 6.12323e-17  1  1.77373e-34  
0.341883 7.63296e-101 0.939742 7.14876e-06  0.735883  0.829954  
0.574998 0.579126 0.578622 1  9.98987e-05  9.9702e-05  
0.287804 5.72515e-05 0.957699 5.28876e-05  1  9.42517e-05  
0.206796 0.978641 9.97271e-05 3.3241e-05  9.56062e-09  1  
0.730146 0.682926 0.0338355 0.998602  0.0365423  0.0381894  
5.28876e-05 1 9.42517e-05 0.993853  0.105418  0.0338245  
0.832427 2.55789e-50 0.554135 0.988884  0.0447165  0.141805  
0.647472 0.408268 0.643504 0.979251  0.200746  0.0277119  
0.940299 9.39347e-05 0.340349 0.980801  0.0990115  0.168006  
0.703362 0.628485 0.332098 0.975795  0.190293  0.107767  
0.832565 0.555478 9.97877e-05 0.955594  0.0412578  0.291785  
0.287357 0.958211 9.9739e-05 0.941093  0.337654  0.0182904  
3.3241e-05 9.56062e-09 1 0.958146  0.174849  0.226679  
0.410795 0.648897 0.64115 0.946514  0.296028  0.128373  
0.894422 1.21979e-169 0.447223 0.926363  0.0777805  0.368513  
0.797455 0.576052 0.179548 0.916911  0.390035  0.0845365  
0.756525 1.14562e-75 0.653964 0.923696  0.156078  0.349892  
0.706765 5.68588e-195 0.70746 0.925373  0.303812  0.226679  
0.980756 2.30215e-06 0.195322 0.860844  0.0250867  0.50825  
4.411e-05 0.834033 0.551839 0.840026  0.542507  0.00652195  
0.445598 0.896458 9.75646e-05 0.896181  0.294228  0.332098  
0.409953 0.911045 0.0439858 0.872099  0.454588  0.181088  
0.979323 0.202359 9.97031e-05 0.84701  0.140039  0.5128  
0.0373416 0.733093 0.679219 0.823051  0.560684  0.0906636  
5.18658e-05 0.98068 0.19562 0.847734  0.244073  0.470931  
0.462766 0.756242 0.464209 0.846467  0.446384  0.290233  
0.940031 0.341159 9.12958e-05 0.764114  0.045081  0.643504  
1 9.98987e-05 9.9702e-05 0.750804  0.657845  0.0594429  
0.502427 0.796346 0.337016 0.805188  0.332891  0.490772  
0.599502 0.000121813 0.800376 0.788814  0.5469  0.280501  
0.379738 0.845668 0.375026 0.729759  0.123193  0.672514  
2.37532e-17 0.387919 0.921708 0.735185  0.653656  0.179547  
0.584408 0.699639 0.411068 0.738655  0.238759  0.630384  
4.7325e-05 0.894823 0.44642 0.763285  0.497144  0.412607  
0.606254 0.795271 0.000112726 0.628549  4.53941e-05  0.77777  
2.3692e-05 0.447969 0.894049 0.606357  0.79511  0.0123022  
3.4574e-05 0.653726 0.756731 0.717947  0.480462  0.503695  
0.455322 0.678182 0.5771 0.665869  0.702041  0.252503  
0.794549 0.6072 9.9702e-05 0.654292  0.214812  0.725091  
0.912283 0.0388159 0.407717 0.600082  0.78957  0.128373  
0.876195 0.412726 0.254196 0.653219  0.347892  0.672514  
0.894652 0.446818 3.47894e-50 0.651127  0.632834  0.418993  
0.454103 0.577788 0.678439 0.544683  0.0920354  0.833577  
0.494127 0.869723 0.000121571 0.52287  0.849411  0.0714766  
0.905203 0.302086 0.300898 0.609175  0.471683  0.637511  
0.24387 0.291666 0.924922 0.566915  0.74339  0.354962  
0.56413 0.395233 0.725251 0.517189  0.157475  0.841259  
0.370837 0.371356 0.851829 0.513782  0.834648  0.198468  
0.711206 0.465193 0.52766 0.526607  0.328847  0.783929  
3.86722e-06 0.503411 0.864047 0.536596  0.657404  0.529042  
0.802839 0.33192 0.496612 0.42244  0.000770633  0.90639  
2.86298e-07 0.556581 0.831002 0.409953  0.911045  0.0439858  
2.27663e-05 0.960408 0.278598 0.487723  0.556642  0.672514  
0.554768 0.832052 9.12971e-05 0.465094  0.81862  0.336971  
0.707157 0.707057 1.94645e-48 0.417023  0.222099  0.881342  
0.464933 0.463218 0.754787 0.402863  0.897167  0.181088  
2.14399e-06 0.591145 0.806566 0.437861  0.389305  0.810382  
4.62455e-17 0.755247 0.65544 0.435531  0.722457  0.536999  
2.04946e-05 0.864575 0.502573 0.336911  0.0615299  0.939524  
0.535286 0.531865 0.656204 0.336915  0.934604  0.114035  
0.956484 4.40858e-05 0.291785 0.380071  0.498383  0.779205  
0.653927 5.12406e-08 0.756675 0.379512  0.8069  0.452641  
0.338788 0.567415 0.750615 0.309284  0.1471  0.939524  
0.536313 0.653408 0.534967 0.323635  0.906504  0.271131  
0.655843 0.754922 7.16301e-06 0.298051  0.323464  0.898074  
0.754913 0.514267 0.407832 0.335983  0.686282  0.645083  
0.338274 0.791611 0.509507 0.239766  0.0138859  0.970731  
0.92061 0.390683 2.72866e-07 0.229292  0.973329  0.00753435  
9.21574e-18 0.150504 0.988609 0.297929  0.662092  0.687657  
0.80084 0.452893 0.396524 0.264731  0.912751  0.311132  
0.67699 0.734713 0.0434778 0.236306  0.293609  0.926258  
5.22893e-06 0.317012 0.948421 0.220265  0.964314  0.146906  
0.389946 4.27259e-05 0.920965 0.233572  0.487572  0.841259  
0.508197 0.34038 0.791628 0.239896  0.827122  0.50825  
0.345024 0.938594 9.9702e-05 0.186738  0.127211  0.974139  
0.802118 6.18324e-05 0.597169 0.171052  0.982611  0.0722337  
0.681302 0.281672 0.675643 0.209398  0.586526  0.782394  
0.447068 4.34916e-05 0.8945 0.194683  0.886873  0.418993  
0.487846 5.12913e-08 0.872992 0.1639  0.210229  0.963816  
0.551308 1.07771e-05 0.834373 0.152631  0.961651  0.227885  
0.305341 0.903307 0.301337 0.133785  0.395784  0.908546  
0.653301 0.591889 0.475369 0.11887  0.776343  0.619  
4.79488e-07 0.932156 0.362489 0.1143  0.0222901  0.993196  
0.254912 0.876158 0.409701 0.105487  0.993687  0.0381894  
0.749637 0.340492 0.56763 0.102711  0.647132  0.755428  
0.957737 0.287645 2.11885e-05 0.110421  0.920369  0.375137  
0.0189494 0.622475 0.782569 0.0743319  0.255996  0.963816  
0.272202 0.76244 0.587623 0.0909284  0.977897  0.188282  
0.162359 1.39194e-05 0.986732 0.0372946  0.451032  0.891728  
0.324201 0.488031 0.810382 0.00381128  0.815754  0.578387  
0.759015 0.651138 9.3681e-05 0.033038  0.0925397  0.995161  
3.73928e-05 0.707023 0.70719 0.0569577  0.99226  0.110346  
1.28189e-05 0.242379 0.970182 0.000948479  0.549037  0.83582  
0.251853 0.40914 0.877863 0.0513928  0.87884  0.474341  
0.346645 0.250694 0.904014 0.0266213  0.170813  0.984944  
0.873575 0.000107678 0.486689 2.27663e-05  0.960408  0.278598  
1.90669e-05 0.804346 0.595047 0.0252523  0.351769  0.935746  
0.632311 0.517658 0.579394 0.0225193  0.739742  0.672514  
0.863208 0.504848 3.31754e-06 0.00422124  0.0231318  0.999724  
0.852725 0.370214 0.368513 5.28726e-05  0.999717  0.0238083  
0.0383704 0.6803 0.731998 3.45097e-07  0.67089  0.741557  
0.654116 6.53454e-05 0.756394 1  9.98987e-05  9.9702e-05  
0.832085 1.45865e-10 0.554648 5.28876e-05  1  9.98803e-05  
0.679268 0.676215 0.285273 9.75647e-05  7.89762e-06  1  
0.343786 5.507e-05 0.939862 0.99851  0.0385987  0.0385864  
9.75647e-05 7.89762e-06 1 0.99377  0.105759  0.0351702  
0.729945 0.45342 0.511459 0.988767  0.0471985  0.14182  
5.08464e-05 0.961406 0.275134 0.979197  0.200873  0.0286934  
0.794299 7.93494e-05 0.607596 0.980605  0.100936  0.168006  
0.389185 6.03625e-05 0.92116 0.975117  0.190161  0.113956  
0.594349 5.93747e-05 0.804208 0.955518  0.0412882  0.292027  
0.48943 0.872076 9.98832e-05 0.940305  0.339592  0.0224578  
0.90471 0.30207 0.300421 0.958218  0.176209  0.225317  
0.383962 0.62417 0.68043 0.945631  0.296087  0.13459  
0.894422 1.21979e-169 0.447223 0.925716  0.0850866  0.368524  
0.256432 0.874377 0.41198 0.916036  0.390894  0.0898853  
0.756525 1.14562e-75 0.653964 0.921197  0.161108  0.354175  
0.707393 7.06677e-05 0.70682 0.920887  0.307471  0.239643  
0.371925 0.372326 0.850338 0.860547  0.0337799  0.50825  
0.535894 0.652984 0.535258 0.840136  0.542095  0.0174368  
0.372298 0.84984 0.373049 0.89535  0.294572  0.334029  
0.287913 0.957657 9.84654e-05 0.868806  0.461263  0.180033  
0.981058 9.80064e-05 0.193723 0.84656  0.142732  0.5128  
0.554726 2.73518e-05 0.832033 0.820257  0.562584  0.103331  
5.75468e-17 0.93981 0.341697 0.846202  0.246927  0.472197  
0.000113515 0.980579 0.196124 0.842154  0.445042  0.304489  
2.93395e-05 0.554753 0.832015 0.763239  0.0664483  0.64269  
2.74014e-17 0.447499 0.894284 0.749674  0.658303  0.068017  
0.743143 0.573417 0.344865 0.808913  0.331572  0.485509  
0.791712 0.610894 4.69942e-06 0.788454  0.544944  0.285266  
0.851599 0.372786 0.368524 0.728699  0.124543  0.673414  
2.37532e-17 0.387919 0.921708 0.734349  0.65367  0.182883  
7.71979e-07 0.89479 0.447274 0.738337  0.244387  0.628596  
0.529019 0.533081 0.661484 0.752636  0.493738  0.435616  
0.811979 0.323993 0.485509 0.628721  0.0248045  0.777235  
4.23069e-05 0.799941 0.600081 0.608411  0.793523  0.0125682  
9.12723e-07 0.753467 0.657486 0.717175  0.476804  0.50825  
0.323086 0.484642 0.812857 0.668368  0.699662  0.252503  
1.19768e-17 0.195596 0.980684 0.645605  0.2233  0.730295  
0.150701 2.21621e-06 0.988579 0.599881  0.789616  0.129034  
0.0398212 0.67989 0.732232 0.652369  0.370879  0.660957  
0.894331 0.447406 9.84654e-05 0.643501  0.644102  0.41357  
0.255931 0.413509 0.87379 0.547701  0.101046  0.83055  
0.570834 0.682162 0.456951 0.52259  0.849543  0.0719476  
0.585811 0.402771 0.703278 0.60665  0.468098  0.642542  
0.875108 0.410028 0.257046 0.577474  0.733643  0.358177  
0.623713 0.283125 0.732255 0.516463  0.172359  0.838784  
0.653909 0.534719 0.535239 0.514355  0.831045  0.211666  
0.338948 0.791704 0.50825 0.52995  0.330389  0.781023  
0.629515 0.45727 0.628865 0.544075  0.646144  0.535238  
0.643501 0.644102 0.41357 0.421869  0.0433806  0.905619  
0.654336 0.756206 9.98805e-05 0.409943  0.911021  0.0445789  
0.921832 0.38759 9.84654e-05 0.503792  0.551181  0.665126  
0.555429 0.831564 9.9702e-05 0.463902  0.8161  0.344637  
0.707157 0.707057 1.94645e-48 0.424549  0.219707  0.878343  
0.305221 0.902372 0.304514 0.402495  0.896349  0.185892  
0.456461 0.763774 0.456392 0.43204  0.396432  0.810051  
0.861209 1.2944e-06 0.50825 0.434903  0.727701  0.530387  
0.270903 0.752486 0.600314 0.339526  0.0785324  0.937313  
0.485197 0.811857 0.324765 0.337457  0.934368  0.114367  
0.708817 0.40297 0.57908 0.393297  0.495862  0.774234  
0.961088 1.58206e-05 0.276243 0.375659  0.808701  0.452641  
0.862506 0.506046 7.34781e-05 0.313302  0.152602  0.937313  
2.6783e-05 0.506414 0.862291 0.326468  0.903941  0.276243  
0.464696 0.464017 0.754153 0.322355  0.321785  0.890248  
0.577202 0.577741 0.577107 0.339656  0.685761  0.643713  
0.341314 0.939949 9.82184e-05 0.242236  0.00193864  0.970215  
0.502751 2.38546e-08 0.864431 0.23092  0.972943  0.0075827  
0.487972 0.318034 0.812857 0.30481  0.660784  0.685898  
0.4034 0.709665 0.577619 0.26582  0.910788  0.31592  
0.602127 0.7985 3.87436e-06 0.252619  0.289566  0.92322  
0.301384 0.301665 0.904527 0.22024  0.964206  0.147653  
0.733239 0.028928 0.679664 0.248911  0.485766  0.837899  
0.797898 0.453613 0.397327 0.241827  0.824578  0.511459  
3.22011e-05 0.60886 0.793278 0.189952  0.12682  0.973568  
0.961757 0.273904 9.84654e-05 0.172882  0.982143  0.0742154  
1.75851e-17 0.287187 0.957875 0.211676  0.587972  0.780694  
0.447068 4.34916e-05 0.8945 0.190357  0.888049  0.418488  
5.09898e-17 0.832727 0.553684 0.165164  0.209237  0.963816  
0.732858 0.506519 0.454266 0.158554  0.959585  0.232502  
5.27864e-17 0.862067 0.506795 0.15968  0.396015  0.904253  
4.87174e-05 0.921151 0.389205 0.16151  0.769555  0.617818  
0.753213 0.657819 9.97048e-05 0.116037  0.0564704  0.991638  
0.940025 0.341352 0.000110608 0.107046  0.993436  0.0403168  
0.446825 0.894622 9.84654e-05 0.134428  0.644049  0.75308  
0.934882 0.000121354 0.35496 0.108359  0.920901  0.374433  
0.832753 0.553644 7.6841e-05 0.0933399  0.25705  0.96188  
0.388036 0.921644 7.49424e-06 0.0908661  0.977227  0.191759  
0.242243 3.44404e-05 0.970215 0.0937959  0.449379  0.888404  
0.568723 0.748604 0.340801 0.0888178  0.813683  0.574483  
0.343851 0.57196 0.744734 0.0571136  0.092844  0.994041  
2.39255e-12 0.707154 0.707059 0.0581017  0.992004  0.112035  
5.28876e-05 1 9.98803e-05 0.0638433  0.55104  0.832033  
0.981129 0.193355 9.84654e-05 0.0530324  0.877895  0.475907  
6.34232e-05 0.654832 0.755784 0.0376606  0.171325  0.984494  
0.233461 0.233679 0.94387 0.0343826  0.95916  0.280767  
1 9.98987e-05 9.9702e-05 0.0307238  0.351333  0.935746  
0.19526 0.980751 9.98803e-05 0.0241108  0.739204  0.67305  
0.471168 0.59404 0.652092 0.00995475  0.0239146  0.999664  
0.411182 0.257181 0.874525 0.00600405  0.999699  0.0238083  
0.873024 0.258437 0.41357 3.56072e-05  0.673262  0.739404  
0.595848 0.539304 0.595077 1  9.98987e-05  9.97453e-05  
0.832085 1.45865e-10 0.554648 5.28876e-05  1  9.98803e-05  
0.553148 0.833083 9.98803e-05 7.87543e-05  7.32629e-05  1  
0.38438 0.50133 0.777571 0.99851  0.0385987  0.0385864  
0.300904 0.000110514 0.953812 0.993766  0.105759  0.0352654  
0.151635 2.04104e-07 0.988436 0.988765  0.0472217  0.14182  
7.87543e-05 7.32629e-05 1 0.979197  0.200873  0.0286934  
0.980599 0.196026 9.98803e-05 0.980587  0.100934  0.168113  
0.40994 0.911015 0.0447237 0.975088  0.190175  0.114179  
0.483879 0.875135 9.98803e-05 0.955504  0.0416262  0.292027  
0.446972 0.894548 9.98803e-05 0.94034  0.339485  0.0225876  
0.861844 0.507445 9.98941e-05 0.957939  0.176158  0.226543  
0.534526 0.654371 0.535776 0.945631  0.296087  0.13459  
0.894422 1.21979e-169 0.447223 0.925685  0.0850837  0.368603  
0.256432 0.874377 0.41198 0.916036  0.390894  0.0898853  
2.76233e-05 0.861991 0.506923 0.921072  0.161086  0.35451  
0.707393 7.06677e-05 0.70682 0.920797  0.307834  0.239521  
0.000109678 0.275562 0.961736 0.860547  0.0337799  0.50825  
4.20097e-05 0.794322 0.607497 0.840204  0.54199  0.0174712  
0.372298 0.84984 0.373049 0.895441  0.294601  0.33376  
2.68031e-05 0.506794 0.862067 0.868771  0.461244  0.180253  
0.595205 9.38941e-06 0.803574 0.846532  0.143339  0.512676  
0.465045 0.755996 0.460656 0.820196  0.562542  0.104039  
0.873407 0.257952 0.413063 0.846078  0.246891  0.472437  
0.672446 0.740146 9.98803e-05 0.842322  0.444806  0.304371  
2.93388e-05 0.554739 0.832024 0.763266  0.06614  0.64269  
2.36515e-05 0.447204 0.894432 0.749674  0.658303  0.068017  
5.28876e-05 1 9.98803e-05 0.808973  0.331597  0.485393  
0.732915 0.508565 0.452681 0.788924  0.544264  0.285266  
0.863169 3.47351e-10 0.504915 0.728765  0.124159  0.673414  
0.0035925 0.678899 0.734223 0.734349  0.65367  0.182883  
0.795576 0.453753 0.402574 0.738295  0.24541  0.628246  
0.970897 4.6109e-06 0.239523 0.754185  0.492785  0.434014  
0.876758 0.410274 0.252901 0.62857  0.0246844  0.777361  
0.629787 0.456809 0.628246 0.608411  0.793523  0.0125948  
0.632143 0.210125 0.74594 0.717067  0.476966  0.50825  
0.797348 4.47911e-07 0.604414 0.668397  0.699535  0.252776  
1.03484e-05 0.195668 0.98067 0.645514  0.223565  0.730295  
0.254603 0.967138 9.98892e-05 0.599881  0.789616  0.129034  
0.583975 0.402873 0.704784 0.651224  0.371423  0.66178  
0.894493 0.447081 9.98803e-05 0.64301  0.644916  0.413063  
0.254778 0.411646 0.875129 0.547592  0.101932  0.830513  
9.59832e-06 0.607207 0.794544 0.522589  0.849542  0.0719592  
7.75353e-05 0.657984 0.753144 0.607221  0.467372  0.64253  
0.732266 0.386688 0.560588 0.577474  0.733643  0.358177  
0.919822 0.392509 0.000119803 0.516857  0.173891  0.838225  
4.40005e-05 0.831962 0.554832 0.514355  0.831045  0.211666  
4.01951e-05 0.76001 0.649912 0.529519  0.329985  0.781485  
0.343223 0.691445 0.635691 0.543775  0.646168  0.535515  
0.461586 0.462954 0.756711 0.421893  0.0431399  0.905619  
0.792006 0.610513 9.98803e-05 0.40994  0.911015  0.0447237  
0.381375 0.7312 0.565597 0.503782  0.55117  0.665143  
1.79034e-05 0.338519 0.94096 0.463902  0.8161  0.344637  
0.707157 0.707057 1.94645e-48 0.424922  0.221361  0.877748  
0.471286 0.594188 0.651888 0.402495  0.896349  0.185892  
0.938736 7.66565e-05 0.344637 0.433223  0.395139  0.810051  
0.608459 0.793585 8.11737e-05 0.435615  0.727275  0.530387  
0.296853 0.296277 0.907953 0.339513  0.0785858  0.937313  
0.832628 0.553833 0.000102376 0.337548  0.934358  0.114179  
0.84959 0.37281 0.373781 0.393445  0.496048  0.77404  
0.756159 7.55393e-05 0.654482 0.376862  0.807702  0.453423  
0.63648 0.741681 0.211666 0.313447  0.152302  0.937313  
0.957369 0.180677 0.226605 0.326431  0.903839  0.27662  
4.73212e-05 0.894751 0.446565 0.322383  0.321757  0.890248  
4.86127e-05 0.919171 0.393858 0.340167  0.68529  0.643944  
0.150482 0.988613 1.53897e-05 0.242186  0.00529002  0.970215  
0.502751 2.38546e-08 0.864431 0.23105  0.972912  0.00761127  
0.515769 0.515408 0.684352 0.30276  0.663324  0.684352  
0.332934 0.94295 9.97453e-05 0.265782  0.910658  0.316325  
2.05404e-05 0.388378 0.9215 0.252602  0.294502  0.921662  
0.695302 0.663352 0.27662 0.22024  0.964206  0.147653  
5.18625e-05 0.980618 0.196431 0.248512  0.48597  0.837899  
0.744967 0.573437 0.341217 0.241827  0.824578  0.511459  
0.302016 0.904475 0.301254 0.190518  0.125968  0.973568  
0.948404 0.317063 0.000117191 0.172882  0.982143  0.0742154  
0.0441775 0.731311 0.680756 0.212431  0.5877  0.780694  
0.447068 4.34916e-05 0.8945 0.190882  0.888  0.418354  
5.0133e-05 0.947916 0.318521 0.163387  0.210785  0.963781  
0.502391 0.797894 0.333118 0.158542  0.959514  0.232804  
0.684399 0.341978 0.643952 0.160531  0.395671  0.904253  
0.322363 0.812938 0.485518 0.163642  0.769105  0.617818  
0.65346 0.591434 0.472437 0.116685  0.0562324  0.991576  
0.393697 0.626186 0.673112 0.10711  0.993428  0.0403623  
0.791815 0.338695 0.508251 0.135465  0.643832  0.75308  
0.754728 0.656177 9.98895e-05 0.115856  0.920291  0.373687  
0.988449 1.24382e-09 0.151556 0.0994299  0.25687  0.961318  
0.377659 0.376925 0.845755 0.0908661  0.977227  0.191759  
0.554726 0.000124227 0.832033 0.0949533  0.449369  0.888286  
0.676761 3.37611e-06 0.736203 0.0895742  0.8136  0.574483  
0.343851 0.57196 0.744734 0.0637536  0.0927171  0.993649  
2.39255e-12 0.707154 0.707059 0.0581017  0.992004  0.112035  
0.49739 0.330845 0.801963 0.0636035  0.551068  0.832033  
0.387994 5.52148e-05 0.921662 0.0530324  0.877895  0.475907  
0.567834 0.721396 0.396423 0.0363918  0.171599  0.984494  
1 9.98987e-05 9.97453e-05 0.0343814  0.959128  0.280877  
0.735163 0.279492 0.617958 0.0211292  0.352041  0.935746  
0.706281 0.469771 0.529607 0.0226767  0.73925  0.67305  
0.242243 1.16504e-06 0.970215 0.0122204  0.0234298  0.999651  
0.411182 0.257181 0.874525 0.00600404  0.999697  0.0238897  
0.904964 0.300811 0.30092 0.00356262  0.673252  0.739404  
0.597703 0.537912 0.594476 1  9.98987e-05  9.97539e-05  
0.832085 1.45865e-10 0.554648 5.28876e-05  1  9.98803e-05  
0.631465 0.577147 0.517835 9.65657e-05  4.73788e-05  1  
0.699259 0.341391 0.628083 0.99851  0.0385987  0.0385864  
0.548011 0.836471 9.97539e-05 0.993766  0.105759  0.0352654  
0.468015 0.46249 0.753037 0.988765  0.0472217  0.14182  
1.82894e-05 0.345816 0.938388 0.979197  0.200873  0.0286934  
0.841321 0.262646 0.472437 0.980567  0.100932  0.168227  
3.44906e-05 0.65215 0.75809 0.975088  0.190175  0.114179  
0.210583 0.977682 4.95876e-05 0.955504  0.0416262  0.292027  
0.447014 0.894527 9.98803e-05 0.94034  0.339485  0.0225876  
4.22997e-05 0.799805 0.60026 0.957939  0.176158  0.226543  
0.752842 0.51989 0.404045 0.945631  0.296087  0.13459  
0.894422 1.21979e-169 0.447223 0.925618  0.0850776  0.368772  
0.256472 0.874515 0.411638 0.916036  0.390894  0.0898853  
0.970884 7.83621e-05 0.23955 0.921072  0.161086  0.35451  
0.707393 7.06677e-05 0.70682 0.920725  0.308028  0.23955  
0.152059 1.51905e-05 0.988436 0.860461  0.0338215  0.508392  
0.706759 0.470772 0.528763 0.840204  0.54199  0.0174712  
0.372298 0.84984 0.373049 0.895435  0.2946  0.333777  
0.384252 0.624656 0.67982 0.868771  0.461244  0.180253  
0.403601 0.710465 0.576528 0.846532  0.143339  0.512676  
0.880228 0.304855 0.363679 0.820194  0.56254  0.104066  
0.643122 0.644805 0.413063 0.846059  0.246958  0.472437  
0.723905 0.603793 0.33376 0.842308  0.444833  0.304371  
0.651365 0.758765 5.31869e-05 0.763256  0.0662616  0.64269  
2.36515e-05 0.447204 0.894432 0.7496  0.658387  0.068017  
0.763928 0.325986 0.556909 0.808973  0.331597  0.485393  
0.795461 7.94656e-05 0.607069 0.788668  0.544631  0.285273  
1.54277e-05 0.291708 0.956507 0.728774  0.124105  0.673414  
7.67265e-05 0.554726 0.832033 0.734349  0.65367  0.182883  
0.50687 5.06356e-05 0.862051 0.738343  0.245686  0.628083  
0.926083 0.238938 0.292027 0.754291  0.492623  0.434014  
0.913017 0.0352939 0.406391 0.628586  0.0242665  0.777361  
0.534018 0.654254 0.535515 0.608411  0.793523  0.0125948  
0.278719 0.735376 0.617899 0.716757  0.477432  0.50825  
0.957976 0.287098 9.98875e-05 0.668397  0.699535  0.252776  
1.03484e-05 0.195668 0.98067 0.645514  0.223565  0.730295  
0.94469 5.40844e-05 0.32868 0.599881  0.789616  0.129034  
0.457271 0.763431 0.456595 0.651015  0.371304  0.662052  
0.494118 0.869803 3.43581e-05 0.643122  0.644805  0.413063  
0.469006 0.595841 0.652071 0.547592  0.101932  0.830513  
9.59832e-06 0.607207 0.794544 0.522589  0.849542  0.0719592  
4.96736e-05 0.93923 0.343972 0.607475  0.46825  0.641651  
5.18684e-05 0.980729 0.196065 0.577474  0.733643  0.358177  
0.797864 0.397266 0.453423 0.516879  0.173824  0.838225  
4.40005e-05 0.831962 0.554832 0.514342  0.831023  0.211787  
4.5607e-05 0.862339 0.506332 0.529519  0.329985  0.781485  
0.486293 0.811884 0.323817 0.543775  0.646168  0.535515  
0.899657 0.355978 0.252776 0.421787  0.0441726  0.905619  
0.339593 0.791491 0.508285 0.409939  0.911012  0.0447963  
0.488966 0.324271 0.810487 0.503782  0.55117  0.665143  
0.242621 2.59293e-06 0.970121 0.463682  0.816226  0.344637  
0.707157 0.707057 1.94645e-48 0.424268  0.222611  0.877748  
0.794187 0.607674 9.98803e-05 0.402495  0.896349  0.185892  
0.387994 7.69511e-05 0.921662 0.432838  0.395605  0.81003  
3.97966e-05 0.752475 0.658621 0.435558  0.72718  0.530565  
0.515393 0.515784 0.684352 0.339359  0.0792509  0.937313  
0.599406 5.98798e-05 0.800876 0.337535  0.934324  0.114492  
0.301417 0.300831 0.904794 0.39348  0.49602  0.77404  
0.586777 0.40521 0.701069 0.376948  0.807662  0.453423  
0.572082 0.679806 0.458897 0.313524  0.153184  0.937143  
0.291514 0.956723 9.98953e-05 0.326512  0.90381  0.276618  
4.73212e-05 0.894751 0.446565 0.322334  0.321806  0.890248  
0.849127 0.423033 0.316331 0.340167  0.68529  0.643944  
1 9.98987e-05 9.97539e-05 0.24216  0.014954  0.970121  
0.863482 0.504631 1.1335e-05 0.231293  0.972854  0.00762224  
0.373705 0.372979 0.849255 0.303034  0.663199  0.684352  
0.341752 0.93979 9.98803e-05 0.265782  0.910658  0.316325  
2.05404e-05 0.388378 0.9215 0.252602  0.294502  0.921662  
0.38775 0.921963 8.69538e-08 0.22024  0.964206  0.147653  
0.756026 0.654542 9.97539e-05 0.249133  0.485652  0.837899  
0.554726 7.97412e-05 0.832033 0.241827  0.824578  0.511459  
0.302016 0.904475 0.301254 0.190481  0.129151  0.973158  
0.680655 0.731233 0.0447963 0.173015  0.982119  0.0742154  
0.604942 0.796278 9.08905e-05 0.211234  0.588131  0.780694  
0.447068 4.34916e-05 0.8945 0.19125  0.887921  0.418354  
3.01386e-05 0.960608 0.277908 0.163209  0.210923  0.963781  
0.919759 0.392483 1.33273e-06 0.158542  0.959514  0.232804  
0.731899 0.680332 0.0385867 0.161358  0.395335  0.904253  
9.65657e-05 4.73788e-05 1 0.163016  0.769238  0.617818  
0.324857 0.48819 0.810042 0.116722  0.0566876  0.991546  
0.62922 0.457814 0.628083 0.10711  0.993428  0.0403623  
0.749458 9.45916e-05 0.662052 0.135546  0.643866  0.753037  
0.300233 2.99929e-05 0.953877 0.115917  0.920206  0.373878  
0.342731 0.572202 0.745064 0.0996155  0.256798  0.961318  
0.618908 0.265522 0.739622 0.0908661  0.977227  0.191759  
0.657979 5.88767e-05 0.753038 0.0949533  0.449369  0.888286  
0.568778 0.748676 0.340551 0.0890101  0.813413  0.574837  
0.0482008 0.681429 0.730295 0.0628266  0.0933478  0.993649  
3.73977e-05 0.707118 0.707096 0.0581011  0.991994  0.112129  
2.68779e-05 0.508208 0.861252 0.0636035  0.551068  0.832033  
0.832268 0.554373 9.56404e-05 0.053899  0.877843  0.475907  
0.893937 0.449312 9.99305e-05 0.0365704  0.171561  0.984494  
0.861209 3.54683e-05 0.50825 0.0360555  0.959066  0.280877  
0.779974 0.561359 0.276618 0.0189995  0.352162  0.935746  
0.986557 0.163473 9.98812e-05 0.0226619  0.73925  0.67305  
5.28876e-05 1 9.98803e-05 0.0123609  0.0235137  0.999647  
0.411182 0.257181 0.874525 0.00768475  0.999685  0.0238971  
0.255239 0.41239 0.874552 0.00356262  0.673252  0.739404  
0.597703 0.537912 0.594476 1  9.98987e-05  9.97539e-05  
0.379473 0.844827 0.377184 5.28876e-05  1  9.98803e-05  
0.63107 0.576786 0.518828 9.78295e-05  4.47111e-05  1  
0.567493 0.720963 0.397745 0.99851  0.0385987  0.0385864  
0.599276 6.32877e-05 0.800543 0.993766  0.105759  0.0352654  
5.28876e-05 1 9.98803e-05 0.988765  0.0472217  0.14182  
0.657978 0.000107337 0.753037 0.979197  0.200873  0.0286934  
0.732156 0.388714 0.559329 0.980567  0.100932  0.168227  
0.336708 0.792747 0.508298 0.975088  0.190175  0.114179  
9.78295e-05 4.47111e-05 1 0.955516  0.0413459  0.292027  
0.447262 0.894412 9.98811e-05 0.940339  0.339485  0.0226197  
0.942652 6.54607e-05 0.333777 0.957939  0.176158  0.226543  
0.193803 0.920879 0.33832 0.945631  0.296087  0.13459  
0.894422 1.21979e-169 0.447223 0.925618  0.0850776  0.368772  
0.256472 0.874515 0.411638 0.916011  0.390883  0.0901929  
0.988447 9.87445e-05 0.151754 0.921072  0.161086  0.35451  
0.707393 7.06677e-05 0.70682 0.920705  0.308089  0.23955  
0.63524 0.463665 0.617925 0.86041  0.0338116  0.508479  
0.921684 9.20751e-05 0.387991 0.840204  0.54199  0.0174712  
0.464087 0.463325 0.755096 0.895435  0.2946  0.333777  
3.99945e-05 0.756217 0.654449 0.868771  0.461244  0.180253  
5.18616e-05 0.980602 0.19601 0.846501  0.143522  0.512676  
0.651046 0.759039 7.32971e-05 0.820219  0.562505  0.104066  
0.554726 0.000136225 0.832033 0.846009  0.247127  0.472437  
0.0449395 0.731921 0.679905 0.842308  0.444833  0.304371  
1 9.98987e-05 9.97539e-05 0.763271  0.0660838  0.64269  
2.36515e-05 0.447204 0.894432 0.7496  0.658387  0.068017  
0.283898 0.958854 9.98803e-05 0.80897  0.331894  0.485194  
4.2156e-05 0.797088 0.603864 0.788668  0.544631  0.285273  
0.210683 0.977554 9.98803e-05 0.728732  0.124353  0.673414  
7.67265e-05 0.554726 0.832033 0.734349  0.65367  0.182883  
0.501823 5.01315e-05 0.86497 0.738343  0.245686  0.628083  
0.585506 0.404333 0.702636 0.754071  0.49248  0.434558  
0.957829 0.287339 9.97539e-05 0.628573  0.0245994  0.777361  
0.803847 0.50094 0.320762 0.608411  0.793523  0.0125948  
0.970884 5.36057e-05 0.23955 0.716757  0.477432  0.50825  
0.796008 1.31697e-05 0.605286 0.668363  0.699499  0.252966  
1.03484e-05 0.195668 0.98067 0.645514  0.223565  0.730295  
0.289121 2.88828e-05 0.957293 0.599881  0.789616  0.129034  
4.90878e-05 0.928155 0.372195 0.651033  0.371273  0.662052  
0.644528 0.643471 0.412952 0.643377  0.64455  0.413063  
0.471267 0.593259 0.652682 0.547621  0.10178  0.830513  
0.920924 0.389776 1.42296e-06 0.522589  0.849542  0.0719592  
0.492106 0.327792 0.806464 0.607475  0.46825  0.641651  
1.43337e-05 0.271022 0.962573 0.577474  0.733643  0.358177  
0.301124 0.30063 0.904956 0.516879  0.173824  0.838225  
4.40005e-05 0.831962 0.554832 0.514342  0.831023  0.211787  
0.80897 0.331894 0.485194 0.529519  0.329985  0.781485  
0.514069 0.515007 0.686241 0.543775  0.646168  0.535515  
4.73112e-05 0.894561 0.447303 0.421908  0.0443853  0.905552  
2.05211e-05 0.388014 0.921654 0.409939  0.911012  0.0447963  
0.900527 0.355304 0.252614 0.503782  0.55117  0.665143  
0.342293 0.571471 0.746203 0.463682  0.816226  0.344637  
0.707157 0.707057 1.94645e-48 0.424198  0.222744  0.877748  
0.89455 0.446967 9.97539e-05 0.402586  0.896285  0.186006  
0.679664 0.732154 0.0447963 0.432838  0.395605  0.81003  
0.535393 0.65313 0.535515 0.435558  0.72718  0.530565  
0.342195 0.939629 6.02206e-05 0.339626  0.0787196  0.937261  
0.875335 0.255693 0.410634 0.337535  0.934324  0.114492  
0.388041 6.57246e-05 0.921642 0.393718  0.495832  0.77404  
0.196921 1.96722e-05 0.980419 0.376948  0.807662  0.453423  
0.722829 0.155155 0.673439 0.313506  0.153222  0.937143  
0.409939 0.911012 0.0447963 0.326507  0.903798  0.276664  
0.980178 0.198195 9.98818e-05 0.322334  0.321806  0.890248  
0.86041 0.0338116 0.508479 0.340109  0.685319  0.643944  
0.705943 0.470228 0.529651 0.242152  0.0150889  0.970121  
0.863388 0.504602 9.9757e-05 0.231293  0.972854  0.00762224  
3.46712e-05 0.655564 0.755263 0.304403  0.662572  0.684352  
0.685264 0.570275 0.453535 0.265782  0.910658  0.316325  
0.733004 0.619526 0.280877 0.252633  0.294538  0.921642  
0.75134 0.659915 1.13728e-05 0.220929  0.964082  0.147434  
4.56387e-05 0.862938 0.50531 0.249581  0.485959  0.837587  
0.554048 0.832485 2.09237e-05 0.241827  0.824578  0.511459  
0.302016 0.904475 0.301254 0.190481  0.129151  0.973158  
0.372286 0.371675 0.850447 0.173316  0.982066  0.0742154  
2.66245e-05 0.503418 0.864043 0.213842  0.587187  0.780694  
0.447068 4.34916e-05 0.8945 0.192122  0.887733  0.418354  
5.05786e-05 0.956341 0.292253 0.163262  0.211066  0.963741  
0.484232 0.874939 6.06183e-05 0.158542  0.959514  0.232804  
0.604938 0.796273 1.84607e-05 0.163265  0.396117  0.903568  
0.503886 0.796953 0.33386 0.161885  0.769477  0.617818  
0.464163 0.754563 0.46414 0.116959  0.0573461  0.99148  
0.850979 0.369348 0.373958 0.10711  0.993428  0.0403623  
0.756374 7.55607e-05 0.654312 0.135506  0.643874  0.753037  
0.384453 0.624982 0.680695 0.117598  0.919992  0.373878  
0.021214 0.681248 0.732089 0.100233  0.256577  0.961312  
0.831645 8.30803e-05 0.555313 0.0908661  0.977227  0.191759  
0.636458 0.272119 0.721715 0.0949533  0.449369  0.888286  
0.685505 0.3421 0.64269 0.0890101  0.813413  0.574837  
0.32507 0.48805 0.810044 0.0631181  0.0931509  0.993649  
3.73977e-05 0.707118 0.707096 0.0581011  0.991994  0.112129  
0.790143 0.447944 0.418354 0.0634985  0.55108  0.832033  
0.832268 0.554373 7.00258e-05 0.053899  0.877843  0.475907  
0.235424 0.235038 0.943045 0.0398967  0.171509  0.984374  
3.21386e-05 0.607678 0.794526 0.0360555  0.959066  0.280877  
0.924932 0.243355 0.292027 0.0190327  0.35216  0.935746  
0.795816 0.605585 9.97567e-05 0.0230198  0.739239  0.67305  
0.400307 0.704666 0.586564 0.0129569  0.0236122  0.999637  
0.411182 0.257181 0.874525 0.0078832  0.999683  0.0239052  
0.254694 0.41151 0.8751 0.00356262  0.673252  0.739404  
0.597703 0.537912 0.594476 1  9.98987e-05  9.97539e-05  
0.2913 0.956767 9.98933e-05 5.28876e-05  1  9.98803e-05  
0.63107 0.576786 0.518828 8.31263e-05  7.22508e-05  1  
0.977437 0.211228 9.98803e-05 0.99851  0.0385987  0.0385864  
0.599276 6.32877e-05 0.800543 0.993766  0.105759  0.0352654  
0.555227 0.831745 9.97577e-05 0.988765  0.0472217  0.14182  
0.302119 0.301623 0.904294 0.979197  0.200873  0.0286934  
0.782541 0.557938 0.276695 0.980567  0.100932  0.168227  
0.489066 0.325263 0.809332 0.975036  0.190444  0.114179  
0.235955 0.236385 0.942575 0.955512  0.0414394  0.292027  
0.447262 0.894412 9.98811e-05 0.940339  0.339485  0.0226339  
1.04943e-05 0.198426 0.980116 0.957939  0.176158  0.226543  
0.831643 8.308e-05 0.555311 0.945631  0.296087  0.13459  
0.894422 1.21979e-169 0.447223 0.925618  0.0850776  0.368772  
0.256472 0.874515 0.411638 0.916011  0.390883  0.0901929  
0.680623 0.732668 9.98828e-05 0.921052  0.161083  0.354563  
0.707393 7.06677e-05 0.70682 0.920705  0.308089  0.23955  
0.342665 0.571844 0.745369 0.860413  0.0337396  0.508479  
0.756653 5.6383e-05 0.653816 0.840204  0.54199  0.0174712  
0.623224 0.279856 0.730341 0.895435  0.2946  0.333777  
0.90224 0.350326 0.251464 0.868871  0.461055  0.180253  
5.18616e-05 0.980602 0.19601 0.846501  0.143522  0.512676  
0.729716 0.000153384 0.683751 0.820219  0.562505  0.104066  
0.554726 0.000136225 0.832033 0.845946  0.247345  0.472437  
0.65842 5.11431e-05 0.753268 0.842302  0.444843  0.304371  
0.894822 0.446598 9.98881e-05 0.763286  0.0659177  0.64269  
2.36515e-05 0.447204 0.894432 0.7496  0.658387  0.068017  
0.329099 0.795256 0.509177 0.80897  0.331894  0.485194  
0.757383 0.652971 9.97539e-05 0.788668  0.544631  0.285273  
0.291394 2.91099e-05 0.957006 0.728787  0.124029  0.673414  
7.67265e-05 0.554726 0.832033 0.734349  0.65367  0.182883  
3.45786e-05 0.653814 0.756656 0.738343  0.245686  0.628083  
0.585684 0.404456 0.702555 0.75406  0.492497  0.434558  
0.877325 0.31235 0.364995 0.628584  0.0243092  0.777361  
0.504041 4.2532e-05 0.863679 0.608411  0.793523  0.0125948  
0.706539 0.469898 0.52915 0.717097  0.47692  0.50825  
0.794096 7.93291e-05 0.607793 0.668363  0.699499  0.252966  
0.957702 0.287832 9.97559e-05 0.645514  0.223565  0.730295  
0.730927 0.68208 0.0226339 0.599871  0.789604  0.12915  
0.388041 0.000111999 0.921642 0.651033  0.371273  0.662052  
0.608459 0.793585 0.000105774 0.643377  0.64455  0.413063  
0.462465 0.587532 0.664027 0.547611  0.101834  0.830513  
0.802485 0.391796 0.450015 0.522589  0.849542  0.0719592  
0.412787 0.876796 0.253392 0.607475  0.46825  0.641651  
0.499734 0.799319 0.333786 0.577474  0.733643  0.358177  
0.830489 0.557035 9.97539e-05 0.516915  0.17372  0.838225  
4.40005e-05 0.831962 0.554832 0.514342  0.831023  0.211787  
0.970124 2.18519e-05 0.242628 0.529519  0.329985  0.781485  
0.513828 0.514765 0.686293 0.543775  0.646168  0.535515  
4.73112e-05 0.894561 0.447303 0.421947  0.0440086  0.905552  
2.05211e-05 0.388014 0.921654 0.409939  0.911012  0.0447963  
3.25572e-05 0.615593 0.788064 0.503782  0.55117  0.665143  
0.724313 0.603294 0.333777 0.463682  0.816226  0.344637  
0.707157 0.707057 1.94645e-48 0.424769  0.223044  0.877396  
0.643377 0.64455 0.413063 0.402586  0.896285  0.186006  
0.301212 0.491569 0.817097 0.432861  0.39558  0.81003  
0.464431 0.754998 0.462905 0.435696  0.727097  0.530565  
0.343993 0.693512 0.633071 0.339527  0.0791454  0.937261  
0.629749 0.457086 0.628083 0.337533  0.934318  0.114544  
1 9.98987e-05 9.97539e-05 0.393592  0.495932  0.77404  
0.948653 9.47693e-05 0.316317 0.376533  0.807855  0.453423  
0.157847 0.987464 9.98803e-05 0.313569  0.153093  0.937143  
0.33977 0.940509 9.32162e-05 0.326507  0.903798  0.276664  
0.84165 0.262382 0.472563 0.322406  0.321877  0.890196  
0.564917 0.724383 0.395142 0.339965  0.685391  0.643944  
0.868684 0.495395 4.46364e-06 0.242175  0.0147013  0.970121  
0.402216 0.712603 0.574844 0.231293  0.972854  0.00765376  
0.044965 0.732337 0.679469 0.304638  0.663084  0.683751  
8.31263e-05 7.22508e-05 1 0.265782  0.910658  0.316325  
0.752674 0.519774 0.40414 0.252633  0.294538  0.921642  
0.45386 0.454687 0.766336 0.220929  0.964082  0.147434  
4.56387e-05 0.862938 0.50531 0.249878  0.485807  0.837587  
5.05799e-05 0.956366 0.292172 0.241827  0.824578  0.511459  
0.302016 0.904475 0.301254 0.190481  0.129151  0.973158  
0.372286 0.371675 0.850447 0.173614  0.982013  0.0742154  
2.67546e-05 0.505876 0.862757 0.212725  0.587973  0.780408  
0.447068 4.34916e-05 0.8945 0.192122  0.887733  0.418354  
0.922107 9.21173e-05 0.386935 0.164096  0.210417  0.963741  
1.53234e-05 0.289735 0.957107 0.158542  0.959514  0.232804  
0.685652 0.391015 0.613993 0.163709  0.395597  0.903716  
0.748968 0.339667 0.568923 0.162842  0.769274  0.617818  
0.535558 0.653041 0.535538 0.117023  0.0572162  0.99148  
0.268389 0.651171 0.70989 0.107946  0.993337  0.0403623  
4.94912e-05 0.93578 0.352583 0.136196  0.643867  0.752918  
0.848835 0.423873 0.316369 0.117598  0.919992  0.373878  
0.921633 0.388062 9.98803e-05 0.0993392  0.256925  0.961312  
5.28876e-05 1 9.98803e-05 0.0908661  0.977227  0.191759  
0.651046 0.759039 0.000123545 0.0949533  0.449369  0.888286  
0.989072 1.23819e-05 0.147434 0.0888079  0.813435  0.574837  
0.373828 0.848949 0.373932 0.0630651  0.0931868  0.993649  
3.73977e-05 0.707118 0.707096 0.0581011  0.991994  0.112129  
4.17503e-05 0.789417 0.613857 0.0634985  0.55108  0.832033  
0.794814 0.606854 9.97539e-05 0.053899  0.877843  0.475907  
0.502297 0.864696 9.97539e-05 0.0398996  0.171545  0.984368  
0.192558 3.50175e-05 0.981455 0.0360555  0.959066  0.280877  
0.924932 0.243355 0.292027 0.0212029  0.352036  0.935746  
3.99628e-05 0.755617 0.655016 0.0227427  0.739248  0.67305  
0.865471 8.64595e-05 0.503509 0.0123237  0.0239487  0.999637  
0.411182 0.257181 0.874525 0.0078832  0.999683  0.0239052  
0.254694 0.41151 0.8751 0.00356262  0.673252  0.739404  
