1.50388 3.5 3.5 1.50388  3.5  3.5  
1.52026 3.5 3.5 1.52026  3.5  3.5  
1.84557 3.5 3.5 1.84557  3.5  3.5  
1.34622 3.5 3.5 1.34622  3.5  3.5  
1.47467 3.5 3.5 1.47467  3.5  3.5  
1.75749 3.5 3.5 1.75749  3.5  3.5  
1.51368 3.5 3.5 1.51368  3.5  3.5  
1.92474 3.5 3.5 1.92474  3.5  3.5  
1.72088 3.5 3.5 1.72088  3.5  3.5  
1.63573 3.5 3.5 1.63573  3.5  3.5  
1.78397 3.5 3.5 1.78397  3.5  3.5  
1.35341 3.5 3.5 1.35341  3.5  3.5  
1.29018 3.5 3.5 1.29018  3.5  3.5  
1.78386 3.5 3.49992 1.78386  3.5  3.49992  
1.59773 3.5 3.49995 1.59773  3.5  3.49995  
1.19825 3.5 3.5 1.19825  3.5  3.5  
1.71311 3.5 3.5 1.71311  3.5  3.5  
1.85788 3.5 3.5 1.85788  3.5  3.5  
1.61547 3.5 3.49999 1.61547  3.5  3.49999  
1.61697 3.5 3.5 1.61697  3.5  3.5  
1.51617 3.5 3.5 1.51617  3.5  3.5  
1.90785 3.5 3.5 1.90785  3.5  3.5  
1.62548 3.5 3.5 1.62548  3.5  3.5  
1.58024 3.5 3.5 1.58024  3.5  3.5  
1.80217 3.5 3.5 1.80217  3.5  3.5  
1.58084 3.49988 3.5 1.58084  3.49988  3.5  
1.7779 3.5 3.5 1.7779  3.5  3.5  
1.93985 3.5 3.5 1.93985  3.5  3.5  
1.62166 3.5 3.5 1.62166  3.5  3.5  
1.77362 3.5 3.5 1.77362  3.5  3.5  
1.79805 3.5 3.5 1.79805  3.5  3.5  
1.74968 3.5 3.5 1.74968  3.5  3.5  
1.2801 3.5 3.49794 1.2801  3.5  3.49794  
1.89034 3.5 3.4811 1.89034  3.5  3.4811  
1.60559 3.5 3.5 1.60559  3.5  3.5  
1.72522 3.5 3.5 1.72522  3.5  3.5  
1.56939 3.5 3.5 1.56939  3.5  3.5  
1.80414 3.5 3.5 1.80414  3.5  3.5  
1.6914 3.5 3.5 1.6914  3.5  3.5  
1.62578 3.5 3.5 1.62578  3.5  3.5  
3.40664 1.59294 3.5 3.40664  1.59294  3.5  
1.63664 3.5 3.5 1.63664  3.5  3.5  
1.66093 3.5 3.5 1.66093  3.5  3.5  
1.66278 3.5 3.5 1.66278  3.5  3.5  
1.92589 3.5 3.5 1.92589  3.5  3.5  
1.74804 3.5 3.5 1.74804  3.5  3.5  
1.28784 3.5 3.5 1.28784  3.5  3.5  
1.84518 3.5 3.5 1.84518  3.5  3.5  
1.80275 3.49958 3.5 1.80275  3.49958  3.5  
1.72592 3.5 3.5 1.72592  3.5  3.5  
1.42052 3.5 3.5 1.42052  3.5  3.5  
1.6088 3.5 3.42486 1.6088  3.5  3.42486  
1.66634 3.5 3.5 1.66634  3.5  3.5  
1.92142 3.5 2.51696 1.92142  3.5  2.51696  
1.76254 2.40411 3.5 1.76254  2.40411  3.5  
1.99579 3.5 3.5 1.99579  3.5  3.5  
1.3329 3.5 3.5 1.3329  3.5  3.5  
1.78266 3.5 3.5 1.78266  3.5  3.5  
3.47413 3.5 1.52865 3.47413  3.5  1.52865  
2.05538 3.5 3.5 2.05538  3.5  3.5  
2.21659 3.5 2.24215 2.21659  3.5  2.24215  
2.04821 3.5 3.5 2.04821  3.5  3.5  
1.86891 3.5 3.5 1.86891  3.5  3.5  
1.73105 3.5 3.5 1.73105  3.5  3.5  
1.94175 3.5 3.5 1.94175  3.5  3.5  
1.46156 3.5 3.5 1.46156  3.5  3.5  
1.83339 3.01065 3.5 1.83339  3.01065  3.5  
1.91314 3.5 3.5 1.91314  3.5  3.5  
1.44383 3.5 3.5 1.44383  3.5  3.5  
1.60759 3.5 3.49998 1.60759  3.5  3.49998  
1.55562 3.5 3.5 1.55562  3.5  3.5  
1.9033 3.49634 3.5 1.9033  3.49634  3.5  
1.63541 3.5 3.5 1.63541  3.5  3.5  
1.54557 3.5 3.5 1.54557  3.5  3.5  
1.79239 3.5 3.5 1.79239  3.5  3.5  
1.60027 3.5 3.5 1.60027  3.5  3.5  
1.64438 3.5 3.5 1.64438  3.5  3.5  
1.63298 3.5 3.40851 1.63298  3.5  3.40851  
1.48739 3.49347 3.49607 1.48739  3.49347  3.49607  
1.50801 3.5 3.5 1.50801  3.5  3.5  
1.51497 3.5 3.5 1.51497  3.5  3.5  
1.59855 3.5 3.5 1.59855  3.5  3.5  
1.57076 3.5 3.5 1.57076  3.5  3.5  
1.59643 3.5 3.5 1.59643  3.5  3.5  
1.50074 3.5 3.5 1.50074  3.5  3.5  
1.82111 3.5 3.5 1.82111  3.5  3.5  
2.05571 2.68869 3.5 2.05571  2.68869  3.5  
1.84633 3.5 3.5 1.84633  3.5  3.5  
1.42328 3.5 3.5 1.42328  3.5  3.5  
1.74112 3.5 3.5 1.74112  3.5  3.5  
1.68673 3.5 3.5 1.68673  3.5  3.5  
1.59486 3.5 3.5 1.59486  3.5  3.5  
2.29176 3.5 3.49389 2.29176  3.5  3.49389  
1.77321 3.49995 3.5 1.77321  3.49995  3.5  
1.4878 3.5 3.5 1.4878  3.5  3.5  
1.55634 3.5 3.5 1.55634  3.5  3.5  
1.46078 3.5 3.49235 1.46078  3.5  3.49235  
1.60953 3.5 3.5 1.60953  3.5  3.5  
1.07357 3.5 3.5 1.07357  3.5  3.5  
1.8608 3.5 3.5 1.8608  3.5  3.5  
1.23889 0.828413 3.5 1.03352  2.67637  3.5  
1.78833 3.5 0.447542 0.968618  3.5  1.36384  
0.887945 1.18972 3.20039 0.849817  3.13523  3.49992  
3.2153 1.64278 0.547108 1.05138  2.54172  2.54855  
1.0911 1.22737 2.36767 2.18576  3.49985  0.834864  
0.447101 3.5 1.78833 2.65656  0.958637  2.5182  
0.549175 1.64705 3.16955 2.45957  3.49854  0.504925  
2.35013 3.31984 0.199192 2.89496  1.28001  1.72388  
3.43734 2.30682 0.210261 3.47853  1.58141  1.00522  
0.936905 1.66299 1.98147 3.05331  0.247808  3.01266  
1.34038 2.34367 1.00021 2.04451  3.49997  0.82412  
1.63735 3.26186 0.54659 3.22551  0.772507  1.45076  
2.87736 2.0944 0.358258 2.87951  1.81799  0.756659  
0.27499 2.15677 3.5 2.50097  0.44876  2.18513  
3.49214 0.00240806 3.37043 3.49969  1.85635  0.43001  
1.40022 3.5 0.699965 3.37833  0.662858  1.45784  
3.34105 1.24609 0.827055 3.49925  1.20025  0.861604  
3.49892 3.24507 0.0095447 3.48725  0.116583  3.06654  
1.91833 3.29769 0.384331 3.06741  3.01733  0.104779  
0.80132 2.11078 1.75725 2.96314  0.991942  1.11861  
0.380809 3.43777 1.91356 2.74022  1.63573  0.643943  
2.16514 3.4967 0.264756 2.92416  0.472764  1.84041  
2.79025 0.663626 1.57614 3.10862  2.02646  0.350966  
1.77713 0.938665 1.85038 2.62786  0.777781  1.48037  
2.32053 2.10641 0.513906 2.56189  1.35509  0.898211  
3.47027 0.271142 2.14995 3.38354  0.237017  2.76814  
0.356375 2.24117 2.70368 2.77308  2.51023  0.223009  
1.40142 0.699629 3.5 2.34448  0.941658  1.40963  
0.846758 2.57791 1.41193 2.29619  1.56046  0.846881  
2.22719 0.511286 2.1971 2.4489  0.39523  2.27432  
3.4964 1.79288 0.444557 2.29146  2.02184  0.56673  
2.02885 0.36046 3.02147 2.14879  0.72458  1.85038  
3.3683 3.48427 0.00251406 2.04331  1.32786  1.17408  
2.19348 2.68055 0.358102 2.69056  0.0995122  3.36853  
3.4927 0.00935089 3.25501 3.10365  3.5  0.027314  
0.000723733 3.5 3.42883 1.90225  1.24736  1.34993  
3.43049 0.000691879 3.5 1.89506  2.01994  0.764394  
0.544621 3.30687 1.63494 1.94674  0.64696  2.1971  
1.02566 3.49876 1.0246 2.14283  2.73578  0.399004  
1.93077 1.28758 1.28805 1.77158  1.00493  1.75725  
0.353961 2.81717 2.12661 1.70457  1.70379  1.09167  
0.826813 3.49647 1.24202 2.02885  0.36046  3.02147  
3.5 0.000707909 3.42961 2.54145  3.5  0.135261  
0.446192 1.78995 3.5 1.57156  1.22148  1.67258  
3.24191 0.383244 1.92862 1.57763  2.01102  0.982572  
3.29042 0.200966 2.35083 1.76903  0.536  2.81595  
2.80814 2.61199 0.186102 1.6505  2.65012  0.652713  
3.27035 0.820999 1.25946 1.55907  0.930063  2.13229  
0.192633 2.90008 2.55042 1.40302  1.66335  1.38354  
2.9726 0.913044 1.2023 2.31712  0.212044  3.5  
0.00251271 3.497 3.36743 3.43031  3.49512  0.0481719  
3.49337 3.36934 0.00244583 1.30523  1.42951  1.7263  
1.6505 2.65012 0.652713 1.34038  2.34367  1.00021  
3.48351 0.447175 1.78835 1.46254  0.831593  3.29262  
1.70457 1.70379 1.09167 1.51901  3.46247  0.656053  
0.38277 1.91433 3.36675 1.24414  1.1018  2.31268  
3.24205 3.49942 0.00953212 1.16636  1.93664  1.41193  
0.899271 3.22373 1.17408 2.04379  0.34724  3.5  
1.148 3.49993 0.909416 1.88398  3.23098  0.666634  
2.29619 1.56046 0.846881 1.08859  1.36718  2.12661  
3.18829 1.41364 0.707171 1.06648  2.3106  1.2834  
3.31507 0.544097 1.63494 1.49303  0.639982  3.5  
3.48407 1.90656 0.384193 1.1314  3.1741  0.944478  
1.04786 2.71964 1.12767 1.06341  1.05309  2.92965  
1.94674 0.64696 2.1971 0.879799  1.91775  1.80264  
0.207544 3.49995 2.31268 2.8184  0.0890188  3.5  
1.52118 0.822469 2.4206 2.03956  0.962519  3.23348  
1.78982 0.446305 3.5 0.85397  1.84041  1.92067  
1.63877 0.544707 3.27183 0.953505  3.15509  1.1247  
2.6438 1.60435 0.685164 0.954225  1.09823  3.48183  
0.00971528 3.23946 3.5 1.70839  3.5  0.715103  
1.73441 1.16945 1.57614 0.642102  1.61636  2.8207  
2.41038 1.17468 1.12197 0.731308  2.56026  1.57614  
1.02567 1.02458 3.5 1.5708  0.720891  3.5  
0.00334712 3.34741 3.5 1.75851  3.5  0.728812  
1.30523 1.42951 1.7263 0.650113  1.77865  2.4206  
2.31712 0.212044 3.5 0.686323  3.09199  1.46642  
1.40302 1.66335 1.38354 1.08007  1.2171  3.31439  
0.700951 1.40361 3.35693 0.867332  3.49884  1.2417  
0.20172 2.3415 3.33267 0.603529  1.5352  3.5  
1.14535 1.92257 1.44638 0.532884  2.45782  1.96414  
2.34448 0.941658 1.40963 1.62639  0.848257  3.49586  
2.34965 0.677388 1.79631 2.153  3.46217  0.694216  
3.45591 3.44661 0.000690748 0.433062  2.27188  2.37431  
0.705215 3.22202 1.41148 0.489465  3.01775  1.79745  
0.0096831 3.5 3.23983 0.854931  1.47826  2.73715  
2.60238 0.188481 2.80903 0.772232  3.49987  1.47224  
1.26158 3.05232 0.846881 0.401173  1.87297  3.5  
2.4936 0.358739 2.32968 0.309632  2.9213  2.20256  
3.463 1.02471 1.02583 0.905265  2.39628  3.24299  
0.000693595 3.43034 3.5 0.713079  3.47232  1.75182  
3.3468 0.00335473 3.5 0.278634  2.14958  3.5  
1.92889 1.92224 0.799578 0.217227  3.49999  2.37381  
0.833422 1.46333 2.51306 0.316501  2.37091  3.5  
0.532884 2.45782 1.96414 0.296108  3.48504  2.30197  
0.603529 1.5352 3.5 0.103665  2.68887  3.5  
0.672139 1.90136 2.1971 0.0743787  3.23142  2.85311  
3.33032 0.701605 1.40472 0.930521  2.62788  1.38994  
3.24245 0.00955051 3.4999 1.00826  3.49963  1.49714  
1.4397 1.06568 2.05805 0.0114821  3.22409  3.49994  
2.63973 0.189574 2.7577 3.27986  0.937261  1.13355  
1.78856 3.49412 0.446978 1.13015  3.05899  0.962422  
3.26443 0.202017 2.35296 1.03096  1.0193  3.5  
0.705014 3.23476 1.41009 3.27955  0.933714  1.13028  
0.505701 2.52863 1.97009 3.37239  1.84934  0.497144  
2.31454 3.49983 0.206874 3.48341  0.436453  1.80754  
3.22026 0.706429 1.41009 3.16198  2.1095  0.305904  
1.64264 3.24222 0.544707 3.49505  0.657006  1.45859  
3.41722 0.830942 1.23742 3.49905  1.37396  0.719724  
2.07809 2.0505 0.649189 2.75616  0.243201  2.45599  
3.49986 0.446857 1.78877 3.24705  2.47771  0.162196  
2.00109 0.650769 2.12699 3.36072  0.929662  1.13178  
1.00936 2.66459 1.1876 3.45009  1.44964  0.663891  
0.826547 3.4806 1.24118 3.49982  0.426261  1.82604  
1.43459 0.718004 3.00544 3.29172  1.80848  0.442978  
1.33572 2.36367 0.995074 3.49505  0.657006  1.45859  
1.04874 1.06738 2.93353 3.44304  1.15989  0.897957  
2.25168 1.59568 0.841945 3.4398  0.159879  2.45599  
3.49994 2.29978 0.212225 3.4086  2.76893  0.0821096  
3.49658 3.36774 0.00250154 2.86016  0.952097  1.19273  
1.52152 0.835087 2.38921 2.97801  1.58611  0.616505  
1.99386 2.49765 0.503866 2.88197  0.499394  1.80754  
1.02515 3.48886 1.02513 3.10515  2.12616  0.309343  
0.447197 1.78816 3.5 2.67532  0.77711  1.46143  
2.70416 1.83983 0.523346 2.47357  1.3588  0.928679  
3.34735 0.00333038 3.5 2.75616  0.243201  2.45599  
3.4943 0.0095051 3.24229 2.7218  2.65468  0.202491  
0.000734942 3.49835 3.4283 2.31802  0.957525  1.40507  
3.27533 1.63129 0.549164 2.25168  1.59568  0.841945  
3.49968 1.78798 0.447298 2.50697  0.352441  2.3352  
2.50665 2.3397 0.350879 2.2259  2.1142  0.559931  
3.49186 0.000695945 3.43068 2.17299  0.702091  1.86882  
3.3683 3.48427 0.00251406 2.03897  1.33505  1.17011  
3.45876 3.44426 0.000686774 2.71333  0.0932104  3.34207  
2.19668 0.819287 1.66557 2.96506  3.3749  0.0433844  
0.900176 3.06163 1.1981 1.90316  1.25989  1.3362  
1.0784 1.37328 2.1351 1.96086  1.97257  0.752696  
0.00971566 3.23939 3.5 1.91822  0.647628  2.23046  
3.49498 0.00334491 3.3471 2.02284  2.67931  0.43501  
3.35478 0.54326 1.63276 1.73582  1.02514  1.79469  
1.16777 1.93699 1.41009 1.70504  1.70544  1.09009  
2.76018 0.691263 1.54714 2.16199  0.356389  2.74011  
0.929823 1.86987 1.77175 2.1259  3.40493  0.282419  
1.90432 0.385075 3.46777 1.56974  1.22866  1.66557  
0.231098 2.25044 3.45842 1.58562  1.99849  0.986517  
3.42829 0.000734784 3.5 1.72221  0.57874  2.75454  
0.000698452 3.43008 3.5 1.63113  2.64327  0.667449  
1.88664 0.511852 2.65263 1.48873  0.932311  2.23045  
0.666197 2.45781 1.72986 1.40467  1.66811  1.37779  
3.2683 0.384135 1.92276 2.44694  0.162176  3.5  
0.00333582 3.5 3.34723 2.13499  3.40556  0.303693  
0.447093 3.49963 1.78835 1.30158  1.43032  1.72986  
1.63268 0.542524 3.37179 1.33572  2.36367  0.995074  
1.27279 3.0264 0.841945 1.43459  0.718004  3.00544  
0.212406 3.48616 2.29936 1.44464  3.16072  0.687459  
1.78573 2.08316 0.797437 1.2281  1.12367  2.29936  
3.47521 0.269082 2.15443 1.16777  1.93699  1.41009  
0.91529 1.14007 3.5 2.00385  0.335899  3.5  
3.23978 0.0096867 3.4997 1.61278  3.48424  0.552435  
1.9133 3.49684 0.380325 1.0784  1.37328  2.1351  
1.14447 3.47247 0.911423 1.10487  2.41754  1.19153  
3.22804 1.40985 0.708957 1.41366  0.689807  3.5  
0.356545 2.90182 2.08195 1.13015  3.05899  0.962422  
1.70504 1.70544 1.09009 1.04874  1.06738  2.93353  
0.826488 1.52465 2.4044 0.929823  1.86987  1.77175  
1.7849 1.18984 1.50711 2.53342  0.14975  3.19742  
3.2402 3.5 0.00965571 2.96506  3.3749  0.0433844  
2.83171 2.59985 0.184412 0.858341  1.84771  1.90577  
2.50697 0.352441 2.3352 0.947988  3.26219  1.11658  
2.46689 1.29914 0.988278 0.94364  1.11283  3.37179  
2.59567 0.518289 1.90577 1.28798  3.47575  0.811826  
1.52447 1.53949 1.38336 0.7782  1.49852  2.58574  
0.190186 2.64577 2.74805 0.73562  2.4939  1.6037  
1.30158 1.43032 1.72986 1.30882  0.801009  3.49703  
0.00332904 3.34738 3.5 1.52906  3.5  0.607934  
1.4068 3.2401 0.706976 0.634507  1.81518  2.4044  
2.31736 0.207148 3.40792 0.684909  3.14809  1.45197  
2.71033 0.997034 1.19487 0.92985  1.12422  3.5  
3.49044 2.08421 0.29915 0.804496  3.05879  1.31149  
3.49775 3.23975 0.00968999 0.599535  1.5411  3.5  
3.25038 1.24931 0.831279 0.505701  2.52863  1.97009  
0.547402 3.0957 1.6646 1.41366  0.689807  3.5  
1.24225 0.82865 3.37179 1.61273  3.49243  0.552435  
0.822423 1.25329 3.3187 0.432263  2.14441  2.49931  
0.358925 2.15104 2.74903 0.519851  3.49819  1.6646  
0.0096831 3.5 3.23983 0.599535  1.5411  3.5  
0.382736 1.91303 3.38089 0.663366  3.41823  1.45139  
1.63113 2.64327 0.667449 0.372457  1.92886  3.5  
1.7884 0.447066 3.49491 0.290471  3.04638  2.17971  
3.463 1.02471 1.02583 0.755506  1.32796  3.5  
2.10752 3.17697 0.309343 0.724372  3.49988  1.37505  
1.58305 1.05273 1.89185 0.256227  2.18658  3.45842  
0.380458 3.43915 1.9142 0.258574  3.49863  2.17971  
2.16399 0.361088 2.7175 0.435607  1.96059  3.5  
1.14012 1.15806 2.40786 0.267158  3.4999  2.18321  
0.550123 1.65493 3.12061 0.194548  2.42769  3.08269  
3.3665 1.91428 0.382839 0.106038  3.07573  2.7577  
0.700091 1.39995 3.4828 0.755506  1.32796  3.5  
1.02504 1.02522 3.5 0.519851  3.49819  1.6646  
0.655101 1.94649 2.17971 0.0156284  3.17256  3.45596  
3.34705 0.00334336 3.5 2.33195  0.957618  1.39715  
1.78667 1.28972 1.41461 1.06748  3.5  0.983482  
0.00333462 3.34725 3.5 0.959387  1.09304  3.45726  
2.46189 0.359295 2.35619 3.49997  1.2845  1.03743  
1.40232 1.6673 1.38081 3.49838  1.94008  0.577792  
0.205598 3.5 2.31809 3.15593  0.449208  1.81944  
3.4991 2.15998 0.267364 3.20516  2.81324  0.0807267  
1.63684 3.2716 0.545941 2.67792  0.817347  1.40774  
0.82098 1.24853 3.43872 3.49413  1.2856  0.83437  
0.000731611 3.42844 3.5 2.87296  0.234268  2.4083  
3.49996 1.1591 0.898042 2.71133  2.79539  0.163961  
1.64019 2.57159 0.684306 3.49863  0.950468  1.10211  
2.27262 0.828482 1.60091 3.49979  1.46398  0.661266  
3.45729 3.44502 0.000692529 3.49692  0.420363  1.83692  
1.19557 3.04658 0.905 3.49829  1.85178  0.412385  
3.40147 3.5 0.00138723 2.76722  0.678792  1.56252  
1.78742 0.447615 3.5 3.49996  1.1591  0.898042  
3.49668 0.299489 2.08341 3.10123  0.153057  2.55828  
0.00970436 3.49486 3.2396 3.40971  2.75846  0.0823729  
2.67987 2.72853 0.186055 2.9557  0.993126  1.11897  
3.49996 0.540521 1.63247 3.07301  1.5725  0.609943  
0.00334323 3.49998 3.34706 2.96567  0.476722  1.81944  
1.02515 3.48886 1.02513 3.1087  2.08718  0.321821  
1.95655 0.3587 3.5 2.57811  0.798643  1.47446  
1.24835 0.837627 3.19698 2.33077  1.3833  0.969687  
1.40444 3.3957 0.698615 2.87296  0.234268  2.4083  
2.13718 2.27364 0.518597 2.7383  2.43278  0.254871  
0.698247 1.40234 3.5 2.33195  0.957618  1.39715  
0.299252 2.08395 3.49994 2.29401  1.59557  0.822555  
2.6716 0.183398 2.74906 2.41414  0.418313  2.24537  
3.00228 0.866875 1.24857 1.9943  2.08522  0.674884  
0.686484 1.58741 2.75535 2.14308  0.738338  1.83207  
1.24583 3.5 0.822555 2.03457  1.32336  1.1838  
1.84712 1.5382 1.11897 2.75822  0.083563  3.40003  
3.42969 0.000706236 3.5 3.02848  3.46715  0.0320624  
1.30808 1.42339 1.72991 1.89572  1.25711  1.3446  
1.30899 2.44329 0.983482 1.9943  2.08522  0.674884  
0.00971566 3.23939 3.5 1.94528  0.664718  2.16059  
3.49498 0.00334491 3.3471 2.03899  2.71633  0.417579  
0.820248 3.5 1.24857 1.70967  1.00592  1.81944  
0.983349 2.43106 1.31509 1.70771  1.69915  1.09279  
1.9255 3.25453 0.383801 1.83687  0.428261  3.5  
0.44717 3.5 1.78821 2.13305  3.5  0.279722  
0.892092 1.22153 2.99267 1.57358  1.22219  1.66957  
2.29997 2.53964 0.355541 1.56824  2.02168  0.983482  
0.702136 3.5 1.39715 1.87824  0.542466  2.56571  
2.2079 1.11354 1.28974 1.70064  2.68767  0.609943  
0.447011 1.78849 3.5 1.51925  0.901436  2.24537  
1.44266 0.72275 2.94843 1.40232  1.6673  1.38081  
1.23514 2.08557 1.23878 2.33684  0.198932  3.49985  
1.25798 1.12318 2.24537 2.42244  3.39782  0.171573  
0.000698229 3.49702 3.43016 1.30808  1.42339  1.72991  
0.690068 2.5112 1.66246 1.30899  2.44329  0.983482  
3.38903 1.91811 0.379855 1.49214  0.789544  2.56784  
3.26312 0.704229 1.40774 1.47204  3.28081  0.656037  
1.92691 0.519813 2.59205 1.25798  1.12318  2.24537  
3.36304 0.382434 1.91707 1.16783  1.79983  1.52632  
2.32007 0.204886 3.5 1.83357  0.422174  3.5  
3.23978 0.0096867 3.4997 1.61481  3.5  0.551091  
0.20764 2.31411 3.5 1.08471  1.36519  2.13655  
0.382224 3.40142 1.91263 1.05362  2.27878  1.31509  
0.974422 1.45078 2.22088 1.41664  0.687625  3.48759  
0.511701 2.00825 2.45369 1.1449  3.22224  0.971513  
1.63071 0.548127 3.29461 1.09527  1.01896  2.9417  
3.25392 2.35564 0.201533 0.925252  1.89205  1.75783  
3.1027 1.43079 0.705271 2.47451  0.153602  3.5  
3.23947 3.5 0.00970967 2.82951  3.5  0.0653065  
1.94528 0.664718 2.16059 0.831779  1.87883  1.9181  
2.4889 1.28758 0.983482 0.977789  3.19373  1.09279  
1.86471 0.975126 1.73649 0.959387  1.09304  3.45726  
0.831779 1.87883 1.9181 1.24583  3.5  0.822555  
1.9943 2.08522 0.674884 0.763836  1.5133  2.59644  
1.7883 3.49872 0.447118 0.74609  2.51881  1.57562  
2.29401 1.59557 0.822555 1.24311  0.824873  3.4884  
3.49022 0.215356 2.29127 1.52577  3.5  0.609943  
3.46749 1.62716 0.543415 0.650119  1.85018  2.31414  
0.382111 1.913 3.39895 0.697561  3.19711  1.42919  
2.13305 3.5 0.279722 0.889944  1.16813  3.5  
3.495 0.00966952 3.24006 0.820248  3.5  1.24857  
3.49775 3.23975 0.00968999 0.605476  1.53234  3.49261  
1.12552 1.77057 1.59714 0.526433  2.42893  1.99643  
3.49962 0.000728215 3.42861 1.41683  0.687887  3.5  
1.52255 0.830597 2.40129 1.59934  3.5  0.561042  
0.548816 3.1987 1.64265 0.371192  2.37361  2.4083  
2.68047 0.534131 1.83207 0.521167  3.5  1.66246  
2.35657 3.34672 0.195599 0.60547  1.53234  3.5  
3.49132 3.36756 0.0025176 0.682383  3.5  1.4237  
0.541703 1.65252 3.20798 0.398983  1.87713  3.5  
2.65664 1.89374 0.506897 0.331092  2.89692  2.14279  
0.516023 2.43684 2.01152 0.890196  1.16836  3.5  
0.271677 3.5 2.14799 0.702136  3.5  1.39715  
3.49686 1.7877 0.447459 0.211836  2.31624  3.30842  
3.49901 1.02525 1.025 0.239848  3.5  2.22666  
3.25559 1.25912 0.822555 0.398983  1.87713  3.5  
0.187759 2.69079 2.70991 0.239848  3.5  2.22666  
3.49488 0.447186 1.78822 0.0165737  3.16316  3.5  
0.939164 3.34901 1.11897 0.0822283  3.5  2.78085  
0.371192 2.37361 2.4083 0.830246  1.44156  3.04741  
1.02518 1.02508 3.5 0.521167  3.5  1.66246  
1.56824 2.02168 0.983482 0.0165737  3.16316  3.5  
3.34705 0.00334336 3.5 2.96786  1.00869  1.11924  
2.51098 2.0039 0.494417 1.03059  3.5  1.01967  
0.710666 3.12734 1.41896 0.922441  1.14318  3.5  
0.829593 3.5 1.2375 3.47738  0.942951  1.11023  
1.78835 0.447089 3.5 3.02508  1.60407  0.596574  
0.703679 1.40025 3.35287 2.79109  0.491328  1.85825  
3.39805 1.238 0.831114 3.08471  2.14224  0.300935  
1.91371 3.5 0.383722 3.24254  0.688774  1.43101  
2.62082 2.79876 0.185591 3.48662  1.25847  0.811995  
3.49861 0.209711 2.30669 3.377  0.248316  2.21104  
0.187405 2.6264 2.78338 3.20602  2.57899  0.136204  
1.96524 0.654935 2.1732 3.48893  0.908217  1.14824  
0.447056 3.5 1.78841 3.46727  1.45211  0.661856  
1.40232 1.6673 1.38081 3.48548  0.424805  1.84497  
2.05185 2.05188 0.674719 3.08471  2.14224  0.300935  
1.893 2.64989 0.509205 3.39262  0.661254  1.4555  
3.49999 0.000736195 3.42822 3.44497  1.17329  0.885922  
3.36725 3.5 0.00251857 3.03307  0.226335  2.35323  
0.00970574 3.5 3.23953 2.76451  3.35358  0.0812856  
1.30564 1.43568 1.7186 2.96786  1.00869  1.11924  
3.42968 2.21144 0.24659 3.02508  1.60407  0.596574  
0.00334323 3.49998 3.34706 2.83702  0.519034  1.83404  
1.02515 3.48886 1.02513 3.08471  2.14224  0.300935  
1.23472 3.5 0.831949 2.80269  0.719965  1.49123  
0.00250135 3.3677 3.5 2.52576  1.34734  0.917967  
1.07978 2.21969 1.31978 3.03307  0.226335  2.35323  
2.78852 1.37434 0.811995 3.20602  2.57899  0.136204  
0.377651 3.33449 1.92725 2.3515  0.96229  1.38081  
0.541821 3.45389 1.62996 2.52576  1.34734  0.917967  
1.00116 1.46482 2.13478 2.4746  0.457903  2.14007  
0.446824 1.78883 3.5 2.30099  2.02725  0.560038  
0.654796 2.3154 1.84135 2.18954  0.720948  1.82382  
3.23416 2.36001 0.201553 2.0422  1.33872  1.16469  
1.63926 3.26354 0.545354 2.64968  0.105477  3.43539  
3.48871 1.78845 0.447055 2.85987  3.5  0.0590356  
2.4632 0.368718 2.32948 1.90975  1.24086  1.35119  
0.298032 2.08679 3.48458 1.94275  2.03504  0.728922  
0.00971566 3.23939 3.5 2.18954  0.720948  1.82382  
3.49498 0.00334491 3.3471 1.99504  2.68193  0.447814  
1.64851 1.19991 1.62076 1.80737  0.939532  1.81803  
1.03478 1.09261 2.88583 1.69925  1.70134  1.09748  
3.4301 0.000698079 3.5 1.90068  0.397093  3.25523  
2.52913 1.70349 0.670287 2.1595  3.5  0.266881  
2.67104 0.190728 2.71942 1.61005  1.16249  1.7072  
3.3463 0.543961 1.63232 1.61373  1.99969  0.969486  
1.47402 0.850914 2.43804 1.7609  0.601062  2.59352  
3.49907 0.301255 2.07943 1.67982  2.54791  0.666194  
3.24255 0.380611 1.93375 1.51126  0.919012  2.22195  
1.80737 0.939532 1.81803 1.40232  1.6673  1.38081  
0.550346 1.65627 3.11244 2.25964  0.227724  3.5  
0.351469 2.39167 2.44722 2.22303  3.5  0.241266  
0.000698229 3.49702 3.43016 1.30564  1.43568  1.7186  
0.820027 2.55617 1.45763 1.32103  2.35358  1.01247  
0.297258 3.5 2.08846 1.4061  0.752292  2.93813  
2.00761 0.335124 3.42043 1.51638  3.46854  0.650063  
0.000734216 3.42831 3.5 1.17164  1.16988  2.3171  
2.6524 1.08741 1.11023 1.16561  1.96018  1.39535  
0.507827 2.5263 1.96926 1.80442  0.438135  3.5  
3.23978 0.0096867 3.4997 1.60089  3.5  0.560038  
2.35617 2.47292 0.355678 1.09625  1.35334  2.13478  
1.7883 3.49987 0.447116 1.07978  2.21969  1.31978  
2.31712 3.5 0.205945 1.41461  0.689101  3.5  
1.10801 2.63036 1.09748 1.03803  3.30853  1.01967  
0.206276 2.31901 3.5 1.03478  1.09261  2.88583  
0.381998 1.92421 3.28799 0.911302  1.88463  1.78559  
0.205951 3.5 2.3171 2.53435  0.135849  3.5  
3.23947 3.5 0.00970967 2.76451  3.35358  0.0812856  
1.93879 1.58236 1.02305 0.835507  1.86387  1.92725  
2.10946 3.216 0.302307 0.968572  3.24909  1.12268  
2.0422 1.33872 1.16469 0.950909  1.10197  3.46029  
0.862998 1.43279 2.49352 1.23472  3.5  0.831949  
2.29789 0.212915 3.5 0.781925  1.50648  2.55768  
1.40047 3.5 0.699866 0.74384  2.44074  1.62076  
0.835507 1.86387 1.92725 1.28038  0.793846  3.5  
3.13559 2.04525 0.337579 1.50687  3.5  0.636767  
3.32972 1.40455 0.701768 0.644645  1.77125  2.44722  
3.49912 0.788501 1.28691 0.677713  3.00046  1.49123  
3.12462 1.66133 0.545618 0.916996  1.1382  3.5  
3.495 0.00966952 3.24006 0.878603  3.5  1.18089  
3.49775 3.23975 0.00968999 0.607392  1.52957  3.48458  
3.20801 0.705845 1.41255 0.531381  2.45451  1.9689  
1.50356 2.45572 0.821624 1.42154  0.698438  3.5  
0.644645 1.77125 2.44722 1.58641  3.5  0.569441  
1.65008 0.552911 3.1356 0.455654  2.10033  2.49352  
1.64115 1.96595 0.969551 0.543279  3.5  1.62709  
2.74891 0.501581 1.85825 0.609636  1.52622  3.5  
3.49038 3.38136 0.00202475 0.677009  3.5  1.43101  
3.44565 3.4572 0.000683706 0.406222  1.86338  3.5  
3.2189 0.908223 1.16469 0.316567  3.20128  2.2198  
1.96228 0.516604 2.50978 0.828087  1.23927  3.5  
1.40223 0.70003 3.5 0.677009  3.5  1.43101  
0.828087 1.23927 3.5 0.22436  2.26704  3.5  
3.49901 1.02525 1.025 0.265378  3.5  2.21846  
1.24602 0.833315 3.26287 0.406222  1.86338  3.5  
1.29244 1.10934 2.21104 0.277242  3.5  2.13478  
3.49488 0.447186 1.78822 0.199505  2.33763  3.5  
0.609636 1.52622 3.5 0.0278287  3.44099  3.06349  
0.984186 1.98138 1.62971 0.685934  1.43608  3.5  
1.02518 1.02508 3.5 0.659224  3.5  1.4555  
2.28551 0.816486 1.61187 0.00552555  3.38029  3.5  
3.34705 0.00334336 3.5 3.49913  1.02923  1.02103  
1.39976 0.700182 3.5 1.02923  3.5  1.02103  
1.78835 3.5 0.447089 1.02528  1.02497  3.5  
3.36708 3.5 0.00252505 3.49913  1.02923  1.02103  
3.49989 1.02504 1.02522 3.34009  1.6225  0.550524  
3.38042 1.40129 0.701589 3.49316  0.546304  1.62233  
1.84332 1.27048 1.37053 3.49794  2.09545  0.294187  
1.26821 1.38657 1.82592 3.49931  0.774872  1.30371  
2.09803 3.41495 0.294187 3.5  1.3207  0.76127  
3.49517 0.543752 1.62635 3.49887  0.29972  2.08289  
3.4157 2.33576 0.200387 3.5  2.45485  0.15969  
1.29358 1.99245 1.24322 3.49999  0.900357  1.15653  
2.49639 1.24845 1.01539 3.27746  1.45533  0.668073  
0.921148 1.88789 1.76776 3.5  0.424526  1.82923  
2.0247 2.41718 0.516546 3.35996  1.85572  0.41346  
3.49794 2.09545 0.294187 3.49806  0.675507  1.43306  
3.49999 0.000736195 3.42822 3.49446  1.14617  0.909741  
1.2235 1.11939 2.31668 3.5  0.160962  2.4508  
0.00970574 3.5 3.23953 3.49824  2.72529  0.0868166  
3.27179 1.92495 0.382769 3.03155  1.0028  1.09282  
1.92707 0.663598 2.18443 3.01045  1.6108  0.594614  
1.25064 0.825495 3.30664 2.97763  0.488273  1.79512  
1.02515 3.48886 1.02513 3.01661  2.01133  0.369472  
3.18027 0.379051 1.9484 2.6171  0.771843  1.49833  
0.841653 1.47951 2.4508 2.5409  1.34831  0.911494  
3.5 0.00969173 3.23972 2.81591  0.244049  2.41335  
1.19696 3.05731 0.901919 2.8233  2.42804  0.237644  
1.63389 0.543904 3.32934 2.2855  0.970926  1.40745  
1.68619 2.53031 0.668073 2.30366  1.58019  0.829213  
0.192583 2.66965 2.71164 2.49868  0.416284  2.18165  
1.63599 3.28645 0.545369 2.28427  2.05323  0.554011  
1.02509 1.02517 3.5 2.16875  0.721317  1.83967  
3.23963 0.00969775 3.5 2.04585  1.32045  1.17944  
0.828866 1.24095 3.39166 2.69935  0.0967656  3.33582  
3.48871 1.78845 0.447055 2.86103  3.5  0.0588204  
1.92657 0.383534 3.33606 1.84332  1.27048  1.37053  
2.34036 3.3448 0.20134 1.9722  1.97122  0.747066  
0.00971637 3.23938 3.5 1.92707  0.663598  2.18443  
3.49498 0.00334491 3.3471 2.06476  2.62998  0.428657  
1.06045 1.06015 2.91199 1.7562  0.995753  1.78596  
3.24202 0.199574 2.36394 1.71398  1.71283  1.07799  
1.54957 0.69901 2.72522 1.99467  0.37263  3.04885  
2.14444 0.352112 2.80283 2.11657  3.43796  0.285615  
0.547164 3.22711 1.64089 1.57975  1.21682  1.66978  
0.00330564 3.34792 3.5 1.56415  2.03329  0.979832  
2.36717 2.50994 0.339859 1.71693  0.580656  2.75966  
2.8455 2.56008 0.192706 1.62665  2.63328  0.673458  
2.53971 0.67611 1.67016 1.5225  0.952544  2.13987  
2.35119 0.522054 2.06401 1.40262  1.66696  1.38081  
0.381661 3.5 1.91067 2.24028  0.234559  3.5  
0.447518 3.5 1.78759 2.22128  3.5  0.241954  
0.000698229 3.49702 3.43016 1.31389  1.42982  1.71526  
1.5252 1.54095 1.38372 1.35443  2.36189  0.979832  
2.60739 0.193707 2.77773 1.41897  0.744089  2.93056  
0.385172 1.92034 3.27085 1.45904  3.19154  0.673458  
0.000734216 3.42831 3.5 1.2235  1.11939  2.31668  
0.00230718 3.5 3.37294 1.17243  1.90659  1.42793  
0.203266 2.32503 3.46876 1.82371  0.427531  3.5  
1.08547 2.3712 1.23155 1.61606  3.49429  0.5503  
3.27497 1.63734 0.545369 1.07693  1.37191  2.13987  
3.4306 0.000688132 3.5 1.08547  2.3712  1.23155  
0.359189 2.3267 2.49757 1.41248  0.69068  3.5  
1.39884 3.5 0.70087 1.12871  3.12869  0.952631  
1.5225 0.952544 2.13987 1.06045  1.06015  2.91199  
1.35443 2.36189 0.979832 0.921148  1.88789  1.76776  
0.921384 3.17003 1.15653 2.46821  0.155541  3.5  
3.23947 3.5 0.00970967 2.71889  3.5  0.0882751  
1.92257 3.24143 0.386341 0.840809  1.84594  1.93706  
3.21825 1.25556 0.829213 0.940628  3.24889  1.12586  
0.700964 3.30862 1.40745 0.947788  1.10533  3.45822  
0.610137 1.52549 3.5 1.23796  3.49256  0.829213  
1.75955 1.00056 1.78925 0.771838  1.49736  2.60749  
3.27147 0.816761 1.26438 0.716158  2.56927  1.5937  
0.698447 1.40207 3.5 1.23131  0.834847  3.5  
3.49446 1.14617 0.909741 1.49366  3.5  0.632142  
0.55042 1.65614 3.11249 0.670349  1.81393  2.31668  
2.55177 0.356975 2.28959 0.681738  2.95793  1.49661  
2.29902 0.212502 3.5 0.904423  1.15203  3.5  
3.38011 0.702123 1.40059 0.837112  3.48528  1.2287  
3.49775 3.23975 0.00968999 0.629036  1.49835  3.46876  
3.42847 0.269386 2.15538 0.524111  2.50506  1.94946  
0.524111 2.50506 1.94946 1.41248  0.69068  3.5  
0.446996 1.78852 3.5 1.57145  3.5  0.579263  
3.49133 0.447129 1.7883 0.41577  2.16149  2.52741  
2.12271 0.975563 1.50493 0.522589  3.5  1.66016  
0.330401 2.97265 2.11236 0.610137  1.52549  3.5  
3.49038 3.38136 0.00202475 0.678358  3.5  1.42917  
3.44565 3.4572 0.000683706 0.398907  1.87728  3.5  
2.48726 1.98714 0.510749 0.330401  2.97265  2.11236  
2.70026 1.59709 0.673458 0.843016  1.22175  3.5  
0.809602 2.22456 1.66016 0.715401  3.5  1.37962  
0.824415 3.5 1.24362 0.257293  2.19676  3.30919  
0.298986 2.08455 3.5 0.255282  3.5  2.18782  
1.78864 0.44693 3.5 0.432446  1.81474  3.5  
3.49999 0.900357 1.15653 0.277995  3.5  2.133  
1.24274 3.5 0.825158 0.203916  2.32279  3.5  
0.670349 1.81393 2.31668 0.105602  3.04571  2.77773  
1.71398 1.71283 1.07799 0.744365  1.34211  3.5  
1.92096 1.91994 0.805549 0.542986  3.49995  1.62755  
0.206105 3.5 2.31668 0.0168799  3.15826  3.46703  
3.34705 0.00334336 3.5 3.5  1.02508  1.02517  
1.89572 1.26076 1.34082 1.02508  3.49995  1.02517  
1.78835 3.5 0.447089 1.02509  1.02516  3.5  
0.204684 2.32112 3.46643 3.5  1.02508  1.02517  
2.74329 0.679128 1.57125 3.5  1.62808  0.54265  
3.46595 0.380733 1.91286 3.49989  0.542611  1.62814  
1.3426 2.34601 0.997219 3.5  2.08668  0.298044  
3.29162 1.24625 0.830316 3.5  0.779133  1.29844  
1.4111 3.21813 0.705888 3.5  1.29842  0.779145  
0.547749 1.66199 3.1051 3.5  0.298091  2.08657  
1.39938 0.700664 3.46643 3.5  2.44445  0.162962  
1.16855 1.16578 2.35415 3.5  0.899823  1.15712  
2.03565 0.788145 1.84123 3.5  1.4535  0.660661  
2.97528 1.58244 0.619441 3.5  0.422711  1.83258  
1.90879 0.382619 3.5 3.5  1.8324  0.42281  
3.36784 3.5 0.00249621 3.5  0.660617  1.45356  
1.92899 0.663428 2.18251 3.45879  1.15636  0.900833  
2.06565 2.37171 0.513432 3.5  0.162942  2.44452  
0.656683 1.799 2.37211 3.5  2.72103  0.0877863  
1.30442 1.43012 1.72657 2.99682  0.986068  1.11736  
0.379274 1.92657 3.31189 2.97528  1.58244  0.619441  
1.91748 1.91923 0.808016 2.94732  0.499227  1.78538  
1.02515 3.48886 1.02513 2.95015  2.02361  0.374628  
3.5 1.62808 0.54265 2.64942  0.771664  1.47943  
2.31667 3.49994 0.206108 2.53864  1.34058  0.918779  
3.5 2.08668 0.298044 2.8433  0.245617  2.39197  
0.941817 1.74537 1.92169 2.76368  2.42709  0.250892  
0.83292 1.2414 3.31189 2.33087  0.955974  1.39975  
1.09016 2.65355 1.10706 2.29495  1.58411  0.830316  
3.5 3.38106 0.00202143 2.42868  0.413034  2.24584  
0.278472 3.5 2.13188 2.27968  2.02958  0.56765  
1.70196 1.70394 1.09351 2.1677  0.720894  1.84123  
2.33087 0.955974 1.39975 2.03841  1.33084  1.17438  
0.381454 3.42481 1.91286 2.67275  0.104751  3.3052  
0.0033465 3.34698 3.5 2.85914  3.5  0.0591716  
2.47648 0.194339 2.97559 1.89572  1.26076  1.34082  
2.38735 0.512447 2.05551 1.94013  2.02619  0.735096  
0.00971637 3.23938 3.5 1.92899  0.663428  2.18251  
0.744436 2.53211 1.57125 2.03101  2.67177  0.433062  
0.70334 1.40398 3.31189 1.75268  0.999518  1.78405  
2.61186 1.89641 0.522242 1.70196  1.70394  1.09351  
0.269101 2.15416 3.5 2.0006  0.372345  3.03141  
3.5 1.39503 0.703731 2.10909  3.42871  0.289038  
1.75192 1.08956 1.66043 1.58049  1.21769  1.66792  
3.43075 0.701045 1.39975 1.58073  2.00975  0.98096  
3.23943 0.00971268 3.5 1.71524  0.57654  2.78027  
3.5 1.78835 0.447093 1.62968  2.63165  0.671952  
2.14099 0.355947 2.78027 1.49483  0.935025  2.2154  
1.06577 1.06288 2.87956 1.40262  1.66696  1.38081  
1.62968 2.63165 0.671952 2.23666  0.235956  3.5  
2.33974 2.48597 0.357464 2.21979  3.5  0.242536  
0.000698229 3.49702 3.43016 1.30442  1.43012  1.72657  
3.10944 1.97373 0.374628 1.3426  2.34601  0.997219  
3.5 0.908997 1.14698 1.41764  0.745799  2.92716  
2.96419 0.844708 1.28531 1.45517  3.23391  0.671952  
0.000734216 3.42831 3.5 1.22942  1.12295  2.29829  
3.5 0.447076 1.78838 1.16275  1.93691  1.41577  
2.62185 0.349645 2.25336 1.82503  0.426812  3.5  
2.08668 3.5 0.298044 1.61732  3.49988  0.549487  
0.700189 3.5 1.39975 1.08577  1.36887  2.12895  
1.79772 0.448261 3.30216 1.07167  2.29119  1.28821  
2.29495 1.58411 0.830316 1.4125  0.690669  3.5  
1.23931 3.5 0.828058 1.12848  3.11089  0.955501  
3.43014 0.000697177 3.5 1.06043  1.05753  2.92309  
0.00971736 3.5 3.23937 0.932296  1.87329  1.76486  
3.49999 0.000734087 3.42832 2.46479  0.156597  3.5  
3.23947 3.5 0.00970967 2.71226  3.5  0.0898  
2.09164 1.38451 1.09351 0.851831  1.85131  1.91286  
0.542822 3.46472 1.62814 0.945681  3.21354  1.12442  
0.446965 3.49825 1.78858 0.947785  1.10532  3.45849  
2.67051 2.718 0.190857 1.23931  3.5  0.828058  
1.9261 3.24176 0.384531 0.776296  1.50097  2.58603  
3.5 0.00486884 3.31545 0.744436  2.53211  1.57125  
0.00334621 3.5 3.34699 1.23163  0.834573  3.5  
0.825654 1.49743 2.48294 1.48893  3.5  0.635458  
1.16275 1.93691 1.41577 0.654312  1.79758  2.38026  
1.64709 0.554081 3.12813 0.680404  3.10854  1.46367  
0.196318 3.24791 2.37211 0.904423  1.15203  3.5  
3.49984 0.542611 1.62814 0.838624  3.5  1.22688  
3.5 0.260388 2.17527 0.623333  1.50724  3.43912  
1.63815 3.25622 0.546346 0.526477  2.46092  1.97407  
0.526477 2.46092 1.97407 1.41137  0.691506  3.5  
1.40262 1.66696 1.38081 1.56433  3.5  0.583978  
3.5 2.30656 0.209758 0.449594  2.11938  2.48073  
0.609893 1.52585 3.5 0.522418  3.5  1.66043  
0.354242 2.35314 2.48073 0.609893  1.52585  3.5  
0.187646 2.62524 2.78369 0.677909  3.5  1.42978  
3.44565 3.4572 0.000683706 0.398907  1.87728  3.5  
0.827239 3.41164 1.242 0.331412  2.98051  2.1071  
3.5 3.2394 0.00971525 0.840304  1.22491  3.5  
1.02509 1.02516 3.5 0.717096  3.5  1.3774  
1.25448 0.830067 3.21874 0.258299  2.19387  3.31189  
3.22423 0.198211 2.37211 0.255376  3.5  2.18759  
3.5 1.02508 1.02517 0.431781  1.81595  3.5  
1.49483 0.935025 2.2154 0.278472  3.5  2.13188  
3.5 0.00970313 3.23956 0.204123  2.32221  3.5  
0.447136 1.78827 3.5 0.107664  3.04225  2.77026  
1.5758 0.696229 2.67154 0.749102  1.33608  3.5  
2.23666 0.235956 3.5 0.543152  3.5  1.62729  
0.785344 2.04794 1.83502 0.0170926  3.15615  3.46643  
3.34705 0.00334336 3.5 3.5  1.02514  1.02511  
1.33974 2.35199 0.996928 1.02514  3.5  1.02511  
1.78835 3.5 0.447089 1.02515  1.0251  3.5  
1.23931 3.5 0.828058 3.5  1.02514  1.02511  
0.198193 3.17403 2.38563 3.5  1.62803  0.542683  
3.5 2.08668 0.298044 3.5  0.542681  1.62803  
0.544836 1.63429 3.30996 3.5  2.08668  0.298044  
2.73533 1.8319 0.519609 3.5  0.779095  1.29848  
1.48868 0.839755 2.43808 3.5  1.29842  0.779145  
1.85261 0.971945 1.72657 3.5  0.29809  2.08657  
0.820236 3.5 1.24859 3.5  2.44445  0.162962  
2.56517 0.668118 1.66792 3.5  0.899823  1.15712  
0.00334726 3.4999 3.34697 3.5  1.4535  0.660661  
2.35139 3.34501 0.197475 3.5  0.422775  1.83246  
3.28869 0.383092 1.92195 3.5  1.83233  0.422845  
0.246073 3.5 2.21083 3.5  0.66068  1.45348  
0.517635 1.82005 2.76974 3.45785  1.15741  0.899907  
0.00073435 3.42831 3.5 3.5  0.162952  2.44448  
2.2798 0.219587 3.5 3.5  2.72119  0.0877499  
2.08668 3.5 0.298044 2.99682  0.986068  1.11736  
1.64529 0.549942 3.17257 2.97978  1.58121  0.619441  
0.431699 1.8161 3.5 2.94735  0.499359  1.78515  
1.92644 0.666892 2.1781 2.95075  2.02339  0.374628  
0.00328475 3.3484 3.5 2.64584  0.772781  1.47943  
1.58049 1.21769 1.66792 2.54024  1.33987  0.918779  
3.14269 0.202943 2.38119 2.8406  0.247415  2.3883  
0.982732 1.72205 1.84416 2.76368  2.42709  0.250892  
2.86367 2.55561 0.190435 2.33328  0.954865  1.39975  
3.5 0.542681 1.62803 2.29533  1.58387  0.830316  
1.30769 1.42666 1.72657 2.42145  0.415553  2.24584  
3.5 0.253383 2.19253 2.28045  2.02894  0.56765  
2.24859 1.87267 0.680806 2.16718  0.719815  1.84345  
0.204123 2.32221 3.5 2.03841  1.33084  1.17438  
2.14466 0.356789 2.76974 2.67275  0.104751  3.3052  
0.827803 1.24745 3.31189 2.85909  3.5  0.0591802  
1.02515 1.0251 3.5 1.89572  1.26076  1.34082  
3.5 0.00971776 3.23937 1.94026  2.02956  0.73323  
0.00971637 3.23938 3.5 1.92644  0.666892  2.1781  
0.657681 1.98953 2.12533 2.02781  2.66341  0.436866  
3.01165 0.848479 1.2682 1.75361  0.999876  1.78259  
3.5 0.000733394 3.42835 1.70196  1.70394  1.09351  
0.715594 1.43126 3.03373 2.00047  0.372063  3.03373  
0.704521 3.19785 1.41577 2.1072  3.42564  0.289924  
3.3675 3.49976 0.00250894 1.58049  1.21769  1.66792  
0.542682 3.49893 1.62803 1.58168  2.00853  0.98096  
3.23943 0.00971268 3.5 1.71524  0.57654  2.78027  
1.83547 2.04525 0.786508 1.63037  2.63445  0.670635  
2.38479 2.44531 0.35454 1.49971  0.933507  2.21083  
3.5 2.30596 0.209976 1.40262  1.66696  1.38081  
1.70196 1.70394 1.09351 2.23666  0.235956  3.5  
3.5 0.899823 1.15712 2.21979  3.49901  0.242536  
0.000698229 3.49702 3.43016 1.30769  1.42666  1.72657  
3.5 3.38088 0.00202763 1.33974  2.35199  0.996928  
1.64252 3.1961 0.549168 1.41764  0.745799  2.92716  
3.5 1.62803 0.542683 1.45472  3.23739  0.671949  
1.78877 0.446854 3.5 1.22942  1.12295  2.29829  
0.447004 3.5 1.7885 1.16117  1.93926  1.41577  
1.22942 1.12295 2.29829 1.82511  0.426768  3.5  
3.44577 3.45789 0.000673405 1.61732  3.5  0.549487  
3.5 0.446828 1.78882 1.08481  1.36732  2.13307  
1.9208 3.27976 0.384293 1.07059  2.29337  1.28821  
3.27391 1.40648 0.704276 1.41259  0.690599  3.5  
3.43111 0.000678026 3.5 1.12764  3.11602  0.955501  
2.6323 0.186529 2.78027 1.05993  1.05775  2.92426  
0.00971736 3.5 3.23937 0.931455  1.87837  1.76135  
1.05993 1.05775 2.92426 2.46456  0.156669  3.5  
3.23947 3.5 0.00970967 2.71226  3.5  0.0898  
2.01955 2.41343 0.52046 0.850333  1.85372  1.91286  
1.00816 2.62826 1.202 0.944862  3.22161  1.12434  
0.339415 3.15564 2.0364 0.94794  1.10517  3.45809  
3.45785 1.15741 0.899907 1.23931  3.5  0.828058  
2.29533 1.58387 0.830316 0.776308  1.50096  2.58603  
2.75837 1.10534 1.05755 0.744436  2.53211  1.57125  
1.40326 3.49684 0.697556 1.23163  0.834573  3.5  
1.02514 3.5 1.02511 1.48893  3.49951  0.635458  
0.354777 2.39525 2.43365 0.654557  1.79656  2.38119  
2.03841 1.33084 1.17438 0.680366  3.10676  1.46407  
0.339793 2.03696 3.14983 0.904377  1.15208  3.5  
0.810151 2.28257 1.63083 0.838517  3.5  1.22701  
3.23161 1.25261 0.830316 0.623326  1.50724  3.43961  
1.91192 0.38161 3.43961 0.526647  2.4598  1.97449  
1.16117 1.93926 1.41577 1.41137  0.691506  3.5  
1.63037 2.63445 0.670635 1.56414  3.5  0.584103  
3.5 1.78777 0.447418 0.449594  2.11938  2.48073  
0.526647 2.4598 1.97449 0.522418  3.5  1.66043  
2.33328 0.954865 1.39975 0.609947  1.52577  3.5  
0.187646 2.62524 2.78369 0.677909  3.5  1.42978  
1.16381 3.12187 0.921388 0.399006  1.87709  3.5  
1.23163 0.834573 3.5 0.331239  2.98156  2.1071  
3.5 3.2394 0.00971525 0.840304  1.22491  3.5  
3.21128 1.95123 0.374628 0.717171  3.5  1.3773  
3.5 0.00333867 3.34716 0.258299  2.19387  3.31189  
0.790394 1.58786 2.38119 0.255376  3.5  2.18759  
3.18854 0.705542 1.41577 0.431699  1.8161  3.5  
1.40262 1.66696 1.38081 0.278562  3.5  2.13167  
0.677984 2.78307 1.55778 0.204123  2.32221  3.5  
1.40035 0.699809 3.47976 0.107774  3.04226  2.76974  
3.5 1.02514 1.02511 0.749103  1.33608  3.5  
2.34486 0.515505 2.0828 0.543152  3.5  1.62729  
2.6261 0.351448 2.24584 0.0170918  3.15615  3.46652  
