1.02594 205.199 13.6257 1.02594  205.199  13.6257  
35.9993 6.06319 169.646 35.9993  6.06319  169.646  
16.8356 3.02308 248.35 16.8356  3.02308  248.35  
7.53936 38.701 285.471 7.53936  38.701  285.471  
35.8979 70.9348 101.823 35.8979  70.9348  101.823  
194.093 8.95821 2.74982 194.093  8.95821  2.74982  
5.7014 9.01479 183.099 5.7014  9.01479  183.099  
17.9104 89.7425 202.539 17.9104  89.7425  202.539  
2.46249 1.68425 212.971 2.46249  1.68425  212.971  
18.6352 5.11572 155.99 18.6352  5.11572  155.99  
97.3044 89.759 109.183 97.3044  89.759  109.183  
0.392289 27.6861 217.17 0.392289  27.6861  217.17  
18.0256 6.01473 279.637 18.0256  6.01473  279.637  
80.9445 12.6131 55.9514 80.9445  12.6131  55.9514  
97.7699 18.4049 92.564 97.7699  18.4049  92.564  
10.1297 15.9527 261.064 10.1297  15.9527  261.064  
143.973 7.82528 34.4203 143.973  7.82528  34.4203  
13.6407 169.786 90.4612 13.6407  169.786  90.4612  
19.9927 237.599 57.6466 19.9927  237.599  57.6466  
9.2674 181.306 65.8765 9.2674  181.306  65.8765  
42.368 25.8909 277.158 42.368  25.8909  277.158  
175.172 19.127 80.6302 175.172  19.127  80.6302  
17.1123 97.6448 97.8137 17.1123  97.6448  97.8137  
8.53259 226.453 39.6198 8.53259  226.453  39.6198  
51.1811 38.5533 91.9628 51.1811  38.5533  91.9628  
17.1281 37.4024 178.727 17.1281  37.4024  178.727  
114.223 14.3579 68.8215 114.223  14.3579  68.8215  
4.4451 98.8217 6.83458 4.4451  98.8217  6.83458  
6.63193 71.6854 130.705 6.63193  71.6854  130.705  
44.1402 98.7687 26.503 44.1402  98.7687  26.503  
126.846 38.81 73.4908 126.846  38.81  73.4908  
20.1158 11.5416 152.282 20.1158  11.5416  152.282  
1.01997 3.19131 206.302 1.01997  3.19131  206.302  
24.6156 11.7114 273.776 24.6156  11.7114  273.776  
1.68164 11.9444 237.986 1.68164  11.9444  237.986  
167.765 77.0827 22.8292 167.765  77.0827  22.8292  
14.9969 19.6393 257.365 14.9969  19.6393  257.365  
62.2485 36.1219 150.45 62.2485  36.1219  150.45  
65.8035 11.8226 148.191 65.8035  11.8226  148.191  
11.4605 138.542 52.1355 11.4605  138.542  52.1355  
68.8065 127.317 47.1257 68.8065  127.317  47.1257  
5.03587 46.2534 136.774 5.03587  46.2534  136.774  
10.9108 54.6865 231.741 10.9108  54.6865  231.741  
71.3566 145.752 94.6458 71.3566  145.752  94.6458  
7.03543 58.5862 290.977 7.03543  58.5862  290.977  
4.41679 92.1392 114.067 4.41679  92.1392  114.067  
9.79416 19.9032 292.402 9.79416  19.9032  292.402  
51.9595 92.9083 116.289 51.9595  92.9083  116.289  
12.7804 227.758 99.4748 12.7804  227.758  99.4748  
34.6603 108.116 219.758 34.6603  108.116  219.758  
57.5533 46.9872 39.5605 57.5533  46.9872  39.5605  
40.4623 62.3164 144.687 40.4623  62.3164  144.687  
82.7265 72.7237 4.46018 82.7265  72.7237  4.46018  
20.2794 0.597386 120.563 20.2794  0.597386  120.563  
13.3099 21.0783 329.159 13.3099  21.0783  329.159  
70.8014 8.01756 189.274 70.8014  8.01756  189.274  
1.05973 128.69 118.4 1.05973  128.69  118.4  
243.726 68.4922 37.4432 243.726  68.4922  37.4432  
62.459 41.1138 156.572 62.459  41.1138  156.572  
147.733 0.270794 119.476 147.733  0.270794  119.476  
13.3808 28.6777 284.247 13.3808  28.6777  284.247  
29.2005 167.846 95.9925 29.2005  167.846  95.9925  
47.7801 191.498 81.8991 47.7801  191.498  81.8991  
27.2153 149.577 29.1437 27.2153  149.577  29.1437  
150.985 30.1538 22.5436 150.985  30.1538  22.5436  
10.5069 2.77336 29.9241 10.5069  2.77336  29.9241  
20.317 25.5892 208.343 20.317  25.5892  208.343  
7.1439 36.3372 156.557 7.1439  36.3372  156.557  
13.2625 12.4469 217.883 13.2625  12.4469  217.883  
18.1966 146.364 65.2903 18.1966  146.364  65.2903  
38.7908 155.715 113.813 38.7908  155.715  113.813  
299.659 8.49425 59.2013 299.659  8.49425  59.2013  
33.5996 57.5204 187.374 33.5996  57.5204  187.374  
130.681 50.4765 35.7486 130.681  50.4765  35.7486  
21.8364 113.716 83.4926 21.8364  113.716  83.4926  
187.054 11.9628 24.6803 187.054  11.9628  24.6803  
29.5895 58.2277 145.264 29.5895  58.2277  145.264  
3.86412 7.42112 45.0119 3.86412  7.42112  45.0119  
82.4515 34.7697 173.423 82.4515  34.7697  173.423  
127.905 63.2718 34.9054 127.905  63.2718  34.9054  
58.0814 107.45 14.5327 58.0814  107.45  14.5327  
55.465 30.4538 191.725 55.465  30.4538  191.725  
2.27946 195.635 75.4923 2.27946  195.635  75.4923  
58.8857 0.941946 138.128 58.8857  0.941946  138.128  
36.8821 64.9515 229.686 36.8821  64.9515  229.686  
6.55271 54.2274 76.5202 6.55271  54.2274  76.5202  
15.4222 22.7359 21.9632 15.4222  22.7359  21.9632  
10.1761 117.402 12.205 10.1761  117.402  12.205  
0.581844 102.463 129.882 0.581844  102.463  129.882  
0.470172 3.10964 122.008 0.470172  3.10964  122.008  
38.886 15.3412 151.621 38.886  15.3412  151.621  
175.137 146.193 79.073 175.137  146.193  79.073  
2.54797 247.999 14.5216 2.54797  247.999  14.5216  
66.4437 28.0238 225.495 66.4437  28.0238  225.495  
21.8101 201.067 49.7039 21.8101  201.067  49.7039  
184.701 1.9829 41.0871 184.701  1.9829  41.0871  
62.236 3.51527 123.486 62.236  3.51527  123.486  
9.34006 40.0062 148.629 9.34006  40.0062  148.629  
97.2636 43.7318 124.729 97.2636  43.7318  124.729  
160.614 170.943 30.1722 160.614  170.943  30.1722  
0.417588 0.0136479 0.0693049 1.85037  34.1592  169.047  
9.00283e-05 0.0743459 0.426343 27.0245  14.2534  5.52281  
0.236126 0.16227 0.102077 4.43944e-05  1.9428e-08  0.500429  
0.15571 0.0664369 0.278393 37.9641  1.17729  1.15175  
0.170096 0.0315959 0.298782 69.9988  0.885099  1.87748  
0.0875384 0.0800203 0.332914 28.7575  1.18934  4.10597  
0.327964 0.0856115 0.086898 54.0712  1.67678  1.64041  
0.173605 0.18693 0.139938 243.84  4.34789  19.917  
0.0173185 0.193357 0.289798 201.532  3.5935  16.4613  
0.000607441 0.499138 0.00103364 38.211  1.28564  11.8015  
0.109263 0.381677 0.00960024 190.657  54.4614  0.584997  
26.8257 6.20967e-05 0.000829049 0.000225894  11.692  226.975  
0.284302 0.200222 0.0159487 162.264  46.3509  0.497877  
0.0480916 0.225232 0.22715 8.32265  0.729068  126.701  
0.400945 0.06736 0.032235 0.328251  0.140055  0.032235  
0.0743635 0.000143836 0.426752 49.7142  2.07376  33.7893  
0.224649 0.00771337 0.268111 121.454  44.5342  32.9578  
0.0503015 0.101083 0.349089 17.6231  0.580561  10.3364  
0.0663703 0.128146 0.305956 24.8341  15.2583  0.484213  
0.155208 0.224029 0.121236 213.247  60.9141  0.654308  
0.0709212 0.272217 0.157641 22.1519  11.6834  4.52702  
0.225619 0.101897 0.173024 18.1365  0.0713786  10.3388  
0.0111051 0.343559 0.148464 161.03  142.722  0.000307155  
0.1064 0.230438 0.163941 69.8  1.47584  45.1028  
0.0166113 0.451694 0.032235 90.7293  45.568  3.17515  
0.074671 1.69125e-06 0.42859 15.8272  1.18986  13.6403  
0.197661 0.285307 0.0175051 24.4571  21.6765  0.282365  
0.0277436 0.473308 2.15148e-05 0.247184  7.13231  158.294  
0.0666145 0.169517 0.264342 147.06  104.335  5.82056  
0.4946 0.0105316 0.00411123 55.9894  2.09456  43.2514  
0.0799606 0.316243 0.10427 18.4349  16.1041  4.48187  
0.0334817 0.0166234 0.450674 14.678  4.89022  12.56  
0.152318 0.329888 0.0185731 13.9862  1.90077  44.1025  
0.0705485 0.423965 0.00626544 2.16817  0.00309738  236  
0.128891 0.204744 0.166838 37.7225  46.5358  0.287571  
0.120469 0.347836 0.032235 156.868  4.3893  131.14  
0.263319 0.0148713 0.222283 72.8654  30.2819  2.4029  
0.0133784 0.228236 0.259459 105.073  40.7616  225.398  
0.157377 0.00638239 0.336714 72.749  94.4882  0.570775  
0.222357 0.034229 0.243887 11.7461  0.21928  306.622  
0.132544 0.320206 0.0483235 0.745851  0.0212629  136.714  
0.431834 0.0524546 0.0161849 0.00670284  0.679306  144.956  
0.301706 0.0436907 0.155077 21.3136  8.02476  141.426  
0.194236 0.070122 0.236182 8.95771  0.0685912  143.132  
0.308092 0.123135 0.0698464 174.824  3.70973  131.391  
0.218732 0.193001 0.0887404 0.333066  1.7867  224.6  
0.233895 0.234411 0.032235 18.5612  29.6893  6.99648  
0.0829763 0.385329 0.032235 9.799  0.048859  130.28  
0.100177 0.0924688 0.307827 1.90272  0.0595487  123.864  
1.02894e-06 0.468304 0.032235 5.67243e-05  2.93598  56.9958  
0.249658 0.235084 0.0157309 75.2217  179.293  1.04076  
0.0318109 0.420939 0.0483235 9.41263  10.0708  11.9191  
4.38495e-05 0.00642708 0.494002 27.7462  71.0476  107.802  
0.20638 0.0880561 0.206104 0.055367  1.59757  69.5215  
0.122126 0.147244 0.231103 1.03409  145.073  2.36382  
4.43944e-05 1.9428e-08 0.500429 1.20899  0.0902365  44.9162  
0.0304416 0.370447 0.0995845 26.9647  41.2168  100.007  
0.279588 0.137193 0.0839982 10.5863  2.05318  28.7668  
0.25649 0.051162 0.192821 58.1536  165.623  17.958  
0.176266 0.272532 0.0516754 0.0360484  31.1728  94.4404  
0.100013 0.354594 0.0485216 97.4761  6.2644  134.324  
0.0146987 0.403199 0.0854062 4.64024  0.0357492  53.8059  
0.0504747 0.259291 0.190708 63.909  39.6465  85.8857  
0.103727 0.0164732 0.380273 6.18919  6.65908  18.4454  
0.138902 0.0997449 0.261826 7.63093  23.9743  19.4273  
0.339914 0.160677 0.00018796 6.69554  0.191041  31.7939  
0.168267 0.167349 0.164857 29.7427  181.416  0.863471  
0.120534 0.238899 0.14104 0.275803  1.47952  185.986  
0.0666897 0.0328878 0.401201 67.9844  29.1356  150.106  
0.0130735 0.140929 0.347071 3.58839  2.97355  61.3656  
0.0874356 0.196641 0.216397 1.55615  157.71  0.420383  
0.333714 0.0596028 0.107157 6.07986  0.982074  271.076  
0.0156605 0.10313 0.381683 2.94748  30.9922  18.0943  
0.221252 0.126539 0.15275 7.13657  3.40014  38.5162  
0.0233928 0.155659 0.321422 5.56257  36.337  1.89005  
0.346896 0.12141 0.032235 5.53642  18.5456  25.3894  
0.390012 0.0981757 0.0122854 0.0912054  1.99198  233.61  
0.379048 0.0367045 0.0850263 0.0233939  7.74464  45.4491  
0.369497 0.0832535 0.0483235 40.1633  242.658  8.31626  
0.270845 0.0845453 0.145389 3.57153  0.00839514  65.0284  
0.34081 0.0138215 0.145841 6.76466  0.0159009  123.167  
0.184747 0.25063 0.0654017 1.29654  0.543203  41.652  
0.467287 0.00101792 0.032235 0.27962  226.189  7.55782  
0.0514014 0.0680242 0.381353 1.91285  9.2967  10.3706  
0.0506406 0.333487 0.116346 3.17477  24.4528  10.5366  
0.129485 0.286454 0.0845336 1.37015  5.58732  30.0781  
0.141222 0.170266 0.188985 2.38118  27.5559  4.10464  
0.123496 0.0520391 0.325005 0.695162  16.6644  36.1243  
0.351964 0.148482 0.000332702 0.998186  10.8731  7.66448  
0.386077 0.0166765 0.0977196 2.00725  0.740601  38.463  
0.0134177 0.0511589 0.436202 2.14358  39.4141  4.49169  
0.264914 0.113127 0.122499 1.68082  10.3956  138.961  
0.312162 0.156143 0.032235 0.551083  118.796  133.661  
0.0173899 0.296674 0.18701 0.97648  3.02541  22.4851  
0.257021 0.178699 0.0647526 0.886696  274.303  0.10826  
0.165914 0.114019 0.220541 0.0564981  1.03883  48.4309  
0.295116 0.0119684 0.193389 0.0782985  18.2975  15.4107  
0.0152972 0.272675 0.212501 0.41407  0.414213  42.2498  
0.0663586 0.371603 0.0625119 0.103243  13.1457  0.310073  
0.102481 0.12085 0.277448 2.46761e-05  1.2772  202.943  
0.417588 0.0136479 0.0693049 19.1651  10.5204  19.9943  
0.12044 0.275949 0.104084 2.70089  0.117632  14.6805  
0.236126 0.16227 0.102077 4.65735e-05  2.14471e-05  0.500081  
0.156483 0.0667668 0.277039 16.7338  0.618859  0.643038  
0.170096 0.0315959 0.298782 16.6639  1.11522  0.217158  
0.0860132 0.0694403 0.344696 14.9484  0.651047  1.99931  
0.327964 0.0856115 0.086898 29.4977  3.03175  0.656009  
0.257579 0.122818 0.119892 198.632  22.5127  4.35277  
0.0173185 0.193357 0.289798 30.2941  4.3193  3.60225  
0.000607441 0.499138 0.00103364 14.2786  0.290158  4.1625  
0.156621 0.311391 0.0322766 40.3446  8.4578  0.549521  
26.8257 6.20967e-05 0.000829049 129.532  23.9291  3.02057  
0.284302 0.200222 0.0159487 19.289  5.51791  2.6979  
0.0480916 0.225232 0.22715 25.8093  1.65559  11.4797  
0.401383 0.0668644 0.0322928 0.32804  0.139965  0.0322835  
0.395433 0.000173051 0.104867 69.8906  9.69529  30.77  
0.224649 0.00771337 0.268111 125.892  26.3919  1.71474  
0.0503015 0.101083 0.349089 8.59527  0.340199  5.20693  
0.0662912 0.118459 0.315399 42.0553  7.85099  0.9823  
0.155208 0.224029 0.121236 12.3462  4.01622  4.77682  
0.0709212 0.272217 0.157641 51.0785  31.2381  5.25955  
0.241959 0.103236 0.155094 17.4286  0.799914  10.5393  
0.0167942 0.346094 0.137647 15.5332  10.3108  1.91267  
0.104545 0.224571 0.17142 25.6686  6.50436  12.7503  
0.125214 0.324284 0.0506511 116.193  7.31658  43.2435  
0.074671 1.69125e-06 0.42859 45.2348  0.450866  27.9295  
0.193377 0.297162 0.00993345 22.7815  23.8162  2.41454  
0.0277436 0.473308 2.15148e-05 6.18038  3.9068  119.021  
0.0683402 0.18006 0.251749 39.1151  2.12856  23.4937  
0.4946 0.0105316 0.00411123 21.9933  1.78501  23.1425  
0.0799606 0.316243 0.10427 19.9335  19.7664  3.37359  
0.0334817 0.0166234 0.450674 0.159241  5.10893  75.7129  
0.0681336 0.156647 0.275368 16.6576  10.5275  9.00278  
0.0645894 0.419244 0.0167025 0.181929  0.163616  40.5694  
0.136515 0.203742 0.160278 7.55613  9.85483  0.123818  
0.14035 0.34874 0.0113836 13.1728  8.3269  9.11646  
0.263319 0.0148713 0.222283 29.8683  58.5899  92.3505  
0.0153004 0.241734 0.243502 11.5576  2.6696  15.1872  
0.157377 0.00638239 0.336714 16.4085  33.4913  2.61168  
0.222357 0.034229 0.243887 1.95673  3.86023  64.8383  
0.191526 0.116467 0.192157 9.41414  9.82361  6.35441  
0.431834 0.0524546 0.0161849 8.83953  1.3874  15.622  
0.301706 0.0436907 0.155077 11.9137  18.5383  0.0465992  
0.194236 0.070122 0.236182 10.4498  7.86523  10.2552  
0.308092 0.123135 0.0698464 13.1568  45.9598  0.665661  
0.21558 0.196244 0.0883255 5.26885  1.72512  8.22322  
0.234127 0.234116 0.0322925 14.0568  31.6841  6.85336  
0.0846752 0.38219 0.0336705 11.1269  7.26376  17.2311  
0.101494 0.0868372 0.312142 7.65171  9.18241  6.03217  
1.02894e-06 0.468304 0.032235 4.47729  0.299345  9.45409  
0.26056 0.222933 0.0169794 4.05782  9.0248  0.427489  
0.0333745 0.434869 0.0322925 10.8381  16.5563  81.4705  
3.21181e-05 0.0197888 0.480652 5.0022  8.9713  3.78883  
0.204374 0.0872004 0.208961 8.71991  0.981575  20.6943  
0.119739 0.157877 0.222533 10.7022  24.024  2.72756  
0.0173964 0.27485 0.208289 3.64224  3.34969  6.73552  
0.0304416 0.370447 0.0995845 7.79583  12.8242  9.66691  
0.279588 0.137193 0.0839982 5.06792  1.44976  22.1746  
0.25649 0.051162 0.192821 4.25965  11.7985  1.43526  
0.176266 0.272532 0.0516754 2.88388  0.567601  45.511  
0.102339 0.351542 0.0466596 7.23722  18.0561  9.87694  
0.0146987 0.403199 0.0854062 0.680956  0.898239  32.7286  
0.0504747 0.259291 0.190708 7.85386  21.6504  6.59275  
0.103727 0.0164732 0.380273 4.47278  4.44456  12.6564  
0.138902 0.0997449 0.261826 5.43718  15.1482  11.7261  
0.350724 0.149643 0.000172875 2.96805  0.0127623  14.9311  
0.181076 0.214381 0.104693 2.81309  12.2444  0.0965004  
0.110942 0.254186 0.135345 2.92054  25.918  18.2011  
0.0666897 0.0328878 0.401201 9.09437  29.3029  10.8388  
0.0130735 0.140929 0.347071 1.27145  5.82078  21.6756  
0.0862689 0.198403 0.215478 0.767718  28.777  1.23301  
0.333714 0.0596028 0.107157 7.81923  15.9017  24.7647  
0.0156605 0.10313 0.381683 3.5771  12.2281  7.69292  
0.220185 0.140645 0.139643 1.79631  0.927914  19.8671  
0.0233928 0.155659 0.321422 2.46975  13.9798  1.05043  
0.263981 0.0672651 0.168772 2.13463  0.512539  41.0281  
0.390012 0.0981757 0.0122854 4.29981  21.3904  9.69379  
0.379048 0.0367045 0.0850263 0.217594  0.246597  29.895  
0.369497 0.0832535 0.0483235 0.197731  32.1226  1.37857  
0.280147 0.0848617 0.135465 0.270277  9.4312  20.6943  
0.34081 0.0138215 0.145841 0.138416  14.176  12.8821  
0.184747 0.25063 0.0654017 0.00449175  0.108305  13.9726  
0.468039 0.000266589 0.032235 1.64591  15.2615  0.612722  
0.0514014 0.0680242 0.381353 1.97047  9.90312  10.7909  
0.0506406 0.333487 0.116346 0.569925  0.512557  127.091  
0.145409 0.269947 0.0847931 0.632452  1.55481  11.3228  
0.138671 0.169021 0.192457 0.925486  18.2673  2.95803  
0.121259 0.0517378 0.327292 1.34048  7.46593  12.4785  
0.223661 0.276722 9.05874e-05 2.50417  22.223  15.6063  
4.65735e-05 2.14471e-05 0.500081 0.0349016  0.739842  10.4969  
0.0134177 0.0511589 0.436202 0.906332  15.3655  1.7245  
0.178212 0.161266 0.160995 0.285201  2.40201  33.8319  
0.312754 0.155252 0.0322835 0.019718  0.311528  0.168772  
0.0170995 0.310936 0.1725 0.461543  2.00894  12.6146  
0.267412 0.181507 0.0512304 0.505354  16.0399  4.60182  
0.155069 0.120758 0.224322 0.0243897  0.676916  30.0764  
0.314784 0.0168053 0.168947 0.333716  11.8936  10.4781  
0.34799 0.120015 0.0322835 0.021519  0.191686  7.74404  
0.0663586 0.371603 0.0625119 0.0701561  17.171  0.284065  
0.102481 0.12085 0.277448 0.058281  3.92711  38.8012  
0.155339 0.189262 0.155398 66.2152  2.03356  2.00233  
0.12044 0.275949 0.104084 3.14232  107.354  4.61179  
0.242512 0.153342 0.104146 2.4222e-05  4.37784e-05  0.499932  
0.155086 0.0671789 0.277735 5.23234  0.0794562  0.185847  
0.174867 0.0108367 0.314296 5.2485  0.0820035  0.166971  
0.0667287 0.069651 0.36362 5.89102  0.273107  0.841016  
0.327964 0.0856115 0.086898 11.8795  0.792658  0.32445  
0.27568 0.102405 0.12194 5.64406  0.383298  0.977814  
0.015692 0.19611 0.288212 16.9669  3.18515  1.84007  
0.000756337 0.498922 0.000321545 3.71014  0.15822  1.12937  
0.416876 0.0154486 0.0676754 6.88968  2.49427  0.1115  
2.49877 2.19418e-05 0.000241888 17.2442  3.10744  1.6405  
0.287441 0.195969 0.0165896 18.1392  0.794268  0.938003  
0.0480916 0.225232 0.22715 3.71014  0.15822  1.12937  
0.400686 0.0670652 0.032266 0.327851  0.139884  0.0322649  
0.34696 0.120775 0.0322649 9.67984  0.384129  3.4985  
0.154411 0.312267 0.0334822 6.09909  2.03648  1.35987  
0.0503015 0.101083 0.349089 5.6011  0.0701524  3.82419  
0.0662912 0.118459 0.315399 5.7195  3.66717  0.108772  
0.155208 0.224029 0.121236 16.5343  0.656136  5.97584  
0.0709212 0.272217 0.157641 5.51914  2.92135  1.05497  
0.24169 0.103122 0.155202 5.45301  0.767042  3.27547  
0.0167942 0.346094 0.137647 5.2562  3.56936  0.670214  
0.104545 0.224571 0.17142 3.83843  1.00975  2.14856  
0.117028 0.316897 0.0661647 5.05651  2.61893  1.82001  
0.0797088 2.70528e-05 0.420264 4.98109  0.411188  4.10593  
0.197361 0.285696 0.0169544 5.43414  3.63296  0.42837  
0.0277436 0.473308 2.15148e-05 3.44275  1.44919  2.10635  
0.0683402 0.18006 0.251749 4.89751  2.77793  1.82001  
0.465559 0.0172528 0.0171878 4.57889  0.724592  4.19199  
0.0873337 0.325921 0.0867453 4.45979  3.93421  1.10147  
0.0334817 0.0166234 0.450674 3.21184  1.05866  2.72625  
0.0861618 0.140877 0.272962 3.83848  1.00976  2.14859  
0.0645894 0.419244 0.0167025 0.21949  0.00841676  0.272093  
0.181826 0.251822 0.0664019 4.04782  5.37258  0.0750455  
0.14037 0.3432 0.0164294 4.02717  2.62757  2.84072  
0.270794 0.0132305 0.215976 3.71471  4.33434  1.45021  
0.0169893 0.239724 0.243305 3.83183  1.1994  4.46421  
3.69258e-06 0.493108 0.00688791 3.77652  5.01025  0.708695  
0.222357 0.034229 0.243887 3.36041  1.88978  4.24526  
0.207344 0.120605 0.172075 2.64341  2.65286  1.70049  
0.431834 0.0524546 0.0161849 3.56135  0.59607  5.33802  
0.0332987 0.0671613 0.39963 3.96354  5.28414  0.247764  
0.563171 0.000202326 0.0245221 3.46889  2.67928  3.3584  
0.309762 0.121162 0.0690937 4.32797  2.58645  2.58102  
0.204968 0.208741 0.0862909 3.21199  1.07401  5.20944  
0.224877 0.223702 0.0514211 5.30808  3.60459  0.676829  
0.0846752 0.38219 0.0336705 3.0601  1.89046  4.54488  
0.101494 0.0868372 0.312142 2.93946  3.69912  2.8584  
1.02894e-06 0.468304 0.032235 3.79436  0.374407  5.32676  
0.248756 0.235363 0.0158808 0.753293  1.67125  0.0744864  
0.0331054 0.433874 0.0330388 0.00186641  1.35635  8.13723  
0.985222 0.0165519 9.69735e-05 2.03355  3.67602  1.28719  
0.204054 0.0870638 0.209428 3.26544  1.46407  5.93689  
0.119411 0.155485 0.225128 10.9469  21.8147  0.36416  
0.0173372 0.273915 0.208759 0.131933  0.120751  0.247316  
0.0340094 0.376337 0.089655 3.53494  7.59535  3.86538  
0.27896 0.136124 0.0850756 1.14831  0.265793  6.20149  
0.25649 0.051162 0.192821 1.20473  3.46502  0.327977  
0.20808 0.259655 0.0322649 2.24862  2.82191  4.42494  
0.102339 0.351542 0.0466596 1.60352  3.46427  1.92899  
2.11985e-05 0.428501 0.0714781 0.996787  0.751909  5.24809  
0.0504747 0.259291 0.190708 2.76821  7.83725  2.39095  
0.103727 0.0164732 0.380273 1.96815  1.99598  5.69334  
0.143825 0.104508 0.251667 1.17777  3.0053  2.81368  
0.350566 0.149576 1.84353e-05 0.186067  0.118274  9.1911  
0.231788 4.63619e-05 0.268165 0.7651  16.6914  0.035451  
0.110942 0.254186 0.135345 0.65069  0.81564  8.02911  
0.0666897 0.0328878 0.401201 7.96071  26.4007  1.70233  
2.26791e-06 0.229056 0.270942 1.56045  0.742843  7.19215  
0.0862689 0.198403 0.215478 4.09489  4.42179  9.75233  
1.22671e-06 0.163815 0.336184 1.41521  2.96332  5.11845  
0.0156605 0.10313 0.381683 0.0662731  5.47179  3.95905  
0.220185 0.140645 0.139643 0.768011  0.275071  3.95464  
0.155603 0.260985 0.0834121 0.212392  4.63354  0.151792  
0.193828 0.179713 0.126459 0.849844  3.31893  5.32678  
0.377744 0.104793 0.0176231 0.793675  6.02412  2.67767  
0.39554 0.0157092 0.0887506 0.863208  1.07619  5.12108  
0.364067 0.0666451 0.0692879 0.98685  14.6266  2.43403  
0.282309 0.0682374 0.149454 0.40731  1.39783  3.19258  
0.364188 0.0142225 0.121589 1.04907  4.3161  4.13027  
0.129753 0.016606 0.353641 0.711192  0.30914  5.98122  
4.10334e-05 0.0725083 0.427451 0.404558  4.45293  0.140238  
2.92904e-05 0.331108 0.168875 0.614043  4.62233  4.64622  
0.0506406 0.333487 0.116346 0.596633  6.44757  2.45136  
2.4222e-05 4.37784e-05 0.499932 0.58325  1.07092  5.34258  
0.135387 0.171876 0.192737 0.148474  4.65833  0.190916  
0.120503 0.0514151 0.328094 0.315809  1.54892  7.63074  
0.198871 0.0494623 0.251667 0.523473  5.31574  3.65625  
0.331108 3.34269e-05 0.168877 0.0149836  0.00023027  0.484786  
0.0134177 0.0511589 0.436202 0.237121  4.60881  0.151792  
0.171674 0.155994 0.17242 0.412483  3.68859  5.39446  
0.466288 2.86906e-05 0.12004 0.019711  0.311418  0.168871  
0.0334358 0.29396 0.172618 0.00434862  1.38084  8.11058  
0.268912 0.179003 0.0520845 0.520982  0.621512  8.35307  
0.159577 0.124985 0.215462 0.0483661  0.666538  1.78936  
0.310142 0.0341684 0.15569 0.0662615  5.47083  3.95835  
0.314449 0.153286 0.0322649 0.11503  0.0913188  9.28909  
0.0328183 0.156949 0.310233 0.0380177  4.84481  0.114892  
0.118635 0.103002 0.278794 0.0109873  5.08357  7.87544  
0.155339 0.189262 0.155398 0.499934  3.64811e-05  2.91473e-05  
0.0331345 0.399629 0.0672361 2.36565e-05  0.499939  3.77346e-05  
0.239836 0.156716 0.103448 3.46647e-05  4.45609e-05  0.499921  
0.154459 0.0337451 0.311796 2.78558  0.107194  0.106006  
0.119157 0.329702 0.0511405 2.19442  0.232478  0.0720881  
2.1304e-05 0.450222 0.0497566 2.09989  0.0997955  0.299305  
0.329426 0.0843998 0.0861747 2.02659  0.416322  0.0560821  
0.0864471 0.10247 0.311083 1.99131  0.170292  0.33739  
0.416436 3.03881e-05 0.0835334 1.90413  0.371444  0.223415  
0.215733 0.251323 0.0329436 1.85441  0.0778624  0.566718  
0.0171156 0.19196 0.290924 1.80752  0.648611  0.0428591  
0.120703 0.240978 0.138319 0.35218  0.0645003  0.0833197  
0.292477 0.190489 0.0170334 1.71958  0.537044  0.242375  
0.239643 0.208447 0.0519109 1.67822  0.153123  0.667657  
0.400686 0.0670652 0.032266 1.6391  0.699608  0.160285  
0.12316 0.084816 0.292024 1.61521  0.269411  0.614381  
0.347683 0.119211 0.0331062 1.95441  0.0332193  0.511485  
0.0513026 0.120904 0.327794 0.329862  0.00495859  0.165179  
0.224198 0.138105 0.137697 1.50692  0.967186  0.0248852  
0.327356 0.0506007 0.122044 1.48046  0.48507  0.533585  
0.0686364 0.291563 0.1398 1.43809  0.762546  0.298354  
0.24169 0.103122 0.155202 1.40512  0.238865  0.855002  
0.157236 0.121595 0.221169 1.39372  0.95491  0.150374  
0.103185 0.223899 0.172916 1.36067  0.389584  0.748733  
1.9717e-05 0.416684 0.0832961 1.32339  0.697204  0.478391  
0.0671101 0.0857534 0.347137 1.29982  0.10471  1.09446  
0.220295 0.0849013 0.194804 1.27318  1.11997  0.105842  
0.239239 0.0341574 0.226604 1.24287  0.511255  0.744867  
0.120966 0.275744 0.10329 1.2101  0.853002  0.435886  
3.46647e-05 4.45609e-05 0.499921 1.19205  0.204053  1.10288  
0.103413 0.313267 0.0833197 0.233788  0.207987  0.0582253  
0.0335827 2.45059e-06 0.466415 0.228983  0.0762133  0.194804  
0.0861618 0.140877 0.272962 1.12054  0.732193  0.646268  
0.224378 0.275584 3.77346e-05 0.219815  0.00855583  0.271629  
0.174707 0.273834 0.0514587 1.07465  1.40237  0.021971  
0.13811 0.361886 4.13632e-06 1.05516  0.701352  0.74248  
0.273598 0.104721 0.121681 1.15435  1.21471  0.129938  
0.232168 1.69417e-05 0.267815 1.01224  0.310109  1.17676  
0.256274 0.0509796 0.192747 0.987683  1.29945  0.211851  
0.177118 0.0510143 0.271867 0.968147  0.55046  0.980392  
0.0839636 6.12698e-06 0.41603 0.942616  0.945211  0.611164  
0.284324 2.07476e-05 0.215655 0.924643  0.171946  1.4024  
1.38975e-05 0.293699 0.206287 0.904623  1.47104  0.123331  
0.177305 0.215858 0.106837 0.883647  0.681383  0.933958  
0.309762 0.121162 0.0690937 0.864681  1.09975  0.534681  
0.0160675 0.253853 0.230079 0.850686  0.26571  1.3826  
0.366405 0.0668388 0.066756 0.826564  1.33445  0.337988  
0.0846752 0.38219 0.0336705 0.804579  0.502449  1.19196  
0.138765 0.104458 0.256777 0.787986  0.935549  0.775453  
1.79698e-05 0.379759 0.120223 0.769257  0.0794672  1.65026  
0.267725 0.232246 2.91473e-05 0.780791  1.70925  0.00894162  
0.0331054 0.433874 0.0330388 0.732071  0.80007  0.966848  
0.327809 0.172162 2.91473e-05 0.713816  1.25512  0.530049  
0.0500997 0.0166631 0.433237 0.69725  0.361787  1.43995  
0.120398 0.15426 0.225342 0.419383  1.92924  0.150374  
0.219217 0.195025 0.0857578 0.660451  0.602189  1.23636  
0.0513215 0.362563 0.0861158 0.642986  1.07046  0.785545  
0.27896 0.136124 0.0850756 0.627306  0.136147  1.73553  
0.197642 0.06735 0.235008 0.12175  0.336875  0.0413757  
0.0343672 0.0860623 0.379571 0.58963  0.743958  1.1654  
0.0691201 0.172246 0.258634 0.573821  1.2333  0.691874  
0.154529 0.311553 0.0339182 0.110749  0.0533213  0.33593  
0.101963 0.0339368 0.3641 0.595048  1.41321  0.490733  
0.181603 0.140035 0.178363 0.536626  0.470809  1.49156  
0.362175 8.66958e-06 0.137816 0.101869  0.205384  0.192747  
0.362051 0.137911 3.77346e-05 0.0986062  0.00624614  0.395148  
0.0481205 0.329087 0.122792 0.477078  2.00641  0.0154978  
0.400324 0.033158 0.0665182 0.383449  1.03496  1.08058  
0.0674447 0.0505982 0.381957 0.433927  1.53215  0.533044  
4.60873e-05 0.233246 0.266708 0.0860047  0.100215  0.31378  
0.0854029 0.19826 0.216337 0.40171  1.82691  0.270373  
1.62284e-05 0.342958 0.157026 0.381236  0.737498  1.38026  
0.450078 0.0499047 1.74313e-05 0.382498  1.30578  0.81071  
0.172945 0.327017 3.77346e-05 0.372608  0.252754  1.87363  
0.157099 0.254867 0.0880341 0.353643  1.99761  0.147749  
6.03007e-06 0.127435 0.372559 0.338903  0.92841  1.23169  
0.396623 0.103339 3.77346e-05 0.323556  1.47908  0.696353  
0.379731 0.0165343 0.103735 0.30777  0.387017  1.8042  
0.0518416 0.253354 0.194804 0.294074  1.77451  0.430405  
0.273399 0.0695953 0.157006 0.279569  0.675925  1.54349  
0.469849 0.0163885 0.0137623 0.265541  1.2376  0.995854  
2.36565e-05 0.499939 3.77346e-05 0.230621  0.121498  2.14687  
0.0167867 0.0669942 0.416219 0.236544  2.17411  0.0883372  
0.0507999 0.210441 0.238759 0.0974457  0.43938  0.566038  
0.196466 1.79106e-06 0.303532 0.202331  1.63344  0.663219  
0.189265 0.17308 0.137655 0.0337994  0.0710529  0.395148  
0.138186 0.172497 0.189317 0.179769  1.94255  0.37667  
0.120543 0.0519198 0.327537 0.166178  0.780776  1.55204  
0.0498843 0.450087 2.91473e-05 0.127948  1.36482  1.00622  
0.327416 1.65259e-05 0.172567 0.000155389  1.07148e-07  0.499845  
1.21656e-06 0.0503076 0.449691 0.121123  2.13831  0.23955  
0.499934 3.64811e-05 2.91473e-05 0.0294636  0.926031  1.54349  
0.450167 3.28495e-05 0.0498004 0.0197118  0.31143  0.168858  
0.0334358 0.29396 0.172618 0.0850312  0.35761  2.05635  
0.293983 0.154961 0.0510557 0.0709963  1.87773  0.550264  
0.140351 1.02417e-05 0.359639 0.01164  0.133519  0.354841  
0.310142 0.0341684 0.15569 0.0427623  1.28501  1.17122  
0.100031 0.39994 2.91473e-05 0.00201163  0.00989092  0.488097  
0.0340521 0.155415 0.310533 0.0225133  2.90713  0.0691348  
8.12524e-06 0.171713 0.328279 0.00605236  1.18874  1.30419  
0.272167 0.121888 0.105945 0.499925  3.64805e-05  3.80685e-05  
0.0509411 0.398339 0.0507199 4.99612e-05  0.499912  3.77346e-05  
4.99612e-05 0.499912 3.77346e-05 4.41787e-05  3.50468e-05  0.499921  
0.0662333 0.0494668 0.3843 0.464213  0.0179202  0.0178663  
0.101054 0.279464 0.119482 0.437842  0.0466185  0.0155397  
2.1304e-05 0.450222 0.0497566 0.41974  0.0200578  0.0602023  
0.256842 0.243142 1.61099e-05 0.405084  0.0831042  0.0118121  
0.195045 0.304917 3.80685e-05 0.392513  0.0403501  0.0671372  
0.119055 0.104582 0.276362 0.38096  0.0743953  0.0446444  
0.0512976 0.174918 0.273785 0.370763  0.0160044  0.113232  
0.0489099 0.118201 0.332889 0.361008  0.130332  0.00866053  
0.189355 0.189824 0.120821 0.351993  0.0647549  0.0832516  
0.213696 0.269338 0.0169666 0.343528  0.107576  0.0488965  
0.171343 0.27729 0.0513677 0.335417  0.0308609  0.133722  
2.64584e-05 0.264743 0.23523 0.327894  0.139879  0.0322271  
0.0337665 0.36284 0.103393 0.32051  0.0560805  0.123409  
0.0500436 0.0166562 0.4333 0.313515  0.10487  0.0816156  
0.241067 0.103734 0.1552 0.306713  0.0120618  0.181225  
0.134942 0.123213 0.241845 0.300127  0.193632  0.00624131  
0.248127 0.0336103 0.218263 0.293813  0.0966153  0.109572  
0.172239 0.0519214 0.27584 0.287572  0.152682  0.0597454  
0.150127 0.333544 0.0163293 0.281668  0.0477429  0.170589  
1.20679e-05 0.120752 0.379236 0.275833  0.189153  0.0350142  
0.239411 0.174408 0.0861805 0.270195  0.0789628  0.150842  
4.16195e-05 0.416445 0.0835135 0.26472  0.13978  0.0955003  
0.157581 0.187219 0.1552 0.259188  0.0225496  0.218263  
0.254472 1.85693e-05 0.24551 0.25392  0.223052  0.0230276  
0.033568 0.285207 0.181225 0.24875  0.102026  0.149224  
0.350101 0.0666471 0.0832516 0.243649  0.16826  0.0880909  
0.275188 0.0511481 0.173664 0.238582  0.0408304  0.220588  
0.153364 0.0166385 0.329998 0.233783  0.207989  0.0582287  
0.033285 2.42887e-06 0.466713 0.228983  0.0762133  0.194804  
0.13799 0.296392 0.0656177 0.224321  0.146434  0.129245  
0.189983 0.241357 0.0686593 0.219641  0.00875867  0.271601  
0.189869 0.0685469 0.241584 0.215051  0.280504  0.00444483  
0.316962 0.0333714 0.149667 0.210585  0.140191  0.149224  
0.3456 0.154362 3.80685e-05 0.206202  0.215798  0.0780006  
0.358632 2.617e-05 0.141342 0.201828  0.0698811  0.228291  
0.310359 0.103814 0.0858273 0.19749  0.260002  0.0425073  
0.294024 0.156108 0.0498679 0.193312  0.11017  0.196518  
4.41787e-05 3.50468e-05 0.499921 0.189025  0.189492  0.121483  
0.221563 0.0850771 0.19336 0.185018  0.0343885  0.280593  
0.21456 0.0138394 0.271601 0.180956  0.294164  0.0248796  
0.0163902 0.0668332 0.416777 0.176927  0.13631  0.186763  
0.0340256 0.220493 0.245481 0.172975  0.219761  0.107264  
0.0677792 0.0854275 0.346793 0.169045  0.0568799  0.274075  
0.0835213 6.0947e-06 0.416473 0.164978  0.26699  0.0680315  
0.0857853 0.379861 0.0343534 0.161345  0.10052  0.238135  
0.119219 0.329699 0.0510819 0.157581  0.187219  0.1552  
0.103655 0.191905 0.204439 0.153808  0.0161938  0.329998  
3.81157e-05 0.381386 0.118576 0.150127  0.333544  0.0163293  
0.0331054 0.433874 0.0330388 0.146444  0.160196  0.19336  
0.223776 0.154536 0.121688 0.142827  0.251123  0.106051  
0.144809 0.161831 0.19336 0.139227  0.0732666  0.287507  
0.234772 0.214374 0.050853 0.135668  0.301734  0.0625982  
0.350251 0.100853 0.0488965 0.132159  0.120672  0.247169  
0.189169 1.3804e-05 0.310817 0.128674  0.214677  0.156649  
0.120307 0.241272 0.138421 0.125165  0.0292744  0.34556  
8.90988e-08 0.17257 0.32743 0.121812  0.336869  0.0413188  
0.0874952 0.142233 0.270272 0.118302  0.149105  0.232593  
0.034464 0.155625 0.309911 0.114863  0.246716  0.138421  
0.397327 0.102635 3.77346e-05 0.111655  0.054597  0.333748  
0.310344 0.189618 3.77346e-05 0.108387  0.299833  0.0917801  
0.210585 0.140191 0.149224 0.105135  0.104873  0.289992  
0.103243 0.0343628 0.362394 0.101818  0.205346  0.192835  
3.44709e-05 0.344916 0.15505 0.0986446  0.0062681  0.395087  
2.15016e-05 0.215149 0.28483 0.0954471  0.401396  0.00315646  
0.416408 3.0386e-05 0.0835619 0.0922331  0.200684  0.207083  
0.084487 0.260313 0.1552 0.0889102  0.305145  0.105945  
0.466619 3.40501e-05 0.0333467 0.0859866  0.100258  0.313755  
0.499925 3.64805e-05 3.80685e-05 0.0828474  0.361747  0.0554058  
0.0856531 0.308402 0.105945 0.0797461  0.154323  0.265931  
0.29552 0.0863638 0.118116 0.0766301  0.261298  0.162072  
0.0333322 0.0833507 0.383317 0.0737398  0.0499027  0.376357  
0.0847706 0.101474 0.313755 0.0706673  0.399144  0.0301885  
0.466533 0.0334289 3.80685e-05 0.0676709  0.185665  0.246664  
0.0505393 0.23637 0.213091 0.0647212  0.295859  0.139419  
0.327156 0.138223 0.0346211 0.0617856  0.0787292  0.359485  
0.432561 0.067401 3.77346e-05 0.0588631  0.354956  0.0861805  
0.0676709 0.185665 0.246664 0.0559691  0.135261  0.30877  
0.0689969 0.344823 0.0861805 0.0530151  0.247949  0.199036  
0.327763 0.051704 0.120533 0.050176  0.0245745  0.425249  
0.381414 0.0164642 0.102122 0.0472651  0.435052  0.0176826  
0.276481 0.189597 0.033922 0.0445057  0.210013  0.245481  
0.137781 0.362181 3.77346e-05 0.0416722  0.325841  0.132487  
0.138485 0.067716 0.293799 0.0388639  0.0972416  0.363894  
0.398814 0.0675992 0.0335863 0.0360895  0.387803  0.0761074  
0.155379 0.258326 0.0862951 0.03332  0.156769  0.309911  
0.0500009 0.449961 3.77346e-05 0.0305612  0.275061  0.194378  
0.120845 0.0515521 0.327603 0.0277734  0.040542  0.431685  
1.21656e-06 0.0503076 0.449691 0.0251146  0.426763  0.0481221  
0.172975 0.219761 0.107264 0.0223084  0.190185  0.287507  
0.051571 0.311247 0.137182 0.0197087  0.311416  0.168875  
0.190613 0.104353 0.205034 0.0170263  0.0716939  0.41128  
0.432401 0.0166922 0.0509069 0.014374  0.375581  0.110045  
0.137869 1.00605e-05 0.362121 0.0116173  0.133429  0.354954  
0.303503 2.21472e-05 0.196475 0.00910455  0.256964  0.233931  
0.100031 0.39994 2.91473e-05 0.00601346  0.0111332  0.482853  
3.09626e-05 0.309812 0.190157 0.00373092  0.484685  0.0115845  
0.382675 0.0501881 0.0671372 0.000929193  0.237834  0.261237  
0.0839477 0.1023 0.313752 0.499907  4.74832e-05  4.57563e-05  
1.20812e-05 0.120885 0.379103 4.99605e-05  0.499905  4.46261e-05  
4.99605e-05 0.499905 4.46261e-05 4.27187e-05  3.87425e-05  0.499919  
0.293164 0.15559 0.0512459 0.464106  0.0179467  0.0179475  
0.449609 4.27058e-05 0.0503478 0.437827  0.0466291  0.0155438  
0.0493972 0.401706 0.0488965 0.419739  0.0200588  0.0602023  
0.246009 0.033481 0.22051 0.405075  0.0831129  0.0118121  
0.310105 0.103729 0.0861655 0.392303  0.0403863  0.067311  
0.174334 0.291841 0.033825 0.380944  0.0744118  0.0446444  
0.0859343 0.0685668 0.345499 0.37058  0.0161739  0.113246  
0.310034 0.189922 4.46261e-05 0.360965  0.130347  0.00868837  
0.317896 0.0484347 0.13367 0.351993  0.0647549  0.0832516  
0.103237 0.396717 4.57563e-05 0.343528  0.107576  0.0488965  
1.07379e-05 0.172273 0.327716 0.335498  0.030832  0.13367  
0.138147 0.361829 2.40183e-05 0.327839  0.139883  0.0322775  
0.232464 2.20804e-05 0.267514 0.320516  0.0560901  0.123394  
0.030869 0.0323073 0.436824 0.313497  0.104887  0.0816166  
0.215161 0.234211 0.0506279 0.306692  0.0120828  0.181225  
0.0337621 0.190521 0.275717 0.300129  0.193627  0.00624375  
4.49626e-05 0.449896 0.0500588 0.293795  0.0966453  0.109559  
0.103271 0.120365 0.276364 0.287627  0.152652  0.0597211  
0.119899 0.32907 0.0510303 0.281639  0.0477686  0.170593  
0.048431 0.314018 0.140134 0.27583  0.189151  0.0350184  
4.37233e-05 0.223911 0.276045 0.270145  0.0790009  0.150854  
0.174246 0.221377 0.104377 0.264612  0.139771  0.0956176  
0.0887826 0.249194 0.162024 0.259193  0.0225519  0.218255  
2.85411e-05 0.285582 0.214389 0.253899  0.223034  0.0230671  
3.39411e-05 0.339615 0.160351 0.248714  0.102083  0.149203  
0.237852 0.0677699 0.194378 0.243633  0.168248  0.0881195  
0.309463 0.0147889 0.175748 0.238657  0.0408322  0.22051  
0.344788 0.155167 4.57563e-05 0.233783  0.207989  0.0582287  
0.033285 2.42887e-06 0.466713 0.228983  0.0762133  0.194804  
0.23878 0.175082 0.0861376 0.224271  0.146484  0.129245  
0.162671 0.101348 0.23598 0.219623  0.00876114  0.271616  
3.83017e-05 0.383247 0.116714 0.215073  0.280482  0.00444483  
0.257035 0.225788 0.0171765 0.210585  0.140191  0.149224  
0.275964 0.189243 0.0347926 0.20617  0.215776  0.0780541  
0.102993 0.207668 0.18934 0.201801  0.0698882  0.228311  
0.365157 0.0159372 0.118906 0.197511  0.259954  0.0425352  
0.248714 0.102083 0.149203 0.193287  0.110194  0.196518  
0.0335351 0.156554 0.309911 0.189115  0.189444  0.121441  
0.189439 0.310515 4.57563e-05 0.185008  0.0344249  0.280568  
0.345961 0.0676664 0.0863723 0.180938  0.294135  0.0249261  
0.121926 0.0841998 0.293874 0.176927  0.13631  0.186763  
0.278958 0.0504493 0.170593 0.172962  0.219745  0.107292  
0.0339612 0.0849798 0.381059 0.169042  0.0568727  0.274085  
0.293434 0.0858114 0.120755 0.165189  0.266824  0.0679869  
8.45971e-06 0.0846479 0.415344 0.161347  0.100523  0.23813  
0.0691994 0.189922 0.240879 0.157556  0.187282  0.155162  
0.0891259 0.304944 0.105931 0.153806  0.0162  0.329994  
0.146829 0.159811 0.19336 0.150117  0.333496  0.0163865  
0.0514316 0.103703 0.344865 0.146446  0.160194  0.19336  
0.190333 1.80786e-05 0.309649 0.142813  0.251146  0.106041  
0.327683 0.138108 0.0342094 0.139221  0.0732729  0.287506  
0.138363 0.0517259 0.309911 0.135683  0.301719  0.0625982  
0.0859891 0.155343 0.258668 0.132162  0.120669  0.247169  
0.186003 0.066926 0.247071 0.128674  0.214677  0.156649  
0.257205 0.140076 0.102719 0.125221  0.0292804  0.345499  
0.0166261 0.241709 0.241665 0.121794  0.336846  0.0413598  
0.19108 0.119047 0.189873 0.118405  0.149041  0.232554  
4.27187e-05 3.87425e-05 0.499919 0.115018  0.246637  0.138345  
0.350728 0.100375 0.0488965 0.111677  0.0545822  0.33374  
0.138242 0.223298 0.13846 0.108387  0.299833  0.0917801  
0.286511 2.7214e-05 0.213462 0.105123  0.104885  0.289992  
0.400257 0.0667561 0.0329869 0.101819  0.205302  0.192879  
0.0514354 0.240292 0.208273 0.0986443  0.00626843  0.395087  
0.499907 4.74832e-05 4.57563e-05 0.0954471  0.401396  0.00315646  
0.0337721 0.36285 0.103378 0.0922686  0.200666  0.207065  
0.0342986 0.292994 0.172708 0.0891259  0.304944  0.105931  
0.153476 0.01653 0.329994 0.0860057  0.100242  0.313752  
0.206856 0.137709 0.155436 0.082889  0.361725  0.055386  
0.382008 0.0506885 0.067304 0.0798295  0.154244  0.265927  
0.157556 0.187282 0.155162 0.0767599  0.261216  0.162024  
0.0848884 8.06305e-06 0.415104 0.0737354  0.0499476  0.376317  
0.0667757 0.416841 0.0163829 0.0707254  0.399108  0.030167  
0.46657 0.0333843 4.57563e-05 0.0676817  0.185756  0.246562  
0.150092 0.333521 0.0163865 0.0647487  0.295838  0.139414  
0.433563 0.05005 0.0163865 0.0617958  0.0787254  0.359479  
0.345673 3.28334e-05 0.154295 0.0588692  0.354993  0.0861376  
0.0506245 0.0507127 0.398663 0.055962  0.135291  0.308747  
4.16278e-05 0.416528 0.0834304 0.053066  0.247909  0.199025  
0.20698 0.0849538 0.208066 0.0501829  0.0245734  0.425244  
0.397755 2.90249e-05 0.102216 0.0473117  0.435006  0.0176826  
0.224052 0.154725 0.121223 0.044496  0.209966  0.245538  
0.0666908 0.134471 0.298838 0.0416878  0.325826  0.132487  
0.100608 0.0329028 0.36649 0.0388721  0.0972682  0.36386  
0.381864 0.11809 4.57563e-05 0.0360941  0.387798  0.0761078  
0.416547 0.0166025 0.0668501 0.0333161  0.156773  0.309911  
0.0500009 0.449961 3.77346e-05 0.030563  0.275059  0.194378  
0.236129 0.263825 4.57563e-05 0.027833  0.0405385  0.431629  
1.21656e-06 0.0503076 0.449691 0.025111  0.426663  0.0482264  
0.123086 0.143461 0.233453 0.0224065  0.190297  0.287297  
0.189115 0.189444 0.121441 0.0197142  0.311432  0.168853  
0.185525 0.0339078 0.280568 0.0170346  0.0716857  0.41128  
0.120681 0.25878 0.120539 0.0143801  0.375601  0.110019  
0.137869 1.00605e-05 0.362121 0.0117183  0.133508  0.354774  
0.416442 0.0835171 4.05607e-05 0.00907444  0.256968  0.233957  
0.165189 0.266824 0.0679869 0.0064306  0.0115247  0.482045  
0.0165134 0.467623 0.0158632 0.00387306  0.484506  0.0116209  
0.0863439 0.36199 0.0516662 0.00121328  0.237695  0.261092  
0.159834 0.102052 0.238114 0.499906  4.7912e-05  4.57563e-05  
0.0512097 0.36264 0.0861502 4.99605e-05  0.499905  4.46261e-05  
0.103398 0.396557 4.46261e-05 4.12196e-05  4.02416e-05  0.499919  
0.0495402 4.70554e-06 0.450455 0.464106  0.0179467  0.0179475  
0.154656 0.277357 0.0679869 0.437827  0.0466291  0.0155438  
0.278129 0.0512784 0.170593 0.419739  0.0200588  0.0602023  
0.434359 0.0500975 0.0155438 0.405028  0.0831033  0.0118682  
0.123641 0.0515523 0.324807 0.392304  0.0403852  0.067311  
0.0503638 0.121754 0.327882 0.380944  0.0744118  0.0446444  
3.16418e-05 0.316608 0.18336 0.37058  0.0161739  0.113246  
0.0319653 0.299186 0.168848 0.360968  0.130343  0.00868837  
0.139611 0.310157 0.0502319 0.351993  0.0647549  0.0832516  
0.225657 2.16274e-05 0.274321 0.343526  0.107578  0.0488965  
0.0334242 0.0333519 0.433224 0.335517  0.0308129  0.13367  
1.69272e-05 0.169374 0.330609 0.327839  0.139883  0.0322775  
0.0861001 0.257251 0.156649 0.320516  0.0560901  0.123394  
0.274538 0.085974 0.139488 0.313473  0.104914  0.0816128  
0.150114 0.333489 0.016397 0.306688  0.0120786  0.181234  
0.237245 0.0679514 0.194804 0.300129  0.193627  0.00624375  
4.49626e-05 0.449896 0.0500588 0.293795  0.0966453  0.109559  
0.416444 0.0835102 4.57563e-05 0.287629  0.15265  0.0597211  
4.12196e-05 4.02416e-05 0.499919 0.281648  0.0477596  0.170593  
0.0685361 0.29205 0.139414 0.27583  0.189151  0.0350184  
0.185584 0.0338698 0.280547 0.270142  0.0790045  0.150854  
0.174778 0.222052 0.10317 0.264612  0.139771  0.0956176  
0.362593 0.0158253 0.121582 0.25917  0.0225754  0.218254  
0.153718 0.207934 0.138348 0.253899  0.223034  0.0230673  
0.326392 0.139266 0.0343426 0.248714  0.102083  0.149203  
0.201801 0.0698883 0.228311 0.243649  0.168232  0.0881195  
0.450208 4.31488e-05 0.0497487 0.238654  0.0408352  0.22051  
0.379174 0.12078 4.57563e-05 0.233778  0.207985  0.0582373  
0.396823 3.80323e-05 0.103139 0.228983  0.0762133  0.194804  
0.307926 0.0686803 0.123394 0.224262  0.146487  0.129251  
0.0343309 0.155758 0.309911 0.219623  0.00876114  0.271616  
3.83017e-05 0.383247 0.116714 0.215073  0.280482  0.00444483  
0.121029 0.259464 0.119507 0.210585  0.140191  0.149224  
0.0160268 0.0668721 0.417101 0.20616  0.215786  0.0780541  
0.293228 0.120354 0.0864189 0.201801  0.0698883  0.228311  
0.241494 0.103336 0.155171 0.19751  0.259954  0.0425353  
0.118406 0.14904 0.232554 0.193264  0.110223  0.196514  
0.209667 0.273432 0.0169014 0.189115  0.189445  0.12144  
1.18338e-05 0.118409 0.381579 0.185001  0.0344522  0.280547  
0.101846 0.205296 0.192859 0.180927  0.294147  0.0249261  
0.276489 0.189603 0.0339076 0.176917  0.136302  0.186781  
0.176917 0.136302 0.186781 0.172962  0.219745  0.107292  
0.0334518 0.201687 0.264862 0.169034  0.0568807  0.274085  
0.329039 0.0326128 0.138348 0.165171  0.266842  0.0679869  
4.99605e-05 0.499905 4.46261e-05 0.161345  0.10054  0.238114  
3.44547e-05 0.344754 0.155211 0.157552  0.187277  0.155171  
0.189662 0.241548 0.0687906 0.15381  0.0162272  0.329963  
0.237346 0.211159 0.0514956 0.150114  0.333489  0.016397  
0.0861292 0.327721 0.0861502 0.146429  0.160211  0.19336  
0.0324326 0.348458 0.119109 0.142815  0.251147  0.106037  
0.344817 0.155137 4.57563e-05 0.13923  0.0732794  0.28749  
0.0326048 0.400084 0.067311 0.135678  0.301708  0.0626136  
0.0165714 0.468739 0.01469 0.132155  0.1207  0.247145  
0.0688443 0.172267 0.258889 0.128674  0.214677  0.156649  
0.382214 0.0504749 0.067311 0.125208  0.0292773  0.345515  
3.98655e-06 0.267888 0.232108 0.121793  0.336842  0.041365  
0.204683 0.101947 0.19337 0.118406  0.14904  0.232554  
0.103061 0.0343021 0.362637 0.115036  0.246616  0.138348  
0.210585 0.140191 0.149224 0.111708  0.0546  0.333692  
0.0852341 0.101015 0.313751 0.108389  0.299831  0.0917801  
0.346983 0.101477 0.0515396 0.105118  0.10489  0.289992  
0.0709857 0.211275 0.217739 0.101846  0.205296  0.192859  
0.499906 4.7912e-05 4.57563e-05 0.0986453  0.0062674  0.395087  
0.238427 0.173453 0.0881195 0.0954471  0.401396  0.00315646  
0.140467 0.153688 0.205845 0.0922626  0.200681  0.207056  
0.293735 0.15589 0.050375 0.0891299  0.304942  0.105928  
0.398636 0.0675976 0.0337664 0.0860057  0.100244  0.313751  
0.164837 0.179993 0.155171 0.0829008  0.361702  0.055397  
0.25906 0.137488 0.103452 0.0798236  0.154265  0.265911  
0.292787 0.207168 4.46261e-05 0.0767563  0.26122  0.162024  
0.131934 0.0696893 0.298376 0.0737336  0.0499525  0.376314  
0.190085 0.189366 0.120549 0.0707231  0.399094  0.0301824  
0.46657 0.0333843 4.57563e-05 0.067697  0.185748  0.246555  
0.243615 0.015478 0.240907 0.0647577  0.295829  0.139414  
0.120769 0.222582 0.156649 0.0618063  0.0787148  0.359479  
0.285489 2.73618e-05 0.214484 0.058876  0.354974  0.0861502  
0.0853194 8.17717e-06 0.414672 0.0559642  0.135293  0.308743  
4.16278e-05 0.416528 0.0834304 0.0530742  0.247901  0.199025  
0.0681155 0.415487 0.016397 0.0501895  0.0245668  0.425244  
0.1775 0.322454 4.57563e-05 0.0473306  0.434991  0.0176787  
0.106154 0.293646 0.1002 0.0444958  0.209965  0.245539  
0.0667767 0.0500893 0.383134 0.0416692  0.325844  0.132487  
0.153474 0.0165629 0.329963 0.0388753  0.097265  0.36386  
0.034469 0.0862505 0.379281 0.0360941  0.387798  0.0761078  
0.416637 0.0166204 0.0667429 0.0333138  0.156775  0.309911  
0.0500009 0.449961 3.77346e-05 0.0305613  0.275061  0.194378  
2.19564e-05 0.219696 0.280282 0.0278304  0.0405558  0.431614  
1.21656e-06 0.0503076 0.449691 0.025115  0.426659  0.0482264  
0.0861907 0.362545 0.0512641 0.0224096  0.190294  0.287297  
0.0673481 0.084773 0.347879 0.0197158  0.311436  0.168848  
0.249852 0.250102 4.57563e-05 0.0170421  0.0716782  0.41128  
0.326794 3.13206e-05 0.173174 0.0143801  0.375601  0.110019  
0.137869 1.00605e-05 0.362121 0.0117193  0.133511  0.354769  
0.327227 0.0866227 0.0861502 0.0090843  0.256958  0.233957  
0.103902 0.123505 0.272593 0.00648348  0.01151  0.482006  
0.191254 2.67481e-06 0.308743 0.00387306  0.484506  0.0116209  
0.0485913 0.252384 0.199025 0.00128798  0.237671  0.261041  
0.343753 3.29459e-05 0.156214 0.499906  4.7912e-05  4.57563e-05  
0.159532 0.102354 0.238114 4.99605e-05  0.499905  4.46261e-05  
0.249908 0.250047 4.46261e-05 4.79243e-05  3.35368e-05  0.499919  
0.117063 0.11681 0.266127 0.464106  0.0179467  0.0179475  
4.16283e-05 0.416533 0.0834253 0.437827  0.0466291  0.0155438  
0.346062 0.067788 0.0861502 0.419739  0.0200588  0.0602023  
0.137183 0.172703 0.190114 0.405028  0.0831033  0.0118682  
0.416581 0.0833741 4.46261e-05 0.392305  0.0403854  0.0673094  
0.0168456 0.314306 0.168848 0.380944  0.0744118  0.0446444  
0.0167165 0.0673318 0.415952 0.370578  0.0161738  0.113248  
0.276114 0.189346 0.0345403 0.360968  0.130343  0.00868837  
1.67891e-05 0.167992 0.331992 0.351993  0.0647549  0.0832516  
0.0886473 0.305425 0.105928 0.343526  0.107578  0.0488965  
4.11022e-05 0.238917 0.261041 0.335513  0.0308171  0.13367  
0.326418 0.139277 0.0343055 0.327838  0.139883  0.0322797  
0.100538 0.0334626 0.365999 0.320516  0.0560901  0.123394  
0.203277 0.10236 0.194363 0.313477  0.10492  0.0816034  
0.068915 0.189102 0.241983 0.306688  0.0120786  0.181234  
0.0313969 3.00914e-06 0.4686 0.30013  0.193625  0.00624548  
0.499906 4.7912e-05 4.57563e-05 0.293791  0.0966496  0.109559  
4.65268e-05 0.465548 0.0344058 0.287629  0.152648  0.0597233  
4.0633e-05 0.100267 0.399693 0.281648  0.0477596  0.170593  
0.299227 0.200727 4.57563e-05 0.275828  0.189149  0.0350231  
0.120764 0.258895 0.120341 0.270156  0.0789907  0.150854  
0.0335869 0.0840228 0.38239 0.264603  0.139766  0.0956303  
0.25926 0.136944 0.103795 0.259209  0.0225395  0.218251  
0.225587 2.16207e-05 0.274392 0.253897  0.223032  0.0230714  
0.0500828 0.121067 0.32885 0.248717  0.102085  0.149198  
0.190205 0.309749 4.57563e-05 0.243644  0.168237  0.0881195  
0.0326798 0.450923 0.016397 0.23866  0.0408298  0.22051  
0.157552 0.187276 0.155172 0.233775  0.207987  0.0582373  
0.120636 0.0494003 0.329963 0.228983  0.0762133  0.194804  
0.310093 0.103787 0.0861202 0.224262  0.146487  0.129251  
0.0525635 0.233621 0.213815 0.219625  0.00876122  0.271614  
0.0694013 0.291185 0.139414 0.215073  0.280482  0.00444483  
0.101879 0.205262 0.192859 0.210585  0.140191  0.149224  
0.0163606 0.196343 0.287297 0.206166  0.215792  0.0780422  
0.29348 0.155753 0.0507671 0.201798  0.0698911  0.228311  
4.99605e-05 0.499905 4.46261e-05 0.197518  0.259947  0.0425353  
0.380918 0.119037 4.46261e-05 0.193306  0.110199  0.196495  
0.0499423 0.0166225 0.433435 0.189116  0.189445  0.121439  
0.0339983 0.344562 0.121439 0.184997  0.0344515  0.280551  
0.32533 0.0512766 0.123394 0.180927  0.294147  0.0249261  
0.38214 0.0505503 0.0673094 0.176917  0.136302  0.186781  
0.176601 0.0517849 0.271614 0.172954  0.219732  0.107314  
0.0305596 0.275062 0.194378 0.169039  0.0568754  0.274085  
0.0860052 0.243402 0.170593 0.165169  0.26682  0.0680111  
0.316496 0.0157653 0.167739 0.161345  0.10054  0.238114  
0.210585 0.140191 0.149224 0.157552  0.187276  0.155172  
0.103437 0.396517 4.57563e-05 0.153813  0.0162236  0.329963  
3.60399e-05 0.360615 0.139349 0.150109  0.333494  0.016397  
0.0853645 0.382356 0.0322797 0.146439  0.160204  0.193357  
0.0516553 0.362194 0.0861502 0.142815  0.251146  0.106039  
0.36488 0.0167134 0.118407 0.139228  0.0732815  0.28749  
0.466668 0.0332884 4.39622e-05 0.135677  0.301706  0.0626169  
0.0668482 0.433106 4.57563e-05 0.132155  0.1207  0.247145  
4.79243e-05 3.35368e-05 0.499919 0.128669  0.214674  0.156657  
0.0857126 0.152864 0.261424 0.125216  0.0292775  0.345506  
0.133949 0.065478 0.300573 0.121793  0.336842  0.041365  
0.0862489 7.62516e-06 0.413744 0.118396  0.149051  0.232553  
0.396683 3.80188e-05 0.103279 0.115036  0.246616  0.138347  
0.150107 0.333489 0.0164039 0.111704  0.0546038  0.333692  
0.137536 0.222181 0.140283 0.108402  0.299818  0.0917801  
0.209596 0.273339 0.0170651 0.105118  0.10489  0.289992  
0.176917 0.136302 0.186781 0.101879  0.205262  0.192859  
0.237533 0.211331 0.0511354 0.0986461  0.00626722  0.395087  
0.248364 0.100783 0.150854 0.0954501  0.401393  0.00315646  
0.0343738 0.155715 0.309911 0.0922745  0.200678  0.207048  
0.286393 2.74485e-05 0.213579 0.0891279  0.304944  0.105928  
0.398636 0.0675976 0.0337664 0.0859994  0.100258  0.313743  
0.105118 0.10489 0.289992 0.082901  0.361703  0.0553958  
2.81872e-05 0.282041 0.21793 0.0798215  0.154268  0.265911  
0.137902 0.362052 4.57563e-05 0.0767705  0.261209  0.16202  
0.153813 0.0162236 0.329963 0.0737336  0.0499525  0.376314  
0.189657 0.189987 0.120356 0.0707231  0.399094  0.0301824  
0.245136 0.169267 0.085597 0.0676937  0.185751  0.246555  
0.3475 0.101605 0.050895 0.0647606  0.295826  0.139414  
0.137707 0.137947 0.224345 0.0617934  0.0787277  0.359479  
0.119343 0.330066 0.050591 0.0588782  0.354972  0.0861502  
0.0690875 0.0858951 0.345017 0.0559667  0.13529  0.308743  
0.293527 0.0686311 0.137842 0.0530742  0.247901  0.199025  
0.163564 0.28754 0.0488965 0.0501963  0.024582  0.425222  
0.203954 0.0680777 0.227969 0.0473457  0.434976  0.0176787  
0.344015 0.155941 4.46261e-05 0.0444949  0.209961  0.245544  
0.0667767 0.0500893 0.383134 0.0416759  0.325837  0.132487  
0.189626 1.81741e-05 0.310356 0.0388789  0.0972615  0.36386  
0.449964 4.31254e-05 0.0499925 0.0360941  0.387798  0.0761078  
0.416637 0.0166204 0.0667429 0.0333273  0.156761  0.309911  
1.36242e-05 0.136324 0.363662 0.0305596  0.275062  0.194378  
0.0151253 0.384538 0.100337 0.0278324  0.0405731  0.431595  
1.21656e-06 0.0503076 0.449691 0.025115  0.426659  0.0482264  
0.242964 0.0504251 0.206611 0.0224096  0.190294  0.287297  
0.0329791 0.417663 0.0493581 0.0197158  0.311436  0.168848  
0.276047 0.0514074 0.172546 0.0170332  0.0716871  0.41128  
0.174191 0.221303 0.104507 0.0143801  0.375601  0.110019  
0.137869 1.00605e-05 0.362121 0.0117174  0.133513  0.354769  
0.189513 0.241416 0.0690714 0.00909086  0.256962  0.233947  
0.138149 0.276754 0.0850967 0.00646447  0.011529  0.482006  
0.237327 0.0171292 0.245544 0.00388058  0.484495  0.0116242  
0.433672 0.0499314 0.016397 0.00128798  0.237671  0.261041  
0.155953 0.188875 0.155172 0.499906  4.7912e-05  4.57563e-05  
0.207929 0.101641 0.19043 4.99605e-05  0.499905  4.46261e-05  
0.229392 0.0500975 0.22051 4.67422e-05  4.83696e-05  0.499905  
0.243876 0.0844345 0.17169 0.464106  0.0179467  0.0179475  
0.499906 4.7912e-05 4.57563e-05 0.437827  0.0466291  0.0155438  
0.349358 0.101745 0.0488965 0.419731  0.0200663  0.0602023  
0.0489203 0.382537 0.0685426 0.405028  0.0831033  0.0118682  
2.14902e-05 0.215031 0.284948 0.392305  0.0403854  0.0673094  
0.379702 0.120253 4.46261e-05 0.380944  0.0744118  0.0446444  
0.161345 0.10054 0.238114 0.370575  0.0161737  0.113251  
0.174031 0.134079 0.19189 0.360968  0.130343  0.00868837  
0.0486449 0.229516 0.221839 0.351993  0.0647549  0.0832516  
0.084738 0.309334 0.105928 0.343526  0.107578  0.0488965  
0.0159688 0.417098 0.0669332 0.335486  0.0308442  0.13367  
0.120726 0.0515107 0.327764 0.327839  0.139881  0.0322797  
0.158212 0.0532421 0.288546 0.320516  0.0560901  0.123394  
0.258819 0.137358 0.103822 0.313474  0.104922  0.0816034  
0.120809 0.379145 4.57563e-05 0.306688  0.0120786  0.181234  
0.195081 0.154083 0.150836 0.30013  0.193625  0.00624548  
0.213495 0.014891 0.271614 0.293794  0.0966517  0.109554  
0.0325684 0.349917 0.117514 0.287625  0.152646  0.0597286  
0.190023 0.190354 0.119623 0.281643  0.047764  0.170593  
0.103025 0.103205 0.29377 0.275824  0.189152  0.0350231  
0.0856698 0.142936 0.271394 0.270151  0.0790129  0.150836  
0.016496 0.0667643 0.41674 0.264603  0.139766  0.0956303  
0.156848 0.256028 0.0871237 0.259198  0.0225509  0.218251  
0.296091 0.0692321 0.134677 0.253897  0.223032  0.0230714  
0.345363 3.31002e-05 0.154604 0.248717  0.102085  0.149198  
0.216987 0.217365 0.0656485 0.243641  0.16824  0.0881195  
4.67422e-05 4.83696e-05 0.499905 0.23866  0.0408298  0.22051  
0.0503067 0.121611 0.328082 0.233775  0.207987  0.0582373  
0.0334313 0.466524 4.46261e-05 0.228983  0.0762133  0.194804  
0.0857502 0.257593 0.156657 0.224263  0.146486  0.129251  
0.194638 0.0678752 0.237487 0.219625  0.00876122  0.271614  
0.0310872 0.279737 0.189176 0.21507  0.280479  0.00445077  
0.153192 0.0168445 0.329963 0.210585  0.140191  0.149224  
0.216982 0.282972 4.5711e-05 0.206166  0.215792  0.0780422  
1.72115e-05 0.172218 0.327765 0.201816  0.0698727  0.228311  
0.0861199 0.362544 0.0513361 0.197518  0.259947  0.0425353  
0.416632 0.0833232 4.46261e-05 0.193292  0.110213  0.196495  
0.0499423 0.0166225 0.433435 0.189116  0.189445  0.121439  
0.237212 0.176637 0.0861502 0.184997  0.0344515  0.280551  
0.250246 0.234735 0.0150198 0.180932  0.294142  0.0249261  
0.0474379 0.435822 0.0167397 0.176917  0.136302  0.186781  
1.01306e-05 0.101367 0.398623 0.172956  0.219734  0.10731  
0.25035 2.3994e-05 0.249626 0.169031  0.0568832  0.274085  
0.0677174 0.185737 0.246546 0.165169  0.26682  0.0680111  
0.0663649 0.400108 0.0335271 0.161345  0.10054  0.238114  
4.99605e-05 0.499905 4.46261e-05 0.157552  0.187276  0.155172  
0.328072 0.138128 0.0337997 0.153813  0.0162242  0.329963  
0.0335704 3.21745e-06 0.466426 0.15011  0.333493  0.016397  
0.13426 0.298554 0.0671862 0.146449  0.160198  0.193353  
0.0853585 8.18092e-06 0.414633 0.142815  0.251146  0.106039  
1.35468e-05 0.135549 0.364438 0.139228  0.0732815  0.28749  
0.466668 0.0332884 4.39622e-05 0.135677  0.301706  0.0626169  
0.101877 0.20529 0.192833 0.132155  0.1207  0.247145  
3.9965e-05 0.399891 0.100069 0.128667  0.214676  0.156657  
4.49605e-05 0.449876 0.0500794 0.125216  0.029278  0.345506  
0.30999 0.103756 0.086254 0.121793  0.336842  0.041365  
0.239174 0.122479 0.138347 0.118388  0.149059  0.232553  
0.396683 3.80188e-05 0.103279 0.115036  0.246616  0.138347  
0.0675626 0.086051 0.346386 0.111704  0.0546038  0.333692  
0.144276 0.157822 0.197902 0.1084  0.29982  0.0917801  
0.119289 0.329919 0.050792 0.105118  0.104889  0.289992  
3.44722e-05 0.344929 0.155036 0.101877  0.20529  0.192833  
0.344777 0.155178 4.46261e-05 0.0986504  0.00626293  0.395087  
0.382256 0.0504347 0.0673094 0.0954499  0.401392  0.00315768  
0.366231 0.0159841 0.117785 0.0922778  0.200675  0.207048  
0.348736 0.0674134 0.0838502 0.0891279  0.304944  0.105928  
0.398636 0.0675976 0.0337664 0.085994  0.100266  0.31374  
0.294375 2.82135e-05 0.205596 0.082901  0.361703  0.0553958  
0.0345586 0.31027 0.155172 0.0798145  0.154275  0.265911  
0.136304 0.347299 0.016397 0.0767705  0.261209  0.16202  
0.0691807 0.292472 0.138347 0.0737336  0.0499525  0.376314  
0.118388 0.149059 0.232553 0.0707231  0.399094  0.0301824  
0.0833729 0.416582 4.46261e-05 0.0677174  0.185737  0.246546  
0.293812 0.154645 0.0515428 0.0647606  0.295826  0.139414  
1.43259e-05 0.293447 0.206539 0.061805  0.0787178  0.359477  
0.0344232 0.155665 0.309911 0.0588782  0.354972  0.0861502  
0.0690369 0.344813 0.0861502 0.0559658  0.135291  0.308743  
0.190201 1.82292e-05 0.309781 0.0530711  0.247904  0.199025  
0.276799 0.189821 0.0333805 0.0501932  0.0245861  0.425221  
0.102165 0.033981 0.363854 0.0473457  0.434976  0.0176787  
0.0344726 0.0862387 0.379289 0.0444993  0.209957  0.245544  
0.0667767 0.0500893 0.383134 0.04167  0.325843  0.132487  
0.298158 0.201797 4.46261e-05 0.0388806  0.0972658  0.363854  
0.449964 4.31254e-05 0.0499925 0.0360941  0.387798  0.0761078  
0.416637 0.0166204 0.0667429 0.0333275  0.156761  0.309911  
0.194065 0.255403 0.0505327 0.0305669  0.275055  0.194378  
0.274056 0.0331109 0.192833 0.0278343  0.0405712  0.431595  
1.21656e-06 0.0503076 0.449691 0.025115  0.426659  0.0482264  
0.12063 0.258607 0.120764 0.0224096  0.190294  0.287297  
0.182978 0.316977 4.46261e-05 0.0197158  0.311436  0.168848  
0.174367 0.221527 0.104106 0.0170296  0.0716906  0.41128  
0.137575 0.224078 0.138347 0.0143801  0.375601  0.110019  
0.137869 1.00605e-05 0.362121 0.0117338  0.133498  0.354768  
2.5004e-05 0.250191 0.249784 0.00909086  0.256962  0.233947  
0.139501 0.0869283 0.273571 0.00647857  0.0115149  0.482006  
0.325253 0.0513529 0.123394 0.00388058  0.484495  0.0116242  
0.0337615 0.184366 0.281873 0.00128795  0.237665  0.261047  
0.345332 3.30972e-05 0.154635 0.499903  4.79116e-05  4.91601e-05  
0.223397 0.083761 0.192842 4.99605e-05  0.499905  4.46261e-05  
3.44517e-05 0.344724 0.155242 4.93524e-05  4.57594e-05  0.499905  
0.272114 0.0500598 0.177826 0.464106  0.0179467  0.0179475  
0.433682 0.0499211 0.016397 0.437827  0.0466291  0.0155438  
3.81534e-05 0.381764 0.118198 0.419731  0.0200663  0.0602023  
0.31054 0.103375 0.0860855 0.405024  0.0831045  0.0118712  
0.325472 0.0511284 0.1234 0.392311  0.0403795  0.0673094  
0.499903 4.79116e-05 4.91601e-05 0.380942  0.0744132  0.0446444  
0.0697057 0.141473 0.288821 0.370571  0.0161782  0.113251  
0.138139 0.345464 0.016397 0.360968  0.130343  0.00868837  
0.151795 0.280194 0.0680111 0.351993  0.0647548  0.0832522  
0.292202 0.0863586 0.121439 0.343526  0.107578  0.0488965  
0.248717 0.102085 0.149198 0.335497  0.0308453  0.133658  
0.272691 0.194351 0.0329587 0.327839  0.139881  0.0322797  
0.187625 0.244364 0.0680111 0.320511  0.0560892  0.1234  
0.234662 0.179188 0.0861502 0.313474  0.104922  0.0816034  
0.034283 0.271348 0.194369 0.306688  0.0120786  0.181234  
0.24974 0.0163122 0.233947 0.30013  0.193625  0.00624548  
0.154397 0.190432 0.155171 0.293793  0.0966513  0.109556  
0.033015 0.155374 0.311611 0.287625  0.152646  0.0597286  
1.01369e-05 0.10143 0.39856 0.281643  0.047764  0.170593  
0.189116 0.189445 0.121439 0.275816  0.189157  0.035027  
2.95444e-05 0.295621 0.204349 0.270151  0.0790129  0.150836  
0.0331278 3.17503e-06 0.466869 0.264603  0.139766  0.0956303  
0.175165 0.0512316 0.273604 0.259187  0.0225704  0.218242  
0.0639991 0.0499581 0.386043 0.253897  0.223032  0.0230714  
0.119598 0.0510295 0.329373 0.248717  0.102085  0.149198  
0.1636 0.230472 0.105928 0.243641  0.16824  0.0881195  
0.0691767 0.0853164 0.345507 0.238664  0.0408256  0.22051  
0.0847758 8.12508e-06 0.415216 0.233774  0.207989  0.0582373  
0.308854 0.0344888 0.156657 0.228973  0.0762225  0.194804  
0.122748 0.122351 0.2549 0.224263  0.146486  0.129251  
0.366847 0.116756 0.016397 0.21963  0.00876143  0.271608  
0.234319 0.126267 0.139414 0.21507  0.280479  0.00445077  
0.0342802 0.189792 0.275927 0.210583  0.14019  0.149226  
4.99605e-05 0.499905 4.46261e-05 0.206163  0.215788  0.0780486  
0.36998 0.0167689 0.113251 0.201811  0.0698785  0.228311  
0.0510322 0.238399 0.210569 0.197518  0.259947  0.0425353  
0.348458 0.102646 0.0488965 0.193292  0.110213  0.196495  
0.0499423 0.0166225 0.433435 0.189116  0.189445  0.121439  
0.224858 0.224354 0.0507882 0.184997  0.0344516  0.280551  
0.0861397 0.362241 0.0516196 0.180932  0.294142  0.0249261  
0.10197 0.0341765 0.363854 0.176916  0.136302  0.186781  
4.14886e-05 0.415135 0.0848232 0.172956  0.219734  0.10731  
0.206022 0.0689571 0.225021 0.169041  0.0568739  0.274085  
0.0162341 0.137854 0.345912 0.165167  0.266822  0.0680111  
0.184744 0.315207 4.91601e-05 0.161341  0.100539  0.23812  
0.0497588 0.417962 0.0322797 0.157557  0.187273  0.155171  
0.344846 0.155105 4.91601e-05 0.153813  0.0162242  0.329963  
0.206701 0.137606 0.155693 0.15011  0.333493  0.016397  
0.102228 0.205998 0.191774 0.146449  0.160198  0.193353  
0.0860054 0.100254 0.31374 0.142815  0.251146  0.106039  
0.0832719 0.167799 0.248929 0.139229  0.0732807  0.28749  
0.466648 0.0333061 4.57563e-05 0.135677  0.301706  0.0626169  
1.01945e-05 0.17182 0.32817 0.132155  0.1207  0.247145  
0.210293 0.273062 0.016645 0.12867  0.214673  0.156657  
4.49605e-05 0.449876 0.0500794 0.125215  0.0292779  0.345507  
0.285341 2.73476e-05 0.214632 0.121793  0.336842  0.041365  
0.199895 1.91583e-05 0.300086 0.118406  0.149041  0.232553  
0.396683 3.80188e-05 0.103279 0.115037  0.246618  0.138345  
0.293098 0.155551 0.0513512 0.111704  0.0546038  0.333692  
0.121802 0.239853 0.138345 0.1084  0.29982  0.0917801  
2.24908e-05 0.225043 0.274934 0.105122  0.104886  0.289992  
0.0344196 0.086111 0.379469 0.101874  0.205284  0.192842  
0.015881 0.0668081 0.417311 0.0986437  0.00626959  0.395087  
0.0659995 0.433951 4.91601e-05 0.0954499  0.401392  0.00315768  
0.309669 0.190282 4.91601e-05 0.0922778  0.200675  0.207048  
0.0685491 0.292688 0.138763 0.0891297  0.304942  0.105928  
0.398636 0.0675976 0.0337664 0.0860054  0.100254  0.31374  
0.172925 0.293973 0.0331018 0.082901  0.361703  0.0553958  
0.0341286 0.313554 0.152317 0.0798294  0.154262  0.265909  
0.349069 0.0676783 0.0832522 0.0767705  0.261209  0.16202  
0.26047 0.137583 0.101947 0.0737353  0.0499509  0.376314  
0.0675186 0.201095 0.231387 0.0707231  0.399094  0.0301824  
0.121363 0.293382 0.0852554 0.0677241  0.18573  0.246546  
0.0852583 0.310611 0.104131 0.0647606  0.295826  0.139414  
0.386237 0.0464533 0.0673094 0.0618104  0.0787373  0.359452  
0.0164505 0.250996 0.232553 0.0588782  0.354972  0.0861502  
0.176916 0.136302 0.186781 0.0559658  0.135291  0.308743  
0.153813 0.0162242 0.329963 0.0530677  0.247908  0.199025  
0.23872 2.28794e-05 0.261257 0.0501879  0.0245915  0.425221  
0.0332846 0.399406 0.0673094 0.0473447  0.434977  0.0176787  
0.138655 0.0666994 0.294646 0.0445072  0.209949  0.245544  
0.161341 0.100539 0.23812 0.0416711  0.325843  0.132486  
0.119879 0.328762 0.0513591 0.038879  0.0972674  0.363854  
0.449964 4.31254e-05 0.0499925 0.0360941  0.387798  0.0761078  
0.416637 0.0166204 0.0667429 0.0333128  0.156776  0.309911  
4.96335e-06 0.0496633 0.450332 0.0305678  0.275064  0.194369  
0.0871262 0.257703 0.155171 0.0278313  0.0405749  0.431594  
0.326459 0.139292 0.0342484 0.025115  0.426659  0.0482264  
0.399997 0.0999581 4.46261e-05 0.0224096  0.190294  0.287297  
0.0588782 0.354972 0.0861502 0.0197172  0.311435  0.168848  
0.250139 0.249817 4.46261e-05 0.0170393  0.071681  0.41128  
0.120644 0.379312 4.46261e-05 0.0143801  0.375601  0.110019  
0.137869 1.00605e-05 0.362121 0.0117225  0.13351  0.354768  
0.122296 0.170275 0.207429 0.00909086  0.256962  0.233947  
0.0338009 0.466155 4.46261e-05 0.00646418  0.0115467  0.481989  
0.0342746 0.344286 0.121439 0.00388058  0.484495  0.0116242  
4.93524e-05 4.57594e-05 0.499905 0.00128718  0.237667  0.261046  
