6.34745 7.41248 6.34745  7.41248  
6.38529 4.86046 6.38529  4.86046  
6.72873 5.79277 6.72873  5.79277  
6.42447 5.70596 6.42447  5.70596  
6.94296 6.67841 6.94296  6.67841  
6.17513 7.08998 6.17513  7.08998  
5.44437 7.04113 5.44437  7.04113  
4.61419 5.09734 4.61419  5.09734  
7.30757 6.25451 7.30757  6.25451  
7.14887 6.15742 7.14887  6.15742  
6.54104 4.85194 6.54104  4.85194  
6.16038 5.18187 6.16038  5.18187  
5.54772 6.13533 5.54772  6.13533  
6.05056 6.42288 6.05056  6.42288  
5.78201 6.14338 5.78201  6.14338  
6.37775 5.38575 6.37775  5.38575  
5.64778 6.35457 5.64778  6.35457  
4.94545 5.87287 4.94545  5.87287  
5.56612 5.61813 5.56612  5.61813  
6.77852 5.75213 6.77852  5.75213  
6.03202 5.04783 6.03202  5.04783  
6.28693 5.47705 6.28693  5.47705  
5.5573 5.77428 5.5573  5.77428  
5.43323 7.18925 5.43323  7.18925  
6.28521 4.94183 6.28521  4.94183  
6.47309 6.29298 6.47309  6.29298  
6.25664 5.1608 6.25664  5.1608  
5.38601 5.53002 5.38601  5.53002  
4.98314 5.6166 4.98314  5.6166  
7.21493 5.36365 7.21493  5.36365  
4.83445 6.19951 4.83445  6.19951  
6.6959 5.45622 6.6959  5.45622  
7.10523 6.22686 7.10523  6.22686  
5.50641 5.9498 5.50641  5.9498  
8.28831 5.71636 8.28831  5.71636  
5.66702 5.48248 5.66702  5.48248  
4.62013 5.95274 4.62013  5.95274  
6.379 4.88362 6.379  4.88362  
7.3033 7.51295 7.3033  7.51295  
7.70872 7.27412 7.70872  7.27412  
4.82287 5.1221 4.82287  5.1221  
6.16586 4.88056 6.16586  4.88056  
8.8174 7.47172 8.8174  7.47172  
5.62213 5.13928 5.62213  5.13928  
7.51835 6.78053 7.51835  6.78053  
8.25007 4.96341 8.25007  4.96341  
8.26217 6.29919 8.26217  6.29919  
7.54469 6.42784 7.54469  6.42784  
8.15838 6.05255 8.15838  6.05255  
6.72187 6.70519 6.72187  6.70519  
6.07326 7.09434 6.07326  7.09434  
7.1434 5.29437 7.1434  5.29437  
6.63047 5.35026 6.63047  5.35026  
6.79076 5.9776 6.79076  5.9776  
6.01524 6.93757 6.01524  6.93757  
7.00491 5.93532 7.00491  5.93532  
7.65194 5.72375 7.65194  5.72375  
5.09515 5.42028 5.09515  5.42028  
7.0609 5.43385 7.0609  5.43385  
6.46291 8.30978 6.46291  8.30978  
7.12297 6.44122 7.12297  6.44122  
6.75651 4.91741 6.75651  4.91741  
5.66396 5.13405 5.66396  5.13405  
6.64013 5.87838 6.64013  5.87838  
6.59378 7.36181 6.59378  7.36181  
5.41074 5.34528 5.41074  5.34528  
5.2856 6.47354 5.2856  6.47354  
7.14098 5.93128 7.14098  5.93128  
5.80372 5.9331 5.80372  5.9331  
6.09869 4.35135 6.09869  4.35135  
6.76808 6.32392 6.76808  6.32392  
5.34402 5.72274 5.34402  5.72274  
6.60671 4.831 6.60671  4.831  
6.24232 6.97773 6.24232  6.97773  
6.18583 5.19792 6.18583  5.19792  
6.8105 6.33442 6.8105  6.33442  
6.84471 5.68435 6.84471  5.68435  
5.65728 6.30859 5.65728  6.30859  
6.37777 4.85353 6.37777  4.85353  
6.03905 6.06224 6.03905  6.06224  
7.13919 4.97882 7.13919  4.97882  
6.39821 6.77502 6.39821  6.77502  
6.06122 4.76654 6.06122  4.76654  
7.95229 5.66942 7.95229  5.66942  
7.00787 5.73566 7.00787  5.73566  
5.96768 4.13595 5.96768  4.13595  
6.39853 4.25959 6.39853  4.25959  
7.35644 5.35416 7.35644  5.35416  
6.37053 6.07229 6.37053  6.07229  
6.76377 5.81659 6.76377  5.81659  
7.88739 5.3441 7.88739  5.3441  
6.28001 5.9555 6.28001  5.9555  
7.362 6.03309 7.362  6.03309  
7.08116 6.29434 7.08116  6.29434  
5.98907 6.73683 5.98907  6.73683  
6.8508 5.21607 6.8508  5.21607  
6.08037 6.23863 6.08037  6.23863  
5.75786 5.39069 5.75786  5.39069  
7.93819 6.214 7.93819  6.214  
5.78006 4.90935 5.78006  4.90935  
2.61506 2.83715 6.27193  4.70783  
2.82839 2.79304 7.1801  3.86533  
3.02456 2.68762 5.1331  5.78895  
2.36448 3.23324 7.6177  4.48809  
2.60685 2.85786 5.62464  6.07551  
2.38869 3.18086 7.40087  3.82182  
2.58831 2.93839 6.13994  5.26931  
2.32724 3.40112 6.22887  5.12168  
2.15138 3.53614 6.94163  5.10138  
2.5632 3.02824 5.98956  4.84587  
3.07723 2.65675 6.81681  4.74485  
2.14744 3.5665 6.77347  4.63912  
2.60264 2.87504 6.58244  4.50539  
2.61498 2.83818 7.98035  3.44767  
2.35998 3.2544 5.87774  4.27562  
2.13612 3.59929 7.40536  3.68962  
2.09356 3.67814 6.24739  3.36369  
2.33903 3.36263 6.56088  3.48801  
2.35478 3.27262 6.21382  3.46107  
2.31903 3.4295 6.08327  3.51257  
2.62281 2.83613 7.20229  3.77322  
2.1152 3.61328 6.24346  3.70691  
2.83479 2.7021 5.98937  3.68845  
2.36188 3.24565 6.61144  3.97321  
2.16526 3.47555 6.29662  3.89633  
5.98295 4.70783 5.80908  3.82748  
2.16821 3.47262 5.79825  3.91254  
2.33123 3.3771 2.61498  2.84008  
6.61178 3.52271 5.65374  3.94403  
2.85813 2.74161 5.60131  4.0212  
2.14044 3.58502 5.60591  4.09788  
2.11105 3.65103 5.51139  4.13814  
2.62587 2.83523 5.39275  4.14691  
2.61102 2.85183 5.42331  4.2762  
2.13009 3.61035 5.28599  4.23986  
2.13709 3.59053 5.30461  4.30859  
2.30974 3.45619 5.19263  4.36821  
2.13154 3.60745 5.27297  4.40083  
5.74518 4.29684 5.1354  4.44739  
2.09157 3.68213 5.0972  4.51272  
2.61669 2.88012 5.10715  4.51848  
2.36778 3.21992 4.96974  4.58816  
2.612 2.89042 4.78722  4.5679  
5.97718 4.41267 5.14527  4.9796  
2.34698 3.31945 4.95512  4.8594  
2.18256 3.51582 4.75317  4.86951  
2.38018 3.18741 4.70949  4.84426  
2.615 2.88369 4.61424  4.82985  
2.11291 3.64462 4.79714  5.06135  
2.33722 3.36779 4.59622  5.15871  
2.60999 2.91618 4.51561  5.04408  
2.34731 3.2913 4.36234  4.96914  
4.04204 5.72086 4.87049  5.20936  
2.81499 2.85148 4.35354  5.16889  
2.36913 3.20898 4.3218  5.24274  
2.38242 3.18274 4.27138  5.28429  
2.61365 2.91034 4.22687  5.34118  
2.3929 3.14888 4.18251  5.51366  
2.5811 3.02433 4.15246  5.50519  
2.82685 2.79712 4.06411  5.47939  
2.12465 3.61879 3.98832  5.46927  
2.11413 3.64055 4.3952  6.14054  
2.14278 3.57807 3.96491  5.66592  
2.62104 2.87926 3.96923  5.84116  
2.34142 3.34328 3.70616  5.49133  
2.0986 3.67085 3.76488  5.7428  
2.84748 2.74268 3.67149  5.70049  
2.34553 3.32069 3.68474  5.86457  
2.33784 3.36442 3.63311  5.94092  
2.81808 2.83824 3.56205  5.94036  
4.49954 5.48217 3.70727  6.1182  
2.60064 2.94525 3.79523  6.74969  
2.81568 2.84844 3.6689  6.66901  
5.39045 6.53814 3.86125  7.58796  
2.31516 3.49437 3.94529  7.02366  
2.58858 3.01504 3.95794  7.0043  
2.3619 3.23892 4.06771  7.57869  
2.58712 3.02107 4.08752  6.65127  
2.34783 3.30803 4.50296  6.987  
2.60271 2.93864 4.50869  5.92699  
2.5988 2.95447 4.55059  6.62008  
2.18206 3.53965 4.57609  6.49411  
2.5856 3.02277 4.72166  6.38879  
2.80321 2.87883 4.75028  6.63556  
2.61956 2.87986 4.92579  6.1996  
5.16122 5.22998 5.03952  6.45805  
6.39853 4.25959 5.06393  6.84239  
7.35644 5.35416 5.12061  5.56815  
6.37053 6.07229 5.25406  5.24884  
6.76377 5.81659 5.26105  5.82372  
7.88739 5.3441 5.27534  6.40985  
6.28001 5.9555 5.28635  5.3701  
7.362 6.03309 5.35131  5.75524  
7.08116 6.29434 5.50038  7.25856  
5.98907 6.73683 6.08831  5.48771  
6.8508 5.21607 5.23342  6.76348  
6.08037 6.23863 5.181  5.97949  
5.75786 5.39069 5.37704  4.10438  
7.93819 6.214 4.86629  5.66407  
5.78006 4.90935 4.10294  6.6049  
