6.68012 6.35957 6.68012  6.35957  
5.74092 5.80401 5.74092  5.80401  
6.26671 5.75458 6.26671  5.75458  
6.54667 5.97663 6.54667  5.97663  
5.2841 6.13565 5.2841  6.13565  
5.57445 6.03865 5.57445  6.03865  
5.70132 5.50976 5.70132  5.50976  
5.62359 6.37126 5.62359  6.37126  
5.00886 7.13503 5.00886  7.13503  
6.32665 4.75812 6.32665  4.75812  
7.28815 5.96865 7.28815  5.96865  
5.44054 6.7776 5.44054  6.7776  
7.37272 5.52447 7.37272  5.52447  
7.64639 4.08901 7.64639  4.08901  
7.6203 5.7874 7.6203  5.7874  
7.61633 5.78508 7.61633  5.78508  
8.35431 5.61612 8.35431  5.61612  
6.04374 7.48244 6.04374  7.48244  
7.36615 5.41507 7.36615  5.41507  
6.24157 4.56661 6.24157  4.56661  
7.17788 5.77214 7.17788  5.77214  
6.23728 6.41873 6.23728  6.41873  
7.21579 6.24097 7.21579  6.24097  
4.97321 6.64905 4.97321  6.64905  
6.27474 4.86683 6.27474  4.86683  
7.20095 6.88095 7.20095  6.88095  
5.58247 5.40217 5.58247  5.40217  
6.29995 6.48594 6.29995  6.48594  
5.8978 7.57261 5.8978  7.57261  
6.48845 6.57822 6.48845  6.57822  
5.85585 4.83307 5.85585  4.83307  
6.11801 6.82027 6.11801  6.82027  
5.38215 5.62701 5.38215  5.62701  
8.23112 5.4181 8.23112  5.4181  
7.29661 5.96095 7.29661  5.96095  
7.085 6.50377 7.085  6.50377  
5.10077 5.47949 5.10077  5.47949  
5.48214 6.54631 5.48214  6.54631  
7.54192 5.44748 7.54192  5.44748  
7.70088 7.61562 7.70088  7.61562  
7.61173 6.34926 7.61173  6.34926  
4.54456 6.35203 4.54456  6.35203  
7.14103 5.50316 7.14103  5.50316  
5.91345 4.99741 5.91345  4.99741  
6.60636 6.48182 6.60636  6.48182  
6.02955 7.13841 6.02955  7.13841  
7.76694 5.95739 7.76694  5.95739  
6.97223 6.14993 6.97223  6.14993  
5.97097 7.23922 5.97097  7.23922  
5.92114 5.46855 5.92114  5.46855  
6.99834 4.88198 6.99834  4.88198  
6.13764 6.44628 6.13764  6.44628  
7.23421 5.92852 7.23421  5.92852  
5.32126 6.53799 5.32126  6.53799  
6.77415 6.25223 6.77415  6.25223  
6.60156 6.32465 6.60156  6.32465  
6.3622 5.99606 6.3622  5.99606  
6.05876 3.84743 6.05876  3.84743  
6.27483 5.72393 6.27483  5.72393  
6.49083 5.13998 6.49083  5.13998  
7.09639 6.60287 7.09639  6.60287  
6.99069 4.42284 6.99069  4.42284  
5.67249 6.24616 5.67249  6.24616  
7.10399 7.0588 7.10399  7.0588  
5.15623 5.07274 5.15623  5.07274  
7.06157 7.39045 7.06157  7.39045  
7.45353 5.17911 7.45353  5.17911  
6.08198 5.40164 6.08198  5.40164  
7.17604 6.09617 7.17604  6.09617  
5.50383 7.36694 5.50383  7.36694  
5.52826 5.34957 5.52826  5.34957  
5.46241 6.66531 5.46241  6.66531  
6.8641 7.39247 6.8641  7.39247  
6.4437 7.3268 6.4437  7.3268  
7.81329 6.52138 7.81329  6.52138  
6.75609 6.32233 6.75609  6.32233  
6.14645 6.85279 6.14645  6.85279  
6.82686 7.11731 6.82686  7.11731  
7.40445 5.73808 7.40445  5.73808  
5.52744 6.29514 5.52744  6.29514  
5.97621 5.41017 5.97621  5.41017  
6.57429 6.1682 6.57429  6.1682  
6.05207 5.98966 6.05207  5.98966  
6.11558 5.95809 6.11558  5.95809  
7.94599 6.03416 7.94599  6.03416  
6.11074 7.21255 6.11074  7.21255  
5.44669 6.24475 5.44669  6.24475  
6.23714 5.98972 6.23714  5.98972  
6.56054 6.98238 6.56054  6.98238  
6.79019 7.48134 6.79019  7.48134  
5.98517 7.13255 5.98517  7.13255  
5.01639 6.05957 5.01639  6.05957  
5.59393 6.09977 5.59393  6.09977  
5.71025 4.91844 5.71025  4.91844  
6.58101 5.84262 6.58101  5.84262  
6.33788 6.13699 6.33788  6.13699  
7.73641 5.85624 7.73641  5.85624  
7.03745 8.31484 7.03745  8.31484  
6.20095 4.9636 6.20095  4.9636  
6.47405 4.91162 6.47405  4.91162  
