1.72801 2.18128 5.05359 1.72801  2.18128  5.05359  
1.29345 3.03593 4.42203 1.29345  3.03593  4.42203  
1.15825 2.47243 5.50113 1.15825  2.47243  5.50113  
1.5156 1.97411 5.41661 1.5156  1.97411  5.41661  
2.58342 2.62168 2.87226 2.58342  2.62168  2.87226  
1.14558 2.60561 5.13101 1.14558  2.60561  5.13101  
1.30382 1.14754 6.59167 1.30382  1.14754  6.59167  
1.70123 2.63947 4.63928 1.70123  2.63947  4.63928  
2.13193 2.14063 4.32483 2.13193  2.14063  4.32483  
0.832839 0.79355 6.30756 0.832839  0.79355  6.30756  
1.23683 2.8786 4.44125 1.23683  2.8786  4.44125  
1.93714 2.5373 4.37275 1.93714  2.5373  4.37275  
0.689231 0.744642 6.36172 0.689231  0.744642  6.36172  
1.07463 1.93982 5.95714 1.07463  1.93982  5.95714  
1.83793 1.95079 5.81634 1.83793  1.95079  5.81634  
1.79237 3.9299 3.40687 1.79237  3.9299  3.40687  
2.13391 1.51074 4.74624 2.13391  1.51074  4.74624  
1.33621 2.33788 5.34553 1.33621  2.33788  5.34553  
0.99468 1.5276 6.19987 0.99468  1.5276  6.19987  
1.67306 3.61398 2.45113 1.67306  3.61398  2.45113  
1.04212 1.92702 6.01757 1.04212  1.92702  6.01757  
1.15013 2.32006 5.70652 1.15013  2.32006  5.70652  
1.7609 4.04825 1.65819 1.7609  4.04825  1.65819  
1.46712 2.93354 4.87735 1.46712  2.93354  4.87735  
1.49649 2.73084 5.32256 1.49649  2.73084  5.32256  
1.43448 2.04898 6.00579 1.43448  2.04898  6.00579  
1.57377 2.21968 4.92276 1.57377  2.21968  4.92276  
1.56572 4.10406 2.81718 1.56572  4.10406  2.81718  
1.67341 3.26469 3.76955 1.67341  3.26469  3.76955  
1.21599 2.59892 5.37911 1.21599  2.59892  5.37911  
0.964619 2.48993 5.60673 0.964619  2.48993  5.60673  
1.3127 4.06889 3.76246 1.3127  4.06889  3.76246  
1.55321 1.35324 6.11343 1.55321  1.35324  6.11343  
1.62253 3.11612 4.08647 1.62253  3.11612  4.08647  
0.787001 1.17981 6.38707 0.787001  1.17981  6.38707  
1.75084 1.61909 5.89367 1.75084  1.61909  5.89367  
0.506506 0.64683 6.47898 0.506506  0.64683  6.47898  
0.608361 3.47113 4.42142 0.608361  3.47113  4.42142  
2.53793 2.12142 3.7134 2.53793  2.12142  3.7134  
1.51011 4.01498 2.85601 1.51011  4.01498  2.85601  
0.530196 0.733516 6.48813 0.530196  0.733516  6.48813  
1.6449 1.31951 5.28548 1.6449  1.31951  5.28548  
1.82769 3.75968 2.92955 1.82769  3.75968  2.92955  
2.28467 2.46408 4.22993 2.28467  2.46408  4.22993  
1.49116 2.85901 4.10482 1.49116  2.85901  4.10482  
1.22205 1.99091 5.76487 1.22205  1.99091  5.76487  
2.19047 2.10317 4.70959 2.19047  2.10317  4.70959  
2.41819 2.94004 3.33632 2.41819  2.94004  3.33632  
2.15436 2.31986 3.84384 2.15436  2.31986  3.84384  
1.41181 2.08823 5.44797 1.41181  2.08823  5.44797  
1.15961 1.69593 6.14226 1.15961  1.69593  6.14226  
1.21125 1.97685 5.84531 1.21125  1.97685  5.84531  
0.934556 1.70845 6.04993 0.934556  1.70845  6.04993  
1.16766 3.14884 4.84216 1.16766  3.14884  4.84216  
2.10012 2.70498 4.04307 2.10012  2.70498  4.04307  
1.10372 2.96725 4.97359 1.10372  2.96725  4.97359  
1.40967 2.32714 4.82646 1.40967  2.32714  4.82646  
1.4937 2.63835 4.69135 1.4937  2.63835  4.69135  
1.62678 2.8899 4.96405 1.62678  2.8899  4.96405  
1.22662 1.98317 5.21022 1.22662  1.98317  5.21022  
1.2514 2.92701 4.99225 1.2514  2.92701  4.99225  
1.70557 3.45473 4.04466 1.70557  3.45473  4.04466  
1.98924 2.90877 4.5279 1.98924  2.90877  4.5279  
1.54031 3.10992 4.35878 1.54031  3.10992  4.35878  
1.19974 1.31106 6.38644 1.19974  1.31106  6.38644  
2.52984 2.48047 2.44984 2.52984  2.48047  2.44984  
1.6621 2.54178 4.86719 1.6621  2.54178  4.86719  
0.542265 1.00472 6.35036 0.542265  1.00472  6.35036  
0.810917 1.07737 6.199 0.810917  1.07737  6.199  
1.09715 2.21515 5.61255 1.09715  2.21515  5.61255  
1.86181 1.78501 5.88565 1.86181  1.78501  5.88565  
2.01807 2.88425 3.98964 2.01807  2.88425  3.98964  
1.15792 1.20544 6.49045 1.15792  1.20544  6.49045  
1.55322 2.52135 5.40908 1.55322  2.52135  5.40908  
1.67409 3.25967 3.18261 1.67409  3.25967  3.18261  
2.06747 1.93716 4.66915 2.06747  1.93716  4.66915  
1.86952 2.32247 5.29144 1.86952  2.32247  5.29144  
1.48109 2.20294 5.7722 1.48109  2.20294  5.7722  
1.01138 3.40168 4.18292 1.01138  3.40168  4.18292  
1.25941 3.1411 4.35109 1.25941  3.1411  4.35109  
1.52063 3.6248 4.38065 1.52063  3.6248  4.38065  
1.81442 1.86691 5.73882 1.81442  1.86691  5.73882  
2.46949 2.45477 3.71471 2.46949  2.45477  3.71471  
0.689375 1.20628 6.44037 0.689375  1.20628  6.44037  
0.876608 1.31471 6.02173 0.876608  1.31471  6.02173  
1.56425 2.78493 4.82629 1.56425  2.78493  4.82629  
2.2884 3.57681 2.25174 2.2884  3.57681  2.25174  
1.48821 3.12922 3.70641 1.48821  3.12922  3.70641  
1.40863 3.0026 4.90818 1.40863  3.0026  4.90818  
2.49054 3.18175 2.16331 2.49054  3.18175  2.16331  
1.67117 2.56956 4.53054 1.67117  2.56956  4.53054  
0.930016 3.27019 4.31747 0.930016  3.27019  4.31747  
2.13337 2.53092 4.15269 2.13337  2.53092  4.15269  
0.677254 0.920785 6.40845 0.677254  0.920785  6.40845  
1.73409 2.10971 5.78788 1.73409  2.10971  5.78788  
1.38175 4.56172 1.53044 1.38175  4.56172  1.53044  
0.944428 1.07165 6.33162 0.944428  1.07165  6.33162  
1.08149 1.21735 6.00972 1.08149  1.21735  6.00972  
1.41318 2.16914 5.46921 1.41318  2.16914  5.46921  
2.08991 1.61072 5.30833 2.08991  1.61072  5.30833  
0.245027 1.07867 5.90899 0.950719  2.08587  5.28763  
1.46374 3.45385 0.4642 1.15978  3.00883  3.69303  
1.27984 3.70349 0.434658 0.373058  1.14203  6.21225  
0.455793 0.851237 5.83792 2.53313  0.596134  0.567817  
0.0794144 3.91527 1.59282 2.34862  1.28568  0.420983  
1.93207 1.86416 0.682907 2.11509  0.257402  0.32767  
0.16529 0.169303 6.1535 2.01539  2.77332  0.404001  
2.04263 0.281546 2.13856 2.14888  0.380098  0.306148  
1.1932 0.624459 5.53009 2.14515  0.572087  0.25414  
0.0466074 4.01589 0.0306588 2.20073  0.243706  0.690616  
0.10961 3.82135 2.13216 1.17243  4.04024  0.373363  
0.694944 3.15085 3.78828 2.19441  0.559132  0.463071  
0.108631 3.75106 2.46518 2.17601  0.838637  0.294301  
1.0295 2.67709 4.02803 2.19045  0.300594  0.891075  
1.01804 2.9154 3.73122 2.21059  1.10392  0.256036  
1.80401 0.299668 3.6624 2.19699  0.452625  0.837364  
0.486155 2.27534 5.04815 2.22102  0.899221  0.596461  
0.263045 2.18613 5.45019 0.978142  0.581064  6.28703  
1.7434 0.307417 3.96744 0.897164  4.3352  0.440748  
1.49124 2.0783 4.11833 2.23362  0.818181  0.84309  
1.53805 3.15508 0.725056 2.18002  1.30596  0.476371  
0.557661 3.5718 2.632 2.21189  0.518475  1.35435  
2.14431 0.250036 0.207832 2.19587  1.66047  0.316432  
0.507551 1.94337 5.39065 2.29031  0.55312  0.996318  
1.49672 1.60649 4.30287 2.23602  1.30943  0.820728  
1.00605 0.812919 5.36087 2.40728  0.435404  0.418857  
1.12898 3.16188 3.25784 2.31668  1.09036  0.351131  
1.68169 3.00435 0.239023 2.23264  1.0714  1.35266  
0.966066 3.21082 3.5604 2.20594  1.65825  0.335703  
1.89131 0.30023 3.22302 2.27092  0.530063  2.1062  
0.907717 3.93355 0.287947 2.15688  2.06404  0.528983  
1.57405 0.336789 4.69304 2.15759  0.874105  1.84264  
1.06695 3.67711 1.99677 2.17818  1.57335  1.26646  
2.16304 0.275395 0.166095 0.320618  0.318875  6.31689  
1.82961 2.61718 0.424944 2.14838  2.58417  0.455388  
1.36308 3.63594 0.277118 2.25511  1.62167  0.395793  
0.186513 3.42817 3.45236 2.03479  2.26879  0.782396  
1.36058 2.92235 2.61833 2.21753  0.89943  2.49747  
1.42265 3.17231 2.27298 1.91722  2.65906  0.396429  
2.02306 0.288343 2.37462 2.1943  1.3696  2.22678  
1.58924 2.69889 2.69381 2.10269  2.23794  1.32399  
2.07335 1.12049 0.346245 2.06655  0.498266  3.12796  
2.04668 1.41501 0.346648 1.73715  2.95141  0.259976  
0.165914 3.11021 4.16741 2.13056  1.79079  2.25787  
0.214965 1.93759 5.60512 1.91933  2.57594  1.20772  
1.22753 3.30338 2.75954 2.06813  0.838513  3.34495  
1.25606 2.63932 3.79975 1.79193  3.02105  0.724568  
1.61392 0.498731 4.51201 2.02473  1.27373  2.98398  
0.794796 2.99301 4.05036 2.0122  2.52847  1.9845  
0.0376104 4.01054 0.0387207 2.45269  0.452779  0.452693  
2.11252 0.255668 0.392992 1.78799  3.14648  0.355363  
0.246776 2.48725 5.17907 1.94587  2.26572  2.568  
1.19439 3.77956 0.314579 1.73426  3.17299  1.28665  
1.50681 2.41451 3.6497 1.92444  0.953135  3.96214  
2.09938 0.737185 0.320355 1.51418  3.47731  0.708666  
1.28946 3.60002 1.63521 1.83544  1.819  3.4155  
0.947265 3.40649 3.1036 1.72734  3.00889  2.1017  
1.71248 0.323733 4.36676 1.65197  0.477019  4.53053  
1.69027 2.49239 3.12906 1.29094  3.67969  0.444616  
0.234969 0.37747 6.06221 1.71577  2.27104  3.35106  
2.10512 0.255521 0.713432 1.57902  3.51063  0.44082  
2.02854 1.58665 0.227356 1.71429  0.528187  5.03877  
0.13171 3.56276 3.1233 1.31719  3.74392  0.516326  
2.12602 0.234689 0.242972 1.60109  1.69958  4.34052  
0.562624 2.73895 4.439 1.39947  2.96123  2.65722  
0.156027 3.2847 3.82521 0.245802  0.242828  6.20116  
0.0340813 4.00316 0.0665612 2.42325  1.19775  0.457774  
0.0245562 4.00836 0.0714326 1.32253  3.01126  2.9638  
0.261131 2.96018 4.38285 1.11289  3.8902  1.31382  
1.98206 0.252948 2.77197 1.31616  1.67689  4.79056  
1.23183 2.40179 4.04644 0.891592  3.95355  0.445114  
0.334883 0.61733 5.94216 1.13769  2.45724  3.98375  
1.83566 1.35958 3.02636 1.03777  3.67118  2.18857  
1.23264 1.12908 5.17559 1.03864  0.845502  5.39345  
1.77377 2.64576 0.804157 0.726192  4.13723  0.277809  
0.435841 1.65925 5.56387 1.05685  3.00595  3.80408  
1.92439 0.282716 2.90458 0.794719  4.02316  1.84887  
0.76797 1.39061 5.50676 0.913493  1.15685  5.57691  
2.15627 0.165807 0.33902 0.21782  4.17829  0.954982  
1.96853 1.98878 0.380955 0.495957  2.43774  5.23127  
0.4952 2.51203 4.69885 0.775428  3.73075  2.88926  
1.58486 3.36353 0.300939 0.391812  0.508307  5.98772  
1.28575 1.64649 4.76016 0.0740851  4.04403  0.0795021  
1.82486 2.36827 0.711065 0.647816  3.28668  3.70649  
1.67645 2.28403 3.32234 0.530292  4.22047  0.30199  
0.252826 2.71195 4.83864 0.411574  1.65066  5.62374  
2.07394 0.271464 1.60194 0.359078  4.24753  0.324141  
1.29162 2.86543 3.52499 0.50495  2.58749  4.84896  
1.90484 2.08651 0.764137 0.401307  3.90601  2.67017  
1.96552 1.70097 0.721832 0.376196  0.7089  5.88612  
1.47001 0.526898 5.03641 0.258839  4.15869  0.163262  
1.92667 2.35385 0.323574 0.362495  3.08801  4.46339  
1.02709 1.6767 5.05994 0.436594  4.39694  1.27812  
1.35302 2.84062 3.18038 0.256062  1.18684  5.92348  
2.02614 1.06048 1.52502 0.473954  3.37276  3.98549  
1.73837 2.04982 3.66643 0.190469  1.53769  5.82378  
1.06229 2.25459 4.49983 0.331209  0.331209  6.33121  
0.0956538 3.97125 1.04886 0.348361  0.578023  6.32018  
1.02814 3.84745 0.502727 1.10857  3.36953  3.2973  
1.70217 2.91865 0.225697 0.372101  0.4172  6.33796  
1.19717 3.64647 0.190621 2.50012  0.508607  0.500121  
0.147055 3.40423 3.55064 0.410432  4.39152  0.391691  
0.194776 2.09644 5.28219 0.242235  0.242236  6.24221  
2.11031 0.165936 0.176092 2.49974  0.555531  0.499937  
0.0794144 3.91527 1.59282 2.37073  1.09571  0.401118  
1.93207 1.86416 0.682907 2.10112  0.178508  0.297312  
0.700321 3.24331 3.39348 2.02572  2.53779  0.351044  
1.80935 2.08675 2.9016 2.15123  0.299094  0.362756  
0.214022 2.36186 5.05929 2.14503  0.494323  0.164391  
0.779912 1.87092 5.14861 2.45035  0.450348  0.450348  
0.10567 3.80111 2.26638 0.68668  4.1724  0.272834  
0.123924 3.64131 2.87664 2.14156  0.472315  0.501358  
0.10493 3.74467 2.5197 2.18231  0.757921  0.304606  
1.00237 2.52883 3.85297 2.13703  0.272755  0.843113  
0.988579 2.97148 3.30346 2.202  0.213999  0.213874  
1.80401 0.299668 3.6624 2.18759  0.397354  0.834129  
0.515082 0.263407 5.81567 2.1749  0.802836  0.561238  
1.88484 0.266391 3.52004 1.77387  0.400052  4.7605  
1.7434 0.307417 3.96744 0.344045  4.29524  0.296379  
2.10126 0.173119 0.297399 2.17114  0.7895  0.801309  
1.54506 3.13488 0.241255 2.13633  1.20544  0.439257  
0.557661 3.5718 2.632 2.21569  0.454599  1.32894  
0.196508 1.84496 5.51075 2.14443  1.539  0.253706  
1.6311 0.353405 4.37377 2.21062  0.721874  1.22194  
1.37076 1.51717 4.40571 2.18207  1.22464  0.779181  
1.66518 0.295191 4.44846 2.25011  0.300892  1.64433  
0.959869 3.20245 3.12666 1.68302  3.27523  0.329824  
1.38409 2.6732 2.84485 2.18809  0.972267  1.30068  
1.55543 0.246953 4.6433 2.13702  1.5441  0.765176  
1.44961 1.01127 4.63635 2.21525  0.457783  2.02637  
0.509703 2.34706 4.79221 2.12212  1.95251  0.300816  
0.942712 3.37572 2.85281 2.21493  0.810386  1.8673  
1.10519 3.63126 1.98676 2.1312  1.46067  1.21533  
0.993309 0.818008 5.23592 0.27475  0.276073  6.15627  
1.8512 2.52351 0.275407 0.434355  4.30823  0.315319  
0.757688 2.90133 3.76053 2.11139  1.47476  1.48095  
1.64799 1.74783 3.74527 2.00213  2.15624  0.747903  
0.0982103 3.86081 1.97912 2.21996  0.353745  2.48705  
1.37763 2.81881 2.50992 1.93609  2.60273  0.402  
0.502636 2.59929 4.4813 2.19033  1.31973  2.20557  
2.11052 0.186904 0.136857 2.05186  2.11691  1.30434  
2.06324 1.24495 0.326654 2.07191  0.429333  3.1088  
0.433877 0.29186 5.90464 1.67301  2.77956  0.216039  
0.152347 3.13685 4.09535 2.12718  1.70617  2.22096  
1.19946 3.15225 2.5882 1.95574  2.54112  0.544632  
0.252961 2.86654 4.56374 2.02744  0.755282  3.25524  
0.13543 3.53656 3.20203 1.7222  2.83599  0.688466  
0.686684 0.487503 5.68316 2.06908  1.35709  3.02264  
1.444 3.30111 0.238337 1.93432  2.35398  1.88529  
0.0212309 4.02046 0.0287338 0.309589  0.302003  6.10497  
0.785556 2.16172 4.94125 0.997301  3.84229  0.186095  
1.6441 2.85639 0.214918 1.96223  2.20543  2.56402  
1.4733 2.28439 3.69006 1.75394  3.13134  1.28378  
0.194134 0.0929748 6.04857 1.96766  0.990139  4.02148  
0.326951 2.88838 4.33622 1.46737  3.29934  0.590791  
0.122856 0.0835154 6.06941 1.80328  1.71094  3.33377  
0.576097 2.40888 4.66349 1.70633  2.89602  2.05286  
0.0284852 4.00672 0.00825985 1.61468  0.346266  4.3998  
1.03326 2.12193 4.3148 1.26844  3.54806  0.417363  
2.03403 0.224358 2.18733 1.72657  2.23073  3.35249  
2.08496 0.205684 1.41244 1.48687  3.2285  1.76537  
2.02854 1.58665 0.227356 1.64699  0.848651  4.85754  
0.0818772 0.0840872 6.07814 1.24085  3.53337  1.0566  
1.60353 2.56994 2.64858 1.53179  1.58744  4.1683  
1.11091 2.98818 3.05521 1.36944  2.80496  2.55599  
0.209288 3.30256 3.75628 0.181207  0.181207  6.18121  
1.66985 2.44599 2.69511 1.58496  3.49729  0.350364  
1.39773 3.37447 0.243413 1.34388  2.96238  2.97161  
0.970587 3.81558 0.15938 1.10449  3.79283  1.28829  
1.24897 1.50999 4.56724 1.27046  1.52606  4.58745  
1.22552 2.26007 3.90082 0.903995  3.93681  0.589055  
0.0313396 4.00038 0.00140657 1.14158  2.33234  3.89539  
1.83566 1.35958 3.02636 1.10082  3.76207  2.28192  
1.24709 1.32395 4.84185 1.12107  0.668809  5.61525  
1.77377 2.64576 0.804157 0.724678  4.06076  0.290124  
0.936402 1.86333 4.7872 0.989313  2.74489  3.53385  
1.92439 0.282716 2.90458 0.795646  4.01974  1.85551  
1.50326 3.22344 0.246305 0.932289  1.27597  5.45174  
0.493463 1.57141 5.44579 0.692025  4.13085  0.910187  
1.97529 1.92585 0.372371 0.887998  2.13271  4.73113  
1.58406 3.01563 0.225885 0.785198  3.70586  2.9091  
0.233816 2.6279 4.81753 0.612478  0.39493  5.68939  
1.99931 0.239747 2.5949 0.306615  4.13871  0.156262  
1.82486 2.36827 0.711065 0.660485  3.13615  3.56413  
1.24288 3.5225 0.391802 0.361957  4.05554  1.61552  
0.238791 1.27444 5.81982 0.480185  1.53635  5.46703  
2.09366 0.765038 0.208983 0.23396  4.17868  0.77315  
1.4785 2.4818 3.41683 0.520575  2.43783  4.65405  
1.90484 2.08651 0.764137 0.422565  3.74716  2.5862  
1.96552 1.70097 0.721832 0.320383  0.639745  5.93146  
1.47001 0.526898 5.03641 0.242175  4.14649  0.188926  
1.93248 2.28116 0.218805 0.327658  2.91868  4.28299  
1.43517 1.66855 4.06438 0.249521  4.21348  0.214107  
0.469413 2.12666 5.12292 0.253964  1.10727  5.89486  
2.02614 1.06048 1.52502 0.264336  4.26434  0.26772  
1.69863 1.96394 3.2917 0.194132  2.07736  5.29941  
1.22173 2.45286 3.59981 0.251504  0.470557  6.13643  
0.0956538 3.97125 1.04886 0.100555  0.1161  6.07348  
0.955905 2.70233 3.49973 0.0311399  4.00018  0.00186749  
1.67301 2.77956 0.216039 0.230226  0.229884  6.22542  
0.196458 1.77966 5.55431 2.11119  0.113875  0.111195  
0.254269 3.29655 3.52011 0.231626  4.20698  0.207276  
0.964882 2.61853 3.54337 0.0996963  0.0996963  6.0997  
1.70552 0.434046 3.3576 2.0537  0.0868282  0.0537645  
1.46594 2.70061 1.25168 2.05384  0.223737  0.0700268  
1.79528 0.133237 3.15962 2.00341  0.101153  0.279676  
1.74488 2.26877 0.203043 2.0494  0.432307  0.05995  
1.60309 2.58909 0.122262 2.05203  0.0677215  0.34573  
0.496126 2.30565 4.78671 2.04728  0.410459  0.234879  
0.784317 1.79756 4.96682 2.0513  0.0605455  0.619453  
0.136843 3.5161 3.25793 2.10292  0.135463  0.102987  
1.6998 1.85664 2.23137 2.0422  0.385733  0.470951  
1.77957 2.08903 0.672989 2.03203  0.644723  0.271112  
0.993134 2.46649 3.81839 2.037  0.196231  0.802934  
0.5 3.1479 3.48891 2.01379  0.862528  0.188704  
0.958156 3.60463 1.124 2.03539  0.365814  0.773989  
0.469118 3.90182 0.151115 2.02606  0.677965  0.520758  
1.49515 0.208988 4.04582 2.02095  0.0860119  1.17587  
0.904188 3.4286 2.08025 2.10397  0.13625  0.104035  
1.90737 1.56873 0.0570242 2.01786  0.665374  0.741383  
0.720565 1.24594 5.39157 1.9904  1.05033  0.39934  
1.32075 0.328678 4.58409 2.01316  0.352898  1.20191  
1.95011 1.01348 0.0137523 2.00155  1.3737  0.245131  
0.0987943 3.89912 1.75055 2.00837  0.594774  1.10837  
2.0056 0.0954423 0.154256 1.98075  1.04661  0.69457  
0.705538 3.39727 2.73449 2.03295  0.104339  1.69313  
0.0275376 4.00419 0.00568437 1.93929  1.70103  0.105323  
1.46844 2.43967 2.14396 2.0385  0.841477  1.21033  
1.27969 3.09579 1.12616 1.94231  1.34076  0.693094  
0.459933 3.4745 2.92629 2.02063  0.106541  1.84615  
0.227273 2.5442 4.77731 1.93424  1.71619  0.466046  
0.638372 3.1944 3.18557 2.01374  0.677036  1.69336  
0.0533017 0.0533017 6.0533 1.98206  1.29663  1.12498  
0.993309 0.818008 5.23592 2.10239  0.102837  0.230208  
1.82404 1.96809 0.194846 0.087559  4.0566  0.0582866  
0.585482 2.80103 3.97988 1.96564  1.30746  1.37679  
0.197017 2.04534 5.32557 1.82732  1.90655  0.677852  
0.233401 3.68972 2.56961 1.96869  0.681214  2.20293  
1.36093 2.71117 2.69802 1.81459  2.37618  0.337523  
0.511355 2.54038 4.53019 1.94288  1.10345  1.95531  
1.16092 3.3145 1.13731 1.86877  1.8702  1.18167  
0.844515 3.77654 0.308136 1.88495  0.34961  2.82498  
0.426992 0.201008 5.88419 1.60245  2.58836  0.159628  
0.182258 3.04569 4.20138 1.88236  1.45081  1.96581  
1.15068 3.05977 2.5111 1.81722  2.29797  1.11336  
0.254224 2.79818 4.46094 1.84615  0.600156  2.96143  
0.606424 3.78326 0.872773 1.60129  2.56403  0.648987  
0.603048 0.383728 5.70795 1.88914  1.09385  2.75801  
1.06704 3.53751 0.40331 1.76238  2.08301  1.71155  
0.0212309 4.02046 0.0287338 1.68975  0.12178  3.57009  
1.14817 2.21875 3.89635 1.38377  3.04258  0.103031  
1.89199 0.106816 2.43792 1.74698  1.90382  2.27855  
1.24858 0.234955 4.92863 1.5296  2.66875  1.11555  
1.93804 1.16109 0.167929 1.6927  0.819897  3.49725  
0.0309697 4.00001 0.00100402 1.411  3.10783  0.635469  
1.96856 0.830773 0.0110364 1.81519  1.65466  3.35462  
1.02423 3.44017 1.60074 1.51996  2.51857  1.81908  
1.64963 0.0688473 3.55247 1.51848  0.337792  4.13494  
1.02465 2.02496 4.28723 1.23827  3.38713  0.406657  
1.8306 0.352789 2.7643 1.57256  1.96819  3.04429  
1.96338 0.121238 1.65817 1.36444  2.89401  1.61586  
0.81753 3.63429 1.59901 1.45456  0.630536  4.28728  
1.55906 0.377133 3.80744 1.2296  3.36226  1.02051  
1.0961 3.27679 2.08009 1.51396  0.654039  4.12992  
1.14341 3.51762 0.1024 1.36851  2.73482  2.55133  
0.925648 0.270975 5.5198 0.104355  0.106449  6.09885  
2.00039 0.383302 0.00916141 0.303079  4.08248  0.10262  
1.88713 1.70151 0.336913 1.31741  2.86535  2.93927  
1.9343 0.0983317 2.02667 1.05298  3.54509  1.22512  
1.47998 1.84731 3.63975 1.20466  1.58263  4.90542  
0.226431 2.27262 5.15421 0.89758  3.8424  0.322247  
0.743015 2.95683 3.5339 1.14461  2.24292  3.83884  
1.46007 0.59094 4.06853 1.01805  3.40898  2.10582  
1.56452 2.52726 0.612219 1.12073  0.66825  5.61466  
1.69072 2.41968 0.0992882 0.697595  3.83925  0.280888  
1.41192 0.397499 4.24559 0.966918  2.6354  3.47636  
0.50766 1.16156 5.60597 0.801525  3.6051  1.68538  
0.513783 1.52868 5.44356 0.90758  1.21603  5.48012  
1.38377 3.04258 0.103031 0.651306  3.82814  0.917655  
1.23574 1.50366 4.49447 0.856909  2.04957  4.64442  
1.79365 1.79413 1.77104 0.587162  3.5254  2.82094  
1.4669 2.91352 0.109384 0.57707  0.345525  5.73231  
1.27306 3.26575 0.124005 0.441303  3.90514  0.152403  
1.98556 0.111615 1.19629 0.675453  3.124  3.6321  
0.518885 2.77552 4.28193 0.515178  3.89097  1.57445  
0.260415 1.18609 5.86398 0.592515  1.39183  5.35416  
1.3704 2.90521 1.54164 0.390383  3.99484  0.242745  
1.61052 2.33814 1.82764 0.518459  2.38046  4.6684  
1.13425 0.165445 5.32189 0.419801  3.61074  2.5397  
1.22535 2.46155 3.64237 0.319466  0.573325  5.92754  
1.38369 2.42532 2.96734 0.253945  4.03334  0.053487  
1.1393 0.310124 5.08712 0.356389  2.88136  4.32198  
2.00783 0.0164313 0.57236 0.269177  4.03146  2.17647  
0.430476 3.67191 2.35697 0.265483  1.03931  5.90437  
2.05386 0.0594175 0.0538608 0.155972  4.03228  1.05366  
1.59463 1.8358 3.14647 0.196727  2.02648  5.34161  
1.53152 2.66749 0.63068 0.178917  4.17604  0.176046  
1.85279 1.49143 1.96318 0.0646084  0.069401  6.05213  
0.984199 2.73143 3.37513 0.0307187  3.99976  0.00144626  
1.20307 2.85327 3.06427 0.0994695  0.0994695  6.09947  
0.196458 1.77966 5.55431 2.10072  0.100803  0.100721  
0.153625 3.15969 3.87841 0.0518751  4.03466  0.034807  
1.91209 0.605071 1.60516 0.0802905  0.0802905  6.08029  
1.76744 1.76067 1.10366 2.0012  0.0877925  0.0752817  
1.45326 2.70318 0.992097 2.05065  0.0585619  0.054023  
0.928298 1.2103 5.00461 2.04939  0.0950782  0.290864  
1.96585 0.814613 0.144617 2.04315  0.426223  0.0521557  
0.96695 2.63297 3.47579 2.04808  0.180432  0.348228  
0.503321 2.30038 4.77628 2.04229  0.403998  0.236462  
0.784317 1.79756 4.96682 2.04247  0.0514286  0.618719  
0.196085 3.02027 4.11927 2.10054  0.134885  0.100609  
1.68094 2.05646 1.12117 2.03919  0.382646  0.47711  
1.60893 1.3971 2.95302 2.02796  0.639935  0.284281  
0.997305 2.4502 3.82008 2.03416  0.195746  0.800333  
0.5 3.1479 3.48891 2.00955  0.859546  0.0635856  
0.958156 3.60463 1.124 2.03099  0.359001  0.771651  
0.464591 3.90099 0.132713 2.02003  0.681011  0.520112  
1.55671 0.0839329 3.83821 2.01535  0.050993  1.1787  
0.166757 2.78131 4.53729 1.89394  1.73464  0.0743708  
1.79878 1.79849 0.160518 2.01347  0.667441  0.744458  
1.38151 3.03896 0.0912979 1.98416  1.05256  0.406579  
1.32075 0.328678 4.58409 2.00853  0.348743  1.20133  
1.95011 1.01348 0.0137523 1.95077  1.3305  0.129247  
0.149256 3.93892 1.22591 2.00287  0.591455  1.10678  
0.733149 0.880313 5.49008 1.97756  1.04186  0.708667  
0.68307 3.3318 2.63734 1.99063  0.154259  1.65827  
0.0273761 4.0076 0.00898392 1.83659  1.60792  0.160701  
1.49742 2.33257 2.24757 1.9871  0.813125  1.17614  
1.30891 3.03443 1.11032 1.93333  1.33338  0.693022  
1.18 2.17604 3.84052 1.96111  0.336031  1.79591  
0.227273 2.5442 4.77731 1.83428  1.62205  0.43571  
0.707479 3.19569 2.98012 1.957  0.651427  1.65017  
0.0515382 0.0515399 6.05153 1.94389  1.26839  1.10981  
0.939671 0.547993 5.28792 1.92307  0.0710615  2.33566  
1.51122 1.88483 2.97727 0.258164  4.02954  0.0585638  
0.67093 2.774 4.01689 1.96051  1.30423  1.37366  
0.198877 2.04246 5.3277 1.81931  1.89632  0.679733  
0.616816 1.50288 5.27241 1.91021  0.393655  2.14192  
0.140502 3.44126 3.22335 1.72566  2.25567  0.332887  
0.511355 2.54038 4.53019 1.89734  1.06419  1.88767  
1.19358 3.26786 0.616304 1.81354  1.8104  1.15108  
0.840643 3.781 0.317395 1.78889  0.321292  2.68364  
0.426992 0.201008 5.88419 1.59904  2.58051  0.185325  
0.0308031 3.99984 0.000976011 1.87944  1.44425  1.96237  
1.15068 3.05977 2.5111 1.71854  2.16974  1.05046  
0.743756 3.35977 2.45592 1.81288  0.442543  2.91449  
1.40167 2.10824 3.51212 1.59586  2.55849  0.649344  
0.647574 0.426773 5.70168 1.83991  0.337922  2.73302  
1.06704 3.53751 0.40331 1.71211  2.02171  1.66412  
0.0178435 4.01784 0.0178465 1.67507  0.104094  3.55262  
1.87573 0.0237275 2.28832 1.38151  3.03896  0.0912979  
1.6006 2.00373 2.16142 1.64966  1.79681  2.15253  
1.29002 0.0957239 4.81667 1.52451  2.66051  1.11537  
1.51134 1.27597 3.52701 1.69806  0.35675  3.47095  
2.00273 0.011607 0.576209 1.35016  2.96391  0.612577  
1.82974 0.912732 2.13302 1.59511  1.44599  2.95059  
1.02423 3.44017 1.60074 1.51468  2.50975  1.8219  
1.87995 1.44754 0.163644 1.50408  0.253597  4.10779  
1.02647 2.02067 4.2818 1.23742  3.3847  0.41324  
1.55701 2.51964 0.610496 1.57097  1.96524  3.05054  
1.95354 0.0255467 1.62065 1.39705  2.96866  1.6587  
1.716 1.6632 1.96324 1.45426  0.431397  4.29546  
1.83399 1.6248 0.0972669 1.19595  3.27115  0.996373  
1.74341 2.02425 0.124237 1.40208  1.3654  3.82398  
1.16152 3.45415 0.0939066 1.36719  2.72977  2.55329  
0.922633 0.150514 5.59075 0.0891461  0.105905  6.04823  
1.64912 1.5979 2.54682 0.0596831  4.02872  0.0303773  
1.67644 0.0816902 3.32243 1.22394  2.63921  2.70461  
1.52891 1.53438 3.24074 1.04759  3.54057  1.22568  
0.818184 3.62171 1.60159 1.23282  1.42657  4.43123  
1.65599 2.25519 0.0912016 0.892071  3.82367  0.307629  
0.741914 2.94084 3.61023 1.14543  2.23827  3.83801  
1.46007 0.59094 4.06853 1.01363  3.40078  2.1018  
1.75446 0.33357 2.90151 1.01649  0.58493  5.09728  
1.38218 1.37091 3.85651 0.695108  3.83451  0.282761  
0.605774 3.7782 0.879994 0.969277  2.63144  3.47807  
0.500616 1.18346 5.60042 0.802142  3.59432  1.68634  
1.41847 0.102558 4.39744 0.895541  1.0841  5.11684  
0.528362 1.72521 5.27842 0.650124  3.82255  0.924344  
1.2069 1.20458 4.52043 0.859562  2.0449  4.64186  
2.00356 0.0374793 0.0449463 0.63852  3.41539  2.73268  
0.623725 3.58973 2.08054 0.574692  0.340264  5.73061  
1.2905 3.22508 0.104357 0.434909  3.90607  0.152549  
0.379341 3.8126 1.52444 0.674848  3.11817  3.63384  
0.518885 2.77552 4.28193 0.490753  3.7572  1.52082  
0.260415 1.18609 5.86398 0.587532  1.4361  5.33383  
1.37192 2.93407 0.616132 0.38836  3.99175  0.243949  
1.61685 2.39803 0.12172 0.528413  2.41404  4.748  
1.13231 0.147782 5.18911 0.413301  3.62141  2.55102  
1.53407 2.65265 0.13578 0.322654  0.566075  5.92332  
0.453354 3.53692 2.62666 0.191692  4.00625  0.428957  
1.14602 0.666931 4.92025 0.354917  2.87573  4.32365  
1.19649 2.57672 3.04111 0.254554  3.77044  2.03471  
1.48404 2.78632 0.143161 0.26162  1.03989  5.90612  
1.61367 0.07765 3.57515 0.165577  3.96586  1.15805  
1.40546 2.32773 3.02141 0.193145  2.02435  5.34436  
0.219488 3.74098 2.24224 0.139033  3.46914  3.14719  
1.80194 0.150279 2.68671 0.0932127  0.109334  6.01848  
1.30159 2.77521 2.23766 0.0306469  3.99968  0.00134112  
1.99318 0.376254 0.00218708 0.0418156  4.04182  0.0418186  
0.192861 1.76789 5.56167 2.01582  0.0328  0.033173  
1.90671 1.21944 0.00621544 0.0202761  4.00629  0.00638791  
1.91944 0.0634153 1.75125 0.0492737  0.0492737  6.04927  
1.61267 0.0333715 3.57079 2.00058  0.075976  0.0764642  
0.145886 3.44074 3.22013 2.0002  0.170857  0.00287186  
0.948755 1.18944 5.03475 1.99998  0.00199014  0.232655  
1.82469 1.65588 0.0644192 1.99154  0.405099  0.00173801  
0.949208 2.71671 3.36609 1.99998  0.00199014  0.232655  
0.503321 2.30038 4.77628 1.99269  0.366207  0.0207676  
0.784317 1.79756 4.96682 1.99173  0.00139724  0.590623  
0.196085 3.02027 4.11927 1.97097  0.704571  0.0020587  
1.56149 2.5149 0.11929 1.99151  0.351023  0.465114  
1.63431 1.41407 2.84804 1.9771  0.609456  0.277281  
0.997305 2.4502 3.82008 1.98482  0.171568  0.78287  
0.5 3.1479 3.48891 1.96114  0.811954  0.00316402  
1.12818 3.32482 0.0273834 1.98191  0.338756  0.751778  
0.457118 3.89944 0.148985 1.97136  0.648908  0.476454  
0.867099 3.40738 2.03632 1.96762  0.00439204  1.14967  
0.168084 2.77491 4.54748 1.90671  1.21944  0.00621544  
0.880448 0.04125 5.44723 1.96586  0.638396  0.721632  
0.946439 3.55245 0.0750721 1.93523  1.01659  0.398158  
1.42876 0.143595 4.22806 1.95911  0.324155  1.1741  
1.25295 3.07875 0.966208 1.8965  1.28819  0.00260748  
0.162577 3.92289 1.24652 1.95307  0.564287  1.07773  
0.733149 0.880313 5.49008 1.92465  1.00971  0.687037  
0.68307 3.3318 2.63734 1.92986  0.163537  1.60941  
1.77188 1.40375 1.8597 1.83495  1.59747  0.0621943  
1.46932 2.46995 1.70875 1.92764  0.781631  1.14544  
1.99222 0.379697 0.00119607 1.88413  1.28774  0.675235  
1.18 2.17604 3.84052 1.91028  0.31985  1.7425  
0.227273 2.5442 4.77731 1.83447  1.61586  0.102169  
0.731237 3.11994 3.13523 1.90689  0.62577  1.59953  
0.0420491 0.0448309 6.02947 1.87477  1.21243  1.07015  
0.939671 0.547993 5.28792 1.85341  0.00241796  2.27075  
1.78829 0.323791 2.65858 1.68211  2.17366  0.019673  
0.67093 2.774 4.01689 1.85857  1.22468  1.30342  
0.698896 3.78041 0.567267 1.76683  1.83225  0.660494  
1.8629 1.50482 0.082943 1.85209  0.63446  2.07624  
0.522234 1.75036 5.27015 1.67601  2.1832  0.250499  
1.48393 1.88046 2.88932 1.83451  1.03626  1.84347  
1.38135 2.27923 2.92785 1.76231  1.74897  1.11911  
0.791963 3.74951 0.077327 1.78375  0.323946  2.68042  
1.50517 2.65882 0.211118 1.55931  2.50912  0.211113  
0.0202761 4.00629 0.00638791 1.77928  1.35902  1.85862  
1.66302 1.80969 2.0167 1.67016  2.10144  1.02056  
1.20869 0.00120905 4.7843 1.74671  0.580738  2.80515  
1.41585 1.75658 3.48613 1.55771  2.49237  0.627782  
0.609571 0.391918 5.69182 1.73808  1.06723  2.54207  
0.193713 2.03281 5.33557 1.663  1.95352  1.62094  
0.0146716 4.01089 0.0108976 1.63474  0.03193  3.46962  
2.01582 0.0328 0.033173 1.34658  2.95949  0.121373  
0.795391 3.54543 1.57034 1.64608  1.77233  2.15119  
1.06982 3.14665 2.11567 1.48548  2.58111  1.08878  
1.51134 1.27597 3.52701 1.61805  0.840947  3.30568  
1.96762 0.00439204 1.14967 1.34658  2.95949  0.121373  
1.96114 0.811954 0.00316402 1.59053  1.4368  2.94167  
1.76288 1.74954 1.10836 1.47445  2.43393  1.77543  
0.0265603 4.00039 0.000728067 1.47923  0.143531  4.03618  
1.02613 2.01988 4.28381 1.18346  3.22696  0.0190518  
1.5306 0.190071 3.89377 1.4902  1.85571  2.88818  
1.65074 1.99578 1.6212 1.32761  2.80967  1.57578  
1.93726 1.01797 0.328578 1.40808  0.641307  4.15969  
0.153714 3.15552 3.88364 1.16821  3.1958  0.978748  
1.74284 2.01688 0.0305796 1.39111  1.3737  3.79264  
1.68211 2.17366 0.019673 1.29958  2.58236  2.42837  
1.22577 3.17964 0.0255199 1.21035  0.00102703  4.77992  
1.33959 0.617235 4.4186 0.0306012  3.99964  0.00129539  
1.67811 0.169518 3.29784 1.21938  2.61461  2.69788  
1.52891 1.53438 3.24074 1.02093  3.44599  0.0641049  
1.85069 0.0026149 2.29228 1.23182  1.41867  4.43651  
1.187 0.0042426 4.8426 0.844315  3.61328  0.549295  
0.741914 2.94084 3.61023 1.15305  2.22753  3.83863  
0.258875 1.2007 5.85323 0.969361  3.24142  2.01025  
1.74524 0.307253 2.93043 1.02504  0.0220017  5.15926  
1.37855 1.36283 3.85896 0.695688  3.83358  0.288606  
1.29861 2.55924 2.54161 0.964254  2.62574  3.48422  
0.503015 1.19055 5.58828 0.782209  3.51759  1.65754  
0.743829 2.49768 4.29322 0.896007  1.08562  5.11321  
1.1909 2.4797 3.27667 0.633186  3.74994  0.907639  
1.23812 1.45374 4.39822 0.858423  2.0354  4.65458  
1.02302 3.44331 0.0640095 0.722046  3.29376  2.64349  
0.623725 3.58973 2.08054 0.56726  0.333013  5.73244  
1.99288 0.00110873 0.544663 0.441496  3.90088  0.154287  
0.391741 3.80077 1.52213 0.656049  3.03725  3.55089  
0.518885 2.77552 4.28193 0.487395  3.75006  1.52288  
0.845504 3.61998 0.494487 0.585936  1.4127  5.35017  
1.74556 1.0726 2.49944 0.256626  3.9349  0.769328  
1.61708 2.38294 0.113791 0.528453  2.40631  4.75486  
1.52606 2.14137 2.19516 0.394378  3.58781  2.53399  
0.408225 0.162222 5.88016 0.391261  0.147354  5.88123  
0.453354 3.53692 2.62666 0.163724  3.97828  0.400989  
1.34658 2.95949 0.121373 0.340108  2.8747  4.32876  
1.15908 2.76678 2.71381 0.245469  3.77099  2.04308  
1.43533 2.8315 0.137028 0.259795  1.0341  5.9098  
1.07418 0.0282368 5.08609 0.164228  3.9388  1.15166  
1.8529 0.925495 1.84398 0.19079  2.01694  5.35289  
0.219488 3.74098 2.24224 0.100995  3.49911  3.17632  
1.99998 0.00199014 0.232655 0.0492737  0.0492737  6.04927  
1.28833 2.81467 2.06985 0.0306012  3.99964  0.00129539  
1.99318 0.363143 0.00137976 0.0306012  3.99964  0.00129539  
0.256194 1.75055 5.54183 2.00209  0.00209599  0.0020859  
0.795782 3.54274 1.57217 0.0172091  4.00544  0.0055075  
1.73841 1.07486 2.50391 0.0491273  0.0491273  6.04913  
1.64201 1.84144 2.04125 1.99995  0.0768706  0.0758501  
0.145886 3.44074 3.22013 1.99857  0.186763  0.00073481  
1.6783 2.1734 0.241608 1.99908  0.000506201  0.227215  
0.875039 3.60167 0.0184112 1.99061  0.405193  0.000854301  
0.949208 2.71671 3.36609 1.99857  0.186763  0.00073481  
0.503321 2.30038 4.77628 1.99124  0.386817  0.00452822  
0.784317 1.79756 4.96682 1.99063  0.000783473  0.604613  
0.196085 3.02027 4.11927 1.96957  0.707123  0.00098058  
1.8752 1.43106 0.0131362 1.9868  0.362087  0.466679  
1.63431 1.41407 2.84804 1.9748  0.6131  0.278641  
1.45548 2.47576 1.82394 1.98235  0.181172  0.784082  
0.5 3.1479 3.48891 1.95716  0.830095  0.0128032  
1.75974 1.75093 1.12168 1.9779  0.340694  0.756424  
0.457118 3.89944 0.148985 1.96676  0.653784  0.506042  
0.865116 3.41069 2.04038 1.96363  0.00146689  1.15322  
0.0308019 3.99984 0.000852754 1.90511  1.22078  0.000462117  
1.6092 0.034865 3.58419 1.96105  0.641147  0.72695  
1.96363 0.00146689 1.15322 1.93036  1.01849  0.397353  
1.93045 1.01665 0.421083 1.9551  0.328906  1.17572  
1.02433 3.43805 0.035881 1.89429  1.2911  0.00792137  
0.162577 3.92289 1.24652 1.948  0.565838  1.07937  
0.728259 0.944809 5.48395 1.92272  1.00947  0.689129  
0.696593 3.29155 2.74194 1.92629  0.167021  1.6104  
1.00451 0.00189338 5.19153 1.83338  1.59978  0.0557571  
1.99947 0.000677983 0.209272 1.92454  0.784714  1.14741  
1.7698 1.40532 1.86335 1.88064  1.29066  0.675928  
1.18 2.17604 3.84052 1.90728  0.324171  1.74809  
0.227273 2.5442 4.77731 1.82974  1.61739  0.0351926  
0.731237 3.11994 3.13523 1.90211  0.626906  1.60824  
0.0420491 0.0448309 6.02947 1.87241  1.21453  1.07206  
1.83047 0.92863 1.98638 1.85146  0.000569374  2.27383  
1.34376 2.96257 0.113463 1.67941  2.17451  0.0169484  
0.744431 2.74148 3.89936 1.85432  1.22585  1.30579  
0.877862 0.0340049 5.43867 1.76454  1.83443  0.662911  
1.85192 1.22469 1.35793 1.85  0.636204  2.07891  
0.522234 1.75036 5.27015 1.67332  2.18676  0.241129  
1.89756 0.241607 1.86903 1.83183  1.03771  1.84908  
1.99063 0.000783473 0.604613 1.75974  1.75093  1.12168  
0.667461 3.77056 0.284791 1.7821  0.329967  2.68438  
1.2239 1.45421 4.44591 1.55665  2.51101  0.200888  
1.85046 0.000667381 2.28191 1.77675  1.35723  1.86133  
0.0172091 4.00544 0.0055075 1.6676  2.10311  1.02466  
1.19401 3.21562 0.0120382 1.74394  0.582979  2.808  
1.25415 3.1141 0.373057 1.55268  2.4888  0.632677  
0.618934 0.400557 5.69073 1.73226  1.07072  2.5389  
1.95552 0.850585 0.0133134 1.65891  1.95788  1.62163  
0.446967 0.211151 5.86485 1.63152  0.0316922  3.47319  
0.213039 2.29607 5.1163 1.34477  2.96069  0.117691  
1.5587 2.51334 0.138327 1.64157  1.78152  2.15193  
1.06982 3.14665 2.11567 1.48256  2.58587  1.09202  
1.52597 1.29875 3.44962 1.61465  0.842939  3.30985  
1.20731 0.000797941 4.78609 1.34376  2.96257  0.113463  
1.72924 0.329023 3.05379 1.58791  1.43906  2.94543  
0.977185 2.42272 3.83809 1.4725  2.43639  1.77587  
1.64835 2.00339 1.624 1.47686  0.141154  4.04197  
1.02613 2.01988 4.28381 1.18023  3.23051  0.00982068  
1.5306 0.190071 3.89377 1.48701  1.85661  2.89646  
1.96957 0.707123 0.00098058 1.3237  2.81196  1.5746  
0.958217 1.19972 5.03051 1.40399  0.671786  4.15825  
0.153714 3.15552 3.88364 1.16475  3.18928  0.975664  
1.74284 2.01688 0.0305796 1.38882  1.37401  3.79759  
1.3792 2.28195 2.93047 1.29517  2.58557  2.42846  
1.99877 0.175936 0.00068691 1.20731  0.000797941  4.78609  
1.33813 0.646633 4.40706 0.868025  3.6079  0.0179914  
1.67458 0.087937 3.30612 1.21621  2.61717  2.70179  
1.50465 1.71769 3.05474 1.00422  3.39922  1.17904  
1.12296 3.33052 0.0180751 1.22916  1.41888  4.44193  
1.90463 1.22397 0.000486917 0.839734  3.61312  0.552276  
0.725056 2.9074 3.64028 1.15207  2.22665  3.83701  
0.240685 1.19309 5.88275 0.963802  3.2408  2.0103  
2.00209 0.00209599 0.0020859 1.0226  0.0175228  5.15866  
1.37663 1.3621 3.86569 0.67777  3.76141  0.283736  
0.499122 1.18221 5.60118 0.965075  2.62529  3.48421  
1.07283 0.0268258 5.09103 0.780827  3.51527  1.65566  
0.743829 2.49768 4.29322 0.89261  1.12187  5.11913  
1.20194 2.44917 3.23992 0.633501  3.74665  0.909175  
1.50458 2.66325 0.209572 0.854927  2.03972  4.65406  
0.786505 3.70002 0.017637 0.718007  3.29598  2.64724  
0.623725 3.58973 2.08054 0.5648  0.329771  5.73503  
1.78262 0.318646 2.68304 0.43703  3.9028  0.144517  
0.391741 3.80077 1.52213 0.654516  3.03197  3.54593  
0.518885 2.77552 4.28193 0.491399  3.74744  1.52374  
1.99972 0.000802791 0.198101 0.583113  1.42348  5.34615  
1.4279 0.147147 4.23052 0.377315  3.9298  0.00667093  
1.79906 1.78579 0.0355024 0.523781  2.40737  4.75822  
1.52606 2.14137 2.19516 0.409436  3.57823  2.5279  
1.82394 1.64892 0.0362106 0.390965  0.147049  5.88075  
0.44585 3.5195 2.66288 0.163416  3.97797  0.400685  
1.63322 2.31706 0.0773322 0.329169  2.8369  4.28272  
1.15908 2.76678 2.71381 0.250436  3.76801  2.04248  
1.43361 2.84026 0.137548 0.256643  1.02625  5.91394  
1.92806 0.12512 1.61137 0.162585  3.93731  1.15267  
1.40986 1.80766 3.45845 0.18688  2.01468  5.35143  
0.214563 3.73244 2.2764 0.133394  3.486  3.17364  
1.28807 2.56453 2.56509 0.0894976  0.106601  6.04721  
1.28833 2.81467 2.06985 0.0305702  3.99961  0.00126437  
0.0121114 4.00991 0.0099103 0.0305702  3.99961  0.00126437  
0.256194 1.75055 5.54183 2.00102  0.00101551  0.00101551  
0.796946 3.54224 1.57394 0.0170078  4.00526  0.00532919  
1.96315 0.000402363 1.15307 0.0489567  0.0489567  6.04896  
1.64201 1.84144 2.04125 1.99988  0.0770692  0.0770032  
0.145886 3.44074 3.22013 1.99805  0.192177  0.000355437  
1.84866 0.000765825 2.29587 1.99894  0.000374735  0.227584  
1.76966 1.40516 1.86426 1.99027  0.405909  0.000566374  
0.949208 2.71671 3.36609 1.99805  0.192177  0.000355437  
0.503321 2.30038 4.77628 1.99111  0.38668  0.00798399  
0.755694 1.80826 4.95786 1.99047  0.000625394  0.604455  
1.93038 1.01615 0.397258 1.96905  0.7066  0.000457388  
1.9985 0.17863 0.00048891 1.98621  0.362931  0.466152  
1.63431 1.41407 2.84804 1.97457  0.614054  0.278495  
1.45548 2.47576 1.82394 1.98159  0.181033  0.784447  
0.496697 3.1715 3.5654 1.95697  0.829913  0.013111  
1.45861 2.2664 2.48912 1.97723  0.342565  0.756837  
0.457118 3.89944 0.148985 1.96635  0.653654  0.508482  
0.865116 3.41069 2.04038 1.96315  0.000402363  1.15307  
0.0300615 3.99982 0.000282905 1.90482  1.2214  0.00182822  
1.61122 0.0362774 3.57216 1.96016  0.640264  0.726311  
1.24635 3.12706 0.245813 1.93008  1.01826  0.397234  
0.898773 3.57371 0.125288 1.95481  0.329752  1.17651  
1.02433 3.43805 0.035881 1.89368  1.2905  0.00913541  
0.162577 3.92289 1.24652 1.94765  0.566072  1.07953  
0.728259 0.944809 5.48395 1.92215  1.0089  0.688622  
0.696593 3.29155 2.74194 1.92531  0.166568  1.611  
1.00451 0.00189338 5.19153 1.83325  1.60005  0.0550987  
1.87228 1.4478 0.0152085 1.92413  0.784974  1.14707  
1.50661 2.65594 0.210303 1.88026  1.29028  0.675546  
1.18 2.17604 3.84052 1.90678  0.323762  1.74879  
0.227273 2.5442 4.77731 1.82953  1.61717  0.0251153  
0.731237 3.11994 3.13523 1.90158  0.627223  1.60777  
0.0420491 0.0448309 6.02947 1.87213  1.21543  1.07195  
1.83047 0.92863 1.98638 1.85115  0.00035359  2.27433  
1.6488 2.00097 1.62378 1.679  2.17419  0.0158788  
0.744431 2.74148 3.89936 1.8539  1.22543  1.30536  
0.877862 0.0340049 5.43867 1.76435  1.83424  0.663192  
1.18053 3.23081 0.000839037 1.84957  0.636102  2.0789  
0.522234 1.75036 5.27015 1.67324  2.18665  0.241843  
1.89756 0.241607 1.86903 1.83146  1.03668  1.84979  
0.255511 2.74007 4.53351 1.75956  1.75075  1.1215  
1.10398 0.156812 5.00775 1.78181  0.329676  2.68409  
1.85065 1.22393 1.37843 1.55624  2.51058  0.20399  
1.22393 1.45366 4.44539 1.7762  1.35844  1.86229  
1.6248 0.888621 3.23906 1.66715  2.10307  1.02662  
1.82389 1.64856 0.0262396 1.74371  0.582747  2.80776  
0.256936 2.98477 4.09017 1.55233  2.48889  0.633442  
0.618934 0.400557 5.69073 1.73193  1.07039  2.53857  
1.74177 2.01237 0.124215 1.65881  1.95778  1.62153  
0.424089 0.175438 5.86108 1.63116  0.0356533  3.47313  
0.213039 2.29607 5.1163 1.34468  2.9606  0.118255  
1.5587 2.51334 0.138327 1.64133  1.78216  2.15103  
1.06982 3.14665 2.11567 1.48239  2.586  1.09194  
1.52597 1.29875 3.44962 1.61451  0.84369  3.30886  
1.42669 0.0997378 4.22404 1.34397  2.96202  0.118056  
1.72924 0.329023 3.05379 1.58748  1.43928  2.94599  
0.977185 2.42272 3.83809 1.47207  2.43583  1.77785  
1.75956 1.75075 1.1215 1.47683  0.139029  4.04183  
1.02613 2.01988 4.28381 1.17989  3.23017  0.00901271  
1.5306 0.190071 3.89377 1.48642  1.85658  2.89609  
1.74299 1.06906 2.49397 1.32328  2.8114  1.57715  
0.929417 1.18642 5.03359 1.40361  0.668278  4.15733  
0.153714 3.15552 3.88364 1.16436  3.18868  0.975902  
1.79836 1.78701 0.0321395 1.38861  1.37368  3.79779  
1.36127 2.28342 2.94887 1.29474  2.58513  2.42806  
1.18295 2.35452 3.55018 1.20703  0.000522863  4.78583  
1.33565 0.644646 4.41523 0.868916  3.60395  0.0276851  
1.67458 0.087937 3.30612 1.21595  2.61723  2.70164  
1.50465 1.71769 3.05474 0.999004  3.37941  1.17308  
1.15991 2.56786 3.27033 1.22936  1.41913  4.44069  
1.70042 2.1089 0.114373 0.839771  3.61238  0.552893  
0.725056 2.9074 3.64028 1.152  2.22658  3.83694  
0.240685 1.19309 5.88275 0.963517  3.24051  2.01002  
2.00102 0.00101551 0.00101551 1.02266  0.0171581  5.15752  
1.37615 1.36139 3.86541 0.677769  3.75987  0.282842  
0.499122 1.18221 5.60118 0.965029  2.62504  3.48408  
0.0170078 4.00526 0.00532919 0.781357  3.51439  1.65582  
0.743829 2.49768 4.29322 0.892448  1.1193  5.12013  
0.644498 3.79333 0.288893 0.633378  3.74653  0.909052  
1.96885 0.709329 0.000499793 0.854869  2.03966  4.654  
0.786505 3.70002 0.017637 0.717774  3.29584  2.64658  
0.623725 3.58973 2.08054 0.564707  0.329679  5.73494  
1.99932 0.000589149 0.213954 0.43645  3.90304  0.144521  
0.391741 3.80077 1.52213 0.654397  3.0305  3.54389  
0.326034 2.80499 4.3282 0.491222  3.74726  1.52357  
1.90482 1.22141 0.000311338 0.583213  1.42415  5.34491  
1.20397 0.000863288 4.79386 0.377576  3.92901  0.00612671  
1.78201 0.320484 2.68388 0.523642  2.40723  4.75808  
1.49657 1.924 2.7713 0.409447  3.57706  2.52708  
1.34397 2.96202 0.118056 0.39096  0.146985  5.88059  
0.44585 3.5195 2.66288 0.163628  3.97775  0.401664  
1.63322 2.31706 0.0773322 0.326431  2.8329  4.27908  
1.15814 2.76793 2.7195 0.250279  3.76786  2.04233  
1.46754 2.7545 0.12816 0.257055  1.02563  5.91325  
1.92805 0.12646 1.61138 0.162544  3.93721  1.15314  
1.40986 1.80766 3.45845 0.189076  2.01379  5.35079  
0.214563 3.73244 2.2764 0.135216  3.48551  3.17321  
1.2906 2.55963 2.54949 0.0911576  0.109183  6.0468  
1.3225 2.83697 1.49947 0.0305519  3.99959  0.00124606  
0.0124748 4.00926 0.00926789 0.0305519  3.99959  0.00124606  
0.256194 1.75055 5.54183 2.00055  0.000550949  0.000550949  
0.79521 3.54207 1.57318 0.016786  4.0053  0.00536066  
1.20483 0.000595701 4.7906 0.0489243  0.0489243  6.04892  
1.64201 1.84144 2.04125 1.99979  0.0769777  0.0770716  
0.145886 3.44074 3.22013 1.99789  0.195188  0.000269548  
1.90473 1.22132 0.00047634 1.9988  0.00026541  0.230252  
1.76935 1.40665 1.86495 1.99015  0.405792  0.000450033  
0.949208 2.71671 3.36609 1.99789  0.195188  0.000269548  
0.503321 2.30038 4.77628 1.99096  0.38657  0.00931958  
0.755694 1.80826 4.95786 1.9904  0.000556973  0.604386  
0.870298 3.6024 0.0277813 1.9689  0.706457  0.00031427  
1.99838 0.182591 0.000453039 1.98604  0.362778  0.466813  
1.63431 1.41407 2.84804 1.97444  0.614168  0.279529  
1.77569 1.89943 0.0382711 1.98128  0.180901  0.784136  
0.4982 3.14514 3.6059 1.95675  0.82978  0.0114282  
1.48945 2.34487 1.95305 1.97707  0.343989  0.756743  
0.375874 3.92945 0.000664962 1.96615  0.654303  0.508713  
0.862242 3.36455 1.96744 1.96297  0.000256848  1.15319  
0.0300615 3.99982 0.000282905 1.90473  1.22131  0.000996026  
1.61122 0.0362774 3.57216 1.95992  0.640669  0.726669  
1.24635 3.12706 0.245813 1.92996  1.01814  0.397774  
0.496969 1.18569 5.60226 1.95464  0.329589  1.17634  
1.02433 3.43805 0.035881 1.89348  1.29047  0.0101087  
2.00055 0.000550949 0.000550949 1.94737  0.566109  1.07989  
0.728259 0.944809 5.48395 1.92204  1.00927  0.69029  
0.696593 3.29155 2.74194 1.92507  0.166713  1.61101  
1.00451 0.00189338 5.19153 1.83317  1.59997  0.0545318  
1.8489 0.000558233 2.29242 1.92398  0.784981  1.14693  
1.61808 0.997886 3.22554 1.88014  1.29017  0.675845  
1.18 2.17604 3.84052 1.90653  0.324  1.74968  
0.227273 2.5442 4.77731 1.8295  1.61715  0.0261955  
0.731237 3.11994 3.13523 1.90145  0.628368  1.60785  
0.0420491 0.0448309 6.02947 1.8721  1.21527  1.0719  
1.83004 0.997867 1.95447 1.85096  0.000162463  2.27414  
1.65001 1.99484 1.62364 1.67894  2.17414  0.0158212  
0.744431 2.74148 3.89936 1.85366  1.22602  1.30524  
0.877862 0.0340049 5.43867 1.76415  1.8344  0.663069  
1.18006 3.23068 0.000591381 1.84937  0.635983  2.07903  
1.33603 0.64688 4.41231 1.6732  2.18661  0.240585  
1.89756 0.241607 1.86903 1.83103  1.03739  1.8496  
0.255511 2.74007 4.53351 1.75935  1.75054  1.1224  
1.10398 0.156812 5.00775 1.78172  0.329713  2.68401  
0.0121836 4.00938 0.00938093 1.55603  2.51034  0.210166  
1.22946 1.45174 4.42318 1.77606  1.35832  1.86268  
1.7552 1.74644 1.26134 1.66693  2.10299  1.02692  
1.82389 1.64856 0.0262396 1.74363  0.582698  2.80769  
0.256936 2.98477 4.09017 1.55199  2.48854  0.633588  
0.618934 0.400557 5.69073 1.73168  1.0719  2.53856  
0.513455 3.85843 0.394837 1.65863  1.9576  1.6217  
0.440536 0.19445 5.8537 1.63092  0.0338364  3.4737  
0.213039 2.29607 5.1163 1.3446  2.96069  0.11799  
1.5587 2.51334 0.138327 1.64123  1.78208  2.15097  
1.06982 3.14665 2.11567 1.48231  2.58592  1.09185  
1.52597 1.29875 3.44962 1.61447  0.843652  3.30883  
1.42669 0.0997378 4.22404 1.34372  2.96236  0.114953  
0.016786 4.0053 0.00536066 1.58737  1.43918  2.94588  
0.977185 2.42272 3.83809 1.47193  2.43573  1.77786  
1.72929 0.328861 3.05136 1.47665  0.140253  4.04234  
1.02613 2.01988 4.28381 1.17974  3.23036  0.00900165  
1.5306 0.190071 3.89377 1.48622  1.85637  2.89589  
1.74299 1.06906 2.49397 1.32299  2.81111  1.57686  
0.956606 1.19741 5.03006 1.40321  0.672354  4.15677  
0.153714 3.15552 3.88364 1.16407  3.18771  0.975973  
1.96841 0.713108 0.000409182 1.38832  1.37338  3.79749  
1.36127 2.28342 2.94887 1.29454  2.58492  2.42796  
1.18295 2.35452 3.55018 1.20671  0.00131546  4.78565  
1.3446 2.96069 0.11799 0.868721  3.60375  0.0276924  
1.67458 0.087937 3.30612 1.21543  2.61813  2.70127  
1.4712 1.7156 3.18809 0.998627  3.37794  1.17285  
1.15991 2.56786 3.27033 1.22905  1.41933  4.44097  
1.70042 2.1089 0.114373 0.839633  3.61238  0.553358  
0.725056 2.9074 3.64028 1.15215  2.22649  3.83702  
0.253938 1.12812 5.88218 0.963812  3.24017  2.00901  
0.517455 1.72052 5.29497 1.02221  0.0168985  5.15793  
1.37585 1.36108 3.86543 0.677798  3.75929  0.284419  
1.85052 1.22461 1.37763 0.964725  2.62499  3.48388  
1.50595 2.65705 0.21853 0.780583  3.51425  1.65598  
0.743829 2.49768 4.29322 0.892103  1.12065  5.12019  
0.641285 3.79041 0.201215 0.633063  3.74625  0.909402  
1.9641 0.000469731 1.13934 0.855244  2.03902  4.65399  
0.786505 3.70002 0.017637 0.717557  3.29694  2.64363  
0.623725 3.58973 2.08054 0.564655  0.329627  5.73488  
1.292 2.79123 2.11048 0.436398  3.90298  0.144941  
0.391741 3.80077 1.52213 0.654009  3.03019  3.54354  
0.999524 3.36219 1.37228 0.491084  3.74708  1.52372  
0.189469 3.89467 1.47577 0.58267  1.42649  5.34436  
1.99901 0.00032445 0.218133 0.376681  3.92887  0.00396398  
1.78198 0.320821 2.68387 0.52329  2.40704  4.75828  
1.49657 1.924 2.7713 0.408918  3.57593  2.52621  
1.41425 2.6085 1.79035 0.390842  0.146964  5.88047  
0.44677 3.52977 2.61913 0.177144  3.97345  0.442665  
1.63322 2.31706 0.0773322 0.326291  2.8328  4.27897  
1.16147 2.75936 2.71836 0.250243  3.76782  2.04229  
1.46754 2.7545 0.12816 0.256532  1.02928  5.91089  
1.92436 0.119904 1.64379 0.162343  3.93697  1.15322  
1.37609 1.78934 3.52859 0.187903  2.01348  5.35141  
0.214563 3.73244 2.2764 0.135155  3.48541  3.17323  
1.2906 2.55963 2.54949 0.0914665  0.10963  6.04675  
1.92996 1.01814 0.397774 0.0305461  3.99958  0.00124034  
1.86983 1.46398 0.0169301 0.0305461  3.99958  0.00124034  
0.256194 1.75055 5.54183 2.00035  0.000345813  0.000345813  
1.82394 1.64817 0.0282394 0.0167306  4.00524  0.00530526  
1.92985 1.01805 0.398206 0.0489184  0.0489184  6.04892  
1.64201 1.84144 2.04125 1.99973  0.0769834  0.0759638  
0.145886 3.44074 3.22013 1.99786  0.19515  0.00023236  
1.78192 0.321474 2.68384 1.9988  0.00026541  0.230252  
1.8129 1.14809 1.96792 1.99008  0.405801  0.000378063  
0.949208 2.71671 3.36609 1.99786  0.19515  0.00023236  
0.503321 2.30038 4.77628 1.9909  0.386629  0.00922306  
0.755694 1.80826 4.95786 1.99025  0.00167935  0.604238  
1.87272 1.44449 0.0156889 1.96885  0.706401  0.000258814  
1.20532 0.000686793 4.789 1.98601  0.362756  0.466791  
1.63239 1.41465 2.84909 1.97433  0.61455  0.279453  
1.77569 1.89943 0.0382711 1.98114  0.18078  0.784402  
0.4982 3.14514 3.6059 1.95669  0.829906  0.0123079  
1.48945 2.34487 1.95305 1.97679  0.343886  0.756475  
0.376889 3.92908 0.000554653 1.96598  0.65413  0.508573  
0.862242 3.36455 1.96744 1.9629  0.000793536  1.15312  
0.0300615 3.99982 0.000282905 1.90469  1.22127  0.00203916  
1.61024 0.0214166 3.573 1.95974  0.640858  0.726518  
1.24635 3.12706 0.245813 1.92985  1.01805  0.398206  
0.498347 1.18465 5.60041 1.95448  0.329581  1.17663  
1.02433 3.43805 0.035881 1.89343  1.29041  0.00955562  
1.64863 2.00087 1.6241 1.94721  0.565989  1.08065  
0.728259 0.944809 5.48395 1.92185  1.00908  0.690461  
0.696593 3.29155 2.74194 1.925  0.166646  1.61094  
1.00451 0.00189338 5.19153 1.83311  1.60011  0.0537676  
1.85092 0.000126525 2.2741 1.92381  0.784809  1.14676  
1.61808 0.997886 3.22554 1.88011  1.29013  0.675812  
1.21639 2.16479 3.8607 1.90639  0.324071  1.75046  
0.227273 2.5442 4.77731 1.82944  1.61709  0.0270659  
0.731237 3.11994 3.13523 1.90132  0.629086  1.60779  
0.0420491 0.0448309 6.02947 1.87198  1.21515  1.07206  
1.98997 0.409266 0.000441746 1.85092  0.000126525  2.2741  
1.34444 2.96098 0.117993 1.67889  2.17419  0.0157333  
0.744431 2.74148 3.89936 1.85362  1.22598  1.3052  
0.877862 0.0340049 5.43867 1.76398  1.83426  0.663107  
1.17996 3.23073 0.000578563 1.84922  0.63645  2.07893  
1.33603 0.64688 4.41231 1.67309  2.1865  0.240475  
1.89756 0.241607 1.86903 1.8309  1.03748  1.8495  
1.12111 3.33325 0.0166246 1.75926  1.75069  1.12236  
1.10398 0.156812 5.00775 1.78161  0.329628  2.6839  
0.0119553 4.00948 0.00947931 1.55586  2.51053  0.209479  
1.22946 1.45174 4.42318 1.77602  1.35827  1.86264  
1.75484 1.74631 1.27092 1.66686  2.10292  1.02684  
2.00035 0.000345813 0.000345813 1.74352  0.582613  2.80789  
0.256936 2.98477 4.09017 1.55194  2.48848  0.633985  
0.618934 0.400557 5.69073 1.73159  1.07188  2.53863  
0.513455 3.85843 0.394837 1.65849  1.95763  1.62173  
0.440536 0.19445 5.8537 1.6309  0.0338123  3.47367  
0.213039 2.29607 5.1163 1.34444  2.96098  0.117993  
1.5587 2.51334 0.138327 1.64111  1.78196  2.15086  
1.06982 3.14665 2.11567 1.48218  2.58579  1.09183  
1.52597 1.29875 3.44962 1.61428  0.843543  3.3096  
1.42669 0.0997378 4.22404 1.34373  2.96229  0.114434  
0.795944 3.54196 1.57425 1.58713  1.43894  2.94645  
0.977185 2.42272 3.83809 1.47189  2.43569  1.77783  
1.72853 0.329468 3.05559 1.47661  0.140358  4.0423  
1.02613 2.01988 4.28381 1.17964  3.23042  0.00788141  
1.5306 0.190071 3.89377 1.48601  1.85616  2.89568  
1.74299 1.06906 2.49397 1.32271  2.81115  1.57669  
0.956606 1.19741 5.03006 1.40297  0.67232  4.15656  
0.153714 3.15552 3.88364 1.16399  3.18763  0.975893  
1.96847 0.712193 0.000387326 1.38827  1.37341  3.79746  
1.36127 2.28342 2.94887 1.2945  2.58488  2.42791  
1.18295 2.35452 3.55018 1.20653  0.000567658  4.78596  
1.90471 1.2213 0.000323663 0.868437  3.60379  0.027179  
1.67458 0.087937 3.30612 1.21537  2.61808  2.70121  
1.50856 1.69072 3.20592 0.998717  3.37736  1.17291  
1.15991 2.56786 3.27033 1.22902  1.4193  4.44094  
1.70042 2.1089 0.114373 0.839541  3.61228  0.553266  
0.725056 2.9074 3.64028 1.1521  2.22644  3.83696  
0.253938 1.12812 5.88218 0.963709  3.24002  2.00889  
0.517331 1.72241 5.29405 1.02209  0.0167765  5.15781  
1.3758 1.36103 3.86553 0.677604  3.75909  0.284412  
1.85049 1.22457 1.3773 0.964933  2.6249  3.48397  
1.50595 2.65705 0.21853 0.780497  3.51417  1.6559  
0.743829 2.49768 4.29322 0.89202  1.12055  5.12034  
0.624257 3.80413 0.150682 0.633002  3.74618  0.909392  
0.475861 2.80168 4.3046 0.855221  2.03896  4.65396  
0.786505 3.70002 0.017637 0.717361  3.29615  2.64611  
0.623725 3.58973 2.08054 0.564606  0.329578  5.73484  
1.292 2.79123 2.11048 0.436344  3.90287  0.144758  
0.391741 3.80077 1.52213 0.653836  3.03001  3.54337  
0.970908 3.42076 1.17813 0.490383  3.74731  1.52363  
0.189469 3.89467 1.47577 0.582596  1.42629  5.34423  
0.0167306 4.00524 0.00530526 0.377199  3.92864  0.00519159  
0.86944 3.60291 0.0276157 0.523262  2.40689  4.75818  
1.49657 1.924 2.7713 0.408977  3.57567  2.5269  
1.41425 2.6085 1.79035 0.390885  0.146956  5.88038  
0.44677 3.52977 2.61913 0.177127  3.97344  0.442648  
1.63322 2.31706 0.0773322 0.329905  2.83295  4.27738  
1.16063 2.76056 2.71794 0.250226  3.76794  2.04166  
1.46754 2.7545 0.12816 0.256516  1.02936  5.91081  
1.92852 0.12471 1.61362 0.162388  3.93692  1.15318  
1.37609 1.78934 3.52859 0.18787  2.01377  5.35108  
0.214563 3.73244 2.2764 0.134959  3.48544  3.17324  
1.2906 2.55963 2.54949 0.0913625  0.109549  6.04668  
0.263012 2.7349 4.53261 0.0305414  3.99958  0.00123559  
1.9634 0.000313479 1.14753 0.0305414  3.99958  0.00123559  
0.256194 1.75055 5.54183 2.00029  0.000288337  0.000288337  
1.93159 0.0931606 1.61629 0.0167086  4.00522  0.00528324  
1.50561 2.65737 0.217771 0.0489091  0.0489091  6.04891  
1.64201 1.84144 2.04125 1.99971  0.0769626  0.075943  
0.145886 3.44074 3.22013 1.99776  0.200236  0.000260961  
1.78192 0.321474 2.68384 1.99876  0.00022414  0.230117  
1.85109 1.22485 1.36316 1.99002  0.405744  0.000320697  
0.951118 2.70254 3.38412 1.99776  0.200236  0.000260961  
0.503321 2.30038 4.77628 1.99088  0.386612  0.00926431  
0.740373 1.76473 5.03389 1.99022  0.00180719  0.604199  
0.0167086 4.00522 0.00528324 1.96881  0.706365  0.000222887  
1.20495 0.000662303 4.78991 1.98593  0.363252  0.466768  
1.63239 1.41465 2.84909 1.97425  0.614573  0.279384  
1.77569 1.89943 0.0382711 1.98102  0.181094  0.784611  
0.479834 3.15214 3.63953 1.95666  0.829868  0.0117246  
2.00029 0.000288337 0.000288337 1.97677  0.343865  0.756455  
0.376889 3.92908 0.000554653 1.96596  0.654108  0.50855  
0.862242 3.36455 1.96744 1.9629  0.000173379  1.15312  
0.0300615 3.99982 0.000282905 1.90466  1.22124  0.00103565  
1.08847 3.3873 0.0223907 1.95959  0.640714  0.726404  
1.24635 3.12706 0.245813 1.9298  1.018  0.398286  
0.483064 1.16404 5.59567 1.95445  0.329551  1.1766  
1.00203 3.35036 1.51699 1.89341  1.2905  0.00989338  
1.59734 1.98562 2.16311 1.94713  0.56592  1.08074  
0.728259 0.944809 5.48395 1.92189  1.00908  0.688119  
0.696593 3.29155 2.74194 1.92497  0.166602  1.61097  
1.00451 0.00189338 5.19153 1.83304  1.60005  0.0536977  
0.93903 3.56075 0.0408439 1.92379  0.78488  1.14675  
1.61808 0.997886 3.22554 1.88005  1.29007  0.675752  
1.21639 2.16479 3.8607 1.90636  0.324176  1.75043  
0.227273 2.5442 4.77731 1.82941  1.61706  0.0275735  
0.731237 3.11994 3.13523 1.90127  0.629017  1.60746  
0.0420491 0.0448309 6.02947 1.87187  1.21505  1.07195  
1.69388 2.14086 0.0188826 1.85087  8.93551e-05  2.27409  
1.84906 0.000499902 2.29069 1.67887  2.17424  0.0156053  
0.744431 2.74148 3.89936 1.8536  1.22598  1.30518  
0.877862 0.0340049 5.43867 1.76383  1.83411  0.663234  
1.17996 3.23073 0.000578563 1.8492  0.636424  2.0789  
1.33603 0.64688 4.41231 1.67305  2.18646  0.240158  
1.89756 0.241607 1.86903 1.83083  1.03741  1.84942  
1.82194 1.65828 0.0210047 1.75915  1.7506  1.12231  
1.10398 0.156812 5.00775 1.78144  0.32919  2.68404  
0.012011 4.00935 0.00935781 1.5558  2.51047  0.209418  
1.2348 1.45952 4.39798 1.77586  1.3591  1.86264  
1.75505 1.74652 1.26414 1.66682  2.10288  1.0269  
1.61023 0.0153121 3.57111 1.74347  0.582731  2.80786  
0.256936 2.98477 4.09017 1.5519  2.48845  0.633949  
0.618934 0.400557 5.69073 1.73157  1.07186  2.53861  
0.513455 3.85843 0.394837 1.65845  1.95759  1.62169  
0.440536 0.19445 5.8537 1.63086  0.0337799  3.47364  
0.213039 2.29607 5.1163 1.34437  2.96092  0.116519  
1.5587 2.51334 0.138327 1.64099  1.78183  2.15098  
1.06982 3.14665 2.11567 1.48217  2.58578  1.09182  
1.52597 1.29875 3.44962 1.61437  0.843405  3.30907  
1.42507 0.114595 4.23324 1.34372  2.96227  0.117522  
0.795944 3.54196 1.57425 1.58705  1.43887  2.94637  
0.977185 2.42272 3.83809 1.47188  2.43568  1.77782  
1.72853 0.329468 3.05559 1.47659  0.140347  4.04229  
1.02613 2.01988 4.28381 1.17961  3.23039  0.00830571  
1.5306 0.190071 3.89377 1.48596  1.85612  2.89563  
1.74299 1.06906 2.49397 1.32286  2.81076  1.57665  
0.932767 1.45712 4.90499 1.40288  0.677015  4.15612  
0.153714 3.15552 3.88364 1.16399  3.18747  0.975829  
1.96846 0.712131 0.000373498 1.3882  1.37334  3.79753  
1.36127 2.28342 2.94887 1.29447  2.58484  2.42798  
1.18295 2.35452 3.55018 1.20642  0.000440244  4.78585  
1.90471 1.2213 0.000323663 0.868405  3.60372  0.0269304  
1.67458 0.087937 3.30612 1.21543  2.61783  2.70116  
1.50856 1.69072 3.20592 0.998681  3.37732  1.17287  
1.17826 2.52825 3.22485 1.22896  1.41923  4.44087  
1.64864 2.00047 1.62401 0.839505  3.61217  0.553191  
0.725056 2.9074 3.64028 1.1521  2.22643  3.83696  
0.253938 1.12812 5.88218 0.963664  3.23982  2.00877  
0.517331 1.72241 5.29405 1.02206  0.0169464  5.15778  
1.3758 1.36111 3.86525 0.677682  3.75896  0.284368  
1.98985 0.410353 0.000379811 0.964895  2.62487  3.48393  
1.9298 1.018 0.398286 0.780876  3.51386  1.65596  
0.743829 2.49768 4.29322 0.891972  1.12051  5.12029  
0.626189 3.80176 0.0903165 0.632983  3.74616  0.909374  
0.475861 2.80168 4.3046 0.855223  2.03901  4.65383  
0.786505 3.70002 0.017637 0.717298  3.29613  2.64607  
0.579646 3.57594 2.11228 0.564601  0.329572  5.73483  
1.292 2.79123 2.11048 0.436328  3.90285  0.144742  
0.391741 3.80077 1.52213 0.653759  3.02982  3.54352  
1.4923 2.32369 1.95728 0.490904  3.74709  1.52366  
0.189469 3.89467 1.47577 0.582705  1.4266  5.34388  
1.76733 1.38599 1.93308 0.377134  3.92857  0.0051268  
1.34437 2.96092 0.116519 0.523233  2.40693  4.75803  
1.49876 1.91669 2.77872 0.408901  3.57559  2.52682  
1.41446 2.60795 1.79032 0.390883  0.146954  5.88038  
0.44677 3.52977 2.61913 0.177116  3.97343  0.442638  
1.63322 2.31706 0.0773322 0.328954  2.83259  4.27685  
1.16063 2.76056 2.71794 0.250206  3.76792  2.04164  
1.46754 2.7545 0.12816 0.25617  1.0291  5.9104  
1.8701 1.46155 0.0166088 0.16237  3.9369  1.15316  
1.37609 1.78934 3.52859 0.188518  2.01348  5.35094  
0.214563 3.73244 2.2764 0.135054  3.4854  3.17328  
1.2906 2.55963 2.54949 0.0920797  0.110616  6.04659  
0.263012 2.7349 4.53261 0.0305333  3.99958  0.00123233  
1.96354 0.000379222 1.14537 0.0305333  3.99958  0.00123233  
