2.16276 2.27019 2.74121 2.16276  2.27019  2.74121  
1.22457 2.47068 5.20209 1.22457  2.47068  5.20209  
0.837261 3.09716 4.89256 0.837261  3.09716  4.89256  
0.818018 3.78504 3.56907 0.818018  3.78504  3.56907  
2.14427 2.93785 2.00929 2.14427  2.93785  2.00929  
0.92218 1.98747 6.03431 0.92218  1.98747  6.03431  
1.76694 2.82278 3.92657 1.76694  2.82278  3.92657  
0.940231 1.2749 6.33946 0.940231  1.2749  6.33946  
1.90337 3.1949 2.62905 1.90337  3.1949  2.62905  
1.0828 2.15847 5.65426 1.0828  2.15847  5.65426  
1.54003 0.632404 5.7432 1.54003  0.632404  5.7432  
1.58795 2.07647 4.90892 1.58795  2.07647  4.90892  
0.879367 1.52729 6.32118 0.879367  1.52729  6.32118  
0.979491 4.05191 3.29958 0.979491  4.05191  3.29958  
1.11079 2.70179 5.41489 1.11079  2.70179  5.41489  
1.71274 2.88046 3.99299 1.71274  2.88046  3.99299  
2.03582 2.90291 3.08866 2.03582  2.90291  3.08866  
1.11445 2.39551 5.72576 1.11445  2.39551  5.72576  
2.05517 2.14212 4.24297 2.05517  2.14212  4.24297  
1.44535 3.47067 3.04801 1.44535  3.47067  3.04801  
1.49081 3.44338 2.81955 1.49081  3.44338  2.81955  
0.747352 1.91631 6.03612 0.747352  1.91631  6.03612  
1.71147 1.76602 4.78684 1.71147  1.76602  4.78684  
1.83229 2.51151 4.21575 1.83229  2.51151  4.21575  
1.11464 2.71389 5.31802 1.11464  2.71389  5.31802  
1.01708 1.59234 6.0088 1.01708  1.59234  6.0088  
1.69511 1.93066 4.92138 1.69511  1.93066  4.92138  
0.741847 3.22246 4.66377 0.741847  3.22246  4.66377  
2.26296 2.09511 1.16427 2.26296  2.09511  1.16427  
1.70664 2.7917 3.79877 1.70664  2.7917  3.79877  
1.3731 2.71812 5.12268 1.3731  2.71812  5.12268  
0.94829 4.07425 2.39809 0.94829  4.07425  2.39809  
1.93065 1.53346 4.69456 1.93065  1.53346  4.69456  
1.55889 2.36601 5.25222 1.55889  2.36601  5.25222  
1.02785 3.85543 3.2692 1.02785  3.85543  3.2692  
1.52353 1.65584 5.71093 1.52353  1.65584  5.71093  
1.88213 1.30301 4.63057 1.88213  1.30301  4.63057  
1.68636 1.74587 5.26991 1.68636  1.74587  5.26991  
1.83151 1.40232 5.2204 1.83151  1.40232  5.2204  
1.94467 1.59536 4.35951 1.94467  1.59536  4.35951  
1.91502 2.71572 3.52112 1.91502  2.71572  3.52112  
1.61729 2.71565 4.21949 1.61729  2.71565  4.21949  
2.02046 2.27194 3.89486 2.02046  2.27194  3.89486  
2.06989 1.25582 3.52875 2.06989  1.25582  3.52875  
1.09075 1.5367 6.24987 1.09075  1.5367  6.24987  
1.77988 3.02246 3.38945 1.77988  3.02246  3.38945  
1.85 1.62557 5.12621 1.85  1.62557  5.12621  
1.55613 2.86272 4.10298 1.55613  2.86272  4.10298  
1.63562 1.9869 5.11172 1.63562  1.9869  5.11172  
2.38975 0.764529 2.78053 2.38975  0.764529  2.78053  
1.18991 3.10691 4.44784 1.18991  3.10691  4.44784  
1.72883 3.17645 3.56298 1.72883  3.17645  3.56298  
2.19802 1.95804 3.38501 2.19802  1.95804  3.38501  
1.79241 3.6018 1.93011 1.79241  3.6018  1.93011  
1.61472 1.5272 5.28604 1.61472  1.5272  5.28604  
2.23553 1.86147 2.5161 2.23553  1.86147  2.5161  
1.48838 2.87917 4.30041 1.48838  2.87917  4.30041  
1.07916 2.74004 5.11452 1.07916  2.74004  5.11452  
1.81957 2.00264 4.24869 1.81957  2.00264  4.24869  
0.849129 2.13856 5.81173 0.849129  2.13856  5.81173  
1.49058 1.82207 5.41595 1.49058  1.82207  5.41595  
1.62178 2.92027 3.51206 1.62178  2.92027  3.51206  
1.97901 1.39138 4.36604 1.97901  1.39138  4.36604  
1.467 3.73321 2.85967 1.467  3.73321  2.85967  
2.22453 1.80981 3.31003 2.22453  1.80981  3.31003  
1.55552 2.21124 4.81151 1.55552  2.21124  4.81151  
1.99892 3.14689 1.52 1.99892  3.14689  1.52  
1.07793 3.59772 3.5137 1.07793  3.59772  3.5137  
2.0919 2.34584 2.59941 2.0919  2.34584  2.59941  
1.50938 3.79594 1.12862 1.50938  3.79594  1.12862  
2.03227 2.71333 3.23869 2.03227  2.71333  3.23869  
1.27211 3.04588 5.09071 1.27211  3.04588  5.09071  
1.89239 1.75288 4.48366 1.89239  1.75288  4.48366  
1.15081 2.80059 5.15848 1.15081  2.80059  5.15848  
1.8968 2.75643 2.88703 1.8968  2.75643  2.88703  
1.57019 0.596425 5.57985 1.57019  0.596425  5.57985  
1.68301 2.92662 3.74398 1.68301  2.92662  3.74398  
1.50697 3.54122 3.69226 1.50697  3.54122  3.69226  
1.38394 2.33524 5.32153 1.38394  2.33524  5.32153  
1.42821 2.63178 5.15475 1.42821  2.63178  5.15475  
2.04418 2.55315 2.20701 2.04418  2.55315  2.20701  
2.26578 1.11052 3.25963 2.26578  1.11052  3.25963  
1.02306 3.22227 4.82095 1.02306  3.22227  4.82095  
1.53615 1.26113 5.78578 1.53615  1.26113  5.78578  
1.493 4.16974 1.65386 1.493  4.16974  1.65386  
1.74247 1.24678 5.22439 1.74247  1.24678  5.22439  
0.852822 2.17678 5.65929 0.852822  2.17678  5.65929  
1.51646 3.52623 3.07731 1.51646  3.52623  3.07731  
1.26654 1.31165 6.28701 1.26654  1.31165  6.28701  
1.83545 3.22643 1.65416 1.83545  3.22643  1.65416  
1.7476 3.04383 3.65022 1.7476  3.04383  3.65022  
1.66314 2.8119 4.1134 1.66314  2.8119  4.1134  
1.44301 2.5734 4.842 1.44301  2.5734  4.842  
1.0496 1.59089 5.802 1.0496  1.59089  5.802  
1.15284 2.7318 5.00957 1.15284  2.7318  5.00957  
1.66733 2.7733 3.1434 1.66733  2.7733  3.1434  
1.18016 3.59853 3.653 1.18016  3.59853  3.653  
1.76195 2.14855 4.72113 1.76195  2.14855  4.72113  
1.75186 2.1826 4.58011 1.75186  2.1826  4.58011  
0.891647 2.92989 5.13578 0.891647  2.92989  5.13578  
1.04596 2.41955 3.85113 1.75769  0.91072  3.37715  
1.93875 0.12366 2.02018 1.28041  2.5543  3.37451  
0.533767 3.51445 2.67802 1.23179  1.53897  4.66959  
1.32901 3.12497 0.0995933 2.04946  0.126849  0.129411  
1.85289 0.340902 2.61047 2.04721  0.256308  0.118478  
0.831349 2.01876 4.7179 2.04765  0.140574  0.306895  
0.808636 2.89136 3.62443 2.04017  0.44419  0.107736  
0.558873 3.12064 3.5907 2.04432  0.251516  0.385968  
1.84855 1.79894 0.118478 2.03946  0.430092  0.280778  
1.045 1.22469 4.94806 2.03991  0.132018  0.639272  
1.53042 2.73988 0.176797 2.01966  0.743344  0.0980924  
2.0492 0.0527868 0.237654 2.03618  0.40553  0.509944  
0.89404 3.47315 1.85289 2.02491  0.653814  0.327979  
1.05388 1.72887 4.59058 2.03166  0.228643  0.815131  
0.960529 0.239626 5.38531 2.00712  0.86389  0.241368  
0.831946 2.48687 4.19222 2.02755  0.385417  0.791999  
0.828191 1.50211 5.13117 2.01697  0.69274  0.549748  
1.69384 0.187023 3.46242 2.01459  0.123306  1.16873  
2.04963 0.126856 0.0544181 1.95854  1.2456  0.0889232  
0.318423 2.4995 4.72577 2.01094  0.677292  0.761998  
1.90654 0.122396 2.27882 1.98267  1.04606  0.439458  
1.3953 2.22298 3.06774 2.00637  0.365668  1.20291  
1.43984 1.35076 3.90001 1.94605  1.31308  0.285065  
1.14568 0.247079 5.06434 2.00042  0.591894  1.09982  
1.15974 3.37642 0.191303 1.97478  1.03726  0.731137  
1.48669 0.238682 4.21452 1.97796  0.210224  1.62762  
1.0176 3.55106 0.203558 1.88983  1.61547  0.201326  
0.317527 3.09724 3.85565 1.97647  0.820025  1.17438  
0.339803 2.26466 4.97098 1.94194  1.30215  0.566829  
1.5724 1.9113 2.77396 1.96394  0.35928  1.7282  
1.80825 1.06812 2.46928 1.89154  1.63406  0.403494  
0.491401 3.77146 1.80865 1.95781  0.668171  1.62051  
1.5197 2.31983 2.27882 1.92721  1.2431  1.09022  
0.548969 0.98751 5.68766 1.90654  0.122396  2.27882  
1.62727 2.15591 1.95768 1.96197  1.1091  1.01662  
1.68672 1.6332 2.55257 1.91065  1.25144  1.32199  
1.57918 1.5314 3.22347 1.85439  1.78294  0.310056  
1.48777 2.81997 0.413027 1.91662  0.662623  2.06538  
1.38898 2.42079 2.77036 1.73225  2.20134  0.391509  
1.56493 2.66341 0.0588475 1.887  1.06261  1.8726  
1.42856 2.9466 0.187712 1.82024  1.76274  1.1436  
1.35805 2.57739 2.57449 1.85994  0.364789  2.72105  
0.100948 1.01919 5.8823 1.62237  2.52543  0.252512  
0.953303 3.26735 2.38159 1.84229  1.37023  1.87268  
1.22117 2.75714 2.74088 1.72651  2.125  1.06432  
0.814252 2.70594 3.9064 1.82018  0.197541  2.83496  
0.862944 3.70446 0.106796 1.6403  2.5754  0.654038  
1.03539 2.62537 3.56395 1.8078  0.986439  2.54852  
1.57363 1.06801 3.62422 1.7325  1.96903  1.60964  
1.43814 1.81966 3.45759 1.50869  0.244353  4.14919  
1.3851 0.906578 4.32865 1.40334  2.99735  0.159426  
0.722872 3.81206 0.334365 1.75071  1.84304  1.97581  
1.34588 0.221156 4.62172 1.54737  2.62111  1.0872  
0.790724 0.98409 5.44433 1.73478  0.77911  3.12768  
1.01285 2.95349 2.99757 1.49594  2.80914  0.408329  
1.95989 1.23711 0.0541204 1.68549  1.27346  2.98801  
0.551759 0.0515043 5.85811 1.54012  2.45525  1.78221  
0.327425 2.01659 5.2193 1.5579  0.329603  3.98179  
1.91643 1.48657 0.118478 1.26086  3.23359  0.420905  
2.05058 0.0766677 0.0724796 1.6231  1.47643  3.08324  
0.746084 0.261884 5.66931 1.41425  2.7807  1.6409  
1.78961 2.02326 0.104595 1.5653  0.265761  3.96457  
1.62636 2.51154 0.119607 1.23692  3.22653  0.847238  
1.71059 2.00706 1.65161 1.60095  1.39495  3.28952  
1.22886 3.26953 0.481983 1.42568  2.52976  2.32807  
2.01907 0.75 0.0980924 1.23114  0.416107  5.02788  
1.73834 2.20138 0.0554386 1.96447  0.668894  1.54703  
1.34808 2.76059 2.13033 1.29385  2.6193  2.73916  
0.228509 0.0866763 6.03017 1.08531  3.40738  1.08344  
0.296696 3.72422 2.30334 1.26031  1.41797  4.41353  
1.27741 1.9271 3.86671 0.917557  3.64351  0.58753  
1.06811 3.33752 1.59503 1.16816  2.13388  3.93346  
1.55497 0.106156 4.00075 1.10957  3.39228  1.63743  
1.22729 0.951391 4.71596 1.08467  0.670419  5.12742  
1.22967 2.52715 3.2059 1.21851  3.30951  0.466896  
0.349523 2.80553 4.30815 1.03042  2.81285  3.70436  
1.05602 2.19932 4.1159 0.672329  3.68741  1.7552  
1.86587 1.27702 1.80179 0.907351  1.09921  5.39449  
1.87774 1.67346 0.171978 0.664078  3.81121  0.962712  
0.776317 3.2178 3.00228 0.933772  1.97382  4.65802  
0.108461 1.48525 5.65842 0.819742  3.37666  2.54906  
1.82018 0.197541 2.83496 0.754096  0.366283  5.77312  
0.228244 4.03353 0.154796 0.511896  3.94102  0.17631  
1.24002 2.32937 3.45834 0.771531  3.11801  3.57372  
1.24474 1.42243 4.40218 0.498059  3.902  1.38468  
1.68549 1.27346 2.98801 0.540809  1.49016  5.46898  
0.627442 3.81334 1.11439 0.437208  3.94181  0.806076  
0.310869 3.41087 3.20871 0.678076  0.96974  5.63831  
0.547455 3.9242 0.0996253 0.541405  3.50221  2.71753  
2.01487 0.0525886 1.16967 0.18114  0.477028  6.01238  
1.99505 0.125848 1.44214 0.305806  4.00737  0.49844  
1.7005 2.30883 0.0980924 0.437138  1.16181  5.86171  
0.27432 3.92041 1.46635 0.266418  3.80886  2.02816  
0.719219 3.56104 2.10912 0.292863  1.01107  5.83502  
1.13034 3.13236 2.10519 0.242354  4.01369  1.10369  
1.74716 1.69177 2.09263 0.784604  3.45902  2.71472  
1.98711 1.0447 0.0980924 0.83641  3.8342  0.984727  
1.92163 0.949481 1.70309 1.11105  1.24932  5.00503  
1.75324 0.201302 3.18675 1.16543  2.92679  2.56338  
0.581262 1.51083 5.40368 1.08689  2.27208  3.95275  
1.69236 2.04538 1.65046 1.53474  1.86471  3.02817  
1.80154 0.112104 2.9122 1.84437  1.15461  2.539  
1.68943 2.32124 0.114417 1.40413  0.582069  4.62002  
1.98131 1.0457 0.0997552 2.04447  0.122215  0.120835  
0.822566 2.03574 4.70168 2.04212  0.254362  0.114417  
1.31341 3.13829 0.173141 2.04223  0.140696  0.326219  
1.18478 0.689117 4.89186 2.03484  0.446053  0.0997552  
1.67029 0.186089 3.53794 2.03933  0.246198  0.380921  
1.05608 3.34509 1.59813 2.03436  0.428047  0.272433  
1.78147 2.03274 0.069372 2.03463  0.13144  0.641337  
0.529361 3.92619 0.169085 2.01407  0.74508  0.0913492  
1.16053 3.36684 0.0480355 2.03089  0.405955  0.506467  
1.01585 1.22536 4.98764 2.01956  0.653814  0.320968  
1.21423 3.28017 0.442137 2.02652  0.225235  0.812518  
0.940026 0.213789 5.41141 2.00136  0.866351  0.234605  
1.9379 1.0408 1.31605 2.0221  0.386812  0.79129  
0.0860398 0.580976 5.99726 2.0116  0.692246  0.544865  
0.0819956 0.45582 6.01985 2.0088  0.120021  1.17585  
1.50024 2.78894 0.0472548 1.95169  1.25225  0.0845575  
1.11053 3.13822 2.1131 2.00816  0.668408  0.70793  
1.31842 2.80777 2.10589 1.97608  1.05225  0.439332  
1.46814 2.85567 0.0473241 2.00401  0.358375  1.15851  
1.44391 0.23024 4.32743 1.9389  1.32121  0.276788  
1.87249 0.125137 2.48582 1.99876  0.552089  1.07874  
1.67057 1.64108 2.59931 1.96928  1.0436  0.701434  
1.80529 1.26324 2.26634 1.97222  0.208236  1.63651  
1.0424 2.20153 4.12817 1.88163  1.62512  0.197849  
0.560638 2.94604 3.89318 1.97053  0.822034  1.17302  
1.01611 2.63619 3.57526 1.92767  1.32284  0.697589  
0.746255 3.34685 2.70207 1.97856  0.319089  1.59531  
0.731148 0.198148 5.67618 1.87436  1.63481  0.486325  
1.87191 1.34869 1.50769 1.94938  0.664903  1.6247  
1.5322 1.8939 2.94514 1.92998  1.26032  0.907291  
1.55981 1.09482 3.64981 1.90345  0.100282  2.26663  
0.260585 3.20842 3.66237 1.73094  2.1968  0.068662  
1.40092 2.98394 0.18735 1.97091  1.03837  0.675671  
0.543408 3.26249 3.28115 1.81369  1.8611  0.696634  
1.20931 2.53246 3.22114 1.8981  0.671125  2.09735  
1.04125 1.71544 4.61047 1.76571  2.08216  0.19456  
0.273051 2.51701 4.72316 1.9475  0.0930587  1.89762  
0.805762 2.70907 3.92474 1.80985  1.77799  1.15133  
1.95169 1.25225 0.0845575 1.83119  0.36842  2.70027  
0.295617 3.52283 2.91406 1.56904  2.85508  1.8122  
0.964582 3.13758 2.69351 1.83003  1.37342  1.89369  
1.73 2.19557 0.257763 1.72039  2.12939  1.0261  
1.9472 0.128294 1.89762 1.82142  0.44191  2.76865  
0.903268 3.39195 2.10701 1.62642  2.47502  0.606113  
0.773269 0.982695 5.45803 1.86729  1.1625  2.12713  
1.90538 1.51287 0.0997552 1.71832  1.96046  1.64027  
2.01516 0.733399 0.0461529 1.80589  0.219431  3.24447  
1.63391 2.47385 0.114417 1.40092  2.98394  0.18735  
0.801467 2.92187 3.55282 1.79971  1.35263  2.16407  
0.494268 3.62904 2.35943 1.54294  2.63492  0.987793  
1.2184 1.67887 4.25347 1.71778  0.897859  3.1391  
1.55898 2.65221 0.320968 1.39617  2.96779  0.634826  
1.99425 0.0942315 1.39084 1.73626  1.23793  3.09594  
0.551759 0.0515043 5.85811 1.53362  2.54143  1.70647  
0.327425 2.01659 5.2193 1.53363  0.27575  4.039  
0.323513 1.47756 5.58844 1.24281  3.27043  0.394224  
2.05058 0.0766677 0.0724796 1.69108  2.22888  1.80391  
1.21372 1.17297 4.61269 1.39279  2.81193  1.64851  
0.211169 4.0387 0.182194 1.46066  0.506256  4.3133  
1.00764 2.81471 3.29937 1.22036  3.21736  1.00666  
1.20224 2.77523 2.72786 1.5219  1.27658  3.89898  
0.277798 3.79065 2.03145 1.3707  2.72632  2.07783  
0.169135 0.141916 6.04066 1.01347  0.0837068  5.30439  
1.67542 1.21201 3.04916 1.33052  2.22551  4.02948  
1.91795 0.0476187 2.15517 1.23388  2.84403  3.29915  
1.22106 2.33339 3.48518 0.872243  3.66776  1.00891  
0.802485 2.50181 4.22075 1.24806  1.44832  4.45656  
1.4105 2.25351 2.91629 0.905507  3.63861  0.573497  
1.25559 2.07083 3.83549 1.1956  2.12768  3.83704  
1.59463 0.201335 3.83087 1.01603  3.3262  1.89566  
1.74799 0.0957156 3.19446 1.02344  0.514593  5.23599  
1.56528 1.53232 3.24213 0.741912  3.79267  0.274925  
1.60953 2.20137 1.91906 1.01895  2.66914  3.51311  
1.02489 2.4363 3.8596 0.712477  3.72874  1.27582  
1.5334 2.1408 2.53828 0.8978  0.988772  5.37846  
1.43052 1.39252 3.88017 0.698953  3.77696  0.947378  
1.78322 1.75183 1.54587 0.92741  2.07048  4.70784  
1.48744 0.625276 4.10908 0.811046  3.27279  2.79108  
0.995928 3.56578 0.196303 0.721843  0.317286  5.67618  
1.3422 2.5867 2.56582 0.502391  3.93761  0.200767  
0.813719 1.50401 5.14104 0.719992  3.11298  3.34551  
0.322004 2.26321 4.97474 0.555193  3.77872  1.56033  
1.49624 2.45319 2.05115 0.474545  1.37617  5.55431  
0.25201 3.94148 1.25115 0.443679  3.93165  0.807218  
1.33433 0.256401 4.62083 0.54746  1.84538  5.28088  
0.568308 1.50697 5.41109 0.845255  2.01818  5.0865  
2.01487 0.0525886 1.16967 0.398402  0.559926  5.90012  
2.03214 0.497868 0.0472548 0.255827  4.01339  0.454686  
0.0977634 1.05937 5.85448 0.454202  3.29326  3.58588  
0.3265 2.82681 4.27639 0.306201  3.77723  2.05617  
1.43425 1.85226 3.43621 0.316708  1.04841  5.79567  
0.652826 3.71573 1.58873 0.667399  1.28392  5.63749  
0.856198 3.55208 1.59571 0.404062  1.67651  5.4923  
1.12879 0.257229 5.07891 0.417163  1.48155  5.55666  
1.84104 1.80428 0.111361 0.982989  2.10428  4.75532  
0.850076 3.71027 0.1789 0.980918  3.31519  2.08197  
0.687884 3.83157 0.194842 1.26948  2.05821  3.90365  
2.00749 0.1224 1.19581 2.04499  0.052737  0.053182  
0.691395 3.82583 0.321657 0.201894  4.03163  0.181506  
0.787452 1.5024 5.1729 0.188381  0.17252  6.0265  
0.924983 0.206324 5.42758 2.04446  0.12235  0.12263  
1.02701 3.52474 0.321657 2.04206  0.256517  0.115954  
1.73936 0.210192 3.2232 2.04217  0.140664  0.329688  
0.232452 3.94243 1.27292 2.03463  0.449988  0.10396  
0.0618803 0.357978 6.02639 2.03917  0.249409  0.384935  
1.72526 2.21392 0.121858 2.03419  0.43098  0.274666  
0.820193 2.57522 4.06833 2.03441  0.131612  0.647847  
1.28189 2.957 1.82024 2.01357  0.750668  0.0920321  
1.16053 3.36684 0.0480355 2.03069  0.407559  0.51143  
0.898884 3.40068 2.07023 2.01913  0.658672  0.324281  
0.0692573 0.631411 5.98115 2.02586  0.226375  0.827228  
1.02687 2.204 4.1481 2.00076  0.871855  0.236762  
0.304051 2.27298 4.96712 2.02169  0.387745  0.799918  
0.0792955 0.868509 5.91557 2.01094  0.697319  0.55309  
1.30138 0.154102 4.71048 2.00749  0.1224  1.19581  
1.50024 2.78894 0.0472548 1.94984  1.26385  0.0851444  
0.298062 1.21677 5.73133 2.00437  0.684969  0.770486  
1.77636 2.04726 0.0805312 1.97483  1.06124  0.44268  
1.46814 2.85567 0.0473241 1.99936  0.374493  1.21969  
1.00607 2.63954 3.58633 1.937  1.33184  0.284235  
1.54819 1.11219 3.66457 1.99198  0.610554  1.12374  
0.25725 3.73334 2.27792 1.96694  1.05172  0.734166  
1.03055 1.74267 4.60279 1.97004  0.212166  1.65284  
1.98002 1.05587 0.0920321 1.87801  1.64132  0.209959  
1.52413 1.92562 2.93496 1.96882  0.828553  1.18907  
0.208031 0.0472054 6.02503 1.92552  1.33039  0.719739  
1.03659 3.36132 1.59591 1.95148  0.368631  1.79209  
0.201879 4.03168 0.178894 1.86977  1.6545  0.495881  
1.83724 1.82007 0.0805312 1.9465  0.673098  1.6485  
1.63513 2.00464 2.19045 1.91733  1.25669  1.11549  
1.64934 2.42804 0.284235 1.89612  0.118314  2.31394  
1.21058 2.3368 3.50262 1.72537  2.21406  0.0805312  
1.2519 3.23314 0.190106 1.89898  1.26871  1.34712  
0.302142 1.7474 5.42003 1.80961  1.87521  0.707131  
1.37185 2.23671 3.1023 1.89464  0.680721  2.11865  
1.80345 0.050815 2.90343 1.7177  2.22489  0.401215  
0.298978 2.72788 4.42956 1.87632  1.08001  1.89055  
1.86813 0.117206 2.50957 1.80485  1.79262  1.16503  
0.493707 0.255321 5.88736 1.82737  0.374376  2.72162  
1.74551 1.89706 1.55107 1.60244  2.55047  0.257561  
1.58914 0.178235 3.853 1.82186  1.39949  1.90427  
1.42333 1.84089 3.46475 1.7131  2.14339  1.06959  
1.6032 2.55169 0.145993 1.78949  0.627261  2.84643  
0.956982 3.12273 2.72858 1.59863  2.52888  0.673037  
1.86568 1.70028 0.0805312 1.77773  1.11255  2.57769  
1.42056 1.39846 3.89843 1.70476  1.99855  1.66366  
2.01516 0.733399 0.0461529 1.67574  0.214217  3.50935  
0.913063 3.64859 0.0488746 1.39185  3.00044  0.190106  
1.92257 1.43849 0.0555967 1.68736  1.82401  2.19045  
1.75284 1.35588 2.47051 1.52913  2.62599  1.13483  
1.52455 2.14091 2.57769 1.66121  0.867087  3.35711  
0.804663 2.03017 4.72892 1.38449  2.98732  0.655905  
0.790267 2.98046 3.45281 1.63353  1.48087  2.98616  
1.21715 1.42464 4.44407 1.51901  2.47574  1.82024  
0.29011 2.01459 5.21519 1.51921  0.380432  4.06833  
0.433031 3.8357 1.56607 1.22517  3.26358  0.440447  
1.39185 3.00044 0.190106 1.53285  1.89791  2.93496  
2.04347 0.0478379 0.279931 1.37003  2.85151  1.6187  
1.20033 2.52546 3.23177 1.44985  0.713009  4.19632  
1.67767 1.22186 3.02716 1.21202  3.22777  1.01972  
1.21473 1.91435 4.02281 1.43446  1.40528  3.84782  
1.95769 0.144484 1.79209 1.34147  2.62607  2.47051  
0.169135 0.141916 6.04066 1.25405  0.0709394  4.82436  
1.12208 0.227467 5.09318 0.917541  3.64421  0.074479  
1.91795 0.0476187 2.15517 1.26251  2.65934  2.74329  
1.67553 0.222209 3.50935 1.04689  3.41782  1.21553  
1.78504 1.56035 1.93807 1.24731  1.42787  4.36788  
1.94984 1.26385 0.0851444 0.888512  3.65302  0.598498  
1.87099 1.18934 1.79016 1.1805  2.20572  3.77209  
0.726728 3.36654 2.68957 1.0124  3.28041  2.0511  
1.66402 1.63002 2.6502 1.05649  0.71276  5.12326  
1.48374 2.47985 2.05276 0.72687  3.8007  0.325464  
0.30031 2.51271 4.70459 1.01666  2.66297  3.52091  
0.264274 3.54099 2.88574 0.82946  3.55521  1.69973  
1.35979 0.670185 4.46795 0.938506  1.15925  5.14611  
1.43645 0.118344 4.35343 0.681772  3.78812  0.953902  
0.768999 0.974675 5.46785 0.86308  2.04893  4.62117  
1.54093 2.6465 0.840114 0.765925  3.3343  2.6867  
1.51847 0.645917 4.00693 0.725355  0.367748  5.66636  
1.21931 2.13628 3.75292 0.486252  3.94499  0.204202  
0.511165 3.93478 0.0732886 0.692558  3.02905  3.53653  
2.04499 0.052737 0.053182 0.539724  3.78568  1.56607  
1.34551 2.6341 2.43148 0.62988  1.46717  5.37139  
0.301411 3.00916 4.0033 0.423946  3.93928  0.81017  
1.18401 2.79723 2.74329 0.557801  2.38241  4.66458  
1.21642 0.0460281 4.90837 0.454564  3.58673  2.54834  
0.662661 3.65643 1.83971 0.433935  0.592685  5.87283  
2.03214 0.497868 0.0472548 0.293161  4.00287  0.492363  
1.55929 1.53111 3.26886 0.388316  2.82236  4.23825  
0.508417 3.12897 3.60419 0.296407  3.77687  2.0688  
1.35493 2.42162 2.84643 0.300414  1.04799  5.80255  
0.995085 1.22999 5.01658 0.211621  3.9571  1.19168  
0.267853 3.35301 3.35127 0.23382  2.00247  5.24671  
0.830208 3.72332 0.137242 0.179378  3.45663  3.15133  
1.09895 3.16006 2.08699 0.16907  0.237145  6.0265  
0.833158 3.57175 1.60186 0.201535  4.02292  0.464213  
0.713579 0.24841 5.69159 0.0866993  1.03204  5.86061  
1.58337 0.208793 3.87127 2.04476  0.0905656  0.108306  
1.28563 2.86793 2.09865 0.302194  4.04709  0.362446  
0.780918 1.51043 5.17276 0.121297  0.131913  6.0393  
0.0701478 0.682683 5.96778 2.04445  0.122988  0.122643  
1.49736 0.0466203 4.17004 2.04203  0.257628  0.116587  
1.22628 3.1137 1.57034 2.04214  0.141006  0.331377  
1.65747 1.64655 2.65813 2.03449  0.452672  0.104121  
0.915577 0.225924 5.43993 2.03914  0.249417  0.386693  
1.01014 1.48326 4.8369 2.03406  0.432981  0.277521  
1.36624 2.238 3.12204 2.03435  0.13214  0.649399  
1.97678 0.120872 1.59456 2.01337  0.752872  0.0931933  
1.16053 3.36684 0.0480355 2.03056  0.409503  0.512994  
0.894652 3.38561 2.14765 2.01889  0.661596  0.325175  
1.21617 2.12981 3.77001 2.02566  0.227401  0.8311  
0.0525776 0.216563 6.03944 2.0002  0.877049  0.237584  
0.123292 0.116749 6.03943 2.02144  0.389909  0.803669  
1.84963 1.16451 2.01223 2.01056  0.701113  0.555527  
0.749443 3.09103 3.31042 2.00716  0.121865  1.20091  
1.50024 2.78894 0.0472548 1.94899  1.26919  0.0822324  
0.131108 0.0470334 6.03944 2.00402  0.687822  0.773405  
1.94885 1.2691 0.126705 1.97423  1.0654  0.444892  
1.46814 2.85567 0.0473241 1.99901  0.374897  1.22468  
0.261068 3.66606 2.5103 1.9361  1.33706  0.285012  
0.699661 0.258699 5.70539 1.99151  0.612692  1.12888  
0.676932 3.83494 0.341342 1.96646  1.05424  0.737877  
1.6896 2.04737 1.6687 1.9694  0.212801  1.65952  
0.808265 2.57284 4.09215 1.8766  1.64772  0.211214  
0.980569 2.84502 3.28261 1.96817  0.83228  1.19314  
0.264791 3.41071 3.21945 1.92411  1.33785  0.723009  
0.22269 3.97406 1.05739 1.95068  0.368844  1.79981  
1.2255 1.44244 4.41255 1.86857  1.65994  0.495913  
1.54863 1.07719 3.6857 1.94576  0.674497  1.65505  
1.02181 1.98332 4.3992 1.91607  1.26304  1.11907  
1.93013 0.136658 2.04439 1.89498  0.117659  2.32236  
1.66188 1.25779 3.07188 1.72223  2.22379  0.0788501  
1.28742 3.17806 0.190957 1.89764  1.27437  1.35225  
1.79406 1.79069 1.31399 1.80752  1.88278  0.71006  
0.835073 3.56958 1.60418 1.89341  0.682848  2.1271  
0.627261 3.7345 1.56841 1.71597  2.23076  0.393322  
1.86249 1.71438 0.0645163 1.87476  1.08476  1.8985  
1.06344 3.27632 1.82595 1.80285  1.79946  1.16924  
1.97946 1.05947 0.116587 1.82554  0.374593  2.73252  
1.66353 0.213266 3.56059 1.59851  2.56086  0.239676  
0.531364 1.24629 5.5789 1.81953  1.40719  1.91165  
1.13191 3.00664 2.41819 1.71017  2.15177  1.07369  
1.41415 1.40488 3.91384 1.78708  0.629623  2.85878  
0.946575 3.1335 2.73473 1.59511  2.53938  0.657477  
1.01424 3.53872 0.330407 1.7751  1.11828  2.58838  
1.89279 1.27115 1.41911 1.70188  2.00644  1.6687  
2.01516 0.733399 0.0461529 1.67271  0.21422  3.52215  
0.913063 3.64859 0.0488746 1.38559  3.01184  0.188655  
0.257156 3.55015 2.86479 1.68453  1.83117  2.19651  
0.719712 3.36533 2.70913 1.52494  2.63478  1.13924  
0.787912 2.01992 4.7632 1.65772  0.88798  3.36063  
1.61582 2.21882 1.82274 1.38179  3.00633  0.475704  
0.999257 2.64408 3.59539 1.63017  1.48662  2.99611  
0.293795 3.0234 3.98182 1.55713  2.55351  1.19458  
0.299921 2.25882 4.98341 1.51492  0.387182  4.08116  
0.678217 3.58127 2.10767 1.219  3.2725  0.44213  
0.533581 2.04229 5.03259 1.52871  1.90466  2.94433  
1.21348 1.91871 4.02543 1.36584  2.85856  1.62211  
1.55746 1.54723 3.27078 1.44475  0.724985  4.20746  
0.237561 3.85995 1.75767 1.20595  3.23636  1.02177  
0.455578 3.73938 1.99113 1.43066  1.42053  3.84794  
1.80624 1.93969 0.116587 1.33696  2.63278  2.47608  
0.502324 3.93776 0.193796 1.24827  0.101123  4.8369  
0.821584 3.72986 0.190957 0.90718  3.6542  0.0690166  
1.34919 2.42825 2.85783 1.26128  2.67183  2.72091  
1.41399 1.86304 3.46494 1.04018  3.4251  1.21974  
1.76342 0.112492 3.11306 1.2413  1.42393  4.38568  
0.271879 0.972002 5.84183 0.871605  3.67071  0.567006  
1.72356 2.22063 0.0472129 1.17365  2.21325  3.78097  
1.52219 2.16317 2.54824 1.0091  3.3007  1.99065  
2.00716 0.121865 1.20091 1.04868  0.72146  5.13461  
1.72927 1.72363 2.07698 0.702587  3.81919  0.286118  
0.290728 2.73079 4.42977 1.00843  2.67017  3.5293  
1.17138 2.7255 2.94937 0.823082  3.59005  1.5532  
1.59625 2.56966 0.0822324 0.930803  1.1646  5.15556  
1.47764 2.4834 2.0821 0.673177  3.81242  0.761484  
1.36183 0.918815 4.36653 0.877397  2.04278  4.60394  
0.982276 0.974999 5.15847 0.756254  3.3412  2.69092  
0.296576 1.75465 5.41658 0.716541  0.369723  5.67563  
1.66964 2.37779 0.0690166 0.477219  3.9491  0.200324  
1.7751 1.11828 2.58838 0.685583  3.03357  3.5394  
1.38559 3.01184 0.188655 0.523346  3.82439  1.42467  
0.295763 2.50484 4.71616 0.620119  1.47081  5.37877  
1.90704 1.50395 0.122643 0.415233  3.94264  0.809993  
1.20347 2.34572 3.51078 0.548961  2.38456  4.67088  
1.21642 0.0460281 4.90837 0.455578  3.73938  1.99113  
1.11045 0.241006 5.11421 0.427688  0.59194  5.87671  
2.03214 0.497868 0.0472548 0.281386  4.00657  0.475777  
1.3109 0.463709 4.6475 0.379866  2.83127  4.23108  
0.527292 3.143 3.55384 0.27504  3.79238  2.02673  
1.33257 2.62397 2.51778 0.290841  1.04984  5.80558  
1.51946 1.93387 2.94433 0.201114  3.96137  1.18619  
2.045 0.046017 0.0479098 0.224229  2.00396  5.2485  
1.84147 0.115557 2.68 0.177522  3.4127  3.25807  
1.18605 2.55031 3.23242 0.13314  0.187793  6.03534  
1.89498 0.117659 2.32236 0.202048  4.02273  0.468389  
0.130681 4.04188 0.116313 0.0811119  0.959383  5.88512  
2.04477 0.0452781 0.1365 2.045  0.0480155  0.0510744  
1.35132 0.679624 4.49043 0.20187  4.03144  0.193907  
0.780918 1.51043 5.17276 0.123422  0.116152  6.03944  
0.0702423 0.686467 5.96686 2.04446  0.122051  0.122715  
0.123422 0.116152 6.03944 2.04209  0.255419  0.116698  
2.045 0.0461384 0.0470529 2.04215  0.140073  0.331456  
0.290317 1.18874 5.7472 2.03453  0.451841  0.103684  
0.915577 0.225924 5.43993 2.03914  0.249547  0.386335  
1.01014 1.48326 4.8369 2.03412  0.431592  0.278175  
1.36814 2.24206 3.10814 2.03431  0.130548  0.65118  
0.94393 3.14291 2.71596 2.01344  0.752138  0.0913715  
1.13445 3.39945 0.0474276 2.03056  0.409112  0.513822  
0.89135 3.39067 2.13493 2.01894  0.660823  0.325935  
1.21617 2.12981 3.77001 2.02577  0.226545  0.829115  
0.0525776 0.216563 6.03944 2.00028  0.876227  0.237931  
1.02137 3.53229 0.28519 2.02146  0.389819  0.803299  
0.530473 2.93713 3.92558 2.01059  0.700613  0.555898  
1.66024 1.45156 2.88534 2.00717  0.12197  1.20075  
1.42925 0.172049 4.37224 1.94912  1.26836  0.085517  
0.131108 0.0470334 6.03944 2.00408  0.686838  0.773917  
1.72841 1.71818 2.09351 1.97445  1.06414  0.442665  
1.10888 0.242443 5.11706 1.9991  0.373263  1.22437  
1.93414 1.03743 1.33512 1.93611  1.33696  0.28519  
0.699661 0.258699 5.70539 1.99172  0.611369  1.12706  
1.23215 1.46075 4.38162 1.96659  1.05448  0.7338  
1.32842 2.60163 2.58835 1.96938  0.211904  1.65998  
0.250989 3.20008 3.68099 1.87658  1.64777  0.211753  
1.94905 1.26832 0.108729 1.96821  0.831551  1.19359  
0.652256 3.66264 1.84353 1.92416  1.33755  0.722981  
1.8656 1.69909 0.157999 1.95069  0.369696  1.79942  
1.8353 1.82806 0.0510744 1.86847  1.66045  0.495273  
1.89378 0.182741 2.32433 1.94563  0.675097  1.65592  
0.997478 2.64649 3.59573 1.91615  1.2624  1.11949  
1.98629 1.00628 0.103684 1.89471  0.117149  2.32433  
1.50217 2.32481 2.32433 1.72245  2.22308  0.0802728  
1.54441 0.0458536 4.01564 1.89767  1.27342  1.35385  
0.201577 3.94608 1.2851 1.8077  1.8821  0.710133  
0.835073 3.56958 1.60418 1.89348  0.680948  2.12778  
1.75814 1.10807 2.69899 1.71528  2.23208  0.403986  
1.19334 3.30642 0.491 1.87495  1.08407  1.89768  
1.8691 1.00445 2.06625 1.80308  1.79832  1.16996  
1.52043 1.9312 2.94586 1.82522  0.375388  2.73417  
1.90659 1.50691 0.085517 1.59897  2.55905  0.258801  
0.531256 1.24668 5.5788 1.81965  1.40663  1.91152  
1.12639 3.01807 2.40875 1.71028  2.1514  1.07389  
1.30979 2.81506 2.12778 1.7872  0.628659  2.85858  
1.02568 1.99219 4.38245 1.59498  2.53705  0.681158  
0.821259 3.73008 0.193907 1.77506  1.11858  2.58835  
1.2949 3.16607 0.193907 1.70189  2.00575  1.6705  
2.01516 0.733399 0.0461529 1.673  0.21594  3.52072  
0.913063 3.64859 0.0488746 1.38686  3.00946  0.191912  
1.673 0.21594 3.52072 1.68441  1.83006  2.19941  
1.55523 1.55197 3.26419 1.5249  2.63488  1.13923  
0.787912 2.01992 4.7632 1.65762  0.889399  3.36022  
1.68962 2.04665 1.6705 1.37949  2.99614  0.658511  
0.748316 3.08674 3.32543 1.63034  1.48534  2.99671  
0.263649 3.64403 2.57986 1.51473  2.48418  1.82611  
0.299668 2.27123 4.9783 1.51487  0.386322  4.08149  
1.81825 1.40555 1.92528 1.21933  3.27213  0.440189  
1.95559 0.127163 1.81465 1.52898  1.90269  2.94594  
1.7202 0.600362 3.21508 1.36511  2.85928  1.6247  
0.661007 3.84945 0.196647 1.44516  0.724799  4.20628  
0.237561 3.85995 1.75767 1.20617  3.23597  1.02222  
1.6836 2.33847 0.0470529 1.43077  1.42033  3.84773  
1.21245 1.92202 4.02072 1.33675  2.63288  2.47686  
0.501128 3.93835 0.191912 1.24849  0.121026  4.83576  
0.265321 3.41962 3.19779 0.910103  3.65138  0.0743436  
0.805298 2.56609 4.10662 1.25757  2.66566  2.74949  
1.41399 1.86304 3.46494 1.04028  3.42503  1.21949  
0.4604 3.71599 2.07617 1.24102  1.43056  4.38162  
1.44464 2.64387 1.82611 0.881102  3.66009  0.595921  
1.38676 3.00964 0.191912 1.17398  2.21294  3.78048  
2.00717 0.12197 1.20075 1.0048  3.28773  2.05737  
1.50548 2.10751 2.73417 1.04939  0.720087  5.13375  
0.293237 2.01178 5.21626 0.718859  3.8063  0.330596  
1.76286 0.195586 3.11997 1.00906  2.66939  3.52906  
1.17138 2.7255 2.94937 0.82212  3.5611  1.70272  
0.298003 2.8049 4.32116 0.930946  1.16369  5.15578  
0.717888 3.37314 2.69128 0.674161  3.79313  0.955099  
1.06396 3.2811 1.80361 0.878586  2.04203  4.60273  
0.982276 0.974999 5.15847 0.75757  3.33994  2.69128  
0.296576 1.75465 5.41658 0.7171  0.363639  5.67582  
1.82641 0.0476859 2.7725 0.477435  3.94893  0.204803  
0.48219 0.257361 5.89122 0.685896  3.03303  3.53993  
1.54693 1.07791 3.69155 0.531502  3.78959  1.5683  
0.295763 2.50484 4.71616 0.621496  1.47051  5.37761  
2.045 0.047267 0.0464565 0.414108  3.94314  0.809183  
1.20419 2.35142 3.50008 0.549903  2.38473  4.66976  
1.21642 0.0460281 4.90837 0.446468  3.58975  2.5505  
1.77331 2.05753 0.103684 0.428313  0.592393  5.87625  
1.41533 1.40501 3.91 0.28556  4.00469  0.493435  
0.979262 2.84821 3.28399 0.379744  2.82421  4.24172  
1.35158 2.42262 2.85858 0.288759  3.7786  2.07004  
1.43956 2.91273 0.0472317 0.291193  1.04891  5.8058  
1.61729 2.18652 1.89768 0.202081  3.95862  1.19218  
1.62634 2.49383 0.085517 0.224532  2.00343  5.24886  
1.52355 2.73853 0.0743436 0.177528  3.41286  3.25769  
1.18605 2.55031 3.23242 0.131431  0.188978  6.0355  
0.612865 3.78081 1.34736 0.201484  4.02164  0.491  
0.130681 4.04188 0.116313 0.081383  0.969579  5.8815  
1.94885 1.26857 0.14332 2.045  0.045465  0.0456988  
1.98029 0.04545 1.55884 0.201869  4.03143  0.194659  
0.780918 1.51043 5.17276 0.0581338  0.050855  6.04486  
0.0702423 0.686467 5.96686 2.04446  0.122208  0.121711  
1.83529 1.82811 0.0456988 2.04207  0.256294  0.11603  
1.63095 2.01367 2.19968 2.04218  0.139636  0.329833  
0.295852 2.2599 4.9842 2.03453  0.451948  0.103331  
1.18755 0.921766 4.79275 2.03915  0.249703  0.38569  
1.84461 0.0454184 2.66275 2.0341  0.432158  0.277544  
1.36677 2.23945 3.11766 2.03432  0.131389  0.650441  
0.94393 3.14291 2.71596 2.01335  0.753071  0.0925723  
1.41191 1.40172 3.92348 2.03061  0.408848  0.512328  
0.89135 3.39067 2.13493 2.01895  0.660828  0.324806  
1.21617 2.12981 3.77001 2.02566  0.22667  0.831525  
0.0525776 0.216563 6.03944 2.00038  0.875418  0.236955  
1.28199 0.180769 4.75534 2.02146  0.389819  0.803299  
0.775399 3.76872 0.0454801 2.01063  0.700383  0.555139  
1.01094 1.48278 4.83576 2.00719  0.122254  1.20037  
1.41952 1.84583 3.46696 1.94906  1.26874  0.0843254  
1.65898 1.04661 3.25411 2.00407  0.687269  0.773183  
0.250642 3.19845 3.68434 1.97431  1.06505  0.443492  
0.910062 3.65122 0.10934 1.99902  0.375112  1.22437  
0.0584447 0.0461104 6.04486 1.93612  1.33699  0.284313  
1.742 1.54855 2.28001 1.99166  0.611695  1.12759  
1.05945 3.27242 1.86196 1.96632  1.05601  0.735688  
1.98594 1.0099 0.0454801 1.96944  0.212032  1.65927  
1.56713 2.63971 0.0456988 1.87667  1.64746  0.210252  
1.1236 3.41198 0.194659 1.96818  0.831161  1.19466  
0.29017 2.72685 4.43548 1.92422  1.33759  0.721433  
1.50277 2.11515 2.73417 1.95074  0.369972  1.7988  
1.48596 2.69462 1.27657 1.86839  1.66054  0.497533  
1.78054 0.045584 3.02679 1.94565  0.675102  1.65577  
0.997478 2.64649 3.59573 1.91615  1.2624  1.11954  
1.38681 3.00958 0.190836 1.89483  0.111634  2.32389  
2.045 0.045465 0.0456988 1.72247  2.22303  0.0796903  
1.5143 0.0455645 4.11569 1.89777  1.27334  1.35285  
1.94552 0.0454419 1.91376 1.80766  1.8823  0.709903  
0.835073 3.56958 1.60418 1.89333  0.682703  2.12778  
1.32277 2.60543 2.60532 1.71512  2.23267  0.403029  
0.226072 3.02527 4.0099 1.87488  1.08427  1.898  
1.65068 1.51783 2.85841 1.80306  1.79858  1.16939  
0.483961 3.42588 2.96861 1.82531  0.373465  2.73417  
1.91206 1.47898 0.0454801 1.59889  2.55926  0.258114  
0.531256 1.24668 5.5788 1.81972  1.40668  1.91089  
1.12669 3.01754 2.40901 1.71035  2.15132  1.07322  
0.706393 0.206677 5.70223 1.7873  0.627793  2.85841  
1.46314 2.86555 0.0454801 1.59501  2.53709  0.680255  
0.655991 3.85247 0.194659 1.7752  1.11874  2.58735  
0.748478 3.08668 3.3206 1.70196  2.00576  1.6698  
1.64726 2.43895 0.0456988 1.67293  0.216171  3.52102  
0.201479 3.94824 1.26987 1.38681  3.00958  0.190836  
1.89777 1.27334 1.35285 1.68437  1.83007  2.19968  
1.86985 1.00982 2.02862 1.5251  2.6346  1.13817  
0.787912 2.01992 4.7632 1.65783  0.889509  3.35925  
0.718066 3.373 2.69128 1.37953  2.99613  0.657869  
1.49559 2.34312 2.32428 1.63023  1.48626  2.99623  
1.01656 3.53776 0.330522 1.51461  2.48465  1.82556  
1.3359 0.671743 4.53036 1.51511  0.386811  4.08061  
0.0581338 0.050855 6.04486 1.21932  3.2721  0.441154  
1.70158 1.9093 1.91089 1.52891  1.90349  2.94512  
1.23324 1.45708 4.38162 1.36517  2.85942  1.62371  
1.7752 1.11874 2.58735 1.44529  0.724852  4.20587  
1.10895 0.242433 5.11692 1.20617  3.23597  1.02223  
1.02587 1.99262 4.38162 1.4308  1.42047  3.84754  
1.21127 1.9199 4.02775 1.33674  2.63301  2.4766  
0.501128 3.93835 0.191912 1.2485  0.120507  4.83576  
1.63362 0.0453694 3.69008 0.910102  3.65139  0.0737407  
1.71123 0.0455607 3.36361 1.25758  2.66581  2.74916  
0.811408 2.57732 4.08049 1.04045  3.42485  1.21932  
1.42798 0.190457 4.37401 1.24125  1.42978  4.38162  
1.72423 2.21822 0.0458207 0.881061  3.65993  0.598766  
1.61981 2.32766 1.4436 1.17403  2.21261  3.78077  
1.77537 2.05081 0.0456988 1.00535  3.28738  2.05626  
1.30315 2.82474 2.13496 1.0493  0.720649  5.13375  
0.29318 2.01388 5.21563 0.719018  3.80622  0.329768  
1.51682 1.92449 2.97003 1.00918  2.66935  3.52882  
1.17138 2.7255 2.94937 0.822241  3.5611  1.70221  
2.02305 0.635994 0.0456988 0.931181  1.16435  5.15509  
1.89375 0.187655 2.32389 0.674161  3.79313  0.955099  
1.29479 3.16632 0.190813 0.878652  2.04193  4.60273  
0.982276 0.974999 5.15847 0.757683  3.34008  2.69061  
0.296576 1.75465 5.41658 0.717155  0.370853  5.67483  
1.55818 1.5469 3.25704 0.477437  3.94895  0.203728  
1.5485 1.10024 3.67128 0.685816  3.03318  3.53978  
2.00897 0.0454566 1.17876 0.531343  3.78973  1.568  
0.295763 2.50484 4.71616 0.622299  1.47045  5.37686  
1.8859 1.60844 0.0456988 0.415299  3.94258  0.810374  
1.20419 2.35142 3.50008 0.54944  2.38477  4.67017  
0.346075 0.0454539 5.97663 0.446476  3.58982  2.55026  
0.194053 3.81055 2.02438 0.428418  0.59337  5.87598  
0.28277 0.969343 5.83886 0.285579  4.00471  0.492941  
0.979262 2.84821 3.28399 0.379442  2.82448  4.24154  
1.35158 2.42262 2.85858 0.288485  3.77876  2.06966  
0.264724 3.41441 3.21067 0.291126  1.04903  5.80578  
0.263824 3.64278 2.58495 0.201901  3.95878  1.19119  
0.91615 0.247731 5.43735 0.224044  2.00352  5.24894  
0.677657 3.57553 2.13119 0.177536  3.41307  3.25718  
1.18605 2.55031 3.23242 0.133098  0.189009  6.03528  
1.20066 3.29893 0.441154 0.201483  4.02162  0.491425  
0.130681 4.04188 0.116313 0.0813972  0.96994  5.88137  
1.83535 1.82787 0.0451763 2.045  0.0450659  0.0451763  
1.97988 1.05691 0.0920955 0.147789  4.03923  0.137999  
0.780918 1.51043 5.17276 0.0581567  0.0506459  6.04486  
0.0703012 0.687963 5.96649 2.04446  0.12203  0.122076  
0.237529 3.19847 3.69525 2.04206  0.256829  0.11423  
1.23322 1.45716 4.38162 2.04218  0.139457  0.330504  
1.1218 3.41435 0.190851 2.03457  0.451246  0.102598  
0.776009 2.50171 4.24154 2.03915  0.249307  0.385991  
1.76003 1.16065 2.63872 2.03413  0.431837  0.276675  
1.36677 2.23945 3.11766 2.03431  0.131463  0.650703  
0.94393 3.14291 2.71596 2.01335  0.753076  0.0920955  
0.705412 0.262429 5.69905 2.03059  0.408859  0.512814  
0.89135 3.39067 2.13493 2.01897  0.660591  0.324908  
1.67291 0.215944 3.52113 2.0257  0.22634  0.830855  
0.0525776 0.216563 6.03944 2.00032  0.875964  0.236955  
1.28774 0.109129 4.74513 2.02153  0.388528  0.802854  
0.775399 3.76872 0.0454801 2.01065  0.700389  0.554474  
1.01094 1.48278 4.83576 2.00723  0.122033  1.1998  
0.66146 3.8502 0.0728974 1.94912  1.26838  0.0844331  
1.01181 2.43184 3.88808 2.00412  0.686959  0.772632  
1.38681 3.00958 0.190851 1.97433  1.06483  0.443662  
1.55634 1.54494 3.26689 1.9991  0.375004  1.22334  
1.78544 0.0450573 3.00096 1.9362  1.33651  0.284328  
2.045 0.0450659 0.0451763 1.9916  0.612209  1.12794  
1.06042 3.27123 1.86187 1.96637  1.05556  0.73596  
0.943074 3.619 0.0728974 1.96947  0.212012  1.65897  
1.41559 1.40525 3.91038 1.87666  1.64745  0.210928  
1.56374 2.64764 0.0451763 1.96832  0.830801  1.19318  
1.3584 0.908236 4.38192 1.92423  1.33744  0.721814  
1.72189 2.22495 0.0451763 1.95077  0.368907  1.79892  
1.98027 0.0450637 1.55908 1.8684  1.66054  0.497331  
0.272312 0.972472 5.84151 1.94565  0.67501  1.65577  
1.58294 2.35462 1.70316 1.91625  1.26227  1.11817  
1.24916 1.98758 3.84754 1.89483  0.118021  2.3234  
1.18654 0.920672 4.79333 1.72254  2.22283  0.0793644  
0.426339 3.8394 1.56053 1.89786  1.27339  1.35158  
0.501278 3.9383 0.190836 1.80787  1.88172  0.708325  
0.835073 3.56958 1.60418 1.89342  0.682523  2.1272  
1.53822 1.04865 3.74179 1.71505  2.23285  0.403153  
0.651944 3.66078 1.85286 1.87506  1.08365  1.89721  
1.94337 0.0452796 1.93333 1.80307  1.79859  1.16911  
0.201824 3.94615 1.28435 1.82548  0.374701  2.73285  
1.65071 2.42971 0.0451763 1.5991  2.55874  0.258104  
0.532082 1.2475 5.57774 1.81977  1.40642  1.91089  
1.87883 1.01589 1.94567 1.71033  2.15129  1.07367  
1.89764 0.045061 2.30543 1.78731  0.628714  2.85795  
1.46314 2.86555 0.0454801 1.59512  2.53706  0.678002  
1.90678 1.50617 0.0451763 1.77517  1.11858  2.58772  
0.748478 3.08668 3.3206 1.70205  2.00546  1.66982  
1.86545 1.70082 0.11423 1.67291  0.215944  3.52113  
1.84654 0.0450593 2.65079 1.38681  3.00958  0.190851  
1.02568 1.993 4.38162 1.68441  1.82988  2.19978  
1.00003 2.64405 3.59359 1.52514  2.63447  1.13842  
0.787912 2.01992 4.7632 1.65777  0.889359  3.35962  
0.718066 3.373 2.69128 1.37961  2.99602  0.657597  
1.5034 2.32186 2.32389 1.63042  1.48542  2.99623  
0.0581567 0.0506459 6.04486 1.51486  2.48406  1.82556  
1.89244 1.2698 1.42606 1.51497  0.386935  4.08104  
0.399982 2.99148 3.9606 1.21932  3.2721  0.441093  
0.256629 3.73074 2.28806 1.52896  1.90346  2.94492  
1.32313 2.60541 2.60372 1.36517  2.85943  1.6236  
0.284641 2.86337 4.24154 1.44526  0.725751  4.20561  
1.35361 2.41917 2.85816 1.20623  3.23598  1.02151  
1.61607 0.0450517 3.75789 1.43082  1.42037  3.84754  
1.94345 1.3034 0.0451763 1.33682  2.63305  2.47613  
0.79009 2.69038 3.95146 1.24869  0.107115  4.83576  
1.02046 3.52422 0.492222 0.910102  3.65139  0.0728974  
1.73701 0.0450557 3.24404 1.25758  2.66581  2.74916  
1.48437 2.71382 1.22066 1.04045  3.42485  1.21932  
1.30334 2.82517 2.13262 1.24095  1.43079  4.38162  
1.50317 2.11419 2.73389 0.880985  3.66004  0.598201  
1.69362 1.87006 2.056 1.17403  2.21261  3.78077  
2.03449 0.454567 0.0451763 1.00544  3.28734  2.056  
1.47685 0.0452109 4.23408 1.04939  0.720086  5.13375  
0.29318 2.01388 5.21563 0.71902  3.80623  0.329356  
0.245813 3.35543 3.35852 1.00933  2.66938  3.52839  
1.16956 2.729 2.94492 0.822241  3.5611  1.70221  
1.11316 0.157166 5.11481 0.9312  1.16416  5.15515  
1.19526 3.30403 0.492388 0.674175  3.79322  0.95421  
1.41766 1.84325 3.47522 0.878658  2.04211  4.60254  
0.982276 0.974999 5.15847 0.757934  3.33992  2.69044  
0.296576 1.75465 5.41658 0.717119  0.370484  5.67492  
1.12675 3.01772 2.40824 0.477437  3.94895  0.203728  
0.295681 2.25838 4.9858 0.685887  3.03312  3.53978  
0.0584533 0.0455518 6.04486 0.53146  3.78975  1.56753  
0.295763 2.50484 4.71616 0.622244  1.47009  5.37713  
1.62996 2.01681 2.19978 0.415322  3.9427  0.808915  
1.20419 2.35142 3.50008 0.54973  2.38452  4.67017  
1.67288 1.41732 2.85795 0.446484  3.5899  2.55001  
2.01123 0.776944 0.0451763 0.42848  0.593195  5.87598  
1.77919 2.03863 0.0454135 0.285206  4.00484  0.492222  
0.980903 2.84435 3.28304 0.379839  2.82429  4.24154  
1.29691 3.16291 0.190851 0.287309  3.77907  2.06966  
0.271632 3.53748 2.88992 0.290992  1.04916  5.80578  
1.74052 1.52835 2.32011 0.202328  3.95868  1.19143  
0.91615 0.247731 5.43735 0.224444  2.00343  5.24889  
2.00925 0.0450647 1.17439 0.173213  3.45774  3.15093  
1.18605 2.55031 3.23242 0.13268  0.187967  6.03539  
1.52035 1.93069 2.94492 0.147686  4.03523  0.329034  
0.130681 4.04188 0.116313 0.0813972  0.96994  5.88137  
1.6642 2.39293 0.0452666 2.045  0.0452045  0.0452666  
0.258011 3.35588 3.35065 0.126921  4.04131  0.121977  
0.780918 1.51043 5.17276 0.0577095  0.0538401  6.04486  
2.00065 0.882648 0.0452666 2.04446  0.12203  0.122076  
1.83449 1.83133 0.0452666 2.04204  0.257276  0.115768  
0.294282 2.26738 4.97734 2.04217  0.139967  0.330757  
0.0571613 0.602815 5.98626 2.03453  0.451933  0.102598  
1.30266 0.116104 4.70905 2.03913  0.249714  0.386518  
1.69536 1.87355 2.0602 2.03408  0.432591  0.277265  
1.36677 2.23945 3.11766 2.03428  0.131712  0.651648  
0.94393 3.14291 2.71596 2.01327  0.754022  0.0920955  
1.55194 1.5512 3.27885 2.03054  0.409495  0.513618  
0.89135 3.39067 2.13493 2.01888  0.661783  0.32497  
0.714684 3.37529 2.69252 2.02562  0.226761  0.832414  
1.81902 1.40844 1.91395 2.00017  0.877354  0.237021  
1.007 1.48552 4.84104 2.0214  0.390109  0.80446  
0.775399 3.76872 0.0454801 2.01053  0.70144  0.5554  
1.83563 0.045391 2.71906 2.0071  0.122028  1.20182  
1.50174 2.11681 2.73635 1.94875  1.27063  0.084635  
0.253423 3.53635 2.90554 2.00397  0.688095  0.773963  
0.529005 1.24758 5.58014 1.97413  1.06629  0.444222  
0.0659582 1.00631 5.86881 1.99888  0.375756  1.22607  
1.41396 1.40683 3.91292 1.93578  1.33897  0.284328  
0.192135 3.80831 2.03291 1.99142  0.613197  1.12971  
1.3704 3.04053 0.0452666 1.96604  1.05766  0.737293  
1.73176 2.19426 0.0452666 1.96922  0.211989  1.66173  
1.50085 2.32698 2.32705 1.87613  1.64986  0.211182  
1.12556 3.02374 2.39604 1.96802  0.83187  1.19602  
1.52945 0.0451518 4.06592 1.92386  1.3395  0.722128  
0.996581 2.64685 3.59729 1.95049  0.370404  1.80106  
1.54509 1.07853 3.69796 1.86779  1.6632  0.497869  
0.499155 3.93929 0.190851 1.94536  0.675461  1.6585  
0.298091 2.80721 4.31776 1.91589  1.26335  1.12117  
2.01847 0.0452018 1.01904 1.89433  0.118478  2.32705  
0.406381 3.88624 1.32002 1.7214  2.22634  0.0796896  
1.19754 3.30168 0.493411 1.8973  1.27519  1.35491  
1.59355 2.57639 0.0452666 1.8069  1.88508  0.710532  
2.0302 0.530756 0.0452666 1.89285  0.683574  2.13102  
1.51826 1.91321 2.97973 1.71402  2.23595  0.403602  
0.472623 3.63341 2.36669 1.87434  1.08595  1.90072  
1.94337 0.0452796 1.93333 1.80227  1.80141  1.17052  
0.981529 0.976657 5.15902 1.8246  0.375637  2.73779  
0.0577095 0.0538401 6.04486 1.59761  2.56242  0.258104  
1.98585 0.0451985 1.4934 1.81902  1.40844  1.91395  
1.6401 0.0451631 3.66451 1.70926  2.15444  1.0747  
0.701149 0.197332 5.7083 1.78645  0.629624  2.86228  
1.46314 2.86555 0.0454801 1.59363  2.54041  0.681221  
1.20475 1.91222 4.06307 1.77429  1.1202  2.59152  
0.748478 3.08668 3.3206 1.70095  2.00863  1.67133  
1.23114 1.45876 4.38557 1.67168  0.214996  3.52639  
1.2859 2.87688 2.06971 1.38488  3.01306  0.190851  
1.90904 1.024 1.65702 1.68318  1.8328  2.20272  
0.480776 0.245678 5.8931 1.52347  2.63816  1.13916  
0.787912 2.01992 4.7632 1.65647  0.891087  3.36429  
1.36787 0.923574 4.34771 1.37757  2.99964  0.658212  
1.66155 1.4618 2.86713 1.62899  1.48816  3.00011  
1.00692 3.54851 0.278538 1.51307  2.48774  1.82751  
1.78215 1.12509 2.53839 1.5134  0.385907  4.08636  
1.46129 0.0450466 4.28141 1.21697  3.27548  0.441564  
0.630665 3.73238 1.56822 1.52743  1.9065  2.94757  
1.00818 2.43815 3.88745 1.36326  2.8625  1.6257  
0.260971 2.50915 4.72669 1.44347  0.725726  4.21104  
1.94164 1.31426 0.0452666 1.20378  3.23937  1.02272  
1.89487 1.56548 0.0452666 1.42902  1.42182  3.85224  
1.01641 1.99113 4.40225 1.33494  2.63604  2.47794  
0.906777 3.65362 0.172234 1.24628  0.112917  4.84104  
2.045 0.0452045 0.0452666 0.906961  3.65439  0.0735486  
1.13782 0.103711 5.06933 1.25524  2.66869  2.75227  
1.77484 0.0451769 3.05645 1.03767  3.42803  1.21992  
0.656785 3.85202 0.190851 1.23891  1.43234  4.38557  
1.34977 2.43083 2.86422 0.877966  3.66276  0.599196  
1.89342 0.182103 2.32705 1.17163  2.21496  3.78422  
1.96294 1.17807 0.115768 1.00264  3.29015  2.05788  
1.32763 2.60183 2.59152 1.047  0.718283  5.13852  
0.29318 2.01388 5.21563 0.715794  3.80853  0.329625  
1.50431 2.77854 0.190851 1.00643  2.67177  3.53155  
1.16956 2.729 2.94492 0.819103  3.56362  1.7034  
1.29328 3.17013 0.084635 0.928306  1.16504  5.15923  
0.247874 3.19831 3.68601 0.670925  3.79528  0.955285  
0.912464 0.246242 5.44282 0.875694  2.04298  4.60655  
1.77606 2.04842 0.0452666 0.754795  3.34226  2.69148  
1.06169 3.28283 1.80823 0.713369  0.370451  5.67894  
1.68173 2.07204 1.67133 0.473882  3.95051  0.203731  
1.21411 2.13165 3.77353 0.682692  3.03464  3.5421  
0.0584531 0.0455668 6.04486 0.528137  3.79135  1.56822  
0.822384 3.57853 1.61596 0.61897  1.47111  5.3797  
1.71206 0.0452895 3.36051 0.411809  3.94394  0.809994  
1.20419 2.35142 3.50008 0.54299  2.38676  4.67419  
0.748475 2.73633 3.94997 0.442774  3.59121  2.55117  
1.12029 3.41628 0.190851 0.425062  0.593368  5.87796  
1.41599 1.84472 3.47948 0.281443  4.00571  0.492869  
0.980903 2.84435 3.28304 0.376302  2.8252  4.24271  
0.198112 3.97454 1.06783 0.285271  3.77959  2.06966  
0.248942 1.75744 5.43273 0.287622  1.04842  5.80736  
0.0493275 0.0704826 6.04486 0.198746  3.95923  1.19154  
0.528512 2.94416 3.91596 0.216339  2.00412  5.25076  
1.18699 0.793544 4.84104 0.169249  3.45778  3.15228  
1.18605 2.55031 3.23242 0.128915  0.187081  6.03593  
0.771399 2.51107 4.23682 0.126865  4.03861  0.278538  
0.126921 4.04131 0.121977 0.0765349  1.49144  5.63818  
0.248603 1.75378 5.43546 2.045  0.0452045  0.0452666  
1.41259 1.87838 3.45151 0.126921  4.0413  0.123081  
0.780918 1.51043 5.17276 0.0577093  0.053841  6.04486  
1.78439 0.0451779 3.00656 2.04446  0.122165  0.122151  
1.94942 1.26678 0.0452666 2.04204  0.257286  0.115768  
0.294282 2.26738 4.97734 2.04216  0.140333  0.33077  
1.86472 1.70281 0.163136 2.03451  0.452338  0.103181  
0.0616032 2.87977 4.27782 2.03913  0.249883  0.386575  
1.00796 1.48342 4.84073 2.03408  0.43259  0.277789  
1.36677 2.23945 3.11766 2.03427  0.131712  0.651808  
0.0566491 2.03392 5.25059 2.01327  0.754022  0.0920955  
1.72147 2.22612 0.0796932 2.03054  0.409592  0.513632  
0.89135 3.39067 2.13493 2.01886  0.661944  0.325035  
2.045 0.0452045 0.0452666 2.02562  0.226761  0.832462  
0.274977 2.59285 4.62381 2.00016  0.87749  0.237213  
1.89492 1.09767 1.69032 2.02139  0.39017  0.804467  
0.775399 3.76872 0.0454801 2.01052  0.701436  0.555819  
1.98555 1.01302 0.0452666 2.00707  0.12213  1.20223  
1.30659 2.81978 2.13112 1.94875  1.27063  0.084635  
1.29534 3.1669 0.0735486 2.00396  0.688278  0.773963  
0.529241 1.24817 5.57966 1.97407  1.06658  0.444853  
1.5546 1.55385 3.26488 1.99888  0.375756  1.22607  
1.00785 2.44248 3.88212 1.93577  1.33901  0.284734  
1.62067 0.0451611 3.74031 1.99142  0.613197  1.12971  
1.3704 3.04053 0.0452666 1.96602  1.05768  0.737627  
0.480723 0.257233 5.89222 1.96921  0.212184  1.66178  
0.281533 3.18328 3.69693 1.87609  1.65002  0.211182  
1.83801 0.0451834 2.70322 1.96792  0.832693  1.1963  
1.52945 0.0451518 4.06592 1.92381  1.33958  0.723225  
0.996581 2.64685 3.59729 1.95045  0.370397  1.80145  
1.30886 0.464849 4.65232 1.86779  1.6632  0.498114  
0.49846 3.93969 0.186433 1.9453  0.676273  1.65843  
1.4094 1.40234 3.93091 1.91577  1.26426  1.12072  
0.993835 0.0453053 5.32735 1.8943  0.118625  2.32726  
0.268759 0.971804 5.84299 1.72147  2.22612  0.0796932  
1.34814 2.42822 2.86228 1.89727  1.27537  1.35493  
0.245487 3.80213 2.01406 1.8069  1.88508  0.710532  
1.06029 3.27503 1.84729 1.89284  0.68357  2.13112  
0.830431 3.57322 1.60675 1.71397  2.23611  0.403602  
0.46392 3.6375 2.36489 1.87434  1.08595  1.90072  
1.94337 0.0452796 1.93333 1.80226  1.80139  1.17076  
1.59826 2.56362 0.162175 1.82459  0.375659  2.73789  
0.126921 4.0413 0.123081 1.59757  2.56251  0.258372  
1.89605 0.0451893 2.31711 1.81899  1.4086  1.91395  
1.23455 0.0451217 4.86836 1.70926  2.15444  1.0747  
0.699739 0.24503 5.70787 1.78645  0.629695  2.86228  
1.46314 2.86555 0.0454801 1.59361  2.54045  0.681221  
1.20873 1.92025 4.03239 1.77429  1.1202  2.59152  
0.748478 3.08668 3.3206 1.70088  2.00855  1.67214  
0.658984 3.85183 0.0619938 1.6717  0.216234  3.52619  
1.68258 2.06901 1.67214 1.38488  3.01306  0.19092  
0.772951 2.70848 3.95534 1.68317  1.83278  2.20281  
1.6717 0.216234 3.52619 1.52351  2.63798  1.13963  
0.787912 2.01992 4.7632 1.65643  0.891126  3.36446  
1.5051 2.10643 2.73789 1.37757  2.99964  0.658212  
1.48299 2.29096 2.50261 1.62901  1.48807  3.0001  
1.19613 3.30532 0.441564 1.51301  2.48785  1.8276  
1.21155 1.4359 4.44951 1.51344  0.387369  4.08595  
1.40885 0.0451395 4.43354 1.21693  3.27554  0.441564  
1.10603 0.229502 5.12352 1.52734  1.90632  2.94826  
1.5473 1.08015 3.68877 1.36318  2.86263  1.62574  
0.909228 3.65208 0.102087 1.44342  0.726142  4.21104  
1.77941 1.77043 1.53763 1.20378  3.23937  1.02272  
0.198253 3.94668 1.28459 1.42902  1.42185  3.85224  
1.02316 1.99416 4.38557 1.33475  2.6361  2.47869  
0.262125 3.41893 3.20143 1.24632  0.119304  4.84073  
1.77932 2.03711 0.0452666 0.907171  3.65423  0.0619938  
1.12055 3.41696 0.123081 1.25531  2.66867  2.75204  
0.938045 3.15889 2.69181 1.03769  3.42796  1.22022  
0.259811 3.64006 2.59542 1.23883  1.43224  4.38585  
1.47199 2.50113 2.06988 0.877987  3.66274  0.599196  
1.02958 3.51667 0.441564 1.17163  2.21496  3.78422  
1.12427 3.02017 2.41152 1.00264  3.29015  2.05788  
1.65519 1.6544 2.65992 1.04679  0.720922  5.13811  
0.772692 2.51093 4.23455 0.715794  3.80853  0.329625  
1.53834 2.70577 0.0452666 1.00642  2.67178  3.53155  
1.16956 2.729 2.94492 0.819168  3.56359  1.70327  
1.81899 1.4086 1.91395 0.928298  1.1652  5.15916  
1.83488 1.82976 0.0452666 0.670964  3.79525  0.955285  
0.912464 0.246242 5.44282 0.875655  2.04356  4.60603  
1.98448 0.0451984 1.50981 0.754777  3.34216  2.69181  
1.737 0.0453252 3.24498 0.71398  0.370111  5.67833  
1.66208 1.25439 3.07393 0.473985  3.95047  0.203731  
1.21411 2.13165 3.77353 0.682547  3.03495  3.54175  
0.0584531 0.0455668 6.04486 0.528137  3.79135  1.56822  
0.529269 2.94634 3.91145 0.61897  1.47111  5.3797  
1.86595 0.863762 2.20301 0.411809  3.94393  0.81006  
1.20419 2.35142 3.50008 0.546348  2.38535  4.67254  
0.715744 3.36734 2.71249 0.442582  3.5913  2.55117  
1.51773 1.91271 2.98283 0.425094  0.593311  5.87795  
0.63116 3.72752 1.59278 0.281656  4.00566  0.492869  
0.980903 2.84435 3.28304 0.376266  2.82521  4.24271  
2.01271 0.76091 0.0452666 0.285331  3.77953  2.06988  
1.32933 2.59839 2.59152 0.287307  1.04906  5.80723  
0.0493275 0.0704826 6.04486 0.198746  3.95922  1.19165  
0.0577093 0.053841 6.04486 0.220459  2.00374  5.24985  
1.65186 2.4266 0.0452666 0.169624  3.45776  3.15219  
1.18605 2.55031 3.23242 0.129163  0.186932  6.0359  
2.0275 0.0452028 0.837014 0.126865  4.03861  0.278591  
1.91168 1.48095 0.0452666 0.0639013  3.27214  3.58962  
0.248603 1.75378 5.43546 2.045  0.0452184  0.0452666  
1.23015 1.46185 4.38574 0.126921  4.0413  0.123081  
0.780918 1.51043 5.17276 0.0577093  0.0538411  6.04486  
0.464594 3.29862 3.30029 2.04446  0.122165  0.122151  
1.74278 1.89784 1.57261 2.04204  0.257286  0.115892  
0.294282 2.26738 4.97734 2.04216  0.140333  0.330972  
0.47249 3.6329 2.36683 2.03451  0.452338  0.103312  
0.0616055 2.88016 4.27722 2.03913  0.249922  0.386575  
1.54977 1.05996 3.69236 2.03408  0.43259  0.277789  
2.045 0.0452184 0.0452666 2.03427  0.131712  0.651883  
0.712274 3.37217 2.70678 2.01324  0.7543  0.0921863  
1.85468 0.998986 2.16107 2.03054  0.409592  0.513632  
0.198292 3.94767 1.27756 2.01886  0.661942  0.325389  
1.46511 2.51877 2.06505 2.02561  0.22676  0.832604  
0.98813 1.22926 5.02887 2.00016  0.87749  0.237213  
1.66806 2.38226 0.0452666 2.02139  0.390203  0.804467  
0.775399 3.76872 0.0454801 2.01053  0.70144  0.555458  
1.59813 2.56341 0.185886 2.00707  0.12213  1.20228  
0.890968 3.40913 2.07005 1.94875  1.27067  0.084635  
1.73369 2.18819 0.0452666 2.00396  0.688278  0.773963  
0.529241 1.24817 5.57966 1.97407  1.06658  0.444853  
1.53795 2.70665 0.0452666 1.99888  0.375756  1.22607  
1.00785 2.44248 3.88212 1.93577  1.33901  0.284734  
1.41333 1.85132 3.48123 1.99142  0.613197  1.12971  
1.35356 3.0705 0.045446 1.96602  1.05768  0.737627  
1.00399 3.55005 0.329625 1.96921  0.212184  1.66178  
1.64247 0.991115 3.36446 1.87608  1.6501  0.210867  
1.01752 2.20132 4.17125 1.96792  0.832693  1.1963  
1.52945 0.0451518 4.06592 1.92379  1.33967  0.723225  
0.996581 2.64685 3.59729 1.95043  0.370393  1.80167  
1.30886 0.464849 4.65232 1.86779  1.6632  0.498114  
0.49846 3.93969 0.186433 1.9453  0.676273  1.65843  
1.19296 3.30689 0.491991 1.91575  1.26434  1.12089  
0.993835 0.0453053 5.32735 1.8943  0.118642  2.32726  
0.269153 0.972702 5.84253 1.72143  2.22623  0.0796932  
0.908075 3.65207 0.19092 1.89726  1.27539  1.35493  
0.481399 0.25742 5.89175 1.8069  1.88508  0.710532  
1.06029 3.27503 1.84729 1.89284  0.68357  2.13112  
1.51869 1.93339 2.94855 1.71391  2.23632  0.403602  
1.59872 2.23892 1.90072 1.87434  1.08595  1.90072  
0.829253 3.573 1.6132 1.80225  1.80143  1.17076  
1.99307 0.95057 0.0452666 1.82458  0.375723  2.73789  
1.77858 1.584 1.94843 1.59757  2.56251  0.258466  
0.701465 0.257487 5.70565 1.819  1.40863  1.91378  
1.23455 0.0451217 4.86836 1.70924  2.15442  1.07507  
1.20923 2.13802 3.77923 1.78643  0.629731  2.86234  
1.46314 2.86555 0.0454801 1.59363  2.54047  0.68073  
1.77695 2.04536 0.0452666 1.77428  1.12019  2.59162  
0.748478 3.08668 3.3206 1.70089  2.00856  1.672  
0.0567149 2.04516 5.2409 1.6717  0.216234  3.52619  
1.65259 0.0451756 3.61442 1.38488  3.01306  0.19092  
0.772951 2.70848 3.95534 1.68317  1.83278  2.20281  
0.272952 2.58975 4.62341 1.52351  2.63798  1.13965  
0.787912 2.01992 4.7632 1.65645  0.890999  3.36446  
1.31505 2.79818 2.14921 1.37757  2.99964  0.658212  
1.29646 3.16364 0.19092 1.629  1.48811  3.0001  
1.12442 3.02042 2.41021 1.51303  2.48779  1.8276  
1.52476 2.1494 2.56067 1.5134  0.387425  4.08609  
1.40885 0.0451395 4.43354 1.21695  3.27551  0.441688  
1.10603 0.229502 5.12352 1.52729  1.90627  2.94855  
0.0577093 0.0538411 6.04486 1.36318  2.86264  1.6257  
1.9421 1.31149 0.0452666 1.44347  0.725762  4.21104  
1.01942 1.7645 4.60592 1.20383  3.2393  1.02279  
1.41372 2.95742 0.278656 1.42898  1.422  3.85224  
0.205353 3.81081 2.00983 1.33475  2.63609  2.47872  
2.02826 0.561457 0.0452666 1.24631  0.11981  4.84073  
1.74987 1.17748 2.68227 0.907165  3.6542  0.0734988  
0.6298 3.73125 1.57735 1.25531  2.66867  2.75204  
0.938045 3.15889 2.69181 1.03769  3.42797  1.22022  
1.41395 1.40705 3.91276 1.23886  1.43228  4.38574  
0.701505 3.81409 0.441688 0.878012  3.66273  0.59894  
1.55604 1.54842 3.26451 1.17156  2.21484  3.78456  
1.78569 0.0451868 2.99964 1.00263  3.29014  2.05791  
1.89636 0.0452308 2.31507 1.04683  0.720734  5.13809  
0.772407 2.50997 4.23627 0.715822  3.80851  0.329625  
1.84534 0.0451966 2.65825 1.00642  2.67179  3.53155  
1.16269 2.73418 2.95801 0.819168  3.56359  1.70327  
1.65845 1.48006 2.86234 0.928297  1.1652  5.15916  
1.83488 1.82976 0.0452666 0.670964  3.79525  0.955285  
0.912464 0.246242 5.44282 0.875683  2.04363  4.60592  
0.262298 3.53539 2.90222 0.754782  3.3421  2.69197  
1.73572 0.0451847 3.25016 0.713955  0.37044  5.67831  
2.01164 0.0452148 1.13637 0.473985  3.95047  0.20377  
1.88998 1.12168 1.70519 0.682606  3.0349  3.54175  
0.0584531 0.0455668 6.04486 0.528137  3.79135  1.56822  
1.64979 1.82722 2.43222 0.61897  1.47111  5.3797  
1.3246 2.60785 2.59162 0.411809  3.94393  0.81006  
1.20419 2.35142 3.50008 0.546506  2.38574  4.67194  
1.38994 2.28501 2.94855 0.442819  3.59121  2.5511  
1.98583 0.0452083 1.4936 0.425109  0.593321  5.87794  
0.529022 2.94486 3.91422 0.282014  4.00562  0.491991  
0.980903 2.84435 3.28304 0.376257  2.82522  4.24271  
1.20444 1.92505 4.03855 0.2853  3.77953  2.06988  
0.247826 3.19715 3.68831 0.287676  1.04936  5.80697  
0.0493275 0.0704826 6.04486 0.198746  3.95921  1.19168  
1.11962 3.41714 0.19092 0.220744  2.00379  5.24972  
1.89846 1.54791 0.0452666 0.169734  3.45774  3.15219  
1.18605 2.55031 3.23242 0.129022  0.188735  6.03582  
1.94266 0.0451941 1.93975 0.126865  4.03861  0.278656  
0.126921 4.0413 0.123081 0.0639013  3.27214  3.58962  
