45.439 1.78457 127.247 45.439  1.78457  127.247  
71.8735 33.0018 38.5446 71.8735  33.0018  38.5446  
7.49462 7.21427 353.585 7.49462  7.21427  353.585  
18.6604 105.996 224.827 18.6604  105.996  224.827  
36.4716 0.851402 253.092 36.4716  0.851402  253.092  
135.798 75.2533 19.6596 135.798  75.2533  19.6596  
21.939 13.0305 147.668 21.939  13.0305  147.668  
1.67477 306.461 13.5954 1.67477  306.461  13.5954  
116.435 125.991 90.0041 116.435  125.991  90.0041  
77.4328 128.096 5.31117 77.4328  128.096  5.31117  
27.456 0.000527208 352.921 27.456  0.000527208  352.921  
41.8544 197.63 118.585 41.8544  197.63  118.585  
134.333 19.7521 119.702 134.333  19.7521  119.702  
148.956 113.525 59.0914 148.956  113.525  59.0914  
31.1372 34.6711 212.751 31.1372  34.6711  212.751  
2.7633 75.9119 201.007 2.7633  75.9119  201.007  
53.2082 141.745 90.4622 53.2082  141.745  90.4622  
9.16576 54.8288 199.788 9.16576  54.8288  199.788  
12.3806 19.1367 308.943 12.3806  19.1367  308.943  
27.1519 76.8922 142.211 27.1519  76.8922  142.211  
18.1177 107.043 113.559 18.1177  107.043  113.559  
16.0145 44.8342 128.844 16.0145  44.8342  128.844  
9.53004 76.7229 197.321 9.53004  76.7229  197.321  
33.87 3.1717 239.282 33.87  3.1717  239.282  
87.1062 100.207 207.831 87.1062  100.207  207.831  
77.0675 207.29 28.5182 77.0675  207.29  28.5182  
4.35564 3.34364 266.378 4.35564  3.34364  266.378  
2.30965 116.326 127.464 2.30965  116.326  127.464  
14.935 9.68024 140.48 14.935  9.68024  140.48  
239.452 22.0221 26.786 239.452  22.0221  26.786  
31.052 189.686 19.3655 31.052  189.686  19.3655  
2.47367 30.7627 366.595 2.47367  30.7627  366.595  
61.5903 3.15231 218.479 61.5903  3.15231  218.479  
0.252329 22.6611 102.502 0.252329  22.6611  102.502  
7.20409 31.392 157.228 7.20409  31.392  157.228  
171.376 38.8275 126.675 171.376  38.8275  126.675  
107.11 37.7261 117.878 107.11  37.7261  117.878  
27.9068 26.03 147.954 27.9068  26.03  147.954  
3.42121 80.9774 142.839 3.42121  80.9774  142.839  
77.6035 12.5238 271.363 77.6035  12.5238  271.363  
0.250911 113.23 226.028 0.250911  113.23  226.028  
2.26275 33.6343 5.95486 2.26275  33.6343  5.95486  
55.9508 9.08194 252.032 55.9508  9.08194  252.032  
0.711621 1.53101 403.762 0.711621  1.53101  403.762  
0.118716 2.06345 196.66 0.118716  2.06345  196.66  
130.288 136.362 24.3437 130.288  136.362  24.3437  
13.2976 82.4122 103.692 13.2976  82.4122  103.692  
29.4885 113.834 143.725 29.4885  113.834  143.725  
48.7354 49.7586 175.684 48.7354  49.7586  175.684  
4.05354 116.505 171.662 4.05354  116.505  171.662  
38.677 46.1399 176.192 38.677  46.1399  176.192  
194.067 35.7038 176.468 194.067  35.7038  176.468  
26.7057 37.2408 128.728 26.7057  37.2408  128.728  
12.3546 6.98514 203.009 12.3546  6.98514  203.009  
70.5837 41.5984 195.987 70.5837  41.5984  195.987  
81.2452 48.4 113.544 81.2452  48.4  113.544  
108.381 183.28 12.2886 108.381  183.28  12.2886  
26.5163 18.3959 244.022 26.5163  18.3959  244.022  
21.3711 22.3952 152.507 21.3711  22.3952  152.507  
4.69677 16.3023 207.654 4.69677  16.3023  207.654  
131.576 227.676 2.51946 131.576  227.676  2.51946  
27.9226 4.21572 131.244 27.9226  4.21572  131.244  
25.1987 47.0224 153.284 25.1987  47.0224  153.284  
159.926 19.0243 32.1588 159.926  19.0243  32.1588  
16.67 20.2883 317.565 16.67  20.2883  317.565  
18.9549 39.1424 238.733 18.9549  39.1424  238.733  
51.9685 158.219 81.9532 51.9685  158.219  81.9532  
41.0342 29.1683 117.037 41.0342  29.1683  117.037  
149.805 87.8007 13.8076 149.805  87.8007  13.8076  
87.2442 252.61 48.7945 87.2442  252.61  48.7945  
20.717 57.659 37.0461 20.717  57.659  37.0461  
186.092 154.742 5.50712 186.092  154.742  5.50712  
57.1407 114.626 163.198 57.1407  114.626  163.198  
257.557 21.9883 31.6234 257.557  21.9883  31.6234  
12.4119 3.4867 174.886 12.4119  3.4867  174.886  
96.5862 17.6603 92.2922 96.5862  17.6603  92.2922  
125.548 25.1382 112.997 125.548  25.1382  112.997  
80.8458 85.8518 209.047 80.8458  85.8518  209.047  
33.1891 9.29871 265.702 33.1891  9.29871  265.702  
1.85729 77.3492 115.619 1.85729  77.3492  115.619  
80.4043 25.0848 321.633 80.4043  25.0848  321.633  
44.9868 43.9876 42.861 44.9868  43.9876  42.861  
17.9268 20.5491 159.938 17.9268  20.5491  159.938  
81.5488 57.6906 187.268 81.5488  57.6906  187.268  
10.5142 99.1937 30.0291 10.5142  99.1937  30.0291  
169.585 64.2092 81.0945 169.585  64.2092  81.0945  
36.5784 69.2399 47.4547 36.5784  69.2399  47.4547  
30.0358 87.5493 84.3667 30.0358  87.5493  84.3667  
21.7417 97.8186 203.013 21.7417  97.8186  203.013  
134.208 104.403 3.03533 134.208  104.403  3.03533  
89.6897 81.5649 128.15 89.6897  81.5649  128.15  
108.869 47.1289 178.171 108.869  47.1289  178.171  
10.1448 67.4323 38.0662 10.1448  67.4323  38.0662  
131.47 23.9899 60.6835 131.47  23.9899  60.6835  
3.09546 27.1493 190.526 3.09546  27.1493  190.526  
9.107 92.218 302.06 9.107  92.218  302.06  
124.832 94.6622 178.109 124.832  94.6622  178.109  
2.50128 5.27812 217.814 2.50128  5.27812  217.814  
35.6294 95.6642 297.295 35.6294  95.6642  297.295  
50.4169 14.6385 213.284 50.4169  14.6385  213.284  
0.304934 0.197291 4.67458e-05 18.8984  16.9422  289.194  
0.000316791 0.241874 0.258274 6.20168  9.09122  166.633  
0.0458666 0.406899 0.0476996 1.84721e-07  7.93233e-06  0.500421  
1.83251e-05 0.00976391 0.494777 28.8204  1.08189  1.10838  
0.106313 0.0685801 0.325776 32.5692  3.33936  1.1158  
0.0335848 0.280476 0.186404 25.8552  1.21719  3.46428  
0.313873 0.0126392 0.173916 287.921  6.55082  8.41412  
0.0778183 0.396455 0.0261925 33.6566  2.43281  6.08241  
0.0503145 0.0324017 0.419555 191.868  1.53887  7.29291  
0.142387 0.243393 0.114685 248.116  7.8132  9.77133  
0.0626371 0.371021 0.066807 62.0056  19.0963  1.01627  
0.41982 0.064756 0.0160937 43.8883  6.44807  10.1788  
0.0132922 0.000149799 0.490017 26.0019  7.15336  3.61562  
0.467964 0.0151252 0.0173764 23.2585  2.11776  9.24338  
0.219791 0.0135682 0.271199 236.035  1.68212  6.63723  
0.241585 0.155841 0.103243 108.736  13.2101  29.9683  
2.22201e-05 32.6613 0.000178321 272.382  37.7359  4.36348  
0.283068 0.184959 0.0326428 16.2239  0.633897  9.67212  
0.0260631 0.0168127 0.457794 0.300622  0.193925  0.0061226  
0.102506 0.316532 0.0813904 316.068  0.437411  12.5315  
0.0488418 0.24883 0.202793 157.909  13.8979  71.0948  
0.106878 0.231806 0.161782 23.7617  3.57264  14.123  
0.0323523 0.363895 0.104218 78.136  82.5806  0.192107  
0.189449 0.122209 0.189011 54.0797  6.60877  30.6038  
0.11978 0.0154533 0.368055 42.1333  28.7952  18.4204  
0.0151937 0.314015 0.174079 22.2834  0.430308  17.938  
0.0488184 0.0831519 0.368495 92.05  94.1163  0.222527  
0.249118 0.0892649 0.162083 57.0576  30.2404  55.2639  
0.332428 0.151218 0.0168195 1.09837  7.47557  141.605  
0.359828 0.0342023 0.106435 134.644  0.41916  99.0143  
0.0873127 0.138464 0.274652 101.454  90.6171  0.353869  
0.0633052 0.199653 0.237966 14.6218  4.82528  12.4521  
0.0700486 0.0164869 0.41393 0.23575  13.6047  195.744  
0.000404583 0.494239 0.00602582 9.83325  0.737292  91.8234  
0.23318 0.0538888 0.21336 98.234  128.992  2.42415  
0.000199754 0.152515 0.347751 24.7035  26.5947  181.735  
0.0166993 0.415166 0.0714152 3.69736  47.0902  7.53492  
26.003 8.33172e-08 1.27024e-13 13.3585  0.191149  259.537  
0.388066 0.0455429 0.0668201 21.2105  31.0931  4.54525  
0.266255 0.233565 0.000645358 0.325897  15.5161  211.656  
0.213258 0.221117 0.0701841 48.8915  68.2802  39.0723  
0.00778476 9.08627e-05 0.492553 17.8  0.533578  358.878  
0.363376 0.0139211 0.125992 44.2668  73.2715  3.17427  
0.0704489 0.287433 0.142547 0.26075  15.0474  216.502  
0.263265 0.169826 0.0675782 50.5593  73.2285  42.7623  
0.103456 0.153217 0.243793 12.1635  10.9044  186.132  
0.160034 0.323982 0.0164131 48.5007  71.0985  10.3933  
0.0144762 0.0845401 0.401412 22.3061  11.8181  32.1219  
0.307584 0.14358 0.0493012 10.5855  0.0831262  103.37  
0.385208 0.106775 0.00844569 11.4482  0.369081  28.7151  
0.25357 0.0157583 0.231101 51.1596  144.278  1.03612  
0.156907 0.0520397 0.291482 1.16318  16.8247  297.362  
0.285929 0.147985 0.0667555 0.0669343  1.93333  175.539  
0.217392 0.140235 0.143043 27.4612  0.48689  209.906  
0.0657773 0.0488383 0.385813 9.80014  22.8881  3.86862  
0.000119398 0.0538389 0.446507 32.7617  7.22201  83.9115  
0.0316025 0.15002 0.318806 2.31934  54.1472  97.1664  
0.0528439 0.160439 0.289997 8.1977  5.92336  151.999  
0.0861442 0.0532559 0.361269 7.35761  20.7467  2.44231  
0.190601 0.0152144 0.294614 1.26722  102.349  188.564  
0.0474598 0.335039 0.11793 0.542984  3.69557  70.003  
0.140199 0.146899 0.213331 22.5327  12.8501  88.6287  
0.289938 0.048356 0.162171 74.9337  4.18539  193.118  
0.137599 0.0320083 0.330858 2.84421  14.1228  167.069  
0.13067 0.283407 0.086389 6.86301  14.1122  13.299  
0.3179 0.0335799 0.14924 4.3342  0.0739298  101.928  
0.177597 0.270452 0.0524163 1.48284  152.488  0.0136873  
0.219511 0.0841222 0.199655 0.0584001  7.61759  396.793  
0.159987 0.179636 0.162648 0.383847  209.09  3.44811  
0.217559 0.24864 0.0342297 1.28875  15.7448  127.932  
0.0653894 0.42624 0.00903977 12.6616  59.1085  6.29415  
0.013786 0.354003 0.135499 5.98504  23.7787  45.9962  
0.0160941 0.121688 0.362647 23.6532  17.7701  355.104  
0.343622 0.0724847 0.0871818 3.15116  3.47729  30.4767  
0.157116 0.000560297 0.345612 3.9721  22.1721  1.67025  
1.84721e-07 7.93233e-06 0.500421 4.82654  13.2629  17.4693  
0.270848 0.0336664 0.195914 2.19679  0.286827  215.496  
0.312276 0.0820944 0.106095 4.53481  5.3058  27.7389  
0.0294286 0.456128 0.0167145 1.1463  96.5262  0.284533  
0.0141106 0.263255 0.2231 0.000654888  50.4545  158.825  
0.279856 0.102037 0.119032 2.3915  11.2713  8.94895  
0.158583 0.102298 0.239788 0.758112  0.549063  35.4508  
0.207238 0.196354 0.0996966 2.47558  42.9335  0.999318  
0.100966 0.349419 0.0505388 4.02854  19.6212  23.1297  
0.32678 0.17388 9.90367e-06 8.05967  224.708  2.51108  
0.364762 0.0848509 0.0508526 11.1029  16.2761  102.613  
0.104418 0.0975803 0.298431 2.23335  27.0971  5.38351  
0.193293 0.0507233 0.256413 0.000552755  42.5859  134.055  
0.136166 0.0878375 0.276666 0.0010871  45.0194  128.204  
0.0170063 0.195282 0.288177 1.45607  0.764226  26.4145  
0.209249 0.275287 0.0159291 1.18867  20.4229  2.26892  
0.428174 0.00391681 0.0683747 0.969847  22.642  40.6308  
0.169038 0.248896 0.0825314 0.687182  11.36  6.17558  
0.172126 0.207203 0.124129 0.378629  2.93168  54.6723  
0.115737 0.193341 0.194211 0.356268  13.409  3.86996  
0.0846533 0.190867 0.224909 0.835576  10.859  28.9187  
0.123702 0.371022 0.00602679 0.888111  73.749  95.069  
0.0668828 0.103316 0.333089 0.082517  0.00347506  20.2127  
0.495519 0.000707024 0.00604509 0.510811  71.0579  1.44181  
0.34923 0.123307 0.0279284 0.424829  4.52774  108.639  
0.304002 0.196105 2.76129e-05 2.61323  16.8935  43.6847  
0.00794886 0.233977 0.258116 72.8045  2.94617  4.9487  
0.0458666 0.406899 0.0476996 2.78039e-05  4.19223e-05  0.499972  
0.333794 0.165834 0.000506742 15.4736  0.420803  0.588944  
0.104184 0.0672069 0.329043 21.1948  0.9932  0.421028  
0.0335848 0.280476 0.186404 14.2725  0.670985  1.78049  
0.313873 0.0126392 0.173916 16.0408  3.22363  0.456164  
0.083974 0.399089 0.0170722 20.8998  1.72816  3.18242  
0.0313431 0.05057 0.418142 23.6961  3.01226  1.04856  
0.139539 0.244391 0.116112 28.8133  0.806685  7.41491  
0.0626371 0.371021 0.066807 26.044  5.72888  0.313155  
0.41982 0.064756 0.0160937 14.8611  2.71278  3.4147  
0.00586056 6.22651e-05 0.494506 52.8374  11.9775  2.03627  
0.467964 0.0151252 0.0173764 24.2058  1.49728  9.56594  
0.256744 0.225826 0.0175652 2.85113  9.20974  67.1521  
0.241585 0.155841 0.103243 19.4884  3.28107  6.63577  
9.55277e-06 32.0512 1.43706e-05 15.1993  4.78455  3.71005  
0.260958 0.205695 0.0334819 6.99991  0.272075  4.11615  
0.0335106 0.0165249 0.450099 0.30024  0.193678  0.00621638  
0.108451 0.321528 0.0704497 25.9633  3.45462  10.9485  
0.0488418 0.24883 0.202793 0.139571  0.476007  52.8637  
0.105425 0.234339 0.160277 19.05  3.20727  7.92073  
0.0323523 0.363895 0.104218 9.41737  51.7416  54.1676  
0.157071 0.101323 0.241742 22.3868  6.9283  13.1646  
0.11978 0.0154533 0.368055 15.2806  8.82897  5.90289  
0.0151937 0.314015 0.174079 3.18338  0.373805  37.6258  
0.0504391 0.0861707 0.363445 44.675  29.7144  100.204  
0.24017 0.103934 0.155938 24.3537  3.75266  19.2316  
0.101532 0.0346522 0.363858 45.1361  3.77328  12.4011  
0.359828 0.0342023 0.106435 4.76174  0.770651  4.33413  
0.0873127 0.138464 0.274652 2.99318  57.0098  53.1438  
0.0700223 0.17585 0.25417 19.1798  6.18195  16.7376  
0.0700486 0.0164869 0.41393 54.5012  6.54808  49.0035  
0.0165954 0.477323 0.00621638 3.77088  0.173734  32.3208  
0.23318 0.0538888 0.21336 0.212325  7.55049  105.868  
0.000141457 0.355556 0.144345 11.425  7.53067  8.0093  
0.0166993 0.415166 0.0714152 13.3136  16.2173  5.04391  
16.3784 2.99948e-07 6.34439e-07 20.3911  2.99252  16.0001  
0.388066 0.0455429 0.0668201 0.538132  11.2287  53.5113  
0.159843 0.340074 0.000125385 11.4172  6.54589  11.8053  
0.190068 0.119098 0.190968 16.8085  17.9611  5.93869  
0.0101013 0.000110724 0.490217 10.6954  1.78138  20.7118  
0.363376 0.0139211 0.125992 0.0592829  0.944998  92.4928  
0.0704489 0.287433 0.142547 9.87996  9.13054  12.0979  
0.273846 0.176652 0.0499358 29.1161  35.4664  11.0308  
0.120761 0.154803 0.224478 11.7523  5.71008  26.7769  
0.158074 0.308848 0.0331203 35.2789  37.6979  12.4645  
0.0144762 0.0845401 0.401412 12.9199  1.05397  31.4217  
0.306621 0.127516 0.0659179 35.6051  41.4523  17.9173  
0.390797 0.0959439 0.0134008 5.26398  0.0727585  13.1376  
0.25357 0.0157583 0.231101 0.0492724  117.47  0.685781  
0.156907 0.0520397 0.291482 4.69371  5.19902  6.31057  
0.278166 0.139601 0.0822755 31.7128  57.4698  23.5598  
0.218563 0.14099 0.140581 7.42726  0.517023  16.1838  
0.0641663 0.0503304 0.385545 44.354  119.273  14.6424  
0.000119398 0.0538389 0.446507 2.77669  3.43522  27.9606  
0.0316025 0.15002 0.318806 10.0283  17.16  11.808  
0.259078 0.119433 0.12153 4.86022  1.10174  13.27  
0.12477 0.359864 0.0155004 5.77726  16.5065  1.69426  
0.190601 0.0152144 0.294614 9.13052  10.7001  17.47  
0.0474598 0.335039 0.11793 8.78039  19.1441  10.6431  
0.142968 0.14397 0.213383 7.17161  1.57753  22.3475  
0.269626 0.0697227 0.160694 6.27651  19.1165  4.03761  
0.137599 0.0320083 0.330858 2.6291  2.65929  7.38917  
0.000166996 0.512167 0.00644815 19.8881  1.07067  38.7068  
0.317911 0.0442087 0.138309 2.06928  0.0972818  8.41815  
0.173636 0.275159 0.0512473 5.48614  97.8314  0.602907  
0.218353 0.083807 0.19795 4.95303  8.28433  41.1082  
0.443105 0.0508136 0.00621638 14.9336  103.93  11.1975  
0.213119 0.235023 0.0518992 2.8353  3.08272  10.4701  
0.186869 0.177982 0.135191 2.49541  11.5046  1.77186  
7.43002e-05 0.0147886 0.485201 6.03355  9.9509  25.7678  
0.0160941 0.121688 0.362647 4.8512  4.23355  47.3151  
0.343622 0.0724847 0.0871818 4.3119  2.33772  23.9707  
0.136478 0.211731 0.151833 1.81465  12.1827  0.18337  
0.163971 0.160941 0.17513 1.33448  9.73244  31.6969  
0.270848 0.0336664 0.195914 1.36569  37.4503  49.9138  
0.312276 0.0820944 0.106095 1.79105  2.91741  14.8116  
0.0320646 0.452145 0.0159324 7.31397  47.2818  8.59565  
0.0141106 0.263255 0.2231 1.47077  7.762  18.7711  
0.279856 0.102037 0.119032 1.77513  9.06521  6.20766  
2.78039e-05 4.19223e-05 0.499972 1.5612  0.798552  15.8719  
0.220418 0.194395 0.0856163 0.953781  9.02549  0.321667  
0.100966 0.349419 0.0505388 0.710675  4.33701  5.09442  
0.32678 0.17388 9.90367e-06 3.31927  3.08224  49.9935  
0.364762 0.0848509 0.0508526 1.61208  2.82803  17.7249  
0.104418 0.0975803 0.298431 1.06006  15.8359  1.64647  
0.193293 0.0507233 0.256413 1.31641  5.34078  15.0063  
0.136375 0.0866093 0.277151 0.36011  0.00535625  45.815  
0.0170063 0.195282 0.288177 0.0319127  1.13484  15.912  
0.209249 0.275287 0.0159291 0.444385  15.8027  0.831672  
0.428174 0.00391681 0.0683747 0.28948  0.0367987  27.4307  
0.16132 0.252376 0.0863462 0.576722  60.8674  30.9909  
0.180956 0.213031 0.106068 0.482274  3.38154  21.2958  
0.119255 0.189924 0.190865 0.498213  20.3704  6.20287  
0.0852662 0.196396 0.218379 0.131287  4.48463  27.377  
0.119802 0.275943 0.104297 0.0549386  12.1081  10.7034  
0.0690365 0.101361 0.329644 0.177904  0.0250661  17.064  
0.493404 0.000514348 0.00621638 0.00978727  23.3338  0.136221  
0.34923 0.123307 0.0279284 0.00508562  12.1246  43.2031  
0.302866 0.197244 2.47187e-05 15.3517  1.57214  2.60448  
0.0333352 0.219421 0.247244 1.31405  10.164  2.5151  
0.0458666 0.406899 0.0476996 2.21046e-05  4.76157e-05  0.49993  
0.490829 0.0244484 3.04124e-05 4.18621  0.161304  0.150646  
0.103486 0.0684586 0.328055 4.42337  0.427324  0.147032  
0.158959 0.189145 0.151897 5.89676  0.270947  0.830995  
0.318209 0.0156121 0.166182 7.72171  1.57341  0.200352  
0.0854581 0.398133 0.0165434 5.51029  0.5643  0.934842  
0.0324007 0.0494222 0.418219 7.97506  1.32395  0.196487  
0.136749 0.225413 0.137879 7.06412  0.306825  2.12453  
0.0626371 0.371021 0.066807 7.72494  1.57407  0.196487  
0.41982 0.064756 0.0160937 8.17703  1.18975  0.145351  
0.351493 0.0446224 0.103885 6.75999  2.23709  0.537559  
0.449761 0.0336883 0.0165505 6.75909  0.35741  2.38192  
0.344444 0.141044 0.0146467 6.51447  2.7389  0.242075  
0.241072 0.15551 0.10342 9.23305  1.54974  3.37304  
0.000949577 0.499004 0.000181279 9.57939  1.60962  3.50011  
0.260958 0.205695 0.0334819 0.306626  0.0120791  0.181294  
0.0150318 0.0144474 0.470521 0.300146  0.193617  0.00623675  
0.107789 0.30767 0.08512 4.11894  1.34234  1.53543  
0.050694 0.249867 0.199439 5.43958  2.90501  1.15085  
0.105425 0.234339 0.160277 5.49294  0.778553  3.22396  
0.0323523 0.363895 0.104218 5.46685  3.48384  0.557725  
0.0498631 0.118924 0.331348 5.16716  1.42242  2.90596  
0.121814 0.0345747 0.343611 3.89917  1.60487  1.49315  
0.215132 0.06662 0.218318 4.9463  0.362698  4.18653  
0.0505519 0.085433 0.364055 7.56734  6.19517  0.485134  
0.24017 0.103934 0.155938 3.49204  1.4176  2.08708  
0.472004 3.24522e-05 0.030193 3.93134  1.56588  1.4997  
0.0990099 0.0166253 0.384368 4.12398  0.840944  4.53405  
0.0860266 0.138696 0.275278 5.96653  6.28293  1.74378  
0.0439961 3.02491e-06 0.45823 4.93351  0.576228  4.02462  
0.0693237 0.0171291 0.41355 5.30964  1.79642  4.3891  
0.332451 0.11932 0.0482694 1.54864  0.92075  7.18871  
0.150088 0.0144994 0.335412 4.04158  5.48448  0.00748182  
0.25286 0.23098 0.0161593 4.15597  2.52968  2.80979  
4.0898e-05 0.399514 0.100651 5.72334  6.02685  2.24306  
0.509787 9.68695e-06 0.000116722 3.78538  1.17958  4.53408  
0.398454 0.0321304 0.0694152 3.93812  5.26749  0.327934  
0.159843 0.340074 0.000125385 3.89032  1.63562  3.97004  
0.188316 0.121478 0.190208 5.04999  5.16562  3.27855  
4.8045e-05 0.260174 0.239778 2.48106  0.342474  4.17319  
0.402483 2.76723e-05 0.0997189 2.53003  4.17556  0.326283  
0.0704489 0.287433 0.142547 5.2058  3.30429  5.48307  
0.273035 0.176129 0.0509704 1.49086  2.44147  1.06539  
0.120852 0.155567 0.223581 2.38721  0.78446  3.89721  
0.139913 0.310635 0.0497552 2.95464  8.96652  2.07201  
0.0144762 0.0845401 0.401412 3.07245  1.91599  4.5077  
0.000108999 0.500277 0.000352371 3.84374  5.53052  4.63819  
0.381225 0.104156 0.0147532 1.29234  0.223348  9.24687  
0.25357 0.0157583 0.231101 1.4967  3.33924  0.161788  
0.156907 0.0520397 0.291482 2.2461  1.22423  6.02511  
0.284272 0.14283 0.0728979 1.42345  2.52127  1.053  
2.21046e-05 4.76157e-05 0.49993 2.60906  1.40826  5.47812  
0.0672495 0.0499106 0.382882 1.35663  3.01816  0.622934  
0.218542 0.0166999 0.264779 0.13215  0.120715  0.247136  
0.0350071 0.163222 0.301905 0.989496  2.47703  1.5312  
0.119077 0.119635 0.261288 1.5963  0.671137  7.22854  
0.120079 0.368303 0.0116173 0.887128  9.01441  0.312793  
0.183835 0.0155285 0.300654 1.6294  1.99663  5.90751  
0.0474598 0.335039 0.11793 1.17533  2.5124  1.31065  
0.218114 0.1407 0.141186 2.0476  1.02107  6.46488  
0.269626 0.0697227 0.160694 3.0454  8.62714  2.32063  
1.6476e-05 0.0472743 0.452718 0.428239  1.19385  3.37563  
2.10267e-05 0.488362 0.0116173 2.45455  0.926672  6.14936  
0.317911 0.0442087 0.138309 0.360461  0.0012972  1.41458  
0.173636 0.275159 0.0512473 1.15298  8.40072  0.0193247  
0.182137 0.301818 0.016045 0.141683  3.89101  5.83898  
1.3771e-06 0.431606 0.0691314 2.68339  8.09939  3.37304  
0.213119 0.235023 0.0518992 1.71022  1.84915  6.1797  
0.190537 0.174049 0.135414 0.479384  8.49349  0.954491  
3.77457e-05 0.161763 0.338334 1.42416  2.97133  5.09996  
0.289898 1.99317e-05 0.212311 0.768382  2.61792  1.61142  
0.0158813 0.296935 0.187184 1.12475  0.366552  5.50541  
2.59899e-05 0.118828 0.381884 0.934503  8.16198  0.39896  
0.17089 0.156103 0.173008 0.940131  2.58734  3.46924  
0.270848 0.0336664 0.195914 0.736486  4.17032  2.11725  
0.312276 0.0820944 0.106095 0.242117  1.32973  5.4522  
0.0321137 0.453495 0.0143911 0.797359  8.59249  0.105591  
0.154092 0.140758 0.20515 0.428239  1.19385  3.37563  
0.279856 0.102037 0.119032 1.87389  1.68548  6.1797  
0.1565 0.102805 0.240695 0.226759  0.0904354  4.68061  
0.222508 0.191965 0.0855691 0.805393  8.49359  0.196487  
0.100966 0.349419 0.0505388 0.623273  4.10508  4.82188  
0.32678 0.17388 9.90367e-06 0.284561  6.58382  2.64004  
0.364762 0.0848509 0.0508526 0.445284  1.21861  5.36796  
0.0682526 0.170459 0.261288 0.0102455  8.4783  1.01281  
0.193293 0.0507233 0.256413 0.00675062  3.2492  6.24541  
0.136375 0.0866093 0.277151 0.0379957  5.50219  3.95534  
4.47012e-05 0.204377 0.296317 0.00221649  0.314973  4.68054  
0.209249 0.275287 0.0159291 0.436844  8.37034  0.713543  
0.436969 0.0146747 0.0483978 0.190112  3.64273  5.66743  
0.160354 0.25609 0.0835977 0.330843  5.94065  3.22396  
0.180956 0.213031 0.106068 0.00221652  0.314978  4.68061  
0.119953 0.189498 0.190554 0.148811  7.7667  1.57993  
0.0852662 0.196396 0.218379 0.108826  2.36056  7.18871  
0.119802 0.275943 0.104297 0.082463  4.88247  4.53405  
0.0833481 0.102514 0.314179 0.0206292  0.0113933  4.9657  
0.36407 0.0141699 0.12176 0.00379115  0.484592  0.0116173  
0.0159162 0.329818 0.154337 0.000847833  0.237864  0.261288  
0.364819 0.118131 0.0170504 0.499949  4.06729e-05  1.02797e-05  
6.06451e-06 0.173271 0.326723 6.98383e-06  0.49999  3.37884e-06  
0.033624 0.415565 0.050811 4.43629e-05  3.87362e-05  0.499917  
0.178057 0.287888 0.0340546 4.21391  0.135658  0.148404  
0.103486 0.0684586 0.328055 2.19799  0.22294  0.0780527  
0.155034 0.189446 0.15552 2.10018  0.100189  0.298627  
0.103734 0.310147 0.0861198 2.02949  0.411459  0.0580368  
0.155449 1.26465e-05 0.344538 1.98513  0.203127  0.310815  
0.250946 0.0500532 0.199001 1.9046  0.371765  0.222621  
0.13792 0.22372 0.13836 0.376356  0.00877214  0.114872  
0.067212 0.364034 0.0687542 0.361034  0.130324  0.00864157  
0.417669 0.0670533 0.0152777 1.7606  0.322528  0.415855  
0.0687887 0.291712 0.139499 1.71855  0.538866  0.241569  
5.30023e-06 0.379457 0.120538 1.62429  0.168308  0.706389  
0.0687933 0.191535 0.239672 1.94253  0.379168  0.177298  
0.241076 0.155513 0.103411 1.60388  0.278754  0.616351  
0.397672 0.102318 1.02797e-05 1.56913  0.522646  0.407206  
0.249683 0.217498 0.032819 1.5339  0.0590111  0.906077  
0.0335505 0.268435 0.198014 1.49937  0.968685  0.0309283  
0.499949 4.06729e-05 1.02797e-05 1.70083  0.291754  0.506425  
0.0501748 0.23441 0.215415 1.43598  0.7644  0.298629  
0.214716 0.234304 0.05098 1.4077  0.238511  0.852776  
0.01528 0.399235 0.0854853 1.37676  0.946819  0.175497  
0.033804 0.118212 0.347984 0.270137  0.0790275  0.150835  
0.121126 0.0332352 0.345639 1.32279  0.698933  0.477271  
0.215861 0.06676 0.217379 1.29433  0.112042  1.09262  
0.0507093 0.0843635 0.36497 1.26866  1.11495  0.115382  
0.24017 0.103934 0.155938 1.21014  0.529667  0.759268  
0.449294 0.0506959 1.02797e-05 1.21768  0.841378  0.439934  
0.294998 0.153429 0.0515728 1.19229  0.203768  1.10294  
0.0862348 0.137718 0.276048 1.16833  1.03968  0.290978  
0.275205 0.103365 0.121431 1.1434  0.380843  0.974742  
0.0492641 0.0336913 0.417045 1.12092  0.732562  0.64551  
0.189082 0.051715 0.259203 0.219636  0.0087486  0.271615  
0.351029 0.0650547 0.0839166 1.08957  1.40261  0.00680302  
0.232341 0.267655 3.37884e-06 1.04907  0.704122  0.745799  
0.10352 0.39647 1.02797e-05 1.03005  1.0803  0.388645  
0.0676639 0.398911 0.0334254 1.00771  0.34889  1.14239  
0.396459 0.034479 0.0690617 1.04831  1.26659  0.184089  
0.137799 0.362191 1.02797e-05 0.966385  0.550156  0.982446  
0.189159 0.121278 0.189563 0.189227  0.189342  0.121431  
0.330328 0.11924 0.050432 0.930565  0.160081  1.40834  
3.81556e-06 0.273165 0.226831 0.180934  0.294157  0.0249096  
0.0167539 0.0329799 0.450266 0.882994  0.681811  0.934183  
4.43629e-05 3.87362e-05 0.499917 0.806255  1.13574  0.557015  
0.126029 0.15944 0.214531 0.859055  0.217677  1.42226  
0.13928 0.30987 0.0508502 0.953718  1.18189  0.363384  
6.98383e-06 0.49999 3.37884e-06 0.803072  0.505475  1.19045  
0.0517434 0.138766 0.309491 0.778487  0.940586  0.779921  
0.189049 0.172683 0.138267 0.76759  0.0803755  1.65103  
0.259064 0.0163318 0.224604 0.261006  2.23118  0.00680302  
0.156585 0.03465 0.308765 0.732528  0.799275  0.967193  
0.0513194 0.177065 0.271615 0.714066  1.25559  0.529328  
0.36411 0.0169937 0.118896 0.699029  0.356296  1.44366  
0.0691399 0.0516741 0.379186 0.675823  1.5097  0.313461  
0.234409 1.90701e-05 0.265572 0.132152  0.120712  0.247136  
0.313608 0.0166964 0.169696 0.644478  1.07503  0.779483  
0.120616 0.120053 0.259331 0.625824  0.145668  1.7275  
6.75355e-06 0.314702 0.185292 0.61019  1.68362  0.205177  
0.196744 1.60059e-05 0.30324 0.586449  0.746361  1.16618  
0.0515241 0.344515 0.103961 0.575543  1.23148  0.692051  
0.218082 0.142525 0.139392 0.111587  0.0538508  0.334562  
0.275448 0.0688401 0.155712 0.54105  1.50312  0.454813  
9.01596e-07 0.0645475 0.435452 0.518694  0.514329  1.46596  
0.0866268 0.253813 0.15956 0.508766  1.02608  0.964141  
0.327712 0.0513015 0.120987 0.0985793  0.00619813  0.395223  
0.0163453 0.0862401 0.397415 0.476995  2.00633  0.01566  
0.102267 0.206326 0.191407 0.467565  0.98624  1.04518  
6.05045e-06 0.433167 0.0668271 0.451003  1.57072  0.477271  
0.186797 0.3132 3.37884e-06 0.427209  0.500373  1.57141  
0.0166256 0.189368 0.294006 0.408086  1.8282  0.262782  
0.276291 0.189364 0.034345 0.391894  0.774923  1.33226  
0.28615 2.32795e-05 0.213827 0.38176  1.30572  0.811512  
0.467078 3.79987e-05 0.0328839 0.0520404  0.0543343  0.393625  
1.69061e-06 0.121035 0.378963 0.352703  1.99558  0.150708  
0.172496 0.155763 0.171741 0.337109  0.928846  1.23303  
0.316538 0.183452 1.02797e-05 0.32332  1.47846  0.697212  
0.311968 0.0863146 0.101717 0.327623  0.402679  1.76869  
0.0508491 0.449141 1.02797e-05 0.0583527  0.355528  0.0861198  
0.101484 0.15138 0.247136 0.0558977  0.135337  0.308765  
0.0491131 3.99556e-06 0.450883 0.0530623  0.2479  0.199037  
0.155059 0.103474 0.241467 0.0444566  0.0157066  0.439837  
0.22408 0.189607 0.086313 0.23564  2.17533  0.0880272  
0.11992 0.346022 0.0340578 0.220003  1.04773  1.23126  
0.345466 0.15453 3.37884e-06 0.205222  1.63026  0.663507  
0.364762 0.0848509 0.0508526 0.193477  0.485222  1.82029  
0.275127 0.224863 1.02797e-05 0.148039  1.9623  0.388645  
0.277635 0.135863 0.0865017 0.159103  0.782673  1.55722  
0.136375 0.0866093 0.277151 0.149805  1.37738  0.971801  
0.398619 3.24293e-05 0.101349 0.135623  0.268178  2.09527  
6.52451e-06 0.467106 0.0328871 0.124613  2.13339  0.241009  
0.43188 0.0170133 0.0511064 0.111629  0.949868  1.43749  
0.157518 0.256088 0.0863932 0.0963534  1.55743  0.845211  
0.178424 0.214761 0.106815 0.00118425  0.116347  0.883455  
3.2832e-06 0.235053 0.264944 0.0718516  1.88151  0.545625  
0.103343 8.40735e-06 0.396649 0.0117351  0.133495  0.354769  
0.119802 0.275943 0.104297 0.0453335  1.28676  1.1669  
0.0863425 0.102992 0.310665 0.00314807  0.0107493  0.486103  
0.344099 2.79939e-05 0.155873 0.0307505  4.36439  0.102831  
0.0163407 0.327499 0.156161 0.00171133  0.475407  0.522628  
0.222623 0.0842859 0.193091 0.499946  5.01007e-06  4.92519e-05  
0.0307928 0.282423 0.186784 3.73142e-05  0.49992  4.29877e-05  
0.24072 0.173157 0.0861228 3.47804e-05  4.83203e-05  0.499917  
0.150067 0.333573 0.01636 0.464136  0.0179186  0.0179455  
0.0875785 0.30878 0.103641 0.437868  0.0466074  0.0155247  
0.066729 0.417746 0.0155247 0.419796  0.0199918  0.0602126  
0.135165 0.12346 0.241375 0.405044  0.083102  0.0118543  
0.0683129 0.188999 0.242688 0.392416  0.0404005  0.067184  
0.100231 8.15421e-06 0.399761 0.380954  0.0743953  0.0446509  
0.321371 0.178586 4.29877e-05 0.370688  0.0160345  0.113277  
0.0340736 0.344537 0.121389 0.361017  0.130318  0.00866467  
0.139477 0.258662 0.101862 0.352137  0.0645392  0.0833243  
0.145726 0.159653 0.19462 0.343575  0.107572  0.0488525  
0.43441 0.0500649 0.0155247 0.335572  0.030844  0.133584  
1.29561e-05 0.17358 0.326407 0.327889  0.139869  0.0322425  
0.0513414 0.309517 0.139141 0.320518  0.056077  0.123405  
0.189402 0.310555 4.29877e-05 0.313539  0.104879  0.0815817  
0.0334548 0.397981 0.0685644 0.306606  0.0120622  0.181331  
0.273971 0.22598 4.92519e-05 0.30014  0.193626  0.0062341  
0.310167 0.103751 0.0860823 0.293772  0.0966528  0.109576  
0.293617 0.0858392 0.120544 0.287803  0.152537  0.05966  
0.197828 1.98248e-06 0.30217 0.281608  0.0477732  0.170619  
0.137367 0.206077 0.156556 0.275924  0.189189  0.0348868  
0.120267 0.24138 0.138353 0.270158  0.078981  0.150861  
0.293001 0.155293 0.0517061 0.26464  0.139735  0.0956248  
0.051317 0.174626 0.274057 0.259209  0.0225089  0.218282  
2.45613e-06 0.0329062 0.467091 0.253901  0.223043  0.0230559  
0.277466 0.0508536 0.171681 0.248711  0.102086  0.149204  
0.103848 0.345109 0.0510425 0.243702  0.168187  0.0881113  
0.165097 0.266877 0.0680263 0.238646  0.040832  0.220522  
0.0869497 0.379352 0.0336984 0.233796  0.208044  0.0581597  
9.33191e-06 0.125025 0.374966 0.228993  0.0761934  0.194814  
0.109401 0.13899 0.251609 0.224252  0.146495  0.129253  
0.100045 0.399912 4.29877e-05 0.219631  0.00875384  0.271615  
8.27143e-07 0.322289 0.17771 0.215107  0.28051  0.0043827  
0.346878 0.10141 0.0517124 0.210605  0.140216  0.149179  
0.248724 0.0329941 0.218282 0.206159  0.215789  0.0780521  
0.367618 0.0146522 0.117729 0.201812  0.0698379  0.22835  
0.0865543 0.239467 0.173979 0.197565  0.26004  0.0423951  
0.174811 0.163209 0.161981 0.193303  0.110198  0.196499  
0.119699 0.312275 0.0680263 0.189114  0.189477  0.12141  
0.186646 0.121362 0.191992 0.185052  0.0343051  0.280643  
0.154931 0.016339 0.32873 0.180876  0.294196  0.0249283  
0.0164928 0.432799 0.0507085 0.176918  0.136298  0.186784  
0.399688 0.0331279 0.067184 0.172991  0.21978  0.107229  
3.73142e-05 0.49992 4.29877e-05 0.169049  0.0568807  0.274071  
0.135633 0.364333 3.40051e-05 0.165097  0.266877  0.0680263  
0.285475 2.32246e-05 0.214502 0.161341  0.100511  0.238148  
0.245827 0.10497 0.149204 0.157561  0.187259  0.15518  
0.0694594 0.140548 0.289992 0.153782  0.0162178  0.33  
8.00331e-06 0.0849261 0.415066 0.150067  0.333573  0.01636  
0.10344 0.0510155 0.345544 0.146271  0.16025  0.193479  
0.27609 0.189416 0.0344945 0.142823  0.251123  0.106053  
0.0160652 0.237362 0.246573 0.139272  0.0731098  0.287618  
0.067475 0.0859813 0.346544 0.135679  0.301717  0.0626047  
0.349911 0.0667644 0.0833243 0.132141  0.120699  0.24716  
0.0688275 0.0336729 0.3975 0.128708  0.214736  0.156556  
0.414736 0.0852145 4.92519e-05 0.125222  0.0292342  0.345544  
0.0333287 0.0834151 0.383256 0.121774  0.336908  0.0413181  
2.72565e-05 0.365172 0.134801 0.118377  0.149065  0.232558  
0.40024 3.25612e-05 0.0997278 0.115045  0.246602  0.138353  
0.0497464 0.234968 0.215285 0.111618  0.0545839  0.333798  
0.050159 4.08064e-06 0.449837 0.108367  0.299939  0.0916944  
0.232374 0.267583 4.29877e-05 0.105112  0.104896  0.289992  
0.189968 0.190332 0.1197 0.101807  0.205102  0.193091  
0.449856 4.50811e-06 0.0501399 0.0986158  0.00625082  0.395133  
1.6001e-05 0.214374 0.28561 0.0954754  0.401547  0.00297751  
0.25987 0.137217 0.102913 0.0922359  0.200698  0.207066  
0.0688905 0.27593 0.15518 0.0891405  0.304947  0.105913  
0.316991 0.0150959 0.167914 0.085992  0.100251  0.313757  
0.049751 0.364126 0.0861228 0.0829385  0.361851  0.0552101  
0.374937 0.12502 4.29877e-05 0.0798345  0.154139  0.266026  
0.207082 0.241419 0.0514984 0.0767722  0.261247  0.161981  
0.154917 0.082107 0.262976 0.0736954  0.0499402  0.376364  
0.102882 0.275886 0.121233 0.0706611  0.399169  0.0301696  
0.217851 0.14504 0.137109 0.0676999  0.185727  0.246573  
0.0499778 0.449979 4.29877e-05 0.0647396  0.295865  0.139396  
0.231558 0.0164571 0.251985 0.061781  0.0787256  0.359493  
0.0120929 0.137581 0.350326 0.0588846  0.354993  0.0861228  
0.344985 2.80659e-05 0.154987 0.0559384  0.135296  0.308765  
0.138061 1.38354e-06 0.361938 0.0530636  0.247915  0.199022  
0.248477 0.218279 0.0332438 0.0501954  0.0245574  0.425247  
0.103405 0.103193 0.293402 0.0473396  0.434999  0.0176614  
0.466396 0.0335551 4.92519e-05 0.0444591  0.209995  0.245546  
0.197774 0.0684405 0.233785 0.0416218  0.3259  0.132478  
0.499946 5.01007e-06 4.92519e-05 0.0388571  0.0972516  0.363891  
0.0333612 0.048802 0.417837 0.0360911  0.387866  0.0760425  
0.174372 0.222116 0.103512 0.033241  0.156786  0.309973  
0.102397 0.206292 0.191311 0.0305633  0.274998  0.194439  
0.120873 0.0691542 0.309973 0.0278104  0.0404687  0.431721  
2.04281e-05 0.466701 0.0332784 0.0251017  0.426664  0.0482339  
0.383246 0.0670518 0.0497019 0.0223776  0.190366  0.287257  
0.326164 0.139133 0.0347027 0.0197188  0.311445  0.168836  
0.325255 0.0513401 0.123405 0.0170222  0.0716767  0.411301  
0.0331603 0.156405 0.310435 0.0143723  0.375601  0.110026  
0.172319 0.292795 0.0348868 0.0117339  0.133497  0.354769  
0.18666 0.0326972 0.280643 0.00897686  0.257001  0.234022  
2.98095e-05 0.399375 0.100595 0.00637042  0.0110334  0.482596  
2.00305e-05 0.26836 0.23162 0.00384047  0.484581  0.0115786  
3.47804e-05 4.83203e-05 0.499917 0.0012876  0.237668  0.261045  
0.12117 0.121827 0.257003 0.499902  4.91375e-05  4.92519e-05  
2.8606e-05 0.383251 0.11672 3.73142e-05  0.49992  4.29877e-05  
0.120267 0.257797 0.121936 3.95296e-05  4.35711e-05  0.499917  
0.170073 0.155346 0.174581 0.464126  0.0179289  0.0179455  
0.197955 0.251495 0.0505497 0.437833  0.0466282  0.0155389  
0.0856399 0.308439 0.105921 0.419759  0.0200676  0.0601736  
0.06662 0.0326277 0.400752 0.405026  0.0831061  0.0118684  
0.175612 0.223109 0.101279 0.392305  0.0403836  0.0673117  
0.191657 0.3083 4.29877e-05 0.380943  0.0744056  0.0446509  
0.150113 0.333507 0.0163792 0.3706  0.0161387  0.113261  
0.0998736 0.400077 4.92519e-05 0.360975  0.130338  0.00868671  
0.0684531 0.293194 0.138353 0.351997  0.0647532  0.0832499  
0.0852138 0.0509091 0.363877 0.343542  0.107561  0.048897  
3.95296e-05 4.35711e-05 0.499917 0.33551  0.0308235  0.133667  
0.241065 0.172791 0.0861441 0.32785  0.13989  0.0322598  
0.120426 0.222925 0.156649 0.320517  0.0560898  0.123393  
0.326243 0.139205 0.0345527 0.313473  0.104922  0.081605  
0.301987 0.0167828 0.18123 0.306691  0.0120791  0.18123  
0.310034 0.103771 0.0861951 0.300138  0.193628  0.00623428  
0.0503564 0.382354 0.0672892 0.293769  0.0966678  0.109563  
0.29286 0.1554 0.0517403 0.287643  0.152632  0.0597252  
2.29113e-05 0.306956 0.193021 0.28166  0.047721  0.170619  
0.276414 0.189562 0.0340237 0.27582  0.189155  0.0350247  
0.254435 0.104431 0.141135 0.27016  0.0790035  0.150836  
0.0338826 0.10224 0.363877 0.264588  0.139775  0.0956368  
0.102638 0.102812 0.29455 0.259195  0.0225717  0.218233  
2.45613e-06 0.0329062 0.467091 0.253901  0.223043  0.0230559  
0.232624 0.0839941 0.183381 0.248714  0.102083  0.149204  
0.140721 0.140392 0.218887 0.24364  0.168236  0.0881237  
0.105423 0.201189 0.193388 0.238662  0.0408275  0.220511  
0.134212 0.298455 0.0673338 0.233774  0.207994  0.058232  
0.228899 0.203657 0.0674437 0.228976  0.0762101  0.194814  
0.380903 0.0510703 0.0680263 0.224275  0.146472  0.129253  
0.142568 0.0699164 0.287515 0.219625  0.00876033  0.271615  
0.0507018 0.0667554 0.382543 0.215081  0.280487  0.00443184  
0.12221 0.032262 0.345528 0.210587  0.140186  0.149227  
0.0500995 4.92449e-06 0.449896 0.206159  0.215789  0.0780521  
0.016598 0.433469 0.0499334 0.201819  0.0698579  0.228323  
2.60886e-05 0.349524 0.15045 0.197466  0.25999  0.0425441  
0.364124 0.0158567 0.120019 0.193297  0.110204  0.196499  
1.52777e-05 0.204684 0.2953 0.189135  0.189456  0.12141  
0.344773 0.155184 4.29877e-05 0.185014  0.0344282  0.280558  
0.189135 0.189456 0.12141 0.180934  0.294147  0.0249197  
0.195977 0.103144 0.200879 0.176921  0.1363  0.186778  
0.281853 0.0673109 0.150836 0.172958  0.219737  0.107305  
0.248559 0.0332074 0.218233 0.169043  0.0568788  0.274078  
0.0147946 0.0503443 0.434861 0.165161  0.266814  0.0680248  
0.380758 0.119193 4.92519e-05 0.161333  0.100543  0.238123  
0.0677256 0.185729 0.246546 0.157558  0.187284  0.155158  
0.499902 4.91375e-05 4.92519e-05 0.153817  0.0162215  0.329961  
0.119167 0.329675 0.051158 0.150113  0.333507  0.0163792  
0.174414 0.0515079 0.274078 0.146417  0.160194  0.193388  
3.11188e-05 0.416917 0.0830522 0.142825  0.251127  0.106048  
0.43368 0.0499408 0.0163792 0.139232  0.0732785  0.287489  
3.73142e-05 0.49992 4.29877e-05 0.135675  0.301709  0.0626159  
0.0666284 0.416992 0.0163792 0.132147  0.120704  0.247149  
0.0344333 0.273538 0.192029 0.12867  0.214682  0.156649  
0.0857627 0.257589 0.156649 0.125215  0.0292564  0.345528  
0.252103 0.231061 0.0168359 0.121766  0.336865  0.0413689  
0.232714 0.267237 4.92519e-05 0.118404  0.14905  0.232547  
0.10252 1.00771e-05 0.39747 0.115045  0.246602  0.138353  
0.0341287 0.155966 0.309905 0.111707  0.0545897  0.333703  
0.416497 0.0166156 0.0668876 0.108405  0.299819  0.0917761  
0.325253 0.0513542 0.123393 0.105126  0.104881  0.289992  
0.155811 0.207625 0.136564 0.101804  0.20531  0.192886  
0.449856 4.50811e-06 0.0501399 0.0986499  0.00626901  0.395081  
0.20573 0.0688598 0.22541 0.0954433  0.401412  0.00314447  
0.151629 0.262227 0.0861441 0.0922447  0.200689  0.207066  
0.210587 0.140186 0.149227 0.0891274  0.304951  0.105921  
0.347604 0.101638 0.0507589 0.0859822  0.100269  0.313749  
0.0864863 0.0862844 0.327229 0.0829095  0.361725  0.0553655  
0.350472 0.0662776 0.0832499 0.0798266  0.154278  0.265896  
0.240011 2.35917e-05 0.259965 0.0767616  0.261211  0.162027  
0.279758 2.74986e-05 0.220215 0.0737319  0.0499273  0.376341  
1.06405e-05 0.142557 0.357432 0.0706989  0.399131  0.0301696  
0.0342583 0.310584 0.155158 0.0677256  0.185729  0.246546  
0.0499778 0.449979 4.29877e-05 0.0647639  0.295813  0.139423  
0.398805 0.0675685 0.0336269 0.0617717  0.0787349  0.359493  
0.416449 0.0835018 4.92519e-05 0.0588816  0.354974  0.0861441  
0.344985 2.80659e-05 0.154987 0.0559496  0.135299  0.308751  
0.138061 1.38354e-06 0.361938 0.0530713  0.247907  0.199022  
0.137505 0.362446 4.92519e-05 0.0502033  0.0245875  0.425209  
6.17551e-06 0.0827368 0.417257 0.0473381  0.434985  0.017677  
0.467071 0.0328797 4.92519e-05 0.0445002  0.209954  0.245546  
0.259387 0.137638 0.102975 0.0416779  0.325844  0.132478  
0.0868523 0.154781 0.258367 0.0388818  0.097241  0.363877  
1.872e-05 0.250802 0.249179 0.0360992  0.387858  0.0760425  
0.178207 0.289714 0.0320793 0.0333143  0.156781  0.309905  
0.0690409 0.344815 0.0861441 0.0305561  0.275066  0.194378  
0.153817 0.0162215 0.329961 0.027835  0.0405272  0.431638  
2.04281e-05 0.466701 0.0332784 0.0251119  0.426672  0.0482162  
0.155561 0.101596 0.242843 0.0223882  0.190251  0.287361  
0.0334749 0.201807 0.264718 0.0197181  0.311434  0.168848  
0.199539 1.96136e-05 0.300441 0.0170413  0.0716846  0.411274  
0.033893 0.364154 0.101954 0.0143821  0.375599  0.110019  
0.0693062 0.120789 0.309905 0.0117216  0.133509  0.354769  
0.293217 0.20674 4.29877e-05 0.0090936  0.256933  0.233974  
0.398999 3.92193e-05 0.100962 0.00648393  0.0115447  0.481971  
0.0501776 0.23439 0.215433 0.00386398  0.484523  0.0116128  
0.0838666 0.383874 0.0322598 0.00128864  0.237667  0.261044  
0.310279 0.0513837 0.138338 0.499902  4.91375e-05  4.92519e-05  
0.240903 0.0345682 0.224529 3.73142e-05  0.49992  4.29877e-05  
0.34496 0.154991 4.92519e-05 3.95219e-05  4.35789e-05  0.499917  
0.120548 0.258428 0.121024 0.464126  0.0179289  0.0179455  
0.292906 0.155435 0.0516585 0.437828  0.0466277  0.015544  
0.183821 0.316136 4.29877e-05 0.419736  0.0200665  0.0601973  
3.95219e-05 4.35789e-05 0.499917 0.405026  0.0831061  0.0118684  
0.293018 0.0857069 0.121275 0.392315  0.0403757  0.067309  
0.380146 0.119811 4.29877e-05 0.380954  0.0743997  0.0446459  
0.293983 0.205968 4.92519e-05 0.370573  0.0161763  0.113251  
0.345234 0.0691341 0.0856322 0.360975  0.130338  0.00868671  
0.416705 0.0832867 8.47831e-06 0.351997  0.0647532  0.0832499  
0.0520504 0.0685204 0.379429 0.343527  0.107576  0.048897  
0.0167507 0.19069 0.292559 0.335511  0.0308236  0.133665  
0.311745 0.102574 0.085681 0.32785  0.139876  0.0322739  
0.276235 0.18944 0.0343248 0.320517  0.0560898  0.123393  
0.0501148 0.121154 0.328731 0.313471  0.104922  0.0816076  
0.0687151 0.345133 0.0861519 0.306691  0.0120791  0.18123  
0.0855162 0.050616 0.363868 0.300138  0.193628  0.00623428  
0.235555 0.176321 0.0881237 0.293791  0.096666  0.109543  
0.0677256 0.185729 0.246546 0.287632  0.152637  0.0597309  
0.155396 0.0163946 0.328209 0.281652  0.0477453  0.170602  
0.0675047 0.033074 0.399421 0.275818  0.189154  0.0350279  
2.85718e-05 0.382793 0.117179 0.27014  0.079015  0.150845  
0.156359 0.343598 4.29877e-05 0.264588  0.139775  0.0956368  
0.139151 0.176787 0.184062 0.259192  0.0225721  0.218236  
2.51048e-06 0.0336344 0.466363 0.253901  0.223043  0.0230559  
0.083818 0.0836375 0.332544 0.248714  0.102083  0.149204  
0.11882 0.153951 0.227229 0.24364  0.168236  0.0881237  
0.0344787 0.155616 0.309905 0.238663  0.0408258  0.220511  
0.0888225 0.145284 0.265894 0.233774  0.207994  0.058232  
0.466938 0.0330124 4.92519e-05 0.228979  0.0762223  0.194798  
0.193644 0.102298 0.204058 0.224256  0.14649  0.129253  
0.120736 0.0337358 0.345528 0.219632  0.00876062  0.271608  
0.242107 0.207382 0.0505116 0.215081  0.280487  0.00443184  
0.121067 0.0690282 0.309905 0.210587  0.140186  0.149227  
0.0500995 4.92449e-06 0.449896 0.206163  0.215785  0.0780521  
0.016598 0.433469 0.0499334 0.201824  0.0698604  0.228315  
0.233519 1.7119e-05 0.266464 0.197485  0.259974  0.0425408  
0.050909 0.398015 0.0510762 0.193283  0.110218  0.196499  
0.016448 0.0519538 0.431598 0.189118  0.18945  0.121432  
1.85811e-05 0.248942 0.251039 0.184995  0.0344475  0.280558  
0.172958 0.219738 0.107305 0.180933  0.294144  0.0249233  
0.190568 1.87317e-05 0.309413 0.176921  0.1363  0.186778  
0.276037 0.0507797 0.173183 0.172958  0.219738  0.107305  
0.450034 4.42357e-05 0.0499222 0.169042  0.0568785  0.274079  
0.0499942 0.233533 0.216472 0.165118  0.266857  0.0680248  
0.137352 0.085598 0.27705 0.161333  0.100543  0.238123  
1.67038e-05 0.22379 0.276193 0.15755  0.187274  0.155176  
0.282991 2.78164e-05 0.216981 0.153811  0.0162274  0.329961  
0.23386 0.0671184 0.199022 0.150107  0.333493  0.0163994  
9.95803e-06 0.133413 0.366577 0.146447  0.160172  0.193381  
0.0863456 0.258479 0.155176 0.142794  0.251158  0.106048  
0.43368 0.0499408 0.0163792 0.139232  0.0732791  0.287489  
0.326391 0.139254 0.0343555 0.135677  0.301707  0.0626159  
0.189118 0.18945 0.121432 0.13215  0.120701  0.247149  
0.0339033 0.364225 0.101871 0.128668  0.214678  0.156654  
0.222689 0.138973 0.138338 0.12521  0.0292613  0.345528  
0.120094 0.379863 4.29877e-05 0.121798  0.336833  0.0413689  
0.312255 0.0171429 0.170602 0.118404  0.14905  0.232547  
0.237627 0.105719 0.156654 0.115041  0.246622  0.138338  
2.1901e-05 0.293421 0.206557 0.111708  0.0545886  0.333703  
0.41666 0.0166196 0.0667208 0.108395  0.299829  0.0917761  
0.10291 1.01155e-05 0.39708 0.105117  0.104891  0.289992  
0.396545 3.89781e-05 0.103416 0.101877  0.205283  0.19284  
0.159932 0.101945 0.238123 0.0986499  0.00626901  0.395081  
0.120928 0.327449 0.0516226 0.0954451  0.401395  0.00316015  
0.209689 0.273456 0.0168552 0.0922693  0.200684  0.207047  
0.175778 0.0501423 0.274079 0.0891254  0.304944  0.10593  
0.128668 0.214678 0.156654 0.0860069  0.100244  0.313749  
0.0844811 0.41547 4.92519e-05 0.0829095  0.361725  0.0553655  
0.344606 3.38728e-05 0.15536 0.0798223  0.154284  0.265894  
0.0340902 0.102042 0.363868 0.0767709  0.261211  0.162018  
0.0337841 0.310415 0.155801 0.0737353  0.0499315  0.376333  
0.0856265 0.309757 0.104617 0.0707235  0.399105  0.0301711  
0.173948 0.139273 0.186778 0.0677256  0.185729  0.246546  
0.0499778 0.449979 4.29877e-05 0.0647623  0.295833  0.139404  
0.398805 0.0675685 0.0336269 0.0618056  0.078701  0.359493  
0.137408 0.294571 0.0680218 0.0588805  0.354968  0.0861519  
0.178472 0.272631 0.048897 0.0559612  0.135287  0.308751  
0.137996 1.35642e-05 0.36199 0.0530713  0.247907  0.199022  
0.365104 0.0143797 0.120517 0.0501991  0.0245917  0.425209  
6.45601e-07 0.0839032 0.416096 0.0473411  0.43498  0.0176789  
0.499902 4.91375e-05 4.92519e-05 0.0445038  0.209954  0.245542  
0.105117 0.104891 0.289992 0.041677  0.325837  0.132486  
0.0672548 0.293341 0.139404 0.0388781  0.0972541  0.363868  
0.0332363 0.273383 0.193381 0.0360971  0.387794  0.0761089  
0.19729 0.234685 0.0680248 0.0333201  0.156775  0.309905  
0.105941 0.360463 0.033596 0.0305618  0.275061  0.194377  
3.73142e-05 0.49992 4.29877e-05 0.0278368  0.040565  0.431598  
3.48316e-05 0.466659 0.033306 0.0251119  0.426672  0.0482162  
0.249964 0.249986 4.92519e-05 0.0224003  0.190269  0.287331  
2.57944e-05 0.345583 0.154391 0.0197181  0.311434  0.168848  
0.380878 0.0510971 0.0680248 0.0170404  0.0716856  0.411274  
0.259164 0.137409 0.103428 0.014382  0.375597  0.110021  
3.1072e-05 0.416289 0.0836798 0.0117272  0.133503  0.354769  
0.350741 0.100362 0.048897 0.00907596  0.256964  0.23396  
0.19571 0.0677439 0.236546 0.0064613  0.0115673  0.481971  
0.101877 0.205283 0.19284 0.00388077  0.484506  0.0116128  
1.28757e-05 0.172503 0.327484 0.00128864  0.237667  0.261044  
0.0168012 0.0499912 0.433208 0.499902  4.91375e-05  4.92519e-05  
0.210056 0.0518206 0.238123 3.73142e-05  0.49992  4.29877e-05  
1.29243e-05 0.173154 0.326833 4.32502e-05  4.10754e-05  0.499916  
0.466596 0.0333908 1.33463e-05 0.464126  0.0179289  0.0179455  
0.279694 0.0497049 0.170601 0.437828  0.0466277  0.015544  
0.180357 0.0335839 0.286059 0.419731  0.0200662  0.0602028  
0.0351863 0.343376 0.121437 0.405026  0.0831061  0.0118684  
0.0515335 0.240719 0.207748 0.392315  0.0403757  0.067309  
3.10692e-05 0.416252 0.0837165 0.380941  0.0744129  0.0446459  
0.0677038 0.18575 0.246546 0.370573  0.0161763  0.113251  
0.120726 0.120939 0.258335 0.360975  0.130338  0.00868671  
0.293601 0.0858738 0.120525 0.351997  0.0647532  0.0832499  
0.0153582 0.260948 0.223694 0.343526  0.107576  0.048898  
0.103022 0.0514596 0.345518 0.335503  0.0308383  0.133659  
0.13965 0.179117 0.181233 0.32785  0.139876  0.0322739  
0.121062 0.0690327 0.309905 0.320516  0.0560912  0.123393  
0.276154 0.189384 0.0344624 0.313471  0.104922  0.0816076  
0.416546 0.0834046 4.92519e-05 0.306688  0.012079  0.181233  
0.305652 0.052291 0.142057 0.300133  0.193624  0.00624268  
0.237795 0.174081 0.0881237 0.293791  0.096666  0.109543  
0.0334717 0.466479 4.92519e-05 0.287628  0.152641  0.0597309  
3.35561e-05 0.449571 0.0503959 0.281653  0.0477455  0.170601  
0.102367 0.3483 0.049333 0.275818  0.189154  0.0350279  
0.0344452 0.15565 0.309905 0.270142  0.0790124  0.150845  
0.384369 0.115588 4.29877e-05 0.264586  0.139777  0.0956368  
0.326406 0.13926 0.0343334 0.259191  0.0225736  0.218236  
2.29217e-06 0.0307095 0.469288 0.2539  0.223033  0.0230662  
0.207245 0.137961 0.154794 0.24871  0.102086  0.149204  
0.0500548 0.417671 0.0322739 0.24364  0.168236  0.0881237  
2.47958e-05 0.332203 0.167772 0.238659  0.0408298  0.220511  
0.259723 0.0854566 0.15482 0.233772  0.207992  0.0582359  
0.068383 0.293279 0.138338 0.228979  0.0762229  0.194798  
0.120657 0.293191 0.0861519 0.224256  0.14649  0.129253  
0.0467639 0.220605 0.232631 0.219632  0.00876062  0.271608  
0.0681216 0.0679749 0.363904 0.215078  0.280489  0.00443259  
0.208472 0.27433 0.0171977 0.210583  0.140183  0.149233  
0.0500995 4.92449e-06 0.449896 0.206165  0.215788  0.0780469  
0.0169284 0.195755 0.287317 0.201796  0.0698885  0.228315  
6.2204e-06 0.0833382 0.416656 0.197533  0.259936  0.0425307  
0.191998 0.307953 4.92519e-05 0.193294  0.110207  0.196499  
0.0496919 0.12015 0.330158 0.189118  0.18945  0.121432  
0.171721 0.277407 0.0508728 0.184995  0.0344475  0.280558  
0.398694 0.0675861 0.0337198 0.180932  0.294141  0.0249271  
0.310503 0.103345 0.0861519 0.176921  0.1363  0.186778  
0.120268 0.241394 0.138338 0.172956  0.219736  0.107308  
0.450034 4.42357e-05 0.0499222 0.169038  0.0568825  0.274079  
0.0859998 0.100264 0.313736 0.165167  0.26682  0.0680134  
3.73142e-05 0.49992 4.29877e-05 0.161338  0.100538  0.238123  
0.174078 0.221161 0.104761 0.15755  0.187274  0.155176  
0.0344048 0.39661 0.0689855 0.153811  0.0162274  0.329961  
0.102595 0.206729 0.190676 0.150107  0.333493  0.0163994  
0.342893 3.37044e-05 0.157074 0.146412  0.160215  0.193373  
0.105084 0.169759 0.225156 0.142827  0.251154  0.106019  
0.189827 1.86589e-05 0.310154 0.139231  0.0732798  0.287489  
0.36206 0.0173091 0.120631 0.135676  0.301706  0.062618  
2.83349e-05 0.379618 0.120353 0.13215  0.120701  0.247149  
1.73221e-05 0.232074 0.267908 0.128668  0.214678  0.156654  
0.250454 0.0342815 0.215264 0.125205  0.0292773  0.345518  
0.433562 0.0500387 0.0163994 0.121777  0.336854  0.0413689  
0.137945 0.0859607 0.276095 0.118404  0.14905  0.232547  
0.135706 1.33391e-05 0.36428 0.115041  0.246622  0.138338  
0.350731 0.100371 0.048898 0.111697  0.0546005  0.333703  
9.19265e-06 0.123159 0.376832 0.108395  0.299829  0.0917761  
0.234459 0.1234 0.142141 0.105117  0.104891  0.289992  
0.190989 0.240423 0.0685876 0.101877  0.205283  0.19284  
0.259677 0.137183 0.10314 0.0986499  0.00626901  0.395081  
0.293151 0.206806 4.29877e-05 0.0954451  0.401395  0.00316015  
0.417264 0.0161186 0.0666177 0.0922693  0.200684  0.207047  
0.0853647 0.259459 0.155176 0.0891254  0.304944  0.10593  
0.397203 3.90428e-05 0.102758 0.0859998  0.100264  0.313736  
0.0334354 0.0836886 0.382876 0.0829047  0.361704  0.0553915  
0.311111 0.0144631 0.174426 0.0798223  0.154284  0.265894  
0.250316 0.249635 4.92519e-05 0.0767708  0.26121  0.162019  
0.177756 0.121904 0.20034 0.0737373  0.0499446  0.376318  
0.101403 9.96731e-06 0.398587 0.0707225  0.3991  0.0301775  
2.18308e-05 0.29248 0.207498 0.0677038  0.18575  0.246546  
0.158548 0.103328 0.238123 0.0647611  0.295827  0.139411  
0.219168 0.0874585 0.193373 0.061786  0.0787219  0.359492  
0.382213 0.0504783 0.067309 0.0588805  0.354968  0.0861519  
0.150107 0.333493 0.0163994 0.0559549  0.135294  0.308751  
0.0864441 0.310028 0.103528 0.0530719  0.247904  0.199024  
0.349759 0.0669912 0.0832499 0.0501972  0.0245953  0.425207  
0.344609 0.155348 4.29877e-05 0.0473411  0.43498  0.0176789  
0.0867916 0.378662 0.0345464 0.0445057  0.209952  0.245542  
0.137715 0.362242 4.29877e-05 0.041677  0.325837  0.132486  
0.499902 4.91375e-05 4.92519e-05 0.0388617  0.0972705  0.363868  
4.32502e-05 4.10754e-05 0.499916 0.0360971  0.387794  0.0761089  
0.293818 0.155926 0.0502559 0.0333201  0.156775  0.309905  
0.136883 0.257098 0.106019 0.0305618  0.275061  0.194377  
0.0338874 0.311364 0.154748 0.0278338  0.040568  0.431598  
0.231874 2.27919e-05 0.268103 0.0251112  0.426659  0.0482301  
0.0523662 0.361482 0.0861519 0.022406  0.190277  0.287317  
0.0675315 0.0330887 0.39938 0.0197181  0.311434  0.168848  
0.284195 2.79348e-05 0.215777 0.0170416  0.0716843  0.411274  
0.189118 0.18945 0.121432 0.014382  0.375597  0.110021  
0.15315 0.0168887 0.329961 0.0117263  0.133512  0.354762  
0.15755 0.187274 0.155176 0.00909476  0.256957  0.233948  
0.0833459 0.416611 4.29877e-05 0.00648421  0.0115444  0.481971  
0.0854462 0.138034 0.276519 0.00388069  0.484497  0.0116223  
0.234763 0.216339 0.048898 0.00128864  0.237667  0.261044  
0.222023 0.0851335 0.192843 0.499902  4.91375e-05  4.92519e-05  
0.350199 0.0665438 0.083257 3.73142e-05  0.49992  4.29877e-05  
0.136589 0.347012 0.0163994 3.74801e-05  4.68456e-05  0.499916  
0.206301 0.172267 0.121432 0.464126  0.0179289  0.0179455  
2.4179e-05 0.32394 0.176036 0.437828  0.0466277  0.015544  
0.310458 0.103348 0.0861935 0.419731  0.0200666  0.0602028  
0.25633 0.085796 0.157874 0.405026  0.0831061  0.0118684  
0.0333338 0.466623 4.29877e-05 0.392311  0.0403798  0.0673094  
0.191373 0.139779 0.168848 0.380941  0.0744129  0.0446459  
0.102876 0.0344336 0.36269 0.370573  0.0161763  0.113251  
0.212259 0.0161331 0.271608 0.360975  0.130338  0.00868671  
0.0141319 0.0666662 0.419202 0.351991  0.0647521  0.083257  
2.83128e-05 0.379323 0.120649 0.343526  0.107576  0.048898  
0.101873 0.205283 0.192843 0.3355  0.0308414  0.133659  
0.123412 0.144041 0.232547 0.327842  0.139884  0.0322739  
0.13859 0.0863626 0.275047 0.320516  0.0560912  0.123393  
0.276178 0.189401 0.0344214 0.313471  0.104922  0.0816076  
0.416546 0.0834046 4.92519e-05 0.306688  0.012079  0.181233  
0.0337738 0.362834 0.103392 0.300133  0.193624  0.00624268  
0.293106 0.206851 4.29877e-05 0.293783  0.0966635  0.109553  
0.435559 0.0488969 0.015544 0.287628  0.152641  0.0597309  
3.35788e-05 0.449875 0.0500913 0.281644  0.0477666  0.170589  
0.192439 1.89156e-05 0.307542 0.275818  0.189154  0.0350279  
0.0472869 0.11901 0.333703 0.270142  0.0790124  0.150845  
0.120064 0.217917 0.162019 0.264604  0.139764  0.0956327  
0.0877803 0.140612 0.271608 0.259191  0.0225736  0.218236  
3.73142e-05 0.49992 4.29877e-05 0.2539  0.223033  0.0230662  
0.0332897 0.272334 0.194377 0.24871  0.102086  0.149204  
0.0171272 0.195556 0.287316 0.243638  0.168239  0.0881237  
0.293096 0.085726 0.121178 0.238659  0.0408298  0.220511  
0.326348 0.139247 0.034405 0.233774  0.20799  0.0582359  
0.121302 0.293272 0.0854269 0.228978  0.076224  0.194798  
0.0855798 0.236719 0.177701 0.224259  0.146488  0.129253  
0.0862364 0.307833 0.10593 0.219632  0.00876062  0.271608  
0.10003 9.83236e-06 0.39996 0.215072  0.280482  0.0044463  
0.0349068 0.101225 0.363868 0.210583  0.140183  0.149233  
0.0500207 4.15034e-06 0.449975 0.206165  0.215788  0.0780469  
0.154996 0.103179 0.241825 0.201808  0.0698874  0.228304  
0.201366 0.26498 0.0336541 0.197533  0.259936  0.0425307  
0.241351 0.120304 0.138345 0.19329  0.110227  0.196483  
0.292865 0.155421 0.0517143 0.189118  0.18945  0.121432  
0.260045 0.137355 0.1026 0.184995  0.0344475  0.280558  
0.196954 0.234119 0.0689264 0.180932  0.294141  0.0249271  
0.248435 0.0333293 0.218236 0.176921  0.1363  0.186778  
1.13976e-06 0.0336507 0.466348 0.172956  0.219736  0.107308  
0.316278 0.0155352 0.168187 0.169038  0.0568825  0.274079  
0.12016 0.379797 4.29877e-05 0.165167  0.26682  0.0680134  
0.185318 0.314646 3.61386e-05 0.161338  0.100538  0.238123  
0.11998 0.329003 0.0510164 0.157548  0.187277  0.155176  
0.161368 0.176564 0.162068 0.153811  0.0162274  0.329961  
3.28106e-05 0.238923 0.261044 0.150107  0.333493  0.0163994  
0.0338032 0.327852 0.138345 0.146419  0.160208  0.193373  
0.201808 0.0698874 0.228304 0.142822  0.251144  0.106034  
0.24242 2.38285e-05 0.257556 0.139231  0.0732798  0.287489  
0.398642 0.0676092 0.033749 0.135676  0.301706  0.062618  
0.0828957 0.417061 4.29877e-05 0.132154  0.120697  0.247149  
0.237538 0.211339 0.0511231 0.128668  0.214678  0.156654  
0.103155 0.102933 0.293913 0.125216  0.0292658  0.345518  
0.0486723 0.293426 0.157901 0.121785  0.336846  0.0413689  
0.172956 0.219736 0.107308 0.118387  0.149066  0.232547  
0.0342406 0.15641 0.309349 0.115038  0.246618  0.138345  
0.154162 0.0518766 0.293961 0.111696  0.0546012  0.333703  
0.381701 0.118256 4.29877e-05 0.108394  0.299824  0.0917823  
0.287339 2.82438e-05 0.212633 0.105117  0.104891  0.289992  
0.277194 0.0509924 0.171814 0.101873  0.205283  0.192843  
0.416621 0.0166181 0.066761 0.0986485  0.00627039  0.395081  
3.74801e-05 4.68456e-05 0.499916 0.0954459  0.401394  0.00316015  
2.1249e-05 0.284685 0.215294 0.092272  0.200681  0.207047  
0.31133 0.0492583 0.139411 0.0891254  0.304944  0.10593  
7.59552e-06 0.101762 0.398231 0.0859996  0.100264  0.313736  
0.0664905 0.182326 0.251183 0.0829047  0.361704  0.0553915  
0.0839975 0.366472 0.0495309 0.0798248  0.154281  0.265894  
0.146419 0.160208 0.193373 0.076766  0.261215  0.162019  
0.10296 0.264555 0.132486 0.0737338  0.0499481  0.376318  
0.13692 0.240767 0.122313 0.0707225  0.3991  0.0301775  
0.0507875 0.215265 0.233948 0.0677345  0.185738  0.246528  
0.0168167 0.415874 0.0673094 0.0647611  0.295827  0.139411  
0.399039 3.92233e-05 0.100921 0.0617905  0.0787334  0.359476  
0.382213 0.0504783 0.067309 0.0588805  0.354968  0.0861519  
0.0682344 0.0334331 0.398332 0.0559582  0.13529  0.308751  
0.344685 0.155265 4.92519e-05 0.0530719  0.247904  0.199024  
0.0689868 0.344861 0.0861519 0.0501972  0.0245953  0.425207  
0.46663 0.0333203 4.92519e-05 0.0473448  0.434976  0.0176789  
0.44998 4.42305e-05 0.0499754 0.0445057  0.209952  0.245542  
0.0855459 0.0853617 0.329092 0.041672  0.325842  0.132486  
0.235777 0.264173 4.92519e-05 0.0388737  0.0972585  0.363868  
0.240098 0.17287 0.0870323 0.0360971  0.387794  0.0761089  
0.120713 0.0515062 0.32778 0.0333208  0.156774  0.309905  
0.173345 0.119699 0.206956 0.0305618  0.275061  0.194377  
0.499902 4.91375e-05 4.92519e-05 0.0278279  0.0405739  0.431598  
0.350783 0.100319 0.048898 0.0251111  0.426658  0.0482309  
0.136518 8.41309e-06 0.363473 0.0223903  0.190293  0.287316  
0.366351 0.015992 0.117657 0.0197181  0.311434  0.168848  
0.154679 0.0163189 0.329002 0.0170431  0.0716828  0.411274  
0.345065 3.39179e-05 0.154901 0.014382  0.375597  0.110021  
0.165167 0.26682 0.0680134 0.0117336  0.133504  0.354762  
0.0501585 0.0654131 0.384428 0.00909435  0.256958  0.233948  
1.23792e-05 0.165851 0.334137 0.00646594  0.0115668  0.481967  
0.050943 0.398334 0.0507227 0.00388068  0.484495  0.0116238  
0.047442 0.435869 0.0166892 0.00128864  0.237667  0.261044  
0.0866356 0.0494968 0.363868 0.499902  4.91375e-05  4.92519e-05  
0.326509 0.139315 0.0341754 3.73138e-05  0.499915  4.75975e-05  
1.02351e-05 0.137125 0.362865 3.88656e-05  4.88475e-05  0.499912  
0.017247 0.086524 0.396229 0.464122  0.0179288  0.0179489  
0.178752 0.124765 0.196483 0.437828  0.0466277  0.015544  
3.88656e-05 4.88475e-05 0.499912 0.419731  0.0200666  0.0602028  
0.0689744 0.327134 0.103892 0.405026  0.0831061  0.0118684  
0.0333338 0.466623 4.29877e-05 0.392311  0.0403798  0.0673094  
0.0676423 0.381718 0.0506398 0.380942  0.0744123  0.0446459  
0.0500078 0.0332897 0.416702 0.370573  0.0161763  0.113251  
0.160251 0.106678 0.233071 0.360975  0.130338  0.00868671  
0.29288 0.155435 0.051685 0.351991  0.0647521  0.083257  
0.25751 0.0847283 0.157762 0.343526  0.107576  0.048898  
0.347523 0.101822 0.0506553 0.335498  0.0308429  0.133659  
2.96805e-05 0.397647 0.102323 0.327842  0.139884  0.0322739  
0.103375 0.362844 0.0337815 0.320516  0.0560912  0.123393  
0.278083 0.0513283 0.170589 0.313471  0.104922  0.0816076  
0.416546 0.0834046 4.92519e-05 0.306688  0.012079  0.181233  
0.0831929 0.0868457 0.329961 0.300133  0.193624  0.00624268  
0.220299 0.0849032 0.194798 0.293783  0.0966635  0.109553  
0.0832674 0.416685 4.75975e-05 0.287623  0.152646  0.0597309  
3.35793e-05 0.449881 0.0500853 0.281644  0.0477666  0.170589  
1.86605e-05 0.250005 0.249976 0.275818  0.189154  0.0350279  
0.499902 4.91375e-05 4.92519e-05 0.270142  0.0790128  0.150845  
0.0512763 0.103206 0.345518 0.264604  0.139764  0.0956327  
0.0677336 0.185737 0.246529 0.25919  0.0225744  0.218236  
0.382242 0.0504483 0.0673094 0.2539  0.223033  0.0230662  
0.156815 0.164134 0.179052 0.24871  0.102086  0.149204  
2.21475e-05 0.296723 0.203255 0.243638  0.168238  0.0881237  
0.222135 0.209851 0.0680134 0.238659  0.0408302  0.220511  
3.73138e-05 0.499915 4.75975e-05 0.233774  0.20799  0.0582359  
0.233629 0.0148502 0.251521 0.228978  0.076224  0.194798  
0.277306 0.136536 0.0861578 0.224259  0.146488  0.129253  
0.142213 0.0702974 0.287489 0.219632  0.00876062  0.271608  
0.10003 9.83236e-06 0.39996 0.215071  0.28048  0.00444947  
0.0166597 0.0321991 0.451141 0.210583  0.140183  0.149233  
0.0500207 4.15034e-06 0.449975 0.206165  0.215788  0.0780469  
0.120709 0.222636 0.156655 0.201808  0.0698874  0.228304  
0.154354 0.206427 0.139219 0.197517  0.259952  0.0425307  
0.203797 0.0678988 0.228304 0.19329  0.110227  0.196483  
5.03896e-06 0.0675099 0.432485 0.189119  0.189449  0.121432  
0.116794 0.383158 4.75975e-05 0.184992  0.034452  0.280556  
0.243831 0.168372 0.0877974 0.180932  0.294141  0.0249271  
0.0867348 0.157618 0.255648 0.176921  0.1363  0.186778  
1.28336e-05 0.17194 0.328048 0.172956  0.219736  0.107308  
0.198172 0.251772 0.0500559 0.169038  0.0568825  0.274079  
0.0517816 0.232931 0.215288 0.165167  0.26682  0.0680134  
0.326675 0.0516565 0.121668 0.161342  0.100535  0.238123  
0.377834 0.122117 4.92519e-05 0.157559  0.187265  0.155176  
0.172155 0.226573 0.101272 0.153811  0.0162274  0.329961  
0.266764 2.62214e-05 0.233209 0.150107  0.333493  0.0163994  
0.119846 0.32864 0.051514 0.146407  0.16022  0.193373  
0.137733 0.277545 0.084722 0.142822  0.251144  0.106034  
0.1207 0.258756 0.120544 0.139231  0.0732798  0.287489  
0.165167 0.26682 0.0680134 0.135676  0.301706  0.062618  
0.433163 0.0504376 0.0163994 0.132156  0.120698  0.247146  
0.350028 0.0667152 0.083257 0.128667  0.214677  0.156655  
0.310208 0.10383 0.0859619 0.125212  0.0292695  0.345518  
0.101873 0.205283 0.192843 0.121786  0.336849  0.0413644  
0.119136 0.156794 0.224069 0.118386  0.149067  0.232547  
0.0165764 0.416734 0.0666899 0.115038  0.246618  0.138345  
0.0339548 0.347271 0.118774 0.111698  0.0546033  0.333699  
0.26787 0.232081 4.92519e-05 0.108399  0.299822  0.0917787  
0.157527 0.342425 4.75975e-05 0.105124  0.104883  0.289992  
0.120168 0.0343138 0.345518 0.101873  0.205283  0.192843  
0.0686701 0.138376 0.292954 0.0986492  0.00627044  0.39508  
0.137593 1.35246e-05 0.362393 0.0954459  0.401394  0.00316015  
0.276107 0.189352 0.034541 0.092272  0.200681  0.207047  
0.212991 0.286997 1.14397e-05 0.0891254  0.304944  0.10593  
0.250199 0.0315652 0.218236 0.0859996  0.100264  0.313736  
0.033321 0.195071 0.271608 0.0829047  0.361704  0.0553915  
0.322669 0.177284 4.75975e-05 0.0798248  0.154281  0.265894  
0.0518577 0.361984 0.0861578 0.076766  0.261215  0.162019  
2.57879e-05 0.345495 0.154479 0.0737364  0.049949  0.376315  
0.154242 0.0162505 0.329508 0.0707225  0.3991  0.0301775  
0.310536 3.05239e-05 0.189434 0.0677336  0.185737  0.246529  
0.0333241 0.156771 0.309905 0.0647611  0.295827  0.139411  
0.260587 0.119277 0.120136 0.0617969  0.0787269  0.359476  
0.0344831 0.310341 0.155176 0.0588796  0.354963  0.0861578  
0.416684 0.0166206 0.066695 0.0559667  0.135286  0.308748  
0.103751 0.103512 0.292737 0.0530719  0.247904  0.199024  
0.366823 0.0164383 0.116738 0.0501959  0.0245966  0.425207  
0.46663 0.0333203 4.92519e-05 0.0473448  0.434976  0.0176789  
0.44998 4.42305e-05 0.0499754 0.0445066  0.209956  0.245537  
0.396789 3.90021e-05 0.103236 0.041672  0.325842  0.132486  
0.120643 0.120366 0.258991 0.0388687  0.0972637  0.363868  
0.243355 0.240245 0.0163994 0.0360971  0.387794  0.0761089  
0.184992 0.034452 0.280556 0.0333241  0.156771  0.309905  
0.0340413 0.275029 0.19093 0.0305618  0.275061  0.194377  
0.0866935 0.256651 0.156655 0.0278269  0.0405749  0.431598  
0.22586 0.134729 0.139411 0.0251111  0.426658  0.0482309  
0.294465 0.0672354 0.1383 0.0223917  0.190297  0.287312  
0.0686858 0.291903 0.139411 0.0197181  0.311434  0.168848  
0.189119 0.189449 0.121432 0.0170382  0.0716877  0.411274  
1.53496e-05 0.205647 0.294338 0.014382  0.375597  0.110021  
0.198934 1.95541e-05 0.301046 0.0117321  0.133506  0.354762  
0.345126 3.39239e-05 0.154841 0.00909435  0.256958  0.233948  
0.0497356 0.433646 0.0166187 0.0064843  0.0115484  0.481967  
0.17383 0.309771 0.0163994 0.00388068  0.484495  0.0116238  
0.103759 0.310183 0.0860583 0.00128864  0.237667  0.261044  
