1.675e+01  1.729e+01  
1.446e+01  1.626e+01  
1.913e+01  1.465e+01  
2.214e+01  2.857e+01  
2.588e+01  1.630e+01  
1.937e+01  2.023e+01  
8.841e+00  1.039e+01  
7.833e+00  7.167e+00  
2.163e+01  2.019e+01  
1.797e+01  2.043e+01  
1.560e+01  1.197e+01  
1.947e+01  1.925e+01  
8.641e+00  8.517e+00  
1.573e+01  1.680e+01  
1.237e+01  1.329e+01  
2.473e+01  1.915e+01  
7.276e+00  7.441e+00  
2.222e+01  1.788e+01  
2.060e+01  2.233e+01  
1.610e+01  1.456e+01  
1.064e+01  9.144e+00  
6.146e+00  7.897e+00  
1.817e+01  2.014e+01  
1.575e+01  1.498e+01  
8.068e+00  6.782e+00  
1.777e+01  1.452e+01  
9.952e+00  7.453e+00  
7.857e+00  9.317e+00  
1.030e+01  7.260e+00  
1.739e+01  1.736e+01  
1.778e+01  2.101e+01  
1.522e+01  2.014e+01  
2.604e+01  1.972e+01  
1.512e+01  1.808e+01  
2.272e+01  2.017e+01  
1.095e+01  9.227e+00  
8.196e+00  7.442e+00  
1.063e+01  8.139e+00  
1.670e+01  1.627e+01  
1.997e+01  1.797e+01  
2.583e+01  2.170e+01  
1.113e+01  1.762e+01  
2.364e+01  1.966e+01  
8.799e+00  7.728e+00  
1.521e+01  1.580e+01  
7.775e+00  7.004e+00  
2.218e+01  1.812e+01  
1.010e+01  7.438e+00  
1.405e+01  8.397e+00  
2.928e+01  1.806e+01  
8.321e+00  1.059e+01  
2.861e+01  1.563e+01  
8.069e+00  8.609e+00  
8.286e+00  7.919e+00  
1.470e+01  3.226e+01  
9.039e+00  1.188e+01  
1.772e+01  2.031e+01  
1.361e+01  1.366e+01  
1.263e+01  1.059e+01  
1.016e+01  1.125e+01  
1.644e+01  1.663e+01  
8.957e+00  7.059e+00  
1.099e+01  9.104e+00  
2.022e+01  1.881e+01  
2.527e+01  1.951e+01  
2.322e+01  1.716e+01  
1.489e+01  1.248e+01  
2.896e+01  1.296e+01  
7.959e+00  6.197e+00  
2.024e+01  2.111e+01  
1.986e+01  1.644e+01  
1.309e+01  1.711e+01  
2.046e+01  1.128e+01  
1.934e+01  2.350e+01  
1.906e+01  1.483e+01  
1.780e+01  2.226e+01  
1.059e+01  1.238e+01  
1.772e+01  1.776e+01  
8.137e+00  9.030e+00  
2.169e+01  2.284e+01  
1.720e+01  1.432e+01  
1.328e+01  9.770e+00  
1.011e+01  6.669e+00  
2.143e+01  2.497e+01  
2.321e+01  2.444e+01  
1.277e+01  1.575e+01  
1.575e+01  2.276e+01  
1.811e+01  1.606e+01  
1.060e+01  1.392e+01  
1.063e+01  1.074e+01  
1.152e+01  1.772e+01  
1.772e+01  1.755e+01  
1.119e+01  8.427e+00  
1.840e+01  2.526e+01  
1.670e+01  1.170e+01  
1.160e+01  8.366e+00  
1.903e+01  1.157e+01  
2.679e+01  1.728e+01  
1.761e+01  1.991e+01  
2.209e+01  1.290e+01  
1.427e+00  4.241e-01  
2.716e-03  9.610e-01  
3.317e-01  4.252e-01  
3.317e-01  4.273e-01  
3.317e-01  4.296e-01  
3.317e-01  4.351e-01  
3.317e-01  4.389e-01  
3.317e-01  4.296e-01  
3.317e-01  4.351e-01  
3.317e-01  4.447e-01  
3.317e-01  4.390e-01  
3.317e-01  4.389e-01  
3.317e-01  4.363e-01  
3.317e-01  4.658e-01  
3.317e-01  4.390e-01  
3.317e-01  4.658e-01  
3.317e-01  4.518e-01  
3.317e-01  4.363e-01  
3.317e-01  4.588e-01  
3.317e-01  4.447e-01  
3.317e-01  4.975e-01  
3.317e-01  4.518e-01  
3.317e-01  4.980e-01  
3.317e-01  4.572e-01  
3.317e-01  4.459e-01  
3.317e-01  4.459e-01  
3.317e-01  5.050e-01  
3.317e-01  4.588e-01  
3.317e-01  4.855e-01  
3.317e-01  4.858e-01  
3.317e-01  4.980e-01  
3.317e-01  5.050e-01  
3.317e-01  4.978e-01  
3.317e-01  5.145e-01  
3.317e-01  5.145e-01  
3.317e-01  4.743e-01  
3.317e-01  4.978e-01  
3.317e-01  4.650e-01  
3.317e-01  4.781e-01  
3.317e-01  4.595e-01  
3.317e-01  4.650e-01  
3.317e-01  6.195e-01  
3.317e-01  6.195e-01  
3.317e-01  5.182e-01  
3.317e-01  6.446e-01  
3.317e-01  4.595e-01  
3.317e-01  6.786e-01  
3.317e-01  6.695e-01  
3.317e-01  4.855e-01  
3.317e-01  4.743e-01  
3.317e-01  5.762e-01  
3.317e-01  7.108e-01  
3.317e-01  7.108e-01  
3.317e-01  7.387e-01  
3.317e-01  6.695e-01  
3.317e-01  5.182e-01  
3.317e-01  8.277e-01  
3.317e-01  5.762e-01  
3.317e-01  8.277e-01  
3.317e-01  5.581e-01  
3.317e-01  4.572e-01  
3.317e-01  5.581e-01  
3.247e-01  9.469e-01  
1.821e-01  9.469e-01  
1.434e-01  9.469e-01  
1.178e-01  9.469e-01  
1.453e-01  9.469e-01  
1.821e-01  9.469e-01  
1.208e-01  9.469e-01  
1.008e-01  9.469e-01  
1.434e-01  9.469e-01  
1.536e-01  9.469e-01  
1.262e-01  9.469e-01  
1.352e-01  9.469e-01  
9.732e-02  9.469e-01  
1.536e-01  9.469e-01  
1.208e-01  9.469e-01  
1.453e-01  9.469e-01  
1.340e-01  9.469e-01  
1.406e-01  9.469e-01  
1.227e-01  9.469e-01  
7.474e-02  9.468e-01  
1.008e-01  9.469e-01  
1.082e-01  9.469e-01  
8.480e-02  9.469e-01  
7.474e-02  9.468e-01  
6.977e-02  9.469e-01  
6.364e-02  9.469e-01  
6.977e-02  9.469e-01  
6.364e-02  9.469e-01  
4.995e-02  9.469e-01  
4.995e-02  9.469e-01  
4.527e-02  9.469e-01  
3.549e-02  9.469e-01  
3.207e-02  9.469e-01  
1.882e-02  9.469e-01  
1.882e-02  9.469e-01  
1.425e-02  9.469e-01  
1.028e-02  9.470e-01  
4.498e-03  9.567e-01  
1.260e+00  4.241e-01  
2.154e-03  9.610e-01  
3.317e-01  4.252e-01  
3.317e-01  4.273e-01  
3.317e-01  4.296e-01  
3.317e-01  4.351e-01  
3.317e-01  4.389e-01  
3.317e-01  4.296e-01  
3.317e-01  4.351e-01  
3.317e-01  4.447e-01  
3.317e-01  4.390e-01  
3.317e-01  4.389e-01  
3.317e-01  4.363e-01  
3.317e-01  4.658e-01  
3.317e-01  4.390e-01  
3.317e-01  4.658e-01  
3.317e-01  4.518e-01  
3.317e-01  4.363e-01  
3.317e-01  4.588e-01  
3.317e-01  4.447e-01  
3.317e-01  4.975e-01  
3.317e-01  4.518e-01  
3.317e-01  4.980e-01  
3.317e-01  4.572e-01  
3.317e-01  4.459e-01  
3.317e-01  4.459e-01  
3.317e-01  5.050e-01  
3.317e-01  4.588e-01  
3.317e-01  4.855e-01  
3.317e-01  4.858e-01  
3.317e-01  4.980e-01  
3.317e-01  5.050e-01  
3.317e-01  4.978e-01  
3.317e-01  5.145e-01  
3.317e-01  5.145e-01  
3.317e-01  4.743e-01  
3.317e-01  4.978e-01  
3.317e-01  4.650e-01  
3.317e-01  4.781e-01  
3.317e-01  4.595e-01  
3.317e-01  4.650e-01  
3.317e-01  6.195e-01  
3.317e-01  6.195e-01  
3.317e-01  5.182e-01  
3.317e-01  6.446e-01  
3.317e-01  4.595e-01  
3.317e-01  6.786e-01  
3.317e-01  6.695e-01  
3.317e-01  4.855e-01  
3.317e-01  4.743e-01  
3.317e-01  5.762e-01  
3.317e-01  7.108e-01  
3.317e-01  7.108e-01  
3.317e-01  7.387e-01  
3.317e-01  6.695e-01  
3.317e-01  5.182e-01  
3.317e-01  8.277e-01  
3.317e-01  5.762e-01  
3.317e-01  8.277e-01  
3.317e-01  5.581e-01  
3.317e-01  4.572e-01  
3.257e-01  9.248e-01  
2.333e-01  9.248e-01  
2.305e-01  9.248e-01  
2.305e-01  9.248e-01  
1.815e-01  9.248e-01  
1.815e-01  9.248e-01  
2.333e-01  9.248e-01  
1.583e-01  9.248e-01  
1.902e-01  9.248e-01  
1.797e-01  9.248e-01  
1.797e-01  9.248e-01  
1.583e-01  9.248e-01  
1.814e-01  9.248e-01  
1.621e-01  9.248e-01  
1.621e-01  9.248e-01  
1.398e-01  9.248e-01  
1.398e-01  9.248e-01  
1.362e-01  9.248e-01  
1.230e-01  9.248e-01  
1.230e-01  9.248e-01  
1.171e-01  9.248e-01  
1.050e-01  9.248e-01  
9.696e-02  9.248e-01  
9.525e-02  9.248e-01  
6.371e-02  9.248e-01  
6.875e-02  9.248e-01  
6.371e-02  9.248e-01  
5.379e-02  9.248e-01  
5.379e-02  9.248e-01  
4.851e-02  9.248e-01  
4.851e-02  9.248e-01  
4.055e-02  9.248e-01  
2.201e-02  9.248e-01  
2.201e-02  9.248e-01  
2.201e-02  9.248e-01  
1.739e-02  9.248e-01  
1.506e-02  9.248e-01  
8.355e-03  9.342e-01  
4.611e-03  9.567e-01  
9.730e-01  4.241e-01  
2.064e-03  9.610e-01  
3.317e-01  4.252e-01  
3.317e-01  4.273e-01  
3.317e-01  4.296e-01  
3.317e-01  4.351e-01  
3.317e-01  4.389e-01  
3.317e-01  4.296e-01  
3.317e-01  4.351e-01  
3.317e-01  4.447e-01  
3.317e-01  4.390e-01  
3.317e-01  4.389e-01  
3.317e-01  4.363e-01  
3.317e-01  4.658e-01  
3.317e-01  4.390e-01  
3.317e-01  4.658e-01  
3.317e-01  4.518e-01  
3.317e-01  4.363e-01  
3.317e-01  4.588e-01  
3.317e-01  4.447e-01  
3.317e-01  4.975e-01  
3.317e-01  4.518e-01  
3.317e-01  4.980e-01  
3.317e-01  4.572e-01  
3.317e-01  4.459e-01  
3.317e-01  4.459e-01  
3.317e-01  5.050e-01  
3.317e-01  4.588e-01  
3.317e-01  4.855e-01  
3.317e-01  4.858e-01  
3.317e-01  4.980e-01  
3.317e-01  5.050e-01  
3.317e-01  4.978e-01  
3.317e-01  5.145e-01  
3.317e-01  5.145e-01  
3.317e-01  4.743e-01  
3.317e-01  4.978e-01  
3.317e-01  4.650e-01  
3.317e-01  4.781e-01  
3.317e-01  4.595e-01  
3.317e-01  4.650e-01  
3.317e-01  6.195e-01  
3.317e-01  6.195e-01  
3.317e-01  5.182e-01  
3.317e-01  6.446e-01  
3.317e-01  4.595e-01  
3.317e-01  6.786e-01  
3.317e-01  6.695e-01  
3.317e-01  4.855e-01  
3.317e-01  4.743e-01  
3.317e-01  5.762e-01  
3.317e-01  7.108e-01  
3.317e-01  7.108e-01  
3.317e-01  7.387e-01  
3.317e-01  6.695e-01  
3.317e-01  5.182e-01  
3.317e-01  8.277e-01  
3.317e-01  5.762e-01  
3.317e-01  8.277e-01  
3.317e-01  5.581e-01  
3.317e-01  4.572e-01  
2.905e-01  9.185e-01  
7.036e-02  9.185e-01  
2.905e-01  9.185e-01  
2.739e-01  9.185e-01  
9.635e-02  9.185e-01  
7.036e-02  9.185e-01  
7.036e-02  9.185e-01  
8.083e-02  9.185e-01  
1.294e-01  9.185e-01  
7.036e-02  9.185e-01  
8.686e-02  9.185e-01  
9.405e-02  9.185e-01  
7.036e-02  9.185e-01  
9.635e-02  9.185e-01  
8.083e-02  9.185e-01  
7.036e-02  9.185e-01  
1.294e-01  9.185e-01  
8.686e-02  9.185e-01  
9.405e-02  9.185e-01  
7.036e-02  9.185e-01  
8.686e-02  9.185e-01  
7.036e-02  9.185e-01  
8.308e-02  9.185e-01  
8.308e-02  9.185e-01  
6.851e-02  9.185e-01  
6.851e-02  9.185e-01  
5.671e-02  9.185e-01  
5.272e-02  9.185e-01  
5.671e-02  9.185e-01  
5.272e-02  9.185e-01  
4.305e-02  9.185e-01  
1.447e-02  9.185e-01  
2.977e-02  9.185e-01  
2.977e-02  9.185e-01  
1.986e-02  9.185e-01  
1.986e-02  9.185e-01  
1.351e-02  9.185e-01  
9.810e-03  9.342e-01  
4.611e-03  9.567e-01  
9.730e-01  4.240e-01  
2.020e-03  1.094e+00  
3.317e-01  4.252e-01  
3.317e-01  4.273e-01  
3.317e-01  4.296e-01  
3.317e-01  4.351e-01  
3.317e-01  4.389e-01  
3.317e-01  4.296e-01  
3.317e-01  4.351e-01  
3.317e-01  4.447e-01  
3.317e-01  4.390e-01  
3.317e-01  4.389e-01  
3.317e-01  4.363e-01  
3.317e-01  4.658e-01  
3.317e-01  4.390e-01  
3.317e-01  4.658e-01  
3.317e-01  4.518e-01  
3.317e-01  4.363e-01  
3.317e-01  4.588e-01  
3.317e-01  4.447e-01  
3.317e-01  4.975e-01  
3.317e-01  4.518e-01  
3.317e-01  4.980e-01  
3.317e-01  4.572e-01  
3.317e-01  4.459e-01  
3.317e-01  4.459e-01  
3.317e-01  5.050e-01  
3.317e-01  4.588e-01  
3.317e-01  4.855e-01  
3.317e-01  4.858e-01  
3.317e-01  4.980e-01  
3.317e-01  5.050e-01  
3.317e-01  4.978e-01  
3.317e-01  5.145e-01  
3.317e-01  5.145e-01  
3.317e-01  4.743e-01  
3.317e-01  4.978e-01  
3.317e-01  4.650e-01  
3.317e-01  4.781e-01  
3.317e-01  4.595e-01  
3.317e-01  4.650e-01  
3.317e-01  6.195e-01  
3.317e-01  6.195e-01  
3.317e-01  5.182e-01  
3.317e-01  6.446e-01  
3.317e-01  4.595e-01  
3.317e-01  6.786e-01  
3.317e-01  6.695e-01  
3.317e-01  4.855e-01  
3.317e-01  4.743e-01  
3.317e-01  5.762e-01  
3.317e-01  7.108e-01  
3.317e-01  7.108e-01  
3.317e-01  7.387e-01  
3.317e-01  6.695e-01  
3.317e-01  5.182e-01  
3.317e-01  8.277e-01  
3.317e-01  5.762e-01  
3.317e-01  8.277e-01  
3.317e-01  5.581e-01  
3.076e-01  9.085e-01  
1.107e-01  9.085e-01  
1.107e-01  9.085e-01  
1.321e-01  9.085e-01  
1.321e-01  9.085e-01  
8.595e-02  9.085e-01  
8.595e-02  9.085e-01  
1.207e-01  9.085e-01  
1.209e-01  9.085e-01  
1.209e-01  9.085e-01  
8.509e-02  9.085e-01  
6.573e-02  9.085e-01  
1.207e-01  9.085e-01  
9.237e-02  9.085e-01  
1.259e-01  9.085e-01  
9.237e-02  9.085e-01  
6.361e-02  9.085e-01  
1.093e-01  9.085e-01  
1.093e-01  9.085e-01  
1.264e-01  9.085e-01  
8.196e-02  9.085e-01  
8.196e-02  9.085e-01  
8.509e-02  9.085e-01  
5.192e-02  9.085e-01  
5.376e-02  9.085e-01  
5.376e-02  9.085e-01  
6.383e-02  9.085e-01  
6.383e-02  9.085e-01  
6.361e-02  9.085e-01  
5.608e-02  9.085e-01  
5.192e-02  9.085e-01  
4.778e-02  9.085e-01  
3.793e-02  9.085e-01  
3.446e-02  9.085e-01  
2.314e-02  9.085e-01  
2.314e-02  9.085e-01  
1.990e-02  9.085e-01  
1.351e-02  9.185e-01  
9.794e-03  9.342e-01  
4.458e-03  9.567e-01  
8.811e-01  4.240e-01  
1.835e-03  9.968e-01  
3.317e-01  4.252e-01  
3.317e-01  4.273e-01  
3.317e-01  4.296e-01  
3.317e-01  4.351e-01  
3.317e-01  4.389e-01  
3.317e-01  4.296e-01  
3.317e-01  4.351e-01  
3.317e-01  4.447e-01  
3.317e-01  4.390e-01  
3.317e-01  4.389e-01  
3.317e-01  4.363e-01  
3.317e-01  4.658e-01  
3.317e-01  4.390e-01  
3.317e-01  4.658e-01  
3.317e-01  4.518e-01  
3.317e-01  4.363e-01  
3.317e-01  4.588e-01  
3.317e-01  4.447e-01  
3.317e-01  4.975e-01  
3.317e-01  4.518e-01  
3.317e-01  4.980e-01  
3.317e-01  4.572e-01  
3.317e-01  4.459e-01  
3.317e-01  4.459e-01  
3.317e-01  5.050e-01  
3.317e-01  4.588e-01  
3.317e-01  4.855e-01  
3.317e-01  4.858e-01  
3.317e-01  4.980e-01  
3.317e-01  5.050e-01  
3.317e-01  4.978e-01  
3.317e-01  5.145e-01  
3.317e-01  5.145e-01  
3.317e-01  4.743e-01  
3.317e-01  4.978e-01  
3.317e-01  4.650e-01  
3.317e-01  4.781e-01  
3.317e-01  4.595e-01  
3.317e-01  4.650e-01  
3.317e-01  6.195e-01  
3.317e-01  6.195e-01  
3.317e-01  5.182e-01  
3.317e-01  6.446e-01  
3.317e-01  4.595e-01  
3.317e-01  6.786e-01  
3.317e-01  6.695e-01  
3.317e-01  4.855e-01  
3.317e-01  4.743e-01  
3.317e-01  5.762e-01  
3.317e-01  7.108e-01  
3.317e-01  7.108e-01  
3.317e-01  7.387e-01  
3.317e-01  6.695e-01  
3.317e-01  5.182e-01  
3.317e-01  8.277e-01  
3.317e-01  5.762e-01  
3.317e-01  8.277e-01  
3.317e-01  5.581e-01  
3.051e-01  9.016e-01  
3.051e-01  9.016e-01  
2.905e-01  9.016e-01  
1.046e-01  9.016e-01  
1.021e-01  9.016e-01  
1.046e-01  9.016e-01  
9.621e-02  9.016e-01  
1.080e-01  9.016e-01  
1.021e-01  9.016e-01  
1.080e-01  9.016e-01  
1.080e-01  9.016e-01  
1.080e-01  9.016e-01  
9.621e-02  9.016e-01  
9.653e-02  9.016e-01  
1.022e-01  9.016e-01  
1.025e-01  9.016e-01  
1.025e-01  9.016e-01  
1.080e-01  9.016e-01  
1.080e-01  9.016e-01  
9.022e-02  9.016e-01  
1.022e-01  9.016e-01  
9.117e-02  9.016e-01  
9.653e-02  9.016e-01  
9.022e-02  9.016e-01  
9.117e-02  9.016e-01  
8.266e-02  9.016e-01  
6.632e-02  9.016e-01  
6.632e-02  9.016e-01  
5.907e-02  9.016e-01  
5.907e-02  9.016e-01  
5.197e-02  9.016e-01  
4.399e-02  9.016e-01  
3.663e-02  9.016e-01  
3.022e-02  9.016e-01  
3.022e-02  9.016e-01  
2.248e-02  9.016e-01  
1.625e-02  9.016e-01  
1.366e-02  9.016e-01  
9.486e-03  9.342e-01  
4.397e-03  9.567e-01  
8.515e-01  4.240e-01  
1.829e-03  9.861e-01  
3.317e-01  4.252e-01  
3.317e-01  4.273e-01  
3.317e-01  4.296e-01  
3.317e-01  4.351e-01  
3.317e-01  4.389e-01  
3.317e-01  4.296e-01  
3.317e-01  4.351e-01  
3.317e-01  4.447e-01  
3.317e-01  4.390e-01  
3.317e-01  4.389e-01  
3.317e-01  4.363e-01  
3.317e-01  4.658e-01  
3.317e-01  4.390e-01  
3.317e-01  4.658e-01  
3.317e-01  4.518e-01  
3.317e-01  4.363e-01  
3.317e-01  4.588e-01  
3.317e-01  4.447e-01  
3.317e-01  4.975e-01  
3.317e-01  4.518e-01  
3.317e-01  4.980e-01  
3.317e-01  4.572e-01  
3.317e-01  4.459e-01  
3.317e-01  4.459e-01  
3.317e-01  5.050e-01  
3.317e-01  4.588e-01  
3.317e-01  4.855e-01  
3.317e-01  4.858e-01  
3.317e-01  4.980e-01  
3.317e-01  5.050e-01  
3.317e-01  4.978e-01  
3.317e-01  5.145e-01  
3.317e-01  5.145e-01  
3.317e-01  4.743e-01  
3.317e-01  4.978e-01  
3.317e-01  4.650e-01  
3.317e-01  4.781e-01  
3.317e-01  4.595e-01  
3.317e-01  4.650e-01  
3.317e-01  6.195e-01  
3.317e-01  6.195e-01  
3.317e-01  5.182e-01  
3.317e-01  6.446e-01  
3.317e-01  4.595e-01  
3.317e-01  6.786e-01  
3.317e-01  6.695e-01  
3.317e-01  4.855e-01  
3.317e-01  4.743e-01  
3.317e-01  5.762e-01  
3.317e-01  7.108e-01  
3.317e-01  7.108e-01  
3.317e-01  7.387e-01  
3.317e-01  6.695e-01  
3.317e-01  5.182e-01  
3.317e-01  8.277e-01  
3.317e-01  5.762e-01  
3.317e-01  8.277e-01  
3.317e-01  5.581e-01  
3.051e-01  9.016e-01  
3.051e-01  9.016e-01  
2.905e-01  9.016e-01  
1.046e-01  9.016e-01  
1.021e-01  9.016e-01  
1.046e-01  9.016e-01  
9.621e-02  9.016e-01  
1.080e-01  9.016e-01  
1.021e-01  9.016e-01  
1.080e-01  9.016e-01  
1.080e-01  9.016e-01  
1.080e-01  9.016e-01  
9.621e-02  9.016e-01  
9.653e-02  9.016e-01  
1.022e-01  9.016e-01  
1.025e-01  9.016e-01  
1.025e-01  9.016e-01  
1.080e-01  9.016e-01  
1.080e-01  9.016e-01  
9.022e-02  9.016e-01  
1.022e-01  9.016e-01  
9.117e-02  9.016e-01  
9.653e-02  9.016e-01  
9.022e-02  9.016e-01  
9.117e-02  9.016e-01  
8.266e-02  9.016e-01  
6.632e-02  9.016e-01  
6.632e-02  9.016e-01  
5.907e-02  9.016e-01  
5.907e-02  9.016e-01  
5.197e-02  9.016e-01  
4.399e-02  9.016e-01  
3.663e-02  9.016e-01  
3.022e-02  9.016e-01  
1.855e-02  9.016e-01  
2.248e-02  9.016e-01  
1.625e-02  9.016e-01  
1.366e-02  9.016e-01  
9.422e-03  9.342e-01  
4.397e-03  9.567e-01  
7.428e-01  4.240e-01  
1.792e-03  9.861e-01  
3.317e-01  4.252e-01  
3.317e-01  4.273e-01  
3.317e-01  4.296e-01  
3.317e-01  4.351e-01  
3.317e-01  4.389e-01  
3.317e-01  4.296e-01  
3.317e-01  4.351e-01  
3.317e-01  4.447e-01  
3.317e-01  4.390e-01  
3.317e-01  4.389e-01  
3.317e-01  4.363e-01  
3.317e-01  4.658e-01  
3.317e-01  4.390e-01  
3.317e-01  4.658e-01  
3.317e-01  4.518e-01  
3.317e-01  4.363e-01  
3.317e-01  4.588e-01  
3.317e-01  4.447e-01  
3.317e-01  4.975e-01  
3.317e-01  4.518e-01  
3.317e-01  4.980e-01  
3.317e-01  4.572e-01  
3.317e-01  4.459e-01  
3.317e-01  4.459e-01  
3.317e-01  5.050e-01  
3.317e-01  4.588e-01  
3.317e-01  4.855e-01  
3.317e-01  4.858e-01  
3.317e-01  4.980e-01  
3.317e-01  5.050e-01  
3.317e-01  4.978e-01  
3.317e-01  5.145e-01  
3.317e-01  5.145e-01  
3.317e-01  4.743e-01  
3.317e-01  4.978e-01  
3.317e-01  4.650e-01  
3.317e-01  4.781e-01  
3.317e-01  4.595e-01  
3.317e-01  4.650e-01  
3.317e-01  6.195e-01  
3.317e-01  6.195e-01  
3.317e-01  5.182e-01  
3.317e-01  6.446e-01  
3.317e-01  4.595e-01  
3.317e-01  6.786e-01  
3.317e-01  6.695e-01  
3.317e-01  4.855e-01  
3.317e-01  4.743e-01  
3.317e-01  5.762e-01  
3.317e-01  7.108e-01  
3.317e-01  7.108e-01  
3.317e-01  7.387e-01  
3.317e-01  6.695e-01  
3.317e-01  5.182e-01  
3.317e-01  8.277e-01  
3.317e-01  5.762e-01  
3.317e-01  8.277e-01  
3.317e-01  5.581e-01  
3.051e-01  9.016e-01  
3.051e-01  9.016e-01  
2.905e-01  9.016e-01  
1.046e-01  9.016e-01  
1.021e-01  9.016e-01  
1.046e-01  9.016e-01  
9.621e-02  9.016e-01  
1.080e-01  9.016e-01  
1.021e-01  9.016e-01  
1.080e-01  9.016e-01  
1.080e-01  9.016e-01  
1.080e-01  9.016e-01  
9.621e-02  9.016e-01  
9.653e-02  9.016e-01  
1.022e-01  9.016e-01  
1.025e-01  9.016e-01  
1.025e-01  9.016e-01  
1.080e-01  9.016e-01  
1.080e-01  9.016e-01  
9.022e-02  9.016e-01  
1.022e-01  9.016e-01  
9.117e-02  9.016e-01  
9.653e-02  9.016e-01  
9.022e-02  9.016e-01  
9.117e-02  9.016e-01  
8.266e-02  9.016e-01  
6.632e-02  9.016e-01  
6.632e-02  9.016e-01  
5.907e-02  9.016e-01  
5.907e-02  9.016e-01  
5.197e-02  9.016e-01  
4.399e-02  9.016e-01  
3.663e-02  9.016e-01  
3.022e-02  9.016e-01  
1.855e-02  9.016e-01  
2.248e-02  9.016e-01  
1.625e-02  9.016e-01  
1.366e-02  9.016e-01  
9.615e-03  9.342e-01  
4.397e-03  9.567e-01  
7.345e-01  4.240e-01  
1.759e-03  9.861e-01  
3.317e-01  4.252e-01  
3.317e-01  4.273e-01  
3.317e-01  4.296e-01  
3.317e-01  4.351e-01  
3.317e-01  4.389e-01  
3.317e-01  4.296e-01  
3.317e-01  4.351e-01  
3.317e-01  4.447e-01  
3.317e-01  4.390e-01  
3.317e-01  4.389e-01  
3.317e-01  4.363e-01  
3.317e-01  4.658e-01  
3.317e-01  4.390e-01  
3.317e-01  4.658e-01  
3.317e-01  4.518e-01  
3.317e-01  4.363e-01  
3.317e-01  4.588e-01  
3.317e-01  4.447e-01  
3.317e-01  4.975e-01  
3.317e-01  4.518e-01  
3.317e-01  4.980e-01  
3.317e-01  4.572e-01  
3.317e-01  4.459e-01  
3.317e-01  4.459e-01  
3.317e-01  5.050e-01  
3.317e-01  4.588e-01  
3.317e-01  4.855e-01  
3.317e-01  4.858e-01  
3.317e-01  4.980e-01  
3.317e-01  5.050e-01  
3.317e-01  4.978e-01  
3.317e-01  5.145e-01  
3.317e-01  5.145e-01  
3.317e-01  4.743e-01  
3.317e-01  4.978e-01  
3.317e-01  4.650e-01  
3.317e-01  4.781e-01  
3.317e-01  4.595e-01  
3.317e-01  4.650e-01  
3.317e-01  6.195e-01  
3.317e-01  6.195e-01  
3.317e-01  5.182e-01  
3.317e-01  6.446e-01  
3.317e-01  4.595e-01  
3.317e-01  6.786e-01  
3.317e-01  6.695e-01  
3.317e-01  4.855e-01  
3.317e-01  4.743e-01  
3.317e-01  5.762e-01  
3.317e-01  7.108e-01  
3.317e-01  7.108e-01  
3.317e-01  7.387e-01  
3.317e-01  6.695e-01  
3.317e-01  5.182e-01  
3.317e-01  8.277e-01  
3.317e-01  5.762e-01  
3.317e-01  8.277e-01  
3.317e-01  5.581e-01  
3.051e-01  9.016e-01  
3.051e-01  9.016e-01  
2.905e-01  9.016e-01  
1.046e-01  9.016e-01  
1.021e-01  9.016e-01  
1.046e-01  9.016e-01  
9.621e-02  9.016e-01  
1.080e-01  9.016e-01  
1.021e-01  9.016e-01  
1.080e-01  9.016e-01  
1.080e-01  9.016e-01  
1.080e-01  9.016e-01  
9.621e-02  9.016e-01  
9.653e-02  9.016e-01  
1.022e-01  9.016e-01  
1.025e-01  9.016e-01  
1.025e-01  9.016e-01  
1.080e-01  9.016e-01  
1.080e-01  9.016e-01  
9.022e-02  9.016e-01  
1.022e-01  9.016e-01  
9.117e-02  9.016e-01  
9.653e-02  9.016e-01  
9.022e-02  9.016e-01  
9.117e-02  9.016e-01  
8.266e-02  9.016e-01  
6.632e-02  9.016e-01  
6.632e-02  9.016e-01  
5.907e-02  9.016e-01  
5.279e-02  9.016e-01  
5.197e-02  9.016e-01  
4.399e-02  9.016e-01  
3.663e-02  9.016e-01  
3.022e-02  9.016e-01  
1.855e-02  9.016e-01  
2.248e-02  9.016e-01  
1.625e-02  9.016e-01  
1.366e-02  9.016e-01  
9.432e-03  9.342e-01  
4.397e-03  9.567e-01  
6.950e-01  4.240e-01  
1.694e-03  9.861e-01  
3.317e-01  4.252e-01  
3.317e-01  4.289e-01  
3.317e-01  4.301e-01  
3.317e-01  4.358e-01  
3.317e-01  4.395e-01  
3.317e-01  4.396e-01  
3.317e-01  4.357e-01  
3.317e-01  4.331e-01  
3.317e-01  4.528e-01  
3.317e-01  4.517e-01  
3.317e-01  4.394e-01  
3.317e-01  4.394e-01  
3.317e-01  4.506e-01  
3.317e-01  4.547e-01  
3.317e-01  4.358e-01  
3.317e-01  4.357e-01  
3.317e-01  4.439e-01  
3.317e-01  4.861e-01  
3.317e-01  4.861e-01  
3.317e-01  4.707e-01  
3.317e-01  5.111e-01  
3.317e-01  5.111e-01  
3.317e-01  4.954e-01  
3.317e-01  5.053e-01  
3.317e-01  5.053e-01  
3.317e-01  5.021e-01  
3.317e-01  4.950e-01  
3.317e-01  5.523e-01  
3.317e-01  5.523e-01  
3.317e-01  5.351e-01  
3.317e-01  5.695e-01  
3.317e-01  5.280e-01  
3.317e-01  5.695e-01  
3.317e-01  5.605e-01  
3.317e-01  5.695e-01  
3.317e-01  5.695e-01  
3.317e-01  5.909e-01  
3.317e-01  5.280e-01  
3.317e-01  6.285e-01  
3.317e-01  5.789e-01  
3.317e-01  6.051e-01  
3.317e-01  6.643e-01  
3.317e-01  6.285e-01  
3.317e-01  5.909e-01  
3.317e-01  6.952e-01  
3.317e-01  7.046e-01  
3.317e-01  7.046e-01  
3.317e-01  6.236e-01  
3.317e-01  7.419e-01  
3.317e-01  6.236e-01  
3.317e-01  7.450e-01  
3.317e-01  6.051e-01  
3.317e-01  6.684e-01  
3.317e-01  6.952e-01  
3.317e-01  7.419e-01  
3.317e-01  6.396e-01  
3.317e-01  8.446e-01  
3.317e-01  8.808e-01  
3.051e-01  9.016e-01  
3.051e-01  9.016e-01  
2.905e-01  9.016e-01  
1.046e-01  9.016e-01  
1.021e-01  9.016e-01  
1.046e-01  9.016e-01  
9.621e-02  9.016e-01  
1.080e-01  9.016e-01  
1.021e-01  9.016e-01  
1.080e-01  9.016e-01  
1.080e-01  9.016e-01  
1.080e-01  9.016e-01  
9.621e-02  9.016e-01  
9.653e-02  9.016e-01  
1.022e-01  9.016e-01  
1.025e-01  9.016e-01  
1.025e-01  9.016e-01  
1.080e-01  9.016e-01  
1.080e-01  9.016e-01  
9.022e-02  9.016e-01  
1.022e-01  9.016e-01  
9.117e-02  9.016e-01  
9.653e-02  9.016e-01  
9.022e-02  9.016e-01  
9.117e-02  9.016e-01  
8.266e-02  9.016e-01  
6.632e-02  9.016e-01  
6.632e-02  9.016e-01  
5.907e-02  9.016e-01  
5.279e-02  9.016e-01  
5.197e-02  9.016e-01  
4.399e-02  9.016e-01  
3.663e-02  9.016e-01  
3.022e-02  9.016e-01  
1.855e-02  9.016e-01  
2.248e-02  9.016e-01  
1.625e-02  9.016e-01  
1.366e-02  9.016e-01  
9.416e-03  9.342e-01  
4.397e-03  9.567e-01  
6.947e-01  4.240e-01  
1.728e-03  9.861e-01  
3.317e-01  4.252e-01  
3.317e-01  4.282e-01  
3.317e-01  4.323e-01  
3.317e-01  4.326e-01  
3.317e-01  4.340e-01  
3.317e-01  4.417e-01  
3.317e-01  4.441e-01  
3.317e-01  4.501e-01  
3.317e-01  4.532e-01  
3.317e-01  4.532e-01  
3.317e-01  4.596e-01  
3.317e-01  4.640e-01  
3.317e-01  4.704e-01  
3.317e-01  4.704e-01  
3.317e-01  4.718e-01  
3.317e-01  4.622e-01  
3.317e-01  4.889e-01  
3.317e-01  4.622e-01  
3.317e-01  4.947e-01  
3.317e-01  4.718e-01  
3.317e-01  5.106e-01  
3.317e-01  5.055e-01  
3.317e-01  5.106e-01  
3.317e-01  5.276e-01  
3.317e-01  5.261e-01  
3.317e-01  5.261e-01  
3.317e-01  5.427e-01  
3.317e-01  5.349e-01  
3.317e-01  5.380e-01  
3.317e-01  5.427e-01  
3.317e-01  5.380e-01  
3.317e-01  5.320e-01  
3.317e-01  5.440e-01  
3.317e-01  5.445e-01  
3.317e-01  5.751e-01  
3.317e-01  5.440e-01  
3.317e-01  5.949e-01  
3.317e-01  5.474e-01  
3.317e-01  6.238e-01  
3.317e-01  5.949e-01  
3.317e-01  5.811e-01  
3.317e-01  6.003e-01  
3.317e-01  5.811e-01  
3.317e-01  6.739e-01  
3.317e-01  5.349e-01  
3.317e-01  6.959e-01  
3.317e-01  7.135e-01  
3.317e-01  6.003e-01  
3.317e-01  6.729e-01  
3.317e-01  7.382e-01  
3.317e-01  7.642e-01  
3.317e-01  6.729e-01  
3.317e-01  7.382e-01  
3.317e-01  6.959e-01  
3.317e-01  7.361e-01  
3.317e-01  7.642e-01  
3.317e-01  8.632e-01  
3.317e-01  7.361e-01  
2.624e-01  8.962e-01  
2.290e-01  8.962e-01  
2.624e-01  8.962e-01  
1.985e-01  8.962e-01  
2.521e-01  8.962e-01  
2.521e-01  8.962e-01  
1.848e-01  8.962e-01  
1.670e-01  8.962e-01  
1.670e-01  8.962e-01  
1.305e-01  8.962e-01  
1.711e-01  8.962e-01  
1.795e-01  8.962e-01  
1.581e-01  8.962e-01  
1.290e-01  8.962e-01  
1.523e-01  8.962e-01  
1.523e-01  8.962e-01  
1.241e-01  8.962e-01  
1.425e-01  8.962e-01  
1.241e-01  8.962e-01  
7.625e-02  8.962e-01  
1.071e-01  8.962e-01  
7.419e-02  8.962e-01  
7.625e-02  8.962e-01  
8.489e-02  8.962e-01  
8.489e-02  8.962e-01  
7.212e-02  8.962e-01  
7.419e-02  8.962e-01  
6.784e-02  8.962e-01  
4.052e-02  8.962e-01  
4.729e-02  8.962e-01  
4.729e-02  8.962e-01  
3.002e-02  8.962e-01  
4.052e-02  8.962e-01  
3.480e-02  8.962e-01  
2.675e-02  8.967e-01  
2.164e-02  8.968e-01  
1.920e-02  8.968e-01  
1.349e-02  8.971e-01  
8.368e-03  9.342e-01  
4.397e-03  9.567e-01  
