5.966e+00  5.416e+00  
4.857e+00  6.018e+00  
1.007e+01  7.160e+00  
9.990e+00  6.761e+00  
6.725e+00  7.859e+00  
4.564e+00  4.785e+00  
8.267e+00  5.707e+00  
6.635e+00  6.197e+00  
5.839e+00  8.382e+00  
5.539e+00  4.523e+00  
5.503e+00  9.840e+00  
5.657e+00  7.250e+00  
6.070e+00  4.269e+00  
6.045e+00  3.936e+00  
5.580e+00  4.719e+00  
6.956e+00  6.335e+00  
4.779e+00  5.495e+00  
4.790e+00  5.232e+00  
4.311e+00  4.644e+00  
7.226e+00  5.413e+00  
7.106e+00  7.111e+00  
6.976e+00  7.160e+00  
5.568e+00  4.636e+00  
4.802e+00  6.216e+00  
7.672e+00  6.572e+00  
6.976e+00  5.121e+00  
5.125e+00  4.433e+00  
6.721e+00  6.603e+00  
5.076e+00  4.478e+00  
5.022e+00  5.037e+00  
6.082e+00  5.570e+00  
5.447e+00  5.039e+00  
7.005e+00  5.815e+00  
6.161e+00  4.692e+00  
8.890e+00  7.568e+00  
7.603e+00  7.461e+00  
7.738e+00  5.322e+00  
4.391e+00  4.443e+00  
5.932e+00  4.934e+00  
7.694e+00  8.687e+00  
4.555e+00  4.567e+00  
5.393e+00  5.239e+00  
4.831e+00  4.846e+00  
6.852e+00  3.619e+00  
5.956e+00  4.307e+00  
5.019e+00  3.921e+00  
6.955e+00  4.065e+00  
5.497e+00  4.834e+00  
5.041e+00  4.453e+00  
5.488e+00  5.247e+00  
5.651e+00  4.870e+00  
7.096e+00  8.080e+00  
5.970e+00  5.368e+00  
5.387e+00  6.088e+00  
5.310e+00  5.467e+00  
5.413e+00  4.629e+00  
8.210e+00  6.677e+00  
5.580e+00  4.730e+00  
6.739e+00  8.266e+00  
6.667e+00  5.166e+00  
4.776e+00  7.157e+00  
4.966e+00  5.507e+00  
5.427e+00  4.228e+00  
5.630e+00  5.990e+00  
5.302e+00  4.777e+00  
5.424e+00  4.498e+00  
7.579e+00  5.381e+00  
7.715e+00  6.101e+00  
6.241e+00  4.717e+00  
6.959e+00  5.978e+00  
5.974e+00  3.825e+00  
5.839e+00  4.653e+00  
8.347e+00  8.647e+00  
6.597e+00  5.275e+00  
4.853e+00  4.407e+00  
8.860e+00  9.118e+00  
6.056e+00  5.607e+00  
5.499e+00  6.563e+00  
5.201e+00  4.948e+00  
5.075e+00  4.657e+00  
6.936e+00  5.248e+00  
4.667e+00  7.853e+00  
7.691e+00  8.393e+00  
5.332e+00  4.733e+00  
5.518e+00  6.442e+00  
4.608e+00  3.945e+00  
6.514e+00  4.643e+00  
5.705e+00  3.880e+00  
6.760e+00  6.266e+00  
5.161e+00  5.066e+00  
6.605e+00  4.711e+00  
7.388e+00  8.031e+00  
4.500e+00  5.099e+00  
5.796e+00  6.750e+00  
5.336e+00  3.661e+00  
5.421e+00  4.761e+00  
8.978e+00  8.764e+00  
5.047e+00  4.393e+00  
4.786e+00  5.763e+00  
5.375e+00  4.700e+00  
3.537e-01  4.053e-01  
3.537e-01  4.053e-01  
3.537e-01  4.053e-01  
3.537e-01  4.053e-01  
3.537e-01  4.053e-01  
3.537e-01  4.053e-01  
3.537e-01  4.053e-01  
3.537e-01  4.053e-01  
3.537e-01  4.053e-01  
3.537e-01  4.053e-01  
3.537e-01  4.053e-01  
3.537e-01  4.053e-01  
3.537e-01  4.053e-01  
3.537e-01  4.053e-01  
3.537e-01  4.053e-01  
3.537e-01  4.053e-01  
3.537e-01  4.053e-01  
3.537e-01  4.053e-01  
3.537e-01  4.053e-01  
3.537e-01  4.053e-01  
3.537e-01  4.053e-01  
3.537e-01  4.053e-01  
3.537e-01  4.053e-01  
3.537e-01  4.053e-01  
3.537e-01  4.053e-01  
3.537e-01  4.053e-01  
3.537e-01  4.053e-01  
3.537e-01  4.053e-01  
3.537e-01  4.053e-01  
3.537e-01  4.053e-01  
3.537e-01  4.053e-01  
3.537e-01  4.053e-01  
3.537e-01  4.053e-01  
3.537e-01  4.053e-01  
3.537e-01  4.053e-01  
3.537e-01  4.053e-01  
3.537e-01  4.053e-01  
3.537e-01  4.053e-01  
3.537e-01  4.053e-01  
3.537e-01  4.053e-01  
3.537e-01  4.053e-01  
3.537e-01  4.053e-01  
3.537e-01  4.053e-01  
3.537e-01  4.053e-01  
3.537e-01  4.053e-01  
3.537e-01  4.053e-01  
3.537e-01  4.053e-01  
3.537e-01  4.053e-01  
3.537e-01  4.053e-01  
3.537e-01  4.053e-01  
3.537e-01  4.053e-01  
3.537e-01  4.053e-01  
3.537e-01  4.053e-01  
3.537e-01  4.053e-01  
3.537e-01  4.053e-01  
3.537e-01  4.053e-01  
3.537e-01  4.053e-01  
3.537e-01  4.053e-01  
3.537e-01  4.053e-01  
3.537e-01  4.053e-01  
3.537e-01  4.053e-01  
3.537e-01  4.053e-01  
3.537e-01  4.053e-01  
3.537e-01  4.053e-01  
3.537e-01  4.053e-01  
3.537e-01  4.053e-01  
3.537e-01  4.053e-01  
3.537e-01  4.053e-01  
3.537e-01  4.053e-01  
3.537e-01  4.053e-01  
3.537e-01  4.053e-01  
3.537e-01  4.053e-01  
3.537e-01  4.053e-01  
3.537e-01  4.053e-01  
3.537e-01  4.053e-01  
3.537e-01  4.053e-01  
3.537e-01  4.053e-01  
3.537e-01  4.053e-01  
3.537e-01  4.053e-01  
3.537e-01  4.053e-01  
3.537e-01  4.053e-01  
3.537e-01  4.053e-01  
3.537e-01  4.053e-01  
3.537e-01  4.053e-01  
3.537e-01  4.053e-01  
3.537e-01  4.053e-01  
3.537e-01  4.053e-01  
3.537e-01  4.053e-01  
3.537e-01  4.053e-01  
3.537e-01  4.053e-01  
3.537e-01  4.053e-01  
3.537e-01  4.053e-01  
3.537e-01  4.053e-01  
3.537e-01  4.053e-01  
3.537e-01  4.053e-01  
3.537e-01  4.053e-01  
3.537e-01  4.053e-01  
3.537e-01  4.053e-01  
3.537e-01  4.053e-01  
3.537e-01  4.053e-01  
3.537e-01  4.053e-01  
3.537e-01  4.053e-01  
3.537e-01  4.053e-01  
3.537e-01  4.053e-01  
3.537e-01  4.053e-01  
3.537e-01  4.053e-01  
3.537e-01  4.053e-01  
3.537e-01  4.053e-01  
3.537e-01  4.053e-01  
3.537e-01  4.053e-01  
3.537e-01  4.053e-01  
3.537e-01  4.053e-01  
3.537e-01  4.053e-01  
3.537e-01  4.053e-01  
3.537e-01  4.053e-01  
3.537e-01  4.053e-01  
3.537e-01  4.053e-01  
3.537e-01  4.053e-01  
3.537e-01  4.053e-01  
3.537e-01  4.053e-01  
3.537e-01  4.053e-01  
3.537e-01  4.053e-01  
3.537e-01  4.053e-01  
3.537e-01  4.053e-01  
3.537e-01  4.053e-01  
3.537e-01  4.053e-01  
3.537e-01  4.053e-01  
3.537e-01  4.053e-01  
3.537e-01  4.053e-01  
3.537e-01  4.053e-01  
3.537e-01  4.053e-01  
3.537e-01  4.053e-01  
3.537e-01  4.053e-01  
3.537e-01  4.053e-01  
3.537e-01  4.053e-01  
3.537e-01  4.053e-01  
3.537e-01  4.053e-01  
3.537e-01  4.053e-01  
3.537e-01  4.053e-01  
3.537e-01  4.053e-01  
3.537e-01  4.053e-01  
3.537e-01  4.053e-01  
3.537e-01  4.053e-01  
3.537e-01  4.053e-01  
3.537e-01  4.053e-01  
3.537e-01  4.053e-01  
3.537e-01  4.053e-01  
3.537e-01  4.053e-01  
3.537e-01  4.053e-01  
3.537e-01  4.053e-01  
3.537e-01  4.053e-01  
3.537e-01  4.053e-01  
3.537e-01  4.053e-01  
3.537e-01  4.053e-01  
3.537e-01  4.053e-01  
3.537e-01  4.053e-01  
3.537e-01  4.053e-01  
3.537e-01  4.053e-01  
3.537e-01  4.053e-01  
3.537e-01  4.053e-01  
3.537e-01  4.053e-01  
3.537e-01  4.053e-01  
3.537e-01  4.053e-01  
3.537e-01  4.053e-01  
3.537e-01  4.053e-01  
3.537e-01  4.053e-01  
3.537e-01  4.053e-01  
3.537e-01  4.053e-01  
3.537e-01  4.053e-01  
3.537e-01  4.053e-01  
3.537e-01  4.053e-01  
3.537e-01  4.053e-01  
3.537e-01  4.053e-01  
3.537e-01  4.053e-01  
3.537e-01  4.053e-01  
3.537e-01  4.053e-01  
3.537e-01  4.053e-01  
3.537e-01  4.053e-01  
3.537e-01  4.053e-01  
3.537e-01  4.053e-01  
3.537e-01  4.053e-01  
3.537e-01  4.053e-01  
3.537e-01  4.053e-01  
3.537e-01  4.053e-01  
3.537e-01  4.053e-01  
3.537e-01  4.053e-01  
3.537e-01  4.053e-01  
3.537e-01  4.053e-01  
3.537e-01  4.053e-01  
3.537e-01  4.053e-01  
3.537e-01  4.053e-01  
3.537e-01  4.053e-01  
3.537e-01  4.053e-01  
3.537e-01  4.053e-01  
3.537e-01  4.053e-01  
3.537e-01  4.053e-01  
3.537e-01  4.053e-01  
3.537e-01  4.053e-01  
3.537e-01  4.053e-01  
3.537e-01  4.053e-01  
3.537e-01  4.053e-01  
3.537e-01  4.053e-01  
3.537e-01  4.053e-01  
3.537e-01  4.053e-01  
3.537e-01  4.053e-01  
3.537e-01  4.053e-01  
3.537e-01  4.053e-01  
3.537e-01  4.053e-01  
3.537e-01  4.053e-01  
3.537e-01  4.053e-01  
3.537e-01  4.053e-01  
3.537e-01  4.053e-01  
3.537e-01  4.053e-01  
3.537e-01  4.053e-01  
3.537e-01  4.053e-01  
3.537e-01  4.053e-01  
3.537e-01  4.053e-01  
3.537e-01  4.053e-01  
3.537e-01  4.053e-01  
3.537e-01  4.053e-01  
3.537e-01  4.053e-01  
3.537e-01  4.053e-01  
3.537e-01  4.053e-01  
3.537e-01  4.053e-01  
3.537e-01  4.053e-01  
3.537e-01  4.053e-01  
3.537e-01  4.053e-01  
3.537e-01  4.053e-01  
3.537e-01  4.053e-01  
3.537e-01  4.053e-01  
3.537e-01  4.053e-01  
3.537e-01  4.053e-01  
3.537e-01  4.053e-01  
3.537e-01  4.053e-01  
3.537e-01  4.053e-01  
3.537e-01  4.053e-01  
3.537e-01  4.053e-01  
3.537e-01  4.053e-01  
3.537e-01  4.053e-01  
3.537e-01  4.053e-01  
3.537e-01  4.053e-01  
3.537e-01  4.053e-01  
3.537e-01  4.053e-01  
3.537e-01  4.053e-01  
3.537e-01  4.053e-01  
3.537e-01  4.053e-01  
3.537e-01  4.053e-01  
3.537e-01  4.053e-01  
3.537e-01  4.053e-01  
3.537e-01  4.053e-01  
3.537e-01  4.053e-01  
3.537e-01  4.053e-01  
3.537e-01  4.053e-01  
3.537e-01  4.053e-01  
3.537e-01  4.053e-01  
3.537e-01  4.053e-01  
3.537e-01  4.053e-01  
3.537e-01  4.053e-01  
3.537e-01  4.053e-01  
3.537e-01  4.053e-01  
3.537e-01  4.053e-01  
3.537e-01  4.053e-01  
3.537e-01  4.053e-01  
3.537e-01  4.053e-01  
3.537e-01  4.053e-01  
3.537e-01  4.053e-01  
3.537e-01  4.053e-01  
3.537e-01  4.053e-01  
3.537e-01  4.053e-01  
3.537e-01  4.053e-01  
3.537e-01  4.053e-01  
3.537e-01  4.053e-01  
3.537e-01  4.053e-01  
3.537e-01  4.053e-01  
3.537e-01  4.053e-01  
3.537e-01  4.053e-01  
3.537e-01  4.053e-01  
3.537e-01  4.053e-01  
3.537e-01  4.053e-01  
3.537e-01  4.053e-01  
3.537e-01  4.053e-01  
3.537e-01  4.053e-01  
3.537e-01  4.053e-01  
3.537e-01  4.053e-01  
3.537e-01  4.053e-01  
3.537e-01  4.053e-01  
3.537e-01  4.053e-01  
3.537e-01  4.053e-01  
3.537e-01  4.053e-01  
3.537e-01  4.053e-01  
3.537e-01  4.053e-01  
3.537e-01  4.053e-01  
3.537e-01  4.053e-01  
3.537e-01  4.053e-01  
3.537e-01  4.053e-01  
3.537e-01  4.053e-01  
3.537e-01  4.053e-01  
3.537e-01  4.053e-01  
3.537e-01  4.053e-01  
3.537e-01  4.053e-01  
3.537e-01  4.053e-01  
3.537e-01  4.053e-01  
3.537e-01  4.053e-01  
3.537e-01  4.053e-01  
3.537e-01  4.053e-01  
3.537e-01  4.053e-01  
3.537e-01  4.053e-01  
3.537e-01  4.053e-01  
3.537e-01  4.053e-01  
3.537e-01  4.053e-01  
3.537e-01  4.053e-01  
3.537e-01  4.053e-01  
3.537e-01  4.053e-01  
3.537e-01  4.053e-01  
3.537e-01  4.053e-01  
3.537e-01  4.053e-01  
3.537e-01  4.053e-01  
3.537e-01  4.053e-01  
3.537e-01  4.053e-01  
3.537e-01  4.053e-01  
3.537e-01  4.053e-01  
3.537e-01  4.053e-01  
3.537e-01  4.053e-01  
3.537e-01  4.053e-01  
3.537e-01  4.053e-01  
3.537e-01  4.053e-01  
3.537e-01  4.053e-01  
3.537e-01  4.053e-01  
3.537e-01  4.053e-01  
3.537e-01  4.053e-01  
3.537e-01  4.053e-01  
3.537e-01  4.053e-01  
3.537e-01  4.053e-01  
3.537e-01  4.053e-01  
3.537e-01  4.053e-01  
3.537e-01  4.053e-01  
3.537e-01  4.053e-01  
3.537e-01  4.053e-01  
3.537e-01  4.053e-01  
3.537e-01  4.053e-01  
3.537e-01  4.053e-01  
3.537e-01  4.053e-01  
3.537e-01  4.053e-01  
3.537e-01  4.053e-01  
3.537e-01  4.053e-01  
3.537e-01  4.053e-01  
3.537e-01  4.053e-01  
3.537e-01  4.053e-01  
3.537e-01  4.053e-01  
3.537e-01  4.053e-01  
3.537e-01  4.053e-01  
3.537e-01  4.053e-01  
3.537e-01  4.053e-01  
3.537e-01  4.053e-01  
3.537e-01  4.053e-01  
3.537e-01  4.053e-01  
3.537e-01  4.053e-01  
3.537e-01  4.053e-01  
3.537e-01  4.053e-01  
3.537e-01  4.053e-01  
3.537e-01  4.053e-01  
3.537e-01  4.053e-01  
3.537e-01  4.053e-01  
3.537e-01  4.053e-01  
3.537e-01  4.053e-01  
3.537e-01  4.053e-01  
3.537e-01  4.053e-01  
3.537e-01  4.053e-01  
3.537e-01  4.053e-01  
3.537e-01  4.053e-01  
3.537e-01  4.053e-01  
3.537e-01  4.053e-01  
3.537e-01  4.053e-01  
3.537e-01  4.053e-01  
3.537e-01  4.053e-01  
3.537e-01  4.053e-01  
3.537e-01  4.053e-01  
3.537e-01  4.053e-01  
3.537e-01  4.053e-01  
3.537e-01  4.053e-01  
3.537e-01  4.053e-01  
3.537e-01  4.053e-01  
3.537e-01  4.053e-01  
3.537e-01  4.053e-01  
3.537e-01  4.053e-01  
3.537e-01  4.053e-01  
3.537e-01  4.053e-01  
3.537e-01  4.053e-01  
3.537e-01  4.053e-01  
3.537e-01  4.053e-01  
3.537e-01  4.053e-01  
3.537e-01  4.053e-01  
3.537e-01  4.053e-01  
3.537e-01  4.053e-01  
3.537e-01  4.053e-01  
3.537e-01  4.053e-01  
3.537e-01  4.053e-01  
3.537e-01  4.053e-01  
3.537e-01  4.053e-01  
3.537e-01  4.053e-01  
3.537e-01  4.053e-01  
3.537e-01  4.053e-01  
3.537e-01  4.053e-01  
3.537e-01  4.053e-01  
3.537e-01  4.053e-01  
3.537e-01  4.053e-01  
3.537e-01  4.053e-01  
3.537e-01  4.053e-01  
3.537e-01  4.053e-01  
3.537e-01  4.053e-01  
3.537e-01  4.053e-01  
3.537e-01  4.053e-01  
3.537e-01  4.053e-01  
3.537e-01  4.053e-01  
3.537e-01  4.053e-01  
3.537e-01  4.053e-01  
3.537e-01  4.053e-01  
3.537e-01  4.053e-01  
3.537e-01  4.053e-01  
3.537e-01  4.053e-01  
3.537e-01  4.053e-01  
3.537e-01  4.053e-01  
3.537e-01  4.053e-01  
3.537e-01  4.053e-01  
3.537e-01  4.053e-01  
3.537e-01  4.053e-01  
3.537e-01  4.053e-01  
3.537e-01  4.053e-01  
3.537e-01  4.053e-01  
3.537e-01  4.053e-01  
3.537e-01  4.053e-01  
3.537e-01  4.053e-01  
3.537e-01  4.053e-01  
3.537e-01  4.053e-01  
3.537e-01  4.053e-01  
3.537e-01  4.053e-01  
3.537e-01  4.053e-01  
3.537e-01  4.053e-01  
3.537e-01  4.053e-01  
3.537e-01  4.053e-01  
3.537e-01  4.053e-01  
3.537e-01  4.053e-01  
3.537e-01  4.053e-01  
3.537e-01  4.053e-01  
3.537e-01  4.053e-01  
3.537e-01  4.053e-01  
3.537e-01  4.053e-01  
3.537e-01  4.053e-01  
3.537e-01  4.053e-01  
3.537e-01  4.053e-01  
3.537e-01  4.053e-01  
3.537e-01  4.053e-01  
3.537e-01  4.053e-01  
3.537e-01  4.053e-01  
3.537e-01  4.053e-01  
3.537e-01  4.053e-01  
3.537e-01  4.053e-01  
3.537e-01  4.053e-01  
3.537e-01  4.053e-01  
3.537e-01  4.053e-01  
3.537e-01  4.053e-01  
3.537e-01  4.053e-01  
3.537e-01  4.053e-01  
3.537e-01  4.053e-01  
3.537e-01  4.053e-01  
3.537e-01  4.053e-01  
3.537e-01  4.053e-01  
3.537e-01  4.053e-01  
3.537e-01  4.053e-01  
3.537e-01  4.053e-01  
3.537e-01  4.053e-01  
3.537e-01  4.053e-01  
3.537e-01  4.053e-01  
3.537e-01  4.053e-01  
3.537e-01  4.053e-01  
3.537e-01  4.053e-01  
3.537e-01  4.053e-01  
3.537e-01  4.053e-01  
3.537e-01  4.053e-01  
3.537e-01  4.053e-01  
3.537e-01  4.053e-01  
3.537e-01  4.053e-01  
3.537e-01  4.053e-01  
3.537e-01  4.053e-01  
3.537e-01  4.053e-01  
3.537e-01  4.053e-01  
3.537e-01  4.053e-01  
3.537e-01  4.053e-01  
3.537e-01  4.053e-01  
3.537e-01  4.053e-01  
3.537e-01  4.053e-01  
3.537e-01  4.053e-01  
3.537e-01  4.053e-01  
3.537e-01  4.053e-01  
3.537e-01  4.053e-01  
3.537e-01  4.053e-01  
3.537e-01  4.053e-01  
3.537e-01  4.053e-01  
3.537e-01  4.053e-01  
3.537e-01  4.053e-01  
7.665e-01  3.954e-01  
3.286e-01  4.282e-01  
3.664e-01  3.955e-01  
3.663e-01  3.959e-01  
3.663e-01  3.961e-01  
3.663e-01  3.961e-01  
3.643e-01  3.970e-01  
3.663e-01  3.961e-01  
3.628e-01  3.980e-01  
3.626e-01  3.982e-01  
3.626e-01  3.986e-01  
3.626e-01  3.986e-01  
3.626e-01  3.986e-01  
3.626e-01  3.986e-01  
3.616e-01  3.989e-01  
3.599e-01  4.005e-01  
3.599e-01  4.006e-01  
3.599e-01  4.006e-01  
3.587e-01  4.015e-01  
3.584e-01  4.019e-01  
3.584e-01  4.023e-01  
3.584e-01  4.024e-01  
3.584e-01  4.033e-01  
3.584e-01  4.027e-01  
3.584e-01  4.033e-01  
3.584e-01  4.027e-01  
3.584e-01  4.052e-01  
3.533e-01  4.057e-01  
3.533e-01  4.057e-01  
3.533e-01  4.057e-01  
3.533e-01  4.057e-01  
3.532e-01  4.060e-01  
3.532e-01  4.063e-01  
3.532e-01  4.071e-01  
3.532e-01  4.071e-01  
3.527e-01  4.064e-01  
3.525e-01  4.065e-01  
3.502e-01  4.087e-01  
3.502e-01  4.087e-01  
3.501e-01  4.087e-01  
3.497e-01  4.089e-01  
3.497e-01  4.090e-01  
3.497e-01  4.090e-01  
3.497e-01  4.088e-01  
3.484e-01  4.112e-01  
3.484e-01  4.112e-01  
3.473e-01  4.112e-01  
3.471e-01  4.113e-01  
3.471e-01  4.113e-01  
3.465e-01  4.124e-01  
3.458e-01  4.124e-01  
3.454e-01  4.124e-01  
3.454e-01  4.124e-01  
3.454e-01  4.124e-01  
3.454e-01  4.124e-01  
3.425e-01  4.150e-01  
3.425e-01  4.150e-01  
3.425e-01  4.150e-01  
3.425e-01  4.150e-01  
3.423e-01  4.150e-01  
3.423e-01  4.150e-01  
3.423e-01  4.150e-01  
3.411e-01  4.166e-01  
3.411e-01  4.166e-01  
3.405e-01  4.166e-01  
3.404e-01  4.166e-01  
3.394e-01  4.180e-01  
3.394e-01  4.180e-01  
3.392e-01  4.180e-01  
3.392e-01  4.180e-01  
3.364e-01  4.201e-01  
3.364e-01  4.201e-01  
3.364e-01  4.201e-01  
3.364e-01  4.201e-01  
3.364e-01  4.201e-01  
3.364e-01  4.201e-01  
3.364e-01  4.201e-01  
3.358e-01  4.207e-01  
3.358e-01  4.207e-01  
3.353e-01  4.214e-01  
3.350e-01  4.214e-01  
3.347e-01  4.218e-01  
3.345e-01  4.218e-01  
3.341e-01  4.224e-01  
3.335e-01  4.231e-01  
3.334e-01  4.231e-01  
3.331e-01  4.232e-01  
3.324e-01  4.237e-01  
3.324e-01  4.237e-01  
3.314e-01  4.247e-01  
3.314e-01  4.247e-01  
3.313e-01  4.247e-01  
3.308e-01  4.255e-01  
3.306e-01  4.256e-01  
3.295e-01  4.269e-01  
3.295e-01  4.269e-01  
3.295e-01  4.269e-01  
3.293e-01  4.269e-01  
3.288e-01  4.279e-01  
3.286e-01  4.283e-01  
1.116e+00  3.905e-01  
3.276e-01  4.281e-01  
3.719e-01  3.908e-01  
3.719e-01  3.911e-01  
3.718e-01  3.915e-01  
3.718e-01  3.915e-01  
3.719e-01  3.912e-01  
3.689e-01  3.929e-01  
3.689e-01  3.929e-01  
3.680e-01  3.938e-01  
3.679e-01  3.942e-01  
3.680e-01  3.947e-01  
3.667e-01  3.951e-01  
3.666e-01  3.956e-01  
3.666e-01  3.958e-01  
3.666e-01  3.958e-01  
3.650e-01  3.969e-01  
3.651e-01  3.970e-01  
3.626e-01  3.980e-01  
3.622e-01  3.985e-01  
3.621e-01  3.985e-01  
3.621e-01  3.989e-01  
3.615e-01  3.992e-01  
3.615e-01  3.993e-01  
3.599e-01  4.003e-01  
3.610e-01  4.002e-01  
3.589e-01  4.012e-01  
3.588e-01  4.013e-01  
3.588e-01  4.013e-01  
3.577e-01  4.025e-01  
3.576e-01  4.031e-01  
3.575e-01  4.033e-01  
3.574e-01  4.039e-01  
3.574e-01  4.039e-01  
3.547e-01  4.046e-01  
3.547e-01  4.047e-01  
3.546e-01  4.047e-01  
3.546e-01  4.047e-01  
3.529e-01  4.064e-01  
3.524e-01  4.065e-01  
3.524e-01  4.065e-01  
3.523e-01  4.065e-01  
3.523e-01  4.065e-01  
3.509e-01  4.080e-01  
3.506e-01  4.081e-01  
3.505e-01  4.083e-01  
3.505e-01  4.084e-01  
3.505e-01  4.084e-01  
3.482e-01  4.103e-01  
3.482e-01  4.103e-01  
3.480e-01  4.104e-01  
3.468e-01  4.113e-01  
3.468e-01  4.113e-01  
3.468e-01  4.114e-01  
3.454e-01  4.124e-01  
3.459e-01  4.134e-01  
3.438e-01  4.141e-01  
3.450e-01  4.133e-01  
3.438e-01  4.141e-01  
3.438e-01  4.141e-01  
3.431e-01  4.143e-01  
3.423e-01  4.150e-01  
3.423e-01  4.150e-01  
3.423e-01  4.150e-01  
3.423e-01  4.150e-01  
3.404e-01  4.166e-01  
3.407e-01  4.175e-01  
3.407e-01  4.175e-01  
3.401e-01  4.175e-01  
3.393e-01  4.180e-01  
3.392e-01  4.180e-01  
3.392e-01  4.180e-01  
3.384e-01  4.192e-01  
3.380e-01  4.192e-01  
3.376e-01  4.192e-01  
3.364e-01  4.201e-01  
3.364e-01  4.201e-01  
3.358e-01  4.207e-01  
3.361e-01  4.208e-01  
3.350e-01  4.214e-01  
3.350e-01  4.214e-01  
3.347e-01  4.218e-01  
3.343e-01  4.222e-01  
3.336e-01  4.227e-01  
3.335e-01  4.227e-01  
3.332e-01  4.231e-01  
3.323e-01  4.237e-01  
3.323e-01  4.237e-01  
3.318e-01  4.246e-01  
3.315e-01  4.246e-01  
3.312e-01  4.246e-01  
3.303e-01  4.255e-01  
3.303e-01  4.255e-01  
3.296e-01  4.261e-01  
3.296e-01  4.261e-01  
3.281e-01  4.279e-01  
3.281e-01  4.279e-01  
3.281e-01  4.279e-01  
3.281e-01  4.279e-01  
3.277e-01  4.281e-01  
3.744e-01  3.892e-01  
3.252e-01  4.329e-01  
3.742e-01  3.894e-01  
3.742e-01  3.895e-01  
3.724e-01  3.902e-01  
3.717e-01  3.909e-01  
3.717e-01  3.909e-01  
3.711e-01  3.917e-01  
3.708e-01  3.923e-01  
3.708e-01  3.924e-01  
3.708e-01  3.924e-01  
3.680e-01  3.936e-01  
3.679e-01  3.940e-01  
3.679e-01  3.940e-01  
3.679e-01  3.940e-01  
3.666e-01  3.955e-01  
3.652e-01  3.962e-01  
3.652e-01  3.962e-01  
3.648e-01  3.967e-01  
3.643e-01  3.972e-01  
3.627e-01  3.978e-01  
3.627e-01  3.979e-01  
3.620e-01  3.984e-01  
3.620e-01  3.986e-01  
3.620e-01  3.986e-01  
3.600e-01  4.001e-01  
3.600e-01  4.001e-01  
3.589e-01  4.011e-01  
3.589e-01  4.012e-01  
3.577e-01  4.020e-01  
3.577e-01  4.020e-01  
3.577e-01  4.020e-01  
3.570e-01  4.027e-01  
3.570e-01  4.034e-01  
3.550e-01  4.043e-01  
3.550e-01  4.044e-01  
3.550e-01  4.044e-01  
3.546e-01  4.046e-01  
3.530e-01  4.061e-01  
3.529e-01  4.061e-01  
3.529e-01  4.061e-01  
3.518e-01  4.073e-01  
3.518e-01  4.073e-01  
3.505e-01  4.081e-01  
3.505e-01  4.083e-01  
3.505e-01  4.083e-01  
3.502e-01  4.100e-01  
3.498e-01  4.089e-01  
3.492e-01  4.112e-01  
3.482e-01  4.103e-01  
3.482e-01  4.103e-01  
3.458e-01  4.124e-01  
3.468e-01  4.113e-01  
3.458e-01  4.124e-01  
3.455e-01  4.125e-01  
3.455e-01  4.125e-01  
3.442e-01  4.137e-01  
3.440e-01  4.137e-01  
3.440e-01  4.137e-01  
3.416e-01  4.156e-01  
3.416e-01  4.156e-01  
3.423e-01  4.150e-01  
3.416e-01  4.156e-01  
3.416e-01  4.156e-01  
3.416e-01  4.156e-01  
3.416e-01  4.156e-01  
3.416e-01  4.156e-01  
3.407e-01  4.175e-01  
3.401e-01  4.175e-01  
3.393e-01  4.180e-01  
3.392e-01  4.180e-01  
3.389e-01  4.184e-01  
3.387e-01  4.186e-01  
3.378e-01  4.192e-01  
3.376e-01  4.192e-01  
3.364e-01  4.201e-01  
3.364e-01  4.201e-01  
3.326e-01  4.261e-01  
3.300e-01  4.261e-01  
3.337e-01  4.261e-01  
3.326e-01  4.261e-01  
3.337e-01  4.261e-01  
3.308e-01  4.261e-01  
3.301e-01  4.261e-01  
3.301e-01  4.261e-01  
3.308e-01  4.261e-01  
3.311e-01  4.261e-01  
3.300e-01  4.261e-01  
3.299e-01  4.261e-01  
3.296e-01  4.261e-01  
3.291e-01  4.266e-01  
3.287e-01  4.281e-01  
3.281e-01  4.281e-01  
3.278e-01  4.281e-01  
3.275e-01  4.281e-01  
3.266e-01  4.300e-01  
3.266e-01  4.300e-01  
3.262e-01  4.303e-01  
3.255e-01  4.326e-01  
3.254e-01  4.328e-01  
5.740e-01  3.891e-01  
3.191e-01  4.379e-01  
3.738e-01  3.892e-01  
3.738e-01  3.892e-01  
3.724e-01  3.902e-01  
3.724e-01  3.901e-01  
3.717e-01  3.909e-01  
3.711e-01  3.917e-01  
3.703e-01  3.921e-01  
3.703e-01  3.921e-01  
3.703e-01  3.921e-01  
3.680e-01  3.936e-01  
3.669e-01  3.947e-01  
3.669e-01  3.948e-01  
3.669e-01  3.959e-01  
3.666e-01  3.955e-01  
3.652e-01  3.962e-01  
3.652e-01  3.962e-01  
3.627e-01  3.978e-01  
3.627e-01  3.979e-01  
3.627e-01  3.983e-01  
3.627e-01  3.983e-01  
3.620e-01  3.984e-01  
3.620e-01  3.986e-01  
3.620e-01  3.986e-01  
3.600e-01  4.001e-01  
3.600e-01  4.001e-01  
3.589e-01  4.011e-01  
3.589e-01  4.011e-01  
3.577e-01  4.020e-01  
3.550e-01  4.043e-01  
3.550e-01  4.043e-01  
3.550e-01  4.045e-01  
3.550e-01  4.045e-01  
3.529e-01  4.062e-01  
3.528e-01  4.063e-01  
3.522e-01  4.068e-01  
3.513e-01  4.076e-01  
3.511e-01  4.076e-01  
3.506e-01  4.082e-01  
3.504e-01  4.087e-01  
3.498e-01  4.088e-01  
3.498e-01  4.089e-01  
3.498e-01  4.089e-01  
3.462e-01  4.117e-01  
3.462e-01  4.117e-01  
3.462e-01  4.117e-01  
3.462e-01  4.117e-01  
3.455e-01  4.126e-01  
3.441e-01  4.136e-01  
3.441e-01  4.136e-01  
3.441e-01  4.137e-01  
3.429e-01  4.148e-01  
3.426e-01  4.149e-01  
3.422e-01  4.153e-01  
3.417e-01  4.160e-01  
3.403e-01  4.172e-01  
3.401e-01  4.172e-01  
3.399e-01  4.172e-01  
3.398e-01  4.173e-01  
3.386e-01  4.187e-01  
3.384e-01  4.188e-01  
3.379e-01  4.197e-01  
3.372e-01  4.197e-01  
3.371e-01  4.198e-01  
3.358e-01  4.211e-01  
3.357e-01  4.211e-01  
3.355e-01  4.211e-01  
3.333e-01  4.232e-01  
3.333e-01  4.232e-01  
3.333e-01  4.232e-01  
3.332e-01  4.232e-01  
3.323e-01  4.242e-01  
3.320e-01  4.242e-01  
3.308e-01  4.250e-01  
3.308e-01  4.250e-01  
3.307e-01  4.250e-01  
3.301e-01  4.256e-01  
3.290e-01  4.275e-01  
3.290e-01  4.275e-01  
3.284e-01  4.275e-01  
3.282e-01  4.275e-01  
3.276e-01  4.282e-01  
3.269e-01  4.284e-01  
3.268e-01  4.284e-01  
3.242e-01  4.309e-01  
3.242e-01  4.309e-01  
3.242e-01  4.309e-01  
3.242e-01  4.309e-01  
3.242e-01  4.309e-01  
3.233e-01  4.320e-01  
3.227e-01  4.320e-01  
3.227e-01  4.320e-01  
3.221e-01  4.340e-01  
3.214e-01  4.340e-01  
3.212e-01  4.340e-01  
3.204e-01  4.378e-01  
3.202e-01  4.378e-01  
3.199e-01  4.378e-01  
3.193e-01  4.379e-01  
1.202e+00  3.890e-01  
3.101e-01  1.251e+00  
3.738e-01  3.892e-01  
3.738e-01  3.897e-01  
3.724e-01  3.902e-01  
3.720e-01  3.910e-01  
3.717e-01  3.909e-01  
3.711e-01  3.917e-01  
3.703e-01  3.921e-01  
3.703e-01  3.921e-01  
3.703e-01  3.921e-01  
3.673e-01  3.950e-01  
3.669e-01  3.950e-01  
3.669e-01  3.948e-01  
3.658e-01  3.969e-01  
3.657e-01  3.977e-01  
3.620e-01  3.984e-01  
3.620e-01  3.984e-01  
3.612e-01  3.991e-01  
3.612e-01  3.996e-01  
3.612e-01  4.000e-01  
3.589e-01  4.011e-01  
3.588e-01  4.016e-01  
3.588e-01  4.022e-01  
3.588e-01  4.022e-01  
3.588e-01  4.019e-01  
3.588e-01  4.032e-01  
3.588e-01  4.021e-01  
3.588e-01  4.032e-01  
3.570e-01  4.067e-01  
3.550e-01  4.043e-01  
3.511e-01  4.075e-01  
3.511e-01  4.075e-01  
3.511e-01  4.076e-01  
3.511e-01  4.076e-01  
3.511e-01  4.075e-01  
3.498e-01  4.102e-01  
3.488e-01  4.103e-01  
3.472e-01  4.110e-01  
3.472e-01  4.110e-01  
3.472e-01  4.110e-01  
3.438e-01  4.138e-01  
3.437e-01  4.138e-01  
3.437e-01  4.138e-01  
3.437e-01  4.138e-01  
3.424e-01  4.152e-01  
3.422e-01  4.152e-01  
3.422e-01  4.152e-01  
3.422e-01  4.152e-01  
3.381e-01  4.188e-01  
3.381e-01  4.188e-01  
3.381e-01  4.188e-01  
3.381e-01  4.188e-01  
3.379e-01  4.189e-01  
3.379e-01  4.189e-01  
3.379e-01  4.189e-01  
3.372e-01  4.197e-01  
3.370e-01  4.197e-01  
3.312e-01  4.256e-01  
3.312e-01  4.256e-01  
3.325e-01  4.237e-01  
3.324e-01  4.237e-01  
3.324e-01  4.237e-01  
3.312e-01  4.256e-01  
3.311e-01  4.256e-01  
3.304e-01  4.256e-01  
3.294e-01  4.263e-01  
3.294e-01  4.263e-01  
3.294e-01  4.263e-01  
3.294e-01  4.263e-01  
3.264e-01  4.321e-01  
3.255e-01  4.321e-01  
3.255e-01  4.321e-01  
3.247e-01  4.321e-01  
3.237e-01  4.321e-01  
3.237e-01  4.321e-01  
3.237e-01  4.321e-01  
3.230e-01  4.321e-01  
3.216e-01  4.335e-01  
3.216e-01  4.335e-01  
3.213e-01  4.335e-01  
3.211e-01  4.335e-01  
3.192e-01  4.354e-01  
3.192e-01  4.354e-01  
3.192e-01  4.354e-01  
3.167e-01  4.384e-01  
3.178e-01  4.384e-01  
3.167e-01  4.384e-01  
3.167e-01  4.384e-01  
3.161e-01  4.384e-01  
3.151e-01  4.394e-01  
3.151e-01  4.394e-01  
3.131e-01  4.421e-01  
3.138e-01  4.421e-01  
3.131e-01  4.421e-01  
3.127e-01  4.421e-01  
3.121e-01  4.454e-01  
3.116e-01  4.454e-01  
3.113e-01  4.454e-01  
3.108e-01  4.500e-01  
