4.660e+01  4.642e+01  3.537e+01  
4.469e+01  4.403e+01  3.632e+01  
3.693e+01  2.999e+01  3.619e+01  
4.011e+01  3.877e+01  3.943e+01  
4.014e+01  3.399e+01  4.464e+01  
3.372e+01  3.899e+01  4.435e+01  
4.388e+01  2.357e+01  2.411e+01  
4.100e+01  2.680e+01  3.718e+01  
4.234e+01  2.308e+01  3.890e+01  
3.742e+01  3.089e+01  2.714e+01  
4.876e+01  3.103e+01  3.970e+01  
4.163e+01  3.677e+01  3.358e+01  
4.642e+01  3.685e+01  3.816e+01  
4.349e+01  3.663e+01  3.064e+01  
4.719e+01  3.682e+01  3.578e+01  
3.350e+01  3.829e+01  3.486e+01  
3.534e+01  3.373e+01  2.378e+01  
3.725e+01  3.121e+01  2.772e+01  
3.179e+01  3.307e+01  3.930e+01  
3.200e+01  3.391e+01  2.797e+01  
3.742e+01  3.263e+01  4.570e+01  
4.373e+01  4.012e+01  3.596e+01  
5.110e+01  3.200e+01  3.314e+01  
5.996e+01  3.695e+01  3.257e+01  
4.040e+01  2.544e+01  4.569e+01  
4.531e+01  3.940e+01  3.733e+01  
4.887e+01  4.107e+01  2.666e+01  
3.703e+01  4.254e+01  4.137e+01  
3.453e+01  3.191e+01  3.523e+01  
3.493e+01  3.030e+01  4.119e+01  
3.293e+01  2.535e+01  3.501e+01  
4.171e+01  3.172e+01  3.305e+01  
2.870e+01  3.568e+01  3.889e+01  
3.758e+01  3.651e+01  4.361e+01  
3.810e+01  3.604e+01  4.085e+01  
2.411e+01  3.217e+01  3.755e+01  
4.282e+01  3.824e+01  3.126e+01  
4.257e+01  2.503e+01  4.238e+01  
4.094e+01  3.717e+01  4.321e+01  
3.764e+01  3.661e+01  3.266e+01  
4.762e+01  3.547e+01  3.647e+01  
2.904e+01  3.472e+01  4.546e+01  
4.293e+01  3.677e+01  4.335e+01  
4.275e+01  3.490e+01  2.597e+01  
4.193e+01  3.091e+01  2.803e+01  
2.994e+01  3.961e+01  3.998e+01  
5.553e+01  3.485e+01  3.161e+01  
3.582e+01  2.903e+01  4.557e+01  
4.076e+01  4.180e+01  4.447e+01  
3.802e+01  3.948e+01  3.770e+01  
3.435e+01  2.715e+01  3.658e+01  
3.470e+01  4.217e+01  3.713e+01  
4.479e+01  3.871e+01  4.455e+01  
3.869e+01  3.091e+01  4.263e+01  
3.056e+01  3.182e+01  3.701e+01  
4.410e+01  3.983e+01  4.022e+01  
5.593e+01  3.779e+01  3.199e+01  
4.801e+01  3.959e+01  3.756e+01  
3.243e+01  2.474e+01  2.284e+01  
3.996e+01  3.735e+01  3.935e+01  
3.253e+01  3.086e+01  3.397e+01  
3.996e+01  3.192e+01  3.135e+01  
4.298e+01  4.806e+01  3.154e+01  
4.529e+01  5.561e+01  4.383e+01  
3.635e+01  3.856e+01  3.476e+01  
4.358e+01  4.045e+01  2.037e+01  
4.312e+01  5.173e+01  3.617e+01  
4.524e+01  3.173e+01  4.305e+01  
4.767e+01  3.205e+01  3.139e+01  
3.094e+01  2.882e+01  3.017e+01  
4.840e+01  3.610e+01  3.271e+01  
3.828e+01  3.238e+01  3.573e+01  
3.164e+01  3.596e+01  4.248e+01  
3.366e+01  3.582e+01  3.711e+01  
4.482e+01  2.960e+01  4.086e+01  
3.702e+01  4.181e+01  3.465e+01  
4.719e+01  3.322e+01  3.495e+01  
3.495e+01  3.788e+01  3.446e+01  
3.488e+01  2.954e+01  3.078e+01  
4.123e+01  2.967e+01  3.203e+01  
4.654e+01  2.956e+01  3.669e+01  
4.323e+01  4.061e+01  3.211e+01  
4.167e+01  3.065e+01  3.559e+01  
3.614e+01  3.681e+01  2.893e+01  
5.263e+01  2.875e+01  3.028e+01  
4.052e+01  3.045e+01  3.133e+01  
3.304e+01  4.360e+01  3.110e+01  
3.700e+01  3.042e+01  3.322e+01  
3.908e+01  3.509e+01  3.572e+01  
3.748e+01  3.572e+01  4.908e+01  
3.861e+01  3.988e+01  3.919e+01  
3.671e+01  3.419e+01  4.189e+01  
4.517e+01  4.049e+01  3.654e+01  
4.482e+01  4.136e+01  4.617e+01  
3.521e+01  4.691e+01  4.367e+01  
3.366e+01  4.562e+01  3.201e+01  
4.791e+01  4.174e+01  3.712e+01  
3.852e+01  3.090e+01  3.889e+01  
4.316e+01  3.883e+01  3.681e+01  
4.274e+01  2.330e+01  3.015e+01  
1.006e+00  4.268e-03  2.732e-04  
2.961e-03  1.010e+00  1.825e-04  
2.909e-03  4.124e-03  1.001e+00  
1.002e+00  4.261e-02  4.749e-04  
9.974e-01  1.092e-01  4.475e-04  
9.928e-01  4.717e-02  1.384e-01  
9.826e-01  2.043e-01  2.740e-03  
9.844e-01  1.041e-01  1.669e-01  
9.801e-01  1.948e-01  9.988e-02  
9.595e-01  3.782e-02  2.921e-01  
9.441e-01  3.429e-01  4.459e-04  
9.622e-01  1.801e-01  2.269e-01  
9.500e-01  2.975e-01  1.345e-01  
9.297e-01  8.845e-02  3.690e-01  
9.208e-01  3.952e-01  8.468e-02  
9.263e-01  1.647e-01  3.537e-01  
9.269e-01  3.127e-01  2.408e-01  
8.641e-01  3.423e-02  5.090e-01  
8.436e-01  5.466e-01  1.702e-02  
9.003e-01  2.988e-01  3.334e-01  
8.736e-01  4.659e-01  1.746e-01  
8.504e-01  1.477e-01  5.133e-01  
8.255e-01  5.686e-01  9.976e-02  
8.512e-01  2.497e-01  4.732e-01  
8.485e-01  4.506e-01  2.975e-01  
7.676e-01  4.391e-02  6.441e-01  
7.541e-01  6.642e-01  6.123e-02  
8.145e-01  3.365e-01  4.861e-01  
7.953e-01  5.495e-01  2.864e-01  
7.326e-01  1.244e-01  6.748e-01  
7.384e-01  6.596e-01  1.819e-01  
7.423e-01  2.463e-01  6.290e-01  
7.619e-01  4.984e-01  4.352e-01  
6.316e-01  2.123e-02  7.779e-01  
6.121e-01  7.987e-01  9.833e-03  
7.223e-01  4.809e-01  5.081e-01  
6.733e-01  7.060e-01  2.480e-01  
6.505e-01  2.177e-01  7.330e-01  
6.056e-01  7.973e-01  1.238e-01  
6.562e-01  3.719e-01  6.641e-01  
6.463e-01  6.506e-01  4.146e-01  
5.508e-01  1.033e-01  8.311e-01  
5.258e-01  8.556e-01  7.097e-02  
6.107e-01  4.731e-01  6.423e-01  
5.807e-01  7.385e-01  3.586e-01  
5.204e-01  1.768e-01  8.389e-01  
5.166e-01  8.376e-01  2.071e-01  
5.338e-01  3.299e-01  7.837e-01  
5.495e-01  6.545e-01  5.342e-01  
4.250e-01  4.344e-02  9.058e-01  
4.123e-01  9.162e-01  4.465e-02  
5.094e-01  5.529e-01  6.689e-01  
4.672e-01  8.235e-01  3.456e-01  
4.284e-01  2.223e-01  8.788e-01  
4.055e-01  9.014e-01  1.862e-01  
4.338e-01  3.996e-01  8.123e-01  
4.415e-01  7.348e-01  5.346e-01  
3.425e-01  8.129e-02  9.379e-01  
3.390e-01  9.401e-01  1.137e-01  
3.969e-01  4.987e-01  7.752e-01  
3.669e-01  8.170e-01  4.565e-01  
3.162e-01  1.542e-01  9.379e-01  
3.298e-01  9.100e-01  2.752e-01  
3.248e-01  3.244e-01  8.917e-01  
3.407e-01  6.922e-01  6.446e-01  
2.450e-01  7.741e-03  9.704e-01  
2.340e-01  9.770e-01  4.083e-03  
3.052e-01  6.688e-01  6.849e-01  
2.691e-01  9.156e-01  3.164e-01  
2.554e-01  2.957e-01  9.230e-01  
2.194e-01  9.702e-01  1.476e-01  
2.541e-01  4.880e-01  8.408e-01  
2.411e-01  8.297e-01  5.123e-01  
1.935e-01  1.313e-01  9.737e-01  
1.771e-01  9.878e-01  7.195e-02  
2.157e-01  5.922e-01  7.807e-01  
1.958e-01  8.948e-01  4.152e-01  
1.673e-01  2.113e-01  9.646e-01  
1.616e-01  9.645e-01  2.313e-01  
1.661e-01  4.002e-01  9.041e-01  
1.610e-01  7.745e-01  6.186e-01  
1.196e-01  6.030e-02  9.917e-01  
1.093e-01  9.980e-01  3.603e-02  
1.354e-01  6.483e-01  7.538e-01  
1.058e-01  9.267e-01  3.745e-01  
1.015e-01  2.606e-01  9.619e-01  
8.240e-02  9.829e-01  1.919e-01  
9.432e-02  4.535e-01  8.889e-01  
9.286e-02  8.175e-01  5.752e-01  
6.530e-02  9.348e-02  9.941e-01  
5.934e-02  9.973e-01  1.081e-01  
6.294e-02  5.538e-01  8.339e-01  
4.907e-02  8.826e-01  4.763e-01  
2.767e-02  1.755e-01  9.851e-01  
4.433e-03  9.638e-01  2.809e-01  
2.471e-02  3.555e-01  9.363e-01  
6.442e-03  7.436e-01  6.736e-01  
1.537e-02  2.731e-02  9.997e-01  
4.426e-03  1.004e+00  2.473e-03  
4.843e-03  6.774e-01  7.396e-01  
1.003e+00  4.056e-03  8.407e-05  
2.857e-03  1.004e+00  1.056e-04  
2.855e-03  4.080e-03  1.000e+00  
1.002e+00  3.895e-02  3.553e-02  
9.970e-01  1.089e-01  2.448e-02  
9.924e-01  3.985e-02  1.399e-01  
9.825e-01  2.048e-01  5.335e-04  
9.844e-01  1.050e-01  1.655e-01  
9.781e-01  1.942e-01  1.134e-01  
9.586e-01  4.540e-02  2.919e-01  
9.436e-01  3.434e-01  5.172e-03  
9.614e-01  1.803e-01  2.242e-01  
9.494e-01  3.001e-01  1.328e-01  
9.294e-01  8.536e-02  3.682e-01  
9.191e-01  3.946e-01  8.936e-02  
9.243e-01  1.636e-01  3.545e-01  
9.240e-01  3.116e-01  2.390e-01  
8.636e-01  3.073e-02  5.084e-01  
8.434e-01  5.459e-01  1.208e-03  
8.985e-01  2.987e-01  3.333e-01  
8.728e-01  4.651e-01  1.802e-01  
8.503e-01  1.463e-01  5.124e-01  
8.233e-01  5.667e-01  1.027e-01  
8.509e-01  2.513e-01  4.696e-01  
8.451e-01  4.489e-01  3.045e-01  
7.672e-01  6.995e-02  6.418e-01  
7.524e-01  6.636e-01  6.034e-02  
8.144e-01  3.336e-01  4.838e-01  
7.929e-01  5.488e-01  2.839e-01  
7.324e-01  1.202e-01  6.741e-01  
7.380e-01  6.595e-01  1.783e-01  
7.423e-01  2.451e-01  6.291e-01  
7.619e-01  4.984e-01  4.352e-01  
6.311e-01  2.041e-02  7.779e-01  
6.111e-01  7.982e-01  3.892e-03  
7.202e-01  4.820e-01  5.088e-01  
6.723e-01  7.033e-01  2.533e-01  
6.486e-01  2.263e-01  7.308e-01  
6.046e-01  7.953e-01  1.209e-01  
6.562e-01  3.719e-01  6.641e-01  
6.475e-01  6.473e-01  4.142e-01  
5.506e-01  1.024e-01  8.311e-01  
5.258e-01  8.556e-01  7.097e-02  
6.106e-01  4.726e-01  6.418e-01  
5.804e-01  7.380e-01  3.580e-01  
5.198e-01  1.778e-01  8.383e-01  
5.178e-01  8.364e-01  2.082e-01  
5.327e-01  3.318e-01  7.823e-01  
5.486e-01  6.526e-01  5.309e-01  
4.248e-01  4.669e-02  9.057e-01  
4.130e-01  9.155e-01  4.369e-02  
5.084e-01  5.541e-01  6.651e-01  
4.638e-01  8.235e-01  3.435e-01  
4.274e-01  2.275e-01  8.775e-01  
4.056e-01  9.006e-01  1.855e-01  
4.348e-01  3.998e-01  8.105e-01  
4.385e-01  7.314e-01  5.308e-01  
3.422e-01  8.309e-02  9.375e-01  
3.405e-01  9.388e-01  1.141e-01  
3.969e-01  4.993e-01  7.743e-01  
3.796e-01  8.120e-01  4.532e-01  
3.163e-01  1.563e-01  9.374e-01  
3.298e-01  9.091e-01  2.735e-01  
3.247e-01  3.257e-01  8.908e-01  
3.429e-01  6.896e-01  6.440e-01  
2.449e-01  6.605e-03  9.703e-01  
2.341e-01  9.770e-01  6.383e-03  
3.072e-01  6.670e-01  6.841e-01  
2.689e-01  9.149e-01  3.164e-01  
2.554e-01  2.985e-01  9.218e-01  
2.206e-01  9.697e-01  1.435e-01  
2.538e-01  4.898e-01  8.373e-01  
2.448e-01  8.287e-01  5.116e-01  
1.934e-01  1.315e-01  9.735e-01  
1.761e-01  9.862e-01  7.374e-02  
2.159e-01  5.921e-01  7.806e-01  
1.968e-01  8.915e-01  4.182e-01  
1.674e-01  2.131e-01  9.640e-01  
1.598e-01  9.640e-01  2.324e-01  
1.654e-01  3.999e-01  9.041e-01  
1.651e-01  7.735e-01  6.178e-01  
1.190e-01  6.131e-02  9.917e-01  
1.103e-01  9.976e-01  3.755e-02  
1.382e-01  6.479e-01  7.532e-01  
1.202e-01  9.241e-01  3.741e-01  
1.051e-01  2.584e-01  9.618e-01  
8.839e-02  9.822e-01  1.913e-01  
9.736e-02  4.534e-01  8.884e-01  
9.285e-02  8.174e-01  5.748e-01  
6.444e-02  9.629e-02  9.939e-01  
5.945e-02  9.965e-01  1.098e-01  
6.431e-02  5.548e-01  8.325e-01  
4.907e-02  8.826e-01  4.763e-01  
3.919e-02  1.755e-01  9.846e-01  
3.344e-03  9.638e-01  2.811e-01  
2.300e-02  3.561e-01  9.358e-01  
5.587e-03  7.435e-01  6.734e-01  
1.115e-02  2.623e-02  9.997e-01  
3.291e-03  1.004e+00  2.287e-02  
3.435e-03  6.774e-01  7.395e-01  
1.003e+00  4.043e-03  9.630e-05  
2.868e-03  1.004e+00  9.833e-05  
2.855e-03  4.080e-03  1.000e+00  
1.001e+00  4.011e-02  3.755e-02  
9.970e-01  1.087e-01  2.582e-02  
9.918e-01  4.747e-02  1.418e-01  
9.824e-01  2.050e-01  1.449e-04  
9.841e-01  9.952e-02  1.672e-01  
9.780e-01  1.941e-01  1.138e-01  
9.586e-01  4.540e-02  2.919e-01  
9.435e-01  3.437e-01  7.423e-05  
9.610e-01  1.803e-01  2.253e-01  
9.494e-01  3.001e-01  1.328e-01  
9.288e-01  8.513e-02  3.687e-01  
9.189e-01  3.947e-01  9.015e-02  
9.240e-01  1.646e-01  3.546e-01  
9.235e-01  3.120e-01  2.397e-01  
8.633e-01  3.724e-02  5.084e-01  
8.431e-01  5.461e-01  2.080e-04  
8.983e-01  2.986e-01  3.339e-01  
8.725e-01  4.634e-01  1.803e-01  
8.494e-01  1.470e-01  5.129e-01  
8.231e-01  5.667e-01  1.023e-01  
8.501e-01  2.497e-01  4.713e-01  
8.451e-01  4.489e-01  3.044e-01  
7.661e-01  7.038e-02  6.427e-01  
7.529e-01  6.631e-01  6.041e-02  
8.132e-01  3.317e-01  4.861e-01  
7.929e-01  5.490e-01  2.828e-01  
7.318e-01  1.262e-01  6.741e-01  
7.376e-01  6.595e-01  1.778e-01  
7.418e-01  2.475e-01  6.285e-01  
7.569e-01  4.965e-01  4.346e-01  
6.312e-01  2.500e-02  7.778e-01  
6.112e-01  7.977e-01  1.486e-04  
7.202e-01  4.809e-01  5.082e-01  
6.713e-01  7.040e-01  2.529e-01  
6.486e-01  2.272e-01  7.307e-01  
6.020e-01  7.953e-01  1.247e-01  
6.556e-01  3.731e-01  6.620e-01  
6.462e-01  6.486e-01  4.132e-01  
5.507e-01  1.014e-01  8.311e-01  
5.257e-01  8.550e-01  5.685e-02  
6.104e-01  4.725e-01  6.418e-01  
5.803e-01  7.377e-01  3.583e-01  
5.198e-01  1.778e-01  8.383e-01  
5.178e-01  8.364e-01  2.082e-01  
5.327e-01  3.318e-01  7.823e-01  
5.467e-01  6.506e-01  5.359e-01  
4.248e-01  4.669e-02  9.057e-01  
4.123e-01  9.154e-01  4.466e-02  
5.083e-01  5.544e-01  6.650e-01  
4.681e-01  8.229e-01  3.374e-01  
4.277e-01  2.273e-01  8.774e-01  
4.058e-01  9.003e-01  1.856e-01  
4.348e-01  3.998e-01  8.105e-01  
4.383e-01  7.312e-01  5.307e-01  
3.422e-01  8.302e-02  9.374e-01  
3.406e-01  9.384e-01  1.141e-01  
3.969e-01  4.996e-01  7.741e-01  
3.797e-01  8.120e-01  4.533e-01  
3.164e-01  1.564e-01  9.373e-01  
3.286e-01  9.090e-01  2.744e-01  
3.251e-01  3.259e-01  8.904e-01  
3.428e-01  6.894e-01  6.439e-01  
2.449e-01  6.605e-03  9.703e-01  
2.341e-01  9.769e-01  5.372e-03  
3.072e-01  6.670e-01  6.841e-01  
2.686e-01  9.148e-01  3.164e-01  
2.554e-01  2.985e-01  9.218e-01  
2.221e-01  9.692e-01  1.435e-01  
2.538e-01  4.898e-01  8.373e-01  
2.442e-01  8.287e-01  5.116e-01  
1.934e-01  1.315e-01  9.735e-01  
1.768e-01  9.860e-01  7.407e-02  
2.161e-01  5.920e-01  7.805e-01  
1.969e-01  8.915e-01  4.182e-01  
1.674e-01  2.131e-01  9.640e-01  
1.617e-01  9.636e-01  2.329e-01  
1.654e-01  3.999e-01  9.041e-01  
1.654e-01  7.735e-01  6.178e-01  
1.192e-01  6.093e-02  9.916e-01  
1.103e-01  9.976e-01  3.755e-02  
1.383e-01  6.479e-01  7.532e-01  
1.201e-01  9.241e-01  3.739e-01  
1.051e-01  2.585e-01  9.618e-01  
8.732e-02  9.818e-01  1.919e-01  
9.731e-02  4.534e-01  8.884e-01  
9.317e-02  8.174e-01  5.748e-01  
6.444e-02  9.629e-02  9.939e-01  
6.113e-02  9.963e-01  1.108e-01  
6.431e-02  5.548e-01  8.325e-01  
4.907e-02  8.826e-01  4.763e-01  
3.892e-02  1.756e-01  9.846e-01  
3.467e-02  9.636e-01  2.798e-01  
2.285e-02  3.561e-01  9.358e-01  
3.463e-03  7.435e-01  6.734e-01  
1.594e-02  2.583e-02  9.997e-01  
2.938e-03  1.004e+00  2.377e-02  
3.282e-03  6.774e-01  7.395e-01  
1.003e+00  4.092e-03  6.929e-05  
2.859e-03  1.004e+00  8.808e-05  
2.855e-03  4.080e-03  1.000e+00  
1.001e+00  3.945e-02  3.832e-02  
9.970e-01  1.087e-01  2.582e-02  
9.918e-01  4.747e-02  1.418e-01  
9.824e-01  2.049e-01  1.289e-04  
9.836e-01  1.041e-01  1.670e-01  
9.779e-01  1.944e-01  1.140e-01  
9.585e-01  4.486e-02  2.918e-01  
9.432e-01  3.434e-01  2.081e-02  
9.610e-01  1.803e-01  2.253e-01  
9.493e-01  2.989e-01  1.317e-01  
9.288e-01  8.513e-02  3.687e-01  
9.188e-01  3.948e-01  9.002e-02  
9.239e-01  1.648e-01  3.546e-01  
9.235e-01  3.120e-01  2.396e-01  
8.633e-01  3.685e-02  5.085e-01  
8.431e-01  5.461e-01  1.205e-04  
8.983e-01  2.985e-01  3.339e-01  
8.725e-01  4.634e-01  1.803e-01  
8.494e-01  1.469e-01  5.128e-01  
8.230e-01  5.665e-01  1.041e-01  
8.501e-01  2.497e-01  4.713e-01  
8.451e-01  4.488e-01  3.044e-01  
7.660e-01  7.035e-02  6.427e-01  
7.529e-01  6.631e-01  6.041e-02  
8.131e-01  3.317e-01  4.861e-01  
7.929e-01  5.490e-01  2.828e-01  
7.319e-01  1.238e-01  6.741e-01  
7.375e-01  6.590e-01  1.810e-01  
7.418e-01  2.472e-01  6.285e-01  
7.569e-01  4.965e-01  4.346e-01  
6.316e-01  1.978e-02  7.775e-01  
6.112e-01  7.977e-01  1.486e-04  
7.202e-01  4.809e-01  5.082e-01  
6.711e-01  7.040e-01  2.529e-01  
6.486e-01  2.258e-01  7.307e-01  
6.020e-01  7.953e-01  1.247e-01  
6.556e-01  3.731e-01  6.620e-01  
6.462e-01  6.485e-01  4.131e-01  
5.506e-01  1.010e-01  8.311e-01  
5.250e-01  8.544e-01  6.666e-02  
6.104e-01  4.725e-01  6.418e-01  
5.803e-01  7.377e-01  3.582e-01  
5.197e-01  1.779e-01  8.382e-01  
5.178e-01  8.364e-01  2.082e-01  
5.328e-01  3.317e-01  7.823e-01  
5.465e-01  6.504e-01  5.356e-01  
4.249e-01  4.641e-02  9.057e-01  
4.127e-01  9.152e-01  4.461e-02  
5.047e-01  5.549e-01  6.672e-01  
4.681e-01  8.229e-01  3.374e-01  
4.277e-01  2.273e-01  8.774e-01  
4.058e-01  9.002e-01  1.859e-01  
4.348e-01  3.998e-01  8.105e-01  
4.384e-01  7.312e-01  5.307e-01  
3.423e-01  8.298e-02  9.373e-01  
3.406e-01  9.384e-01  1.139e-01  
3.966e-01  5.000e-01  7.740e-01  
3.796e-01  8.120e-01  4.532e-01  
3.164e-01  1.564e-01  9.373e-01  
3.295e-01  9.087e-01  2.744e-01  
3.251e-01  3.259e-01  8.904e-01  
3.429e-01  6.894e-01  6.439e-01  
2.449e-01  6.605e-03  9.703e-01  
2.341e-01  9.769e-01  5.296e-03  
3.071e-01  6.670e-01  6.841e-01  
2.688e-01  9.148e-01  3.162e-01  
2.554e-01  2.985e-01  9.218e-01  
2.234e-01  9.687e-01  1.448e-01  
2.538e-01  4.898e-01  8.373e-01  
2.442e-01  8.287e-01  5.116e-01  
1.933e-01  1.316e-01  9.735e-01  
1.768e-01  9.860e-01  7.403e-02  
2.159e-01  5.919e-01  7.804e-01  
1.969e-01  8.915e-01  4.182e-01  
1.674e-01  2.129e-01  9.640e-01  
1.619e-01  9.635e-01  2.326e-01  
1.653e-01  4.000e-01  9.039e-01  
1.650e-01  7.735e-01  6.178e-01  
1.192e-01  6.093e-02  9.916e-01  
1.103e-01  9.976e-01  3.755e-02  
1.383e-01  6.479e-01  7.531e-01  
1.204e-01  9.240e-01  3.740e-01  
1.020e-01  2.599e-01  9.617e-01  
9.135e-02  9.815e-01  1.918e-01  
9.731e-02  4.534e-01  8.884e-01  
9.316e-02  8.174e-01  5.748e-01  
6.444e-02  9.629e-02  9.939e-01  
6.113e-02  9.963e-01  1.108e-01  
6.390e-02  5.553e-01  8.323e-01  
4.907e-02  8.826e-01  4.763e-01  
3.911e-02  1.756e-01  9.846e-01  
3.913e-02  9.634e-01  2.797e-01  
2.286e-02  3.561e-01  9.358e-01  
3.296e-03  7.434e-01  6.733e-01  
1.321e-02  2.773e-02  9.997e-01  
2.916e-03  1.004e+00  2.381e-02  
3.006e-03  6.772e-01  7.394e-01  
1.003e+00  4.090e-03  8.862e-05  
2.849e-03  1.004e+00  6.966e-05  
2.855e-03  4.080e-03  1.000e+00  
1.001e+00  3.945e-02  3.832e-02  
9.969e-01  1.079e-01  3.148e-02  
9.918e-01  4.747e-02  1.418e-01  
9.823e-01  2.047e-01  1.477e-02  
9.836e-01  1.040e-01  1.670e-01  
9.778e-01  1.944e-01  1.141e-01  
9.584e-01  4.494e-02  2.918e-01  
9.432e-01  3.434e-01  2.081e-02  
9.610e-01  1.803e-01  2.253e-01  
9.493e-01  2.980e-01  1.334e-01  
9.288e-01  8.472e-02  3.687e-01  
9.188e-01  3.948e-01  9.016e-02  
9.238e-01  1.650e-01  3.546e-01  
9.235e-01  3.120e-01  2.396e-01  
8.633e-01  3.658e-02  5.084e-01  
8.431e-01  5.461e-01  1.205e-04  
8.983e-01  2.985e-01  3.339e-01  
8.725e-01  4.635e-01  1.805e-01  
8.494e-01  1.470e-01  5.128e-01  
8.230e-01  5.665e-01  1.041e-01  
8.501e-01  2.497e-01  4.713e-01  
8.450e-01  4.489e-01  3.044e-01  
7.660e-01  7.047e-02  6.427e-01  
7.529e-01  6.631e-01  6.041e-02  
8.131e-01  3.317e-01  4.861e-01  
7.912e-01  5.489e-01  2.857e-01  
7.319e-01  1.237e-01  6.741e-01  
7.374e-01  6.590e-01  1.804e-01  
7.418e-01  2.472e-01  6.286e-01  
7.569e-01  4.965e-01  4.346e-01  
6.314e-01  2.804e-02  7.774e-01  
6.113e-01  7.976e-01  5.362e-03  
7.202e-01  4.809e-01  5.082e-01  
6.707e-01  7.040e-01  2.531e-01  
6.486e-01  2.258e-01  7.307e-01  
6.020e-01  7.953e-01  1.247e-01  
6.556e-01  3.731e-01  6.620e-01  
6.462e-01  6.485e-01  4.131e-01  
5.506e-01  1.010e-01  8.311e-01  
5.250e-01  8.544e-01  6.666e-02  
6.103e-01  4.725e-01  6.415e-01  
5.803e-01  7.377e-01  3.582e-01  
5.197e-01  1.779e-01  8.382e-01  
5.178e-01  8.364e-01  2.082e-01  
5.328e-01  3.317e-01  7.823e-01  
5.465e-01  6.504e-01  5.356e-01  
4.248e-01  4.725e-02  9.056e-01  
4.126e-01  9.152e-01  4.468e-02  
5.047e-01  5.549e-01  6.672e-01  
4.635e-01  8.225e-01  3.443e-01  
4.277e-01  2.273e-01  8.774e-01  
4.057e-01  9.002e-01  1.859e-01  
4.348e-01  3.998e-01  8.105e-01  
4.383e-01  7.312e-01  5.307e-01  
3.423e-01  8.298e-02  9.373e-01  
3.405e-01  9.384e-01  1.138e-01  
3.966e-01  5.000e-01  7.740e-01  
3.795e-01  8.120e-01  4.532e-01  
3.165e-01  1.564e-01  9.373e-01  
3.291e-01  9.080e-01  2.764e-01  
3.251e-01  3.259e-01  8.904e-01  
3.429e-01  6.894e-01  6.439e-01  
2.449e-01  6.605e-03  9.703e-01  
2.341e-01  9.769e-01  5.370e-03  
3.074e-01  6.670e-01  6.841e-01  
2.687e-01  9.147e-01  3.163e-01  
2.554e-01  2.985e-01  9.218e-01  
2.234e-01  9.687e-01  1.448e-01  
2.538e-01  4.898e-01  8.373e-01  
2.441e-01  8.287e-01  5.116e-01  
1.933e-01  1.316e-01  9.735e-01  
1.767e-01  9.860e-01  7.426e-02  
2.158e-01  5.919e-01  7.804e-01  
1.970e-01  8.914e-01  4.182e-01  
1.674e-01  2.131e-01  9.640e-01  
1.617e-01  9.634e-01  2.328e-01  
1.653e-01  4.000e-01  9.039e-01  
1.654e-01  7.735e-01  6.178e-01  
1.198e-01  6.118e-02  9.916e-01  
1.103e-01  9.976e-01  3.755e-02  
1.383e-01  6.479e-01  7.531e-01  
1.203e-01  9.240e-01  3.741e-01  
1.025e-01  2.603e-01  9.616e-01  
9.146e-02  9.815e-01  1.918e-01  
9.732e-02  4.534e-01  8.883e-01  
9.294e-02  8.174e-01  5.748e-01  
6.578e-02  9.698e-02  9.938e-01  
6.061e-02  9.963e-01  1.107e-01  
6.390e-02  5.553e-01  8.323e-01  
4.907e-02  8.826e-01  4.763e-01  
3.911e-02  1.756e-01  9.846e-01  
3.913e-02  9.634e-01  2.797e-01  
3.123e-02  3.560e-01  9.357e-01  
3.296e-03  7.434e-01  6.733e-01  
1.541e-02  2.684e-02  9.997e-01  
2.924e-03  1.004e+00  2.395e-02  
5.013e-03  6.772e-01  7.394e-01  
1.003e+00  4.033e-03  7.886e-05  
2.859e-03  1.004e+00  6.208e-05  
2.855e-03  4.080e-03  1.000e+00  
1.001e+00  3.945e-02  3.832e-02  
9.966e-01  1.098e-01  3.432e-02  
9.918e-01  4.747e-02  1.418e-01  
9.823e-01  2.047e-01  1.477e-02  
9.836e-01  1.041e-01  1.670e-01  
9.778e-01  1.944e-01  1.143e-01  
9.584e-01  4.494e-02  2.917e-01  
9.432e-01  3.434e-01  2.081e-02  
9.610e-01  1.803e-01  2.253e-01  
9.493e-01  2.980e-01  1.332e-01  
9.288e-01  8.475e-02  3.687e-01  
9.188e-01  3.948e-01  9.013e-02  
9.238e-01  1.649e-01  3.546e-01  
9.235e-01  3.121e-01  2.396e-01  
8.633e-01  3.679e-02  5.084e-01  
8.431e-01  5.461e-01  1.205e-04  
8.982e-01  2.985e-01  3.338e-01  
8.723e-01  4.653e-01  1.772e-01  
8.493e-01  1.469e-01  5.128e-01  
8.230e-01  5.665e-01  1.041e-01  
8.501e-01  2.475e-01  4.722e-01  
8.450e-01  4.489e-01  3.044e-01  
7.660e-01  7.034e-02  6.427e-01  
7.529e-01  6.631e-01  6.041e-02  
8.117e-01  3.360e-01  4.852e-01  
7.912e-01  5.489e-01  2.857e-01  
7.318e-01  1.236e-01  6.741e-01  
7.369e-01  6.589e-01  1.815e-01  
7.418e-01  2.472e-01  6.286e-01  
7.569e-01  4.965e-01  4.345e-01  
6.314e-01  2.795e-02  7.774e-01  
6.113e-01  7.976e-01  5.362e-03  
7.202e-01  4.809e-01  5.082e-01  
6.708e-01  7.039e-01  2.531e-01  
6.486e-01  2.261e-01  7.306e-01  
6.020e-01  7.953e-01  1.247e-01  
6.556e-01  3.731e-01  6.620e-01  
6.462e-01  6.485e-01  4.131e-01  
5.506e-01  1.010e-01  8.311e-01  
5.250e-01  8.544e-01  6.666e-02  
6.103e-01  4.725e-01  6.415e-01  
5.803e-01  7.377e-01  3.582e-01  
5.197e-01  1.779e-01  8.382e-01  
5.178e-01  8.364e-01  2.082e-01  
5.328e-01  3.320e-01  7.822e-01  
5.465e-01  6.504e-01  5.356e-01  
4.248e-01  4.725e-02  9.056e-01  
4.124e-01  9.152e-01  4.452e-02  
5.075e-01  5.563e-01  6.637e-01  
4.681e-01  8.207e-01  3.419e-01  
4.277e-01  2.273e-01  8.774e-01  
4.056e-01  9.002e-01  1.858e-01  
4.348e-01  3.998e-01  8.105e-01  
4.383e-01  7.312e-01  5.307e-01  
3.423e-01  8.298e-02  9.373e-01  
3.405e-01  9.384e-01  1.137e-01  
3.966e-01  5.000e-01  7.740e-01  
3.795e-01  8.120e-01  4.532e-01  
3.165e-01  1.564e-01  9.373e-01  
3.290e-01  9.080e-01  2.764e-01  
3.251e-01  3.259e-01  8.904e-01  
3.428e-01  6.894e-01  6.439e-01  
2.449e-01  6.605e-03  9.703e-01  
2.341e-01  9.769e-01  5.259e-03  
3.074e-01  6.670e-01  6.841e-01  
2.686e-01  9.147e-01  3.163e-01  
2.554e-01  2.985e-01  9.218e-01  
2.234e-01  9.687e-01  1.448e-01  
2.539e-01  4.898e-01  8.373e-01  
2.441e-01  8.287e-01  5.116e-01  
1.933e-01  1.316e-01  9.735e-01  
1.768e-01  9.860e-01  7.424e-02  
2.158e-01  5.919e-01  7.804e-01  
1.969e-01  8.914e-01  4.182e-01  
1.674e-01  2.131e-01  9.640e-01  
1.618e-01  9.634e-01  2.328e-01  
1.653e-01  4.000e-01  9.039e-01  
1.653e-01  7.735e-01  6.178e-01  
1.198e-01  6.118e-02  9.916e-01  
1.109e-01  9.974e-01  3.827e-02  
1.383e-01  6.479e-01  7.531e-01  
1.203e-01  9.240e-01  3.740e-01  
1.025e-01  2.603e-01  9.616e-01  
9.137e-02  9.815e-01  1.917e-01  
9.732e-02  4.534e-01  8.883e-01  
9.307e-02  8.173e-01  5.748e-01  
6.562e-02  9.634e-02  9.938e-01  
6.061e-02  9.963e-01  1.107e-01  
6.446e-02  5.550e-01  8.323e-01  
4.234e-02  8.824e-01  4.763e-01  
3.911e-02  1.756e-01  9.846e-01  
3.908e-02  9.634e-01  2.796e-01  
3.110e-02  3.560e-01  9.356e-01  
3.366e-03  7.435e-01  6.733e-01  
1.541e-02  2.684e-02  9.997e-01  
2.858e-03  1.004e+00  2.390e-02  
5.578e-03  6.772e-01  7.394e-01  
1.003e+00  4.088e-03  6.740e-05  
2.862e-03  1.004e+00  8.474e-05  
2.855e-03  4.080e-03  1.000e+00  
1.001e+00  4.097e-02  3.834e-02  
9.966e-01  1.098e-01  3.428e-02  
9.916e-01  5.033e-02  1.418e-01  
9.821e-01  2.048e-01  2.729e-02  
9.836e-01  1.041e-01  1.670e-01  
9.778e-01  1.944e-01  1.142e-01  
9.584e-01  4.554e-02  2.917e-01  
9.432e-01  3.435e-01  2.213e-02  
9.609e-01  1.802e-01  2.260e-01  
9.487e-01  2.997e-01  1.333e-01  
9.285e-01  8.909e-02  3.687e-01  
9.188e-01  3.948e-01  9.015e-02  
9.238e-01  1.652e-01  3.546e-01  
9.235e-01  3.121e-01  2.396e-01  
8.633e-01  3.683e-02  5.084e-01  
8.430e-01  5.460e-01  1.555e-02  
8.982e-01  2.985e-01  3.339e-01  
8.720e-01  4.649e-01  1.791e-01  
8.494e-01  1.468e-01  5.128e-01  
8.230e-01  5.665e-01  1.041e-01  
8.498e-01  2.483e-01  4.721e-01  
8.450e-01  4.489e-01  3.044e-01  
7.660e-01  7.034e-02  6.427e-01  
7.523e-01  6.626e-01  6.777e-02  
8.117e-01  3.360e-01  4.852e-01  
7.913e-01  5.489e-01  2.853e-01  
7.318e-01  1.236e-01  6.741e-01  
7.378e-01  6.572e-01  1.821e-01  
7.412e-01  2.492e-01  6.283e-01  
7.569e-01  4.965e-01  4.346e-01  
6.314e-01  2.795e-02  7.774e-01  
6.113e-01  7.976e-01  1.042e-02  
7.202e-01  4.806e-01  5.083e-01  
6.707e-01  7.039e-01  2.532e-01  
6.485e-01  2.263e-01  7.306e-01  
6.027e-01  7.940e-01  1.285e-01  
6.539e-01  3.754e-01  6.621e-01  
6.462e-01  6.485e-01  4.131e-01  
5.503e-01  1.043e-01  8.309e-01  
5.246e-01  8.542e-01  7.067e-02  
6.102e-01  4.723e-01  6.418e-01  
5.802e-01  7.377e-01  3.582e-01  
5.197e-01  1.779e-01  8.382e-01  
5.170e-01  8.364e-01  2.072e-01  
5.328e-01  3.320e-01  7.822e-01  
5.465e-01  6.504e-01  5.355e-01  
4.248e-01  4.725e-02  9.056e-01  
4.127e-01  9.152e-01  4.448e-02  
5.066e-01  5.549e-01  6.658e-01  
4.675e-01  8.203e-01  3.432e-01  
4.277e-01  2.273e-01  8.774e-01  
4.056e-01  9.002e-01  1.859e-01  
4.348e-01  3.998e-01  8.105e-01  
4.383e-01  7.312e-01  5.307e-01  
3.423e-01  8.298e-02  9.373e-01  
3.405e-01  9.384e-01  1.136e-01  
3.966e-01  5.000e-01  7.740e-01  
3.794e-01  8.120e-01  4.532e-01  
3.165e-01  1.564e-01  9.373e-01  
3.292e-01  9.080e-01  2.767e-01  
3.251e-01  3.259e-01  8.904e-01  
3.429e-01  6.894e-01  6.439e-01  
2.446e-01  1.529e-02  9.703e-01  
2.341e-01  9.768e-01  7.562e-03  
3.074e-01  6.670e-01  6.840e-01  
2.688e-01  9.146e-01  3.163e-01  
2.554e-01  2.985e-01  9.218e-01  
2.230e-01  9.683e-01  1.476e-01  
2.539e-01  4.898e-01  8.373e-01  
2.441e-01  8.287e-01  5.116e-01  
1.933e-01  1.316e-01  9.735e-01  
1.767e-01  9.860e-01  7.424e-02  
2.158e-01  5.919e-01  7.804e-01  
1.970e-01  8.914e-01  4.182e-01  
1.685e-01  2.131e-01  9.640e-01  
1.619e-01  9.634e-01  2.328e-01  
1.653e-01  4.000e-01  9.039e-01  
1.653e-01  7.735e-01  6.178e-01  
1.194e-01  6.118e-02  9.916e-01  
1.108e-01  9.974e-01  3.976e-02  
1.391e-01  6.479e-01  7.530e-01  
1.203e-01  9.240e-01  3.740e-01  
1.025e-01  2.604e-01  9.615e-01  
9.127e-02  9.815e-01  1.918e-01  
9.732e-02  4.534e-01  8.883e-01  
9.306e-02  8.173e-01  5.748e-01  
6.569e-02  9.640e-02  9.938e-01  
6.065e-02  9.962e-01  1.102e-01  
6.458e-02  5.551e-01  8.322e-01  
4.210e-02  8.824e-01  4.763e-01  
3.908e-02  1.756e-01  9.845e-01  
3.905e-02  9.634e-01  2.798e-01  
3.114e-02  3.560e-01  9.356e-01  
1.814e-02  7.434e-01  6.732e-01  
1.590e-02  2.690e-02  9.997e-01  
1.060e-02  1.004e+00  2.396e-02  
5.644e-03  6.772e-01  7.394e-01  
1.003e+00  3.991e-03  1.296e-03  
2.862e-03  1.004e+00  8.474e-05  
3.018e-03  3.990e-03  3.000e+00  
1.002e+00  3.757e-02  3.715e-02  
9.970e-01  1.070e-01  3.279e-02  
9.921e-01  4.287e-02  1.411e-01  
9.828e-01  2.019e-01  2.699e-02  
9.838e-01  1.018e-01  1.682e-01  
9.787e-01  1.911e-01  1.141e-01  
9.585e-01  4.131e-02  2.921e-01  
9.443e-01  3.405e-01  2.261e-02  
9.616e-01  1.769e-01  2.265e-01  
9.494e-01  2.976e-01  1.347e-01  
9.289e-01  8.568e-02  3.686e-01  
9.200e-01  3.923e-01  9.006e-02  
9.246e-01  1.607e-01  3.549e-01  
9.245e-01  3.094e-01  2.399e-01  
8.635e-01  2.922e-02  5.087e-01  
8.445e-01  5.440e-01  2.763e-03  
8.990e-01  2.962e-01  3.341e-01  
8.730e-01  4.624e-01  1.807e-01  
8.497e-01  1.441e-01  5.130e-01  
8.243e-01  5.646e-01  1.039e-01  
8.495e-01  2.487e-01  4.728e-01  
8.466e-01  4.467e-01  3.046e-01  
7.663e-01  6.633e-02  6.429e-01  
7.552e-01  6.620e-01  4.967e-02  
8.128e-01  3.326e-01  4.859e-01  
7.929e-01  5.467e-01  2.855e-01  
7.321e-01  1.257e-01  6.736e-01  
7.388e-01  6.561e-01  1.830e-01  
7.420e-01  2.455e-01  6.290e-01  
7.582e-01  4.946e-01  4.346e-01  
6.315e-01  2.238e-02  7.776e-01  
6.130e-01  7.964e-01  1.679e-04  
7.207e-01  4.791e-01  5.088e-01  
6.712e-01  7.036e-01  2.535e-01  
6.490e-01  2.245e-01  7.309e-01  
6.027e-01  7.940e-01  1.287e-01  
6.548e-01  3.725e-01  6.628e-01  
6.482e-01  6.476e-01  4.115e-01  
5.503e-01  1.030e-01  8.311e-01  
5.260e-01  8.536e-01  7.086e-02  
6.113e-01  4.700e-01  6.424e-01  
5.803e-01  7.377e-01  3.583e-01  
5.202e-01  1.744e-01  8.390e-01  
5.171e-01  8.351e-01  2.119e-01  
5.328e-01  3.315e-01  7.823e-01  
5.465e-01  6.504e-01  5.355e-01  
4.248e-01  4.337e-02  9.059e-01  
4.127e-01  9.152e-01  4.448e-02  
5.074e-01  5.533e-01  6.662e-01  
4.672e-01  8.197e-01  3.449e-01  
4.282e-01  2.211e-01  8.788e-01  
4.056e-01  9.002e-01  1.859e-01  
4.363e-01  3.972e-01  8.110e-01  
4.383e-01  7.312e-01  5.307e-01  
3.426e-01  7.315e-02  9.381e-01  
3.405e-01  9.384e-01  1.136e-01  
3.946e-01  4.987e-01  7.761e-01  
3.796e-01  8.119e-01  4.532e-01  
3.166e-01  1.524e-01  9.381e-01  
3.295e-01  9.078e-01  2.767e-01  
3.253e-01  3.236e-01  8.913e-01  
3.440e-01  6.886e-01  6.445e-01  
2.446e-01  1.529e-02  9.703e-01  
2.345e-01  9.768e-01  4.067e-05  
3.081e-01  6.654e-01  6.852e-01  
2.688e-01  9.146e-01  3.163e-01  
2.550e-01  2.959e-01  9.228e-01  
2.230e-01  9.683e-01  1.475e-01  
2.526e-01  4.880e-01  8.390e-01  
2.442e-01  8.287e-01  5.116e-01  
1.919e-01  1.299e-01  9.740e-01  
1.767e-01  9.860e-01  7.424e-02  
2.138e-01  5.887e-01  7.835e-01  
1.968e-01  8.914e-01  4.182e-01  
1.677e-01  2.114e-01  9.644e-01  
1.619e-01  9.634e-01  2.328e-01  
1.632e-01  3.978e-01  9.052e-01  
1.661e-01  7.719e-01  6.194e-01  
1.188e-01  5.642e-02  9.919e-01  
1.108e-01  9.974e-01  3.976e-02  
1.359e-01  6.471e-01  7.542e-01  
1.203e-01  9.240e-01  3.740e-01  
1.054e-01  2.568e-01  9.622e-01  
9.333e-02  9.813e-01  1.918e-01  
8.970e-02  4.515e-01  8.903e-01  
9.181e-02  8.168e-01  5.760e-01  
6.273e-02  9.418e-02  9.942e-01  
6.056e-02  9.962e-01  1.104e-01  
6.661e-02  5.532e-01  8.334e-01  
3.923e-02  8.820e-01  4.773e-01  
3.395e-02  1.726e-01  9.853e-01  
3.905e-02  9.634e-01  2.798e-01  
2.219e-02  3.536e-01  9.369e-01  
1.894e-02  7.421e-01  6.746e-01  
1.135e-02  2.480e-02  9.998e-01  
1.060e-02  1.004e+00  2.396e-02  
3.329e-03  6.757e-01  7.409e-01  
1.003e+00  3.990e-03  1.025e-03  
2.862e-03  1.004e+00  9.593e-05  
3.018e-03  3.990e-03  1.001e+00  
1.002e+00  3.762e-02  3.750e-02  
9.970e-01  1.068e-01  3.262e-02  
9.920e-01  4.532e-02  1.418e-01  
9.828e-01  2.021e-01  2.863e-02  
9.837e-01  1.019e-01  1.680e-01  
9.787e-01  1.909e-01  1.139e-01  
9.585e-01  4.131e-02  2.921e-01  
9.443e-01  3.407e-01  2.241e-02  
9.616e-01  1.773e-01  2.264e-01  
9.494e-01  2.975e-01  1.342e-01  
9.289e-01  8.560e-02  3.686e-01  
9.200e-01  3.923e-01  9.029e-02  
9.246e-01  1.609e-01  3.547e-01  
9.243e-01  3.096e-01  2.399e-01  
8.635e-01  2.897e-02  5.087e-01  
8.443e-01  5.441e-01  1.241e-02  
8.989e-01  2.961e-01  3.342e-01  
8.730e-01  4.624e-01  1.806e-01  
8.497e-01  1.447e-01  5.130e-01  
8.243e-01  5.646e-01  1.041e-01  
8.495e-01  2.484e-01  4.728e-01  
8.465e-01  4.468e-01  3.046e-01  
7.663e-01  6.644e-02  6.429e-01  
7.537e-01  6.609e-01  6.788e-02  
8.128e-01  3.324e-01  4.859e-01  
7.927e-01  5.466e-01  2.857e-01  
7.319e-01  1.254e-01  6.737e-01  
7.387e-01  6.560e-01  1.833e-01  
7.420e-01  2.462e-01  6.290e-01  
7.582e-01  4.946e-01  4.348e-01  
6.314e-01  2.259e-02  7.775e-01  
6.129e-01  7.965e-01  1.056e-03  
7.207e-01  4.791e-01  5.088e-01  
6.712e-01  7.036e-01  2.535e-01  
6.488e-01  2.246e-01  7.308e-01  
6.027e-01  7.940e-01  1.287e-01  
6.548e-01  3.729e-01  6.628e-01  
6.482e-01  6.476e-01  4.116e-01  
5.503e-01  1.030e-01  8.311e-01  
5.268e-01  8.531e-01  6.793e-02  
6.113e-01  4.700e-01  6.424e-01  
5.823e-01  7.357e-01  3.591e-01  
5.201e-01  1.746e-01  8.390e-01  
5.171e-01  8.351e-01  2.119e-01  
5.328e-01  3.315e-01  7.823e-01  
5.465e-01  6.504e-01  5.355e-01  
4.248e-01  4.337e-02  9.059e-01  
4.127e-01  9.152e-01  4.448e-02  
5.074e-01  5.532e-01  6.662e-01  
4.674e-01  8.197e-01  3.449e-01  
4.283e-01  2.214e-01  8.788e-01  
4.056e-01  9.002e-01  1.859e-01  
4.364e-01  3.973e-01  8.110e-01  
4.385e-01  7.312e-01  5.308e-01  
3.425e-01  7.912e-02  9.377e-01  
3.405e-01  9.384e-01  1.136e-01  
3.946e-01  4.987e-01  7.761e-01  
3.796e-01  8.119e-01  4.532e-01  
3.165e-01  1.544e-01  9.377e-01  
3.295e-01  9.078e-01  2.767e-01  
3.253e-01  3.236e-01  8.913e-01  
3.440e-01  6.886e-01  6.445e-01  
2.446e-01  1.529e-02  9.703e-01  
2.345e-01  9.768e-01  1.439e-04  
3.081e-01  6.654e-01  6.852e-01  
2.688e-01  9.146e-01  3.163e-01  
2.551e-01  2.960e-01  9.227e-01  
2.230e-01  9.683e-01  1.475e-01  
2.527e-01  4.878e-01  8.390e-01  
2.442e-01  8.287e-01  5.116e-01  
1.920e-01  1.300e-01  9.739e-01  
1.767e-01  9.860e-01  7.424e-02  
2.144e-01  5.911e-01  7.817e-01  
1.968e-01  8.914e-01  4.182e-01  
1.677e-01  2.114e-01  9.644e-01  
1.619e-01  9.634e-01  2.328e-01  
1.632e-01  3.978e-01  9.052e-01  
1.661e-01  7.719e-01  6.194e-01  
1.188e-01  5.642e-02  9.919e-01  
1.108e-01  9.974e-01  3.976e-02  
1.387e-01  6.464e-01  7.547e-01  
1.203e-01  9.240e-01  3.740e-01  
1.054e-01  2.568e-01  9.622e-01  
9.333e-02  9.813e-01  1.918e-01  
9.818e-02  4.510e-01  8.895e-01  
9.198e-02  8.167e-01  5.760e-01  
6.273e-02  9.418e-02  9.942e-01  
6.056e-02  9.962e-01  1.104e-01  
6.652e-02  5.531e-01  8.334e-01  
5.114e-02  8.814e-01  4.774e-01  
3.579e-02  1.726e-01  9.852e-01  
3.596e-02  9.634e-01  2.808e-01  
2.121e-02  3.535e-01  9.368e-01  
2.302e-02  7.421e-01  6.745e-01  
1.150e-02  2.506e-02  9.997e-01  
1.060e-02  1.004e+00  2.396e-02  
3.440e-03  6.757e-01  7.409e-01  
3.001e+00  3.990e-03  1.077e-03  
2.851e-03  1.004e+00  6.218e-05  
3.098e-03  3.990e-03  1.000e+00  
1.002e+00  3.770e-02  3.725e-02  
9.970e-01  1.063e-01  3.241e-02  
9.920e-01  4.515e-02  1.415e-01  
9.828e-01  2.013e-01  2.673e-02  
9.837e-01  1.018e-01  1.681e-01  
9.786e-01  1.913e-01  1.134e-01  
9.585e-01  4.131e-02  2.921e-01  
9.443e-01  3.403e-01  2.164e-02  
9.616e-01  1.768e-01  2.259e-01  
9.493e-01  2.973e-01  1.347e-01  
9.289e-01  8.539e-02  3.687e-01  
9.200e-01  3.922e-01  9.006e-02  
9.246e-01  1.607e-01  3.547e-01  
9.243e-01  3.096e-01  2.398e-01  
8.635e-01  2.897e-02  5.087e-01  
8.443e-01  5.440e-01  1.677e-02  
8.989e-01  2.961e-01  3.342e-01  
8.730e-01  4.625e-01  1.807e-01  
8.497e-01  1.446e-01  5.130e-01  
8.243e-01  5.646e-01  1.043e-01  
8.495e-01  2.484e-01  4.728e-01  
8.462e-01  4.467e-01  3.047e-01  
7.663e-01  6.644e-02  6.429e-01  
7.537e-01  6.609e-01  6.823e-02  
8.128e-01  3.324e-01  4.859e-01  
7.927e-01  5.467e-01  2.857e-01  
7.319e-01  1.248e-01  6.737e-01  
7.386e-01  6.559e-01  1.833e-01  
7.420e-01  2.462e-01  6.290e-01  
7.582e-01  4.945e-01  4.346e-01  
6.314e-01  2.259e-02  7.775e-01  
6.126e-01  7.966e-01  1.110e-03  
7.207e-01  4.792e-01  5.088e-01  
6.725e-01  7.022e-01  2.534e-01  
6.488e-01  2.248e-01  7.308e-01  
6.040e-01  7.925e-01  1.294e-01  
6.548e-01  3.724e-01  6.628e-01  
6.478e-01  6.472e-01  4.128e-01  
5.503e-01  1.030e-01  8.311e-01  
5.268e-01  8.530e-01  6.810e-02  
6.113e-01  4.700e-01  6.424e-01  
5.820e-01  7.363e-01  3.585e-01  
5.201e-01  1.746e-01  8.390e-01  
5.172e-01  8.351e-01  2.118e-01  
5.328e-01  3.315e-01  7.823e-01  
5.465e-01  6.504e-01  5.355e-01  
4.250e-01  4.290e-02  9.058e-01  
4.141e-01  9.150e-01  3.007e-02  
5.074e-01  5.532e-01  6.662e-01  
4.674e-01  8.197e-01  3.449e-01  
4.283e-01  2.214e-01  8.788e-01  
4.056e-01  9.002e-01  1.859e-01  
4.364e-01  3.971e-01  8.109e-01  
4.385e-01  7.312e-01  5.308e-01  
3.424e-01  8.050e-02  9.375e-01  
3.405e-01  9.384e-01  1.136e-01  
3.946e-01  4.987e-01  7.761e-01  
3.796e-01  8.119e-01  4.532e-01  
3.166e-01  1.539e-01  9.376e-01  
3.303e-01  9.075e-01  2.769e-01  
3.253e-01  3.236e-01  8.913e-01  
3.440e-01  6.886e-01  6.445e-01  
2.446e-01  1.529e-02  9.703e-01  
2.346e-01  9.768e-01  2.193e-04  
3.081e-01  6.654e-01  6.852e-01  
2.688e-01  9.146e-01  3.163e-01  
2.551e-01  2.960e-01  9.227e-01  
2.230e-01  9.683e-01  1.475e-01  
2.527e-01  4.878e-01  8.390e-01  
2.442e-01  8.287e-01  5.116e-01  
1.920e-01  1.300e-01  9.739e-01  
1.767e-01  9.860e-01  7.424e-02  
2.141e-01  5.901e-01  7.824e-01  
1.968e-01  8.914e-01  4.182e-01  
1.676e-01  2.116e-01  9.644e-01  
1.619e-01  9.634e-01  2.328e-01  
1.632e-01  3.978e-01  9.052e-01  
1.661e-01  7.719e-01  6.194e-01  
1.188e-01  5.642e-02  9.919e-01  
1.108e-01  9.974e-01  3.976e-02  
1.391e-01  6.465e-01  7.543e-01  
1.203e-01  9.240e-01  3.740e-01  
1.054e-01  2.568e-01  9.622e-01  
9.333e-02  9.813e-01  1.918e-01  
9.818e-02  4.510e-01  8.895e-01  
9.198e-02  8.167e-01  5.760e-01  
6.663e-02  9.454e-02  9.939e-01  
6.056e-02  9.962e-01  1.104e-01  
6.652e-02  5.531e-01  8.334e-01  
5.114e-02  8.814e-01  4.774e-01  
3.919e-02  1.722e-01  9.851e-01  
3.596e-02  9.634e-01  2.808e-01  
2.121e-02  3.535e-01  9.368e-01  
2.302e-02  7.421e-01  6.745e-01  
1.150e-02  2.506e-02  9.997e-01  
1.060e-02  1.004e+00  2.396e-02  
3.440e-03  6.757e-01  7.409e-01  
