3.337e+01  2.216e+01  
2.775e+01  1.741e+01  
1.629e+01  1.208e+01  
1.670e+01  9.696e+00  
1.878e+01  3.297e+01  
2.356e+01  1.807e+01  
3.309e+01  3.911e+01  
3.159e+01  3.042e+01  
1.644e+01  1.688e+01  
2.425e+01  2.775e+01  
1.511e+01  1.427e+01  
1.761e+01  2.020e+01  
3.115e+01  3.168e+01  
2.015e+01  2.103e+01  
3.638e+01  3.346e+01  
2.496e+01  2.205e+01  
1.315e+01  1.554e+01  
1.283e+01  1.570e+01  
2.454e+01  2.943e+01  
1.884e+01  1.626e+01  
2.445e+01  2.208e+01  
1.296e+01  1.767e+01  
2.949e+01  2.842e+01  
1.576e+01  1.527e+01  
2.429e+01  1.998e+01  
2.264e+01  1.223e+01  
2.239e+01  1.402e+01  
2.053e+01  1.324e+01  
2.225e+01  1.466e+01  
2.384e+01  2.651e+01  
2.093e+01  2.507e+01  
1.834e+01  1.708e+01  
1.593e+01  1.908e+01  
2.929e+01  2.856e+01  
2.748e+01  1.952e+01  
1.913e+01  1.528e+01  
2.381e+01  1.614e+01  
2.042e+01  2.090e+01  
1.953e+01  1.484e+01  
1.577e+01  1.564e+01  
2.233e+01  1.903e+01  
1.416e+01  1.652e+01  
1.459e+01  1.615e+01  
1.778e+01  1.634e+01  
1.910e+01  1.737e+01  
1.289e+01  1.349e+01  
2.981e+01  3.026e+01  
1.893e+01  4.346e+01  
2.353e+01  1.152e+01  
1.712e+01  2.549e+01  
2.182e+01  2.365e+01  
8.991e+00  1.235e+01  
1.707e+01  2.190e+01  
1.749e+01  1.996e+01  
1.865e+01  3.444e+01  
2.319e+01  1.263e+01  
3.227e+01  2.820e+01  
2.710e+01  2.908e+01  
1.490e+01  2.410e+01  
2.647e+01  1.443e+01  
2.204e+01  2.211e+01  
3.686e+01  3.756e+01  
3.005e+01  3.007e+01  
3.332e+01  3.171e+01  
2.960e+01  2.873e+01  
1.345e+01  1.044e+01  
1.212e+01  1.476e+01  
3.021e+01  1.732e+01  
1.737e+01  1.770e+01  
3.885e+01  2.869e+01  
2.203e+01  1.803e+01  
4.485e+01  2.497e+01  
1.928e+01  2.003e+01  
3.020e+01  2.543e+01  
3.414e+01  2.262e+01  
2.204e+01  2.124e+01  
2.574e+01  3.160e+01  
2.144e+01  2.119e+01  
2.926e+01  3.059e+01  
2.690e+01  2.527e+01  
1.892e+01  1.953e+01  
2.875e+01  1.813e+01  
1.907e+01  2.543e+01  
1.332e+01  1.363e+01  
2.070e+01  1.908e+01  
2.406e+01  1.739e+01  
2.671e+01  1.823e+01  
1.916e+01  1.874e+01  
2.052e+01  2.274e+01  
1.968e+01  2.528e+01  
1.426e+01  1.185e+01  
2.274e+01  1.101e+01  
1.904e+01  1.573e+01  
2.587e+01  2.069e+01  
2.882e+01  3.253e+01  
2.035e+01  1.663e+01  
3.172e+01  3.172e+01  
2.721e+01  4.252e+01  
1.614e+01  1.424e+01  
1.894e+01  1.937e+01  
4.436e+00  3.127e+00  
3.321e+00  3.506e+00  
4.411e+00  3.130e+00  
4.390e+00  3.143e+00  
4.378e+00  3.154e+00  
4.378e+00  3.154e+00  
4.356e+00  3.170e+00  
4.106e+00  3.181e+00  
3.962e+00  3.181e+00  
3.984e+00  3.181e+00  
3.828e+00  3.181e+00  
3.828e+00  3.181e+00  
3.785e+00  3.182e+00  
3.728e+00  3.182e+00  
3.690e+00  3.182e+00  
3.663e+00  3.182e+00  
3.646e+00  3.182e+00  
3.631e+00  3.182e+00  
3.606e+00  3.182e+00  
3.590e+00  3.182e+00  
3.579e+00  3.183e+00  
3.579e+00  3.183e+00  
3.576e+00  3.188e+00  
3.571e+00  3.192e+00  
3.569e+00  3.192e+00  
3.569e+00  3.198e+00  
3.567e+00  3.202e+00  
3.562e+00  3.205e+00  
3.557e+00  3.206e+00  
3.544e+00  3.207e+00  
3.539e+00  3.213e+00  
3.538e+00  3.218e+00  
3.529e+00  3.214e+00  
3.527e+00  3.219e+00  
3.518e+00  3.224e+00  
3.512e+00  3.224e+00  
3.512e+00  3.224e+00  
3.511e+00  3.229e+00  
3.504e+00  3.231e+00  
3.504e+00  3.231e+00  
3.499e+00  3.237e+00  
3.499e+00  3.237e+00  
3.495e+00  3.242e+00  
3.492e+00  3.243e+00  
3.490e+00  3.244e+00  
3.488e+00  3.244e+00  
3.486e+00  3.245e+00  
3.483e+00  3.247e+00  
3.469e+00  3.258e+00  
3.468e+00  3.257e+00  
3.468e+00  3.257e+00  
3.465e+00  3.257e+00  
3.456e+00  3.267e+00  
3.454e+00  3.268e+00  
3.450e+00  3.268e+00  
3.448e+00  3.271e+00  
3.433e+00  3.282e+00  
3.435e+00  3.283e+00  
3.435e+00  3.283e+00  
3.433e+00  3.282e+00  
3.426e+00  3.286e+00  
3.427e+00  3.289e+00  
3.425e+00  3.288e+00  
3.420e+00  3.295e+00  
3.418e+00  3.293e+00  
3.413e+00  3.298e+00  
3.413e+00  3.298e+00  
3.412e+00  3.298e+00  
3.406e+00  3.310e+00  
3.396e+00  3.312e+00  
3.396e+00  3.312e+00  
3.395e+00  3.317e+00  
3.395e+00  3.317e+00  
3.380e+00  3.320e+00  
3.381e+00  3.320e+00  
3.383e+00  3.320e+00  
3.380e+00  3.320e+00  
3.378e+00  3.322e+00  
3.377e+00  3.326e+00  
3.375e+00  3.327e+00  
3.372e+00  3.327e+00  
3.370e+00  3.336e+00  
3.363e+00  3.336e+00  
3.363e+00  3.337e+00  
3.359e+00  3.338e+00  
3.359e+00  3.343e+00  
3.354e+00  3.345e+00  
3.353e+00  3.345e+00  
3.350e+00  3.355e+00  
3.349e+00  3.356e+00  
3.345e+00  3.363e+00  
3.342e+00  3.374e+00  
3.342e+00  3.374e+00  
3.339e+00  3.393e+00  
3.335e+00  3.395e+00  
3.334e+00  3.406e+00  
3.330e+00  3.414e+00  
3.324e+00  3.459e+00  
3.326e+00  3.439e+00  
3.322e+00  3.461e+00  
4.782e+00  2.228e+00  
3.066e+00  9.893e+00  
3.522e+00  2.230e+00  
3.519e+00  2.238e+00  
3.517e+00  2.236e+00  
3.512e+00  2.249e+00  
3.487e+00  2.258e+00  
3.487e+00  2.261e+00  
3.465e+00  2.270e+00  
3.465e+00  2.275e+00  
3.463e+00  2.284e+00  
3.447e+00  2.288e+00  
3.447e+00  2.288e+00  
3.434e+00  2.301e+00  
3.424e+00  2.306e+00  
3.424e+00  2.316e+00  
3.412e+00  2.323e+00  
3.394e+00  2.326e+00  
3.389e+00  2.333e+00  
3.384e+00  2.338e+00  
3.377e+00  2.343e+00  
3.375e+00  2.354e+00  
3.375e+00  2.361e+00  
3.375e+00  2.367e+00  
3.368e+00  2.376e+00  
3.368e+00  2.376e+00  
3.365e+00  2.393e+00  
3.365e+00  2.400e+00  
3.363e+00  2.407e+00  
3.363e+00  2.406e+00  
3.363e+00  2.427e+00  
3.363e+00  2.427e+00  
3.363e+00  2.422e+00  
3.362e+00  2.457e+00  
3.362e+00  2.457e+00  
3.363e+00  2.485e+00  
3.362e+00  2.489e+00  
3.362e+00  2.502e+00  
3.362e+00  2.513e+00  
3.362e+00  2.458e+00  
3.362e+00  2.478e+00  
3.362e+00  2.537e+00  
3.362e+00  2.458e+00  
3.362e+00  2.535e+00  
3.362e+00  2.513e+00  
3.362e+00  2.565e+00  
3.362e+00  2.504e+00  
3.362e+00  2.633e+00  
3.362e+00  2.516e+00  
3.362e+00  2.590e+00  
3.362e+00  2.601e+00  
3.362e+00  2.601e+00  
3.362e+00  2.537e+00  
3.362e+00  2.631e+00  
3.303e+00  2.792e+00  
3.272e+00  2.792e+00  
3.198e+00  2.792e+00  
3.259e+00  2.792e+00  
3.259e+00  2.792e+00  
3.243e+00  2.792e+00  
3.240e+00  2.792e+00  
3.207e+00  2.792e+00  
3.203e+00  2.792e+00  
3.198e+00  2.794e+00  
3.191e+00  2.807e+00  
3.198e+00  2.794e+00  
3.186e+00  2.855e+00  
3.158e+00  2.880e+00  
3.158e+00  2.880e+00  
3.126e+00  2.880e+00  
3.131e+00  2.880e+00  
3.126e+00  2.880e+00  
3.098e+00  2.880e+00  
3.098e+00  2.880e+00  
3.083e+00  2.880e+00  
3.083e+00  2.880e+00  
3.073e+00  2.881e+00  
3.068e+00  2.893e+00  
3.066e+00  2.930e+00  
3.066e+00  2.956e+00  
3.066e+00  3.026e+00  
3.066e+00  3.073e+00  
3.066e+00  3.122e+00  
3.066e+00  3.122e+00  
3.066e+00  3.255e+00  
3.066e+00  3.300e+00  
3.066e+00  3.332e+00  
3.066e+00  3.240e+00  
3.066e+00  3.619e+00  
3.066e+00  3.822e+00  
3.066e+00  3.619e+00  
3.066e+00  4.036e+00  
3.066e+00  4.352e+00  
3.066e+00  4.352e+00  
3.066e+00  5.325e+00  
3.066e+00  6.114e+00  
3.066e+00  6.447e+00  
3.066e+00  9.772e+00  
3.066e+00  9.893e+00  
3.066e+00  9.772e+00  
3.066e+00  1.400e+00  
3.066e+00  4.605e+00  
3.066e+00  1.400e+00  
3.066e+00  1.402e+00  
3.066e+00  1.403e+00  
3.066e+00  1.404e+00  
3.066e+00  1.403e+00  
3.066e+00  1.404e+00  
3.066e+00  1.410e+00  
3.066e+00  1.403e+00  
3.066e+00  1.409e+00  
3.066e+00  1.412e+00  
3.066e+00  1.403e+00  
3.066e+00  1.422e+00  
3.066e+00  1.413e+00  
3.066e+00  1.403e+00  
3.066e+00  1.412e+00  
3.066e+00  1.410e+00  
3.066e+00  1.413e+00  
3.066e+00  1.409e+00  
3.066e+00  1.419e+00  
3.066e+00  1.422e+00  
3.066e+00  1.439e+00  
3.066e+00  1.419e+00  
3.066e+00  1.439e+00  
3.066e+00  1.419e+00  
3.066e+00  1.419e+00  
3.066e+00  1.449e+00  
3.066e+00  1.422e+00  
3.066e+00  1.437e+00  
3.066e+00  1.468e+00  
3.066e+00  1.422e+00  
3.066e+00  1.468e+00  
3.066e+00  1.422e+00  
3.066e+00  1.422e+00  
3.066e+00  1.437e+00  
3.066e+00  1.456e+00  
3.066e+00  1.450e+00  
3.066e+00  1.416e+00  
3.066e+00  1.505e+00  
3.066e+00  1.505e+00  
3.066e+00  1.449e+00  
3.066e+00  1.449e+00  
3.066e+00  1.449e+00  
3.066e+00  1.416e+00  
3.066e+00  1.431e+00  
3.066e+00  1.481e+00  
3.066e+00  1.527e+00  
3.066e+00  1.527e+00  
3.066e+00  1.481e+00  
3.066e+00  1.427e+00  
3.066e+00  1.459e+00  
3.066e+00  1.482e+00  
3.066e+00  1.427e+00  
3.066e+00  1.459e+00  
3.066e+00  1.482e+00  
3.066e+00  1.492e+00  
3.066e+00  1.479e+00  
3.066e+00  1.636e+00  
3.066e+00  1.585e+00  
3.066e+00  1.636e+00  
3.066e+00  1.585e+00  
3.066e+00  1.429e+00  
3.066e+00  1.503e+00  
3.066e+00  1.406e+00  
3.066e+00  1.429e+00  
3.066e+00  1.479e+00  
3.066e+00  1.431e+00  
3.066e+00  1.441e+00  
3.066e+00  1.503e+00  
3.066e+00  1.429e+00  
3.066e+00  1.864e+00  
3.066e+00  1.445e+00  
3.066e+00  1.479e+00  
3.066e+00  1.405e+00  
3.066e+00  1.445e+00  
3.066e+00  1.492e+00  
3.066e+00  1.864e+00  
3.066e+00  1.406e+00  
3.066e+00  1.441e+00  
3.066e+00  1.405e+00  
3.066e+00  2.070e+00  
3.066e+00  2.290e+00  
3.066e+00  2.290e+00  
3.066e+00  2.422e+00  
3.066e+00  2.422e+00  
3.066e+00  2.620e+00  
3.066e+00  2.731e+00  
3.066e+00  2.620e+00  
3.066e+00  2.932e+00  
3.066e+00  3.122e+00  
3.066e+00  2.731e+00  
3.066e+00  2.932e+00  
3.066e+00  3.122e+00  
3.066e+00  4.611e+00  
3.066e+00  4.988e+00  
3.066e+00  4.988e+00  
3.066e+00  4.515e+00  
3.066e+00  4.515e+00  
3.066e+00  4.605e+00  
3.066e+00  1.400e+00  
3.066e+00  4.382e+00  
3.066e+00  1.401e+00  
3.066e+00  1.403e+00  
3.066e+00  1.406e+00  
3.066e+00  1.409e+00  
3.066e+00  1.412e+00  
3.066e+00  1.414e+00  
3.066e+00  1.414e+00  
3.066e+00  1.416e+00  
3.066e+00  1.416e+00  
3.066e+00  1.426e+00  
3.066e+00  1.423e+00  
3.066e+00  1.420e+00  
3.066e+00  1.420e+00  
3.066e+00  1.425e+00  
3.066e+00  1.425e+00  
3.066e+00  1.425e+00  
3.066e+00  1.440e+00  
3.066e+00  1.450e+00  
3.066e+00  1.450e+00  
3.066e+00  1.418e+00  
3.066e+00  1.426e+00  
3.066e+00  1.434e+00  
3.066e+00  1.432e+00  
3.066e+00  1.451e+00  
3.066e+00  1.468e+00  
3.066e+00  1.434e+00  
3.066e+00  1.426e+00  
3.066e+00  1.418e+00  
3.066e+00  1.474e+00  
3.066e+00  1.468e+00  
3.066e+00  1.430e+00  
3.066e+00  1.451e+00  
3.066e+00  1.518e+00  
3.066e+00  1.501e+00  
3.066e+00  1.459e+00  
3.066e+00  1.445e+00  
3.066e+00  1.474e+00  
3.066e+00  1.416e+00  
3.066e+00  1.509e+00  
3.066e+00  1.445e+00  
3.066e+00  1.505e+00  
3.066e+00  1.459e+00  
3.066e+00  1.505e+00  
3.066e+00  1.501e+00  
3.066e+00  1.430e+00  
3.066e+00  1.430e+00  
3.066e+00  1.436e+00  
3.066e+00  1.419e+00  
3.066e+00  1.428e+00  
3.066e+00  1.419e+00  
3.066e+00  1.416e+00  
3.066e+00  1.642e+00  
3.066e+00  1.428e+00  
3.066e+00  1.547e+00  
3.066e+00  1.683e+00  
3.066e+00  1.642e+00  
3.066e+00  1.622e+00  
3.066e+00  1.547e+00  
3.066e+00  1.430e+00  
3.066e+00  1.770e+00  
3.066e+00  1.770e+00  
3.066e+00  1.423e+00  
3.066e+00  1.799e+00  
3.066e+00  1.846e+00  
3.066e+00  1.846e+00  
3.066e+00  1.683e+00  
3.066e+00  1.802e+00  
3.066e+00  1.622e+00  
3.066e+00  1.799e+00  
3.066e+00  1.802e+00  
3.066e+00  1.986e+00  
3.066e+00  1.971e+00  
3.066e+00  1.986e+00  
3.066e+00  1.971e+00  
3.066e+00  2.168e+00  
3.066e+00  2.213e+00  
3.066e+00  2.222e+00  
3.066e+00  2.302e+00  
3.066e+00  2.222e+00  
3.066e+00  2.302e+00  
3.066e+00  2.302e+00  
3.066e+00  2.566e+00  
3.066e+00  2.616e+00  
3.066e+00  2.616e+00  
3.066e+00  2.882e+00  
3.066e+00  1.854e+00  
3.066e+00  3.110e+00  
3.066e+00  1.854e+00  
3.066e+00  3.172e+00  
3.066e+00  3.110e+00  
3.066e+00  4.033e+00  
3.066e+00  4.166e+00  
3.066e+00  3.756e+00  
3.066e+00  3.756e+00  
3.066e+00  4.166e+00  
3.066e+00  2.302e+00  
3.066e+00  4.382e+00  
3.066e+00  7.455e+00  
3.816e+00  1.296e+00  
2.820e+00  1.400e+00  
3.000e+00  1.296e+00  
2.959e+00  1.297e+00  
2.954e+00  1.299e+00  
2.948e+00  1.300e+00  
2.943e+00  1.301e+00  
2.939e+00  1.302e+00  
2.939e+00  1.302e+00  
2.937e+00  1.304e+00  
2.935e+00  1.306e+00  
2.933e+00  1.307e+00  
2.932e+00  1.308e+00  
2.929e+00  1.310e+00  
2.929e+00  1.310e+00  
2.925e+00  1.312e+00  
2.925e+00  1.313e+00  
2.923e+00  1.315e+00  
2.921e+00  1.316e+00  
2.921e+00  1.316e+00  
2.921e+00  1.316e+00  
2.918e+00  1.320e+00  
2.917e+00  1.321e+00  
2.912e+00  1.322e+00  
2.911e+00  1.323e+00  
2.910e+00  1.325e+00  
2.909e+00  1.326e+00  
2.907e+00  1.327e+00  
2.906e+00  1.328e+00  
2.905e+00  1.329e+00  
2.903e+00  1.329e+00  
2.902e+00  1.331e+00  
2.900e+00  1.333e+00  
2.898e+00  1.334e+00  
2.897e+00  1.334e+00  
2.895e+00  1.336e+00  
2.894e+00  1.336e+00  
2.894e+00  1.338e+00  
2.890e+00  1.338e+00  
2.890e+00  1.339e+00  
2.888e+00  1.342e+00  
2.887e+00  1.341e+00  
2.886e+00  1.343e+00  
2.885e+00  1.343e+00  
2.883e+00  1.344e+00  
2.883e+00  1.345e+00  
2.881e+00  1.348e+00  
2.881e+00  1.349e+00  
2.881e+00  1.349e+00  
2.876e+00  1.352e+00  
2.875e+00  1.352e+00  
2.874e+00  1.354e+00  
2.874e+00  1.354e+00  
2.871e+00  1.355e+00  
2.869e+00  1.356e+00  
2.869e+00  1.356e+00  
2.868e+00  1.356e+00  
2.867e+00  1.358e+00  
2.865e+00  1.359e+00  
2.865e+00  1.359e+00  
2.862e+00  1.361e+00  
2.860e+00  1.363e+00  
2.859e+00  1.365e+00  
2.858e+00  1.365e+00  
2.858e+00  1.365e+00  
2.854e+00  1.368e+00  
2.855e+00  1.368e+00  
2.854e+00  1.368e+00  
2.853e+00  1.369e+00  
2.851e+00  1.369e+00  
2.851e+00  1.370e+00  
2.850e+00  1.372e+00  
2.849e+00  1.372e+00  
2.845e+00  1.375e+00  
2.846e+00  1.375e+00  
2.845e+00  1.375e+00  
2.842e+00  1.377e+00  
2.842e+00  1.377e+00  
2.842e+00  1.377e+00  
2.842e+00  1.377e+00  
2.839e+00  1.380e+00  
2.839e+00  1.380e+00  
2.838e+00  1.381e+00  
2.837e+00  1.382e+00  
2.835e+00  1.383e+00  
2.835e+00  1.384e+00  
2.833e+00  1.385e+00  
2.833e+00  1.385e+00  
2.830e+00  1.388e+00  
2.829e+00  1.389e+00  
2.829e+00  1.389e+00  
2.827e+00  1.390e+00  
2.826e+00  1.392e+00  
2.826e+00  1.392e+00  
2.825e+00  1.392e+00  
2.823e+00  1.394e+00  
2.823e+00  1.394e+00  
2.822e+00  1.395e+00  
2.820e+00  1.398e+00  
2.820e+00  1.400e+00  
3.258e+00  1.265e+00  
2.820e+00  1.400e+00  
3.110e+00  1.266e+00  
3.035e+00  1.268e+00  
3.018e+00  1.270e+00  
3.000e+00  1.271e+00  
2.991e+00  1.272e+00  
2.984e+00  1.274e+00  
2.984e+00  1.274e+00  
2.975e+00  1.278e+00  
2.975e+00  1.279e+00  
2.975e+00  1.281e+00  
2.971e+00  1.282e+00  
2.969e+00  1.284e+00  
2.962e+00  1.286e+00  
2.960e+00  1.287e+00  
2.960e+00  1.288e+00  
2.956e+00  1.291e+00  
2.954e+00  1.292e+00  
2.954e+00  1.292e+00  
2.953e+00  1.295e+00  
2.947e+00  1.297e+00  
2.945e+00  1.298e+00  
2.945e+00  1.300e+00  
2.941e+00  1.301e+00  
2.941e+00  1.303e+00  
2.936e+00  1.304e+00  
2.936e+00  1.305e+00  
2.935e+00  1.307e+00  
2.934e+00  1.309e+00  
2.930e+00  1.309e+00  
2.928e+00  1.312e+00  
2.925e+00  1.313e+00  
2.924e+00  1.314e+00  
2.924e+00  1.315e+00  
2.920e+00  1.317e+00  
2.919e+00  1.318e+00  
2.916e+00  1.320e+00  
2.914e+00  1.321e+00  
2.911e+00  1.323e+00  
2.909e+00  1.325e+00  
2.909e+00  1.325e+00  
2.909e+00  1.327e+00  
2.903e+00  1.329e+00  
2.903e+00  1.329e+00  
2.901e+00  1.331e+00  
2.899e+00  1.332e+00  
2.899e+00  1.334e+00  
2.896e+00  1.335e+00  
2.895e+00  1.335e+00  
2.893e+00  1.337e+00  
2.893e+00  1.339e+00  
2.890e+00  1.340e+00  
2.888e+00  1.341e+00  
2.886e+00  1.344e+00  
2.885e+00  1.344e+00  
2.884e+00  1.345e+00  
2.881e+00  1.347e+00  
2.880e+00  1.347e+00  
2.878e+00  1.349e+00  
2.877e+00  1.349e+00  
2.876e+00  1.352e+00  
2.874e+00  1.354e+00  
2.871e+00  1.354e+00  
2.870e+00  1.355e+00  
2.869e+00  1.356e+00  
2.867e+00  1.357e+00  
2.866e+00  1.358e+00  
2.865e+00  1.359e+00  
2.861e+00  1.362e+00  
2.861e+00  1.363e+00  
2.860e+00  1.364e+00  
2.854e+00  1.368e+00  
2.853e+00  1.369e+00  
2.853e+00  1.369e+00  
2.851e+00  1.371e+00  
2.850e+00  1.371e+00  
2.849e+00  1.372e+00  
2.847e+00  1.373e+00  
2.845e+00  1.375e+00  
2.845e+00  1.376e+00  
2.843e+00  1.378e+00  
2.842e+00  1.378e+00  
2.840e+00  1.379e+00  
2.840e+00  1.380e+00  
2.838e+00  1.381e+00  
2.836e+00  1.382e+00  
2.836e+00  1.383e+00  
2.834e+00  1.384e+00  
2.830e+00  1.387e+00  
2.830e+00  1.387e+00  
2.827e+00  1.389e+00  
2.827e+00  1.389e+00  
2.828e+00  1.389e+00  
2.826e+00  1.391e+00  
2.824e+00  1.392e+00  
2.824e+00  1.393e+00  
2.822e+00  1.395e+00  
2.821e+00  1.396e+00  
2.820e+00  1.400e+00  
5.232e+00  1.249e+00  
2.820e+00  1.400e+00  
3.166e+00  1.251e+00  
3.129e+00  1.251e+00  
3.047e+00  1.255e+00  
3.032e+00  1.256e+00  
3.016e+00  1.259e+00  
3.005e+00  1.261e+00  
3.001e+00  1.262e+00  
2.999e+00  1.263e+00  
2.992e+00  1.265e+00  
2.990e+00  1.268e+00  
2.990e+00  1.269e+00  
2.990e+00  1.269e+00  
2.981e+00  1.273e+00  
2.980e+00  1.274e+00  
2.978e+00  1.276e+00  
2.975e+00  1.278e+00  
2.973e+00  1.280e+00  
2.973e+00  1.280e+00  
2.970e+00  1.285e+00  
2.964e+00  1.285e+00  
2.963e+00  1.286e+00  
2.958e+00  1.289e+00  
2.958e+00  1.290e+00  
2.954e+00  1.292e+00  
2.951e+00  1.294e+00  
2.950e+00  1.294e+00  
2.946e+00  1.297e+00  
2.946e+00  1.298e+00  
2.940e+00  1.302e+00  
2.940e+00  1.302e+00  
2.938e+00  1.303e+00  
2.937e+00  1.305e+00  
2.934e+00  1.307e+00  
2.933e+00  1.308e+00  
2.929e+00  1.311e+00  
2.928e+00  1.312e+00  
2.926e+00  1.313e+00  
2.924e+00  1.315e+00  
2.921e+00  1.317e+00  
2.919e+00  1.318e+00  
2.917e+00  1.320e+00  
2.914e+00  1.321e+00  
2.914e+00  1.322e+00  
2.911e+00  1.325e+00  
2.909e+00  1.326e+00  
2.906e+00  1.327e+00  
2.905e+00  1.329e+00  
2.902e+00  1.331e+00  
2.901e+00  1.332e+00  
2.900e+00  1.333e+00  
2.898e+00  1.333e+00  
2.896e+00  1.336e+00  
2.895e+00  1.337e+00  
2.893e+00  1.338e+00  
2.891e+00  1.340e+00  
2.888e+00  1.341e+00  
2.887e+00  1.343e+00  
2.885e+00  1.344e+00  
2.883e+00  1.345e+00  
2.881e+00  1.347e+00  
2.880e+00  1.347e+00  
2.877e+00  1.349e+00  
2.877e+00  1.352e+00  
2.875e+00  1.352e+00  
2.873e+00  1.352e+00  
2.871e+00  1.355e+00  
2.869e+00  1.356e+00  
2.867e+00  1.359e+00  
2.866e+00  1.359e+00  
2.865e+00  1.359e+00  
2.863e+00  1.361e+00  
2.861e+00  1.363e+00  
2.860e+00  1.365e+00  
2.857e+00  1.365e+00  
2.857e+00  1.366e+00  
2.854e+00  1.369e+00  
2.854e+00  1.370e+00  
2.845e+00  1.375e+00  
2.845e+00  1.376e+00  
2.843e+00  1.378e+00  
2.842e+00  1.378e+00  
2.840e+00  1.379e+00  
2.840e+00  1.380e+00  
2.838e+00  1.381e+00  
2.836e+00  1.382e+00  
2.836e+00  1.383e+00  
2.834e+00  1.384e+00  
2.833e+00  1.386e+00  
2.833e+00  1.386e+00  
2.831e+00  1.386e+00  
2.827e+00  1.389e+00  
2.828e+00  1.389e+00  
2.827e+00  1.390e+00  
2.826e+00  1.391e+00  
2.824e+00  1.393e+00  
2.822e+00  1.395e+00  
2.821e+00  1.396e+00  
2.820e+00  1.400e+00  
3.207e+00  1.230e+00  
2.820e+00  1.400e+00  
3.089e+00  1.231e+00  
3.064e+00  1.233e+00  
3.056e+00  1.236e+00  
3.039e+00  1.239e+00  
3.032e+00  1.241e+00  
3.030e+00  1.241e+00  
3.026e+00  1.243e+00  
3.021e+00  1.246e+00  
3.020e+00  1.249e+00  
3.020e+00  1.249e+00  
3.020e+00  1.249e+00  
3.008e+00  1.255e+00  
3.010e+00  1.255e+00  
3.001e+00  1.260e+00  
2.998e+00  1.262e+00  
2.995e+00  1.264e+00  
2.993e+00  1.264e+00  
2.989e+00  1.268e+00  
2.987e+00  1.269e+00  
2.987e+00  1.269e+00  
2.981e+00  1.274e+00  
2.979e+00  1.275e+00  
2.975e+00  1.277e+00  
2.975e+00  1.277e+00  
2.972e+00  1.280e+00  
2.968e+00  1.282e+00  
2.972e+00  1.280e+00  
2.961e+00  1.289e+00  
2.958e+00  1.289e+00  
2.954e+00  1.292e+00  
2.954e+00  1.292e+00  
2.952e+00  1.295e+00  
2.950e+00  1.296e+00  
2.950e+00  1.296e+00  
2.944e+00  1.299e+00  
2.941e+00  1.302e+00  
2.939e+00  1.304e+00  
2.936e+00  1.304e+00  
2.934e+00  1.306e+00  
2.931e+00  1.309e+00  
2.929e+00  1.310e+00  
2.926e+00  1.313e+00  
2.924e+00  1.313e+00  
2.923e+00  1.315e+00  
2.921e+00  1.317e+00  
2.918e+00  1.318e+00  
2.917e+00  1.320e+00  
2.916e+00  1.320e+00  
2.911e+00  1.323e+00  
2.908e+00  1.326e+00  
2.907e+00  1.326e+00  
2.904e+00  1.329e+00  
2.903e+00  1.329e+00  
2.900e+00  1.332e+00  
2.899e+00  1.334e+00  
2.897e+00  1.335e+00  
2.895e+00  1.336e+00  
2.892e+00  1.338e+00  
2.892e+00  1.338e+00  
2.888e+00  1.341e+00  
2.888e+00  1.342e+00  
2.886e+00  1.343e+00  
2.883e+00  1.345e+00  
2.883e+00  1.346e+00  
2.881e+00  1.348e+00  
2.876e+00  1.350e+00  
2.876e+00  1.350e+00  
2.874e+00  1.353e+00  
2.872e+00  1.353e+00  
2.871e+00  1.355e+00  
2.868e+00  1.359e+00  
2.866e+00  1.360e+00  
2.864e+00  1.360e+00  
2.862e+00  1.361e+00  
2.862e+00  1.363e+00  
2.859e+00  1.364e+00  
2.855e+00  1.367e+00  
2.854e+00  1.367e+00  
2.854e+00  1.368e+00  
2.846e+00  1.374e+00  
2.846e+00  1.374e+00  
2.846e+00  1.374e+00  
2.844e+00  1.377e+00  
2.841e+00  1.379e+00  
2.840e+00  1.379e+00  
2.839e+00  1.380e+00  
2.834e+00  1.384e+00  
2.833e+00  1.386e+00  
2.833e+00  1.386e+00  
2.831e+00  1.386e+00  
2.827e+00  1.389e+00  
2.828e+00  1.389e+00  
2.828e+00  1.390e+00  
2.826e+00  1.391e+00  
2.824e+00  1.393e+00  
2.822e+00  1.395e+00  
2.821e+00  1.396e+00  
2.820e+00  1.399e+00  
3.182e+00  1.215e+00  
2.573e+00  2.419e+00  
3.182e+00  1.215e+00  
3.072e+00  1.222e+00  
2.857e+00  1.224e+00  
2.827e+00  1.224e+00  
2.813e+00  1.226e+00  
2.803e+00  1.229e+00  
2.799e+00  1.231e+00  
2.795e+00  1.233e+00  
2.795e+00  1.234e+00  
2.795e+00  1.234e+00  
2.785e+00  1.240e+00  
2.784e+00  1.243e+00  
2.778e+00  1.246e+00  
2.772e+00  1.247e+00  
2.770e+00  1.248e+00  
2.770e+00  1.248e+00  
2.763e+00  1.254e+00  
2.760e+00  1.255e+00  
2.757e+00  1.258e+00  
2.757e+00  1.260e+00  
2.749e+00  1.263e+00  
2.747e+00  1.264e+00  
2.744e+00  1.267e+00  
2.742e+00  1.268e+00  
2.742e+00  1.267e+00  
2.734e+00  1.273e+00  
2.734e+00  1.273e+00  
2.731e+00  1.277e+00  
2.727e+00  1.278e+00  
2.724e+00  1.280e+00  
2.724e+00  1.281e+00  
2.724e+00  1.280e+00  
2.716e+00  1.287e+00  
2.715e+00  1.289e+00  
2.713e+00  1.290e+00  
2.708e+00  1.291e+00  
2.706e+00  1.293e+00  
2.702e+00  1.297e+00  
2.701e+00  1.297e+00  
2.698e+00  1.298e+00  
2.695e+00  1.301e+00  
2.694e+00  1.303e+00  
2.690e+00  1.304e+00  
2.688e+00  1.307e+00  
2.685e+00  1.308e+00  
2.682e+00  1.310e+00  
2.680e+00  1.312e+00  
2.677e+00  1.313e+00  
2.675e+00  1.316e+00  
2.674e+00  1.316e+00  
2.671e+00  1.318e+00  
2.669e+00  1.321e+00  
2.664e+00  1.323e+00  
2.664e+00  1.323e+00  
2.661e+00  1.325e+00  
2.660e+00  1.328e+00  
2.658e+00  1.328e+00  
2.658e+00  1.328e+00  
2.654e+00  1.337e+00  
2.651e+00  1.337e+00  
2.649e+00  1.338e+00  
2.648e+00  1.339e+00  
2.645e+00  1.339e+00  
2.642e+00  1.343e+00  
2.639e+00  1.343e+00  
2.637e+00  1.345e+00  
2.636e+00  1.348e+00  
2.632e+00  1.348e+00  
2.630e+00  1.351e+00  
2.629e+00  1.351e+00  
2.624e+00  1.355e+00  
2.625e+00  1.355e+00  
2.622e+00  1.355e+00  
2.621e+00  1.358e+00  
2.618e+00  1.361e+00  
2.616e+00  1.361e+00  
2.614e+00  1.363e+00  
2.613e+00  1.365e+00  
2.611e+00  1.365e+00  
2.608e+00  1.369e+00  
2.607e+00  1.369e+00  
2.604e+00  1.372e+00  
2.602e+00  1.375e+00  
2.601e+00  1.375e+00  
2.599e+00  1.376e+00  
2.596e+00  1.378e+00  
2.596e+00  1.380e+00  
2.594e+00  1.384e+00  
2.591e+00  1.382e+00  
2.590e+00  1.388e+00  
2.588e+00  1.388e+00  
2.585e+00  1.388e+00  
2.584e+00  1.389e+00  
2.582e+00  1.397e+00  
2.581e+00  1.404e+00  
2.579e+00  1.406e+00  
2.576e+00  1.442e+00  
2.575e+00  1.458e+00  
2.537e+00  7.446e-01  
2.076e+00  1.423e+00  
2.537e+00  7.467e-01  
2.535e+00  7.504e-01  
2.535e+00  7.526e-01  
2.535e+00  7.570e-01  
2.535e+00  7.570e-01  
2.535e+00  7.582e-01  
2.535e+00  7.722e-01  
2.535e+00  7.762e-01  
2.535e+00  7.872e-01  
2.535e+00  7.901e-01  
2.535e+00  7.969e-01  
2.535e+00  7.722e-01  
2.535e+00  8.060e-01  
2.535e+00  8.133e-01  
2.535e+00  8.135e-01  
2.535e+00  8.280e-01  
2.535e+00  8.202e-01  
2.535e+00  7.773e-01  
2.535e+00  7.773e-01  
2.535e+00  8.447e-01  
2.535e+00  8.202e-01  
2.535e+00  8.234e-01  
2.535e+00  8.280e-01  
2.535e+00  7.901e-01  
2.535e+00  8.021e-01  
2.535e+00  8.234e-01  
2.535e+00  8.053e-01  
2.535e+00  8.159e-01  
2.535e+00  8.603e-01  
2.535e+00  9.130e-01  
2.535e+00  8.159e-01  
2.535e+00  8.897e-01  
2.535e+00  8.839e-01  
2.535e+00  8.497e-01  
2.535e+00  8.700e-01  
2.535e+00  9.987e-01  
2.535e+00  8.700e-01  
2.535e+00  9.005e-01  
2.535e+00  8.133e-01  
2.535e+00  8.004e-01  
2.535e+00  1.058e+00  
2.535e+00  8.838e-01  
2.535e+00  1.047e+00  
2.535e+00  1.047e+00  
2.535e+00  1.112e+00  
2.535e+00  1.057e+00  
2.535e+00  1.057e+00  
2.535e+00  1.028e+00  
2.535e+00  1.152e+00  
2.535e+00  1.069e+00  
2.535e+00  9.855e-01  
2.535e+00  1.182e+00  
2.535e+00  8.807e-01  
2.535e+00  1.152e+00  
2.535e+00  1.069e+00  
2.535e+00  8.807e-01  
2.535e+00  1.058e+00  
2.535e+00  1.344e+00  
2.186e+00  1.398e+00  
2.244e+00  1.398e+00  
2.198e+00  1.398e+00  
2.207e+00  1.398e+00  
2.237e+00  1.398e+00  
2.237e+00  1.398e+00  
2.178e+00  1.398e+00  
2.162e+00  1.398e+00  
2.221e+00  1.398e+00  
2.217e+00  1.398e+00  
2.217e+00  1.398e+00  
2.207e+00  1.398e+00  
2.158e+00  1.398e+00  
2.189e+00  1.398e+00  
2.178e+00  1.398e+00  
2.162e+00  1.398e+00  
2.178e+00  1.398e+00  
2.166e+00  1.398e+00  
2.139e+00  1.398e+00  
2.178e+00  1.398e+00  
2.160e+00  1.398e+00  
2.160e+00  1.398e+00  
2.158e+00  1.398e+00  
2.139e+00  1.398e+00  
2.145e+00  1.398e+00  
2.145e+00  1.398e+00  
2.136e+00  1.398e+00  
2.126e+00  1.398e+00  
2.126e+00  1.398e+00  
2.119e+00  1.398e+00  
2.119e+00  1.398e+00  
2.112e+00  1.398e+00  
2.110e+00  1.398e+00  
2.100e+00  1.398e+00  
2.100e+00  1.398e+00  
2.092e+00  1.398e+00  
2.089e+00  1.398e+00  
2.089e+00  1.398e+00  
2.080e+00  1.399e+00  
2.077e+00  1.399e+00  
