6.284e+00  5.347e+00  
7.391e+00  5.378e+00  
6.724e+00  5.153e+00  
7.569e+00  5.908e+00  
6.133e+00  6.918e+00  
7.416e+00  6.770e+00  
7.761e+00  4.511e+00  
4.976e+00  6.337e+00  
6.100e+00  5.838e+00  
5.094e+00  4.967e+00  
6.954e+00  6.131e+00  
6.873e+00  6.279e+00  
7.447e+00  5.127e+00  
6.098e+00  3.703e+00  
5.744e+00  5.643e+00  
7.374e+00  6.343e+00  
7.463e+00  5.461e+00  
6.610e+00  6.487e+00  
7.479e+00  4.823e+00  
6.852e+00  5.066e+00  
7.275e+00  6.052e+00  
5.131e+00  5.306e+00  
5.729e+00  4.860e+00  
7.390e+00  5.132e+00  
6.857e+00  4.510e+00  
7.844e+00  5.140e+00  
6.204e+00  7.040e+00  
6.961e+00  6.176e+00  
5.679e+00  5.324e+00  
5.596e+00  7.424e+00  
6.889e+00  6.201e+00  
5.681e+00  5.886e+00  
5.080e+00  6.086e+00  
5.686e+00  5.160e+00  
8.015e+00  5.333e+00  
5.179e+00  7.624e+00  
7.967e+00  4.665e+00  
7.059e+00  5.172e+00  
6.147e+00  6.127e+00  
5.339e+00  6.559e+00  
5.424e+00  7.060e+00  
7.069e+00  4.923e+00  
7.168e+00  6.031e+00  
7.909e+00  4.671e+00  
6.121e+00  5.339e+00  
6.444e+00  5.741e+00  
8.732e+00  4.022e+00  
7.434e+00  5.586e+00  
5.775e+00  4.619e+00  
6.358e+00  4.652e+00  
7.319e+00  4.779e+00  
5.784e+00  7.192e+00  
5.604e+00  6.636e+00  
6.446e+00  6.649e+00  
5.630e+00  4.133e+00  
5.877e+00  5.181e+00  
6.705e+00  6.568e+00  
5.859e+00  4.964e+00  
6.618e+00  6.364e+00  
8.144e+00  5.398e+00  
7.087e+00  5.290e+00  
7.039e+00  4.839e+00  
6.831e+00  7.071e+00  
7.465e+00  4.818e+00  
7.071e+00  6.067e+00  
6.728e+00  6.617e+00  
6.640e+00  4.523e+00  
5.931e+00  6.183e+00  
6.454e+00  5.108e+00  
5.394e+00  5.850e+00  
4.786e+00  6.778e+00  
5.226e+00  5.335e+00  
5.647e+00  5.673e+00  
7.275e+00  5.014e+00  
7.219e+00  6.134e+00  
5.156e+00  6.096e+00  
5.832e+00  5.272e+00  
6.016e+00  6.557e+00  
7.029e+00  6.678e+00  
6.040e+00  6.254e+00  
4.875e+00  6.273e+00  
7.123e+00  4.829e+00  
4.640e+00  5.517e+00  
6.129e+00  5.888e+00  
6.422e+00  5.195e+00  
5.663e+00  5.309e+00  
8.083e+00  7.334e+00  
7.039e+00  5.188e+00  
7.238e+00  6.263e+00  
6.532e+00  5.083e+00  
5.742e+00  5.705e+00  
5.856e+00  7.100e+00  
7.994e+00  6.086e+00  
6.399e+00  6.213e+00  
6.526e+00  6.845e+00  
7.419e+00  4.653e+00  
5.636e+00  7.430e+00  
7.845e+00  4.988e+00  
6.785e+00  6.297e+00  
6.225e+00  6.135e+00  
1.001e+00  3.887e-02  
1.600e-03  1.033e+00  
9.917e-01  4.383e-02  
9.719e-01  5.376e-02  
9.525e-01  6.356e-02  
9.338e-01  7.323e-02  
9.157e-01  8.274e-02  
8.978e-01  9.206e-02  
8.808e-01  1.012e-01  
8.639e-01  1.102e-01  
8.473e-01  1.191e-01  
8.316e-01  1.276e-01  
8.165e-01  1.364e-01  
8.007e-01  1.448e-01  
7.859e-01  1.533e-01  
7.815e-01  1.564e-01  
7.525e-01  1.727e-01  
7.515e-01  1.730e-01  
7.229e-01  1.903e-01  
7.155e-01  1.938e-01  
7.024e-01  2.018e-01  
6.895e-01  2.096e-01  
6.764e-01  2.173e-01  
6.639e-01  2.249e-01  
6.517e-01  2.325e-01  
6.396e-01  2.400e-01  
6.279e-01  2.475e-01  
6.162e-01  2.549e-01  
6.046e-01  2.622e-01  
5.932e-01  2.695e-01  
5.821e-01  2.768e-01  
5.711e-01  2.841e-01  
5.603e-01  2.912e-01  
5.497e-01  2.984e-01  
5.392e-01  3.055e-01  
5.288e-01  3.126e-01  
5.186e-01  3.197e-01  
5.085e-01  3.268e-01  
4.986e-01  3.338e-01  
4.887e-01  3.407e-01  
4.791e-01  3.477e-01  
4.695e-01  3.547e-01  
4.600e-01  3.617e-01  
4.507e-01  3.686e-01  
4.414e-01  3.755e-01  
4.325e-01  3.825e-01  
4.232e-01  3.896e-01  
4.142e-01  3.964e-01  
4.054e-01  4.034e-01  
3.966e-01  4.105e-01  
3.879e-01  4.174e-01  
3.793e-01  4.243e-01  
3.709e-01  4.315e-01  
3.624e-01  4.385e-01  
3.539e-01  4.454e-01  
3.457e-01  4.527e-01  
3.373e-01  4.595e-01  
3.287e-01  4.672e-01  
3.202e-01  4.745e-01  
3.126e-01  4.813e-01  
3.044e-01  4.885e-01  
2.968e-01  4.957e-01  
2.882e-01  5.034e-01  
2.815e-01  5.100e-01  
2.802e-01  5.118e-01  
2.518e-01  5.388e-01  
2.518e-01  5.388e-01  
2.515e-01  5.393e-01  
2.515e-01  5.393e-01  
2.241e-01  5.671e-01  
2.241e-01  5.671e-01  
2.200e-01  5.715e-01  
2.125e-01  5.798e-01  
2.051e-01  5.880e-01  
1.976e-01  5.962e-01  
1.901e-01  6.046e-01  
1.825e-01  6.135e-01  
1.753e-01  6.222e-01  
1.678e-01  6.312e-01  
1.606e-01  6.403e-01  
1.532e-01  6.496e-01  
1.458e-01  6.593e-01  
1.383e-01  6.693e-01  
1.311e-01  6.794e-01  
1.236e-01  6.901e-01  
1.163e-01  7.000e-01  
1.088e-01  7.113e-01  
1.014e-01  7.229e-01  
9.398e-02  7.348e-01  
8.649e-02  7.476e-01  
7.898e-02  7.608e-01  
7.132e-02  7.746e-01  
6.368e-02  7.893e-01  
5.598e-02  8.056e-01  
4.809e-02  8.229e-01  
4.014e-02  8.422e-01  
3.208e-02  8.645e-01  
2.376e-02  8.897e-01  
1.521e-02  9.219e-01  
6.240e-03  9.708e-01  
1.001e+00  1.131e-04  
1.531e-03  9.894e-01  
9.913e-01  5.091e-03  
9.715e-01  1.509e-02  
9.522e-01  2.491e-02  
9.336e-01  3.454e-02  
9.154e-01  4.400e-02  
8.977e-01  5.330e-02  
8.804e-01  6.246e-02  
8.636e-01  7.147e-02  
8.472e-01  8.034e-02  
8.312e-01  8.909e-02  
8.156e-01  9.771e-02  
8.003e-01  1.062e-01  
7.854e-01  1.146e-01  
7.814e-01  1.169e-01  
7.515e-01  1.340e-01  
7.514e-01  1.340e-01  
7.214e-01  1.515e-01  
7.152e-01  1.552e-01  
7.020e-01  1.630e-01  
6.890e-01  1.708e-01  
6.762e-01  1.785e-01  
6.638e-01  1.862e-01  
6.515e-01  1.937e-01  
6.394e-01  2.013e-01  
6.276e-01  2.087e-01  
6.159e-01  2.161e-01  
6.044e-01  2.235e-01  
5.931e-01  2.308e-01  
5.820e-01  2.381e-01  
5.710e-01  2.453e-01  
5.602e-01  2.525e-01  
5.496e-01  2.597e-01  
5.391e-01  2.668e-01  
5.287e-01  2.739e-01  
5.185e-01  2.809e-01  
5.084e-01  2.880e-01  
4.985e-01  2.950e-01  
4.886e-01  3.020e-01  
4.789e-01  3.090e-01  
4.694e-01  3.160e-01  
4.599e-01  3.229e-01  
4.505e-01  3.299e-01  
4.413e-01  3.368e-01  
4.321e-01  3.438e-01  
4.230e-01  3.507e-01  
4.141e-01  3.576e-01  
4.052e-01  3.646e-01  
3.964e-01  3.715e-01  
3.877e-01  3.785e-01  
3.791e-01  3.855e-01  
3.706e-01  3.925e-01  
3.621e-01  3.995e-01  
3.537e-01  4.065e-01  
3.454e-01  4.136e-01  
3.372e-01  4.206e-01  
3.290e-01  4.277e-01  
3.208e-01  4.349e-01  
3.127e-01  4.421e-01  
3.048e-01  4.493e-01  
2.968e-01  4.566e-01  
2.887e-01  4.641e-01  
2.814e-01  4.709e-01  
2.802e-01  4.720e-01  
2.516e-01  5.000e-01  
2.516e-01  5.000e-01  
2.514e-01  5.000e-01  
2.514e-01  5.000e-01  
2.229e-01  5.297e-01  
2.229e-01  5.297e-01  
2.200e-01  5.329e-01  
2.125e-01  5.409e-01  
2.049e-01  5.491e-01  
1.974e-01  5.575e-01  
1.901e-01  5.657e-01  
1.826e-01  5.745e-01  
1.753e-01  5.832e-01  
1.678e-01  5.922e-01  
1.605e-01  6.012e-01  
1.531e-01  6.106e-01  
1.457e-01  6.202e-01  
1.384e-01  6.300e-01  
1.310e-01  6.401e-01  
1.236e-01  6.505e-01  
1.163e-01  6.612e-01  
1.088e-01  6.723e-01  
1.014e-01  6.838e-01  
9.394e-02  6.959e-01  
8.645e-02  7.084e-01  
7.889e-02  7.217e-01  
7.130e-02  7.357e-01  
6.362e-02  7.506e-01  
5.590e-02  7.667e-01  
4.805e-02  7.841e-01  
4.010e-02  8.034e-01  
3.199e-02  8.252e-01  
2.371e-02  8.507e-01  
1.516e-02  8.829e-01  
6.207e-03  9.309e-01  
1.001e+00  1.091e-04  
1.515e-03  9.902e-01  
9.913e-01  5.085e-03  
9.715e-01  1.509e-02  
9.523e-01  2.490e-02  
9.336e-01  3.453e-02  
9.154e-01  4.400e-02  
8.977e-01  5.330e-02  
8.804e-01  6.245e-02  
8.636e-01  7.146e-02  
8.472e-01  8.034e-02  
8.312e-01  8.908e-02  
8.156e-01  9.771e-02  
8.003e-01  1.062e-01  
7.854e-01  1.146e-01  
7.814e-01  1.169e-01  
7.514e-01  1.340e-01  
7.514e-01  1.340e-01  
7.214e-01  1.515e-01  
7.152e-01  1.552e-01  
7.020e-01  1.630e-01  
6.890e-01  1.708e-01  
6.763e-01  1.785e-01  
6.638e-01  1.862e-01  
6.515e-01  1.937e-01  
6.394e-01  2.013e-01  
6.276e-01  2.087e-01  
6.159e-01  2.161e-01  
6.044e-01  2.235e-01  
5.931e-01  2.308e-01  
5.820e-01  2.381e-01  
5.710e-01  2.453e-01  
5.602e-01  2.525e-01  
5.495e-01  2.597e-01  
5.390e-01  2.668e-01  
5.287e-01  2.739e-01  
5.185e-01  2.809e-01  
5.084e-01  2.880e-01  
4.985e-01  2.950e-01  
4.886e-01  3.020e-01  
4.789e-01  3.090e-01  
4.693e-01  3.160e-01  
4.599e-01  3.229e-01  
4.505e-01  3.299e-01  
4.412e-01  3.368e-01  
4.321e-01  3.438e-01  
4.230e-01  3.507e-01  
4.141e-01  3.576e-01  
4.052e-01  3.646e-01  
3.964e-01  3.715e-01  
3.877e-01  3.785e-01  
3.791e-01  3.855e-01  
3.705e-01  3.924e-01  
3.621e-01  3.995e-01  
3.537e-01  4.065e-01  
3.454e-01  4.135e-01  
3.371e-01  4.206e-01  
3.289e-01  4.277e-01  
3.208e-01  4.349e-01  
3.128e-01  4.420e-01  
3.048e-01  4.493e-01  
2.968e-01  4.565e-01  
2.889e-01  4.638e-01  
2.814e-01  4.709e-01  
2.802e-01  4.720e-01  
2.514e-01  5.000e-01  
2.514e-01  5.000e-01  
2.514e-01  5.000e-01  
2.514e-01  5.000e-01  
2.227e-01  5.296e-01  
2.227e-01  5.296e-01  
2.197e-01  5.328e-01  
2.124e-01  5.407e-01  
2.049e-01  5.490e-01  
1.974e-01  5.574e-01  
1.900e-01  5.658e-01  
1.826e-01  5.744e-01  
1.752e-01  5.832e-01  
1.678e-01  5.921e-01  
1.604e-01  6.012e-01  
1.531e-01  6.106e-01  
1.457e-01  6.201e-01  
1.384e-01  6.300e-01  
1.310e-01  6.401e-01  
1.236e-01  6.504e-01  
1.162e-01  6.612e-01  
1.088e-01  6.723e-01  
1.014e-01  6.838e-01  
9.393e-02  6.959e-01  
8.643e-02  7.084e-01  
7.888e-02  7.217e-01  
7.129e-02  7.357e-01  
6.362e-02  7.506e-01  
5.587e-02  7.667e-01  
4.804e-02  7.841e-01  
4.008e-02  8.034e-01  
3.198e-02  8.252e-01  
2.369e-02  8.508e-01  
1.514e-02  8.829e-01  
6.188e-03  9.309e-01  
1.001e+00  1.092e-04  
1.515e-03  9.900e-01  
9.913e-01  5.085e-03  
9.715e-01  1.509e-02  
9.523e-01  2.490e-02  
9.336e-01  3.453e-02  
9.154e-01  4.400e-02  
8.977e-01  5.330e-02  
8.804e-01  6.245e-02  
8.636e-01  7.146e-02  
8.472e-01  8.034e-02  
8.312e-01  8.908e-02  
8.156e-01  9.771e-02  
8.003e-01  1.062e-01  
7.854e-01  1.146e-01  
7.814e-01  1.168e-01  
7.514e-01  1.340e-01  
7.514e-01  1.340e-01  
7.214e-01  1.515e-01  
7.151e-01  1.552e-01  
7.020e-01  1.630e-01  
6.890e-01  1.708e-01  
6.763e-01  1.785e-01  
6.638e-01  1.862e-01  
6.515e-01  1.937e-01  
6.394e-01  2.013e-01  
6.276e-01  2.087e-01  
6.159e-01  2.161e-01  
6.044e-01  2.235e-01  
5.931e-01  2.308e-01  
5.820e-01  2.381e-01  
5.710e-01  2.453e-01  
5.602e-01  2.525e-01  
5.495e-01  2.597e-01  
5.390e-01  2.668e-01  
5.287e-01  2.739e-01  
5.185e-01  2.809e-01  
5.084e-01  2.880e-01  
4.985e-01  2.950e-01  
4.886e-01  3.020e-01  
4.789e-01  3.090e-01  
4.693e-01  3.160e-01  
4.599e-01  3.229e-01  
4.505e-01  3.299e-01  
4.412e-01  3.368e-01  
4.321e-01  3.438e-01  
4.230e-01  3.507e-01  
4.141e-01  3.576e-01  
4.052e-01  3.646e-01  
3.964e-01  3.715e-01  
3.877e-01  3.785e-01  
3.791e-01  3.855e-01  
3.705e-01  3.924e-01  
3.621e-01  3.995e-01  
3.537e-01  4.065e-01  
3.454e-01  4.135e-01  
3.371e-01  4.206e-01  
3.289e-01  4.277e-01  
3.208e-01  4.349e-01  
3.128e-01  4.420e-01  
3.047e-01  4.493e-01  
2.968e-01  4.565e-01  
2.889e-01  4.638e-01  
2.814e-01  4.709e-01  
2.802e-01  4.720e-01  
2.514e-01  5.000e-01  
2.514e-01  5.000e-01  
2.514e-01  5.000e-01  
2.514e-01  5.000e-01  
2.238e-01  5.284e-01  
2.238e-01  5.284e-01  
2.197e-01  5.328e-01  
2.123e-01  5.407e-01  
2.049e-01  5.489e-01  
1.974e-01  5.573e-01  
1.900e-01  5.657e-01  
1.826e-01  5.744e-01  
1.752e-01  5.831e-01  
1.678e-01  5.921e-01  
1.604e-01  6.012e-01  
1.531e-01  6.106e-01  
1.457e-01  6.201e-01  
1.384e-01  6.299e-01  
1.310e-01  6.400e-01  
1.236e-01  6.504e-01  
1.162e-01  6.612e-01  
1.088e-01  6.723e-01  
1.014e-01  6.838e-01  
9.393e-02  6.959e-01  
8.643e-02  7.084e-01  
7.888e-02  7.217e-01  
7.128e-02  7.357e-01  
6.362e-02  7.506e-01  
5.588e-02  7.666e-01  
4.804e-02  7.841e-01  
4.008e-02  8.034e-01  
3.198e-02  8.252e-01  
2.369e-02  8.508e-01  
1.514e-02  8.829e-01  
6.190e-03  9.309e-01  
1.001e+00  1.089e-04  
1.515e-03  9.900e-01  
9.913e-01  5.085e-03  
9.715e-01  1.509e-02  
9.523e-01  2.490e-02  
9.336e-01  3.453e-02  
9.154e-01  4.400e-02  
8.977e-01  5.330e-02  
8.804e-01  6.245e-02  
8.636e-01  7.146e-02  
8.472e-01  8.034e-02  
8.312e-01  8.908e-02  
8.156e-01  9.771e-02  
8.003e-01  1.062e-01  
7.854e-01  1.146e-01  
7.814e-01  1.168e-01  
7.514e-01  1.340e-01  
7.514e-01  1.340e-01  
7.214e-01  1.515e-01  
7.152e-01  1.552e-01  
7.020e-01  1.630e-01  
6.890e-01  1.708e-01  
6.763e-01  1.785e-01  
6.638e-01  1.862e-01  
6.515e-01  1.937e-01  
6.394e-01  2.013e-01  
6.276e-01  2.087e-01  
6.159e-01  2.161e-01  
6.044e-01  2.235e-01  
5.931e-01  2.308e-01  
5.820e-01  2.381e-01  
5.710e-01  2.453e-01  
5.602e-01  2.525e-01  
5.495e-01  2.596e-01  
5.390e-01  2.668e-01  
5.287e-01  2.739e-01  
5.185e-01  2.809e-01  
5.084e-01  2.880e-01  
4.985e-01  2.950e-01  
4.886e-01  3.020e-01  
4.789e-01  3.090e-01  
4.693e-01  3.160e-01  
4.599e-01  3.229e-01  
4.505e-01  3.299e-01  
4.412e-01  3.368e-01  
4.321e-01  3.438e-01  
4.230e-01  3.507e-01  
4.141e-01  3.576e-01  
4.052e-01  3.646e-01  
3.964e-01  3.715e-01  
3.877e-01  3.785e-01  
3.791e-01  3.855e-01  
3.705e-01  3.924e-01  
3.621e-01  3.995e-01  
3.537e-01  4.065e-01  
3.454e-01  4.135e-01  
3.371e-01  4.206e-01  
3.289e-01  4.277e-01  
3.208e-01  4.349e-01  
3.128e-01  4.420e-01  
3.047e-01  4.493e-01  
2.968e-01  4.565e-01  
2.889e-01  4.638e-01  
2.814e-01  4.709e-01  
2.802e-01  4.720e-01  
2.515e-01  5.000e-01  
2.515e-01  5.000e-01  
2.514e-01  5.000e-01  
2.514e-01  5.000e-01  
2.239e-01  5.284e-01  
2.239e-01  5.284e-01  
2.198e-01  5.328e-01  
2.123e-01  5.407e-01  
2.049e-01  5.489e-01  
1.974e-01  5.573e-01  
1.900e-01  5.657e-01  
1.826e-01  5.744e-01  
1.752e-01  5.831e-01  
1.678e-01  5.921e-01  
1.604e-01  6.012e-01  
1.531e-01  6.106e-01  
1.457e-01  6.201e-01  
1.384e-01  6.299e-01  
1.310e-01  6.400e-01  
1.236e-01  6.504e-01  
1.162e-01  6.612e-01  
1.088e-01  6.723e-01  
1.014e-01  6.838e-01  
9.393e-02  6.959e-01  
8.643e-02  7.084e-01  
7.888e-02  7.217e-01  
7.128e-02  7.357e-01  
6.362e-02  7.506e-01  
5.588e-02  7.666e-01  
4.804e-02  7.841e-01  
4.008e-02  8.034e-01  
3.198e-02  8.252e-01  
2.369e-02  8.508e-01  
1.514e-02  8.829e-01  
6.190e-03  9.309e-01  
1.001e+00  1.084e-04  
8.475e-04  9.900e-01  
9.906e-01  5.084e-03  
9.708e-01  1.509e-02  
9.516e-01  2.490e-02  
9.329e-01  3.453e-02  
9.147e-01  4.400e-02  
8.970e-01  5.330e-02  
8.798e-01  6.245e-02  
8.630e-01  7.146e-02  
8.465e-01  8.033e-02  
8.306e-01  8.907e-02  
8.149e-01  9.771e-02  
7.996e-01  1.062e-01  
7.847e-01  1.146e-01  
7.807e-01  1.169e-01  
7.514e-01  1.340e-01  
7.507e-01  1.340e-01  
7.215e-01  1.515e-01  
7.146e-01  1.551e-01  
7.013e-01  1.630e-01  
6.883e-01  1.708e-01  
6.756e-01  1.785e-01  
6.631e-01  1.862e-01  
6.508e-01  1.937e-01  
6.388e-01  2.013e-01  
6.269e-01  2.087e-01  
6.152e-01  2.161e-01  
6.037e-01  2.235e-01  
5.924e-01  2.308e-01  
5.813e-01  2.381e-01  
5.703e-01  2.453e-01  
5.595e-01  2.525e-01  
5.489e-01  2.597e-01  
5.384e-01  2.668e-01  
5.280e-01  2.739e-01  
5.178e-01  2.809e-01  
5.077e-01  2.880e-01  
4.978e-01  2.950e-01  
4.880e-01  3.020e-01  
4.783e-01  3.090e-01  
4.687e-01  3.160e-01  
4.592e-01  3.229e-01  
4.498e-01  3.299e-01  
4.406e-01  3.368e-01  
4.314e-01  3.438e-01  
4.224e-01  3.507e-01  
4.134e-01  3.576e-01  
4.045e-01  3.646e-01  
3.957e-01  3.715e-01  
3.870e-01  3.785e-01  
3.784e-01  3.855e-01  
3.699e-01  3.924e-01  
3.614e-01  3.995e-01  
3.530e-01  4.065e-01  
3.447e-01  4.135e-01  
3.365e-01  4.206e-01  
3.283e-01  4.277e-01  
3.201e-01  4.349e-01  
3.121e-01  4.420e-01  
3.041e-01  4.493e-01  
2.961e-01  4.565e-01  
2.882e-01  4.638e-01  
2.807e-01  4.709e-01  
2.795e-01  4.720e-01  
2.515e-01  5.000e-01  
2.515e-01  5.000e-01  
2.507e-01  5.000e-01  
2.507e-01  5.000e-01  
2.239e-01  5.284e-01  
2.239e-01  5.284e-01  
2.191e-01  5.328e-01  
2.117e-01  5.407e-01  
2.042e-01  5.489e-01  
1.968e-01  5.573e-01  
1.893e-01  5.657e-01  
1.819e-01  5.744e-01  
1.745e-01  5.831e-01  
1.671e-01  5.921e-01  
1.598e-01  6.012e-01  
1.524e-01  6.106e-01  
1.451e-01  6.201e-01  
1.377e-01  6.299e-01  
1.303e-01  6.400e-01  
1.229e-01  6.504e-01  
1.156e-01  6.612e-01  
1.082e-01  6.723e-01  
1.007e-01  6.838e-01  
9.326e-02  6.959e-01  
8.576e-02  7.084e-01  
7.822e-02  7.217e-01  
7.062e-02  7.357e-01  
6.295e-02  7.506e-01  
5.521e-02  7.666e-01  
4.737e-02  7.841e-01  
3.941e-02  8.034e-01  
3.131e-02  8.252e-01  
2.302e-02  8.508e-01  
1.447e-02  8.829e-01  
5.522e-03  9.309e-01  
1.001e+00  1.088e-04  
8.469e-04  9.900e-01  
9.906e-01  5.085e-03  
9.708e-01  1.509e-02  
9.516e-01  2.490e-02  
9.329e-01  3.453e-02  
9.147e-01  4.400e-02  
8.970e-01  5.330e-02  
8.798e-01  6.245e-02  
8.629e-01  7.146e-02  
8.465e-01  8.034e-02  
8.305e-01  8.908e-02  
8.149e-01  9.770e-02  
7.996e-01  1.062e-01  
7.847e-01  1.146e-01  
7.807e-01  1.168e-01  
7.514e-01  1.340e-01  
7.507e-01  1.340e-01  
7.208e-01  1.515e-01  
7.146e-01  1.551e-01  
7.013e-01  1.630e-01  
6.883e-01  1.708e-01  
6.756e-01  1.785e-01  
6.631e-01  1.862e-01  
6.508e-01  1.937e-01  
6.388e-01  2.013e-01  
6.269e-01  2.087e-01  
6.152e-01  2.161e-01  
6.037e-01  2.235e-01  
5.924e-01  2.308e-01  
5.813e-01  2.381e-01  
5.703e-01  2.453e-01  
5.595e-01  2.525e-01  
5.489e-01  2.597e-01  
5.384e-01  2.668e-01  
5.280e-01  2.739e-01  
5.178e-01  2.809e-01  
5.077e-01  2.880e-01  
4.978e-01  2.950e-01  
4.880e-01  3.020e-01  
4.783e-01  3.090e-01  
4.687e-01  3.160e-01  
4.592e-01  3.229e-01  
4.498e-01  3.299e-01  
4.406e-01  3.368e-01  
4.314e-01  3.438e-01  
4.224e-01  3.507e-01  
4.134e-01  3.576e-01  
4.045e-01  3.646e-01  
3.957e-01  3.715e-01  
3.870e-01  3.785e-01  
3.784e-01  3.855e-01  
3.699e-01  3.924e-01  
3.614e-01  3.995e-01  
3.530e-01  4.065e-01  
3.447e-01  4.135e-01  
3.365e-01  4.206e-01  
3.283e-01  4.277e-01  
3.201e-01  4.349e-01  
3.121e-01  4.420e-01  
3.041e-01  4.493e-01  
2.961e-01  4.565e-01  
2.882e-01  4.638e-01  
2.807e-01  4.709e-01  
2.795e-01  4.720e-01  
2.507e-01  5.000e-01  
2.507e-01  5.000e-01  
2.507e-01  5.000e-01  
2.507e-01  5.000e-01  
2.232e-01  5.284e-01  
2.232e-01  5.284e-01  
2.191e-01  5.328e-01  
2.117e-01  5.407e-01  
2.042e-01  5.490e-01  
1.968e-01  5.573e-01  
1.893e-01  5.657e-01  
1.819e-01  5.744e-01  
1.745e-01  5.831e-01  
1.671e-01  5.921e-01  
1.598e-01  6.012e-01  
1.524e-01  6.106e-01  
1.451e-01  6.201e-01  
1.377e-01  6.299e-01  
1.303e-01  6.400e-01  
1.229e-01  6.504e-01  
1.156e-01  6.612e-01  
1.082e-01  6.723e-01  
1.007e-01  6.838e-01  
9.326e-02  6.959e-01  
8.576e-02  7.084e-01  
7.822e-02  7.217e-01  
7.062e-02  7.357e-01  
6.295e-02  7.506e-01  
5.521e-02  7.666e-01  
4.737e-02  7.841e-01  
3.941e-02  8.034e-01  
3.131e-02  8.252e-01  
2.302e-02  8.508e-01  
1.447e-02  8.829e-01  
5.522e-03  9.309e-01  
1.001e+00  1.089e-04  
8.469e-04  9.900e-01  
9.906e-01  5.085e-03  
9.708e-01  1.509e-02  
9.516e-01  2.490e-02  
9.329e-01  3.453e-02  
9.147e-01  4.400e-02  
8.970e-01  5.330e-02  
8.798e-01  6.245e-02  
8.629e-01  7.146e-02  
8.465e-01  8.034e-02  
8.305e-01  8.908e-02  
8.149e-01  9.771e-02  
7.996e-01  1.062e-01  
7.847e-01  1.146e-01  
7.807e-01  1.168e-01  
7.514e-01  1.340e-01  
7.507e-01  1.340e-01  
7.212e-01  1.515e-01  
7.146e-01  1.551e-01  
7.013e-01  1.630e-01  
6.883e-01  1.708e-01  
6.756e-01  1.785e-01  
6.631e-01  1.862e-01  
6.508e-01  1.937e-01  
6.388e-01  2.013e-01  
6.269e-01  2.087e-01  
6.152e-01  2.161e-01  
6.037e-01  2.235e-01  
5.924e-01  2.308e-01  
5.813e-01  2.381e-01  
5.703e-01  2.453e-01  
5.595e-01  2.525e-01  
5.489e-01  2.597e-01  
5.384e-01  2.668e-01  
5.280e-01  2.739e-01  
5.178e-01  2.809e-01  
5.077e-01  2.880e-01  
4.978e-01  2.950e-01  
4.880e-01  3.020e-01  
4.783e-01  3.090e-01  
4.687e-01  3.160e-01  
4.592e-01  3.229e-01  
4.498e-01  3.299e-01  
4.406e-01  3.368e-01  
4.314e-01  3.438e-01  
4.224e-01  3.507e-01  
4.134e-01  3.576e-01  
4.045e-01  3.646e-01  
3.957e-01  3.715e-01  
3.870e-01  3.785e-01  
3.784e-01  3.855e-01  
3.699e-01  3.924e-01  
3.614e-01  3.995e-01  
3.530e-01  4.065e-01  
3.447e-01  4.135e-01  
3.365e-01  4.206e-01  
3.283e-01  4.277e-01  
3.201e-01  4.349e-01  
3.121e-01  4.420e-01  
3.041e-01  4.493e-01  
2.961e-01  4.565e-01  
2.882e-01  4.638e-01  
2.807e-01  4.709e-01  
2.795e-01  4.720e-01  
2.507e-01  5.000e-01  
2.507e-01  5.000e-01  
2.507e-01  5.000e-01  
2.507e-01  5.000e-01  
2.232e-01  5.284e-01  
2.232e-01  5.284e-01  
2.191e-01  5.328e-01  
2.117e-01  5.407e-01  
2.042e-01  5.490e-01  
1.968e-01  5.573e-01  
1.893e-01  5.657e-01  
1.819e-01  5.744e-01  
1.745e-01  5.831e-01  
1.671e-01  5.921e-01  
1.598e-01  6.012e-01  
1.524e-01  6.106e-01  
1.451e-01  6.201e-01  
1.377e-01  6.299e-01  
1.303e-01  6.400e-01  
1.229e-01  6.504e-01  
1.156e-01  6.612e-01  
1.082e-01  6.723e-01  
1.007e-01  6.838e-01  
9.326e-02  6.959e-01  
8.576e-02  7.084e-01  
7.822e-02  7.217e-01  
7.062e-02  7.357e-01  
6.295e-02  7.506e-01  
5.521e-02  7.666e-01  
4.737e-02  7.841e-01  
3.941e-02  8.034e-01  
3.131e-02  8.252e-01  
2.302e-02  8.508e-01  
1.447e-02  8.829e-01  
5.522e-03  9.309e-01  
1.001e+00  1.089e-04  
8.467e-04  9.901e-01  
9.906e-01  5.085e-03  
9.708e-01  1.509e-02  
9.516e-01  2.490e-02  
9.329e-01  3.453e-02  
9.147e-01  4.400e-02  
8.970e-01  5.330e-02  
8.798e-01  6.245e-02  
8.629e-01  7.146e-02  
8.465e-01  8.034e-02  
8.305e-01  8.908e-02  
8.149e-01  9.771e-02  
7.996e-01  1.062e-01  
7.847e-01  1.146e-01  
7.807e-01  1.168e-01  
7.511e-01  1.340e-01  
7.507e-01  1.340e-01  
7.212e-01  1.515e-01  
7.146e-01  1.551e-01  
7.013e-01  1.630e-01  
6.883e-01  1.708e-01  
6.756e-01  1.785e-01  
6.631e-01  1.862e-01  
6.508e-01  1.937e-01  
6.388e-01  2.013e-01  
6.269e-01  2.087e-01  
6.152e-01  2.161e-01  
6.037e-01  2.235e-01  
5.924e-01  2.308e-01  
5.813e-01  2.381e-01  
5.703e-01  2.453e-01  
5.595e-01  2.525e-01  
5.489e-01  2.597e-01  
5.384e-01  2.668e-01  
5.280e-01  2.739e-01  
5.178e-01  2.809e-01  
5.077e-01  2.880e-01  
4.978e-01  2.950e-01  
4.880e-01  3.020e-01  
4.783e-01  3.090e-01  
4.687e-01  3.160e-01  
4.592e-01  3.229e-01  
4.498e-01  3.299e-01  
4.406e-01  3.368e-01  
4.314e-01  3.438e-01  
4.224e-01  3.507e-01  
4.134e-01  3.576e-01  
4.045e-01  3.646e-01  
3.957e-01  3.715e-01  
3.870e-01  3.785e-01  
3.784e-01  3.855e-01  
3.699e-01  3.924e-01  
3.614e-01  3.995e-01  
3.530e-01  4.065e-01  
3.447e-01  4.135e-01  
3.365e-01  4.206e-01  
3.283e-01  4.277e-01  
3.201e-01  4.349e-01  
3.121e-01  4.420e-01  
3.041e-01  4.493e-01  
2.961e-01  4.565e-01  
2.882e-01  4.638e-01  
2.807e-01  4.709e-01  
2.795e-01  4.721e-01  
2.507e-01  5.000e-01  
2.507e-01  5.000e-01  
2.507e-01  5.000e-01  
2.507e-01  5.000e-01  
2.232e-01  5.284e-01  
2.232e-01  5.284e-01  
2.191e-01  5.328e-01  
2.117e-01  5.407e-01  
2.042e-01  5.490e-01  
1.968e-01  5.573e-01  
1.893e-01  5.658e-01  
1.819e-01  5.744e-01  
1.745e-01  5.831e-01  
1.671e-01  5.921e-01  
1.598e-01  6.012e-01  
1.524e-01  6.106e-01  
1.451e-01  6.201e-01  
1.377e-01  6.300e-01  
1.303e-01  6.400e-01  
1.229e-01  6.504e-01  
1.156e-01  6.612e-01  
1.082e-01  6.723e-01  
1.007e-01  6.838e-01  
9.326e-02  6.959e-01  
8.576e-02  7.084e-01  
7.822e-02  7.217e-01  
7.062e-02  7.357e-01  
6.295e-02  7.506e-01  
5.521e-02  7.666e-01  
4.737e-02  7.841e-01  
3.941e-02  8.034e-01  
3.131e-02  8.252e-01  
2.302e-02  8.508e-01  
1.447e-02  8.829e-01  
5.522e-03  9.309e-01  
1.001e+00  1.089e-04  
8.467e-04  9.901e-01  
9.906e-01  5.085e-03  
9.708e-01  1.509e-02  
9.516e-01  2.490e-02  
9.329e-01  3.453e-02  
9.147e-01  4.400e-02  
8.970e-01  5.330e-02  
8.798e-01  6.245e-02  
8.629e-01  7.146e-02  
8.465e-01  8.034e-02  
8.305e-01  8.908e-02  
8.149e-01  9.771e-02  
7.996e-01  1.062e-01  
7.847e-01  1.146e-01  
7.807e-01  1.168e-01  
7.511e-01  1.340e-01  
7.507e-01  1.340e-01  
7.212e-01  1.515e-01  
7.146e-01  1.551e-01  
7.013e-01  1.630e-01  
6.883e-01  1.708e-01  
6.756e-01  1.785e-01  
6.631e-01  1.862e-01  
6.508e-01  1.937e-01  
6.388e-01  2.013e-01  
6.269e-01  2.087e-01  
6.152e-01  2.161e-01  
6.037e-01  2.235e-01  
5.924e-01  2.308e-01  
5.813e-01  2.381e-01  
5.703e-01  2.453e-01  
5.595e-01  2.525e-01  
5.489e-01  2.597e-01  
5.384e-01  2.668e-01  
5.280e-01  2.739e-01  
5.178e-01  2.809e-01  
5.077e-01  2.880e-01  
4.978e-01  2.950e-01  
4.880e-01  3.020e-01  
4.783e-01  3.090e-01  
4.687e-01  3.160e-01  
4.592e-01  3.229e-01  
4.498e-01  3.299e-01  
4.406e-01  3.368e-01  
4.314e-01  3.438e-01  
4.224e-01  3.507e-01  
4.134e-01  3.576e-01  
4.045e-01  3.646e-01  
3.957e-01  3.715e-01  
3.870e-01  3.785e-01  
3.784e-01  3.855e-01  
3.699e-01  3.924e-01  
3.614e-01  3.995e-01  
3.530e-01  4.065e-01  
3.447e-01  4.135e-01  
3.365e-01  4.206e-01  
3.283e-01  4.277e-01  
3.201e-01  4.349e-01  
3.121e-01  4.420e-01  
3.041e-01  4.493e-01  
2.961e-01  4.565e-01  
2.882e-01  4.638e-01  
2.807e-01  4.709e-01  
2.795e-01  4.721e-01  
2.507e-01  5.000e-01  
2.507e-01  5.000e-01  
2.507e-01  5.001e-01  
2.507e-01  5.001e-01  
2.232e-01  5.284e-01  
2.232e-01  5.284e-01  
2.191e-01  5.328e-01  
2.117e-01  5.407e-01  
2.042e-01  5.490e-01  
1.968e-01  5.573e-01  
1.893e-01  5.658e-01  
1.819e-01  5.744e-01  
1.745e-01  5.831e-01  
1.671e-01  5.921e-01  
1.598e-01  6.012e-01  
1.524e-01  6.106e-01  
1.451e-01  6.201e-01  
1.377e-01  6.299e-01  
1.303e-01  6.400e-01  
1.229e-01  6.504e-01  
1.156e-01  6.612e-01  
1.082e-01  6.723e-01  
1.007e-01  6.838e-01  
9.326e-02  6.959e-01  
8.576e-02  7.084e-01  
7.822e-02  7.217e-01  
7.062e-02  7.357e-01  
6.295e-02  7.506e-01  
5.521e-02  7.666e-01  
4.737e-02  7.841e-01  
3.941e-02  8.034e-01  
3.131e-02  8.252e-01  
2.302e-02  8.508e-01  
1.447e-02  8.829e-01  
5.522e-03  9.309e-01  
