4.470e+01  3.864e+01  2.653e+01  
4.888e+01  3.159e+01  3.832e+01  
4.918e+01  4.033e+01  4.015e+01  
5.782e+01  2.075e+01  3.751e+01  
3.392e+01  4.223e+01  3.149e+01  
4.738e+01  3.260e+01  4.517e+01  
3.722e+01  4.219e+01  2.959e+01  
3.895e+01  2.689e+01  4.699e+01  
4.027e+01  3.505e+01  3.275e+01  
4.171e+01  3.489e+01  3.688e+01  
4.005e+01  3.622e+01  3.988e+01  
3.306e+01  3.320e+01  2.524e+01  
2.688e+01  4.149e+01  3.048e+01  
4.453e+01  4.866e+01  3.207e+01  
4.136e+01  4.060e+01  4.037e+01  
4.564e+01  3.898e+01  2.982e+01  
3.305e+01  3.825e+01  4.466e+01  
4.298e+01  3.486e+01  2.668e+01  
5.086e+01  3.737e+01  3.459e+01  
4.533e+01  3.510e+01  3.280e+01  
4.521e+01  3.566e+01  4.691e+01  
4.040e+01  4.212e+01  4.094e+01  
4.467e+01  4.420e+01  3.534e+01  
3.587e+01  2.906e+01  3.745e+01  
3.784e+01  3.610e+01  4.500e+01  
4.473e+01  2.440e+01  3.090e+01  
3.411e+01  2.985e+01  3.872e+01  
3.420e+01  3.385e+01  4.122e+01  
3.362e+01  3.271e+01  3.578e+01  
4.458e+01  3.595e+01  3.556e+01  
4.730e+01  2.602e+01  3.314e+01  
4.050e+01  3.082e+01  3.156e+01  
4.801e+01  2.585e+01  3.888e+01  
4.413e+01  2.097e+01  3.584e+01  
3.121e+01  2.660e+01  3.512e+01  
3.661e+01  3.413e+01  3.375e+01  
4.965e+01  3.090e+01  3.535e+01  
3.849e+01  3.987e+01  2.954e+01  
3.888e+01  2.738e+01  2.894e+01  
4.634e+01  3.576e+01  3.848e+01  
4.233e+01  3.029e+01  2.756e+01  
3.383e+01  4.704e+01  2.989e+01  
4.393e+01  4.173e+01  4.610e+01  
3.925e+01  3.819e+01  2.853e+01  
4.145e+01  3.652e+01  3.404e+01  
4.686e+01  3.759e+01  4.304e+01  
4.439e+01  4.238e+01  4.206e+01  
4.131e+01  2.839e+01  2.808e+01  
3.310e+01  3.614e+01  4.467e+01  
3.576e+01  3.757e+01  3.218e+01  
3.918e+01  3.844e+01  2.783e+01  
3.801e+01  2.570e+01  3.666e+01  
4.111e+01  2.854e+01  3.529e+01  
3.409e+01  2.600e+01  3.700e+01  
4.563e+01  3.926e+01  3.531e+01  
3.524e+01  4.243e+01  3.006e+01  
3.852e+01  3.259e+01  3.489e+01  
4.511e+01  2.969e+01  4.152e+01  
4.205e+01  3.247e+01  3.454e+01  
4.416e+01  3.746e+01  4.493e+01  
4.241e+01  3.048e+01  3.588e+01  
3.940e+01  3.995e+01  3.465e+01  
2.468e+01  3.694e+01  3.364e+01  
3.680e+01  3.490e+01  2.726e+01  
3.303e+01  3.692e+01  3.415e+01  
4.802e+01  2.889e+01  4.031e+01  
3.194e+01  2.630e+01  3.821e+01  
4.392e+01  4.236e+01  4.145e+01  
4.295e+01  3.286e+01  3.937e+01  
3.598e+01  3.545e+01  3.525e+01  
3.634e+01  3.339e+01  3.282e+01  
3.124e+01  3.886e+01  3.456e+01  
3.511e+01  4.229e+01  3.942e+01  
3.886e+01  4.835e+01  3.005e+01  
3.730e+01  2.600e+01  3.888e+01  
5.129e+01  3.347e+01  4.454e+01  
4.492e+01  4.090e+01  3.400e+01  
3.370e+01  2.990e+01  2.862e+01  
4.151e+01  3.760e+01  3.559e+01  
4.774e+01  4.250e+01  3.320e+01  
4.198e+01  3.829e+01  3.591e+01  
4.762e+01  3.695e+01  2.699e+01  
4.380e+01  2.677e+01  3.802e+01  
3.208e+01  3.192e+01  3.332e+01  
4.173e+01  3.628e+01  3.897e+01  
2.837e+01  4.239e+01  4.476e+01  
4.057e+01  3.364e+01  3.595e+01  
4.466e+01  3.300e+01  4.080e+01  
3.683e+01  3.719e+01  2.283e+01  
4.250e+01  3.027e+01  2.965e+01  
4.561e+01  2.707e+01  3.820e+01  
4.841e+01  3.536e+01  2.564e+01  
3.119e+01  3.399e+01  2.823e+01  
4.083e+01  4.152e+01  3.661e+01  
4.203e+01  3.511e+01  2.870e+01  
4.705e+01  3.237e+01  4.154e+01  
3.828e+01  4.168e+01  4.213e+01  
3.193e+01  3.312e+01  4.031e+01  
4.509e+01  3.184e+01  3.145e+01  
4.000e+01  3.692e+01  3.829e+01  
1.071e+00  5.629e-04  1.084e-02  
7.055e-02  1.002e+00  1.049e-02  
7.057e-02  1.368e-04  1.010e+00  
1.070e+00  1.425e-02  4.409e-02  
1.065e+00  1.055e-01  1.099e-02  
1.061e+00  8.476e-04  1.521e-01  
1.051e+00  2.011e-01  1.145e-02  
1.052e+00  1.012e-01  1.776e-01  
1.047e+00  1.873e-01  1.220e-01  
1.027e+00  6.110e-03  3.025e-01  
1.012e+00  3.386e-01  1.227e-02  
1.031e+00  1.680e-01  2.347e-01  
1.017e+00  2.955e-01  1.439e-01  
9.969e-01  7.934e-02  3.794e-01  
9.872e-01  3.912e-01  1.001e-01  
9.934e-01  1.573e-01  3.648e-01  
9.921e-01  3.082e-01  2.489e-01  
9.321e-01  1.676e-02  5.175e-01  
9.112e-01  5.422e-01  1.513e-02  
9.669e-01  2.944e-01  3.441e-01  
9.408e-01  4.620e-01  1.874e-01  
9.179e-01  1.412e-01  5.235e-01  
8.921e-01  5.633e-01  1.092e-01  
9.183e-01  2.457e-01  4.817e-01  
9.160e-01  4.468e-01  3.160e-01  
8.341e-01  6.459e-02  6.535e-01  
8.216e-01  6.593e-01  6.740e-02  
8.819e-01  3.324e-01  4.950e-01  
8.613e-01  5.460e-01  2.949e-01  
8.001e-01  1.241e-01  6.841e-01  
8.058e-01  6.544e-01  1.932e-01  
8.099e-01  2.451e-01  6.392e-01  
8.310e-01  4.963e-01  4.371e-01  
6.991e-01  1.307e-02  7.881e-01  
6.790e-01  7.937e-01  1.986e-02  
7.899e-01  4.753e-01  5.199e-01  
7.420e-01  7.030e-01  2.565e-01  
7.175e-01  2.202e-01  7.431e-01  
6.715e-01  7.911e-01  1.349e-01  
7.237e-01  3.691e-01  6.747e-01  
7.148e-01  6.457e-01  4.235e-01  
6.177e-01  9.987e-02  8.416e-01  
5.925e-01  8.513e-01  8.069e-02  
6.797e-01  4.687e-01  6.536e-01  
6.479e-01  7.348e-01  3.686e-01  
5.878e-01  1.736e-01  8.492e-01  
5.852e-01  8.326e-01  2.206e-01  
5.988e-01  3.302e-01  7.928e-01  
6.170e-01  6.485e-01  5.494e-01  
4.926e-01  4.404e-02  9.161e-01  
4.808e-01  9.118e-01  5.450e-02  
5.761e-01  5.529e-01  6.757e-01  
5.316e-01  8.223e-01  3.490e-01  
4.971e-01  2.040e-01  8.917e-01  
4.738e-01  8.971e-01  1.956e-01  
5.048e-01  3.920e-01  8.229e-01  
5.043e-01  7.304e-01  5.443e-01  
4.101e-01  7.632e-02  9.480e-01  
4.083e-01  9.351e-01  1.246e-01  
4.650e-01  4.964e-01  7.848e-01  
4.444e-01  8.109e-01  4.652e-01  
3.843e-01  1.527e-01  9.480e-01  
3.974e-01  9.051e-01  2.865e-01  
3.935e-01  3.209e-01  9.029e-01  
4.113e-01  6.873e-01  6.544e-01  
3.120e-01  9.981e-03  9.806e-01  
3.010e-01  9.733e-01  1.457e-02  
3.759e-01  6.636e-01  6.957e-01  
3.341e-01  9.138e-01  3.230e-01  
3.218e-01  2.943e-01  9.333e-01  
2.912e-01  9.663e-01  1.574e-01  
3.216e-01  4.857e-01  8.490e-01  
3.123e-01  8.279e-01  5.200e-01  
2.602e-01  1.285e-01  9.840e-01  
2.446e-01  9.824e-01  8.209e-02  
2.822e-01  5.886e-01  7.916e-01  
2.593e-01  8.897e-01  4.287e-01  
2.361e-01  2.098e-01  9.748e-01  
2.280e-01  9.614e-01  2.420e-01  
2.273e-01  3.949e-01  9.158e-01  
2.196e-01  7.715e-01  6.299e-01  
1.872e-01  5.732e-02  1.002e+00  
1.785e-01  9.942e-01  4.850e-02  
2.044e-01  6.444e-01  7.644e-01  
1.880e-01  9.214e-01  3.841e-01  
1.725e-01  2.569e-01  9.721e-01  
1.612e-01  9.778e-01  2.017e-01  
1.624e-01  4.499e-01  8.998e-01  
1.584e-01  8.139e-01  5.854e-01  
1.340e-01  9.216e-02  1.004e+00  
1.269e-01  9.929e-01  1.217e-01  
1.269e-01  5.517e-01  8.435e-01  
1.206e-01  8.794e-01  4.864e-01  
1.043e-01  1.704e-01  9.954e-01  
7.155e-02  9.606e-01  2.916e-01  
9.059e-02  3.523e-01  9.462e-01  
9.347e-02  7.401e-01  6.850e-01  
8.311e-02  2.318e-02  1.010e+00  
7.270e-02  1.000e+00  3.308e-02  
7.271e-02  6.744e-01  7.514e-01  
1.070e+00  1.049e-04  1.026e-02  
7.053e-02  1.000e+00  1.027e-02  
7.055e-02  1.143e-04  1.010e+00  
1.069e+00  3.148e-02  4.529e-02  
1.065e+00  1.034e-01  3.744e-02  
1.060e+00  4.592e-02  1.496e-01  
1.050e+00  2.008e-01  2.640e-02  
1.052e+00  9.505e-02  1.779e-01  
1.046e+00  1.885e-01  1.227e-01  
1.027e+00  3.266e-02  3.021e-01  
1.011e+00  3.396e-01  1.085e-02  
1.029e+00  1.760e-01  2.368e-01  
1.016e+00  2.961e-01  1.447e-01  
9.969e-01  7.920e-02  3.791e-01  
9.868e-01  3.909e-01  9.982e-02  
9.926e-01  1.606e-01  3.642e-01  
9.918e-01  3.078e-01  2.490e-01  
9.310e-01  2.905e-02  5.189e-01  
9.109e-01  5.421e-01  2.694e-02  
9.662e-01  2.943e-01  3.442e-01  
9.401e-01  4.614e-01  1.895e-01  
9.179e-01  1.412e-01  5.235e-01  
8.916e-01  5.624e-01  1.132e-01  
9.177e-01  2.476e-01  4.811e-01  
9.155e-01  4.457e-01  3.102e-01  
8.344e-01  5.801e-02  6.535e-01  
8.216e-01  6.593e-01  6.740e-02  
8.800e-01  3.314e-01  4.952e-01  
8.595e-01  5.444e-01  2.953e-01  
8.001e-01  1.245e-01  6.839e-01  
8.051e-01  6.536e-01  1.930e-01  
8.099e-01  2.429e-01  6.391e-01  
8.247e-01  4.927e-01  4.448e-01  
6.992e-01  2.252e-02  7.876e-01  
6.790e-01  7.937e-01  2.026e-02  
7.876e-01  4.786e-01  5.174e-01  
7.391e-01  7.000e-01  2.619e-01  
7.164e-01  2.210e-01  7.414e-01  
6.699e-01  7.906e-01  1.390e-01  
7.217e-01  3.712e-01  6.722e-01  
7.141e-01  6.448e-01  4.231e-01  
6.180e-01  1.020e-01  8.413e-01  
5.933e-01  8.501e-01  7.828e-02  
6.788e-01  4.671e-01  6.527e-01  
6.481e-01  7.339e-01  3.683e-01  
5.879e-01  1.720e-01  8.491e-01  
5.848e-01  8.314e-01  2.221e-01  
5.998e-01  3.301e-01  7.923e-01  
6.137e-01  6.468e-01  5.460e-01  
4.926e-01  4.205e-02  9.159e-01  
4.801e-01  9.117e-01  5.493e-02  
5.747e-01  5.509e-01  6.764e-01  
5.346e-01  8.162e-01  3.547e-01  
4.965e-01  2.116e-01  8.902e-01  
4.729e-01  8.968e-01  1.957e-01  
5.043e-01  3.934e-01  8.213e-01  
5.057e-01  7.276e-01  5.411e-01  
4.098e-01  7.935e-02  9.477e-01  
4.075e-01  9.348e-01  1.249e-01  
4.649e-01  4.957e-01  7.848e-01  
4.461e-01  8.095e-01  4.630e-01  
3.839e-01  1.527e-01  9.477e-01  
3.966e-01  9.045e-01  2.868e-01  
3.932e-01  3.219e-01  9.005e-01  
4.113e-01  6.870e-01  6.548e-01  
3.126e-01  2.686e-03  9.804e-01  
3.018e-01  9.729e-01  1.123e-02  
3.746e-01  6.633e-01  6.945e-01  
3.350e-01  9.114e-01  3.265e-01  
3.216e-01  2.944e-01  9.326e-01  
2.913e-01  9.643e-01  1.578e-01  
3.192e-01  4.863e-01  8.485e-01  
3.129e-01  8.250e-01  5.216e-01  
2.602e-01  1.277e-01  9.838e-01  
2.443e-01  9.821e-01  8.404e-02  
2.849e-01  5.881e-01  7.913e-01  
2.593e-01  8.897e-01  4.287e-01  
2.360e-01  2.100e-01  9.740e-01  
2.292e-01  9.596e-01  2.430e-01  
2.325e-01  3.959e-01  9.146e-01  
2.322e-01  7.696e-01  6.288e-01  
1.873e-01  5.666e-02  1.002e+00  
1.776e-01  9.941e-01  3.152e-02  
2.061e-01  6.443e-01  7.636e-01  
1.880e-01  9.214e-01  3.841e-01  
1.724e-01  2.569e-01  9.714e-01  
1.611e-01  9.776e-01  2.017e-01  
1.624e-01  4.495e-01  8.992e-01  
1.589e-01  8.136e-01  5.851e-01  
1.340e-01  9.216e-02  1.004e+00  
1.274e-01  9.927e-01  1.177e-01  
1.315e-01  5.507e-01  8.434e-01  
1.021e-01  8.790e-01  4.867e-01  
1.076e-01  1.712e-01  9.948e-01  
9.925e-02  9.597e-01  2.905e-01  
9.694e-02  3.519e-01  9.460e-01  
9.603e-02  7.393e-01  6.832e-01  
8.311e-02  2.318e-02  1.010e+00  
7.075e-02  9.997e-01  3.408e-02  
7.146e-02  6.734e-01  7.498e-01  
1.070e+00  7.045e-05  1.021e-02  
7.053e-02  1.000e+00  1.026e-02  
7.055e-02  7.357e-05  1.010e+00  
1.069e+00  3.695e-02  4.819e-02  
1.065e+00  1.031e-01  4.489e-02  
1.060e+00  4.685e-02  1.507e-01  
1.050e+00  2.007e-01  2.721e-02  
1.052e+00  9.763e-02  1.779e-01  
1.046e+00  1.880e-01  1.245e-01  
1.027e+00  3.463e-02  3.011e-01  
1.011e+00  3.394e-01  2.653e-02  
1.028e+00  1.762e-01  2.367e-01  
1.016e+00  2.958e-01  1.446e-01  
9.968e-01  8.048e-02  3.789e-01  
9.866e-01  3.909e-01  9.990e-02  
9.924e-01  1.597e-01  3.634e-01  
9.916e-01  3.078e-01  2.496e-01  
9.312e-01  3.115e-02  5.184e-01  
9.109e-01  5.419e-01  2.699e-02  
9.662e-01  2.944e-01  3.442e-01  
9.401e-01  4.614e-01  1.895e-01  
9.179e-01  1.412e-01  5.235e-01  
8.916e-01  5.624e-01  1.132e-01  
9.174e-01  2.477e-01  4.810e-01  
9.129e-01  4.450e-01  3.143e-01  
8.344e-01  5.801e-02  6.535e-01  
8.214e-01  6.595e-01  4.935e-02  
8.800e-01  3.314e-01  4.952e-01  
8.594e-01  5.446e-01  2.955e-01  
8.001e-01  1.232e-01  6.840e-01  
8.051e-01  6.536e-01  1.930e-01  
8.094e-01  2.456e-01  6.378e-01  
8.247e-01  4.926e-01  4.448e-01  
6.991e-01  2.324e-02  7.875e-01  
6.789e-01  7.937e-01  2.085e-02  
7.875e-01  4.773e-01  5.183e-01  
7.389e-01  6.998e-01  2.633e-01  
7.162e-01  2.233e-01  7.407e-01  
6.697e-01  7.906e-01  1.382e-01  
7.217e-01  3.712e-01  6.722e-01  
7.141e-01  6.447e-01  4.234e-01  
6.181e-01  1.006e-01  8.413e-01  
5.933e-01  8.501e-01  7.828e-02  
6.784e-01  4.670e-01  6.527e-01  
6.479e-01  7.339e-01  3.684e-01  
5.879e-01  1.718e-01  8.491e-01  
5.849e-01  8.314e-01  2.214e-01  
5.995e-01  3.302e-01  7.923e-01  
6.143e-01  6.465e-01  5.458e-01  
4.926e-01  4.341e-02  9.157e-01  
4.794e-01  9.116e-01  5.305e-02  
5.747e-01  5.509e-01  6.764e-01  
5.346e-01  8.162e-01  3.546e-01  
4.927e-01  2.221e-01  8.895e-01  
4.729e-01  8.967e-01  1.961e-01  
5.019e-01  3.958e-01  8.212e-01  
5.063e-01  7.272e-01  5.408e-01  
4.098e-01  7.935e-02  9.477e-01  
4.069e-01  9.348e-01  1.249e-01  
4.649e-01  4.946e-01  7.848e-01  
4.461e-01  8.095e-01  4.630e-01  
3.842e-01  1.533e-01  9.474e-01  
3.964e-01  9.043e-01  2.869e-01  
3.932e-01  3.220e-01  9.005e-01  
4.113e-01  6.870e-01  6.548e-01  
3.126e-01  2.686e-03  9.804e-01  
3.018e-01  9.729e-01  1.065e-02  
3.741e-01  6.632e-01  6.945e-01  
3.350e-01  9.114e-01  3.265e-01  
3.216e-01  2.943e-01  9.326e-01  
2.914e-01  9.642e-01  1.574e-01  
3.192e-01  4.863e-01  8.485e-01  
3.127e-01  8.249e-01  5.217e-01  
2.606e-01  1.279e-01  9.838e-01  
2.443e-01  9.820e-01  8.431e-02  
2.842e-01  5.878e-01  7.908e-01  
2.583e-01  8.887e-01  4.291e-01  
2.360e-01  2.100e-01  9.740e-01  
2.294e-01  9.596e-01  2.429e-01  
2.330e-01  3.961e-01  9.141e-01  
2.330e-01  7.696e-01  6.285e-01  
1.873e-01  5.666e-02  1.002e+00  
1.773e-01  9.936e-01  4.953e-02  
2.053e-01  6.443e-01  7.632e-01  
1.880e-01  9.214e-01  3.841e-01  
1.723e-01  2.567e-01  9.714e-01  
1.611e-01  9.774e-01  2.019e-01  
1.623e-01  4.497e-01  8.992e-01  
1.596e-01  8.135e-01  5.850e-01  
1.340e-01  9.216e-02  1.004e+00  
1.274e-01  9.923e-01  1.207e-01  
1.314e-01  5.512e-01  8.427e-01  
1.010e-01  8.788e-01  4.866e-01  
1.076e-01  1.712e-01  9.948e-01  
9.718e-02  9.596e-01  2.906e-01  
9.699e-02  3.520e-01  9.460e-01  
9.645e-02  7.393e-01  6.833e-01  
8.311e-02  2.318e-02  1.010e+00  
7.064e-02  9.997e-01  3.414e-02  
7.089e-02  6.733e-01  7.497e-01  
1.070e+00  7.024e-05  1.025e-02  
7.045e-02  1.000e+00  1.728e-02  
7.045e-02  2.718e-03  1.010e+00  
1.069e+00  3.695e-02  4.819e-02  
1.065e+00  1.031e-01  4.489e-02  
1.060e+00  4.667e-02  1.501e-01  
1.050e+00  2.019e-01  2.728e-02  
1.051e+00  1.003e-01  1.780e-01  
1.046e+00  1.892e-01  1.244e-01  
1.026e+00  4.151e-02  3.021e-01  
1.010e+00  3.420e-01  2.767e-02  
1.028e+00  1.761e-01  2.367e-01  
1.016e+00  2.962e-01  1.446e-01  
9.955e-01  8.130e-02  3.817e-01  
9.866e-01  3.908e-01  1.002e-01  
9.912e-01  1.621e-01  3.656e-01  
9.912e-01  3.105e-01  2.500e-01  
9.296e-01  1.478e-04  5.221e-01  
9.085e-01  5.455e-01  2.765e-02  
9.656e-01  2.935e-01  3.459e-01  
9.377e-01  4.638e-01  1.918e-01  
9.161e-01  1.343e-01  5.272e-01  
8.884e-01  5.660e-01  1.142e-01  
9.145e-01  2.486e-01  4.856e-01  
9.103e-01  4.487e-01  3.169e-01  
8.306e-01  6.655e-02  6.565e-01  
8.167e-01  6.623e-01  7.809e-02  
8.788e-01  3.321e-01  4.969e-01  
8.565e-01  5.480e-01  2.970e-01  
7.958e-01  1.254e-01  6.876e-01  
8.015e-01  6.571e-01  1.940e-01  
8.057e-01  2.468e-01  6.421e-01  
8.213e-01  4.954e-01  4.472e-01  
6.947e-01  2.000e-02  7.913e-01  
6.743e-01  7.972e-01  2.062e-02  
7.841e-01  4.794e-01  5.212e-01  
7.349e-01  7.033e-01  2.641e-01  
7.118e-01  2.247e-01  7.443e-01  
6.661e-01  7.933e-01  1.389e-01  
7.177e-01  3.723e-01  6.758e-01  
7.096e-01  6.478e-01  4.254e-01  
6.127e-01  9.893e-02  8.449e-01  
5.882e-01  8.529e-01  8.246e-02  
6.741e-01  4.696e-01  6.554e-01  
6.429e-01  7.371e-01  3.697e-01  
5.821e-01  1.718e-01  8.523e-01  
5.793e-01  8.344e-01  2.228e-01  
5.948e-01  3.313e-01  7.949e-01  
6.092e-01  6.491e-01  5.477e-01  
4.864e-01  4.071e-02  9.188e-01  
4.739e-01  9.142e-01  4.819e-02  
5.687e-01  5.534e-01  6.780e-01  
5.286e-01  8.190e-01  3.558e-01  
4.895e-01  2.241e-01  8.912e-01  
4.672e-01  8.989e-01  1.966e-01  
4.965e-01  3.970e-01  8.232e-01  
4.995e-01  7.299e-01  5.427e-01  
4.035e-01  7.929e-02  9.501e-01  
4.017e-01  9.369e-01  1.224e-01  
4.584e-01  4.972e-01  7.869e-01  
4.404e-01  8.102e-01  4.656e-01  
3.774e-01  1.523e-01  9.499e-01  
3.908e-01  9.073e-01  2.842e-01  
3.834e-01  3.196e-01  9.048e-01  
4.039e-01  6.874e-01  6.557e-01  
3.050e-01  1.726e-03  9.823e-01  
2.945e-01  9.746e-01  1.700e-02  
3.655e-01  6.651e-01  6.970e-01  
3.297e-01  9.127e-01  3.267e-01  
3.151e-01  2.948e-01  9.340e-01  
2.836e-01  9.661e-01  1.581e-01  
3.145e-01  4.868e-01  8.494e-01  
3.047e-01  8.264e-01  5.227e-01  
2.539e-01  1.277e-01  9.852e-01  
2.372e-01  9.833e-01  8.359e-02  
2.776e-01  5.892e-01  7.915e-01  
2.575e-01  8.888e-01  4.291e-01  
2.237e-01  2.111e-01  9.761e-01  
2.205e-01  9.614e-01  2.416e-01  
2.233e-01  3.965e-01  9.159e-01  
2.264e-01  7.704e-01  6.286e-01  
1.799e-01  5.718e-02  1.003e+00  
1.711e-01  9.943e-01  4.761e-02  
1.884e-01  6.449e-01  7.655e-01  
1.784e-01  9.211e-01  3.847e-01  
1.644e-01  2.572e-01  9.722e-01  
1.539e-01  9.780e-01  2.016e-01  
1.461e-01  4.499e-01  9.001e-01  
1.480e-01  8.148e-01  5.851e-01  
1.223e-01  9.313e-02  1.005e+00  
1.170e-01  9.932e-01  1.219e-01  
1.229e-01  5.516e-01  8.436e-01  
1.010e-01  8.788e-01  4.866e-01  
9.846e-02  1.715e-01  9.952e-01  
8.530e-02  9.599e-01  2.907e-01  
9.289e-02  3.521e-01  9.460e-01  
7.114e-02  7.396e-01  6.835e-01  
7.367e-02  2.274e-02  1.010e+00  
7.059e-02  9.997e-01  3.403e-02  
7.045e-02  3.855e-03  1.011e+00  
1.034e+00  1.400e-04  1.488e-04  
3.188e-02  1.002e+00  9.255e-05  
3.185e-02  8.551e-05  1.000e+00  
1.031e+00  3.273e-02  3.106e-02  
1.026e+00  1.029e-01  3.401e-02  
1.021e+00  4.504e-02  1.418e-01  
1.011e+00  1.996e-01  2.871e-02  
1.013e+00  9.718e-02  1.680e-01  
1.008e+00  1.895e-01  1.036e-01  
9.879e-01  3.845e-02  2.922e-01  
9.725e-01  3.397e-01  8.186e-03  
9.917e-01  1.722e-01  2.251e-01  
9.784e-01  2.953e-01  1.342e-01  
9.589e-01  7.589e-02  3.694e-01  
9.488e-01  3.905e-01  8.819e-02  
9.542e-01  1.599e-01  3.539e-01  
9.541e-01  3.052e-01  2.401e-01  
8.925e-01  3.186e-02  5.084e-01  
8.730e-01  5.416e-01  4.493e-03  
9.278e-01  2.945e-01  3.340e-01  
9.033e-01  4.595e-01  1.767e-01  
8.803e-01  1.336e-01  5.139e-01  
8.524e-01  5.627e-01  1.042e-01  
8.785e-01  2.472e-01  4.726e-01  
8.762e-01  4.455e-01  3.014e-01  
7.956e-01  6.623e-02  6.425e-01  
7.815e-01  6.591e-01  6.545e-02  
8.410e-01  3.321e-01  4.855e-01  
8.212e-01  5.450e-01  2.854e-01  
7.615e-01  1.188e-01  6.742e-01  
7.686e-01  6.548e-01  1.808e-01  
7.709e-01  2.432e-01  6.288e-01  
7.872e-01  4.923e-01  4.352e-01  
6.611e-01  2.410e-02  7.773e-01  
6.406e-01  7.942e-01  1.702e-03  
7.493e-01  4.772e-01  5.087e-01  
7.005e-01  6.999e-01  2.523e-01  
6.776e-01  2.234e-01  7.306e-01  
6.321e-01  7.899e-01  1.275e-01  
6.835e-01  3.715e-01  6.625e-01  
6.753e-01  6.448e-01  4.132e-01  
5.803e-01  8.975e-02  8.320e-01  
5.550e-01  8.506e-01  6.700e-02  
6.398e-01  4.675e-01  6.422e-01  
6.098e-01  7.346e-01  3.576e-01  
5.486e-01  1.738e-01  8.391e-01  
5.460e-01  8.318e-01  2.117e-01  
5.636e-01  3.306e-01  7.845e-01  
5.758e-01  6.467e-01  5.363e-01  
4.542e-01  3.975e-02  9.063e-01  
4.422e-01  9.124e-01  2.461e-02  
5.352e-01  5.519e-01  6.663e-01  
4.953e-01  8.171e-01  3.447e-01  
4.553e-01  2.187e-01  8.801e-01  
4.352e-01  8.969e-01  1.845e-01  
4.629e-01  3.959e-01  8.116e-01  
4.678e-01  7.277e-01  5.305e-01  
3.715e-01  7.807e-02  9.379e-01  
3.697e-01  9.351e-01  1.130e-01  
4.249e-01  4.965e-01  7.762e-01  
4.080e-01  8.083e-01  4.534e-01  
3.455e-01  1.528e-01  9.378e-01  
3.586e-01  9.045e-01  2.768e-01  
3.542e-01  3.220e-01  8.913e-01  
3.709e-01  6.892e-01  6.412e-01  
2.704e-01  7.093e-03  9.715e-01  
2.631e-01  9.730e-01  1.054e-03  
3.368e-01  6.652e-01  6.845e-01  
2.962e-01  9.111e-01  3.175e-01  
2.828e-01  2.943e-01  9.235e-01  
2.503e-01  9.664e-01  1.416e-01  
2.799e-01  4.851e-01  8.391e-01  
2.748e-01  8.274e-01  5.100e-01  
2.172e-01  1.293e-01  9.750e-01  
2.038e-01  9.832e-01  6.782e-02  
2.435e-01  5.884e-01  7.811e-01  
2.258e-01  8.880e-01  4.180e-01  
1.956e-01  2.109e-01  9.647e-01  
1.903e-01  9.602e-01  2.319e-01  
1.942e-01  3.952e-01  9.047e-01  
1.949e-01  7.700e-01  6.173e-01  
1.486e-01  5.627e-02  9.918e-01  
1.396e-01  9.942e-01  2.339e-02  
1.681e-01  6.443e-01  7.538e-01  
1.487e-01  9.203e-01  3.740e-01  
1.281e-01  2.570e-01  9.623e-01  
1.161e-01  9.785e-01  1.895e-01  
1.261e-01  4.494e-01  8.886e-01  
1.093e-01  8.150e-01  5.754e-01  
9.548e-02  9.052e-02  9.941e-01  
8.728e-02  9.930e-01  1.071e-01  
8.546e-02  5.515e-01  8.328e-01  
3.266e-02  8.793e-01  4.765e-01  
7.192e-02  1.709e-01  9.850e-01  
3.450e-02  9.598e-01  2.811e-01  
3.347e-02  3.524e-01  9.365e-01  
3.478e-02  7.395e-01  6.733e-01  
3.977e-02  2.207e-02  9.998e-01  
3.351e-02  9.999e-01  1.392e-02  
3.271e-02  6.732e-01  7.395e-01  
1.024e+00  9.809e-05  5.341e-05  
2.349e-02  1.000e+00  9.092e-05  
2.351e-02  6.542e-05  1.000e+00  
1.022e+00  3.795e-02  3.494e-02  
1.018e+00  1.053e-01  2.488e-02  
1.013e+00  4.451e-02  1.417e-01  
1.003e+00  2.005e-01  1.073e-02  
1.005e+00  9.837e-02  1.650e-01  
9.992e-01  1.884e-01  1.140e-01  
9.797e-01  2.889e-02  2.920e-01  
9.640e-01  3.393e-01  1.858e-02  
9.826e-01  1.725e-01  2.264e-01  
9.704e-01  2.944e-01  1.337e-01  
9.500e-01  7.575e-02  3.691e-01  
9.397e-01  3.908e-01  9.005e-02  
9.452e-01  1.600e-01  3.547e-01  
9.454e-01  3.083e-01  2.381e-01  
8.841e-01  3.289e-02  5.086e-01  
8.639e-01  5.423e-01  1.065e-02  
9.202e-01  2.931e-01  3.343e-01  
8.931e-01  4.613e-01  1.804e-01  
8.705e-01  1.417e-01  5.130e-01  
8.443e-01  5.627e-01  1.019e-01  
8.699e-01  2.467e-01  4.726e-01  
8.672e-01  4.459e-01  3.037e-01  
7.876e-01  6.554e-02  6.423e-01  
7.738e-01  6.591e-01  6.177e-02  
8.328e-01  3.321e-01  4.852e-01  
8.127e-01  5.450e-01  2.844e-01  
7.527e-01  1.225e-01  6.745e-01  
7.590e-01  6.539e-01  1.819e-01  
7.622e-01  2.448e-01  6.286e-01  
7.777e-01  4.926e-01  4.348e-01  
6.523e-01  2.381e-02  7.776e-01  
6.319e-01  7.938e-01  1.302e-04  
7.414e-01  4.767e-01  5.085e-01  
6.930e-01  6.984e-01  2.532e-01  
6.692e-01  2.231e-01  7.307e-01  
6.236e-01  7.897e-01  1.291e-01  
6.750e-01  3.712e-01  6.622e-01  
6.672e-01  6.446e-01  4.135e-01  
5.705e-01  9.493e-02  8.319e-01  
5.463e-01  8.500e-01  6.589e-02  
6.305e-01  4.695e-01  6.423e-01  
6.013e-01  7.342e-01  3.580e-01  
5.406e-01  1.714e-01  8.386e-01  
5.383e-01  8.318e-01  2.113e-01  
5.516e-01  3.305e-01  7.831e-01  
5.674e-01  6.466e-01  5.353e-01  
4.459e-01  1.643e-03  9.065e-01  
4.332e-01  9.113e-01  4.388e-02  
5.273e-01  5.514e-01  6.656e-01  
4.877e-01  8.164e-01  3.444e-01  
4.485e-01  2.199e-01  8.786e-01  
4.264e-01  8.964e-01  1.854e-01  
4.567e-01  3.956e-01  8.107e-01  
4.598e-01  7.282e-01  5.295e-01  
3.633e-01  6.294e-02  9.387e-01  
3.610e-01  9.351e-01  1.147e-01  
4.176e-01  4.963e-01  7.743e-01  
3.997e-01  8.084e-01  4.535e-01  
3.344e-01  1.529e-01  9.384e-01  
3.483e-01  9.045e-01  2.766e-01  
3.462e-01  3.222e-01  8.910e-01  
3.628e-01  6.858e-01  6.442e-01  
2.657e-01  1.019e-02  9.709e-01  
2.547e-01  9.729e-01  4.792e-04  
3.261e-01  6.638e-01  6.849e-01  
2.882e-01  9.112e-01  3.163e-01  
2.763e-01  2.925e-01  9.229e-01  
2.446e-01  9.653e-01  1.439e-01  
2.704e-01  4.866e-01  8.386e-01  
2.657e-01  8.247e-01  5.114e-01  
2.101e-01  1.287e-01  9.742e-01  
1.974e-01  9.827e-01  7.251e-02  
2.350e-01  5.883e-01  7.810e-01  
2.142e-01  8.881e-01  4.185e-01  
1.852e-01  2.109e-01  9.643e-01  
1.797e-01  9.608e-01  2.306e-01  
1.872e-01  3.960e-01  9.041e-01  
1.861e-01  7.696e-01  6.179e-01  
1.376e-01  5.617e-02  9.921e-01  
1.286e-01  9.939e-01  3.689e-02  
1.595e-01  6.437e-01  7.535e-01  
1.396e-01  9.205e-01  3.743e-01  
1.229e-01  2.568e-01  9.619e-01  
1.135e-01  9.778e-01  1.915e-01  
1.139e-01  4.489e-01  8.898e-01  
1.093e-01  8.146e-01  5.754e-01  
8.598e-02  9.249e-02  9.939e-01  
8.026e-02  9.929e-01  1.091e-01  
8.699e-02  5.515e-01  8.328e-01  
7.841e-02  8.780e-01  4.759e-01  
4.857e-02  1.710e-01  9.854e-01  
5.045e-02  9.596e-01  2.807e-01  
4.934e-02  3.521e-01  9.360e-01  
4.501e-02  7.395e-01  6.733e-01  
3.670e-02  2.350e-02  9.997e-01  
2.384e-02  9.997e-01  2.393e-02  
2.462e-02  6.727e-01  7.405e-01  
1.023e+00  8.164e-05  9.666e-05  
2.351e-02  1.000e+00  8.209e-05  
2.351e-02  1.421e-05  1.000e+00  
1.022e+00  3.795e-02  3.494e-02  
1.018e+00  1.053e-01  2.488e-02  
1.013e+00  4.545e-02  1.396e-01  
1.003e+00  2.007e-01  1.863e-04  
1.005e+00  9.448e-02  1.675e-01  
9.988e-01  1.901e-01  1.139e-01  
9.797e-01  3.609e-02  2.910e-01  
9.640e-01  3.393e-01  1.858e-02  
9.818e-01  1.751e-01  2.262e-01  
9.703e-01  2.950e-01  1.325e-01  
9.500e-01  7.516e-02  3.692e-01  
9.397e-01  3.908e-01  9.005e-02  
9.452e-01  1.600e-01  3.547e-01  
9.451e-01  3.079e-01  2.392e-01  
8.839e-01  3.380e-02  5.084e-01  
8.638e-01  5.423e-01  1.064e-02  
9.196e-01  2.932e-01  3.337e-01  
8.931e-01  4.613e-01  1.804e-01  
8.705e-01  1.406e-01  5.131e-01  
8.441e-01  5.627e-01  1.028e-01  
8.698e-01  2.472e-01  4.726e-01  
8.658e-01  4.457e-01  3.043e-01  
7.873e-01  6.542e-02  6.429e-01  
7.738e-01  6.591e-01  6.177e-02  
8.327e-01  3.319e-01  4.848e-01  
8.127e-01  5.450e-01  2.841e-01  
7.527e-01  1.209e-01  6.736e-01  
7.590e-01  6.538e-01  1.799e-01  
7.618e-01  2.458e-01  6.282e-01  
7.775e-01  4.925e-01  4.346e-01  
6.520e-01  2.478e-02  7.774e-01  
6.318e-01  7.936e-01  1.201e-02  
7.410e-01  4.776e-01  5.074e-01  
6.913e-01  7.002e-01  2.533e-01  
6.691e-01  2.231e-01  7.304e-01  
6.236e-01  7.895e-01  1.287e-01  
6.747e-01  3.711e-01  6.620e-01  
6.670e-01  6.447e-01  4.131e-01  
5.716e-01  9.126e-02  8.316e-01  
5.460e-01  8.497e-01  7.128e-02  
6.312e-01  4.683e-01  6.417e-01  
6.011e-01  7.340e-01  3.575e-01  
5.403e-01  1.733e-01  8.386e-01  
5.377e-01  8.313e-01  2.118e-01  
5.531e-01  3.298e-01  7.819e-01  
5.671e-01  6.464e-01  5.355e-01  
4.451e-01  3.754e-02  9.062e-01  
4.333e-01  9.112e-01  4.476e-02  
5.275e-01  5.512e-01  6.656e-01  
4.875e-01  8.161e-01  3.446e-01  
4.477e-01  2.237e-01  8.778e-01  
4.263e-01  8.962e-01  1.860e-01  
4.562e-01  3.956e-01  8.103e-01  
4.592e-01  7.272e-01  5.307e-01  
3.623e-01  7.939e-02  9.375e-01  
3.612e-01  9.344e-01  1.144e-01  
4.176e-01  4.961e-01  7.742e-01  
4.003e-01  8.080e-01  4.533e-01  
3.346e-01  1.529e-01  9.383e-01  
3.502e-01  9.039e-01  2.766e-01  
3.454e-01  3.217e-01  8.907e-01  
3.633e-01  6.858e-01  6.442e-01  
2.657e-01  1.019e-02  9.709e-01  
2.548e-01  9.729e-01  1.738e-04  
3.269e-01  6.633e-01  6.843e-01  
2.887e-01  9.110e-01  3.164e-01  
2.760e-01  2.917e-01  9.229e-01  
2.421e-01  9.650e-01  1.455e-01  
2.750e-01  4.862e-01  8.376e-01  
2.657e-01  8.247e-01  5.114e-01  
2.135e-01  1.290e-01  9.734e-01  
1.967e-01  9.823e-01  7.188e-02  
2.376e-01  5.876e-01  7.806e-01  
2.145e-01  8.881e-01  4.185e-01  
1.890e-01  2.108e-01  9.636e-01  
1.795e-01  9.601e-01  2.327e-01  
1.860e-01  3.961e-01  9.038e-01  
1.870e-01  7.694e-01  6.177e-01  
1.398e-01  5.522e-02  9.919e-01  
1.311e-01  9.935e-01  3.718e-02  
1.596e-01  6.441e-01  7.531e-01  
1.389e-01  9.203e-01  3.742e-01  
1.254e-01  2.561e-01  9.614e-01  
1.126e-01  9.776e-01  1.912e-01  
1.153e-01  4.495e-01  8.888e-01  
1.093e-01  8.146e-01  5.754e-01  
8.656e-02  9.291e-02  9.937e-01  
7.048e-02  9.928e-01  1.116e-01  
8.749e-02  5.511e-01  8.327e-01  
7.878e-02  8.779e-01  4.759e-01  
4.718e-02  1.714e-01  9.850e-01  
5.045e-02  9.596e-01  2.807e-01  
4.934e-02  3.521e-01  9.360e-01  
4.501e-02  7.395e-01  6.733e-01  
3.474e-02  2.397e-02  9.997e-01  
2.385e-02  9.997e-01  2.367e-02  
2.462e-02  6.727e-01  7.405e-01  
1.000e+00  7.932e-05  9.101e-05  
9.646e-05  1.000e+00  9.097e-05  
1.080e-04  6.005e-05  1.000e+00  
9.989e-01  3.697e-02  3.164e-02  
9.943e-01  1.009e-01  3.473e-02  
9.894e-01  4.446e-02  1.396e-01  
9.796e-01  2.009e-01  9.327e-04  
9.811e-01  1.007e-01  1.662e-01  
9.757e-01  1.876e-01  1.138e-01  
9.564e-01  3.712e-02  2.904e-01  
9.407e-01  3.393e-01  6.884e-04  
9.586e-01  1.742e-01  2.262e-01  
9.461e-01  2.958e-01  1.329e-01  
9.265e-01  7.992e-02  3.683e-01  
9.167e-01  3.909e-01  8.889e-02  
9.223e-01  1.534e-01  3.549e-01  
9.217e-01  3.070e-01  2.384e-01  
8.609e-01  3.149e-02  5.083e-01  
8.404e-01  5.421e-01  8.662e-04  
8.960e-01  2.936e-01  3.338e-01  
8.691e-01  4.613e-01  1.794e-01  
8.469e-01  1.426e-01  5.129e-01  
8.205e-01  5.629e-01  1.026e-01  
8.479e-01  2.472e-01  4.713e-01  
8.430e-01  4.453e-01  3.029e-01  
7.634e-01  6.618e-02  6.428e-01  
7.514e-01  6.600e-01  9.001e-03  
8.091e-01  3.320e-01  4.854e-01  
7.888e-01  5.459e-01  2.851e-01  
7.291e-01  1.235e-01  6.736e-01  
7.346e-01  6.537e-01  1.829e-01  
7.384e-01  2.458e-01  6.282e-01  
7.557e-01  4.902e-01  4.359e-01  
6.287e-01  1.910e-02  7.777e-01  
6.086e-01  7.937e-01  8.849e-03  
7.159e-01  4.785e-01  5.094e-01  
6.702e-01  7.000e-01  2.495e-01  
6.458e-01  2.231e-01  7.306e-01  
6.000e-01  7.907e-01  1.253e-01  
6.514e-01  3.705e-01  6.627e-01  
6.438e-01  6.447e-01  4.134e-01  
5.484e-01  9.663e-02  8.310e-01  
5.231e-01  8.504e-01  6.606e-02  
6.078e-01  4.683e-01  6.418e-01  
5.776e-01  7.339e-01  3.581e-01  
5.171e-01  1.725e-01  8.385e-01  
5.152e-01  8.318e-01  2.101e-01  
5.298e-01  3.281e-01  7.825e-01  
5.399e-01  6.486e-01  5.375e-01  
4.222e-01  3.698e-02  9.059e-01  
4.094e-01  9.114e-01  4.457e-02  
5.040e-01  5.513e-01  6.656e-01  
4.643e-01  8.165e-01  3.442e-01  
4.248e-01  2.229e-01  8.777e-01  
4.029e-01  8.966e-01  1.855e-01  
4.334e-01  3.954e-01  8.101e-01  
4.368e-01  7.269e-01  5.310e-01  
3.398e-01  7.628e-02  9.376e-01  
3.378e-01  9.346e-01  1.141e-01  
3.940e-01  4.961e-01  7.740e-01  
3.768e-01  8.084e-01  4.537e-01  
3.134e-01  1.516e-01  9.376e-01  
3.265e-01  9.045e-01  2.761e-01  
3.227e-01  3.210e-01  8.906e-01  
3.404e-01  6.860e-01  6.437e-01  
2.421e-01  1.262e-02  9.703e-01  
2.313e-01  9.729e-01  7.899e-04  
3.036e-01  6.632e-01  6.844e-01  
2.656e-01  9.111e-01  3.164e-01  
2.525e-01  2.946e-01  9.218e-01  
2.209e-01  9.643e-01  1.476e-01  
2.514e-01  4.859e-01  8.375e-01  
2.407e-01  8.252e-01  5.116e-01  
1.896e-01  1.292e-01  9.734e-01  
1.740e-01  9.822e-01  7.336e-02  
2.124e-01  5.879e-01  7.809e-01  
1.925e-01  8.878e-01  4.184e-01  
1.651e-01  2.107e-01  9.637e-01  
1.592e-01  9.598e-01  2.325e-01  
1.609e-01  3.923e-01  9.065e-01  
1.636e-01  7.693e-01  6.179e-01  
1.163e-01  5.690e-02  9.917e-01  
1.080e-01  9.936e-01  3.722e-02  
1.347e-01  6.441e-01  7.534e-01  
1.140e-01  9.212e-01  3.734e-01  
9.839e-02  2.551e-01  9.623e-01  
8.371e-02  9.785e-01  1.902e-01  
9.473e-02  4.492e-01  8.886e-01  
8.919e-02  8.135e-01  5.748e-01  
5.691e-02  9.327e-02  9.940e-01  
4.450e-02  9.930e-01  1.120e-01  
6.086e-02  5.518e-01  8.319e-01  
1.988e-02  8.789e-01  4.768e-01  
3.593e-02  1.710e-01  9.847e-01  
4.170e-04  9.599e-01  2.810e-01  
2.233e-02  3.521e-01  9.360e-01  
2.456e-02  7.393e-01  6.731e-01  
1.311e-02  2.262e-02  9.997e-01  
3.133e-04  9.998e-01  2.346e-02  
7.914e-04  6.733e-01  7.394e-01  
1.000e+00  8.445e-05  8.243e-05  
4.897e-05  1.000e+00  8.979e-05  
2.946e-05  2.604e-05  1.000e+00  
9.987e-01  3.824e-02  3.533e-02  
9.943e-01  1.014e-01  3.472e-02  
9.893e-01  4.172e-02  1.407e-01  
9.796e-01  2.001e-01  1.822e-02  
9.811e-01  1.006e-01  1.654e-01  
9.754e-01  1.894e-01  1.139e-01  
9.559e-01  3.471e-02  2.920e-01  
9.406e-01  3.396e-01  9.780e-05  
9.586e-01  1.741e-01  2.261e-01  
9.461e-01  2.959e-01  1.336e-01  
9.262e-01  7.998e-02  3.689e-01  
9.161e-01  3.907e-01  9.014e-02  
9.220e-01  1.596e-01  3.535e-01  
9.213e-01  3.070e-01  2.398e-01  
8.609e-01  3.149e-02  5.083e-01  
8.404e-01  5.422e-01  7.865e-04  
8.957e-01  2.942e-01  3.339e-01  
8.691e-01  4.611e-01  1.798e-01  
8.469e-01  1.422e-01  5.127e-01  
8.204e-01  5.629e-01  1.026e-01  
8.476e-01  2.463e-01  4.708e-01  
8.430e-01  4.453e-01  3.029e-01  
7.633e-01  6.598e-02  6.428e-01  
7.509e-01  6.581e-01  6.084e-02  
8.091e-01  3.320e-01  4.854e-01  
7.900e-01  5.436e-01  2.842e-01  
7.291e-01  1.230e-01  6.736e-01  
7.347e-01  6.537e-01  1.829e-01  
7.384e-01  2.458e-01  6.282e-01  
7.557e-01  4.899e-01  4.355e-01  
6.287e-01  1.910e-02  7.777e-01  
6.084e-01  7.937e-01  1.222e-02  
7.159e-01  4.785e-01  5.094e-01  
6.702e-01  7.000e-01  2.495e-01  
6.458e-01  2.224e-01  7.306e-01  
6.000e-01  7.907e-01  1.253e-01  
6.512e-01  3.706e-01  6.627e-01  
6.438e-01  6.446e-01  4.133e-01  
5.476e-01  1.019e-01  8.307e-01  
5.218e-01  8.503e-01  7.139e-02  
6.078e-01  4.683e-01  6.418e-01  
5.776e-01  7.339e-01  3.581e-01  
5.171e-01  1.722e-01  8.385e-01  
5.151e-01  8.317e-01  2.094e-01  
5.299e-01  3.284e-01  7.821e-01  
5.449e-01  6.453e-01  5.359e-01  
4.222e-01  3.698e-02  9.059e-01  
4.094e-01  9.114e-01  4.457e-02  
5.039e-01  5.510e-01  6.653e-01  
4.642e-01  8.165e-01  3.447e-01  
4.249e-01  2.230e-01  8.775e-01  
4.028e-01  8.966e-01  1.853e-01  
4.332e-01  3.955e-01  8.100e-01  
4.368e-01  7.269e-01  5.310e-01  
3.397e-01  7.853e-02  9.374e-01  
3.378e-01  9.344e-01  1.147e-01  
3.940e-01  4.961e-01  7.740e-01  
3.769e-01  8.080e-01  4.532e-01  
3.137e-01  1.527e-01  9.373e-01  
3.267e-01  9.040e-01  2.763e-01  
3.227e-01  3.210e-01  8.905e-01  
3.404e-01  6.859e-01  6.438e-01  
2.421e-01  1.050e-02  9.703e-01  
2.313e-01  9.729e-01  3.558e-04  
3.037e-01  6.633e-01  6.844e-01  
2.655e-01  9.111e-01  3.163e-01  
2.526e-01  2.945e-01  9.218e-01  
2.208e-01  9.642e-01  1.472e-01  
2.511e-01  4.858e-01  8.374e-01  
2.423e-01  8.246e-01  5.115e-01  
1.896e-01  1.292e-01  9.734e-01  
1.739e-01  9.820e-01  7.401e-02  
2.124e-01  5.881e-01  7.806e-01  
1.929e-01  8.878e-01  4.184e-01  
1.657e-01  2.104e-01  9.637e-01  
1.591e-01  9.595e-01  2.328e-01  
1.565e-01  3.965e-01  9.048e-01  
1.634e-01  7.694e-01  6.177e-01  
1.170e-01  5.721e-02  9.915e-01  
1.080e-01  9.936e-01  3.722e-02  
1.343e-01  6.440e-01  7.532e-01  
1.081e-01  9.212e-01  3.745e-01  
1.015e-01  2.566e-01  9.613e-01  
8.850e-02  9.775e-01  1.918e-01  
9.397e-02  4.494e-01  8.885e-01  
9.015e-02  8.134e-01  5.748e-01  
5.691e-02  9.327e-02  9.940e-01  
5.835e-02  9.923e-01  1.099e-01  
6.144e-02  5.506e-01  8.327e-01  
5.040e-02  8.789e-01  4.760e-01  
3.610e-02  1.713e-01  9.846e-01  
2.303e-02  9.597e-01  2.806e-01  
2.233e-02  3.521e-01  9.360e-01  
2.376e-02  7.393e-01  6.731e-01  
1.340e-02  2.312e-02  9.997e-01  
7.873e-03  9.997e-01  2.281e-02  
8.565e-04  6.733e-01  7.395e-01  
1.000e+00  5.135e-05  9.242e-05  
9.749e-05  1.000e+00  9.376e-05  
8.647e-05  2.685e-05  1.000e+00  
9.987e-01  3.824e-02  3.533e-02  
9.943e-01  1.019e-01  3.208e-02  
9.893e-01  4.172e-02  1.407e-01  
9.796e-01  2.001e-01  1.822e-02  
9.807e-01  1.006e-01  1.680e-01  
9.754e-01  1.892e-01  1.141e-01  
9.559e-01  3.312e-02  2.920e-01  
9.406e-01  3.396e-01  1.489e-04  
9.586e-01  1.735e-01  2.261e-01  
9.461e-01  2.957e-01  1.331e-01  
9.261e-01  7.980e-02  3.690e-01  
9.161e-01  3.909e-01  9.010e-02  
9.220e-01  1.581e-01  3.537e-01  
9.213e-01  3.067e-01  2.396e-01  
8.609e-01  3.149e-02  5.083e-01  
8.404e-01  5.421e-01  6.534e-04  
8.957e-01  2.944e-01  3.338e-01  
8.689e-01  4.611e-01  1.804e-01  
8.468e-01  1.423e-01  5.127e-01  
8.205e-01  5.629e-01  1.022e-01  
8.474e-01  2.461e-01  4.708e-01  
8.430e-01  4.453e-01  3.028e-01  
7.633e-01  6.598e-02  6.428e-01  
7.508e-01  6.581e-01  6.103e-02  
8.091e-01  3.319e-01  4.853e-01  
7.900e-01  5.436e-01  2.842e-01  
7.291e-01  1.228e-01  6.736e-01  
7.346e-01  6.536e-01  1.828e-01  
7.384e-01  2.458e-01  6.282e-01  
7.557e-01  4.899e-01  4.355e-01  
6.286e-01  2.507e-02  7.775e-01  
6.085e-01  7.937e-01  1.199e-02  
7.182e-01  4.761e-01  5.080e-01  
6.702e-01  7.000e-01  2.495e-01  
6.458e-01  2.225e-01  7.306e-01  
6.000e-01  7.907e-01  1.253e-01  
6.518e-01  3.707e-01  6.625e-01  
6.438e-01  6.448e-01  4.129e-01  
5.477e-01  1.018e-01  8.307e-01  
5.218e-01  8.503e-01  7.139e-02  
6.078e-01  4.683e-01  6.418e-01  
5.774e-01  7.339e-01  3.584e-01  
5.171e-01  1.722e-01  8.385e-01  
5.151e-01  8.317e-01  2.094e-01  
5.296e-01  3.295e-01  7.818e-01  
5.449e-01  6.453e-01  5.361e-01  
4.220e-01  4.400e-02  9.057e-01  
4.094e-01  9.114e-01  4.457e-02  
5.039e-01  5.511e-01  6.653e-01  
4.641e-01  8.165e-01  3.441e-01  
4.249e-01  2.230e-01  8.775e-01  
4.025e-01  8.965e-01  1.859e-01  
4.332e-01  3.956e-01  8.101e-01  
4.368e-01  7.269e-01  5.310e-01  
3.397e-01  7.853e-02  9.374e-01  
3.376e-01  9.343e-01  1.147e-01  
3.940e-01  4.961e-01  7.740e-01  
3.768e-01  8.080e-01  4.532e-01  
3.137e-01  1.531e-01  9.373e-01  
3.268e-01  9.038e-01  2.767e-01  
3.227e-01  3.211e-01  8.905e-01  
3.402e-01  6.857e-01  6.439e-01  
2.421e-01  1.050e-02  9.703e-01  
2.313e-01  9.729e-01  2.363e-04  
3.046e-01  6.630e-01  6.842e-01  
2.654e-01  9.109e-01  3.162e-01  
2.525e-01  2.946e-01  9.218e-01  
2.208e-01  9.641e-01  1.475e-01  
2.510e-01  4.858e-01  8.374e-01  
2.423e-01  8.245e-01  5.114e-01  
1.897e-01  1.292e-01  9.734e-01  
1.740e-01  9.820e-01  7.422e-02  
2.124e-01  5.881e-01  7.806e-01  
1.923e-01  8.878e-01  4.184e-01  
1.657e-01  2.104e-01  9.637e-01  
1.590e-01  9.595e-01  2.328e-01  
1.565e-01  3.965e-01  9.048e-01  
1.632e-01  7.694e-01  6.177e-01  
1.170e-01  5.716e-02  9.915e-01  
1.080e-01  9.936e-01  3.722e-02  
1.343e-01  6.440e-01  7.532e-01  
1.082e-01  9.212e-01  3.743e-01  
1.012e-01  2.567e-01  9.613e-01  
8.853e-02  9.775e-01  1.916e-01  
9.397e-02  4.494e-01  8.885e-01  
9.013e-02  8.134e-01  5.748e-01  
6.376e-02  9.296e-02  9.937e-01  
5.835e-02  9.923e-01  1.099e-01  
6.171e-02  5.511e-01  8.323e-01  
5.040e-02  8.789e-01  4.760e-01  
4.075e-02  1.707e-01  9.846e-01  
2.019e-02  9.597e-01  2.806e-01  
2.233e-02  3.521e-01  9.360e-01  
2.376e-02  7.393e-01  6.731e-01  
1.236e-02  2.373e-02  9.997e-01  
9.171e-05  9.997e-01  2.378e-02  
4.333e-04  6.733e-01  7.395e-01  
