5.142e+00  4.335e+00  
7.817e+00  7.263e+00  
8.087e+00  8.272e+00  
7.048e+00  6.694e+00  
6.739e+00  7.958e+00  
6.594e+00  6.386e+00  
5.680e+00  5.262e+00  
5.712e+00  6.510e+00  
4.828e+00  4.078e+00  
4.692e+00  4.229e+00  
8.216e+00  6.090e+00  
7.421e+00  5.518e+00  
5.813e+00  4.371e+00  
6.213e+00  5.038e+00  
5.078e+00  4.996e+00  
8.793e+00  6.175e+00  
5.832e+00  5.299e+00  
5.523e+00  4.811e+00  
5.529e+00  4.740e+00  
5.672e+00  4.719e+00  
5.657e+00  4.639e+00  
5.459e+00  4.608e+00  
5.243e+00  3.647e+00  
6.242e+00  4.890e+00  
6.724e+00  6.334e+00  
5.527e+00  4.233e+00  
5.282e+00  4.429e+00  
5.344e+00  4.190e+00  
6.434e+00  6.362e+00  
6.240e+00  5.875e+00  
8.291e+00  7.383e+00  
5.821e+00  5.028e+00  
7.344e+00  5.598e+00  
6.605e+00  8.824e+00  
5.338e+00  5.573e+00  
5.746e+00  6.099e+00  
5.888e+00  5.941e+00  
5.181e+00  4.853e+00  
8.699e+00  6.754e+00  
7.482e+00  7.833e+00  
6.536e+00  4.510e+00  
4.805e+00  4.705e+00  
4.918e+00  5.218e+00  
5.192e+00  4.852e+00  
5.197e+00  4.372e+00  
5.516e+00  4.916e+00  
5.549e+00  6.243e+00  
8.508e+00  5.951e+00  
4.450e+00  4.416e+00  
6.657e+00  6.545e+00  
5.886e+00  7.958e+00  
5.708e+00  5.386e+00  
5.156e+00  7.419e+00  
5.805e+00  4.413e+00  
8.465e+00  6.435e+00  
5.482e+00  5.375e+00  
5.034e+00  4.939e+00  
7.481e+00  5.554e+00  
5.957e+00  5.329e+00  
6.249e+00  6.958e+00  
6.315e+00  4.085e+00  
6.438e+00  5.381e+00  
1.088e+01  6.839e+00  
4.981e+00  5.294e+00  
5.932e+00  4.281e+00  
8.171e+00  6.351e+00  
5.755e+00  5.117e+00  
5.079e+00  4.686e+00  
5.715e+00  4.853e+00  
5.217e+00  3.845e+00  
4.803e+00  4.720e+00  
5.332e+00  4.469e+00  
6.319e+00  5.105e+00  
5.362e+00  5.586e+00  
6.020e+00  7.356e+00  
6.643e+00  4.788e+00  
4.926e+00  4.523e+00  
4.952e+00  5.153e+00  
5.253e+00  4.423e+00  
5.037e+00  4.810e+00  
8.800e+00  6.183e+00  
5.043e+00  5.988e+00  
6.595e+00  6.351e+00  
9.638e+00  7.235e+00  
5.539e+00  5.615e+00  
4.652e+00  3.823e+00  
5.382e+00  3.530e+00  
7.984e+00  7.050e+00  
6.394e+00  4.354e+00  
4.981e+00  6.351e+00  
5.521e+00  5.903e+00  
6.588e+00  8.283e+00  
8.246e+00  5.433e+00  
4.418e+00  3.892e+00  
7.386e+00  5.801e+00  
4.266e+00  4.605e+00  
5.865e+00  6.143e+00  
7.776e+00  5.407e+00  
4.471e+00  4.870e+00  
7.011e+00  5.844e+00  
6.319e-01  2.052e-01  
4.625e-01  3.223e-01  
6.318e-01  2.060e-01  
6.318e-01  2.078e-01  
6.318e-01  2.090e-01  
6.318e-01  2.064e-01  
6.318e-01  2.064e-01  
6.318e-01  2.118e-01  
6.318e-01  2.118e-01  
6.318e-01  2.191e-01  
6.318e-01  2.147e-01  
6.318e-01  2.226e-01  
6.318e-01  2.147e-01  
6.318e-01  2.077e-01  
6.318e-01  2.226e-01  
6.318e-01  2.174e-01  
6.318e-01  2.182e-01  
6.318e-01  2.206e-01  
6.318e-01  2.077e-01  
6.318e-01  2.182e-01  
6.318e-01  2.174e-01  
6.318e-01  2.294e-01  
6.318e-01  2.119e-01  
6.318e-01  2.188e-01  
6.318e-01  2.206e-01  
6.318e-01  2.118e-01  
6.318e-01  2.104e-01  
6.318e-01  2.206e-01  
6.318e-01  2.119e-01  
6.318e-01  2.188e-01  
6.318e-01  2.478e-01  
6.318e-01  2.478e-01  
6.318e-01  2.323e-01  
6.318e-01  2.323e-01  
6.318e-01  2.294e-01  
6.318e-01  2.104e-01  
6.318e-01  2.181e-01  
6.318e-01  2.181e-01  
6.318e-01  2.938e-01  
6.318e-01  2.938e-01  
6.318e-01  2.323e-01  
6.318e-01  2.323e-01  
4.695e-01  3.200e-01  
4.755e-01  3.200e-01  
4.745e-01  3.200e-01  
4.750e-01  3.200e-01  
4.697e-01  3.200e-01  
4.755e-01  3.200e-01  
4.750e-01  3.200e-01  
4.697e-01  3.200e-01  
4.748e-01  3.200e-01  
4.705e-01  3.200e-01  
4.795e-01  3.200e-01  
4.695e-01  3.200e-01  
4.748e-01  3.200e-01  
4.715e-01  3.200e-01  
4.745e-01  3.200e-01  
4.728e-01  3.200e-01  
4.715e-01  3.200e-01  
4.679e-01  3.200e-01  
4.703e-01  3.200e-01  
4.679e-01  3.200e-01  
4.705e-01  3.200e-01  
4.713e-01  3.200e-01  
4.795e-01  3.200e-01  
4.703e-01  3.200e-01  
4.729e-01  3.200e-01  
4.713e-01  3.200e-01  
4.729e-01  3.200e-01  
4.731e-01  3.200e-01  
4.731e-01  3.200e-01  
4.742e-01  3.200e-01  
4.742e-01  3.200e-01  
4.752e-01  3.200e-01  
4.752e-01  3.200e-01  
4.732e-01  3.200e-01  
4.732e-01  3.200e-01  
4.713e-01  3.200e-01  
4.713e-01  3.200e-01  
4.708e-01  3.200e-01  
4.708e-01  3.200e-01  
4.760e-01  3.200e-01  
4.755e-01  3.200e-01  
4.755e-01  3.200e-01  
4.695e-01  3.200e-01  
4.772e-01  3.200e-01  
4.692e-01  3.200e-01  
4.772e-01  3.200e-01  
4.692e-01  3.200e-01  
4.760e-01  3.200e-01  
4.735e-01  3.200e-01  
4.648e-01  3.200e-01  
4.695e-01  3.200e-01  
4.648e-01  3.200e-01  
4.652e-01  3.200e-01  
4.658e-01  3.200e-01  
4.652e-01  3.200e-01  
4.655e-01  3.200e-01  
4.638e-01  3.200e-01  
4.628e-01  3.200e-01  
6.318e-01  2.052e-01  
4.625e-01  3.200e-01  
6.318e-01  2.060e-01  
6.318e-01  2.078e-01  
6.318e-01  2.090e-01  
6.318e-01  2.064e-01  
6.318e-01  2.064e-01  
6.318e-01  2.118e-01  
6.318e-01  2.118e-01  
6.318e-01  2.191e-01  
6.318e-01  2.147e-01  
6.318e-01  2.226e-01  
6.318e-01  2.147e-01  
6.318e-01  2.077e-01  
6.318e-01  2.226e-01  
6.318e-01  2.174e-01  
6.318e-01  2.182e-01  
6.318e-01  2.206e-01  
6.318e-01  2.077e-01  
6.318e-01  2.182e-01  
6.318e-01  2.174e-01  
6.318e-01  2.399e-01  
6.318e-01  2.108e-01  
6.318e-01  2.148e-01  
6.318e-01  2.079e-01  
6.318e-01  2.079e-01  
6.318e-01  2.078e-01  
6.318e-01  2.399e-01  
6.318e-01  2.148e-01  
6.318e-01  2.108e-01  
6.318e-01  2.713e-01  
6.318e-01  2.078e-01  
6.318e-01  2.738e-01  
6.318e-01  2.790e-01  
6.318e-01  2.790e-01  
6.318e-01  2.738e-01  
6.318e-01  2.750e-01  
6.318e-01  2.750e-01  
6.318e-01  2.771e-01  
6.318e-01  2.771e-01  
6.318e-01  2.223e-01  
6.318e-01  2.223e-01  
4.695e-01  3.200e-01  
4.755e-01  3.200e-01  
4.745e-01  3.200e-01  
4.750e-01  3.200e-01  
4.697e-01  3.200e-01  
4.755e-01  3.200e-01  
4.750e-01  3.200e-01  
4.697e-01  3.200e-01  
4.748e-01  3.200e-01  
4.705e-01  3.200e-01  
4.795e-01  3.200e-01  
4.695e-01  3.200e-01  
4.748e-01  3.200e-01  
4.715e-01  3.200e-01  
4.745e-01  3.200e-01  
4.728e-01  3.200e-01  
4.715e-01  3.200e-01  
4.679e-01  3.200e-01  
4.703e-01  3.200e-01  
4.679e-01  3.200e-01  
4.705e-01  3.200e-01  
4.713e-01  3.200e-01  
4.795e-01  3.200e-01  
4.703e-01  3.200e-01  
4.729e-01  3.200e-01  
4.713e-01  3.200e-01  
4.729e-01  3.200e-01  
4.731e-01  3.200e-01  
4.731e-01  3.200e-01  
4.742e-01  3.200e-01  
4.742e-01  3.200e-01  
4.752e-01  3.200e-01  
4.752e-01  3.200e-01  
4.732e-01  3.200e-01  
4.732e-01  3.200e-01  
4.713e-01  3.200e-01  
4.713e-01  3.200e-01  
4.708e-01  3.200e-01  
4.708e-01  3.200e-01  
4.760e-01  3.200e-01  
4.755e-01  3.200e-01  
4.755e-01  3.200e-01  
4.695e-01  3.200e-01  
4.772e-01  3.200e-01  
4.692e-01  3.200e-01  
4.772e-01  3.200e-01  
4.692e-01  3.200e-01  
4.760e-01  3.200e-01  
4.735e-01  3.200e-01  
4.648e-01  3.200e-01  
4.695e-01  3.200e-01  
4.648e-01  3.200e-01  
4.652e-01  3.200e-01  
4.658e-01  3.200e-01  
4.652e-01  3.200e-01  
4.655e-01  3.200e-01  
4.638e-01  3.200e-01  
4.628e-01  3.200e-01  
6.321e-01  2.052e-01  
4.625e-01  3.200e-01  
6.318e-01  2.059e-01  
6.318e-01  2.071e-01  
6.318e-01  2.080e-01  
6.318e-01  2.111e-01  
6.318e-01  2.111e-01  
6.318e-01  2.137e-01  
6.318e-01  2.172e-01  
6.318e-01  2.175e-01  
6.318e-01  2.191e-01  
6.318e-01  2.193e-01  
6.318e-01  2.241e-01  
6.318e-01  2.191e-01  
6.318e-01  2.267e-01  
6.318e-01  2.220e-01  
6.318e-01  2.322e-01  
6.318e-01  2.322e-01  
6.318e-01  2.241e-01  
6.318e-01  2.400e-01  
6.318e-01  2.400e-01  
6.318e-01  2.158e-01  
6.318e-01  2.348e-01  
6.318e-01  2.153e-01  
6.318e-01  2.323e-01  
6.318e-01  2.392e-01  
6.318e-01  2.110e-01  
6.318e-01  2.331e-01  
6.318e-01  2.392e-01  
6.318e-01  2.348e-01  
6.318e-01  2.153e-01  
6.318e-01  2.378e-01  
6.318e-01  2.249e-01  
6.318e-01  2.275e-01  
6.318e-01  2.399e-01  
6.318e-01  2.359e-01  
6.318e-01  2.275e-01  
6.318e-01  2.399e-01  
6.318e-01  2.213e-01  
6.318e-01  2.238e-01  
6.318e-01  2.238e-01  
6.318e-01  2.249e-01  
5.169e-01  3.198e-01  
5.339e-01  3.198e-01  
5.339e-01  3.198e-01  
5.169e-01  3.198e-01  
4.897e-01  3.198e-01  
5.905e-01  3.198e-01  
5.455e-01  3.198e-01  
5.005e-01  3.198e-01  
5.554e-01  3.198e-01  
5.554e-01  3.198e-01  
5.098e-01  3.198e-01  
5.001e-01  3.198e-01  
5.102e-01  3.198e-01  
5.302e-01  3.198e-01  
4.991e-01  3.198e-01  
5.001e-01  3.198e-01  
5.190e-01  3.198e-01  
4.935e-01  3.198e-01  
5.098e-01  3.198e-01  
4.986e-01  3.198e-01  
4.991e-01  3.198e-01  
5.050e-01  3.198e-01  
4.864e-01  3.198e-01  
5.102e-01  3.198e-01  
4.935e-01  3.198e-01  
5.190e-01  3.198e-01  
5.050e-01  3.198e-01  
5.047e-01  3.198e-01  
4.802e-01  3.198e-01  
4.958e-01  3.198e-01  
4.879e-01  3.198e-01  
4.864e-01  3.198e-01  
4.929e-01  3.198e-01  
4.966e-01  3.198e-01  
4.942e-01  3.198e-01  
4.966e-01  3.198e-01  
4.942e-01  3.198e-01  
4.802e-01  3.198e-01  
4.776e-01  3.198e-01  
4.858e-01  3.197e-01  
4.858e-01  3.197e-01  
4.812e-01  3.198e-01  
4.776e-01  3.198e-01  
4.774e-01  3.198e-01  
4.774e-01  3.198e-01  
4.738e-01  3.198e-01  
4.715e-01  3.198e-01  
4.753e-01  3.198e-01  
4.707e-01  3.198e-01  
4.716e-01  3.198e-01  
4.715e-01  3.198e-01  
4.704e-01  3.198e-01  
4.676e-01  3.198e-01  
4.676e-01  3.198e-01  
4.659e-01  3.198e-01  
4.653e-01  3.199e-01  
4.640e-01  3.199e-01  
4.629e-01  3.200e-01  
6.319e-01  2.052e-01  
4.618e-01  1.259e+00  
6.318e-01  2.060e-01  
6.318e-01  2.077e-01  
6.318e-01  2.089e-01  
6.318e-01  2.108e-01  
6.318e-01  2.108e-01  
6.318e-01  2.089e-01  
6.318e-01  2.147e-01  
6.318e-01  2.147e-01  
6.318e-01  2.081e-01  
6.318e-01  2.096e-01  
6.318e-01  2.081e-01  
6.318e-01  2.145e-01  
6.318e-01  2.097e-01  
6.318e-01  2.096e-01  
6.318e-01  2.145e-01  
6.318e-01  2.174e-01  
6.318e-01  2.118e-01  
6.318e-01  2.097e-01  
6.318e-01  2.118e-01  
6.318e-01  2.145e-01  
6.318e-01  2.090e-01  
6.318e-01  2.221e-01  
6.318e-01  2.144e-01  
6.318e-01  2.158e-01  
6.318e-01  2.075e-01  
6.318e-01  2.221e-01  
6.318e-01  2.158e-01  
6.318e-01  2.104e-01  
6.318e-01  2.075e-01  
6.318e-01  2.144e-01  
6.318e-01  2.118e-01  
6.318e-01  2.145e-01  
6.318e-01  2.118e-01  
6.318e-01  2.181e-01  
6.318e-01  2.090e-01  
6.318e-01  2.144e-01  
6.318e-01  2.144e-01  
6.318e-01  2.181e-01  
5.480e-01  3.135e-01  
5.841e-01  3.135e-01  
6.156e-01  3.135e-01  
5.408e-01  3.135e-01  
5.755e-01  3.135e-01  
5.841e-01  3.135e-01  
5.480e-01  3.135e-01  
5.810e-01  3.135e-01  
5.587e-01  3.135e-01  
5.246e-01  3.135e-01  
5.074e-01  3.135e-01  
5.246e-01  3.135e-01  
5.188e-01  3.135e-01  
5.074e-01  3.135e-01  
5.313e-01  3.135e-01  
5.487e-01  3.135e-01  
4.954e-01  3.135e-01  
5.418e-01  3.135e-01  
4.998e-01  3.135e-01  
5.144e-01  3.135e-01  
4.943e-01  3.135e-01  
5.284e-01  3.135e-01  
5.284e-01  3.135e-01  
5.135e-01  3.135e-01  
5.216e-01  3.135e-01  
4.943e-01  3.135e-01  
4.960e-01  3.135e-01  
4.954e-01  3.135e-01  
4.960e-01  3.135e-01  
4.974e-01  3.135e-01  
5.004e-01  3.135e-01  
4.998e-01  3.135e-01  
4.859e-01  3.135e-01  
5.004e-01  3.135e-01  
4.946e-01  3.135e-01  
4.894e-01  3.135e-01  
4.946e-01  3.135e-01  
4.859e-01  3.135e-01  
4.892e-01  3.135e-01  
4.877e-01  3.135e-01  
4.842e-01  3.135e-01  
4.864e-01  3.135e-01  
4.846e-01  3.135e-01  
4.789e-01  3.135e-01  
4.789e-01  3.135e-01  
4.777e-01  3.136e-01  
4.777e-01  3.136e-01  
4.773e-01  3.136e-01  
4.761e-01  3.136e-01  
4.747e-01  3.136e-01  
4.734e-01  3.137e-01  
4.720e-01  3.141e-01  
4.708e-01  3.144e-01  
4.689e-01  3.168e-01  
4.681e-01  3.168e-01  
4.664e-01  3.181e-01  
4.649e-01  3.190e-01  
4.642e-01  3.200e-01  
4.635e-01  3.200e-01  
4.630e-01  3.200e-01  
6.319e-01  2.052e-01  
4.618e-01  1.245e+00  
6.318e-01  2.060e-01  
6.318e-01  2.077e-01  
6.318e-01  2.089e-01  
6.318e-01  2.108e-01  
6.318e-01  2.108e-01  
6.318e-01  2.089e-01  
6.318e-01  2.147e-01  
6.318e-01  2.147e-01  
6.318e-01  2.081e-01  
6.318e-01  2.096e-01  
6.318e-01  2.081e-01  
6.318e-01  2.145e-01  
6.318e-01  2.097e-01  
6.318e-01  2.096e-01  
6.318e-01  2.145e-01  
6.318e-01  2.174e-01  
6.318e-01  2.118e-01  
6.318e-01  2.097e-01  
6.318e-01  2.118e-01  
6.318e-01  2.145e-01  
6.318e-01  2.090e-01  
6.318e-01  2.221e-01  
6.318e-01  2.144e-01  
6.318e-01  2.158e-01  
6.318e-01  2.075e-01  
6.318e-01  2.221e-01  
6.318e-01  2.158e-01  
6.318e-01  2.104e-01  
6.318e-01  2.075e-01  
6.318e-01  2.144e-01  
6.318e-01  2.118e-01  
6.318e-01  2.145e-01  
6.318e-01  2.118e-01  
6.318e-01  2.181e-01  
6.318e-01  2.090e-01  
6.318e-01  2.144e-01  
6.002e-01  3.060e-01  
5.841e-01  3.060e-01  
5.894e-01  3.060e-01  
6.002e-01  3.060e-01  
5.836e-01  3.060e-01  
5.836e-01  3.060e-01  
5.894e-01  3.060e-01  
5.841e-01  3.060e-01  
5.437e-01  3.060e-01  
5.564e-01  3.060e-01  
5.656e-01  3.060e-01  
5.656e-01  3.060e-01  
5.564e-01  3.060e-01  
5.402e-01  3.060e-01  
5.437e-01  3.060e-01  
5.502e-01  3.060e-01  
5.392e-01  3.060e-01  
5.392e-01  3.060e-01  
5.414e-01  3.060e-01  
5.161e-01  3.060e-01  
5.137e-01  3.060e-01  
5.317e-01  3.060e-01  
5.064e-01  3.060e-01  
5.194e-01  3.060e-01  
5.231e-01  3.060e-01  
5.131e-01  3.060e-01  
5.137e-01  3.060e-01  
5.131e-01  3.060e-01  
5.085e-01  3.060e-01  
4.985e-01  3.060e-01  
4.977e-01  3.060e-01  
5.070e-01  3.060e-01  
4.985e-01  3.060e-01  
4.977e-01  3.060e-01  
4.996e-01  3.060e-01  
4.962e-01  3.060e-01  
4.962e-01  3.060e-01  
4.952e-01  3.060e-01  
4.896e-01  3.060e-01  
4.905e-01  3.060e-01  
4.901e-01  3.061e-01  
4.884e-01  3.061e-01  
4.854e-01  3.061e-01  
4.848e-01  3.061e-01  
4.835e-01  3.063e-01  
4.823e-01  3.082e-01  
4.804e-01  3.082e-01  
4.795e-01  3.083e-01  
4.781e-01  3.092e-01  
4.770e-01  3.101e-01  
4.758e-01  3.113e-01  
4.745e-01  3.125e-01  
4.734e-01  3.137e-01  
4.720e-01  3.141e-01  
4.708e-01  3.144e-01  
4.689e-01  3.168e-01  
4.681e-01  3.168e-01  
4.664e-01  3.181e-01  
4.649e-01  3.190e-01  
4.647e-01  3.200e-01  
4.635e-01  3.200e-01  
4.630e-01  3.200e-01  
6.319e-01  2.052e-01  
4.618e-01  1.213e+00  
6.318e-01  2.060e-01  
6.318e-01  2.077e-01  
6.318e-01  2.089e-01  
6.318e-01  2.108e-01  
6.318e-01  2.108e-01  
6.318e-01  2.089e-01  
6.318e-01  2.147e-01  
6.318e-01  2.147e-01  
6.318e-01  2.081e-01  
6.318e-01  2.096e-01  
6.318e-01  2.081e-01  
6.318e-01  2.145e-01  
6.318e-01  2.097e-01  
6.318e-01  2.096e-01  
6.318e-01  2.145e-01  
6.318e-01  2.174e-01  
6.318e-01  2.118e-01  
6.318e-01  2.097e-01  
6.318e-01  2.118e-01  
6.318e-01  2.145e-01  
6.318e-01  2.090e-01  
6.318e-01  2.221e-01  
6.318e-01  2.144e-01  
6.318e-01  2.158e-01  
6.318e-01  2.075e-01  
6.318e-01  2.221e-01  
6.318e-01  2.158e-01  
6.318e-01  2.104e-01  
6.318e-01  2.075e-01  
6.318e-01  2.144e-01  
6.318e-01  2.118e-01  
6.318e-01  2.145e-01  
6.318e-01  2.118e-01  
6.318e-01  2.181e-01  
5.566e-01  2.963e-01  
5.938e-01  2.963e-01  
5.519e-01  2.963e-01  
5.938e-01  2.963e-01  
5.515e-01  2.963e-01  
5.515e-01  2.963e-01  
5.510e-01  2.963e-01  
5.723e-01  2.963e-01  
5.519e-01  2.963e-01  
5.723e-01  2.963e-01  
5.515e-01  2.963e-01  
5.463e-01  2.963e-01  
5.588e-01  2.963e-01  
5.571e-01  2.963e-01  
5.510e-01  2.963e-01  
5.484e-01  2.963e-01  
5.373e-01  2.963e-01  
5.229e-01  2.963e-01  
5.337e-01  2.963e-01  
5.208e-01  2.963e-01  
5.265e-01  2.963e-01  
5.265e-01  2.963e-01  
5.279e-01  2.963e-01  
5.229e-01  2.963e-01  
5.208e-01  2.963e-01  
5.168e-01  2.963e-01  
5.177e-01  2.963e-01  
5.140e-01  2.963e-01  
5.117e-01  2.963e-01  
5.087e-01  2.963e-01  
5.087e-01  2.963e-01  
5.056e-01  2.963e-01  
5.024e-01  2.963e-01  
5.024e-01  2.963e-01  
5.008e-01  2.963e-01  
4.989e-01  2.963e-01  
4.970e-01  2.963e-01  
4.957e-01  2.972e-01  
4.941e-01  2.974e-01  
4.922e-01  3.000e-01  
4.916e-01  3.002e-01  
4.901e-01  3.008e-01  
4.887e-01  3.028e-01  
4.876e-01  3.032e-01  
4.865e-01  3.045e-01  
4.849e-01  3.060e-01  
4.835e-01  3.063e-01  
4.823e-01  3.082e-01  
4.804e-01  3.082e-01  
4.795e-01  3.083e-01  
4.781e-01  3.092e-01  
4.770e-01  3.101e-01  
4.758e-01  3.113e-01  
4.745e-01  3.125e-01  
4.734e-01  3.137e-01  
4.720e-01  3.141e-01  
4.708e-01  3.144e-01  
4.689e-01  3.168e-01  
4.681e-01  3.168e-01  
4.664e-01  3.181e-01  
4.649e-01  3.190e-01  
4.647e-01  3.200e-01  
4.635e-01  3.200e-01  
4.630e-01  3.200e-01  
6.319e-01  2.052e-01  
4.613e-01  1.560e+00  
6.318e-01  2.060e-01  
6.318e-01  2.077e-01  
6.318e-01  2.089e-01  
6.318e-01  2.108e-01  
6.318e-01  2.108e-01  
6.318e-01  2.089e-01  
6.318e-01  2.147e-01  
6.318e-01  2.147e-01  
6.318e-01  2.081e-01  
6.318e-01  2.096e-01  
6.318e-01  2.081e-01  
6.318e-01  2.145e-01  
6.318e-01  2.097e-01  
6.318e-01  2.096e-01  
6.318e-01  2.145e-01  
6.318e-01  2.174e-01  
6.318e-01  2.118e-01  
6.318e-01  2.097e-01  
6.318e-01  2.118e-01  
6.318e-01  2.145e-01  
6.318e-01  2.090e-01  
6.318e-01  2.221e-01  
6.318e-01  2.144e-01  
6.318e-01  2.158e-01  
6.318e-01  2.075e-01  
6.318e-01  2.221e-01  
6.318e-01  2.158e-01  
6.318e-01  2.104e-01  
6.318e-01  2.075e-01  
6.318e-01  2.144e-01  
6.318e-01  2.118e-01  
6.318e-01  2.145e-01  
6.318e-01  2.118e-01  
5.744e-01  2.921e-01  
5.585e-01  2.921e-01  
5.585e-01  2.921e-01  
5.385e-01  2.921e-01  
5.255e-01  2.921e-01  
5.630e-01  2.921e-01  
5.498e-01  2.921e-01  
5.511e-01  2.921e-01  
5.491e-01  2.921e-01  
5.498e-01  2.921e-01  
5.327e-01  2.921e-01  
5.327e-01  2.921e-01  
5.369e-01  2.921e-01  
5.511e-01  2.921e-01  
5.369e-01  2.921e-01  
5.491e-01  2.921e-01  
5.422e-01  2.921e-01  
5.369e-01  2.921e-01  
5.369e-01  2.921e-01  
5.356e-01  2.921e-01  
5.288e-01  2.921e-01  
5.242e-01  2.921e-01  
5.242e-01  2.921e-01  
5.237e-01  2.921e-01  
5.196e-01  2.921e-01  
5.196e-01  2.921e-01  
5.173e-01  2.921e-01  
5.150e-01  2.921e-01  
5.111e-01  2.921e-01  
5.090e-01  2.921e-01  
5.083e-01  2.921e-01  
5.059e-01  2.921e-01  
5.043e-01  2.923e-01  
5.024e-01  2.925e-01  
5.013e-01  2.928e-01  
4.997e-01  2.940e-01  
4.982e-01  2.951e-01  
4.966e-01  2.963e-01  
4.957e-01  2.972e-01  
4.941e-01  2.974e-01  
4.922e-01  3.000e-01  
4.916e-01  3.002e-01  
4.901e-01  3.008e-01  
4.887e-01  3.028e-01  
4.876e-01  3.032e-01  
4.865e-01  3.045e-01  
4.849e-01  3.060e-01  
4.835e-01  3.063e-01  
4.823e-01  3.082e-01  
4.804e-01  3.082e-01  
4.795e-01  3.083e-01  
4.781e-01  3.092e-01  
4.770e-01  3.101e-01  
4.758e-01  3.113e-01  
4.726e-01  3.144e-01  
4.726e-01  3.144e-01  
4.713e-01  3.144e-01  
4.679e-01  3.168e-01  
4.689e-01  3.168e-01  
4.679e-01  3.168e-01  
4.664e-01  3.181e-01  
4.649e-01  3.190e-01  
4.633e-01  3.200e-01  
4.630e-01  3.200e-01  
4.629e-01  3.652e-01  
6.319e-01  2.052e-01  
4.593e-01  1.606e+00  
6.318e-01  2.060e-01  
6.318e-01  2.077e-01  
6.318e-01  2.089e-01  
6.318e-01  2.108e-01  
6.318e-01  2.108e-01  
6.318e-01  2.089e-01  
6.318e-01  2.147e-01  
6.318e-01  2.147e-01  
6.318e-01  2.081e-01  
6.318e-01  2.096e-01  
6.318e-01  2.081e-01  
6.318e-01  2.145e-01  
6.318e-01  2.097e-01  
6.318e-01  2.096e-01  
6.318e-01  2.145e-01  
6.318e-01  2.174e-01  
6.318e-01  2.118e-01  
6.318e-01  2.097e-01  
6.318e-01  2.118e-01  
6.318e-01  2.145e-01  
6.318e-01  2.090e-01  
6.318e-01  2.221e-01  
6.318e-01  2.144e-01  
6.318e-01  2.158e-01  
6.318e-01  2.075e-01  
6.318e-01  2.221e-01  
6.318e-01  2.158e-01  
6.318e-01  2.104e-01  
6.318e-01  2.075e-01  
6.318e-01  2.144e-01  
5.430e-01  2.818e-01  
6.175e-01  2.818e-01  
5.423e-01  2.818e-01  
6.033e-01  2.818e-01  
5.810e-01  2.818e-01  
5.765e-01  2.818e-01  
5.810e-01  2.818e-01  
5.646e-01  2.818e-01  
5.765e-01  2.818e-01  
5.615e-01  2.818e-01  
5.430e-01  2.818e-01  
5.406e-01  2.818e-01  
5.386e-01  2.818e-01  
5.514e-01  2.818e-01  
5.423e-01  2.818e-01  
5.423e-01  2.818e-01  
5.423e-01  2.818e-01  
5.406e-01  2.818e-01  
5.333e-01  2.818e-01  
5.269e-01  2.818e-01  
5.260e-01  2.818e-01  
5.269e-01  2.818e-01  
5.256e-01  2.818e-01  
5.221e-01  2.818e-01  
5.193e-01  2.818e-01  
5.178e-01  2.818e-01  
5.159e-01  2.834e-01  
5.146e-01  2.834e-01  
5.139e-01  2.856e-01  
5.115e-01  2.856e-01  
5.110e-01  2.859e-01  
5.098e-01  2.879e-01  
5.080e-01  2.880e-01  
5.064e-01  2.906e-01  
5.055e-01  2.915e-01  
5.037e-01  2.915e-01  
5.024e-01  2.925e-01  
5.013e-01  2.928e-01  
4.997e-01  2.940e-01  
4.982e-01  2.951e-01  
4.929e-01  3.002e-01  
4.929e-01  3.002e-01  
4.923e-01  3.002e-01  
4.908e-01  3.002e-01  
4.908e-01  3.002e-01  
4.881e-01  3.082e-01  
4.830e-01  3.082e-01  
4.825e-01  3.082e-01  
4.830e-01  3.082e-01  
4.825e-01  3.082e-01  
4.809e-01  3.082e-01  
4.795e-01  3.082e-01  
4.791e-01  3.082e-01  
4.750e-01  3.144e-01  
4.734e-01  3.144e-01  
4.734e-01  3.144e-01  
4.734e-01  3.144e-01  
4.724e-01  3.144e-01  
4.691e-01  3.159e-01  
4.691e-01  3.159e-01  
4.688e-01  3.159e-01  
4.660e-01  3.200e-01  
4.660e-01  3.200e-01  
4.632e-01  3.222e-01  
4.632e-01  3.222e-01  
4.615e-01  3.222e-01  
4.610e-01  3.222e-01  
4.606e-01  3.222e-01  
6.319e-01  2.052e-01  
4.593e-01  1.512e+00  
6.318e-01  2.060e-01  
6.318e-01  2.077e-01  
6.318e-01  2.089e-01  
6.318e-01  2.108e-01  
6.318e-01  2.108e-01  
6.318e-01  2.089e-01  
6.318e-01  2.147e-01  
6.318e-01  2.147e-01  
6.318e-01  2.081e-01  
6.318e-01  2.096e-01  
6.318e-01  2.081e-01  
6.318e-01  2.145e-01  
6.318e-01  2.097e-01  
6.318e-01  2.096e-01  
6.318e-01  2.145e-01  
6.318e-01  2.174e-01  
6.318e-01  2.118e-01  
6.318e-01  2.097e-01  
6.318e-01  2.118e-01  
6.318e-01  2.145e-01  
6.318e-01  2.090e-01  
6.318e-01  2.221e-01  
6.318e-01  2.144e-01  
6.318e-01  2.158e-01  
6.318e-01  2.075e-01  
6.318e-01  2.221e-01  
6.318e-01  2.158e-01  
6.318e-01  2.104e-01  
6.318e-01  2.075e-01  
6.318e-01  2.144e-01  
6.148e-01  2.796e-01  
6.148e-01  2.796e-01  
6.000e-01  2.796e-01  
6.000e-01  2.796e-01  
5.728e-01  2.796e-01  
5.691e-01  2.796e-01  
5.691e-01  2.796e-01  
5.635e-01  2.796e-01  
5.559e-01  2.796e-01  
5.637e-01  2.796e-01  
5.635e-01  2.796e-01  
5.371e-01  2.796e-01  
5.559e-01  2.796e-01  
5.414e-01  2.796e-01  
5.446e-01  2.796e-01  
5.414e-01  2.796e-01  
5.401e-01  2.796e-01  
5.371e-01  2.796e-01  
5.334e-01  2.796e-01  
5.260e-01  2.797e-01  
5.260e-01  2.797e-01  
5.240e-01  2.797e-01  
5.223e-01  2.797e-01  
5.209e-01  2.798e-01  
5.191e-01  2.805e-01  
5.178e-01  2.818e-01  
5.154e-01  2.834e-01  
5.146e-01  2.834e-01  
5.115e-01  2.856e-01  
5.110e-01  2.856e-01  
5.108e-01  2.859e-01  
5.098e-01  2.879e-01  
5.080e-01  2.880e-01  
5.064e-01  2.906e-01  
5.055e-01  2.915e-01  
5.011e-01  2.945e-01  
5.011e-01  2.945e-01  
4.995e-01  2.945e-01  
4.980e-01  2.946e-01  
4.965e-01  2.962e-01  
4.962e-01  2.977e-01  
4.904e-01  3.002e-01  
4.904e-01  3.002e-01  
4.904e-01  3.002e-01  
4.893e-01  3.018e-01  
4.881e-01  3.019e-01  
4.832e-01  3.063e-01  
4.833e-01  3.063e-01  
4.833e-01  3.063e-01  
4.827e-01  3.064e-01  
4.800e-01  3.082e-01  
4.800e-01  3.082e-01  
4.791e-01  3.082e-01  
4.733e-01  3.129e-01  
4.733e-01  3.129e-01  
4.733e-01  3.129e-01  
4.733e-01  3.129e-01  
4.722e-01  3.144e-01  
4.691e-01  3.159e-01  
4.691e-01  3.159e-01  
4.687e-01  3.173e-01  
4.660e-01  3.200e-01  
4.660e-01  3.200e-01  
4.612e-01  3.214e-01  
4.612e-01  3.214e-01  
4.612e-01  3.214e-01  
4.608e-01  3.220e-01  
4.602e-01  3.220e-01  
6.319e-01  2.052e-01  
4.578e-01  1.299e+00  
6.318e-01  2.060e-01  
6.318e-01  2.077e-01  
6.318e-01  2.089e-01  
6.318e-01  2.108e-01  
6.318e-01  2.108e-01  
6.318e-01  2.089e-01  
6.318e-01  2.147e-01  
6.318e-01  2.147e-01  
6.318e-01  2.081e-01  
6.318e-01  2.096e-01  
6.318e-01  2.081e-01  
6.318e-01  2.145e-01  
6.318e-01  2.097e-01  
6.318e-01  2.096e-01  
6.318e-01  2.145e-01  
6.318e-01  2.174e-01  
6.318e-01  2.118e-01  
6.318e-01  2.097e-01  
6.318e-01  2.118e-01  
6.318e-01  2.145e-01  
6.318e-01  2.090e-01  
6.318e-01  2.221e-01  
6.318e-01  2.144e-01  
6.318e-01  2.158e-01  
6.318e-01  2.075e-01  
6.318e-01  2.221e-01  
6.318e-01  2.158e-01  
6.318e-01  2.104e-01  
6.318e-01  2.075e-01  
6.164e-01  2.791e-01  
6.164e-01  2.791e-01  
6.088e-01  2.791e-01  
5.986e-01  2.790e-01  
5.986e-01  2.790e-01  
5.861e-01  2.791e-01  
5.861e-01  2.791e-01  
5.781e-01  2.791e-01  
5.752e-01  2.791e-01  
5.701e-01  2.791e-01  
5.600e-01  2.791e-01  
5.600e-01  2.791e-01  
5.497e-01  2.791e-01  
5.497e-01  2.791e-01  
5.497e-01  2.791e-01  
5.466e-01  2.791e-01  
5.430e-01  2.791e-01  
5.384e-01  2.791e-01  
5.330e-01  2.792e-01  
5.330e-01  2.792e-01  
5.269e-01  2.792e-01  
5.269e-01  2.792e-01  
5.242e-01  2.792e-01  
5.213e-01  2.798e-01  
5.199e-01  2.800e-01  
5.191e-01  2.805e-01  
5.178e-01  2.818e-01  
5.154e-01  2.834e-01  
5.112e-01  2.856e-01  
5.112e-01  2.856e-01  
5.107e-01  2.858e-01  
5.107e-01  2.858e-01  
5.098e-01  2.879e-01  
5.080e-01  2.880e-01  
4.989e-01  2.944e-01  
4.989e-01  2.944e-01  
4.989e-01  2.944e-01  
4.989e-01  2.944e-01  
4.983e-01  2.946e-01  
4.964e-01  2.960e-01  
4.961e-01  2.960e-01  
4.921e-01  2.993e-01  
4.921e-01  2.993e-01  
4.904e-01  3.002e-01  
4.881e-01  3.018e-01  
4.881e-01  3.018e-01  
4.879e-01  3.019e-01  
4.829e-01  3.063e-01  
4.829e-01  3.063e-01  
4.829e-01  3.063e-01  
4.787e-01  3.092e-01  
4.787e-01  3.092e-01  
4.787e-01  3.092e-01  
4.777e-01  3.096e-01  
4.743e-01  3.121e-01  
4.743e-01  3.121e-01  
4.731e-01  3.129e-01  
4.722e-01  3.144e-01  
4.690e-01  3.173e-01  
4.691e-01  3.159e-01  
4.682e-01  3.191e-01  
4.672e-01  3.191e-01  
4.659e-01  3.194e-01  
4.637e-01  3.201e-01  
4.632e-01  3.202e-01  
4.612e-01  3.214e-01  
4.602e-01  3.220e-01  
4.601e-01  3.221e-01  
4.601e-01  5.222e-01  
