6.640e+00  6.333e+00  
6.784e+00  6.344e+00  
7.058e+00  6.062e+00  
7.494e+00  6.331e+00  
6.392e+00  4.184e+00  
5.562e+00  6.337e+00  
6.215e+00  6.757e+00  
6.085e+00  5.872e+00  
5.286e+00  6.088e+00  
5.685e+00  6.603e+00  
5.316e+00  6.686e+00  
5.697e+00  7.521e+00  
6.215e+00  6.513e+00  
5.524e+00  5.784e+00  
6.961e+00  6.070e+00  
7.380e+00  5.115e+00  
6.473e+00  6.833e+00  
6.591e+00  4.614e+00  
5.908e+00  6.618e+00  
7.200e+00  6.152e+00  
5.254e+00  5.911e+00  
5.997e+00  5.746e+00  
7.555e+00  6.446e+00  
6.192e+00  6.600e+00  
6.755e+00  5.916e+00  
5.382e+00  4.840e+00  
5.821e+00  5.356e+00  
7.138e+00  5.435e+00  
6.187e+00  5.534e+00  
6.912e+00  5.577e+00  
6.569e+00  5.090e+00  
6.321e+00  6.383e+00  
6.082e+00  5.661e+00  
5.780e+00  6.445e+00  
6.854e+00  5.696e+00  
6.378e+00  5.794e+00  
6.057e+00  5.915e+00  
7.119e+00  4.827e+00  
5.690e+00  6.377e+00  
6.031e+00  5.432e+00  
6.329e+00  5.627e+00  
5.400e+00  5.483e+00  
7.210e+00  6.174e+00  
4.571e+00  6.342e+00  
7.133e+00  6.272e+00  
5.963e+00  6.091e+00  
6.496e+00  4.582e+00  
7.015e+00  6.745e+00  
6.151e+00  4.748e+00  
6.954e+00  6.094e+00  
7.014e+00  4.395e+00  
6.201e+00  6.590e+00  
6.504e+00  5.637e+00  
6.290e+00  5.830e+00  
5.731e+00  5.723e+00  
8.086e+00  6.352e+00  
6.918e+00  6.452e+00  
7.178e+00  4.664e+00  
6.474e+00  5.005e+00  
6.024e+00  5.533e+00  
7.507e+00  6.319e+00  
5.702e+00  5.634e+00  
5.183e+00  6.356e+00  
6.339e+00  6.353e+00  
4.724e+00  5.170e+00  
6.509e+00  5.489e+00  
5.746e+00  6.130e+00  
4.704e+00  5.140e+00  
8.198e+00  5.076e+00  
6.792e+00  6.169e+00  
5.662e+00  6.824e+00  
7.828e+00  6.157e+00  
7.095e+00  4.357e+00  
4.857e+00  6.446e+00  
7.143e+00  6.862e+00  
7.131e+00  6.572e+00  
7.084e+00  5.673e+00  
5.137e+00  4.867e+00  
7.906e+00  7.300e+00  
7.730e+00  6.716e+00  
8.346e+00  6.348e+00  
5.597e+00  5.665e+00  
6.578e+00  4.998e+00  
5.319e+00  4.904e+00  
6.587e+00  5.935e+00  
8.023e+00  4.893e+00  
6.669e+00  5.869e+00  
5.355e+00  5.946e+00  
5.149e+00  6.231e+00  
5.917e+00  4.606e+00  
5.576e+00  6.848e+00  
5.940e+00  5.387e+00  
6.809e+00  5.153e+00  
6.254e+00  6.460e+00  
5.717e+00  5.807e+00  
6.856e+00  4.652e+00  
5.633e+00  4.836e+00  
5.560e+00  5.264e+00  
7.601e+00  5.794e+00  
6.194e+00  5.728e+00  
1.207e+00  1.049e-02  
6.776e-03  1.050e+00  
1.004e+00  1.338e-02  
9.816e-01  2.413e-02  
9.637e-01  3.623e-02  
9.511e-01  4.023e-02  
9.216e-01  5.484e-02  
9.129e-01  6.013e-02  
8.990e-01  7.233e-02  
8.713e-01  8.312e-02  
8.558e-01  9.089e-02  
8.558e-01  9.089e-02  
8.256e-01  1.091e-01  
8.126e-01  1.173e-01  
7.967e-01  1.264e-01  
7.776e-01  1.340e-01  
7.653e-01  1.426e-01  
7.573e-01  1.513e-01  
7.428e-01  1.550e-01  
7.229e-01  1.672e-01  
7.053e-01  1.755e-01  
6.938e-01  1.806e-01  
6.807e-01  1.913e-01  
6.700e-01  1.961e-01  
6.579e-01  2.051e-01  
6.434e-01  2.142e-01  
6.297e-01  2.221e-01  
6.222e-01  2.259e-01  
6.173e-01  2.341e-01  
6.039e-01  2.437e-01  
5.881e-01  2.497e-01  
5.768e-01  2.586e-01  
5.671e-01  2.640e-01  
5.559e-01  2.711e-01  
5.467e-01  2.795e-01  
5.377e-01  2.874e-01  
5.235e-01  2.943e-01  
5.138e-01  3.007e-01  
5.057e-01  3.085e-01  
4.970e-01  3.130e-01  
4.864e-01  3.213e-01  
4.774e-01  3.277e-01  
4.680e-01  3.325e-01  
4.574e-01  3.427e-01  
4.501e-01  3.502e-01  
4.394e-01  3.579e-01  
4.298e-01  3.636e-01  
4.244e-01  3.693e-01  
4.120e-01  3.791e-01  
4.044e-01  3.852e-01  
3.924e-01  3.921e-01  
3.870e-01  4.004e-01  
3.756e-01  4.064e-01  
3.686e-01  4.143e-01  
3.629e-01  4.186e-01  
3.511e-01  4.262e-01  
3.469e-01  4.319e-01  
3.300e-01  4.448e-01  
3.260e-01  4.486e-01  
3.173e-01  4.549e-01  
3.095e-01  4.615e-01  
3.035e-01  4.654e-01  
2.949e-01  4.786e-01  
2.824e-01  4.887e-01  
2.799e-01  4.926e-01  
2.735e-01  5.024e-01  
2.663e-01  5.028e-01  
2.564e-01  5.120e-01  
2.462e-01  5.277e-01  
2.390e-01  5.321e-01  
2.320e-01  5.390e-01  
2.239e-01  5.472e-01  
2.181e-01  5.519e-01  
2.096e-01  5.660e-01  
2.046e-01  5.743e-01  
1.926e-01  5.841e-01  
1.857e-01  5.900e-01  
1.782e-01  6.019e-01  
1.720e-01  6.084e-01  
1.669e-01  6.152e-01  
1.607e-01  6.244e-01  
1.512e-01  6.392e-01  
1.453e-01  6.444e-01  
1.362e-01  6.514e-01  
1.284e-01  6.688e-01  
1.198e-01  6.785e-01  
1.133e-01  6.903e-01  
1.044e-01  6.982e-01  
9.764e-02  7.119e-01  
8.823e-02  7.241e-01  
8.489e-02  7.406e-01  
7.428e-02  7.538e-01  
6.445e-02  7.800e-01  
5.684e-02  7.918e-01  
5.129e-02  8.079e-01  
4.479e-02  8.259e-01  
3.127e-02  8.637e-01  
2.349e-02  8.893e-01  
1.966e-02  9.188e-01  
1.058e-02  9.758e-01  
1.006e+00  8.362e-03  
6.125e-03  9.984e-01  
9.959e-01  1.338e-02  
9.761e-01  2.337e-02  
9.569e-01  3.320e-02  
9.382e-01  4.282e-02  
9.200e-01  5.230e-02  
9.023e-01  6.160e-02  
8.851e-01  7.075e-02  
8.683e-01  7.972e-02  
8.519e-01  8.865e-02  
8.359e-01  9.738e-02  
8.202e-01  1.060e-01  
8.050e-01  1.145e-01  
7.900e-01  1.229e-01  
7.753e-01  1.312e-01  
7.611e-01  1.394e-01  
7.470e-01  1.475e-01  
7.333e-01  1.555e-01  
7.198e-01  1.635e-01  
7.066e-01  1.713e-01  
6.936e-01  1.791e-01  
6.809e-01  1.868e-01  
6.684e-01  1.945e-01  
6.561e-01  2.020e-01  
6.440e-01  2.096e-01  
6.322e-01  2.170e-01  
6.205e-01  2.244e-01  
6.090e-01  2.318e-01  
5.977e-01  2.391e-01  
5.866e-01  2.464e-01  
5.756e-01  2.536e-01  
5.648e-01  2.608e-01  
5.542e-01  2.679e-01  
5.437e-01  2.751e-01  
5.333e-01  2.822e-01  
5.231e-01  2.892e-01  
5.130e-01  2.963e-01  
5.030e-01  3.033e-01  
4.933e-01  3.103e-01  
4.836e-01  3.173e-01  
4.740e-01  3.243e-01  
4.645e-01  3.312e-01  
4.551e-01  3.382e-01  
4.459e-01  3.451e-01  
4.367e-01  3.521e-01  
4.276e-01  3.590e-01  
4.187e-01  3.659e-01  
4.098e-01  3.729e-01  
4.010e-01  3.798e-01  
3.923e-01  3.868e-01  
3.837e-01  3.938e-01  
3.752e-01  4.007e-01  
3.667e-01  4.078e-01  
3.583e-01  4.148e-01  
3.500e-01  4.218e-01  
3.418e-01  4.289e-01  
3.336e-01  4.360e-01  
3.254e-01  4.432e-01  
3.174e-01  4.504e-01  
3.094e-01  4.576e-01  
3.014e-01  4.648e-01  
2.935e-01  4.721e-01  
2.857e-01  4.795e-01  
2.779e-01  4.869e-01  
2.701e-01  4.944e-01  
2.624e-01  5.020e-01  
2.548e-01  5.096e-01  
2.471e-01  5.173e-01  
2.395e-01  5.251e-01  
2.320e-01  5.330e-01  
2.244e-01  5.410e-01  
2.170e-01  5.490e-01  
2.095e-01  5.572e-01  
2.020e-01  5.656e-01  
1.946e-01  5.740e-01  
1.872e-01  5.827e-01  
1.798e-01  5.914e-01  
1.724e-01  6.004e-01  
1.651e-01  6.095e-01  
1.577e-01  6.189e-01  
1.503e-01  6.284e-01  
1.430e-01  6.382e-01  
1.356e-01  6.483e-01  
1.282e-01  6.587e-01  
1.208e-01  6.695e-01  
1.134e-01  6.806e-01  
1.060e-01  6.921e-01  
9.854e-02  7.041e-01  
9.103e-02  7.167e-01  
8.350e-02  7.300e-01  
7.589e-02  7.440e-01  
6.823e-02  7.589e-01  
6.049e-02  7.749e-01  
5.265e-02  7.924e-01  
4.469e-02  8.117e-01  
3.659e-02  8.335e-01  
2.829e-02  8.591e-01  
1.975e-02  8.912e-01  
1.080e-02  9.392e-01  
1.002e+00  3.775e-03  
2.478e-03  1.001e+00  
9.941e-01  8.148e-03  
9.739e-01  1.864e-02  
9.562e-01  2.811e-02  
9.354e-01  3.815e-02  
9.179e-01  4.712e-02  
9.007e-01  5.643e-02  
8.829e-01  6.588e-02  
8.649e-01  7.524e-02  
8.494e-01  8.404e-02  
8.333e-01  9.248e-02  
8.191e-01  1.005e-01  
8.019e-01  1.099e-01  
7.872e-01  1.183e-01  
7.717e-01  1.268e-01  
7.588e-01  1.341e-01  
7.442e-01  1.431e-01  
7.300e-01  1.511e-01  
7.173e-01  1.587e-01  
7.043e-01  1.668e-01  
6.916e-01  1.749e-01  
6.779e-01  1.824e-01  
6.664e-01  1.894e-01  
6.538e-01  1.970e-01  
6.414e-01  2.052e-01  
6.290e-01  2.126e-01  
6.169e-01  2.200e-01  
6.064e-01  2.271e-01  
5.942e-01  2.349e-01  
5.835e-01  2.418e-01  
5.731e-01  2.490e-01  
5.623e-01  2.567e-01  
5.524e-01  2.633e-01  
5.409e-01  2.709e-01  
5.307e-01  2.779e-01  
5.197e-01  2.850e-01  
5.101e-01  2.919e-01  
4.997e-01  2.989e-01  
4.905e-01  3.058e-01  
4.810e-01  3.132e-01  
4.700e-01  3.208e-01  
4.612e-01  3.268e-01  
4.521e-01  3.334e-01  
4.437e-01  3.418e-01  
4.342e-01  3.481e-01  
4.243e-01  3.544e-01  
4.157e-01  3.620e-01  
4.057e-01  3.692e-01  
3.978e-01  3.755e-01  
3.890e-01  3.826e-01  
3.810e-01  3.898e-01  
3.722e-01  3.970e-01  
3.636e-01  4.037e-01  
3.554e-01  4.108e-01  
3.466e-01  4.178e-01  
3.386e-01  4.246e-01  
3.300e-01  4.324e-01  
3.226e-01  4.389e-01  
3.143e-01  4.461e-01  
3.060e-01  4.538e-01  
2.986e-01  4.598e-01  
2.903e-01  4.679e-01  
2.827e-01  4.756e-01  
2.741e-01  4.838e-01  
2.672e-01  4.901e-01  
2.584e-01  4.987e-01  
2.514e-01  5.054e-01  
2.438e-01  5.135e-01  
2.358e-01  5.217e-01  
2.283e-01  5.292e-01  
2.208e-01  5.370e-01  
2.138e-01  5.462e-01  
2.062e-01  5.533e-01  
1.988e-01  5.622e-01  
1.912e-01  5.701e-01  
1.836e-01  5.784e-01  
1.762e-01  5.882e-01  
1.682e-01  5.969e-01  
1.617e-01  6.061e-01  
1.541e-01  6.158e-01  
1.469e-01  6.246e-01  
1.397e-01  6.344e-01  
1.321e-01  6.441e-01  
1.247e-01  6.547e-01  
1.177e-01  6.663e-01  
1.101e-01  6.758e-01  
1.026e-01  6.885e-01  
9.470e-02  7.008e-01  
8.769e-02  7.126e-01  
7.998e-02  7.262e-01  
7.255e-02  7.411e-01  
6.439e-02  7.553e-01  
5.685e-02  7.716e-01  
4.870e-02  7.900e-01  
3.987e-02  8.113e-01  
3.285e-02  8.310e-01  
2.420e-02  8.587e-01  
1.598e-02  8.910e-01  
7.182e-03  9.430e-01  
1.002e+00  3.786e-03  
2.393e-03  9.956e-01  
9.922e-01  8.769e-03  
9.725e-01  1.871e-02  
9.532e-01  2.856e-02  
9.346e-01  3.821e-02  
9.163e-01  4.767e-02  
8.987e-01  5.695e-02  
8.814e-01  6.614e-02  
8.646e-01  7.515e-02  
8.482e-01  8.400e-02  
8.322e-01  9.275e-02  
8.165e-01  1.014e-01  
8.012e-01  1.099e-01  
7.863e-01  1.183e-01  
7.717e-01  1.266e-01  
7.573e-01  1.348e-01  
7.433e-01  1.429e-01  
7.296e-01  1.509e-01  
7.161e-01  1.589e-01  
7.029e-01  1.667e-01  
6.899e-01  1.745e-01  
6.772e-01  1.822e-01  
6.646e-01  1.898e-01  
6.524e-01  1.974e-01  
6.403e-01  2.049e-01  
6.284e-01  2.124e-01  
6.168e-01  2.198e-01  
6.053e-01  2.272e-01  
5.940e-01  2.345e-01  
5.828e-01  2.418e-01  
5.719e-01  2.490e-01  
5.611e-01  2.562e-01  
5.504e-01  2.633e-01  
5.399e-01  2.705e-01  
5.296e-01  2.775e-01  
5.193e-01  2.846e-01  
5.093e-01  2.917e-01  
4.993e-01  2.987e-01  
4.895e-01  3.057e-01  
4.798e-01  3.127e-01  
4.702e-01  3.196e-01  
4.608e-01  3.266e-01  
4.514e-01  3.336e-01  
4.421e-01  3.405e-01  
4.330e-01  3.474e-01  
4.239e-01  3.544e-01  
4.150e-01  3.613e-01  
4.061e-01  3.683e-01  
3.973e-01  3.752e-01  
3.886e-01  3.822e-01  
3.800e-01  3.891e-01  
3.714e-01  3.961e-01  
3.629e-01  4.032e-01  
3.546e-01  4.102e-01  
3.463e-01  4.172e-01  
3.380e-01  4.243e-01  
3.298e-01  4.314e-01  
3.217e-01  4.386e-01  
3.136e-01  4.457e-01  
3.056e-01  4.530e-01  
2.977e-01  4.602e-01  
2.898e-01  4.675e-01  
2.819e-01  4.749e-01  
2.741e-01  4.823e-01  
2.664e-01  4.898e-01  
2.587e-01  4.973e-01  
2.510e-01  5.050e-01  
2.434e-01  5.127e-01  
2.358e-01  5.205e-01  
2.282e-01  5.284e-01  
2.207e-01  5.363e-01  
2.132e-01  5.445e-01  
2.058e-01  5.526e-01  
1.983e-01  5.610e-01  
1.909e-01  5.694e-01  
1.835e-01  5.781e-01  
1.761e-01  5.868e-01  
1.687e-01  5.958e-01  
1.613e-01  6.049e-01  
1.540e-01  6.143e-01  
1.466e-01  6.238e-01  
1.392e-01  6.337e-01  
1.319e-01  6.437e-01  
1.245e-01  6.541e-01  
1.171e-01  6.649e-01  
1.097e-01  6.760e-01  
1.023e-01  6.875e-01  
9.480e-02  6.996e-01  
8.730e-02  7.122e-01  
7.976e-02  7.254e-01  
7.216e-02  7.394e-01  
6.450e-02  7.543e-01  
5.675e-02  7.703e-01  
4.891e-02  7.878e-01  
4.096e-02  8.071e-01  
3.285e-02  8.290e-01  
2.455e-02  8.546e-01  
1.602e-02  8.867e-01  
7.061e-03  9.349e-01  
1.002e+00  3.780e-03  
2.375e-03  9.944e-01  
9.922e-01  8.757e-03  
9.724e-01  1.877e-02  
9.532e-01  2.857e-02  
9.345e-01  3.820e-02  
9.163e-01  4.768e-02  
8.986e-01  5.696e-02  
8.813e-01  6.613e-02  
8.645e-01  7.515e-02  
8.481e-01  8.402e-02  
8.321e-01  9.275e-02  
8.164e-01  1.014e-01  
8.012e-01  1.099e-01  
7.862e-01  1.183e-01  
7.716e-01  1.266e-01  
7.573e-01  1.348e-01  
7.433e-01  1.429e-01  
7.295e-01  1.509e-01  
7.160e-01  1.589e-01  
7.028e-01  1.667e-01  
6.899e-01  1.745e-01  
6.771e-01  1.822e-01  
6.646e-01  1.898e-01  
6.524e-01  1.974e-01  
6.403e-01  2.049e-01  
6.284e-01  2.124e-01  
6.168e-01  2.198e-01  
6.053e-01  2.272e-01  
5.940e-01  2.345e-01  
5.828e-01  2.418e-01  
5.719e-01  2.490e-01  
5.611e-01  2.562e-01  
5.504e-01  2.633e-01  
5.399e-01  2.705e-01  
5.296e-01  2.775e-01  
5.194e-01  2.846e-01  
5.093e-01  2.917e-01  
4.993e-01  2.987e-01  
4.895e-01  3.057e-01  
4.798e-01  3.127e-01  
4.702e-01  3.196e-01  
4.608e-01  3.266e-01  
4.514e-01  3.336e-01  
4.421e-01  3.405e-01  
4.330e-01  3.474e-01  
4.239e-01  3.544e-01  
4.149e-01  3.613e-01  
4.061e-01  3.683e-01  
3.973e-01  3.752e-01  
3.886e-01  3.822e-01  
3.800e-01  3.891e-01  
3.714e-01  3.961e-01  
3.630e-01  4.031e-01  
3.546e-01  4.102e-01  
3.463e-01  4.172e-01  
3.380e-01  4.243e-01  
3.298e-01  4.314e-01  
3.217e-01  4.385e-01  
3.136e-01  4.457e-01  
3.056e-01  4.529e-01  
2.977e-01  4.602e-01  
2.898e-01  4.675e-01  
2.819e-01  4.749e-01  
2.741e-01  4.823e-01  
2.664e-01  4.898e-01  
2.587e-01  4.973e-01  
2.510e-01  5.050e-01  
2.434e-01  5.127e-01  
2.358e-01  5.205e-01  
2.282e-01  5.284e-01  
2.207e-01  5.363e-01  
2.132e-01  5.444e-01  
2.057e-01  5.526e-01  
1.983e-01  5.610e-01  
1.909e-01  5.694e-01  
1.835e-01  5.781e-01  
1.761e-01  5.868e-01  
1.687e-01  5.958e-01  
1.613e-01  6.049e-01  
1.539e-01  6.143e-01  
1.466e-01  6.238e-01  
1.392e-01  6.337e-01  
1.319e-01  6.437e-01  
1.245e-01  6.541e-01  
1.171e-01  6.649e-01  
1.097e-01  6.759e-01  
1.023e-01  6.875e-01  
9.480e-02  6.995e-01  
8.729e-02  7.121e-01  
7.975e-02  7.254e-01  
7.215e-02  7.394e-01  
6.449e-02  7.543e-01  
5.674e-02  7.703e-01  
4.891e-02  7.878e-01  
4.095e-02  8.071e-01  
3.284e-02  8.289e-01  
2.455e-02  8.545e-01  
1.601e-02  8.866e-01  
7.057e-03  9.346e-01  
1.002e+00  8.917e-05  
2.376e-03  9.908e-01  
9.922e-01  5.097e-03  
9.724e-01  1.509e-02  
9.531e-01  2.491e-02  
9.345e-01  3.454e-02  
9.163e-01  4.399e-02  
8.986e-01  5.330e-02  
8.814e-01  6.245e-02  
8.645e-01  7.148e-02  
8.482e-01  8.034e-02  
8.322e-01  8.910e-02  
8.164e-01  9.773e-02  
8.012e-01  1.062e-01  
7.863e-01  1.146e-01  
7.716e-01  1.229e-01  
7.573e-01  1.311e-01  
7.433e-01  1.392e-01  
7.295e-01  1.473e-01  
7.161e-01  1.552e-01  
7.029e-01  1.631e-01  
6.899e-01  1.708e-01  
6.772e-01  1.785e-01  
6.646e-01  1.862e-01  
6.524e-01  1.938e-01  
6.403e-01  2.013e-01  
6.284e-01  2.087e-01  
6.168e-01  2.162e-01  
6.053e-01  2.235e-01  
5.940e-01  2.308e-01  
5.828e-01  2.381e-01  
5.719e-01  2.453e-01  
5.611e-01  2.525e-01  
5.504e-01  2.597e-01  
5.399e-01  2.668e-01  
5.296e-01  2.739e-01  
5.194e-01  2.810e-01  
5.093e-01  2.880e-01  
4.993e-01  2.950e-01  
4.895e-01  3.020e-01  
4.798e-01  3.090e-01  
4.702e-01  3.160e-01  
4.607e-01  3.229e-01  
4.514e-01  3.299e-01  
4.421e-01  3.368e-01  
4.330e-01  3.438e-01  
4.239e-01  3.507e-01  
4.149e-01  3.576e-01  
4.061e-01  3.646e-01  
3.973e-01  3.716e-01  
3.886e-01  3.785e-01  
3.800e-01  3.855e-01  
3.714e-01  3.925e-01  
3.629e-01  3.995e-01  
3.546e-01  4.065e-01  
3.463e-01  4.136e-01  
3.380e-01  4.206e-01  
3.298e-01  4.278e-01  
3.217e-01  4.349e-01  
3.136e-01  4.421e-01  
3.056e-01  4.493e-01  
2.977e-01  4.565e-01  
2.898e-01  4.639e-01  
2.819e-01  4.712e-01  
2.741e-01  4.786e-01  
2.664e-01  4.861e-01  
2.587e-01  4.937e-01  
2.510e-01  5.013e-01  
2.434e-01  5.090e-01  
2.358e-01  5.168e-01  
2.282e-01  5.247e-01  
2.207e-01  5.327e-01  
2.132e-01  5.408e-01  
2.057e-01  5.490e-01  
1.983e-01  5.573e-01  
1.908e-01  5.658e-01  
1.835e-01  5.744e-01  
1.761e-01  5.832e-01  
1.687e-01  5.921e-01  
1.613e-01  6.013e-01  
1.540e-01  6.106e-01  
1.466e-01  6.202e-01  
1.392e-01  6.300e-01  
1.319e-01  6.401e-01  
1.245e-01  6.505e-01  
1.171e-01  6.612e-01  
1.097e-01  6.723e-01  
1.022e-01  6.839e-01  
9.479e-02  6.959e-01  
8.730e-02  7.085e-01  
7.975e-02  7.217e-01  
7.215e-02  7.357e-01  
6.447e-02  7.507e-01  
5.674e-02  7.667e-01  
4.890e-02  7.841e-01  
4.094e-02  8.034e-01  
3.285e-02  8.252e-01  
2.455e-02  8.509e-01  
1.599e-02  8.830e-01  
7.047e-03  9.311e-01  
1.002e+00  1.176e-04  
2.371e-03  9.908e-01  
9.922e-01  5.098e-03  
9.724e-01  1.511e-02  
9.531e-01  2.492e-02  
9.345e-01  3.455e-02  
9.163e-01  4.401e-02  
8.986e-01  5.331e-02  
8.813e-01  6.246e-02  
8.645e-01  7.148e-02  
8.481e-01  8.036e-02  
8.321e-01  8.910e-02  
8.164e-01  9.772e-02  
8.012e-01  1.062e-01  
7.862e-01  1.146e-01  
7.716e-01  1.229e-01  
7.573e-01  1.311e-01  
7.433e-01  1.392e-01  
7.295e-01  1.473e-01  
7.160e-01  1.552e-01  
7.029e-01  1.630e-01  
6.899e-01  1.708e-01  
6.771e-01  1.785e-01  
6.646e-01  1.862e-01  
6.524e-01  1.937e-01  
6.403e-01  2.013e-01  
6.284e-01  2.087e-01  
6.167e-01  2.162e-01  
6.053e-01  2.235e-01  
5.940e-01  2.308e-01  
5.828e-01  2.381e-01  
5.719e-01  2.453e-01  
5.611e-01  2.525e-01  
5.504e-01  2.597e-01  
5.399e-01  2.668e-01  
5.296e-01  2.739e-01  
5.194e-01  2.810e-01  
5.093e-01  2.880e-01  
4.993e-01  2.950e-01  
4.895e-01  3.020e-01  
4.798e-01  3.090e-01  
4.702e-01  3.160e-01  
4.607e-01  3.229e-01  
4.514e-01  3.299e-01  
4.421e-01  3.368e-01  
4.330e-01  3.438e-01  
4.239e-01  3.507e-01  
4.149e-01  3.577e-01  
4.061e-01  3.646e-01  
3.973e-01  3.715e-01  
3.886e-01  3.785e-01  
3.800e-01  3.855e-01  
3.714e-01  3.925e-01  
3.629e-01  3.995e-01  
3.546e-01  4.065e-01  
3.462e-01  4.135e-01  
3.380e-01  4.206e-01  
3.298e-01  4.277e-01  
3.217e-01  4.349e-01  
3.136e-01  4.421e-01  
3.056e-01  4.493e-01  
2.977e-01  4.565e-01  
2.898e-01  4.639e-01  
2.819e-01  4.712e-01  
2.741e-01  4.786e-01  
2.664e-01  4.861e-01  
2.587e-01  4.937e-01  
2.510e-01  5.013e-01  
2.434e-01  5.090e-01  
2.358e-01  5.168e-01  
2.282e-01  5.247e-01  
2.207e-01  5.327e-01  
2.132e-01  5.408e-01  
2.057e-01  5.490e-01  
1.983e-01  5.573e-01  
1.909e-01  5.658e-01  
1.835e-01  5.744e-01  
1.761e-01  5.832e-01  
1.687e-01  5.921e-01  
1.613e-01  6.012e-01  
1.539e-01  6.106e-01  
1.466e-01  6.202e-01  
1.392e-01  6.300e-01  
1.319e-01  6.401e-01  
1.245e-01  6.505e-01  
1.171e-01  6.612e-01  
1.097e-01  6.723e-01  
1.022e-01  6.839e-01  
9.479e-02  6.959e-01  
8.728e-02  7.085e-01  
7.975e-02  7.217e-01  
7.215e-02  7.357e-01  
6.448e-02  7.507e-01  
5.674e-02  7.667e-01  
4.890e-02  7.841e-01  
4.094e-02  8.034e-01  
3.284e-02  8.252e-01  
2.455e-02  8.508e-01  
1.599e-02  8.830e-01  
7.054e-03  9.311e-01  
9.999e-01  1.132e-04  
1.067e-04  9.906e-01  
9.900e-01  5.089e-03  
9.702e-01  1.510e-02  
9.509e-01  2.492e-02  
9.322e-01  3.454e-02  
9.140e-01  4.401e-02  
8.963e-01  5.332e-02  
8.791e-01  6.247e-02  
8.623e-01  7.148e-02  
8.458e-01  8.036e-02  
8.298e-01  8.910e-02  
8.142e-01  9.773e-02  
7.989e-01  1.062e-01  
7.840e-01  1.146e-01  
7.693e-01  1.229e-01  
7.550e-01  1.311e-01  
7.410e-01  1.392e-01  
7.272e-01  1.472e-01  
7.138e-01  1.552e-01  
7.006e-01  1.630e-01  
6.876e-01  1.708e-01  
6.749e-01  1.785e-01  
6.624e-01  1.862e-01  
6.501e-01  1.938e-01  
6.381e-01  2.013e-01  
6.262e-01  2.087e-01  
6.145e-01  2.162e-01  
6.030e-01  2.235e-01  
5.917e-01  2.308e-01  
5.806e-01  2.381e-01  
5.696e-01  2.453e-01  
5.588e-01  2.525e-01  
5.482e-01  2.597e-01  
5.377e-01  2.668e-01  
5.273e-01  2.739e-01  
5.171e-01  2.810e-01  
5.070e-01  2.880e-01  
4.971e-01  2.950e-01  
4.872e-01  3.020e-01  
4.775e-01  3.090e-01  
4.680e-01  3.160e-01  
4.585e-01  3.230e-01  
4.491e-01  3.299e-01  
4.399e-01  3.369e-01  
4.307e-01  3.438e-01  
4.216e-01  3.507e-01  
4.127e-01  3.577e-01  
4.038e-01  3.646e-01  
3.950e-01  3.716e-01  
3.863e-01  3.785e-01  
3.777e-01  3.855e-01  
3.692e-01  3.925e-01  
3.607e-01  3.995e-01  
3.523e-01  4.065e-01  
3.440e-01  4.136e-01  
3.357e-01  4.206e-01  
3.276e-01  4.278e-01  
3.194e-01  4.349e-01  
3.114e-01  4.421e-01  
3.033e-01  4.493e-01  
2.954e-01  4.565e-01  
2.875e-01  4.639e-01  
2.797e-01  4.712e-01  
2.719e-01  4.787e-01  
2.641e-01  4.862e-01  
2.564e-01  4.937e-01  
2.487e-01  5.013e-01  
2.411e-01  5.090e-01  
2.335e-01  5.168e-01  
2.260e-01  5.247e-01  
2.184e-01  5.327e-01  
2.109e-01  5.408e-01  
2.034e-01  5.490e-01  
1.960e-01  5.573e-01  
1.886e-01  5.658e-01  
1.812e-01  5.744e-01  
1.738e-01  5.832e-01  
1.664e-01  5.921e-01  
1.590e-01  6.012e-01  
1.517e-01  6.106e-01  
1.443e-01  6.202e-01  
1.370e-01  6.300e-01  
1.296e-01  6.401e-01  
1.222e-01  6.505e-01  
1.148e-01  6.612e-01  
1.074e-01  6.723e-01  
9.998e-02  6.838e-01  
9.252e-02  6.959e-01  
8.502e-02  7.085e-01  
7.748e-02  7.217e-01  
6.988e-02  7.357e-01  
6.221e-02  7.507e-01  
5.447e-02  7.667e-01  
4.664e-02  7.842e-01  
3.868e-02  8.034e-01  
3.057e-02  8.252e-01  
2.228e-02  8.508e-01  
1.373e-02  8.830e-01  
4.770e-03  9.311e-01  
9.999e-01  1.218e-04  
9.414e-05  9.906e-01  
9.900e-01  5.095e-03  
9.701e-01  1.510e-02  
9.508e-01  2.492e-02  
9.322e-01  3.454e-02  
9.140e-01  4.401e-02  
8.963e-01  5.331e-02  
8.791e-01  6.247e-02  
8.622e-01  7.148e-02  
8.458e-01  8.036e-02  
8.298e-01  8.909e-02  
8.141e-01  9.773e-02  
7.989e-01  1.062e-01  
7.839e-01  1.146e-01  
7.693e-01  1.229e-01  
7.550e-01  1.311e-01  
7.410e-01  1.392e-01  
7.272e-01  1.472e-01  
7.138e-01  1.552e-01  
7.005e-01  1.630e-01  
6.876e-01  1.708e-01  
6.748e-01  1.785e-01  
6.624e-01  1.862e-01  
6.501e-01  1.938e-01  
6.380e-01  2.013e-01  
6.262e-01  2.087e-01  
6.145e-01  2.162e-01  
6.030e-01  2.235e-01  
5.917e-01  2.308e-01  
5.806e-01  2.381e-01  
5.696e-01  2.453e-01  
5.588e-01  2.525e-01  
5.482e-01  2.597e-01  
5.376e-01  2.668e-01  
5.273e-01  2.739e-01  
5.171e-01  2.810e-01  
5.070e-01  2.880e-01  
4.970e-01  2.950e-01  
4.872e-01  3.020e-01  
4.775e-01  3.090e-01  
4.679e-01  3.160e-01  
4.585e-01  3.229e-01  
4.491e-01  3.299e-01  
4.398e-01  3.368e-01  
4.307e-01  3.438e-01  
4.216e-01  3.507e-01  
4.127e-01  3.576e-01  
4.038e-01  3.646e-01  
3.950e-01  3.716e-01  
3.863e-01  3.785e-01  
3.777e-01  3.855e-01  
3.691e-01  3.925e-01  
3.607e-01  3.995e-01  
3.523e-01  4.065e-01  
3.440e-01  4.136e-01  
3.357e-01  4.206e-01  
3.275e-01  4.277e-01  
3.194e-01  4.349e-01  
3.113e-01  4.421e-01  
3.033e-01  4.493e-01  
2.954e-01  4.565e-01  
2.875e-01  4.638e-01  
2.796e-01  4.712e-01  
2.718e-01  4.787e-01  
2.641e-01  4.861e-01  
2.564e-01  4.937e-01  
2.487e-01  5.013e-01  
2.411e-01  5.090e-01  
2.335e-01  5.168e-01  
2.259e-01  5.247e-01  
2.184e-01  5.327e-01  
2.109e-01  5.408e-01  
2.034e-01  5.490e-01  
1.960e-01  5.573e-01  
1.886e-01  5.658e-01  
1.812e-01  5.744e-01  
1.738e-01  5.832e-01  
1.664e-01  5.921e-01  
1.590e-01  6.012e-01  
1.517e-01  6.106e-01  
1.443e-01  6.202e-01  
1.369e-01  6.300e-01  
1.296e-01  6.401e-01  
1.222e-01  6.504e-01  
1.148e-01  6.612e-01  
1.074e-01  6.723e-01  
9.996e-02  6.839e-01  
9.251e-02  6.959e-01  
8.501e-02  7.085e-01  
7.747e-02  7.217e-01  
6.987e-02  7.357e-01  
6.221e-02  7.506e-01  
5.446e-02  7.667e-01  
4.662e-02  7.841e-01  
3.867e-02  8.034e-01  
3.056e-02  8.252e-01  
2.227e-02  8.508e-01  
1.372e-02  8.829e-01  
4.774e-03  9.310e-01  
9.998e-01  1.232e-04  
9.942e-05  9.903e-01  
9.899e-01  5.092e-03  
9.701e-01  1.511e-02  
9.508e-01  2.492e-02  
9.322e-01  3.455e-02  
9.140e-01  4.401e-02  
8.963e-01  5.332e-02  
8.790e-01  6.247e-02  
8.622e-01  7.148e-02  
8.458e-01  8.036e-02  
8.298e-01  8.910e-02  
8.141e-01  9.773e-02  
7.989e-01  1.062e-01  
7.839e-01  1.146e-01  
7.693e-01  1.229e-01  
7.550e-01  1.311e-01  
7.410e-01  1.392e-01  
7.272e-01  1.473e-01  
7.137e-01  1.552e-01  
7.005e-01  1.630e-01  
6.876e-01  1.708e-01  
6.748e-01  1.785e-01  
6.624e-01  1.862e-01  
6.501e-01  1.938e-01  
6.380e-01  2.013e-01  
6.262e-01  2.087e-01  
6.145e-01  2.161e-01  
6.030e-01  2.235e-01  
5.917e-01  2.308e-01  
5.806e-01  2.381e-01  
5.696e-01  2.453e-01  
5.588e-01  2.525e-01  
5.481e-01  2.597e-01  
5.376e-01  2.668e-01  
5.273e-01  2.739e-01  
5.171e-01  2.810e-01  
5.070e-01  2.880e-01  
4.970e-01  2.950e-01  
4.872e-01  3.020e-01  
4.775e-01  3.090e-01  
4.679e-01  3.160e-01  
4.585e-01  3.229e-01  
4.491e-01  3.299e-01  
4.398e-01  3.368e-01  
4.307e-01  3.438e-01  
4.216e-01  3.507e-01  
4.126e-01  3.577e-01  
4.038e-01  3.646e-01  
3.950e-01  3.716e-01  
3.863e-01  3.785e-01  
3.777e-01  3.855e-01  
3.691e-01  3.925e-01  
3.607e-01  3.995e-01  
3.523e-01  4.065e-01  
3.440e-01  4.136e-01  
3.357e-01  4.206e-01  
3.275e-01  4.277e-01  
3.194e-01  4.349e-01  
3.113e-01  4.420e-01  
3.033e-01  4.493e-01  
2.954e-01  4.565e-01  
2.875e-01  4.639e-01  
2.796e-01  4.712e-01  
2.719e-01  4.786e-01  
2.641e-01  4.861e-01  
2.564e-01  4.937e-01  
2.487e-01  5.013e-01  
2.411e-01  5.090e-01  
2.335e-01  5.168e-01  
2.259e-01  5.247e-01  
2.184e-01  5.327e-01  
2.109e-01  5.408e-01  
2.034e-01  5.490e-01  
1.960e-01  5.573e-01  
1.886e-01  5.658e-01  
1.812e-01  5.744e-01  
1.738e-01  5.832e-01  
1.664e-01  5.921e-01  
1.590e-01  6.012e-01  
1.517e-01  6.106e-01  
1.443e-01  6.202e-01  
1.369e-01  6.300e-01  
1.296e-01  6.401e-01  
1.222e-01  6.504e-01  
1.148e-01  6.612e-01  
1.074e-01  6.723e-01  
9.996e-02  6.839e-01  
9.251e-02  6.959e-01  
8.501e-02  7.085e-01  
7.747e-02  7.217e-01  
6.987e-02  7.357e-01  
6.220e-02  7.506e-01  
5.446e-02  7.667e-01  
4.662e-02  7.841e-01  
3.867e-02  8.034e-01  
3.056e-02  8.252e-01  
2.227e-02  8.508e-01  
1.372e-02  8.829e-01  
4.775e-03  9.310e-01  
