6.139e+00  6.509e+00  
7.110e+00  6.083e+00  
6.390e+00  4.928e+00  
7.677e+00  5.642e+00  
6.358e+00  7.093e+00  
6.080e+00  5.455e+00  
6.065e+00  5.747e+00  
5.778e+00  5.339e+00  
6.451e+00  6.715e+00  
5.731e+00  5.726e+00  
6.572e+00  5.053e+00  
5.738e+00  4.488e+00  
5.844e+00  6.396e+00  
6.946e+00  6.111e+00  
7.482e+00  5.023e+00  
6.259e+00  4.897e+00  
5.034e+00  4.986e+00  
6.075e+00  5.863e+00  
7.216e+00  6.094e+00  
5.337e+00  7.074e+00  
5.312e+00  5.373e+00  
8.119e+00  5.412e+00  
7.694e+00  6.996e+00  
6.526e+00  6.582e+00  
5.551e+00  5.572e+00  
7.432e+00  4.867e+00  
5.684e+00  5.237e+00  
7.611e+00  5.175e+00  
6.692e+00  5.687e+00  
6.394e+00  5.185e+00  
6.410e+00  6.426e+00  
5.915e+00  6.800e+00  
4.755e+00  7.197e+00  
6.959e+00  5.897e+00  
5.774e+00  5.965e+00  
5.705e+00  7.085e+00  
7.348e+00  6.841e+00  
6.461e+00  6.029e+00  
7.770e+00  6.087e+00  
7.100e+00  4.975e+00  
6.676e+00  6.075e+00  
5.859e+00  5.217e+00  
7.004e+00  5.474e+00  
7.391e+00  5.711e+00  
6.513e+00  6.037e+00  
6.331e+00  4.628e+00  
5.173e+00  5.333e+00  
6.348e+00  6.531e+00  
5.436e+00  5.389e+00  
6.210e+00  6.501e+00  
7.527e+00  6.867e+00  
7.059e+00  5.185e+00  
5.538e+00  6.526e+00  
7.206e+00  5.822e+00  
5.998e+00  4.857e+00  
6.146e+00  5.847e+00  
5.832e+00  6.600e+00  
7.014e+00  6.071e+00  
7.180e+00  5.195e+00  
6.187e+00  5.055e+00  
5.318e+00  7.624e+00  
7.220e+00  6.129e+00  
5.528e+00  6.604e+00  
7.148e+00  5.850e+00  
6.368e+00  5.565e+00  
6.721e+00  5.531e+00  
5.925e+00  4.832e+00  
7.403e+00  6.684e+00  
7.861e+00  5.964e+00  
5.961e+00  5.221e+00  
6.927e+00  5.540e+00  
5.405e+00  6.424e+00  
7.401e+00  5.795e+00  
7.190e+00  5.578e+00  
6.006e+00  7.251e+00  
5.731e+00  5.998e+00  
6.665e+00  5.379e+00  
6.565e+00  6.500e+00  
6.471e+00  7.293e+00  
6.174e+00  5.124e+00  
6.799e+00  6.415e+00  
7.182e+00  6.514e+00  
7.449e+00  5.095e+00  
7.847e+00  6.098e+00  
7.452e+00  4.151e+00  
6.183e+00  5.247e+00  
7.827e+00  6.166e+00  
4.928e+00  6.882e+00  
7.645e+00  6.647e+00  
7.818e+00  5.771e+00  
6.052e+00  5.167e+00  
5.243e+00  5.914e+00  
7.065e+00  5.249e+00  
6.618e+00  5.413e+00  
5.462e+00  6.251e+00  
5.623e+00  5.349e+00  
6.851e+00  5.031e+00  
5.914e+00  6.206e+00  
6.699e+00  4.086e+00  
6.049e+00  6.301e+00  
3.996e+00  2.794e+00  
2.990e+00  3.790e+00  
3.986e+00  2.799e+00  
3.966e+00  2.809e+00  
3.946e+00  2.819e+00  
3.928e+00  2.829e+00  
3.910e+00  2.838e+00  
3.891e+00  2.847e+00  
3.875e+00  2.857e+00  
3.857e+00  2.866e+00  
3.841e+00  2.875e+00  
3.824e+00  2.883e+00  
3.809e+00  2.892e+00  
3.794e+00  2.901e+00  
3.779e+00  2.909e+00  
3.764e+00  2.917e+00  
3.748e+00  2.926e+00  
3.736e+00  2.934e+00  
3.721e+00  2.942e+00  
3.708e+00  2.949e+00  
3.695e+00  2.958e+00  
3.682e+00  2.965e+00  
3.669e+00  2.973e+00  
3.657e+00  2.981e+00  
3.644e+00  2.989e+00  
3.632e+00  2.996e+00  
3.620e+00  3.004e+00  
3.608e+00  3.011e+00  
3.597e+00  3.019e+00  
3.585e+00  3.026e+00  
3.574e+00  3.033e+00  
3.563e+00  3.040e+00  
3.552e+00  3.048e+00  
3.542e+00  3.055e+00  
3.531e+00  3.062e+00  
3.521e+00  3.069e+00  
3.510e+00  3.076e+00  
3.500e+00  3.083e+00  
3.490e+00  3.091e+00  
3.480e+00  3.098e+00  
3.470e+00  3.104e+00  
3.461e+00  3.112e+00  
3.451e+00  3.119e+00  
3.442e+00  3.125e+00  
3.433e+00  3.133e+00  
3.424e+00  3.139e+00  
3.414e+00  3.146e+00  
3.404e+00  3.154e+00  
3.396e+00  3.160e+00  
3.387e+00  3.167e+00  
3.378e+00  3.174e+00  
3.370e+00  3.181e+00  
3.361e+00  3.188e+00  
3.352e+00  3.195e+00  
3.344e+00  3.202e+00  
3.336e+00  3.209e+00  
3.327e+00  3.217e+00  
3.320e+00  3.223e+00  
3.311e+00  3.231e+00  
3.303e+00  3.238e+00  
3.295e+00  3.246e+00  
3.287e+00  3.253e+00  
3.279e+00  3.260e+00  
3.271e+00  3.268e+00  
3.263e+00  3.274e+00  
3.256e+00  3.282e+00  
3.248e+00  3.290e+00  
3.240e+00  3.297e+00  
3.233e+00  3.306e+00  
3.225e+00  3.314e+00  
3.217e+00  3.321e+00  
3.210e+00  3.330e+00  
3.202e+00  3.337e+00  
3.194e+00  3.345e+00  
3.187e+00  3.354e+00  
3.180e+00  3.362e+00  
3.172e+00  3.370e+00  
3.165e+00  3.379e+00  
3.157e+00  3.388e+00  
3.150e+00  3.398e+00  
3.142e+00  3.407e+00  
3.135e+00  3.417e+00  
3.127e+00  3.427e+00  
3.120e+00  3.437e+00  
3.113e+00  3.447e+00  
3.105e+00  3.457e+00  
3.098e+00  3.469e+00  
3.090e+00  3.481e+00  
3.083e+00  3.493e+00  
3.075e+00  3.506e+00  
3.068e+00  3.519e+00  
3.060e+00  3.533e+00  
3.052e+00  3.548e+00  
3.045e+00  3.564e+00  
3.037e+00  3.581e+00  
3.029e+00  3.601e+00  
3.021e+00  3.624e+00  
3.012e+00  3.650e+00  
3.003e+00  3.683e+00  
2.995e+00  3.732e+00  
3.796e+00  2.792e+00  
2.791e+00  3.786e+00  
3.786e+00  2.797e+00  
3.767e+00  2.807e+00  
3.747e+00  2.817e+00  
3.729e+00  2.826e+00  
3.710e+00  2.836e+00  
3.692e+00  2.845e+00  
3.674e+00  2.854e+00  
3.658e+00  2.863e+00  
3.642e+00  2.872e+00  
3.626e+00  2.881e+00  
3.610e+00  2.890e+00  
3.594e+00  2.898e+00  
3.579e+00  2.907e+00  
3.565e+00  2.915e+00  
3.550e+00  2.924e+00  
3.536e+00  2.932e+00  
3.523e+00  2.940e+00  
3.509e+00  2.948e+00  
3.496e+00  2.955e+00  
3.482e+00  2.963e+00  
3.470e+00  2.971e+00  
3.457e+00  2.979e+00  
3.444e+00  2.987e+00  
3.433e+00  2.993e+00  
3.420e+00  3.002e+00  
3.409e+00  3.009e+00  
3.398e+00  3.017e+00  
3.387e+00  3.023e+00  
3.375e+00  3.031e+00  
3.364e+00  3.038e+00  
3.353e+00  3.046e+00  
3.343e+00  3.053e+00  
3.331e+00  3.060e+00  
3.321e+00  3.067e+00  
3.312e+00  3.074e+00  
3.301e+00  3.081e+00  
3.290e+00  3.087e+00  
3.281e+00  3.096e+00  
3.272e+00  3.103e+00  
3.261e+00  3.110e+00  
3.252e+00  3.117e+00  
3.242e+00  3.124e+00  
3.234e+00  3.131e+00  
3.225e+00  3.138e+00  
3.216e+00  3.144e+00  
3.206e+00  3.151e+00  
3.197e+00  3.159e+00  
3.188e+00  3.166e+00  
3.180e+00  3.173e+00  
3.171e+00  3.180e+00  
3.163e+00  3.187e+00  
3.154e+00  3.194e+00  
3.145e+00  3.201e+00  
3.137e+00  3.208e+00  
3.129e+00  3.215e+00  
3.120e+00  3.223e+00  
3.112e+00  3.230e+00  
3.104e+00  3.237e+00  
3.096e+00  3.243e+00  
3.088e+00  3.251e+00  
3.080e+00  3.259e+00  
3.072e+00  3.265e+00  
3.064e+00  3.273e+00  
3.056e+00  3.281e+00  
3.049e+00  3.288e+00  
3.041e+00  3.296e+00  
3.033e+00  3.304e+00  
3.025e+00  3.312e+00  
3.018e+00  3.319e+00  
3.010e+00  3.327e+00  
3.003e+00  3.336e+00  
2.995e+00  3.344e+00  
2.988e+00  3.352e+00  
2.980e+00  3.360e+00  
2.973e+00  3.369e+00  
2.965e+00  3.378e+00  
2.958e+00  3.387e+00  
2.951e+00  3.396e+00  
2.943e+00  3.406e+00  
2.936e+00  3.415e+00  
2.929e+00  3.425e+00  
2.921e+00  3.435e+00  
2.914e+00  3.446e+00  
2.906e+00  3.456e+00  
2.899e+00  3.468e+00  
2.891e+00  3.479e+00  
2.884e+00  3.491e+00  
2.876e+00  3.504e+00  
2.869e+00  3.517e+00  
2.861e+00  3.531e+00  
2.853e+00  3.547e+00  
2.846e+00  3.562e+00  
2.837e+00  3.579e+00  
2.830e+00  3.599e+00  
2.822e+00  3.622e+00  
2.813e+00  3.648e+00  
2.805e+00  3.678e+00  
2.796e+00  3.728e+00  
3.595e+00  2.791e+00  
2.592e+00  3.789e+00  
3.587e+00  2.796e+00  
3.567e+00  2.806e+00  
3.548e+00  2.816e+00  
3.529e+00  2.825e+00  
3.510e+00  2.835e+00  
3.493e+00  2.845e+00  
3.475e+00  2.853e+00  
3.458e+00  2.863e+00  
3.443e+00  2.872e+00  
3.426e+00  2.880e+00  
3.410e+00  2.889e+00  
3.395e+00  2.898e+00  
3.380e+00  2.906e+00  
3.365e+00  2.914e+00  
3.350e+00  2.923e+00  
3.336e+00  2.931e+00  
3.322e+00  2.939e+00  
3.310e+00  2.947e+00  
3.296e+00  2.955e+00  
3.283e+00  2.963e+00  
3.270e+00  2.970e+00  
3.258e+00  2.978e+00  
3.246e+00  2.986e+00  
3.233e+00  2.993e+00  
3.222e+00  3.001e+00  
3.210e+00  3.008e+00  
3.199e+00  3.016e+00  
3.188e+00  3.023e+00  
3.176e+00  3.030e+00  
3.165e+00  3.038e+00  
3.154e+00  3.045e+00  
3.144e+00  3.052e+00  
3.133e+00  3.059e+00  
3.122e+00  3.066e+00  
3.112e+00  3.073e+00  
3.102e+00  3.080e+00  
3.092e+00  3.088e+00  
3.083e+00  3.095e+00  
3.073e+00  3.102e+00  
3.064e+00  3.108e+00  
3.054e+00  3.116e+00  
3.044e+00  3.123e+00  
3.035e+00  3.130e+00  
3.026e+00  3.137e+00  
3.017e+00  3.143e+00  
3.008e+00  3.151e+00  
2.999e+00  3.158e+00  
2.990e+00  3.165e+00  
2.981e+00  3.172e+00  
2.972e+00  3.179e+00  
2.964e+00  3.186e+00  
2.955e+00  3.193e+00  
2.947e+00  3.200e+00  
2.939e+00  3.207e+00  
2.930e+00  3.214e+00  
2.922e+00  3.221e+00  
2.913e+00  3.229e+00  
2.906e+00  3.236e+00  
2.898e+00  3.243e+00  
2.890e+00  3.251e+00  
2.882e+00  3.258e+00  
2.874e+00  3.265e+00  
2.866e+00  3.273e+00  
2.858e+00  3.281e+00  
2.850e+00  3.288e+00  
2.843e+00  3.296e+00  
2.835e+00  3.303e+00  
2.828e+00  3.311e+00  
2.820e+00  3.319e+00  
2.812e+00  3.327e+00  
2.805e+00  3.336e+00  
2.797e+00  3.344e+00  
2.790e+00  3.353e+00  
2.782e+00  3.360e+00  
2.775e+00  3.370e+00  
2.767e+00  3.379e+00  
2.760e+00  3.388e+00  
2.753e+00  3.397e+00  
2.745e+00  3.406e+00  
2.737e+00  3.416e+00  
2.730e+00  3.426e+00  
2.723e+00  3.436e+00  
2.715e+00  3.446e+00  
2.708e+00  3.457e+00  
2.700e+00  3.468e+00  
2.693e+00  3.480e+00  
2.685e+00  3.492e+00  
2.678e+00  3.505e+00  
2.670e+00  3.518e+00  
2.663e+00  3.532e+00  
2.655e+00  3.547e+00  
2.647e+00  3.563e+00  
2.639e+00  3.580e+00  
2.631e+00  3.600e+00  
2.623e+00  3.622e+00  
2.615e+00  3.648e+00  
2.606e+00  3.681e+00  
2.597e+00  3.730e+00  
3.592e+00  2.595e+00  
2.589e+00  3.592e+00  
3.582e+00  2.600e+00  
3.562e+00  2.610e+00  
3.544e+00  2.620e+00  
3.524e+00  2.630e+00  
3.506e+00  2.639e+00  
3.488e+00  2.648e+00  
3.471e+00  2.658e+00  
3.454e+00  2.667e+00  
3.438e+00  2.676e+00  
3.422e+00  2.684e+00  
3.406e+00  2.693e+00  
3.390e+00  2.701e+00  
3.375e+00  2.710e+00  
3.361e+00  2.718e+00  
3.346e+00  2.727e+00  
3.332e+00  2.735e+00  
3.319e+00  2.743e+00  
3.305e+00  2.751e+00  
3.291e+00  2.758e+00  
3.279e+00  2.766e+00  
3.266e+00  2.774e+00  
3.254e+00  2.782e+00  
3.241e+00  2.789e+00  
3.229e+00  2.797e+00  
3.218e+00  2.804e+00  
3.206e+00  2.812e+00  
3.194e+00  2.819e+00  
3.183e+00  2.826e+00  
3.172e+00  2.833e+00  
3.161e+00  2.841e+00  
3.150e+00  2.849e+00  
3.140e+00  2.856e+00  
3.129e+00  2.862e+00  
3.119e+00  2.870e+00  
3.108e+00  2.877e+00  
3.099e+00  2.884e+00  
3.088e+00  2.891e+00  
3.078e+00  2.898e+00  
3.069e+00  2.905e+00  
3.059e+00  2.912e+00  
3.049e+00  2.919e+00  
3.040e+00  2.926e+00  
3.030e+00  2.933e+00  
3.022e+00  2.940e+00  
3.012e+00  2.947e+00  
3.003e+00  2.954e+00  
2.994e+00  2.961e+00  
2.985e+00  2.968e+00  
2.977e+00  2.975e+00  
2.968e+00  2.982e+00  
2.960e+00  2.989e+00  
2.951e+00  2.995e+00  
2.942e+00  3.003e+00  
2.934e+00  3.010e+00  
2.926e+00  3.017e+00  
2.918e+00  3.024e+00  
2.910e+00  3.031e+00  
2.902e+00  3.039e+00  
2.894e+00  3.046e+00  
2.886e+00  3.053e+00  
2.878e+00  3.060e+00  
2.870e+00  3.068e+00  
2.862e+00  3.075e+00  
2.854e+00  3.083e+00  
2.846e+00  3.090e+00  
2.839e+00  3.098e+00  
2.831e+00  3.106e+00  
2.824e+00  3.114e+00  
2.816e+00  3.121e+00  
2.808e+00  3.130e+00  
2.801e+00  3.138e+00  
2.793e+00  3.145e+00  
2.786e+00  3.154e+00  
2.778e+00  3.162e+00  
2.771e+00  3.171e+00  
2.764e+00  3.180e+00  
2.756e+00  3.188e+00  
2.749e+00  3.197e+00  
2.741e+00  3.207e+00  
2.734e+00  3.217e+00  
2.727e+00  3.227e+00  
2.719e+00  3.237e+00  
2.711e+00  3.247e+00  
2.704e+00  3.258e+00  
2.697e+00  3.269e+00  
2.689e+00  3.280e+00  
2.682e+00  3.293e+00  
2.674e+00  3.305e+00  
2.667e+00  3.318e+00  
2.659e+00  3.332e+00  
2.652e+00  3.347e+00  
2.644e+00  3.363e+00  
2.636e+00  3.381e+00  
2.628e+00  3.399e+00  
2.620e+00  3.422e+00  
2.612e+00  3.448e+00  
2.603e+00  3.480e+00  
2.594e+00  3.530e+00  
3.194e+00  2.595e+00  
2.193e+00  3.585e+00  
3.186e+00  2.599e+00  
3.166e+00  2.609e+00  
3.146e+00  2.619e+00  
3.127e+00  2.629e+00  
3.109e+00  2.638e+00  
3.091e+00  2.648e+00  
3.074e+00  2.657e+00  
3.057e+00  2.666e+00  
3.040e+00  2.675e+00  
3.024e+00  2.684e+00  
3.008e+00  2.692e+00  
2.993e+00  2.701e+00  
2.978e+00  2.709e+00  
2.964e+00  2.718e+00  
2.950e+00  2.726e+00  
2.935e+00  2.734e+00  
2.921e+00  2.742e+00  
2.908e+00  2.750e+00  
2.895e+00  2.758e+00  
2.883e+00  2.766e+00  
2.870e+00  2.773e+00  
2.857e+00  2.781e+00  
2.845e+00  2.789e+00  
2.833e+00  2.796e+00  
2.821e+00  2.804e+00  
2.810e+00  2.811e+00  
2.798e+00  2.818e+00  
2.787e+00  2.826e+00  
2.776e+00  2.833e+00  
2.764e+00  2.840e+00  
2.754e+00  2.848e+00  
2.742e+00  2.855e+00  
2.733e+00  2.862e+00  
2.722e+00  2.869e+00  
2.712e+00  2.876e+00  
2.702e+00  2.883e+00  
2.691e+00  2.890e+00  
2.682e+00  2.897e+00  
2.672e+00  2.904e+00  
2.663e+00  2.911e+00  
2.653e+00  2.918e+00  
2.643e+00  2.925e+00  
2.634e+00  2.933e+00  
2.625e+00  2.939e+00  
2.616e+00  2.946e+00  
2.607e+00  2.953e+00  
2.598e+00  2.960e+00  
2.589e+00  2.967e+00  
2.580e+00  2.974e+00  
2.572e+00  2.981e+00  
2.563e+00  2.988e+00  
2.555e+00  2.995e+00  
2.546e+00  3.002e+00  
2.538e+00  3.009e+00  
2.530e+00  3.016e+00  
2.521e+00  3.023e+00  
2.513e+00  3.031e+00  
2.505e+00  3.038e+00  
2.497e+00  3.045e+00  
2.489e+00  3.052e+00  
2.481e+00  3.059e+00  
2.473e+00  3.067e+00  
2.466e+00  3.074e+00  
2.458e+00  3.082e+00  
2.450e+00  3.089e+00  
2.442e+00  3.097e+00  
2.435e+00  3.105e+00  
2.427e+00  3.113e+00  
2.420e+00  3.120e+00  
2.412e+00  3.128e+00  
2.405e+00  3.137e+00  
2.397e+00  3.144e+00  
2.389e+00  3.153e+00  
2.382e+00  3.162e+00  
2.374e+00  3.170e+00  
2.367e+00  3.179e+00  
2.360e+00  3.188e+00  
2.352e+00  3.197e+00  
2.345e+00  3.206e+00  
2.337e+00  3.215e+00  
2.330e+00  3.226e+00  
2.323e+00  3.236e+00  
2.315e+00  3.246e+00  
2.308e+00  3.257e+00  
2.301e+00  3.268e+00  
2.293e+00  3.280e+00  
2.286e+00  3.292e+00  
2.278e+00  3.304e+00  
2.270e+00  3.317e+00  
2.263e+00  3.331e+00  
2.255e+00  3.346e+00  
2.248e+00  3.363e+00  
2.240e+00  3.381e+00  
2.232e+00  3.400e+00  
2.223e+00  3.422e+00  
2.215e+00  3.447e+00  
2.207e+00  3.479e+00  
2.198e+00  3.528e+00  
2.994e+00  2.593e+00  
1.994e+00  3.585e+00  
2.985e+00  2.597e+00  
2.965e+00  2.607e+00  
2.945e+00  2.617e+00  
2.927e+00  2.627e+00  
2.909e+00  2.636e+00  
2.891e+00  2.646e+00  
2.874e+00  2.655e+00  
2.857e+00  2.664e+00  
2.841e+00  2.673e+00  
2.824e+00  2.682e+00  
2.808e+00  2.690e+00  
2.793e+00  2.699e+00  
2.779e+00  2.707e+00  
2.763e+00  2.716e+00  
2.749e+00  2.724e+00  
2.736e+00  2.732e+00  
2.722e+00  2.740e+00  
2.708e+00  2.748e+00  
2.695e+00  2.756e+00  
2.682e+00  2.764e+00  
2.669e+00  2.771e+00  
2.657e+00  2.779e+00  
2.645e+00  2.787e+00  
2.632e+00  2.794e+00  
2.621e+00  2.802e+00  
2.609e+00  2.809e+00  
2.598e+00  2.816e+00  
2.587e+00  2.824e+00  
2.575e+00  2.831e+00  
2.564e+00  2.838e+00  
2.554e+00  2.845e+00  
2.543e+00  2.853e+00  
2.532e+00  2.860e+00  
2.522e+00  2.867e+00  
2.512e+00  2.874e+00  
2.501e+00  2.881e+00  
2.492e+00  2.888e+00  
2.482e+00  2.895e+00  
2.472e+00  2.902e+00  
2.463e+00  2.909e+00  
2.453e+00  2.916e+00  
2.443e+00  2.923e+00  
2.434e+00  2.930e+00  
2.425e+00  2.937e+00  
2.416e+00  2.944e+00  
2.407e+00  2.951e+00  
2.398e+00  2.958e+00  
2.390e+00  2.965e+00  
2.381e+00  2.972e+00  
2.372e+00  2.979e+00  
2.363e+00  2.986e+00  
2.355e+00  2.993e+00  
2.347e+00  3.000e+00  
2.338e+00  3.007e+00  
2.330e+00  3.014e+00  
2.322e+00  3.021e+00  
2.314e+00  3.028e+00  
2.306e+00  3.035e+00  
2.298e+00  3.042e+00  
2.290e+00  3.050e+00  
2.282e+00  3.057e+00  
2.274e+00  3.065e+00  
2.266e+00  3.073e+00  
2.258e+00  3.080e+00  
2.251e+00  3.087e+00  
2.243e+00  3.095e+00  
2.235e+00  3.103e+00  
2.227e+00  3.110e+00  
2.220e+00  3.119e+00  
2.212e+00  3.127e+00  
2.205e+00  3.135e+00  
2.198e+00  3.143e+00  
2.190e+00  3.152e+00  
2.182e+00  3.160e+00  
2.175e+00  3.169e+00  
2.168e+00  3.177e+00  
2.160e+00  3.186e+00  
2.153e+00  3.196e+00  
2.146e+00  3.205e+00  
2.138e+00  3.214e+00  
2.131e+00  3.225e+00  
2.124e+00  3.235e+00  
2.116e+00  3.245e+00  
2.109e+00  3.256e+00  
2.101e+00  3.267e+00  
2.094e+00  3.279e+00  
2.086e+00  3.291e+00  
2.079e+00  3.303e+00  
2.071e+00  3.317e+00  
2.064e+00  3.331e+00  
2.056e+00  3.345e+00  
2.048e+00  3.362e+00  
2.040e+00  3.379e+00  
2.032e+00  3.398e+00  
2.024e+00  3.421e+00  
2.016e+00  3.446e+00  
2.007e+00  3.479e+00  
1.998e+00  3.527e+00  
2.800e+00  2.397e+00  
1.792e+00  3.591e+00  
2.798e+00  2.397e+00  
2.780e+00  2.408e+00  
2.761e+00  2.417e+00  
2.738e+00  2.428e+00  
2.720e+00  2.437e+00  
2.704e+00  2.447e+00  
2.687e+00  2.456e+00  
2.669e+00  2.465e+00  
2.651e+00  2.474e+00  
2.636e+00  2.483e+00  
2.620e+00  2.492e+00  
2.604e+00  2.500e+00  
2.589e+00  2.509e+00  
2.574e+00  2.517e+00  
2.558e+00  2.525e+00  
2.544e+00  2.533e+00  
2.532e+00  2.542e+00  
2.517e+00  2.550e+00  
2.505e+00  2.558e+00  
2.491e+00  2.566e+00  
2.479e+00  2.573e+00  
2.465e+00  2.582e+00  
2.453e+00  2.588e+00  
2.440e+00  2.596e+00  
2.426e+00  2.604e+00  
2.414e+00  2.612e+00  
2.405e+00  2.619e+00  
2.393e+00  2.627e+00  
2.380e+00  2.633e+00  
2.371e+00  2.642e+00  
2.359e+00  2.649e+00  
2.349e+00  2.654e+00  
2.337e+00  2.663e+00  
2.326e+00  2.670e+00  
2.316e+00  2.677e+00  
2.305e+00  2.684e+00  
2.295e+00  2.691e+00  
2.286e+00  2.699e+00  
2.276e+00  2.707e+00  
2.266e+00  2.713e+00  
2.256e+00  2.720e+00  
2.245e+00  2.727e+00  
2.237e+00  2.734e+00  
2.228e+00  2.741e+00  
2.220e+00  2.748e+00  
2.211e+00  2.755e+00  
2.202e+00  2.761e+00  
2.191e+00  2.769e+00  
2.184e+00  2.777e+00  
2.175e+00  2.783e+00  
2.166e+00  2.791e+00  
2.156e+00  2.796e+00  
2.149e+00  2.805e+00  
2.140e+00  2.811e+00  
2.132e+00  2.819e+00  
2.123e+00  2.826e+00  
2.114e+00  2.832e+00  
2.108e+00  2.841e+00  
2.099e+00  2.848e+00  
2.090e+00  2.856e+00  
2.082e+00  2.863e+00  
2.075e+00  2.870e+00  
2.067e+00  2.878e+00  
2.059e+00  2.886e+00  
2.052e+00  2.893e+00  
2.043e+00  2.900e+00  
2.036e+00  2.908e+00  
2.028e+00  2.916e+00  
2.019e+00  2.924e+00  
2.012e+00  2.933e+00  
2.005e+00  2.939e+00  
1.998e+00  2.947e+00  
1.989e+00  2.956e+00  
1.982e+00  2.965e+00  
1.974e+00  2.974e+00  
1.967e+00  2.982e+00  
1.959e+00  2.991e+00  
1.953e+00  3.001e+00  
1.945e+00  3.010e+00  
1.937e+00  3.019e+00  
1.929e+00  3.030e+00  
1.922e+00  3.038e+00  
1.915e+00  3.049e+00  
1.908e+00  3.059e+00  
1.900e+00  3.071e+00  
1.892e+00  3.083e+00  
1.885e+00  3.095e+00  
1.878e+00  3.108e+00  
1.870e+00  3.121e+00  
1.862e+00  3.135e+00  
1.855e+00  3.152e+00  
1.847e+00  3.168e+00  
1.839e+00  3.182e+00  
1.831e+00  3.207e+00  
1.823e+00  3.227e+00  
1.813e+00  3.256e+00  
1.806e+00  3.287e+00  
1.797e+00  3.352e+00  
2.592e+00  2.393e+00  
1.195e+00  3.393e+00  
2.190e+00  2.397e+00  
2.176e+00  2.407e+00  
2.153e+00  2.418e+00  
2.137e+00  2.426e+00  
2.116e+00  2.436e+00  
2.100e+00  2.446e+00  
2.083e+00  2.455e+00  
2.065e+00  2.464e+00  
2.048e+00  2.474e+00  
2.032e+00  2.482e+00  
2.017e+00  2.491e+00  
2.002e+00  2.500e+00  
1.986e+00  2.508e+00  
1.971e+00  2.516e+00  
1.957e+00  2.525e+00  
1.943e+00  2.532e+00  
1.929e+00  2.541e+00  
1.916e+00  2.549e+00  
1.903e+00  2.556e+00  
1.890e+00  2.565e+00  
1.876e+00  2.573e+00  
1.865e+00  2.580e+00  
1.852e+00  2.588e+00  
1.841e+00  2.596e+00  
1.829e+00  2.604e+00  
1.814e+00  2.611e+00  
1.805e+00  2.619e+00  
1.793e+00  2.626e+00  
1.782e+00  2.632e+00  
1.771e+00  2.639e+00  
1.760e+00  2.648e+00  
1.749e+00  2.655e+00  
1.739e+00  2.663e+00  
1.729e+00  2.669e+00  
1.717e+00  2.676e+00  
1.708e+00  2.684e+00  
1.697e+00  2.691e+00  
1.688e+00  2.698e+00  
1.678e+00  2.705e+00  
1.667e+00  2.712e+00  
1.658e+00  2.719e+00  
1.648e+00  2.726e+00  
1.639e+00  2.733e+00  
1.629e+00  2.740e+00  
1.621e+00  2.747e+00  
1.612e+00  2.754e+00  
1.603e+00  2.761e+00  
1.594e+00  2.767e+00  
1.586e+00  2.775e+00  
1.574e+00  2.783e+00  
1.568e+00  2.789e+00  
1.559e+00  2.796e+00  
1.550e+00  2.803e+00  
1.541e+00  2.810e+00  
1.534e+00  2.818e+00  
1.525e+00  2.824e+00  
1.517e+00  2.832e+00  
1.510e+00  2.839e+00  
1.502e+00  2.846e+00  
1.493e+00  2.854e+00  
1.485e+00  2.861e+00  
1.477e+00  2.869e+00  
1.469e+00  2.876e+00  
1.462e+00  2.884e+00  
1.454e+00  2.892e+00  
1.446e+00  2.900e+00  
1.438e+00  2.907e+00  
1.430e+00  2.915e+00  
1.423e+00  2.923e+00  
1.415e+00  2.930e+00  
1.407e+00  2.939e+00  
1.400e+00  2.948e+00  
1.393e+00  2.956e+00  
1.385e+00  2.965e+00  
1.378e+00  2.973e+00  
1.370e+00  2.982e+00  
1.363e+00  2.991e+00  
1.355e+00  3.000e+00  
1.348e+00  3.009e+00  
1.340e+00  3.019e+00  
1.333e+00  3.028e+00  
1.325e+00  3.039e+00  
1.318e+00  3.048e+00  
1.310e+00  3.059e+00  
1.303e+00  3.071e+00  
1.295e+00  3.082e+00  
1.288e+00  3.094e+00  
1.280e+00  3.107e+00  
1.273e+00  3.121e+00  
1.264e+00  3.134e+00  
1.257e+00  3.149e+00  
1.250e+00  3.166e+00  
1.242e+00  3.185e+00  
1.234e+00  3.205e+00  
1.225e+00  3.226e+00  
1.217e+00  3.253e+00  
1.206e+00  3.285e+00  
1.199e+00  3.344e+00  
1.597e+00  2.393e+00  
5.968e-01  3.384e+00  
1.587e+00  2.398e+00  
1.567e+00  2.408e+00  
1.548e+00  2.417e+00  
1.529e+00  2.427e+00  
1.511e+00  2.436e+00  
1.493e+00  2.446e+00  
1.476e+00  2.455e+00  
1.460e+00  2.464e+00  
1.443e+00  2.473e+00  
1.427e+00  2.482e+00  
1.411e+00  2.490e+00  
1.396e+00  2.499e+00  
1.381e+00  2.507e+00  
1.367e+00  2.515e+00  
1.352e+00  2.524e+00  
1.338e+00  2.532e+00  
1.324e+00  2.540e+00  
1.310e+00  2.548e+00  
1.298e+00  2.556e+00  
1.285e+00  2.563e+00  
1.272e+00  2.571e+00  
1.259e+00  2.579e+00  
1.247e+00  2.586e+00  
1.235e+00  2.594e+00  
1.223e+00  2.601e+00  
1.212e+00  2.609e+00  
1.200e+00  2.616e+00  
1.189e+00  2.623e+00  
1.177e+00  2.631e+00  
1.166e+00  2.638e+00  
1.156e+00  2.645e+00  
1.145e+00  2.652e+00  
1.135e+00  2.659e+00  
1.125e+00  2.666e+00  
1.114e+00  2.674e+00  
1.104e+00  2.681e+00  
1.094e+00  2.688e+00  
1.084e+00  2.695e+00  
1.075e+00  2.702e+00  
1.065e+00  2.709e+00  
1.056e+00  2.716e+00  
1.046e+00  2.723e+00  
1.037e+00  2.730e+00  
1.028e+00  2.737e+00  
1.019e+00  2.743e+00  
1.009e+00  2.750e+00  
1.001e+00  2.757e+00  
9.922e-01  2.764e+00  
9.834e-01  2.771e+00  
9.750e-01  2.779e+00  
9.659e-01  2.785e+00  
9.579e-01  2.792e+00  
9.495e-01  2.799e+00  
9.412e-01  2.807e+00  
9.329e-01  2.814e+00  
9.243e-01  2.821e+00  
9.162e-01  2.828e+00  
9.083e-01  2.835e+00  
9.006e-01  2.842e+00  
8.925e-01  2.850e+00  
8.846e-01  2.857e+00  
8.767e-01  2.864e+00  
8.688e-01  2.872e+00  
8.610e-01  2.879e+00  
8.531e-01  2.887e+00  
8.457e-01  2.894e+00  
8.381e-01  2.902e+00  
8.303e-01  2.910e+00  
8.226e-01  2.918e+00  
8.151e-01  2.926e+00  
8.076e-01  2.934e+00  
8.001e-01  2.942e+00  
7.931e-01  2.950e+00  
7.854e-01  2.959e+00  
7.781e-01  2.967e+00  
7.706e-01  2.976e+00  
7.633e-01  2.985e+00  
7.559e-01  2.994e+00  
7.486e-01  3.004e+00  
7.412e-01  3.013e+00  
7.338e-01  3.023e+00  
7.264e-01  3.033e+00  
7.190e-01  3.044e+00  
7.116e-01  3.054e+00  
7.042e-01  3.065e+00  
6.968e-01  3.077e+00  
6.894e-01  3.089e+00  
6.819e-01  3.102e+00  
6.743e-01  3.115e+00  
6.667e-01  3.129e+00  
6.590e-01  3.144e+00  
6.513e-01  3.159e+00  
6.434e-01  3.178e+00  
6.354e-01  3.197e+00  
6.271e-01  3.219e+00  
6.191e-01  3.244e+00  
6.105e-01  3.276e+00  
6.015e-01  3.324e+00  
1.597e+00  2.191e+00  
5.969e-01  3.182e+00  
1.588e+00  2.195e+00  
1.569e+00  2.205e+00  
1.549e+00  2.215e+00  
1.530e+00  2.225e+00  
1.512e+00  2.235e+00  
1.494e+00  2.244e+00  
1.477e+00  2.253e+00  
1.459e+00  2.262e+00  
1.443e+00  2.271e+00  
1.427e+00  2.280e+00  
1.411e+00  2.288e+00  
1.396e+00  2.297e+00  
1.381e+00  2.305e+00  
1.367e+00  2.314e+00  
1.352e+00  2.322e+00  
1.338e+00  2.330e+00  
1.325e+00  2.338e+00  
1.311e+00  2.346e+00  
1.298e+00  2.354e+00  
1.285e+00  2.361e+00  
1.272e+00  2.369e+00  
1.260e+00  2.377e+00  
1.248e+00  2.384e+00  
1.235e+00  2.392e+00  
1.224e+00  2.399e+00  
1.212e+00  2.407e+00  
1.201e+00  2.414e+00  
1.190e+00  2.422e+00  
1.178e+00  2.429e+00  
1.167e+00  2.437e+00  
1.156e+00  2.444e+00  
1.146e+00  2.450e+00  
1.135e+00  2.458e+00  
1.125e+00  2.465e+00  
1.115e+00  2.472e+00  
1.104e+00  2.479e+00  
1.094e+00  2.486e+00  
1.084e+00  2.493e+00  
1.075e+00  2.500e+00  
1.065e+00  2.507e+00  
1.056e+00  2.514e+00  
1.046e+00  2.521e+00  
1.037e+00  2.528e+00  
1.028e+00  2.535e+00  
1.019e+00  2.542e+00  
1.010e+00  2.549e+00  
1.001e+00  2.556e+00  
9.920e-01  2.563e+00  
9.834e-01  2.570e+00  
9.747e-01  2.577e+00  
9.660e-01  2.584e+00  
9.576e-01  2.591e+00  
9.497e-01  2.598e+00  
9.411e-01  2.605e+00  
9.329e-01  2.612e+00  
9.244e-01  2.619e+00  
9.167e-01  2.626e+00  
9.084e-01  2.634e+00  
9.007e-01  2.641e+00  
8.925e-01  2.648e+00  
8.847e-01  2.655e+00  
8.768e-01  2.663e+00  
8.690e-01  2.670e+00  
8.611e-01  2.678e+00  
8.532e-01  2.685e+00  
8.459e-01  2.693e+00  
8.380e-01  2.701e+00  
8.305e-01  2.709e+00  
8.227e-01  2.716e+00  
8.154e-01  2.724e+00  
8.077e-01  2.733e+00  
8.005e-01  2.740e+00  
7.930e-01  2.749e+00  
7.857e-01  2.757e+00  
7.782e-01  2.766e+00  
7.708e-01  2.775e+00  
7.634e-01  2.784e+00  
7.561e-01  2.793e+00  
7.488e-01  2.802e+00  
7.409e-01  2.812e+00  
7.337e-01  2.822e+00  
7.266e-01  2.832e+00  
7.191e-01  2.842e+00  
7.116e-01  2.853e+00  
7.041e-01  2.864e+00  
6.969e-01  2.875e+00  
6.894e-01  2.888e+00  
6.819e-01  2.901e+00  
6.742e-01  2.913e+00  
6.668e-01  2.928e+00  
6.586e-01  2.942e+00  
6.512e-01  2.959e+00  
6.433e-01  2.976e+00  
6.354e-01  2.995e+00  
6.273e-01  3.017e+00  
6.189e-01  3.043e+00  
6.104e-01  3.075e+00  
6.015e-01  3.122e+00  
