6.319e+00  5.650e+00  
5.749e+00  4.512e+00  
6.164e+00  5.207e+00  
6.037e+00  5.481e+00  
5.702e+00  5.808e+00  
8.343e+00  4.831e+00  
6.323e+00  7.214e+00  
4.770e+00  6.443e+00  
5.729e+00  6.224e+00  
5.319e+00  7.316e+00  
7.498e+00  5.288e+00  
5.928e+00  5.961e+00  
6.501e+00  6.168e+00  
6.147e+00  4.211e+00  
7.506e+00  5.425e+00  
7.276e+00  5.495e+00  
7.347e+00  6.059e+00  
6.598e+00  7.298e+00  
5.063e+00  5.876e+00  
7.164e+00  4.230e+00  
7.970e+00  7.417e+00  
7.392e+00  5.443e+00  
5.622e+00  5.666e+00  
5.325e+00  5.929e+00  
6.361e+00  4.888e+00  
4.875e+00  7.974e+00  
6.027e+00  6.268e+00  
4.835e+00  6.272e+00  
6.961e+00  6.748e+00  
6.773e+00  5.593e+00  
6.379e+00  4.798e+00  
6.390e+00  5.373e+00  
5.180e+00  6.331e+00  
5.574e+00  6.583e+00  
4.907e+00  6.688e+00  
5.883e+00  5.219e+00  
6.522e+00  6.881e+00  
7.658e+00  5.566e+00  
7.702e+00  5.053e+00  
6.294e+00  6.441e+00  
6.112e+00  6.983e+00  
5.167e+00  6.383e+00  
7.157e+00  5.577e+00  
6.389e+00  4.945e+00  
6.810e+00  6.193e+00  
6.067e+00  6.293e+00  
6.453e+00  5.335e+00  
7.035e+00  7.221e+00  
5.632e+00  5.746e+00  
5.619e+00  5.990e+00  
5.781e+00  4.349e+00  
6.668e+00  8.183e+00  
5.867e+00  5.764e+00  
6.158e+00  5.460e+00  
6.050e+00  5.823e+00  
7.929e+00  6.298e+00  
6.012e+00  7.532e+00  
8.128e+00  6.692e+00  
7.366e+00  4.125e+00  
5.457e+00  4.837e+00  
7.396e+00  5.937e+00  
7.284e+00  5.302e+00  
6.583e+00  5.109e+00  
8.492e+00  4.916e+00  
4.702e+00  6.882e+00  
6.451e+00  6.071e+00  
6.689e+00  6.416e+00  
6.604e+00  5.488e+00  
6.729e+00  6.457e+00  
5.182e+00  5.895e+00  
5.332e+00  5.631e+00  
6.889e+00  5.356e+00  
5.195e+00  5.451e+00  
5.289e+00  6.191e+00  
6.792e+00  5.643e+00  
5.378e+00  6.120e+00  
5.700e+00  5.519e+00  
6.699e+00  5.295e+00  
6.728e+00  5.855e+00  
7.928e+00  4.511e+00  
6.938e+00  5.599e+00  
6.196e+00  6.430e+00  
7.281e+00  5.072e+00  
4.092e+00  6.640e+00  
7.316e+00  4.832e+00  
7.199e+00  6.332e+00  
6.433e+00  5.231e+00  
5.516e+00  5.559e+00  
7.493e+00  4.867e+00  
5.968e+00  5.537e+00  
6.726e+00  5.898e+00  
6.821e+00  6.018e+00  
6.264e+00  5.559e+00  
7.277e+00  5.553e+00  
6.196e+00  4.434e+00  
6.556e+00  4.471e+00  
6.145e+00  6.317e+00  
7.384e+00  7.569e+00  
5.026e+00  4.769e+00  
6.569e+00  5.362e+00  
3.996e+00  2.792e+00  
2.992e+00  3.787e+00  
3.987e+00  2.797e+00  
3.966e+00  2.807e+00  
3.947e+00  2.817e+00  
3.928e+00  2.827e+00  
3.910e+00  2.836e+00  
3.892e+00  2.846e+00  
3.875e+00  2.855e+00  
3.857e+00  2.864e+00  
3.842e+00  2.873e+00  
3.825e+00  2.882e+00  
3.810e+00  2.890e+00  
3.794e+00  2.899e+00  
3.779e+00  2.907e+00  
3.764e+00  2.916e+00  
3.750e+00  2.924e+00  
3.736e+00  2.932e+00  
3.722e+00  2.940e+00  
3.709e+00  2.948e+00  
3.696e+00  2.956e+00  
3.683e+00  2.964e+00  
3.671e+00  2.972e+00  
3.658e+00  2.980e+00  
3.646e+00  2.987e+00  
3.633e+00  2.995e+00  
3.622e+00  3.002e+00  
3.610e+00  3.010e+00  
3.598e+00  3.017e+00  
3.587e+00  3.024e+00  
3.576e+00  3.032e+00  
3.565e+00  3.039e+00  
3.554e+00  3.047e+00  
3.543e+00  3.053e+00  
3.533e+00  3.061e+00  
3.523e+00  3.068e+00  
3.512e+00  3.075e+00  
3.502e+00  3.082e+00  
3.492e+00  3.089e+00  
3.481e+00  3.096e+00  
3.472e+00  3.103e+00  
3.463e+00  3.110e+00  
3.453e+00  3.117e+00  
3.444e+00  3.124e+00  
3.435e+00  3.131e+00  
3.426e+00  3.139e+00  
3.416e+00  3.145e+00  
3.406e+00  3.152e+00  
3.398e+00  3.160e+00  
3.390e+00  3.166e+00  
3.379e+00  3.174e+00  
3.372e+00  3.180e+00  
3.363e+00  3.187e+00  
3.355e+00  3.195e+00  
3.346e+00  3.201e+00  
3.338e+00  3.209e+00  
3.330e+00  3.216e+00  
3.322e+00  3.223e+00  
3.313e+00  3.230e+00  
3.306e+00  3.238e+00  
3.297e+00  3.245e+00  
3.289e+00  3.252e+00  
3.281e+00  3.259e+00  
3.273e+00  3.267e+00  
3.266e+00  3.274e+00  
3.258e+00  3.282e+00  
3.250e+00  3.290e+00  
3.242e+00  3.297e+00  
3.234e+00  3.305e+00  
3.226e+00  3.313e+00  
3.219e+00  3.320e+00  
3.211e+00  3.329e+00  
3.204e+00  3.337e+00  
3.196e+00  3.344e+00  
3.188e+00  3.353e+00  
3.181e+00  3.362e+00  
3.174e+00  3.370e+00  
3.166e+00  3.379e+00  
3.159e+00  3.388e+00  
3.151e+00  3.397e+00  
3.144e+00  3.406e+00  
3.137e+00  3.416e+00  
3.129e+00  3.426e+00  
3.122e+00  3.436e+00  
3.114e+00  3.447e+00  
3.107e+00  3.458e+00  
3.100e+00  3.468e+00  
3.092e+00  3.480e+00  
3.085e+00  3.492e+00  
3.077e+00  3.504e+00  
3.069e+00  3.517e+00  
3.062e+00  3.532e+00  
3.054e+00  3.547e+00  
3.046e+00  3.564e+00  
3.038e+00  3.581e+00  
3.030e+00  3.600e+00  
3.022e+00  3.622e+00  
3.014e+00  3.649e+00  
3.005e+00  3.681e+00  
2.996e+00  3.730e+00  
3.796e+00  2.789e+00  
2.793e+00  3.789e+00  
3.787e+00  2.794e+00  
3.768e+00  2.804e+00  
3.748e+00  2.813e+00  
3.729e+00  2.823e+00  
3.711e+00  2.833e+00  
3.693e+00  2.842e+00  
3.676e+00  2.851e+00  
3.658e+00  2.860e+00  
3.642e+00  2.869e+00  
3.626e+00  2.878e+00  
3.610e+00  2.887e+00  
3.595e+00  2.895e+00  
3.580e+00  2.904e+00  
3.566e+00  2.912e+00  
3.551e+00  2.920e+00  
3.537e+00  2.928e+00  
3.523e+00  2.936e+00  
3.510e+00  2.944e+00  
3.497e+00  2.952e+00  
3.483e+00  2.960e+00  
3.471e+00  2.968e+00  
3.458e+00  2.976e+00  
3.446e+00  2.983e+00  
3.434e+00  2.990e+00  
3.422e+00  2.998e+00  
3.410e+00  3.006e+00  
3.399e+00  3.013e+00  
3.387e+00  3.021e+00  
3.376e+00  3.028e+00  
3.365e+00  3.035e+00  
3.355e+00  3.043e+00  
3.344e+00  3.049e+00  
3.333e+00  3.057e+00  
3.323e+00  3.064e+00  
3.312e+00  3.071e+00  
3.303e+00  3.078e+00  
3.293e+00  3.086e+00  
3.283e+00  3.092e+00  
3.273e+00  3.100e+00  
3.263e+00  3.106e+00  
3.254e+00  3.114e+00  
3.244e+00  3.120e+00  
3.235e+00  3.128e+00  
3.226e+00  3.135e+00  
3.217e+00  3.142e+00  
3.208e+00  3.149e+00  
3.198e+00  3.156e+00  
3.190e+00  3.163e+00  
3.181e+00  3.170e+00  
3.172e+00  3.177e+00  
3.164e+00  3.184e+00  
3.155e+00  3.191e+00  
3.147e+00  3.198e+00  
3.138e+00  3.205e+00  
3.131e+00  3.213e+00  
3.122e+00  3.220e+00  
3.114e+00  3.227e+00  
3.105e+00  3.234e+00  
3.098e+00  3.241e+00  
3.090e+00  3.248e+00  
3.082e+00  3.256e+00  
3.074e+00  3.263e+00  
3.066e+00  3.271e+00  
3.058e+00  3.279e+00  
3.050e+00  3.286e+00  
3.043e+00  3.294e+00  
3.035e+00  3.302e+00  
3.028e+00  3.310e+00  
3.020e+00  3.318e+00  
3.012e+00  3.325e+00  
3.005e+00  3.334e+00  
2.998e+00  3.341e+00  
2.990e+00  3.351e+00  
2.982e+00  3.359e+00  
2.974e+00  3.368e+00  
2.967e+00  3.376e+00  
2.959e+00  3.385e+00  
2.952e+00  3.394e+00  
2.945e+00  3.404e+00  
2.937e+00  3.414e+00  
2.930e+00  3.423e+00  
2.923e+00  3.434e+00  
2.914e+00  3.445e+00  
2.908e+00  3.456e+00  
2.900e+00  3.466e+00  
2.893e+00  3.478e+00  
2.885e+00  3.491e+00  
2.877e+00  3.502e+00  
2.870e+00  3.516e+00  
2.863e+00  3.530e+00  
2.855e+00  3.546e+00  
2.847e+00  3.562e+00  
2.839e+00  3.581e+00  
2.831e+00  3.599e+00  
2.823e+00  3.622e+00  
2.815e+00  3.648e+00  
2.806e+00  3.682e+00  
2.797e+00  3.734e+00  
3.794e+00  2.592e+00  
2.596e+00  3.587e+00  
3.592e+00  2.596e+00  
3.573e+00  2.606e+00  
3.552e+00  2.616e+00  
3.533e+00  2.626e+00  
3.514e+00  2.636e+00  
3.497e+00  2.645e+00  
3.480e+00  2.654e+00  
3.463e+00  2.663e+00  
3.447e+00  2.671e+00  
3.429e+00  2.681e+00  
3.415e+00  2.690e+00  
3.398e+00  2.698e+00  
3.384e+00  2.707e+00  
3.370e+00  2.714e+00  
3.353e+00  2.723e+00  
3.341e+00  2.731e+00  
3.326e+00  2.739e+00  
3.314e+00  2.747e+00  
3.301e+00  2.755e+00  
3.288e+00  2.763e+00  
3.275e+00  2.771e+00  
3.261e+00  2.778e+00  
3.250e+00  2.786e+00  
3.238e+00  2.794e+00  
3.226e+00  2.801e+00  
3.214e+00  2.809e+00  
3.204e+00  2.816e+00  
3.192e+00  2.823e+00  
3.180e+00  2.831e+00  
3.169e+00  2.838e+00  
3.159e+00  2.845e+00  
3.148e+00  2.853e+00  
3.138e+00  2.859e+00  
3.125e+00  2.867e+00  
3.116e+00  2.874e+00  
3.106e+00  2.881e+00  
3.097e+00  2.888e+00  
3.087e+00  2.895e+00  
3.077e+00  2.903e+00  
3.067e+00  2.910e+00  
3.059e+00  2.917e+00  
3.049e+00  2.924e+00  
3.040e+00  2.931e+00  
3.029e+00  2.938e+00  
3.021e+00  2.945e+00  
3.012e+00  2.952e+00  
3.004e+00  2.959e+00  
2.994e+00  2.965e+00  
2.985e+00  2.973e+00  
2.977e+00  2.980e+00  
2.968e+00  2.986e+00  
2.959e+00  2.993e+00  
2.951e+00  3.000e+00  
2.943e+00  3.008e+00  
2.934e+00  3.015e+00  
2.926e+00  3.022e+00  
2.918e+00  3.030e+00  
2.910e+00  3.036e+00  
2.902e+00  3.044e+00  
2.894e+00  3.052e+00  
2.886e+00  3.058e+00  
2.878e+00  3.066e+00  
2.870e+00  3.073e+00  
2.862e+00  3.081e+00  
2.855e+00  3.089e+00  
2.847e+00  3.097e+00  
2.840e+00  3.105e+00  
2.831e+00  3.113e+00  
2.824e+00  3.119e+00  
2.815e+00  3.128e+00  
2.808e+00  3.136e+00  
2.801e+00  3.144e+00  
2.794e+00  3.154e+00  
2.787e+00  3.163e+00  
2.779e+00  3.171e+00  
2.771e+00  3.179e+00  
2.764e+00  3.188e+00  
2.756e+00  3.199e+00  
2.749e+00  3.207e+00  
2.741e+00  3.216e+00  
2.734e+00  3.227e+00  
2.727e+00  3.237e+00  
2.719e+00  3.247e+00  
2.712e+00  3.259e+00  
2.705e+00  3.270e+00  
2.696e+00  3.282e+00  
2.689e+00  3.294e+00  
2.682e+00  3.306e+00  
2.675e+00  3.321e+00  
2.667e+00  3.334e+00  
2.659e+00  3.349e+00  
2.651e+00  3.362e+00  
2.643e+00  3.380e+00  
2.635e+00  3.402e+00  
2.627e+00  3.425e+00  
2.619e+00  3.450e+00  
2.610e+00  3.482e+00  
2.601e+00  3.533e+00  
3.597e+00  2.392e+00  
2.592e+00  3.391e+00  
3.589e+00  2.397e+00  
3.568e+00  2.407e+00  
3.549e+00  2.417e+00  
3.530e+00  2.427e+00  
3.511e+00  2.436e+00  
3.495e+00  2.446e+00  
3.477e+00  2.455e+00  
3.461e+00  2.464e+00  
3.443e+00  2.473e+00  
3.428e+00  2.481e+00  
3.411e+00  2.491e+00  
3.395e+00  2.499e+00  
3.381e+00  2.508e+00  
3.366e+00  2.516e+00  
3.352e+00  2.524e+00  
3.338e+00  2.532e+00  
3.324e+00  2.540e+00  
3.310e+00  2.548e+00  
3.295e+00  2.556e+00  
3.284e+00  2.564e+00  
3.271e+00  2.572e+00  
3.259e+00  2.579e+00  
3.246e+00  2.587e+00  
3.234e+00  2.595e+00  
3.222e+00  2.602e+00  
3.211e+00  2.610e+00  
3.199e+00  2.617e+00  
3.188e+00  2.625e+00  
3.176e+00  2.632e+00  
3.165e+00  2.640e+00  
3.155e+00  2.646e+00  
3.143e+00  2.654e+00  
3.133e+00  2.660e+00  
3.123e+00  2.668e+00  
3.112e+00  2.676e+00  
3.103e+00  2.681e+00  
3.092e+00  2.689e+00  
3.083e+00  2.696e+00  
3.072e+00  2.704e+00  
3.063e+00  2.711e+00  
3.053e+00  2.718e+00  
3.044e+00  2.725e+00  
3.034e+00  2.731e+00  
3.026e+00  2.739e+00  
3.016e+00  2.746e+00  
3.008e+00  2.752e+00  
2.999e+00  2.760e+00  
2.989e+00  2.767e+00  
2.981e+00  2.774e+00  
2.973e+00  2.780e+00  
2.963e+00  2.787e+00  
2.953e+00  2.794e+00  
2.946e+00  2.801e+00  
2.938e+00  2.808e+00  
2.930e+00  2.815e+00  
2.921e+00  2.823e+00  
2.913e+00  2.829e+00  
2.905e+00  2.837e+00  
2.897e+00  2.844e+00  
2.889e+00  2.852e+00  
2.881e+00  2.859e+00  
2.873e+00  2.866e+00  
2.865e+00  2.874e+00  
2.858e+00  2.881e+00  
2.850e+00  2.888e+00  
2.842e+00  2.896e+00  
2.834e+00  2.904e+00  
2.827e+00  2.912e+00  
2.819e+00  2.920e+00  
2.811e+00  2.928e+00  
2.804e+00  2.936e+00  
2.796e+00  2.944e+00  
2.789e+00  2.952e+00  
2.782e+00  2.961e+00  
2.774e+00  2.970e+00  
2.767e+00  2.978e+00  
2.759e+00  2.988e+00  
2.752e+00  2.997e+00  
2.744e+00  3.006e+00  
2.737e+00  3.015e+00  
2.730e+00  3.025e+00  
2.722e+00  3.036e+00  
2.715e+00  3.046e+00  
2.707e+00  3.056e+00  
2.700e+00  3.068e+00  
2.692e+00  3.080e+00  
2.685e+00  3.092e+00  
2.677e+00  3.104e+00  
2.669e+00  3.118e+00  
2.662e+00  3.132e+00  
2.655e+00  3.146e+00  
2.647e+00  3.162e+00  
2.639e+00  3.181e+00  
2.631e+00  3.200e+00  
2.623e+00  3.222e+00  
2.614e+00  3.247e+00  
2.606e+00  3.280e+00  
2.597e+00  3.329e+00  
3.592e+00  2.192e+00  
2.591e+00  3.188e+00  
3.583e+00  2.197e+00  
3.563e+00  2.207e+00  
3.544e+00  2.217e+00  
3.525e+00  2.226e+00  
3.507e+00  2.236e+00  
3.489e+00  2.245e+00  
3.472e+00  2.254e+00  
3.455e+00  2.263e+00  
3.438e+00  2.272e+00  
3.423e+00  2.281e+00  
3.407e+00  2.290e+00  
3.392e+00  2.298e+00  
3.377e+00  2.307e+00  
3.362e+00  2.315e+00  
3.348e+00  2.323e+00  
3.333e+00  2.331e+00  
3.320e+00  2.339e+00  
3.306e+00  2.347e+00  
3.293e+00  2.355e+00  
3.280e+00  2.363e+00  
3.268e+00  2.371e+00  
3.256e+00  2.379e+00  
3.243e+00  2.386e+00  
3.231e+00  2.394e+00  
3.219e+00  2.401e+00  
3.207e+00  2.409e+00  
3.196e+00  2.416e+00  
3.185e+00  2.423e+00  
3.173e+00  2.430e+00  
3.162e+00  2.438e+00  
3.152e+00  2.445e+00  
3.141e+00  2.452e+00  
3.131e+00  2.459e+00  
3.120e+00  2.466e+00  
3.109e+00  2.474e+00  
3.100e+00  2.481e+00  
3.090e+00  2.488e+00  
3.079e+00  2.495e+00  
3.070e+00  2.502e+00  
3.061e+00  2.509e+00  
3.051e+00  2.516e+00  
3.042e+00  2.522e+00  
3.033e+00  2.530e+00  
3.023e+00  2.537e+00  
3.014e+00  2.543e+00  
3.006e+00  2.551e+00  
2.996e+00  2.558e+00  
2.988e+00  2.564e+00  
2.978e+00  2.572e+00  
2.970e+00  2.578e+00  
2.962e+00  2.586e+00  
2.953e+00  2.593e+00  
2.945e+00  2.600e+00  
2.936e+00  2.607e+00  
2.928e+00  2.614e+00  
2.919e+00  2.621e+00  
2.911e+00  2.628e+00  
2.903e+00  2.635e+00  
2.895e+00  2.643e+00  
2.887e+00  2.650e+00  
2.879e+00  2.657e+00  
2.871e+00  2.664e+00  
2.864e+00  2.672e+00  
2.856e+00  2.679e+00  
2.848e+00  2.687e+00  
2.840e+00  2.694e+00  
2.833e+00  2.702e+00  
2.825e+00  2.710e+00  
2.818e+00  2.718e+00  
2.810e+00  2.726e+00  
2.803e+00  2.734e+00  
2.795e+00  2.742e+00  
2.788e+00  2.750e+00  
2.780e+00  2.759e+00  
2.773e+00  2.768e+00  
2.765e+00  2.777e+00  
2.758e+00  2.786e+00  
2.750e+00  2.795e+00  
2.743e+00  2.805e+00  
2.736e+00  2.814e+00  
2.728e+00  2.824e+00  
2.721e+00  2.834e+00  
2.714e+00  2.844e+00  
2.706e+00  2.855e+00  
2.699e+00  2.866e+00  
2.691e+00  2.877e+00  
2.684e+00  2.890e+00  
2.676e+00  2.902e+00  
2.669e+00  2.916e+00  
2.661e+00  2.930e+00  
2.654e+00  2.944e+00  
2.646e+00  2.961e+00  
2.638e+00  2.978e+00  
2.630e+00  2.998e+00  
2.622e+00  3.020e+00  
2.613e+00  3.045e+00  
2.605e+00  3.078e+00  
2.596e+00  3.126e+00  
3.397e+00  1.993e+00  
2.393e+00  2.991e+00  
3.387e+00  1.997e+00  
3.367e+00  2.008e+00  
3.348e+00  2.017e+00  
3.329e+00  2.027e+00  
3.311e+00  2.037e+00  
3.293e+00  2.046e+00  
3.276e+00  2.055e+00  
3.259e+00  2.064e+00  
3.243e+00  2.073e+00  
3.226e+00  2.082e+00  
3.211e+00  2.091e+00  
3.195e+00  2.099e+00  
3.180e+00  2.108e+00  
3.165e+00  2.116e+00  
3.152e+00  2.124e+00  
3.137e+00  2.132e+00  
3.123e+00  2.140e+00  
3.110e+00  2.148e+00  
3.097e+00  2.156e+00  
3.084e+00  2.164e+00  
3.071e+00  2.172e+00  
3.059e+00  2.179e+00  
3.046e+00  2.187e+00  
3.034e+00  2.194e+00  
3.022e+00  2.202e+00  
3.011e+00  2.209e+00  
2.999e+00  2.217e+00  
2.988e+00  2.225e+00  
2.976e+00  2.231e+00  
2.965e+00  2.239e+00  
2.954e+00  2.246e+00  
2.943e+00  2.253e+00  
2.933e+00  2.261e+00  
2.922e+00  2.268e+00  
2.912e+00  2.275e+00  
2.902e+00  2.282e+00  
2.892e+00  2.289e+00  
2.882e+00  2.296e+00  
2.872e+00  2.303e+00  
2.863e+00  2.310e+00  
2.853e+00  2.317e+00  
2.844e+00  2.324e+00  
2.834e+00  2.331e+00  
2.826e+00  2.338e+00  
2.816e+00  2.344e+00  
2.807e+00  2.351e+00  
2.798e+00  2.358e+00  
2.790e+00  2.366e+00  
2.781e+00  2.372e+00  
2.772e+00  2.379e+00  
2.764e+00  2.387e+00  
2.755e+00  2.394e+00  
2.746e+00  2.401e+00  
2.738e+00  2.407e+00  
2.730e+00  2.415e+00  
2.722e+00  2.422e+00  
2.714e+00  2.429e+00  
2.706e+00  2.436e+00  
2.697e+00  2.443e+00  
2.689e+00  2.451e+00  
2.682e+00  2.458e+00  
2.674e+00  2.465e+00  
2.666e+00  2.473e+00  
2.658e+00  2.480e+00  
2.650e+00  2.488e+00  
2.643e+00  2.496e+00  
2.635e+00  2.503e+00  
2.627e+00  2.511e+00  
2.620e+00  2.519e+00  
2.612e+00  2.527e+00  
2.605e+00  2.535e+00  
2.597e+00  2.543e+00  
2.590e+00  2.552e+00  
2.582e+00  2.560e+00  
2.575e+00  2.569e+00  
2.567e+00  2.578e+00  
2.560e+00  2.587e+00  
2.553e+00  2.596e+00  
2.545e+00  2.605e+00  
2.538e+00  2.615e+00  
2.530e+00  2.625e+00  
2.523e+00  2.635e+00  
2.516e+00  2.645e+00  
2.508e+00  2.655e+00  
2.501e+00  2.667e+00  
2.493e+00  2.679e+00  
2.485e+00  2.691e+00  
2.478e+00  2.704e+00  
2.471e+00  2.717e+00  
2.463e+00  2.730e+00  
2.455e+00  2.745e+00  
2.448e+00  2.762e+00  
2.440e+00  2.779e+00  
2.432e+00  2.799e+00  
2.424e+00  2.821e+00  
2.415e+00  2.846e+00  
2.406e+00  2.879e+00  
2.398e+00  2.928e+00  
3.193e+00  1.793e+00  
2.193e+00  2.786e+00  
3.185e+00  1.797e+00  
3.165e+00  1.807e+00  
3.146e+00  1.817e+00  
3.127e+00  1.827e+00  
3.109e+00  1.836e+00  
3.091e+00  1.846e+00  
3.074e+00  1.855e+00  
3.056e+00  1.864e+00  
3.040e+00  1.873e+00  
3.024e+00  1.881e+00  
3.008e+00  1.890e+00  
2.993e+00  1.899e+00  
2.978e+00  1.907e+00  
2.964e+00  1.916e+00  
2.949e+00  1.924e+00  
2.935e+00  1.932e+00  
2.921e+00  1.940e+00  
2.907e+00  1.948e+00  
2.894e+00  1.956e+00  
2.882e+00  1.964e+00  
2.868e+00  1.971e+00  
2.857e+00  1.979e+00  
2.844e+00  1.986e+00  
2.832e+00  1.994e+00  
2.820e+00  2.002e+00  
2.808e+00  2.009e+00  
2.797e+00  2.016e+00  
2.786e+00  2.023e+00  
2.775e+00  2.031e+00  
2.763e+00  2.038e+00  
2.753e+00  2.045e+00  
2.741e+00  2.052e+00  
2.731e+00  2.060e+00  
2.721e+00  2.067e+00  
2.711e+00  2.074e+00  
2.701e+00  2.081e+00  
2.691e+00  2.088e+00  
2.681e+00  2.095e+00  
2.671e+00  2.102e+00  
2.662e+00  2.109e+00  
2.652e+00  2.116e+00  
2.642e+00  2.123e+00  
2.634e+00  2.130e+00  
2.624e+00  2.137e+00  
2.615e+00  2.144e+00  
2.606e+00  2.151e+00  
2.597e+00  2.158e+00  
2.588e+00  2.165e+00  
2.580e+00  2.172e+00  
2.571e+00  2.178e+00  
2.563e+00  2.186e+00  
2.554e+00  2.193e+00  
2.546e+00  2.200e+00  
2.537e+00  2.207e+00  
2.529e+00  2.214e+00  
2.521e+00  2.221e+00  
2.513e+00  2.228e+00  
2.505e+00  2.235e+00  
2.497e+00  2.243e+00  
2.488e+00  2.250e+00  
2.481e+00  2.257e+00  
2.472e+00  2.265e+00  
2.465e+00  2.272e+00  
2.457e+00  2.279e+00  
2.450e+00  2.287e+00  
2.441e+00  2.295e+00  
2.434e+00  2.302e+00  
2.426e+00  2.310e+00  
2.419e+00  2.318e+00  
2.411e+00  2.326e+00  
2.404e+00  2.334e+00  
2.396e+00  2.342e+00  
2.389e+00  2.350e+00  
2.381e+00  2.359e+00  
2.374e+00  2.367e+00  
2.367e+00  2.376e+00  
2.359e+00  2.385e+00  
2.352e+00  2.394e+00  
2.344e+00  2.404e+00  
2.337e+00  2.413e+00  
2.330e+00  2.423e+00  
2.322e+00  2.433e+00  
2.315e+00  2.444e+00  
2.307e+00  2.455e+00  
2.300e+00  2.465e+00  
2.293e+00  2.477e+00  
2.285e+00  2.489e+00  
2.278e+00  2.502e+00  
2.270e+00  2.516e+00  
2.263e+00  2.530e+00  
2.255e+00  2.545e+00  
2.247e+00  2.562e+00  
2.239e+00  2.578e+00  
2.231e+00  2.597e+00  
2.223e+00  2.620e+00  
2.215e+00  2.646e+00  
2.206e+00  2.678e+00  
2.198e+00  2.727e+00  
2.995e+00  1.398e+00  
1.993e+00  2.387e+00  
2.985e+00  1.403e+00  
2.965e+00  1.412e+00  
2.946e+00  1.422e+00  
2.927e+00  1.432e+00  
2.909e+00  1.441e+00  
2.891e+00  1.451e+00  
2.874e+00  1.460e+00  
2.856e+00  1.469e+00  
2.841e+00  1.478e+00  
2.824e+00  1.487e+00  
2.809e+00  1.495e+00  
2.794e+00  1.504e+00  
2.778e+00  1.512e+00  
2.764e+00  1.521e+00  
2.750e+00  1.529e+00  
2.736e+00  1.537e+00  
2.722e+00  1.545e+00  
2.708e+00  1.553e+00  
2.695e+00  1.561e+00  
2.682e+00  1.569e+00  
2.670e+00  1.576e+00  
2.657e+00  1.584e+00  
2.645e+00  1.592e+00  
2.633e+00  1.599e+00  
2.621e+00  1.606e+00  
2.608e+00  1.614e+00  
2.597e+00  1.621e+00  
2.586e+00  1.629e+00  
2.575e+00  1.636e+00  
2.564e+00  1.643e+00  
2.553e+00  1.650e+00  
2.542e+00  1.657e+00  
2.532e+00  1.664e+00  
2.522e+00  1.672e+00  
2.512e+00  1.679e+00  
2.501e+00  1.686e+00  
2.491e+00  1.693e+00  
2.482e+00  1.700e+00  
2.472e+00  1.707e+00  
2.462e+00  1.714e+00  
2.453e+00  1.721e+00  
2.443e+00  1.728e+00  
2.434e+00  1.735e+00  
2.424e+00  1.742e+00  
2.416e+00  1.749e+00  
2.407e+00  1.756e+00  
2.397e+00  1.763e+00  
2.389e+00  1.770e+00  
2.380e+00  1.777e+00  
2.372e+00  1.784e+00  
2.363e+00  1.791e+00  
2.354e+00  1.798e+00  
2.346e+00  1.804e+00  
2.338e+00  1.811e+00  
2.329e+00  1.819e+00  
2.322e+00  1.826e+00  
2.312e+00  1.833e+00  
2.305e+00  1.840e+00  
2.297e+00  1.847e+00  
2.289e+00  1.855e+00  
2.281e+00  1.862e+00  
2.274e+00  1.870e+00  
2.265e+00  1.877e+00  
2.258e+00  1.884e+00  
2.250e+00  1.892e+00  
2.242e+00  1.900e+00  
2.234e+00  1.908e+00  
2.227e+00  1.915e+00  
2.219e+00  1.923e+00  
2.211e+00  1.931e+00  
2.204e+00  1.939e+00  
2.197e+00  1.947e+00  
2.189e+00  1.955e+00  
2.182e+00  1.964e+00  
2.174e+00  1.972e+00  
2.167e+00  1.981e+00  
2.160e+00  1.990e+00  
2.152e+00  1.999e+00  
2.145e+00  2.009e+00  
2.137e+00  2.019e+00  
2.130e+00  2.028e+00  
2.123e+00  2.038e+00  
2.115e+00  2.048e+00  
2.108e+00  2.059e+00  
2.100e+00  2.070e+00  
2.093e+00  2.082e+00  
2.085e+00  2.094e+00  
2.078e+00  2.107e+00  
2.071e+00  2.120e+00  
2.063e+00  2.134e+00  
2.055e+00  2.148e+00  
2.048e+00  2.165e+00  
2.040e+00  2.183e+00  
2.032e+00  2.202e+00  
2.024e+00  2.223e+00  
2.015e+00  2.249e+00  
2.007e+00  2.281e+00  
1.998e+00  2.332e+00  
2.595e+00  1.396e+00  
1.593e+00  2.391e+00  
2.585e+00  1.401e+00  
2.565e+00  1.411e+00  
2.546e+00  1.420e+00  
2.527e+00  1.430e+00  
2.509e+00  1.440e+00  
2.491e+00  1.449e+00  
2.474e+00  1.458e+00  
2.458e+00  1.467e+00  
2.440e+00  1.476e+00  
2.425e+00  1.485e+00  
2.409e+00  1.494e+00  
2.394e+00  1.502e+00  
2.379e+00  1.510e+00  
2.364e+00  1.519e+00  
2.350e+00  1.527e+00  
2.336e+00  1.535e+00  
2.322e+00  1.543e+00  
2.309e+00  1.551e+00  
2.296e+00  1.559e+00  
2.283e+00  1.567e+00  
2.270e+00  1.575e+00  
2.258e+00  1.582e+00  
2.245e+00  1.590e+00  
2.233e+00  1.597e+00  
2.222e+00  1.605e+00  
2.209e+00  1.612e+00  
2.198e+00  1.620e+00  
2.187e+00  1.627e+00  
2.176e+00  1.634e+00  
2.165e+00  1.642e+00  
2.153e+00  1.649e+00  
2.143e+00  1.656e+00  
2.133e+00  1.663e+00  
2.122e+00  1.670e+00  
2.112e+00  1.677e+00  
2.102e+00  1.684e+00  
2.092e+00  1.691e+00  
2.082e+00  1.698e+00  
2.073e+00  1.706e+00  
2.063e+00  1.712e+00  
2.053e+00  1.719e+00  
2.044e+00  1.726e+00  
2.035e+00  1.733e+00  
2.026e+00  1.740e+00  
2.016e+00  1.747e+00  
2.007e+00  1.754e+00  
1.999e+00  1.761e+00  
1.990e+00  1.768e+00  
1.981e+00  1.775e+00  
1.972e+00  1.782e+00  
1.964e+00  1.789e+00  
1.955e+00  1.796e+00  
1.947e+00  1.803e+00  
1.938e+00  1.810e+00  
1.930e+00  1.817e+00  
1.922e+00  1.824e+00  
1.914e+00  1.832e+00  
1.905e+00  1.839e+00  
1.898e+00  1.846e+00  
1.889e+00  1.853e+00  
1.882e+00  1.861e+00  
1.874e+00  1.869e+00  
1.866e+00  1.876e+00  
1.858e+00  1.883e+00  
1.851e+00  1.891e+00  
1.843e+00  1.898e+00  
1.835e+00  1.906e+00  
1.827e+00  1.914e+00  
1.820e+00  1.922e+00  
1.813e+00  1.930e+00  
1.805e+00  1.938e+00  
1.797e+00  1.946e+00  
1.790e+00  1.954e+00  
1.782e+00  1.963e+00  
1.775e+00  1.972e+00  
1.768e+00  1.980e+00  
1.760e+00  1.989e+00  
1.753e+00  1.998e+00  
1.745e+00  2.008e+00  
1.738e+00  2.017e+00  
1.731e+00  2.027e+00  
1.723e+00  2.037e+00  
1.716e+00  2.048e+00  
1.708e+00  2.058e+00  
1.701e+00  2.069e+00  
1.694e+00  2.081e+00  
1.686e+00  2.093e+00  
1.679e+00  2.105e+00  
1.671e+00  2.119e+00  
1.663e+00  2.132e+00  
1.656e+00  2.148e+00  
1.648e+00  2.164e+00  
1.640e+00  2.181e+00  
1.632e+00  2.200e+00  
1.624e+00  2.222e+00  
1.616e+00  2.248e+00  
1.607e+00  2.281e+00  
1.598e+00  2.330e+00  
1.997e+00  1.394e+00  
9.968e-01  2.392e+00  
1.989e+00  1.398e+00  
1.969e+00  1.409e+00  
1.950e+00  1.418e+00  
1.930e+00  1.428e+00  
1.912e+00  1.438e+00  
1.895e+00  1.447e+00  
1.877e+00  1.456e+00  
1.860e+00  1.465e+00  
1.844e+00  1.474e+00  
1.828e+00  1.483e+00  
1.812e+00  1.492e+00  
1.797e+00  1.500e+00  
1.783e+00  1.508e+00  
1.768e+00  1.516e+00  
1.753e+00  1.525e+00  
1.739e+00  1.533e+00  
1.725e+00  1.541e+00  
1.711e+00  1.549e+00  
1.698e+00  1.557e+00  
1.686e+00  1.565e+00  
1.673e+00  1.573e+00  
1.660e+00  1.580e+00  
1.648e+00  1.588e+00  
1.634e+00  1.595e+00  
1.625e+00  1.603e+00  
1.613e+00  1.611e+00  
1.601e+00  1.618e+00  
1.590e+00  1.625e+00  
1.578e+00  1.633e+00  
1.567e+00  1.640e+00  
1.556e+00  1.647e+00  
1.546e+00  1.654e+00  
1.535e+00  1.661e+00  
1.525e+00  1.668e+00  
1.515e+00  1.675e+00  
1.505e+00  1.682e+00  
1.495e+00  1.690e+00  
1.485e+00  1.696e+00  
1.475e+00  1.704e+00  
1.465e+00  1.710e+00  
1.456e+00  1.718e+00  
1.447e+00  1.724e+00  
1.437e+00  1.732e+00  
1.428e+00  1.738e+00  
1.419e+00  1.745e+00  
1.410e+00  1.752e+00  
1.401e+00  1.759e+00  
1.392e+00  1.766e+00  
1.383e+00  1.773e+00  
1.375e+00  1.780e+00  
1.367e+00  1.787e+00  
1.358e+00  1.794e+00  
1.350e+00  1.801e+00  
1.342e+00  1.808e+00  
1.333e+00  1.816e+00  
1.324e+00  1.822e+00  
1.316e+00  1.829e+00  
1.309e+00  1.837e+00  
1.300e+00  1.844e+00  
1.293e+00  1.851e+00  
1.285e+00  1.859e+00  
1.277e+00  1.867e+00  
1.269e+00  1.874e+00  
1.262e+00  1.882e+00  
1.254e+00  1.889e+00  
1.245e+00  1.897e+00  
1.239e+00  1.904e+00  
1.231e+00  1.912e+00  
1.223e+00  1.921e+00  
1.216e+00  1.928e+00  
1.208e+00  1.936e+00  
1.201e+00  1.944e+00  
1.193e+00  1.953e+00  
1.186e+00  1.961e+00  
1.179e+00  1.970e+00  
1.171e+00  1.978e+00  
1.163e+00  1.988e+00  
1.156e+00  1.997e+00  
1.149e+00  2.006e+00  
1.142e+00  2.017e+00  
1.134e+00  2.026e+00  
1.127e+00  2.036e+00  
1.119e+00  2.047e+00  
1.112e+00  2.057e+00  
1.104e+00  2.068e+00  
1.097e+00  2.081e+00  
1.090e+00  2.093e+00  
1.082e+00  2.105e+00  
1.074e+00  2.118e+00  
1.067e+00  2.133e+00  
1.059e+00  2.147e+00  
1.051e+00  2.163e+00  
1.043e+00  2.182e+00  
1.036e+00  2.200e+00  
1.027e+00  2.222e+00  
1.019e+00  2.249e+00  
1.010e+00  2.280e+00  
1.002e+00  2.328e+00  
