39.9296 32.7187 40.7032 39.9296  32.7187  40.7032  
42.8798 34.5134 45.505 42.8798  34.5134  45.505  
35.0907 21.5303 39.733 35.0907  21.5303  39.733  
44.8702 40.0943 44.8769 44.8702  40.0943  44.8769  
44.5485 41.2522 39.6542 44.5485  41.2522  39.6542  
36.9293 42.1135 39.3887 36.9293  42.1135  39.3887  
42.2991 40.1732 50.2027 42.2991  40.1732  50.2027  
38.7107 33.7114 30.1163 38.7107  33.7114  30.1163  
43.8032 41.7171 31.4151 43.8032  41.7171  31.4151  
41.8272 35.8116 33.678 41.8272  35.8116  33.678  
44.7889 29.7483 45.3174 44.7889  29.7483  45.3174  
51.227 24.8547 31.3725 51.227  24.8547  31.3725  
40.4607 40.4454 33.8208 40.4607  40.4454  33.8208  
49.0592 33.1157 44.3741 49.0592  33.1157  44.3741  
30.3494 33.0017 39.0277 30.3494  33.0017  39.0277  
54.8824 24.1936 49.0642 54.8824  24.1936  49.0642  
31.7087 36.248 42.2817 31.7087  36.248  42.2817  
35.3929 25.5725 33.1513 35.3929  25.5725  33.1513  
43.678 28.993 30.2043 43.678  28.993  30.2043  
43.3406 47.9654 27.8485 43.3406  47.9654  27.8485  
57.6543 31.6473 37.4116 57.6543  31.6473  37.4116  
36.6656 36.7496 40.4304 36.6656  36.7496  40.4304  
42.3696 35.9183 34.4366 42.3696  35.9183  34.4366  
45.1729 40.7091 39.1947 45.1729  40.7091  39.1947  
31.1771 39.3139 37.3271 31.1771  39.3139  37.3271  
30.1165 32.4767 39.7359 30.1165  32.4767  39.7359  
52.2597 37.5465 26.8651 52.2597  37.5465  26.8651  
49.8264 38.7743 39.0896 49.8264  38.7743  39.0896  
49.9564 35.7948 37.8072 49.9564  35.7948  37.8072  
37.9252 38.2157 39.8158 37.9252  38.2157  39.8158  
37.3967 37.7221 42.2272 37.3967  37.7221  42.2272  
42.3912 38.2754 35.7213 42.3912  38.2754  35.7213  
42.9742 25.9244 28.3545 42.9742  25.9244  28.3545  
36.0344 26.0385 36.2817 36.0344  26.0385  36.2817  
42.0347 34.7423 36.8454 42.0347  34.7423  36.8454  
44.8429 33.1371 31.393 44.8429  33.1371  31.393  
31.4267 24.7244 33.054 31.4267  24.7244  33.054  
41.5066 45.1349 29.7768 41.5066  45.1349  29.7768  
41.6958 32.0593 36.9098 41.6958  32.0593  36.9098  
35.5194 27.4048 24.8101 35.5194  27.4048  24.8101  
43.7872 34.2758 33.8329 43.7872  34.2758  33.8329  
32.1508 37.2285 45.9646 32.1508  37.2285  45.9646  
42.3526 43.5643 48.8022 42.3526  43.5643  48.8022  
39.1255 44.3523 33.0393 39.1255  44.3523  33.0393  
35.622 41.0615 35.0005 35.622  41.0615  35.0005  
41.5107 30.491 34.4168 41.5107  30.491  34.4168  
35.2009 23.2132 43.7337 35.2009  23.2132  43.7337  
27.2301 29.2236 28.3106 27.2301  29.2236  28.3106  
46.0332 31.5235 37.9733 46.0332  31.5235  37.9733  
37.5512 35.0676 39.6284 37.5512  35.0676  39.6284  
38.5985 24.5196 40.5422 38.5985  24.5196  40.5422  
41.1307 40.0771 33.4701 41.1307  40.0771  33.4701  
39.6307 30.2116 34.2579 39.6307  30.2116  34.2579  
40.081 24.227 37.2326 40.081  24.227  37.2326  
45.4644 35.322 28.5257 45.4644  35.322  28.5257  
39.6224 36.7124 26.8069 39.6224  36.7124  26.8069  
30.174 37.4594 36.9193 30.174  37.4594  36.9193  
46.6468 50.182 28.9799 46.6468  50.182  28.9799  
36.967 40.3423 37.5868 36.967  40.3423  37.5868  
35.5023 25.2064 37.4316 35.5023  25.2064  37.4316  
47.0886 27.6042 32.0668 47.0886  27.6042  32.0668  
41.6932 41.7685 37.5312 41.6932  41.7685  37.5312  
30.7613 29.6087 36.0973 30.7613  29.6087  36.0973  
44.6209 51.6061 31.8547 44.6209  51.6061  31.8547  
50.3607 36.6644 45.0977 50.3607  36.6644  45.0977  
30.3348 31.7527 26.1349 30.3348  31.7527  26.1349  
36.2283 29.6077 35.0403 36.2283  29.6077  35.0403  
25.7238 25.3327 28.6309 25.7238  25.3327  28.6309  
38.4473 26.2925 35.9381 38.4473  26.2925  35.9381  
41.9944 31.5231 44.692 41.9944  31.5231  44.692  
47.0667 34.8325 30.2267 47.0667  34.8325  30.2267  
36.8643 37.0521 37.6243 36.8643  37.0521  37.6243  
33.124 31.6566 37.1806 33.124  31.6566  37.1806  
38.2999 53.1645 37.3256 38.2999  53.1645  37.3256  
36.3914 44.1995 32.9264 36.3914  44.1995  32.9264  
35.5509 34.485 29.3977 35.5509  34.485  29.3977  
42.1558 46.0568 37.0293 42.1558  46.0568  37.0293  
40.0526 34.3532 31.6021 40.0526  34.3532  31.6021  
48.442 31.5151 34.4596 48.442  31.5151  34.4596  
35.7807 25.1077 51.2698 35.7807  25.1077  51.2698  
32.0651 39.0811 37.1592 32.0651  39.0811  37.1592  
39.5592 38.7656 34.7866 39.5592  38.7656  34.7866  
40.0054 44.5342 39.0055 40.0054  44.5342  39.0055  
35.4862 28.6091 38.7767 35.4862  28.6091  38.7767  
55.6654 31.9643 43.2575 55.6654  31.9643  43.2575  
28.1732 35.311 44.7043 28.1732  35.311  44.7043  
31.5796 28.2243 36.3501 31.5796  28.2243  36.3501  
32.4726 36.8432 32.0059 32.4726  36.8432  32.0059  
46.0761 31.2289 37.6222 46.0761  31.2289  37.6222  
30.3336 27.8882 44.8531 30.3336  27.8882  44.8531  
44.3067 30.7988 43.2623 44.3067  30.7988  43.2623  
40.2571 37.1414 32.7585 40.2571  37.1414  32.7585  
49.7629 44.861 50.0892 49.7629  44.861  50.0892  
42.991 36.7361 37.0052 42.991  36.7361  37.0052  
38.9439 40.032 38.6412 38.9439  40.032  38.6412  
35.4323 29.7924 32.7976 35.4323  29.7924  32.7976  
36.097 28.3569 36.2945 36.097  28.3569  36.2945  
31.4614 43.0315 37.8257 31.4614  43.0315  37.8257  
42.1795 32.7424 41.3809 42.1795  32.7424  41.3809  
30.0385 24.7033 37.2823 30.0385  24.7033  37.2823  
18.1132 17.9887 12.91 40.2087  31.2919  20.8472  
18.4414 18.914 12.1998 41.2237  41.0869  20.457  
30.8844 16.6302 36.2922 31.0793  35.7036  20.406  
18.0394 17.9863 13.0336 31.3802  35.0394  30.5663  
17.9806 20.3358 14.9751 34.6211  30.0624  21.9754  
19.1269 17.9863 12.0628 42.4119  26.8113  29.4757  
18.1419 18.9518 12.3349 35.361  37.727  36.8945  
18.0703 18.0067 13.0159 41.2167  26.9192  27.8601  
18.0617 17.9863 13.0226 47.337  27.583  25.8955  
18.4451 18.9228 12.1117 44.028  32.3976  36.6762  
31.0793 35.6489 20.406 32.7599  37.4251  21.2482  
18.2818 18.5436 12.8651 48.0945  24.3899  25.5935  
18.3996 18.8237 12.5036 39.2026  45.8164  24.8104  
18.9756 17.9864 12.4451 51.2424  20.1592  27.2544  
18.3963 18.8085 12.5344 40.3433  34.4614  27.1092  
18.6489 18.6453 12.5928 43.3731  21.9576  23.0484  
18.5864 18.6071 12.699 43.3832  33.2489  25.7204  
19.0072 17.9884 12.3661 44.1381  25.1565  27.8116  
20.0592 17.8863 22.1813 24.4155  38.14  32.9005  
18.8177 17.9897 12.721 46.4019  25.9318  23.799  
18.694 17.9864 12.8235 50.5476  34.842  23.6132  
18.6781 18.6419 12.5374 42.5848  19.4233  26.6536  
19.0488 17.9864 12.1362 42.8791  31.8936  26.6365  
18.4239 18.5281 12.8286 39.7387  22.8809  24.3209  
18.827 18.5192 12.4394 46.5674  32.2281  22.4682  
18.5047 18.6478 12.704 39.1378  25.3047  31.1051  
19.0705 17.9863 12.1038 43.6315  37.5483  28.9375  
18.5571 18.3484 12.866 36.8994  22.6919  22.6055  
18.8445 17.9863 12.731 41.3689  32.8631  19.7002  
18.9895 17.9864 12.4082 47.7804  21.3676  37.1623  
18.1462 17.9863 13.0037 54.7178  41.538  24.0906  
18.8582 18.0168 12.6412 35.2394  20.0319  27.7382  
18.6231 17.9863 12.902 33.3954  25.6953  20.9425  
18.9703 17.9863 12.4772 32.8353  25.5129  40.0823  
18.9592 18.0305 12.5431 26.8161  25.3619  32.1144  
18.0843 17.9898 13.0007 28.8341  31.2934  26.4757  
19.044 17.9864 12.3061 39.8777  36.3526  19.8609  
18.2818 17.9863 12.9899 34.4142  21.8171  30.4572  
18.7648 18.0133 12.7787 41.9311  49.2489  24.1508  
19.0807 17.9863 12.3262 31.3397  24.0201  30.0862  
18.9056 17.9891 12.6174 31.5244  30.4659  20.9345  
18.6667 17.9884 12.879 41.1335  22.2972  37.2902  
18.9272 17.9863 12.624 39.3841  43.9874  28.66  
39.7901 28.9198 32.4464 29.819  24.5037  23.545  
19.0765 17.9863 12.3376 34.3083  37.6464  22.2779  
18.7833 18.0085 12.7486 32.3182  20.7151  34.0867  
44.1439 30.1856 27.3359 38.9808  41.225  21.99  
32.068 34.0695 37.9919 29.2024  24.1136  28.582  
35.0479 28.0359 29.0331 30.4638  27.9432  24.0315  
18.4513 17.9864 12.9671 42.8793  27.4261  30.4134  
19.0971 17.9864 13.0401 49.933  26.2577  23.953  
18.9907 17.9864 12.5121 29.2351  31.2898  28.3201  
32.3868 32.8785 24.7998 29.8583  37.7984  19.3981  
18.3456 17.9864 13.0277 33.9262  24.8307  37.7226  
24.4605 17.9844 13.0277 41.4561  42.3322  23.5201  
19.1069 17.9864 12.2177 24.5482  22.6938  23.7828  
36.9473 38.1356 28.4739 29.1847  30.7007  25.6057  
18.1911 18.7694 16.2443 39.926  23.0089  35.1915  
18.5343 18.9655 15.6705 36.989  33.2488  26.1387  
18.0806 18.1841 16.5342 27.1459  27.5997  29.7747  
18.1011 18.1169 16.5338 29.8826  35.7619  25.7327  
18.4767 18.525 16.3337 36.1821  25.9114  39.0421  
43.5319 34.48 32.4566 35.3176  40.4031  27.4752  
44.6209 51.6061 31.8547 23.2617  26.683  38.5621  
50.3607 36.6644 45.0977 27.1821  33.2076  26.3181  
30.3348 31.7527 26.1349 26.8742  30.4835  34.0308  
36.2283 29.6077 35.0403 29.7737  38.4537  26.6071  
25.7238 25.3327 28.6309 24.013  31.6389  28.1316  
38.4473 26.2925 35.9381 31.2691  42.9412  29.2209  
41.9944 31.5231 44.692 24.3786  23.8178  43.3833  
47.0667 34.8325 30.2267 37.5283  37.5099  24.6997  
36.8643 37.0521 37.6243 26.2063  32.6407  38.0812  
33.124 31.6566 37.1806 27.5518  32.9568  31.9467  
38.2999 53.1645 37.3256 30.9029  26.4133  31.5431  
36.3914 44.1995 32.9264 49.1111  32.7715  28.554  
35.5509 34.485 29.3977 25.1412  32.4294  39.7141  
42.1558 46.0568 37.0293 23.4069  43.6661  24.4719  
40.0526 34.3532 31.6021 30.4829  33.0818  37.5322  
48.442 31.5151 34.4596 31.8954  35.9379  30.5914  
35.7807 25.1077 51.2698 22.4774  26.3496  38.366  
32.0651 39.0811 37.1592 25.9063  37.8203  39.273  
39.5592 38.7656 34.7866 33.0561  27.0229  44.2485  
40.0054 44.5342 39.0055 41.4172  37.6872  30.8728  
35.4862 28.6091 38.7767 22.7513  44.4994  40.4063  
55.6654 31.9643 43.2575 28.5532  36.263  36.9397  
28.1732 35.311 44.7043 29.1209  34.3847  41.8669  
31.5796 28.2243 36.3501 33.6258  37.1947  36.7472  
32.4726 36.8432 32.0059 31.195  27.9671  42.358  
46.0761 31.2289 37.6222 18.0576  18.018  13.0444  
30.3336 27.8882 44.8531 31.5542  34.551  46.3909  
44.3067 30.7988 43.2623 34.8805  41.4591  31.1731  
40.2571 37.1414 32.7585 35.422  35.9001  38.1329  
49.7629 44.861 50.0892 33.7765  26.8464  27.4193  
42.991 36.7361 37.0052 29.0258  34.9353  23.9837  
38.9439 40.032 38.6412 26.5436  28.3004  25.6002  
35.4323 29.7924 32.7976 30.0739  30.0406  33.4315  
36.097 28.3569 36.2945 22.8166  39.1237  30.7259  
31.4614 43.0315 37.8257 33.4792  35.1233  39.3408  
42.1795 32.7424 41.3809 25.152  31.8076  37.3501  
30.0385 24.7033 37.2823 22.3191  36.6561  24.6788  
16.4184 15.9707 11.6068 23.7308  26.0974  23.8881  
16.4284 15.0483 11.6185 34.9225  33.5638  20.5386  
15.4398 15.0127 12.6083 23.5293  23.9787  22.8588  
15.1994 15.0733 14.3771 38.0015  24.1954  20.6353  
16.1106 14.9956 12.6028 25.3348  32.6085  21.3057  
16.0422 18.4187 11.4945 16.4266  15.0482  11.6676  
15.7513 15.9556 11.6616 33.175  26.8042  21.3394  
16.2775 15.528 11.6615 38.5281  21.8924  23.0784  
16.4011 15.2384 11.6341 42.9924  22.9068  19.7416  
16.1164 15.7023 12.1675 31.4338  21.0909  28.467  
16.0251 15.032 12.4165 28.2611  32.1507  21.8169  
18.9519 15.0348 11.6054 43.4834  20.8556  19.0638  
15.9636 15.0063 12.4664 32.2741  31.0043  18.9698  
15.5769 15.0217 12.6014 37.669  19.9433  27.7183  
16.0455 15.7866 11.6643 27.3248  35.6769  19.8243  
15.5754 15.9892 11.656 35.8229  18.4857  19.4684  
16.3804 15.0079 11.9242 33.2338  23.8058  18.4931  
16.3174 15.4599 11.656 30.716  22.5087  38.0291  
16.3112 15.4754 11.6661 31.4069  29.1192  22.7366  
16.1645 15.0389 12.2895 36.9275  21.6413  19.5689  
15.8888 15.031 12.5008 36.9663  25.7222  18.3676  
15.9888 15.8462 11.6344 36.8586  18.9482  28.8099  
16.384 15.0077 11.9125 29.3374  29.5541  19.6747  
16.6363 16.0388 11.6046 31.6659  19.7547  19.4063  
15.4293 16.1233 11.671 33.1466  24.172  18.1704  
15.4289 16.0754 11.6726 28.465  20.4324  42.4479  
15.8327 15.9151 11.656 27.7021  35.7332  20.0434  
16.2021 15.0062 12.2531 30.1155  20.2121  20.7845  
18.0718 14.9911 12.8179 28.3126  27.0693  18.2607  
16.4202 15.1323 11.6674 32.1135  18.3534  26.0558  
15.4627 15.8975 12.2426 42.5321  26.1896  18.6642  
15.6819 15.977 11.6658 28.7358  20.3568  25.4224  
15.4765 15.573 12.5016 28.7463  22.9882  19.308  
16.1163 15.739 11.6614 30.5549  22.8939  37.8029  
15.9233 15.8787 11.6487 30.3903  23.6461  23.9692  
15.4479 16.0336 11.6484 28.7806  24.1498  20.9962  
15.4561 15.4085 12.544 33.5537  31.9965  18.1489  
16.2849 15.0289 12.1393 27.9713  18.6393  26.8918  
15.4564 16.0017 11.6662 36.4133  36.6986  19.3342  
15.9044 15.8831 11.6625 20.983  18.2774  17.3634  
16.4083 15.0274 11.8155 27.3947  27.0647  18.878  
16.076 16.0339 11.6095 33.2446  18.6669  36.8437  
16.4209 15.0446 11.7384 32.5602  32.5678  19.9084  
15.6297 15.9876 11.6484 24.3043  22.0024  21.3116  
16.1504 15.6985 11.6495 26.7455  29.2304  18.4865  
15.9703 15.0126 12.4461 23.7756  18.2108  26.8945  
16.4257 15.0399 11.6893 31.5122  37.5875  18.4905  
15.4548 15.8062 12.3503 23.6337  20.0481  23.91  
16.043 15.7847 12.2919 23.3269  24.6473  20.2939  
15.4504 16.0156 11.6664 33.7277  20.4613  34.5118  
15.456 15.2852 12.6053 35.8502  25.408  21.0117  
16.0505 16.0768 11.6047 23.518  26.0198  25.2496  
15.4328 16.0319 11.6778 23.3831  33.2609  18.6322  
16.2376 15.0231 12.1945 23.7438  19.1585  30.4056  
15.4605 16.1146 11.6257 29.6163  33.457  18.685  
16.2707 15.0364 12.152 22.2741  22.0579  26.0531  
15.4479 16.024 11.6503 19.7073  26.2748  19.7508  
15.9653 15.8555 11.6674 38.2035  20.2688  36.9374  
15.4547 15.512 12.5346 33.7331  33.6832  19.674  
16.4014 15.2323 11.6677 21.3674  23.2597  24.0239  
15.4477 15.6333 12.4183 22.5961  31.6984  20.8069  
15.4479 16.0097 11.8468 25.0704  20.0599  33.9483  
16.4227 15.0365 11.7222 23.4936  33.934  19.7531  
16.0057 15.0335 12.4232 22.0146  22.4883  30.9148  
15.8023 15.0146 12.5409 22.3555  28.6889  23.8148  
16.0763 15.0703 12.3737 32.5577  23.354  24.9659  
16.327 15.4423 11.6625 25.4022  23.5692  27.5164  
15.7242 15.0074 12.5691 21.2868  28.2283  24.9205  
17.0418 15.1244 11.61 23.4655  30.4882  21.065  
15.8163 15.0288 12.5344 23.1467  22.5598  27.2266  
15.8935 15.0068 12.4908 27.5567  35.8592  19.6347  
15.7686 15.0077 12.5553 18.8254  22.0731  23.382  
16.3551 15.3752 11.6646 20.2031  31.8067  21.6265  
16.3066 15.484 11.661 23.7427  21.1149  33.35  
16.4109 15.191 11.6601 26.9223  26.441  19.873  
16.2868 15.0287 12.1259 20.1253  27.3438  26.5363  
15.8513 15.0503 12.5187 20.719  37.4075  23.3253  
16.2659 15.5569 11.6701 22.7257  24.7647  38.2455  
16.1224 15.0284 12.3342 23.2034  39.6267  22.1163  
15.6556 15.9801 11.6601 20.356  27.1852  32.6041  
16.0612 15.7765 11.6601 20.1274  29.5974  27.0883  
16.4281 15.0229 11.6377 30.2581  22.447  25.9228  
15.6009 15.014 12.5956 35.9975  24.3058  20.8935  
15.6863 15.0266 12.5748 20.293  30.9512  37.3645  
16.3509 15.0448 11.9992 20.4074  33.1565  28.3426  
16.1747 15.6816 11.6664 20.8486  27.748  28.1205  
16.1923 15.6613 11.6664 21.444  29.0003  25.2032  
16.2161 15.0408 12.229 20.9556  30.9548  36.6207  
16.2363 15.5937 11.6677 20.9653  31.7272  32.1559  
16.3375 15.0448 12.0298 24.07  27.284  23.6904  
15.8097 15.9408 11.6664 23.3859  31.4558  23.0866  
16.3926 15.2694 11.6698 23.6243  36.6246  29.3703  
15.737 15.9675 11.6664 24.6184  33.7589  23.0234  
15.717 15.9703 11.6676 24.8496  22.5971  33.3353  
16.415 15.041 11.7706 25.1221  28.221  29.134  
15.8278 15.9297 11.6676 25.3536  24.0772  27.5491  
15.7473 15.0237 12.5614 26.4843  27.1843  40.2708  
15.9838 15.0263 12.439 29.0246  32.376  27.4846  
16.361 15.0431 11.9697 23.975  27.7172  30.2053  
16.3303 15.0806 12.0408 34.1213  29.5016  18.2868  
15.6276 12.6774 19.7283 28.5556  19.1195  18.4876  
18.4593 16.0064 10.8625 21.341  13.5508  15.7152  
15.3881 13.7576 12.5874 28.0927  24.1942  20.1349  
13.977 13.6783 14.1135 34.1596  19.3657  16.8348  
15.4442 13.6134 12.6177 28.8935  23.0894  14.2363  
16.0422 18.4187 11.4945 32.9224  13.6569  13.4107  
16.4486 13.6199 11.6719 27.8583  29.0812  14.6422  
15.4569 14.3851 12.2171 23.4552  13.6723  12.5811  
13.609 14.9037 23.1274 24.3436  14.5681  12.1072  
16.083 14.161 11.7457 31.714  14.686  24.7422  
14.7602 15.4535 12.1937 30.6411  24.8294  14.9949  
18.9519 15.0348 11.6054 26.3849  14.9085  14.1914  
12.4781 15.9915 17.581 30.1396  17.8584  13.3748  
15.1101 13.5801 14.7189 31.5411  14.201  22.9744  
15.4363 13.5708 12.9253 32.4343  15.1731  12.5401  
15.4524 14.56 11.6892 23.6287  14.5241  15.0199  
16.5052 13.6766 11.6131 24.7235  17.0468  13.7112  
12.4243 16.0687 17.5819 30.8696  13.2401  21.558  
12.8353 15.3615 17.5811 24.8056  24.1119  16.1574  
12.8305 15.4516 19.4327 29.3799  17.0627  15.1471  
18.2497 16.1128 10.8766 26.7526  19.7975  13.8539  
14.2487 16.0287 13.2011 26.5235  14.0783  22.8412  
12.484 16.0412 17.1901 28.1956  23.2494  12.2187  
14.6602 15.3414 12.3154 24.6646  16.2741  18.3122  
14.5884 15.2871 12.9876 26.0561  19.4603  14.6857  
15.4289 16.0754 11.6726 23.5397  13.5767  22.8373  
12.8355 15.3232 21.1999 36.0973  24.6049  13.7669  
18.7291 17.9752 10.8448 15.5667  13.8534  12.652  
16.4507 13.5743 12.6086 15.5935  14.5908  11.9783  
12.8056 15.6589 17.5811 24.3354  14.5531  21.7312  
13.0622 15.3276 17.5811 27.4635  26.0621  13.2129  
15.43 13.5757 12.9993 22.6744  15.9988  19.4184  
14.9823 15.1978 12.3154 20.2972  18.4356  15.2538  
12.8925 15.3373 17.5772 23.3921  13.1497  26.8424  
12.8894 15.3816 13.4624 23.7765  26.4204  16.2883  
15.5669 13.5679 12.9343 20.8907  18.6419  15.7723  
28.504 19.1195 21.9302 20.7001  21.2188  13.9927  
15.9265 13.6115 12.4801 21.2028  15.7122  21.5633  
16.4143 13.8647 11.6478 20.4321  25.2857  12.9583  
15.5242 13.9918 12.5323 15.3255  14.7208  14.4544  
16.1796 13.6624 12.268 17.8128  18.7428  14.6106  
16.2547 13.9089 12.1088 20.5275  14.9366  31.1034  
14.531 15.8902 12.1026 26.5985  33.0596  12.7968  
15.1517 13.1757 14.5515 21.5872  18.9847  18.7556  
15.5755 14.65 11.6494 22.8921  25.494  16.407  
16.1738 15.4367 11.5349 23.0524  15.9502  26.9473  
15.5834 14.5445 11.739 18.3084  22.5561  13.2568  
15.4428 14.0949 12.483 17.9787  16.9474  21.5672  
13.6757 15.3675 13.405 20.3585  22.332  20.1349  
26.9754 22.4302 22.8632 32.481  15.5551  22.2779  
15.8017 14.1762 12.3207 37.9229  20.5565  13.827  
16.0505 16.0768 11.6047 23.6356  18.7234  16.4974  
15.4419 15.3674 11.739 16.7885  21.3241  13.7227  
16.3504 13.6121 12.0165 19.0919  16.2353  23.6428  
15.4605 16.1146 11.6257 16.6233  22.3348  12.5437  
18.2493 16.047 11.1713 16.6335  16.0893  18.7296  
15.4433 14.5548 11.7593 18.4291  22.793  16.6235  
15.1356 13.3102 14.7822 26.1644  15.0716  27.3381  
15.2119 15.0531 13.693 16.7473  24.7404  12.289  
16.3536 13.9945 11.754 16.6671  18.0445  19.207  
14.4905 15.4278 12.2303 18.2261  24.3288  16.3348  
15.4629 14.5519 11.8404 16.1227  13.7962  21.9185  
17.3745 13.5011 14.4431 19.181  34.1463  16.7754  
15.9144 14.434 11.7346 14.7153  15.5892  18.9407  
17.3351 13.196 14.4569 17.2121  26.0133  23.0158  
15.6525 13.5781 12.5822 23.6573  16.5392  31.1279  
16.513 13.6472 11.626 26.7585  26.931  17.718  
15.4511 14.3962 12.1686 16.8217  21.9698  20.7972  
16.4285 15.0432 11.6086 15.0944  22.0309  13.9765  
17.1148 21.5709 11.3409 16.3416  17.3112  26.8109  
15.4573 15.0836 11.6534 17.8838  37.1474  15.0211  
15.2001 13.1354 14.9662 17.2133  21.5784  23.6776  
14.511 15.9097 12.1012 16.1782  27.5518  18.6511  
14.4834 23.5115 12.1125 16.9904  15.9122  31.5553  
14.5269 17.0384 12.1012 23.4344  37.7708  14.8869  
15.1502 24.2849 11.2312 15.7002  22.0309  23.0472  
15.4465 14.5584 11.7089 16.7098  34.2469  18.3212  
15.5155 14.2684 12.406 14.8213  16.2202  27.409  
17.2833 23.3716 11.2745 18.9624  31.9305  19.2505  
16.44 13.6785 11.6363 14.3085  16.9185  20.7495  
14.9296 23.2496 11.8625 16.1077  27.5624  22.8856  
14.4657 23.5198 13.2124 18.6593  16.633  39.3391  
15.43 13.5765 13.5653 25.67  27.1603  15.783  
15.6428 13.8937 12.5569 14.5422  23.8227  24.0501  
32.6585 26.0581 25.2275 16.3336  24.4556  26.9  
15.6253 13.5733 14.438 16.7001  23.2474  29.4989  
16.3523 14.021 11.8052 18.1161  25.1879  26.8914  
15.8134 13.9582 12.4473 12.8925  15.3373  17.5772  
16.2297 13.635 12.2384 16.1077  27.5624  28.7184  
33.8477 26.2952 21.3579 18.6339  17.3704  40.9978  
16.2149 13.629 12.2712 18.5007  29.4565  27.7692  
16.8604 13.5756 12.5938 14.4143  25.2523  32.1319  
16.4294 13.6194 11.9049 16.3336  23.89  27.7748  
31.8336 25.0899 22.4019 16.404  29.082  32.377  
16.415 15.041 11.7706 16.3336  31.1153  27.7748  
19.1114 15.6767 10.9255 18.9133  30.9384  28.6699  
15.7473 15.0237 12.5614 19.5634  30.7396  41.88  
15.9838 15.0263 12.439 19.8622  22.8473  36.9208  
19.226 15.67 10.9255 20.0822  28.7894  27.984  
16.3303 15.0806 12.0408 26.5658  18.3536  27.8456  
0.173409 1.72868 0.262352 16.4789  4.02739  2.54493  
0.535867 1.39063 0.818728 4.18874  14.1411  2.11804  
0.194737 0.806434 1.16139 3.36553  3.97543  13.1359  
0.275282 1.46776 0.838595 8.7563  0.729575  0.429392  
0.198045 1.72132 0.279707 5.06123  0.886135  0.342258  
0.39317 1.70608 0.309843 7.7673  0.739695  1.25537  
0.571283 1.65116 0.227881 4.14752  1.36328  0.287213  
0.295361 1.79097 0.169561 4.84702  0.970855  0.996851  
0.194761 0.722265 1.18625 4.38932  1.22383  0.626152  
1.1546 0.734082 0.316714 7.95205  0.734823  1.31485  
0.242451 1.71927 0.228019 4.07465  1.80821  0.262225  
0.814221 1.56221 0.435006 4.36464  0.82818  1.09829  
1.12968 0.818958 0.648377 1.19056  0.722664  0.316753  
0.962267 0.780366 0.830681 3.91447  0.738158  1.30844  
1.13578 1.08463 0.340341 4.03758  1.81783  0.554154  
1.13235 1.06916 0.427427 3.80243  0.765114  1.29587  
6.15024 0.393079 3.49227 3.73891  1.46399  1.08014  
0.20838 1.72101 0.229339 8.32464  0.725962  1.3604  
0.225736 1.71685 0.301802 4.48535  1.8228  0.248191  
0.877346 0.876783 0.897931 3.9191  1.53767  1.35282  
0.578337 1.63342 0.314392 4.35013  2.56667  1.01142  
0.238723 0.739167 1.16267 4.02054  0.953297  1.42977  
0.224204 1.66245 0.588357 4.90256  4.21158  0.761519  
1.08733 0.858992 0.58793 4.13437  0.776424  1.50961  
0.257672 1.56624 0.83078 4.15524  2.05473  1.33962  
0.348666 0.722286 1.16906 5.03903  0.813348  4.23086  
0.856885 1.44432 0.274809 4.95642  4.61651  0.524673  
1.05779 1.18599 0.463838 6.68806  3.07629  4.08938  
0.555921 1.65557 0.271127 5.07025  4.33426  0.708131  
0.923193 1.3994 0.282485 4.81794  0.970855  5.17237  
0.247858 0.921211 1.14453 4.24575  4.00179  1.24904  
1.18399 0.722761 0.297594 6.36511  2.83754  5.1092  
0.830527 0.722612 0.997148 7.10333  4.95208  2.21447  
0.477769 1.68575 0.223561 8.20301  0.754835  5.16942  
0.147786 3.40298 0.846158 4.19307  5.70797  0.249292  
0.783931 0.861345 1.04312 5.57128  2.59783  4.08925  
1.24128 0.775899 0.248015 3.8638  4.27595  1.50962  
0.867682 0.770843 0.919751 4.00543  1.72976  4.38662  
0.864564 1.38865 0.66273 4.14758  5.34504  0.310206  
0.51287 0.736592 1.15125 0.982281  0.863052  1.03962  
1.14607 0.858199 0.326201 4.87851  4.46589  2.90534  
0.239185 1.11102 1.10699 4.26423  0.852871  5.19637  
1.17716 0.722663 0.348548 4.25552  7.05778  0.61356  
0.249393 0.793853 1.15684 4.60892  2.76219  4.6688  
0.553186 0.933952 1.11665 3.76361  4.68262  1.86343  
1.04905 1.46923 0.246446 3.88329  1.24686  5.24562  
0.854531 1.55852 0.227669 2.12929  4.83003  1.29539  
0.770252 1.20444 0.818437 3.80926  2.12893  5.15534  
0.188496 5.83615 0.223293 3.95832  5.81965  4.43594  
0.441877 1.46745 0.795916 4.13669  0.80082  7.86245  
0.147462 0.838651 1.43967 2.39764  9.16504  0.387488  
1.06813 1.09175 0.77747 0.2325  4.37846  5.00796  
0.400673 1.43978 0.818403 4.36464  8.08692  1.05232  
0.697978 1.44984 0.77965 4.13738  1.78133  7.90303  
0.178452 1.36302 1.09794 1.29784  4.36938  0.809256  
0.605802 1.30557 1.021 4.51425  4.37846  5.00796  
0.235717 0.722299 1.17231 3.40684  5.29891  3.37138  
0.9973 0.723801 0.817517 1.47384  0.744035  4.30213  
0.483775 1.59849 0.570189 1.43161  3.97689  0.572537  
0.446879 1.25908 1.03353 0.461915  4.97982  6.59398  
0.436345 1.69552 0.467347 2.72734  7.54126  4.09065  
0.205047 1.41336 0.960139 2.42398  1.44268  6.75454  
0.147398 0.838413 3.40455 0.814471  4.45676  0.912749  
0.437188 1.43023 0.847009 2.88434  2.7636  6.80619  
0.995061 1.22141 0.661875 0.308605  4.96471  4.32509  
0.321346 1.69474 0.53581 4.96007  0.735674  19.867  
1.02088 1.30984 0.322055 1.63201  7.50935  0.22418  
0.508439 1.66138 0.294791 1.16112  4.10198  4.60263  
0.478152 1.51573 0.7388 0.620453  4.36937  1.48777  
0.820142 1.50266 0.504879 1.05607  1.36913  3.81119  
1.19056 0.722664 0.316753 1.05407  4.48013  0.785666  
0.382851 1.51844 0.803277 2.18072  4.03298  7.67109  
0.510738 1.66818 0.216656 0.454139  1.43978  0.817077  
0.650408 0.88874 1.07009 0.33561  0.826018  5.16232  
1.15708 1.12278 0.29339 0.836132  8.39503  0.720644  
1.2151 0.759505 0.278037 1.22893  3.09987  4.32145  
0.872008 0.950367 0.887887 1.12892  8.61392  0.785803  
0.202369 1.65375 0.949133 0.263289  0.779334  9.15354  
1.00405 1.32765 0.526607 0.771314  4.0839  1.07972  
16.4789 4.02739 2.54493 0.47907  2.87213  5.4681  
0.909696 0.841235 0.885923 0.86792  4.80575  3.94414  
0.293958 0.76906 1.15569 1.12896  0.799261  8.39823  
2.29009 6.16378 0.181284 0.341133  4.9647  0.334592  
1.00667 1.23417 0.602985 0.770057  3.59883  4.93241  
0.775921 1.23177 0.977078 0.190959  4.22805  1.56453  
0.717017 0.895986 1.0232 0.829822  1.47891  8.28134  
0.992684 1.35525 0.462009 0.471658  5.24298  0.77486  
0.877923 0.741422 0.919751 0.507967  1.77032  4.24781  
1.13786 0.987888 0.574303 0.637958  5.98174  4.25376  
1.0964 1.14573 0.476906 0.266725  0.779334  5.10344  
0.851265 1.5231 0.293325 0.193122  1.74182  0.30316  
5.19169 0.722603 0.319805 0.381551  3.05086  4.23936  
0.192963 0.898389 1.15529 0.495  7.81264  3.40378  
3.18237 0.723831 0.289453 0.195337  1.09495  3.89763  
0.436074 1.43978 0.814015 0.269254  4.11694  1.21113  
0.756946 0.812787 1.08878 0.180493  0.791402  1.21312  
0.829258 1.29661 0.802453 0.232563  4.09191  3.6088  
0.317883 6.00048 0.18163 0.954276  3.64474  15.7173  
0.42858 1.37098 0.910216 0.172881  5.81244  0.273524  
0.256998 1.6334 0.608572 0.16895  5.42417  5.65502  
0.000574592 0.742747 0.691849 1.00056  8.67702e-05  8.16366e-05  
0.337612 0.632526 0.699969 0.000578666  1.00002  6.59985e-05  
0.000618898 0.9318 0.370751 0.000601155  8.961e-05  1  
0.244013 0.832602 0.498214 0.999119  0.0370488  0.0375889  
0.96385 0.280956 0.00011609 0.994487  0.104961  0.0340911  
0.64671 0.645391 0.411244 0.989936  0.0339036  0.141843  
0.970666 7.59856e-05 0.246343 0.980267  0.200748  0.0284844  
0.797889 0.262375 0.544013 0.98184  0.100764  0.165938  
0.379978 0.844775 0.380641 0.976537  0.188139  0.11299  
0.522149 0.631661 0.57464 0.956401  0.0385565  0.291952  
0.0343433 0.978306 0.205442 0.941106  0.339283  0.0189774  
0.988481 7.85478e-05 0.156215 0.958909  0.17542  0.22564  
0.440907 0.388675 0.811456 0.946736  0.29548  0.133108  
0.497625 0.802815 0.330094 0.926568  0.0828062  0.368554  
0.738121 0.676229 0.00427019 0.91862  0.389445  0.0868454  
0.628862 0.525386 0.574318 0.922351  0.157736  0.354909  
0.813457 0.584176 0.000104171 0.923151  0.30496  0.23954  
0.743845 0.635247 0.211202 0.86111  0.0307234  0.50887  
0.0258796 0.331023 0.943812 0.840844  0.542209  0.0169928  
0.00320918 0.682087 0.731898 0.90001  0.295954  0.321973  
0.000578666 1.00002 6.59985e-05 0.871311  0.459365  0.180875  
0.569592 0.321552 0.7579 0.847383  0.142587  0.51357  
0.290782 0.930741 0.225677 0.820867  0.5627  0.104199  
0.885009 8.05738e-05 0.468789 0.848254  0.247715  0.471851  
0.244892 0.293359 0.925505 0.843674  0.445149  0.303229  
0.573168 0.746897 0.338304 0.76566  0.0585656  0.644297  
0.00465325 0.467758 0.883931 0.750605  0.658599  0.0666894  
0.736886 0.00877413 0.677635 0.810105  0.332147  0.485661  
0.257323 2.56875e-05 0.966807 0.791386  0.542945  0.28603  
0.594388 0.475777 0.652997 0.730446  0.119758  0.67452  
0.852837 0.523277 0.0170929 0.735898  0.654  0.181809  
0.260443 0.899869 0.352715 0.739123  0.24556  0.628502  
0.667442 0.697603 0.264842 0.757599  0.489724  0.436043  
0.767632 0.254448 0.590046 0.629313  0.0016116  0.778489  
0.469438 0.599565 0.651563 0.609024  0.793603  0.0124659  
0.926568 0.0828062 0.368554 0.719633  0.478337  0.509791  
0.70733 0.471226 0.530742 0.670014  0.699771  0.250774  
0.410031 0.912379 0.0410007 0.646799  0.215869  0.733033  
0.597213 0.60014 0.53917 0.601579  0.789472  0.128978  
0.000601155 8.961e-05 1 0.652852  0.368814  0.66351  
0.693295 0.562877 0.454097 0.644826  0.646068  0.414262  
0.87592 0.315901 0.366405 0.548618  0.0925513  0.832977  
0.78622 0.61858 0.0193629 0.523607  0.85032  0.0676165  
0.420824 0.896561 0.147046 0.609274  0.46737  0.64254  
0.451187 0.000125205 0.895872 0.578028  0.733949  0.358064  
0.845682 0.427658 0.321322 0.518366  0.170738  0.839935  
0.479769 0.251462 0.842167 0.51527  0.83157  0.21133  
0.860789 0.0446982 0.50887 0.530372  0.326963  0.783447  
0.000596301 0.411654 0.91173 0.543687  0.649009  0.538548  
0.397786 0.799035 0.454589 0.422643  0.0444337  0.90612  
0.328471 0.427617 0.842546 0.410031  0.912379  0.0410007  
0.0428888 0.817828 0.574489 0.504345  0.55132  0.665385  
0.249059 0.968843 0.000104536 0.462762  0.818503  0.345876  
0.616165 0.397137 0.681183 0.424794  0.223614  0.878426  
0.580008 0.815897 8.0964e-05 0.402184  0.897268  0.185096  
0.759275 0.520809 0.393524 0.434392  0.395267  0.811456  
0.488036 0.873142 0.0124969 0.430594  0.730681  0.533294  
0.914226 0.406467 0.0189268 0.3399  0.0502349  0.940132  
0.79993 0.397203 0.454095 0.337932  0.935138  0.113818  
0.625898 0.0242661 0.780475 0.392514  0.496858  0.776208  
0.621068 0.784429 0.012555 0.377135  0.809125  0.454095  
0.69941 0.716234 9.77954e-05 0.314783  0.148415  0.938993  
0.713317 5.9052e-05 0.70152 0.326938  0.905361  0.274076  
0.927773 0.291915 0.239387 0.323568  0.314285  0.894239  
0.794885 0.544521 0.271398 0.341164  0.68712  0.642121  
0.955101 0.0356888 0.296251 0.240563  0.00305733  0.971091  
0.544203 0.839519 0.000116602 0.23128  0.973331  0.00755582  
0.040903 0.527733 0.849305 0.305188  0.663843  0.685065  
0.0461811 0.577578 0.815431 0.263437  0.912413  0.316018  
0.000580544 0.788525 0.615259 0.24231  0.29491  0.92502  
0.214579 0.738454 0.640703 0.217993  0.965335  0.147004  
0.912126 5.37e-05 0.41371 0.248276  0.485579  0.839935  
0.977155 0.216009 0.000118129 0.241964  0.825633  0.510639  
0.0229709 0.894422 0.446965 0.19055  0.126896  0.974009  
0.820077 7.85478e-05 0.574156 0.171319  0.982717  0.0738756  
0.352789 0.0328099 0.935724 0.2107  0.588605  0.781399  
0.40478 0.513516 0.757261 0.19413  0.888341  0.41788  
0.317025 0.949951 0.000115885 0.162643  0.210658  0.964268  
0.148223 0.989287 8.12712e-05 0.154813  0.960889  0.232351  
0.940927 0.3453 0.00731575 0.151564  0.396775  0.90612  
0.322134 0.312876 0.89424 0.165642  0.772328  0.61395  
0.000598396 0.871665 0.491544 0.115838  0.05468  0.99241  
0.6051 0.000125205 0.800143 0.105899  0.99403  0.035361  
0.51504 0.041104 0.857982 0.131097  0.645849  0.755431  
0.884362 0.469272 0.00942757 0.112088  0.921135  0.374473  
0.532726 0.705908 0.476337 0.100803  0.255578  0.962159  
1.00056 8.67702e-05 8.16366e-05 0.0888832  0.977954  0.190023  
0.453295 0.736106 0.505366 0.0863744  0.449405  0.889461  
0.776567 0.0292484 0.630307 0.0908996  0.813909  0.574347  
0.0334954 0.168978 0.985599 0.0629379  0.0924925  0.994003  
0.517107 0.459966 0.723293 0.0518264  0.992561  0.111219  
0.033696 0.956978 0.288861 0.0618731  0.552268  0.831814  
0.0348631 0.629789 0.776729 0.0516672  0.878499  0.476325  
0.00062674 0.577321 0.859141 0.0334954  0.168978  0.985599  
0.702055 0.336932 0.628502 0.0330352  0.959441  0.280643  
0.412092 0.699643 0.58657 0.0279941  0.352144  0.935781  
0.0197513 0.248941 0.968416 0.0205965  0.739387  0.67318  
0.409356 0.0372722 0.912211 0.0130899  0.0220173  0.99972  
0.680387 0.0248444 0.733572 0.00544338  0.999766  0.0218338  
0.568613 0.000125205 0.825564 0.00309058  0.673638  0.739753  
0.868039 9.56559e-05 0.497406 1  4.67275e-05  1.68685e-05  
0.504441 0.735881 0.452677 5.80403e-05  1  0.000102835  
0.0183895 0.702564 0.711462 9.03987e-05  5.60303e-05  1  
0.955656 0.041548 0.291689 0.998534  0.0384452  0.0383972  
0.744835 0.573387 0.343031 0.993839  0.105723  0.0339922  
0.645199 0.645461 0.410079 0.988836  0.0462526  0.14183  
0.894778 0.447562 3.89194e-05 0.97945  0.200012  0.028529  
0.597992 0.596665 0.536269 0.980735  0.10033  0.16785  
0.657719 9.44651e-05 0.753302 0.975098  0.190471  0.11392  
0.517847 0.634343 0.574784 0.955656  0.041548  0.291689  
0.25538 0.412054 0.875102 0.940506  0.339563  0.0224089  
0.39955 0.523154 0.753108 0.95808  0.175921  0.226411  
0.388377 0.921549 8.77803e-05 0.946123  0.295266  0.133897  
0.635104 0.516966 0.574754 0.925703  0.0849885  0.368764  
9.45992e-05 0.961653 0.274377 0.916184  0.390876  0.0901281  
5.80403e-05 1 0.000102835 0.921141  0.161073  0.354598  
0.797649 0.603188 5.42335e-05 0.920772  0.308089  0.239522  
0.289091 0.000105721 0.957521 0.860721  0.0270956  0.508717  
0.300421 0.299048 0.906229 0.840355  0.542213  0.0170037  
0.83023 0.558195 3.70368e-05 0.895547  0.294561  0.333774  
0.849091 0.424675 0.315927 0.868998  0.460996  0.180159  
0.841394 0.263168 0.472442 0.846673  0.143066  0.51284  
0.940245 0.000104307 0.341943 0.820251  0.562528  0.104124  
0.732816 0.680527 0.0340703 0.84614  0.247232  0.472456  
0.486846 0.811419 0.32508 0.842416  0.44496  0.304285  
0.000106081 0.73347 0.679803 0.763423  0.0664894  0.642582  
0.34267 0.74438 0.573728 0.749923  0.658659  0.0676163  
0.4122 0.256504 0.874902 0.809208  0.332068  0.484983  
0.25633 0.875883 0.40926 0.789023  0.544615  0.285389  
0.455799 0.400163 0.795726 0.729392  0.120466  0.673953  
0.573038 0.744509 0.343592 0.7346  0.653716  0.182856  
9.50119e-05 0.145475 0.989465 0.738495  0.245678  0.628283  
0.795197 8.25476e-05 0.607034 0.754085  0.492553  0.434575  
0.746989 0.337691 0.574147 0.628616  0.0192311  0.77765  
0.770794 0.503466 0.390489 0.608436  0.793601  0.0124844  
0.981331 0.000102712 0.194861 0.717114  0.477262  0.508181  
0.759726 0.650872 9.47377e-05 0.668472  0.699648  0.252859  
1 4.67275e-05 1.68685e-05 0.645735  0.223315  0.730285  
0.000590588 0.467294 0.88418 0.600065  0.789644  0.128959  
0.651959 0.758742 6.35889e-05 0.651254  0.371231  0.662044  
0.387252 0.618506 0.684048 0.643654  0.644494  0.41296  
0.869214 0.325627 0.374116 0.547535  0.101194  0.830802  
0.467555 0.586355 0.662042 0.522613  0.849861  0.0716584  
0.756135 8.40485e-05 0.655011 0.607905  0.467671  0.641936  
0.456582 0.000105721 0.889999 0.577593  0.733867  0.35826  
0.904806 0.302345 0.301998 0.517273  0.171399  0.838738  
0.448646 0.894001 7.89596e-05 0.514506  0.831088  0.211462  
9.45282e-05 0.929161 0.369759 0.529503  0.329985  0.781745  
0.298549 0.906036 0.302608 0.542995  0.646886  0.536269  
0.39931 0.797133 0.45412 0.422058  0.0413281  0.905766  
0.278149 0.618675 0.73501 0.410074  0.911012  0.0443749  
0.706956 0.470206 0.529214 0.503868  0.551283  0.665258  
0.285164 0.95872 5.02955e-05 0.463688  0.816314  0.344662  
0.725335 0.142522 0.673958 0.42377  0.223781  0.877959  
0.653219 0.272102 0.707343 0.402797  0.896388  0.185974  
0.210646 0.977587 7.86965e-05 0.433168  0.395299  0.810539  
0.489202 0.872547 0.000111599 0.435958  0.727225  0.530461  
9.19149e-05 0.980348 0.197715 0.339441  0.0755326  0.937717  
0.798161 0.398895 0.454039 0.337838  0.934349  0.114536  
7.49256e-05 0.827958 0.560887 0.393515  0.496122  0.774095  
0.686648 0.569322 0.454039 0.376819  0.808302  0.452805  
0.0301545 0.273397 0.961502 0.312906  0.153251  0.93768  
0.707337 6.49356e-05 0.707436 0.326795  0.903856  0.276533  
0.0247031 0.41113 0.911391 0.322164  0.321639  0.890768  
0.610823 6.92607e-05 0.792195 0.340202  0.685769  0.643832  
0.470485 0.707372 0.529265 0.242159  0.0152151  0.970226  
0.550848 0.834674 6.29426e-05 0.230956  0.973052  0.00758652  
8.33157e-05 0.548961 0.835914 0.304829  0.662959  0.684048  
0.332557 0.537265 0.775328 0.265714  0.910936  0.315976  
0.681106 0.731755 0.04007 0.252076  0.293813  0.922247  
0.196453 0.0124573 0.98046 0.22074  0.964187  0.147644  
0.908052 5.45279e-05 0.41997 0.251363  0.48586  0.837243  
9.9427e-05 0.792289 0.610249 0.24162  0.824818  0.511597  
0.206443 0.504387 0.838738 0.190227  0.127916  0.97353  
0.836255 7.75551e-05 0.549169 0.173702  0.982074  0.0741277  
0.358758 9.29066e-05 0.933505 0.214226  0.587867  0.780542  
0.576389 0.328308 0.748856 0.194253  0.8874  0.418207  
0.342263 0.939886 0.000111599 0.164619  0.211079  0.963737  
0.0835547 0.754193 0.65147 0.158537  0.959598  0.232648  
0.913561 0.405459 0.0446654 0.163647  0.3959  0.903752  
8.29082e-05 0.603687 0.797302 0.164688  0.769213  0.617866  
0.707357 0.707404 5.45504e-05 0.116391  0.0555882  0.991717  
0.0312375 0.351612 0.935781 0.108036  0.993759  0.0338758  
0.51264 0.0446048 0.857935 0.135874  0.64392  0.753092  
0.594495 0.804507 9.15248e-05 0.115876  0.92022  0.37413  
0.343524 0.693137 0.634019 0.100336  0.256542  0.961502  
0.862693 0.50662 9.29521e-05 0.0906418  0.977308  0.191799  
0.98127 0.195301 5.24753e-05 0.0927201  0.449541  0.88869  
0.379682 0.844315 0.379373 0.0903161  0.813437  0.574736  
0.678985 0.389705 0.62288 0.0634031  0.0933343  0.993737  
0.95779 0.287823 7.90678e-05 0.0582485  0.992033  0.112058  
0.0819965 0.651256 0.754535 0.0516243  0.551553  0.832877  
0.0443837 0.857503 0.512874 0.0551653  0.877905  0.475861  
9.49208e-05 0.901487 0.432913 0.0379791  0.171445  0.984531  
9.03987e-05 5.60303e-05 1 0.0362408  0.959221  0.280426  
0.373134 0.370638 0.851263 0.0283231  0.351947  0.935781  
0.529768 0.470968 0.706444 0.0229433  0.739298  0.67318  
0.607069 0.466986 0.643275 0.00830121  0.0239422  0.999692  
0.939334 0.344427 9.59624e-05 0.00784682  0.99969  0.0238798  
0.562161 8.30458e-05 0.827409 0.0036544  0.673301  0.739408  
6.58106e-05 9.40085e-05 1 1  7.20701e-05  4.10148e-05  
0.528534 0.470261 0.706905 6.81096e-05  1  5.0691e-05  
0.000100486 0.837101 0.547098 6.58106e-05  9.40085e-05  1  
0.452345 0.39746 0.798494 0.99853  0.0385319  0.0382621  
0.744835 0.573387 0.343031 0.993802  0.10566  0.0350663  
8.80615e-05 0.49604 0.868323 0.988819  0.0463848  0.141827  
0.0365685 0.959143 0.280743 0.979218  0.200902  0.0285224  
0.596531 0.597518 0.536269 0.980676  0.100763  0.168009  
0.657719 9.44651e-05 0.753302 0.975094  0.19039  0.113884  
0.517847 0.634343 0.574784 0.955591  0.0417172  0.291827  
3.68656e-05 0.343841 0.939082 0.940365  0.339559  0.0216109  
0.476647 0.265066 0.838544 0.958034  0.176172  0.226496  
0.579398 0.330339 0.745238 0.945788  0.295972  0.134406  
0.498523 9.63197e-05 0.866922 0.925685  0.0849009  0.368738  
0.604774 7.73406e-05 0.796417 0.916184  0.390702  0.0901491  
0.578327 0.514506 0.633241 0.921113  0.160923  0.354608  
0.797649 0.603188 5.42335e-05 0.920759  0.308055  0.239507  
0.289091 0.000105721 0.957521 0.860491  0.0322722  0.508516  
3.55856e-05 0.754199 0.656683 0.840224  0.542063  0.0174294  
0.344269 0.693834 0.632677 0.895546  0.294524  0.33376  
0.849091 0.424675 0.315927 0.868985  0.461128  0.180169  
0.633803 0.517892 0.574774 0.846564  0.143486  0.512782  
0.943262 5.89233e-05 0.332064 0.820253  0.562527  0.104067  
0.73219 0.680027 0.0397831 0.846003  0.247388  0.472385  
0.453105 0.796849 0.400117 0.842383  0.444918  0.304174  
0.0462752 0.732587 0.679138 0.763375  0.0664844  0.642567  
0.964901 7.00662e-05 0.262647 0.749561  0.658439  0.0681045  
0.422093 0.850757 0.313376 0.808989  0.33183  0.485284  
0.554964 0.831973 2.00218e-05 0.789021  0.544259  0.285388  
0.379699 0.84356 0.379893 0.728891  0.123776  0.673478  
0.571591 0.745567 0.342858 0.734573  0.653547  0.182835  
0.255649 0.875932 0.409263 0.738381  0.245776  0.628169  
0.795077 8.11971e-05 0.606563 0.754072  0.492546  0.434512  
0.380329 0.735342 0.561 0.628625  0.0241068  0.777427  
0.774769 0.499872 0.387764 0.608376  0.793595  0.0125204  
0.988514 7.89961e-05 0.15117 0.717024  0.477323  0.508128  
0.757541 0.652837 0.000100415 0.668472  0.699617  0.252921  
0.388795 0.499968 0.774096 0.645596  0.223543  0.730347  
0.912444 0.408697 0.0216213 0.600037  0.789598  0.129148  
0.654585 0.756022 5.12431e-05 0.651181  0.371321  0.662035  
0.980849 0.194848 2.73229e-05 0.643653  0.644597  0.41292  
0.869214 0.325627 0.374116 0.547639  0.101902  0.830707  
5.76359e-05 0.861973 0.507054 0.522647  0.849683  0.0716649  
0.756855 8.26945e-05 0.653605 0.607842  0.4678  0.641881  
0.429942 6.65719e-05 0.902918 0.577493  0.733672  0.358173  
0.330942 0.801667 0.4983 0.516934  0.172608  0.838544  
0.448646 0.894001 7.89596e-05 0.514494  0.831139  0.211572  
0.83161 0.555459 2.96272e-05 0.529499  0.329891  0.781744  
0.68505 0.570991 0.452888 0.543802  0.646282  0.535538  
0.41003 0.911 0.0443409 0.422098  0.0431415  0.905648  
0.680217 0.0369364 0.732148 0.410063  0.911  0.0444448  
0.706356 0.470157 0.529247 0.503859  0.551195  0.665236  
0.274377 0.961637 9.27142e-05 0.46411  0.816169  0.344618  
0.645805 0.410686 0.643883 0.424865  0.223376  0.877347  
0.471714 0.594216 0.651877 0.402989  0.896176  0.185966  
0.33861 0.564909 0.752662 0.433092  0.3948  0.810539  
0.489202 0.872547 0.000111599 0.435901  0.727242  0.530583  
9.69117e-05 0.980695 0.195586 0.339653  0.0767194  0.937502  
0.510439 0.740494 0.43726 0.337765  0.934349  0.114372  
7.21657e-05 0.794761 0.606954 0.394015  0.496112  0.774095  
0.312989 0.31209 0.897087 0.37651  0.808083  0.453236  
0.267769 0.654067 0.707573 0.31373  0.152561  0.937307  
0.707337 6.49356e-05 0.707436 0.326676  0.903856  0.276496  
0.195608 9.67926e-05 0.980748 0.322703  0.321883  0.890206  
0.883965 0.0385756 0.466038 0.340112  0.685481  0.643931  
0.47009 0.705549 0.530422 0.242156  0.0096376  0.970226  
9.00857e-05 0.939454 0.342777 0.23133  0.972872  0.00766042  
5.49245e-05 0.548433 0.83622 0.304818  0.662878  0.684048  
7.64796e-05 0.709024 0.705257 0.265879  0.910723  0.316244  
0.680145 0.732175 0.0382791 0.252549  0.293276  0.922247  
6.81096e-05 1 5.0691e-05 0.220922  0.964107  0.147656  
0.733776 0.0283816 0.678829 0.25126  0.485789  0.837213  
0.913448 7.95579e-05 0.40697 0.241728  0.824725  0.511569  
0.302428 0.905047 0.299426 0.190118  0.128552  0.973367  
0.832235 9.75785e-05 0.554498 0.173675  0.982051  0.0741341  
0.357499 7.51497e-05 0.933941 0.214114  0.587584  0.780542  
0.321859 0.42366 0.846825 0.194258  0.887408  0.418207  
0.341905 0.939766 3.15791e-05 0.165541  0.210574  0.963488  
0.802619 0.392827 0.449283 0.158903  0.959532  0.232699  
0.962118 0.272825 3.17643e-05 0.163475  0.395868  0.90371  
0.644597 0.645382 0.409947 0.164528  0.769234  0.617524  
0.707357 0.707404 5.45504e-05 0.116822  0.057061  0.991537  
0.555256 8.16771e-05 0.831769 0.1081  0.993373  0.039812  
6.89086e-05 0.61245 0.790599 0.136256  0.643887  0.75309  
5.97022e-05 0.412252 0.91108 0.117458  0.920033  0.374091  
0.19574 0.98071 4.0437e-05 0.100477  0.256951  0.961255  
8.40635e-05 0.657405 0.753558 0.09066  0.977257  0.191798  
8.00809e-05 0.193622 0.981106 0.0940132  0.449315  0.888497  
0.606858 0.794846 9.09015e-05 0.0901845  0.813361  0.574772  
0.864934 5.56164e-05 0.501946 0.0634262  0.0931113  0.993658  
0.905161 0.30118 0.300377 0.0583472  0.992023  0.112081  
0.894161 0.447799 2.63718e-05 0.0631803  0.551095  0.832098  
0.934648 0.355731 5.98852e-05 0.0553285  0.877824  0.475832  
6.05872e-05 0.904107 0.427346 0.0397517  0.171573  0.984399  
0.568612 0.6869 0.452916 0.0365685  0.959143  0.280743  
0.841259 0.263069 0.472418 0.0278275  0.351991  0.935715  
0.872518 0.488654 9.07442e-05 0.0249842  0.739214  0.673044  
0.744872 0.339621 0.574769 0.0116896  0.0232977  0.999668  
1 7.20701e-05 4.10148e-05 0.00791398  0.999683  0.0239812  
8.8752e-05 0.27406 0.9618 0.00356684  0.673298  0.739423  
0.338265 0.792109 0.508516 1  9.64033e-05  2.60139e-05  
0.528534 0.470261 0.706905 8.38341e-05  1  1.64153e-05  
0.000102111 0.836412 0.548142 8.0763e-05  4.68716e-05  1  
0.452342 0.397985 0.798313 0.99852  0.0385095  0.0385277  
0.744631 0.573272 0.342179 0.993802  0.105771  0.0350317  
0.576839 0.513205 0.635602 0.988801  0.0467847  0.141799  
7.24799e-05 0.957706 0.287756 0.979213  0.200909  0.0286497  
0.596388 0.597376 0.536579 0.980605  0.100897  0.168228  
0.343401 0.692198 0.634846 0.975066  0.19045  0.114236  
0.517847 0.634343 0.574784 0.955525  0.0415676  0.291991  
3.68656e-05 0.343841 0.939082 0.940347  0.339553  0.0224272  
0.489331 0.872143 1.94881e-05 0.958028  0.176228  0.226353  
0.569595 0.343521 0.746858 0.945775  0.295776  0.134411  
0.0400791 0.681228 0.731048 0.925665  0.0850731  0.368717  
0.604363 2.80909e-05 0.79676 0.916184  0.390556  0.090081  
0.288706 9.41298e-05 0.95746 0.921095  0.161099  0.354524  
0.794078 0.607948 9.7018e-06 0.920726  0.308041  0.239638  
0.84172 0.261504 0.472398 0.86049  0.0334697  0.508516  
0.421433 0.849374 0.317941 0.840193  0.542063  0.0173175  
0.70691 8.56701e-05 0.707318 0.895485  0.294442  0.333883  
0.849091 0.424675 0.315927 0.868982  0.460935  0.180217  
0.633803 0.517892 0.574774 0.846516  0.143414  0.512741  
0.938774 8.90122e-05 0.344558 0.820249  0.562527  0.104079  
0.73219 0.680027 0.0397831 0.846003  0.247442  0.472391  
8.80475e-05 0.754396 0.656452 0.842318  0.444877  0.304388  
0.0462752 0.732587 0.679138 0.763319  0.0664772  0.642611  
0.970012 7.99141e-05 0.243074 0.749556  0.658439  0.0680662  
0.413982 0.257866 0.873078 0.808929  0.331968  0.485265  
5.13614e-05 0.895349 0.44539 0.788874  0.544579  0.285341  
0.375454 0.848126 0.374091 0.728872  0.124334  0.673478  
0.571591 0.745567 0.342858 0.734573  0.653546  0.18287  
0.453525 0.797575 0.398109 0.738386  0.245783  0.628169  
0.795077 8.11971e-05 0.606563 0.754072  0.492543  0.434522  
0.310468 0.309916 0.89871 0.62863  0.0239776  0.777412  
0.774769 0.499872 0.387764 0.608483  0.793595  0.0124251  
0.988514 7.89961e-05 0.15117 0.717024  0.477315  0.508125  
0.757541 0.652837 0.000100415 0.668471  0.699555  0.252851  
0.388817 0.499945 0.774098 0.645566  0.223487  0.730347  
0.502337 6.79551e-05 0.864701 0.600037  0.789562  0.129142  
0.654921 0.755774 2.0483e-05 0.651204  0.371261  0.662035  
0.921835 0.387642 1.51847e-05 0.643602  0.64459  0.413009  
0.8938 0.0348846 0.447221 0.547519  0.101712  0.830707  
5.76359e-05 0.861973 0.507054 0.522611  0.849649  0.0719554  
0.756292 3.87791e-05 0.65426 0.607841  0.467942  0.641684  
0.444174 6.12028e-05 0.895959 0.577493  0.73367  0.358159  
0.327118 0.438372 0.837212 0.516862  0.173768  0.8383  
0.448432 0.893915 3.04308e-05 0.514472  0.831039  0.211751  
0.832334 0.554359 1.07459e-05 0.529568  0.329792  0.781621  
0.68505 0.570991 0.452888 0.543802  0.646288  0.535486  
0.242824 0.97009 7.09608e-06 0.421975  0.0436411  0.905598  
0.982479 0.186801 6.13316e-05 0.410035  0.910999  0.0443383  
0.706356 0.470157 0.529247 0.503807  0.551157  0.665236  
0.554878 0.832022 1.96216e-05 0.464115  0.816198  0.344618  
9.70918e-05 0.551352 0.834306 0.424853  0.22355  0.877339  
0.471714 0.594216 0.651877 0.403001  0.896176  0.185872  
0.645578 0.646535 0.406805 0.433059  0.395067  0.810275  
8.0763e-05 4.68716e-05 1 0.435774  0.727067  0.530553  
9.69117e-05 0.980695 0.195586 0.339615  0.0788052  0.937307  
0.509513 0.731559 0.45322 0.337694  0.934332  0.114541  
0.410034 0.910999 0.0443414 0.394013  0.49613  0.773852  
0.38849 0.728866 0.564052 0.37677  0.807911  0.453211  
3.02938e-05 0.800574 0.599263 0.313719  0.152342  0.93729  
0.864603 5.09575e-05 0.502516 0.326582  0.90381  0.276618  
0.195608 9.67926e-05 0.980748 0.322592  0.321918  0.890195  
0.74333 0.342462 0.574775 0.340086  0.685479  0.643841  
0.47009 0.705549 0.530422 0.242138  0.0135758  0.970174  
7.01053e-05 0.939189 0.343424 0.231234  0.972872  0.00752268  
0.149838 0.988804 9.02301e-06 0.304708  0.66297  0.684048  
7.64796e-05 0.709024 0.705257 0.266035  0.910663  0.316257  
0.680145 0.732175 0.0382791 0.252638  0.294545  0.921693  
0.872145 0.489328 1.96026e-05 0.220792  0.964107  0.14765  
0.25705 0.87501 0.410606 0.251321  0.485789  0.837211  
0.913448 7.95579e-05 0.40697 0.241608  0.824714  0.511541  
0.302428 0.905047 0.299426 0.190638  0.127917  0.973367  
0.832235 9.75785e-05 0.554498 0.173843  0.982022  0.0741604  
0.357499 7.51497e-05 0.933941 0.214112  0.587824  0.780233  
0.647789 0.40743 0.64385 0.194155  0.887406  0.418207  
0.341905 0.939766 3.15791e-05 0.165541  0.21084  0.963432  
0.802619 0.392827 0.449283 0.158902  0.959481  0.232822  
0.964732 0.2636 1.97269e-05 0.163364  0.395962  0.90371  
0.654623 5.80607e-05 0.755967 0.164528  0.769231  0.617476  
0.707357 0.707404 5.45504e-05 0.11702  0.0571072  0.991522  
0.555256 8.16771e-05 0.831769 0.10802  0.993346  0.0403359  
1.93057e-05 0.608736 0.793407 0.136307  0.643805  0.753067  
5.97022e-05 0.412252 0.91108 0.117165  0.920022  0.374088  
4.60543e-05 0.920135 0.39163 0.101338  0.256797  0.961201  
8.56459e-05 0.655119 0.755584 0.0908756  0.977231  0.191793  
8.00809e-05 0.193622 0.981106 0.0949809  0.449095  0.888497  
0.608559 0.793656 0.000103809 0.0901964  0.813351  0.574767  
8.92424e-06 0.286992 0.957955 0.0638284  0.0932138  0.993615  
0.903917 0.302439 0.302542 0.0580508  0.992014  0.112066  
0.894161 0.447799 2.63718e-05 0.0644525  0.551074  0.832084  
0.940572 0.339638 8.54498e-05 0.0552933  0.877799  0.475869  
0.386148 0.623787 0.679685 0.0402816  0.171461  0.984399  
0.67991 0.0262772 0.732894 0.0364602  0.959143  0.280621  
1 9.64033e-05 2.60139e-05 0.030315  0.35202  0.935529  
0.730491 0.0284554 0.682406 0.0260347  0.739242  0.673044  
8.38341e-05 1 1.64153e-05 0.012921  0.0239095  0.999637  
7.85424e-05 0.4904 0.871505 0.00797899  0.999683  0.0239895  
0.341511 0.569779 0.747491 0.000998802  0.673241  0.739471  
0.338265 0.792109 0.508516 1  9.93669e-05  2.38166e-05  
0.528534 0.470261 0.706905 9.68735e-05  1  5.06348e-06  
2.76416e-05 0.83427 0.551416 5.70137e-05  5.96877e-05  1  
5.77217e-05 0.894237 0.447615 0.99852  0.0385662  0.0384959  
0.744631 0.573272 0.342179 0.993802  0.105565  0.0350268  
0.576839 0.513205 0.635602 0.988793  0.0470206  0.141775  
0.871635 0.490256 1.52793e-05 0.979213  0.200886  0.0286501  
0.32403 0.426441 0.844498 0.980605  0.100796  0.168189  
0.596042 0.597079 0.536961 0.975061  0.190436  0.114182  
0.517847 0.634343 0.574784 0.955525  0.0415803  0.291978  
4.96414e-05 0.359295 0.933259 0.940341  0.339552  0.0224791  
9.63556e-05 0.555207 0.83173 0.958023  0.175984  0.226394  
0.000139777 0.706955 0.707292 0.945677  0.29607  0.134392  
0.151652 0.988443 7.54947e-06 0.925665  0.0850528  0.368707  
0.393991 0.919196 6.30916e-06 0.91606  0.390826  0.0901133  
0.288706 9.41298e-05 0.95746 0.921095  0.161007  0.35452  
0.793372 0.608832 5.93624e-06 0.920726  0.308123  0.239653  
0.41326 0.257274 0.87356 0.860454  0.0333507  0.508516  
0.0354844 0.404622 0.913849 0.840216  0.542063  0.0172836  
0.70691 8.56701e-05 0.707318 0.895454  0.294529  0.333916  
0.847617 0.426239 0.316257 0.868887  0.461112  0.180166  
0.6335 0.518055 0.574764 0.846502  0.143487  0.512736  
0.679827 0.732038 0.0446289 0.820244  0.562527  0.104065  
0.73219 0.680027 0.0397831 0.846003  0.247364  0.4724  
6.2739e-05 0.758084 0.652221 0.842318  0.444929  0.30432  
5.70137e-05 5.96877e-05 1 0.763319  0.0664806  0.642611  
0.970438 3.86451e-05 0.241355 0.749556  0.658439  0.0680741  
0.318118 0.948121 1.36518e-05 0.808929  0.331945  0.485265  
0.37202 0.851999 0.368696 0.78878  0.544582  0.285301  
0.978911 0.200837 0.0379585 0.728793  0.124641  0.67336  
0.571591 0.745567 0.342858 0.734556  0.653487  0.18296  
0.453294 0.797328 0.398738 0.738335  0.245699  0.628169  
0.795077 8.11971e-05 0.606563 0.754072  0.492548  0.434498  
1 9.93669e-05 2.38166e-05 0.628591  0.0247755  0.777382  
0.774769 0.499872 0.387764 0.608452  0.793515  0.0124325  
9.68735e-05 1 5.06348e-06 0.716983  0.477282  0.508112  
0.894885 0.446493 7.44542e-06 0.668465  0.699554  0.252838  
0.388817 0.499945 0.774098 0.645585  0.223499  0.730347  
0.506342 7.59228e-05 0.862356 0.599948  0.789555  0.129135  
0.654921 0.755774 2.0483e-05 0.651227  0.371104  0.662035  
0.939463 0.342728 7.22651e-06 0.643416  0.644533  0.413089  
0.342392 0.57126 0.745952 0.547645  0.101977  0.830537  
5.76359e-05 0.861973 0.507054 0.522581  0.849618  0.071949  
0.756292 3.87791e-05 0.65426 0.607734  0.46816  0.64161  
0.432386 7.90631e-05 0.901697 0.577493  0.733652  0.358162  
0.594311 7.3424e-05 0.804244 0.516937  0.173661  0.8383  
0.447603 0.894321 2.08965e-05 0.514431  0.83104  0.211736  
0.832334 0.554359 1.07459e-05 0.529568  0.329831  0.781619  
0.68505 0.570991 0.452888 0.54377  0.646279  0.535533  
0.242824 0.97009 7.09608e-06 0.422048  0.0444031  0.905524  
0.023757 0.680369 0.732562 0.410043  0.910987  0.0446406  
0.706152 0.470105 0.529541 0.503763  0.551181  0.665236  
0.554878 0.832022 1.96216e-05 0.464114  0.816162  0.344618  
0.343761 0.692893 0.633875 0.424802  0.223409  0.877339  
0.471529 0.593661 0.652136 0.40293  0.896176  0.185891  
0.644327 0.645446 0.410246 0.432456  0.395694  0.810275  
5.86447e-05 0.793376 0.608748 0.435769  0.727067  0.530558  
9.69117e-05 0.980695 0.195586 0.339676  0.0787881  0.937304  
0.509513 0.731559 0.45322 0.337541  0.934332  0.114521  
0.880818 0.309698 0.358174 0.393957  0.496032  0.773803  
0.390618 0.731151 0.559526 0.376724  0.807911  0.453201  
0.883368 0.0419134 0.466825 0.313305  0.152913  0.93729  
0.864603 5.09575e-05 0.502516 0.32665  0.903777  0.276652  
0.195608 9.67926e-05 0.980748 0.322571  0.321908  0.890195  
0.784182 0.263327 0.562063 0.340046  0.685438  0.643903  
0.47009 0.705549 0.530422 0.242084  0.0150477  0.97016  
8.33191e-05 0.940584 0.339583 0.23129  0.972872  0.00752864  
0.000116673 0.289821 0.957093 0.304709  0.662823  0.684048  
0.505522 0.862858 2.85192e-05 0.266034  0.910651  0.31627  
0.925191 0.242578 0.291991 0.252641  0.294528  0.921692  
8.4648e-05 0.961253 0.27568 0.220767  0.964107  0.147655  
0.25705 0.87501 0.410606 0.251327  0.485781  0.837211  
0.913448 7.95579e-05 0.40697 0.242136  0.82465  0.511501  
0.302428 0.905047 0.299426 0.190556  0.128971  0.973214  
0.832235 9.75785e-05 0.554498 0.173954  0.981984  0.0742111  
0.357227 8.85546e-05 0.934058 0.214325  0.587774  0.780221  
0.645579 0.410851 0.643903 0.194128  0.887412  0.418207  
0.567791 0.332766 0.753026 0.16554  0.211005  0.963415  
0.802619 0.392827 0.449283 0.159022  0.959481  0.232785  
0.957002 0.290144 1.37827e-05 0.16382  0.395744  0.903709  
0.65475 7.9275e-05 0.755862 0.164577  0.769197  0.617484  
0.707053 0.70721 6.03996e-05 0.116842  0.0570797  0.991522  
0.555256 8.16771e-05 0.831769 0.108022  0.993346  0.0403478  
1.93057e-05 0.608736 0.793407 0.136331  0.643872  0.753026  
9.06643e-05 0.445583 0.895262 0.11739  0.919967  0.374052  
0.913533 0.40617 0.0239822 0.102533  0.256509  0.961134  
8.51291e-05 0.654921 0.755715 0.0908348  0.977231  0.191791  
8.00809e-05 0.193622 0.981106 0.0937135  0.44941  0.888497  
0.605978 0.795549 1.49575e-05 0.0903969  0.813343  0.574762  
0.941732 5.27781e-05 0.336372 0.0640472  0.0933483  0.993579  
0.04305 0.732162 0.679787 0.058255  0.992001  0.112057  
0.452111 0.397146 0.79869 0.0644355  0.551062  0.832084  
0.301 0.301564 0.904739 0.055412  0.877789  0.47586  
0.385956 0.623509 0.679963 0.0406471  0.171328  0.984399  
0.680015 0.0401299 0.732235 0.0365432  0.959067  0.280847  
0.756986 0.653507 6.36412e-06 0.0308639  0.351988  0.935529  
0.730253 0.0451293 0.681775 0.0257316  0.739207  0.673044  
0.477883 0.840481 0.255942 0.0133931  0.0235524  0.999637  
7.85424e-05 0.4904 0.871505 0.0078542  0.999682  0.0239915  
8.09714e-05 0.920094 0.391711 0.00250556  0.673223  0.739471  
0.338265 0.792109 0.508516 1  6.97465e-05  6.97198e-05  
0.528682 0.470348 0.706624 9.96965e-05  1  1.60552e-05  
2.76416e-05 0.83427 0.551416 7.07605e-05  5.19591e-05  1  
0.410223 0.876288 0.252833 0.998516  0.038475  0.0386038  
0.744631 0.573272 0.342179 0.993771  0.105772  0.0352024  
0.841885 0.261061 0.472398 0.988778  0.0472558  0.141792  
0.847196 0.425987 0.317637 0.979213  0.200894  0.0286374  
1 6.97465e-05 6.97198e-05 0.9806  0.100722  0.168206  
0.597697 0.596341 0.536001 0.975055  0.190422  0.114225  
0.517148 0.634331 0.574762 0.955525  0.0416392  0.291983  
0.00010268 0.920976 0.389673 0.940342  0.339552  0.0225743  
9.63556e-05 0.555207 0.83173 0.957985  0.176223  0.226424  
0.000139777 0.706955 0.707292 0.945677  0.296069  0.134393  
0.831907 0.554992 2.95032e-05 0.925636  0.084983  0.368759  
0.375154 0.848176 0.374049 0.91606  0.390823  0.090116  
0.288706 9.41298e-05 0.95746 0.921073  0.161049  0.354563  
0.793372 0.608832 5.93624e-06 0.920726  0.308109  0.239632  
0.413076 0.257217 0.873676 0.86048  0.0332355  0.508516  
0.330824 0.943747 1.1687e-05 0.840187  0.542051  0.0172784  
0.70691 8.56701e-05 0.707318 0.895434  0.294554  0.333912  
9.06661e-05 0.894511 0.447076 0.868887  0.461109  0.180168  
0.6335 0.518055 0.574764 0.846507  0.143524  0.512736  
0.679827 0.732038 0.0446289 0.820242  0.562527  0.10407  
0.73219 0.680027 0.0397831 0.846001  0.247337  0.472393  
9.15254e-05 0.756963 0.653475 0.842295  0.444901  0.304402  
0.753267 0.657798 1.34255e-05 0.763319  0.066475  0.642618  
0.970438 3.86451e-05 0.241355 0.749556  0.658439  0.0680832  
0.707046 0.707198 1.82132e-05 0.808929  0.331966  0.485265  
0.500579 0.865737 1.32007e-05 0.78878  0.544506  0.285293  
0.255343 0.41251 0.874457 0.728789  0.124604  0.67336  
0.571591 0.745567 0.342858 0.734534  0.653486  0.182958  
0.453294 0.797328 0.398738 0.738352  0.245698  0.628169  
0.901724 0.350743 0.252859 0.754072  0.492547  0.434523  
0.871567 0.490348 6.61965e-06 0.628563  0.0247504  0.777382  
0.77437 0.499574 0.388436 0.608454  0.793515  0.0124467  
0.152012 0.98843 2.08582e-05 0.716998  0.477307  0.508112  
0.894885 0.446493 7.44542e-06 0.668396  0.699542  0.252841  
0.388817 0.499945 0.774098 0.645555  0.223507  0.730294  
0.508858 6.28875e-05 0.860856 0.599948  0.789554  0.129163  
0.654921 0.755774 2.0483e-05 0.651148  0.371338  0.662008  
0.256815 0.87439 0.411891 0.643399  0.644528  0.413086  
0.342392 0.57126 0.745952 0.547655  0.101932  0.830537  
5.76359e-05 0.861973 0.507054 0.522589  0.84958  0.0719529  
0.755834 0.000100052 0.65477 0.607733  0.468033  0.64161  
0.645431 0.644484 0.410193 0.577475  0.733638  0.358242  
0.594311 7.3424e-05 0.804244 0.517023  0.17349  0.8383  
0.447603 0.894321 2.08965e-05 0.514429  0.831023  0.21174  
0.575155 0.511721 0.638307 0.529519  0.329949  0.781619  
0.68505 0.570991 0.452888 0.543752  0.64625  0.535526  
0.926453 0.376482 1.51231e-05 0.422033  0.0441382  0.905524  
0.0259315 0.680052 0.732715 0.410048  0.910987  0.0446287  
0.706381 0.470239 0.529137 0.503793  0.551182  0.665236  
0.554878 0.832022 1.96216e-05 0.464  0.816115  0.344552  
0.343521 0.692281 0.634694 0.424708  0.22349  0.877335  
0.471529 0.593661 0.652136 0.402972  0.896176  0.185922  
0.982712 0.185389 2.53444e-06 0.432898  0.395604  0.810055  
8.70018e-05 0.79481 0.606928 0.435776  0.727067  0.53056  
9.69117e-05 0.980695 0.195586 0.339554  0.0791371  0.937304  
0.509513 0.731559 0.45322 0.337614  0.934329  0.114515  
0.880768 0.304988 0.362409 0.393984  0.496032  0.773799  
0.392797 0.729676 0.559833 0.376763  0.807907  0.453203  
7.07605e-05 5.19591e-05 1 0.313616  0.153213  0.93716  
0.868718 7.44886e-05 0.495351 0.326718  0.903767  0.276601  
0.195608 9.67926e-05 0.980748 0.322694  0.321877  0.890195  
0.943601 5.46165e-05 0.331098 0.340071  0.685432  0.643891  
0.47009 0.705549 0.530422 0.242117  0.0143796  0.97016  
0.235773 0.943546 0.232809 0.231301  0.972872  0.00750413  
6.97756e-05 0.290534 0.956869 0.304789  0.662904  0.683951  
0.371289 0.37194 0.85078 0.265983  0.910644  0.316258  
0.925191 0.242578 0.291991 0.252608  0.294536  0.921692  
0.795022 9.34022e-05 0.606591 0.220793  0.964107  0.147649  
0.575732 0.328278 0.748916 0.251332  0.485785  0.837211  
0.913448 7.95579e-05 0.40697 0.242218  0.824576  0.511469  
0.302428 0.905047 0.299426 0.190566  0.128869  0.973212  
0.832235 9.75785e-05 0.554498 0.173995  0.981952  0.0742138  
0.360454 6.03076e-05 0.932796 0.214277  0.587764  0.780221  
0.73443 0.0212166 0.67847 0.194154  0.887386  0.418172  
0.449168 5.24106e-05 0.893463 0.165613  0.210983  0.963396  
0.802619 0.392827 0.449283 0.158874  0.959477  0.232798  
0.957002 0.290144 1.37827e-05 0.163516  0.395877  0.903664  
0.65475 7.9275e-05 0.755862 0.164609  0.769197  0.617479  
0.448208 0.393719 0.802563 0.116773  0.0571659  0.991522  
0.555256 8.16771e-05 0.831769 0.108089  0.993335  0.0403436  
9.89046e-05 0.60628 0.795255 0.135949  0.643868  0.753014  
9.06643e-05 0.445583 0.895262 0.117608  0.919951  0.374049  
8.07656e-05 0.349123 0.937084 0.102074  0.256861  0.961098  
8.51291e-05 0.654921 0.755715 0.0908392  0.977231  0.191792  
8.00809e-05 0.193622 0.981106 0.0945108  0.44928  0.888497  
0.613725 0.789569 6.29298e-06 0.0902942  0.813345  0.574762  
0.742937 0.343291 0.574762 0.0640773  0.0933526  0.993579  
0.04305 0.732162 0.679787 0.0582783  0.992001  0.112057  
9.96965e-05 1 1.60552e-05 0.0643085  0.551053  0.832078  
0.388613 0.921486 5.51954e-06 0.0555334  0.877773  0.47586  
0.385956 0.623509 0.679963 0.0401467  0.171516  0.984399  
0.680015 0.0401299 0.732235 0.0364967  0.959067  0.280851  
2.65055e-05 0.957957 0.286916 0.0298211  0.352063  0.935529  
0.647775 0.407381 0.643891 0.0259892  0.7392  0.673007  
0.301477 0.30077 0.904912 0.0128951  0.0239257  0.999633  
5.98498e-05 0.507179 0.861865 0.007945  0.999682  0.0239809  
0.243582 0.969962 9.50562e-06 6.86099e-05  0.673246  0.739471  
