18.9093 13.8986 18.9093  13.8986  
15.7522 19.2637 15.7522  19.2637  
8.62034 8.18998 8.62034  8.18998  
14.5091 14.5851 14.5091  14.5851  
23.2372 21.0061 23.2372  21.0061  
15.5895 23.3787 15.5895  23.3787  
27.6213 17.3747 27.6213  17.3747  
13.951 11.3425 13.951  11.3425  
18.9877 19.7409 18.9877  19.7409  
11.0314 10.398 11.0314  10.398  
11.2497 15.2321 11.2497  15.2321  
9.45914 8.22264 9.45914  8.22264  
9.86134 17.5925 9.86134  17.5925  
14.8547 10.4362 14.8547  10.4362  
12.2212 14.4971 12.2212  14.4971  
15.2266 13.9836 15.2266  13.9836  
20.7397 15.678 20.7397  15.678  
13.1313 13.7185 13.1313  13.7185  
7.89826 7.49719 7.89826  7.49719  
9.01784 10.4858 9.01784  10.4858  
17.5293 15.9985 17.5293  15.9985  
23.9732 27.5592 23.9732  27.5592  
9.60593 10.3051 9.60593  10.3051  
22.167 11.9467 22.167  11.9467  
6.66224 8.72088 6.66224  8.72088  
18.3786 23.3996 18.3786  23.3996  
11.6113 15.2232 11.6113  15.2232  
18.1509 16.3229 18.1509  16.3229  
14.4344 16.0728 14.4344  16.0728  
8.14894 8.68283 8.14894  8.68283  
15.8329 15.2664 15.8329  15.2664  
28.6388 15.2684 28.6388  15.2684  
18.2965 12.932 18.2965  12.932  
8.80866 6.93456 8.80866  6.93456  
11.5082 11.9634 11.5082  11.9634  
7.46476 6.13147 7.46476  6.13147  
20.9583 10.3773 20.9583  10.3773  
10.9068 15.8693 10.9068  15.8693  
17.7728 14.8893 17.7728  14.8893  
17.2632 24.2248 17.2632  24.2248  
9.1959 7.70956 9.1959  7.70956  
13.0939 16.0584 13.0939  16.0584  
17.4797 13.1753 17.4797  13.1753  
7.68198 7.60486 7.68198  7.60486  
7.83911 9.48239 7.83911  9.48239  
8.13114 9.39111 8.13114  9.39111  
20.7534 14.3524 20.7534  14.3524  
10.8177 8.42609 10.8177  8.42609  
16.6319 8.40698 16.6319  8.40698  
18.391 13.4775 18.391  13.4775  
11.1632 23.0579 11.1632  23.0579  
11.0947 6.83851 11.0947  6.83851  
8.78566 9.12891 8.78566  9.12891  
9.05795 12.7965 9.05795  12.7965  
27.9642 18.3057 27.9642  18.3057  
11.9314 9.70305 11.9314  9.70305  
22.6938 18.934 22.6938  18.934  
10.3948 6.59103 10.3948  6.59103  
34.7732 13.92 34.7732  13.92  
9.98015 7.55713 9.98015  7.55713  
15.2417 12.5405 15.2417  12.5405  
9.07757 7.0263 9.07757  7.0263  
17.5633 23.2726 17.5633  23.2726  
17.744 18.5863 17.744  18.5863  
28.868 19.1076 28.868  19.1076  
15.7981 13.4341 15.7981  13.4341  
10.5139 9.94683 10.5139  9.94683  
10.4485 11.7139 10.4485  11.7139  
22.9802 23.2623 22.9802  23.2623  
9.97082 10.5661 9.97082  10.5661  
14.7096 9.55391 14.7096  9.55391  
15.0637 15.5684 15.0637  15.5684  
10.6722 17.0133 10.6722  17.0133  
12.9582 8.15936 12.9582  8.15936  
15.4661 10.238 15.4661  10.238  
17.7204 19.1853 17.7204  19.1853  
11.4779 8.85621 11.4779  8.85621  
9.82462 7.22378 9.82462  7.22378  
11.4059 8.84713 11.4059  8.84713  
8.85957 6.75248 8.85957  6.75248  
22.9521 29.334 22.9521  29.334  
17.143 23.1683 17.143  23.1683  
11.7559 8.27362 11.7559  8.27362  
9.93939 7.94845 9.93939  7.94845  
26.1467 19.1406 26.1467  19.1406  
24.8563 16.4926 24.8563  16.4926  
12.8735 14.8468 12.8735  14.8468  
9.9883 10.2227 9.9883  10.2227  
8.61071 6.78334 8.61071  6.78334  
22.4057 19.5919 22.4057  19.5919  
8.7061 7.65528 8.7061  7.65528  
26.0416 17.9953 26.0416  17.9953  
19.2757 18.1454 19.2757  18.1454  
17.4161 15.7199 17.4161  15.7199  
7.29723 8.91665 7.29723  8.91665  
27.3598 18.0913 27.3598  18.0913  
11.6991 11.1156 11.6991  11.1156  
16.5002 22.9989 16.5002  22.9989  
25.8231 15.205 25.8231  15.205  
9.81535 9.64718 9.81535  9.64718  
0.383731 0.445026 9.85226  11.9653  
1.00005 0.0748075 8.13452  16.356  
0.381289 0.632595 9.93805  5.49401  
0.588468 0.432052 1.00005  0.0748075  
1.20435 0.0660892 8.40375  4.83389  
0.387913 0.442638 9.27975  6.90038  
0.998693 0.289645 14.3959  6.44397  
0.586543 0.435439 13.8558  5.57258  
9.85226 11.9653 13.3534  5.42778  
0.375528 0.645419 10.6512  5.40886  
0.366871 0.740958 11.5192  5.14728  
1.48375 0.0748178 16.2282  5.12065  
1.20477 0.0880934 12.1484  4.98784  
0.585346 0.444812 10.8571  4.62656  
0.985964 0.378629 13.8178  4.55633  
11.1755 7.71584 19.178  4.50302  
20.7397 15.678 11.8926  4.38778  
13.1313 13.7185 12.1392  4.36489  
7.89826 7.49719 14.4737  2.91664  
9.01784 10.4858 11.991  4.33064  
17.5293 15.9985 15.294  3.62894  
23.9732 27.5592 15.1334  3.67507  
9.60593 10.3051 14.6075  3.81821  
22.167 11.9467 11.9318  4.2705  
6.66224 8.72088 12.776  4.16741  
18.3786 23.3996 9.34589  2.8984  
11.6113 15.2232 11.6924  3.74818  
18.1509 16.3229 11.7221  3.89657  
14.4344 16.0728 8.24303  3.00451  
8.14894 8.68283 10.5589  4.01045  
15.8329 15.2664 10.672  4.12068  
28.6388 15.2684 10.3154  4.5987  
18.2965 12.932 10.1032  4.57385  
8.80866 6.93456 9.86467  4.60402  
11.5082 11.9634 6.91885  3.26569  
7.46476 6.13147 9.78001  4.81496  
20.9583 10.3773 10.5931  4.74312  
10.9068 15.8693 8.65708  4.78645  
17.7728 14.8893 10.2265  5.93096  
17.2632 24.2248 9.86245  5.93426  
9.1959 7.70956 8.84225  6.37794  
13.0939 16.0584 7.6272  4.98048  
17.4797 13.1753 9.10296  6.17709  
7.68198 7.60486 8.15424  5.78941  
7.83911 9.48239 6.84733  5.04604  
8.13114 9.39111 6.13805  4.65027  
20.7534 14.3524 8.24679  6.79889  
10.8177 8.42609 6.10733  5.07834  
16.6319 8.40698 5.65655  4.90212  
18.391 13.4775 6.47927  5.81693  
11.1632 23.0579 6.89616  6.38094  
11.0947 6.83851 7.61311  7.51655  
8.78566 9.12891 7.78317  7.69174  
9.05795 12.7965 6.74638  7.1269  
27.9642 18.3057 4.97705  5.40703  
11.9314 9.70305 6.63561  7.58437  
22.6938 18.934 6.5825  7.98627  
10.3948 6.59103 5.8449  7.21976  
34.7732 13.92 5.4789  7.00348  
9.98015 7.55713 5.75897  7.65533  
15.2417 12.5405 5.85568  7.92547  
9.07757 7.0263 5.87678  8.29124  
17.5633 23.2726 5.10877  7.72013  
17.744 18.5863 4.6825  7.40192  
28.868 19.1076 5.52007  9.09908  
15.7981 13.4341 5.08067  8.70204  
10.5139 9.94683 5.38496  9.78262  
10.4485 11.7139 5.7426  10.9137  
22.9802 23.2623 5.82012  10.2059  
9.97082 10.5661 6.04295  12.1353  
14.7096 9.55391 5.10981  10.967  
15.0637 15.5684 3.75073  8.37064  
10.6722 17.0133 3.36067  7.82721  
12.9582 8.15936 4.28084  10.5403  
15.4661 10.238 4.37387  11.5522  
17.7204 19.1853 4.11759  11.4148  
11.4779 8.85621 2.5012  6.81727  
9.82462 7.22378 4.30438  12.9075  
11.4059 8.84713 3.77879  12.2969  
8.85957 6.75248 3.63999  12.5003  
22.9521 29.334 4.31436  15.6519  
17.143 23.1683 3.82164  16.1362  
11.7559 8.27362 3.38507  13.9878  
9.93939 7.94845 3.98269  17.5195  
26.1467 19.1406 4.22828  16.8051  
24.8563 16.4926 4.42493  14.0521  
12.8735 14.8468 5.36861  21.0482  
9.9883 10.2227 5.94475  13.7328  
8.61071 6.78334 6.08122  10.9789  
22.4057 19.5919 6.1073  18.8172  
8.7061 7.65528 6.16077  13.7407  
26.0416 17.9953 6.3221  11.2889  
19.2757 18.1454 7.53369  9.29907  
17.4161 15.7199 7.78068  8.93057  
7.29723 8.91665 0.387913  0.442638  
27.3598 18.0913 8.33842  8.5375  
11.6991 11.1156 8.80108  21.3365  
16.5002 22.9989 15.704  17.4454  
25.8231 15.205 5.02251  9.87524  
9.81535 9.64718 24.2842  20.8345  
0.363856 0.422067 13.1381  3.00235  
0.985335 0.0365919 6.2082  4.93841  
0.36144 0.622297 7.37029  4.40067  
0.979999 0.248084 0.985335  0.0365919  
1.19755 0.0352653 9.24221  4.91801  
2.1407 0.0297083 7.94015  4.76854  
0.258619 0.872687 9.53306  4.5128  
0.525514 0.420427 13.6225  3.86127  
0.658794 0.420303 10.0037  3.80284  
0.978879 0.275675 10.3239  3.6425  
0.362482 0.622183 10.6192  3.34572  
0.358612 0.622893 11.6385  3.20374  
0.984995 0.232458 10.6565  3.15565  
6.2082 5.53366 10.3635  3.03174  
0.985964 0.378629 10.1829  2.87189  
0.632537 0.429371 12.2996  2.78164  
9.70694 7.92506 13.3453  2.21846  
13.1313 13.7185 9.58904  1.80316  
7.89826 7.49719 7.87295  1.57261  
9.01784 10.4858 8.35211  1.74629  
17.5293 15.9985 10.5329  2.41002  
23.9732 27.5592 7.56033  1.83675  
9.60593 10.3051 6.65297  1.74058  
22.167 11.9467 8.20008  2.2544  
6.66224 8.72088 9.23641  2.55539  
18.3786 23.3996 7.75702  2.39857  
11.6113 15.2232 7.51874  2.4164  
18.1509 16.3229 8.15314  2.80187  
14.4344 16.0728 7.5426  2.71037  
8.14894 8.68283 7.43769  2.82927  
15.8329 15.2664 8.99201  3.84  
28.6388 15.2684 5.64479  2.33974  
18.2965 12.932 2.1994  0.912524  
8.80866 6.93456 7.48169  3.43968  
11.5082 11.9634 7.59428  3.4212  
7.46476 6.13147 6.37327  3.16875  
20.9583 10.3773 7.39963  3.73376  
10.9068 15.8693 6.60233  3.658  
17.7728 14.8893 6.75476  4.37957  
17.2632 24.2248 6.98852  4.17587  
9.1959 7.70956 6.72076  4.23564  
13.0939 16.0584 4.23974  2.70817  
17.4797 13.1753 6.49453  4.40109  
7.68198 7.60486 4.88457  3.42894  
7.83911 9.48239 5.87549  4.22817  
8.13114 9.39111 7.58973  4.67754  
20.7534 14.3524 5.01942  4.02271  
10.8177 8.42609 4.623  3.80417  
16.6319 8.40698 6.08186  5.57567  
18.391 13.4775 5.84902  5.32719  
11.1632 23.0579 5.87675  5.46799  
11.0947 6.83851 5.50299  5.57597  
8.78566 9.12891 5.11198  5.21414  
9.05795 12.7965 4.81185  5.06286  
27.9642 18.3057 4.7945  5.26739  
11.9314 9.70305 5.29407  6.05933  
22.6938 18.934 5.37998  6.26871  
10.3948 6.59103 4.02294  4.90561  
34.7732 13.92 5.2757  6.89635  
9.98015 7.55713 4.90335  6.98162  
15.2417 12.5405 3.90366  5.43475  
9.07757 7.0263 4.52723  6.6717  
17.5633 23.2726 4.09512  6.18202  
17.744 18.5863 4.1939  6.67795  
28.868 19.1076 4.03431  6.61881  
15.7981 13.4341 4.07363  7.11571  
10.5139 9.94683 3.60221  6.44225  
10.4485 11.7139 3.9682  7.44949  
22.9802 23.2623 3.2703  6.44047  
9.97082 10.5661 3.55408  7.55357  
14.7096 9.55391 3.53792  7.68367  
15.0637 15.5684 3.26228  7.30154  
10.6722 17.0133 3.46176  8.23026  
12.9582 8.15936 2.80073  6.97441  
15.4661 10.238 3.57058  8.78909  
17.7204 19.1853 3.04141  8.82521  
11.4779 8.85621 2.53956  7.24753  
9.82462 7.22378 1.73104  4.97048  
11.4059 8.84713 0.364114  0.422067  
8.85957 6.75248 2.08076  6.96331  
22.9521 29.334 0.492654  1.02236  
17.143 23.1683 2.00445  7.48607  
11.7559 8.27362 2.28832  9.6478  
9.93939 7.94845 1.91866  8.26367  
26.1467 19.1406 2.14141  10.0438  
24.8563 16.4926 1.84032  9.22248  
12.8735 14.8468 1.73027  9.3437  
9.9883 10.2227 1.83682  10.3353  
8.61071 6.78334 1.72125  11.8577  
22.4057 19.5919 1.78089  12.5894  
8.7061 7.65528 1.06355  7.48741  
26.0416 17.9953 2.84268  13.2216  
19.2757 18.1454 2.97682  11.1189  
17.4161 15.7199 3.23623  11.6616  
7.29723 8.91665 3.55269  9.9355  
27.3598 18.0913 3.71904  10.7193  
11.6991 11.1156 4.08961  9.11193  
16.5002 22.9989 4.15217  15.0782  
25.8231 15.205 5.50106  8.83017  
9.81535 9.64718 10.5169  20.5072  
0.363856 0.422067 12.4061  2.31601  
0.0794575 0.831637 1.39301  14.5245  
0.21704 0.602563 0.967909  0.0320624  
3.41663 0.0285656 7.58353  1.67852  
0.967909 0.0320624 12.7403  1.34098  
0.0659482 2.68212 15.0142  1.33638  
0.364763 0.420263 8.53042  0.347375  
0.0794509 1.05716 12.3346  1.29728  
0.0772841 1.40478 13.3458  1.26667  
1.17519 0.0317662 9.88445  0.752698  
12.4061 4.17534 1.30262  0.139386  
0.973561 0.314429 5.49258  0.624799  
0.61769 0.41805 4.38079  0.510793  
0.140929 1.03753 3.75173  0.515414  
0.971216 0.411813 3.60101  0.537977  
0.080946 1.25708 6.66347  1.05043  
0.365534 0.418148 3.75707  0.660119  
0.241225 0.825658 3.77367  0.698828  
13.2307 3.35585 7.15219  1.67601  
9.01784 10.4858 2.16649  0.465675  
17.5293 15.9985 6.65131  1.45954  
23.9732 27.5592 4.69693  1.16387  
9.60593 10.3051 3.80373  1.01232  
22.167 11.9467 3.97165  1.11187  
6.66224 8.72088 3.64659  1.09296  
18.3786 23.3996 4.02425  1.17652  
11.6113 15.2232 3.34119  1.09303  
18.1509 16.3229 6.43361  2.22206  
14.4344 16.0728 2.9477  1.07747  
8.14894 8.68283 7.1911  2.7924  
15.8329 15.2664 3.23667  1.32306  
28.6388 15.2684 1.05304  0.444023  
18.2965 12.932 3.65481  1.49639  
8.80866 6.93456 3.86446  1.77758  
11.5082 11.9634 3.31  1.64511  
7.46476 6.13147 6.5797  3.11344  
20.9583 10.3773 5.14155  2.87579  
10.9068 15.8693 4.27351  2.38959  
17.7728 14.8893 4.71824  2.71902  
17.2632 24.2248 3.35864  2.05881  
9.1959 7.70956 3.30748  2.09635  
13.0939 16.0584 5.24786  3.71502  
17.4797 13.1753 2.53977  1.78142  
7.68198 7.60486 4.64222  3.47925  
7.83911 9.48239 1.96493  1.4489  
8.13114 9.39111 3.97568  3.14494  
20.7534 14.3524 3.40315  2.80122  
10.8177 8.42609 3.85385  3.26863  
16.6319 8.40698 3.351  2.97612  
18.391 13.4775 2.34967  2.15042  
11.1632 23.0579 2.73935  2.57915  
11.0947 6.83851 3.08877  3.41088  
8.78566 9.12891 2.62494  2.79623  
9.05795 12.7965 2.43095  2.64551  
27.9642 18.3057 2.70544  3.05466  
11.9314 9.70305 3.01445  3.59779  
22.6938 18.934 2.4132  2.9705  
10.3948 6.59103 0.364763  0.420263  
34.7732 13.92 2.11376  3.12292  
9.98015 7.55713 2.01776  2.82504  
15.2417 12.5405 1.79121  2.68071  
9.07757 7.0263 1.46832  2.21459  
17.5633 23.2726 1.90344  2.8584  
17.744 18.5863 1.43895  2.38654  
28.868 19.1076 1.7459  3.15959  
15.7981 13.4341 1.65646  2.98931  
10.5139 9.94683 2.2413  4.16567  
10.4485 11.7139 0.787699  1.49639  
22.9802 23.2623 2.37663  4.9279  
9.97082 10.5661 1.30206  2.78325  
14.7096 9.55391 1.63686  5.94495  
15.0637 15.5684 1.59929  3.90101  
10.6722 17.0133 1.12719  2.76578  
12.9582 8.15936 1.64696  4.38494  
15.4661 10.238 1.77159  4.92508  
17.7204 19.1853 1.05584  2.98628  
11.4779 8.85621 1.09957  5.09516  
9.82462 7.22378 1.2782  4.10889  
11.4059 8.84713 1.11189  4.2178  
8.85957 6.75248 0.21704  0.602563  
22.9521 29.334 1.08282  4.10928  
17.143 23.1683 1.04129  4.24383  
11.7559 8.27362 0.960658  4.22936  
9.93939 7.94845 0.925744  4.74456  
26.1467 19.1406 0.825542  4.32734  
24.8563 16.4926 1.12611  6.75524  
12.8735 14.8468 0.825542  4.847  
9.9883 10.2227 1.59929  7.19334  
8.61071 6.78334 0.987193  7.16035  
22.4057 19.5919 0.925744  7.76926  
8.7061 7.65528 0.906282  7.8377  
26.0416 17.9953 1.10597  10.6428  
19.2757 18.1454 0.75854  8.40879  
17.4161 15.7199 1.13316  11.8117  
7.29723 8.91665 0.688063  11.8847  
27.3598 18.0913 1.31454  16.4076  
11.6991 11.1156 0.207398  4.94381  
16.5002 22.9989 0.0794575  0.831637  
25.8231 15.205 1.33317  18.3225  
9.81535 9.64718 1.34563  10.8908  
0.0479162 0.801645 2.64922  0.0220863  
0.201549 0.584859 0.0445653  9.83208  
0.206291 0.553772 0.966262  0.0220863  
0.19795 0.586577 2.02011  0.0295022  
0.0449921 0.928677 2.00639  0.0672745  
0.739732 0.163968 2.05336  0.0511105  
0.214227 0.552371 2.05909  0.104969  
0.0434704 1.272 1.02482  0.0691686  
1.36531 0.0208117 1.82571  0.139869  
0.730303 0.186628 1.7799  0.163556  
0.196021 0.788108 1.71855  0.17713  
0.263681 0.551641 1.70888  0.192329  
0.730936 0.165721 1.76117  0.165932  
0.366522 0.415631 1.79215  0.205698  
0.197803 0.589966 0.821737  0.125613  
3.10499 0.0196314 1.71068  0.260688  
0.209114 0.552544 1.74891  0.263712  
0.867076 0.125407 1.67495  0.320441  
0.966262 0.0220863 1.67117  0.327025  
0.821737 0.125613 0.730936  0.167266  
0.576328 0.415544 1.67863  0.324943  
0.353409 0.417107 1.46274  0.417107  
0.20517 0.554655 1.41708  0.417107  
0.360879 0.417088 0.868677  0.253649  
0.0508781 0.800843 1.38642  0.421954  
2.64922 0.449256 1.34485  0.424706  
0.825032 0.128335 1.36345  0.435367  
0.610864 0.320441 1.38467  0.472773  
4.90114 0.0220863 1.40875  0.52336  
3.97055 1.6476 1.37939  0.557402  
15.8329 15.2664 1.31233  0.554218  
28.6388 15.2684 0.877522  0.368219  
18.2965 12.932 1.26573  0.565254  
8.80866 6.93456 1.1842  0.565632  
11.5082 11.9634 1.18329  0.584859  
7.46476 6.13147 1.21186  0.58689  
20.9583 10.3773 0.610864  0.320441  
10.9068 15.8693 1.21936  0.584859  
17.7728 14.8893 1.22112  0.584859  
17.2632 24.2248 1.24278  0.753926  
9.1959 7.70956 1.21945  0.774039  
13.0939 16.0584 1.19158  0.800732  
17.4797 13.1753 1.13022  0.800843  
7.68198 7.60486 1.10801  0.801395  
7.83911 9.48239 1.07312  0.805118  
8.13114 9.39111 1.04518  0.800843  
20.7534 14.3524 1.10501  0.851765  
10.8177 8.42609 1.03904  0.895411  
16.6319 8.40698 1.13566  0.936464  
18.391 13.4775 1.08849  1.02878  
11.1632 23.0579 1.06086  1.02895  
11.0947 6.83851 1.03557  1.07162  
8.78566 9.12891 0.966356  1.01811  
9.05795 12.7965 0.969943  1.09188  
27.9642 18.3057 0.966356  1.07901  
11.9314 9.70305 0.966262  1.0902  
22.6938 18.934 0.867829  1.15749  
10.3948 6.59103 0.353409  0.421983  
34.7732 13.92 0.821737  1.12882  
9.98015 7.55713 0.821737  1.1149  
15.2417 12.5405 0.82055  1.16415  
9.07757 7.0263 0.821874  1.21672  
17.5633 23.2726 0.736586  1.22268  
17.744 18.5863 0.739523  1.18527  
28.868 19.1076 0.736281  1.22967  
15.7981 13.4341 0.736792  1.2902  
10.5139 9.94683 0.586714  1.07195  
10.4485 11.7139 0.730936  1.40008  
22.9802 23.2623 0.610864  1.41512  
9.97082 10.5661 0.464247  0.978468  
14.7096 9.55391 0.312493  0.642998  
15.0637 15.5684 0.610864  1.39467  
10.6722 17.0133 0.58323  1.45102  
12.9582 8.15936 0.556943  1.50856  
15.4661 10.238 0.534194  1.42555  
17.7204 19.1853 0.426127  1.5288  
11.4779 8.85621 0.476837  1.47544  
9.82462 7.22378 0.20517  0.558282  
11.4059 8.84713 0.201549  0.584859  
8.85957 6.75248 0.425285  1.49032  
22.9521 29.334 0.383377  1.4413  
17.143 23.1683 0.38187  1.48566  
11.7559 8.27362 0.309433  1.242  
9.93939 7.94845 0.292994  1.24652  
26.1467 19.1406 0.252279  1.1701  
24.8563 16.4926 0.268751  1.28941  
12.8735 14.8468 0.209835  1.62022  
9.9883 10.2227 0.256329  1.60024  
8.61071 6.78334 0.24225  1.61323  
22.4057 19.5919 0.20517  1.56496  
8.7061 7.65528 0.205167  1.54163  
26.0416 17.9953 0.199048  1.65447  
19.2757 18.1454 0.191586  1.86922  
17.4161 15.7199 0.167542  1.82337  
7.29723 8.91665 0.129407  1.85326  
27.3598 18.0913 0.0897745  1.02895  
11.6991 11.1156 0.0536001  1.85377  
16.5002 22.9989 0.0706823  1.83299  
25.8231 15.205 0.0514974  0.800843  
9.81535 9.64718 0.0481153  1.83181  
0.0479162 0.801645 0.965283  0.0186912  
0.4166 0.389173 0.00900687  2.38035  
0.0112319 1.55212 0.965283  0.0186912  
0.193863 0.57986 0.965283  0.0186912  
0.0449921 0.928677 0.965283  0.0186912  
0.0291001 1.01741 0.965283  0.0186912  
0.34634 0.420521 0.965283  0.0186912  
0.0231962 1.20477 0.965283  0.0186912  
0.0294518 1.01616 0.965283  0.0186912  
0.15496 0.626216 0.965283  0.0186912  
0.148909 0.689089 0.965283  0.0186912  
0.204616 0.550647 0.965283  0.0186912  
0.381516 0.405349 0.814313  0.125222  
0.366522 0.415631 0.814313  0.125222  
0.194834 0.579485 0.814313  0.125222  
0.00913382 1.97532 0.814313  0.125222  
0.0462487 0.803561 0.814313  0.125222  
0.836174 0.121717 0.814313  0.125222  
0.0775537 0.798457 0.72388  0.173875  
0.020812 1.21351 0.72388  0.173875  
0.536549 0.283884 0.72388  0.173875  
0.353409 0.417107 0.676851  0.194638  
0.397636 0.394892 0.676851  0.194638  
0.360879 0.417088 0.676851  0.194638  
0.965283 0.0186912 0.676851  0.194638  
0.607837 0.276464 0.676851  0.194638  
0.345743 0.429124 0.676851  0.194638  
0.676851 0.193162 0.676851  0.194638  
0.726971 0.163038 0.676851  0.194638  
0.396493 0.400128 0.676851  0.194638  
0.535135 0.288826 0.533114  0.29075  
0.0514611 0.798816 0.533114  0.29075  
0.352561 0.418404 0.533114  0.29075  
0.533114 0.29075 0.533114  0.29075  
0.396967 0.396675 0.533114  0.29075  
0.154737 0.626444 0.533114  0.29075  
0.745556 0.162833 0.533114  0.29075  
0.398265 0.3923 0.533114  0.29075  
0.204316 0.556903 0.533114  0.29075  
0.0548496 0.798493 0.533114  0.29075  
0.820769 0.124979 0.533114  0.29075  
0.264479 0.546698 0.533114  0.29075  
0.393012 0.401616 0.533114  0.29075  
0.72388 0.169366 0.396967  0.39804  
1.16562 0.0186912 0.396967  0.39804  
1.40209 0.219393 0.396967  0.39804  
0.531914 0.312767 0.396967  0.39804  
1.7918 0.221039 0.396967  0.39804  
0.345947 0.423803 0.396967  0.39804  
0.0205161 1.59667 0.396967  0.39804  
0.0226508 1.27809 0.396967  0.39804  
0.387639 0.404444 0.387434  0.404444  
1.65949 0.0186912 0.387434  0.404444  
0.814313 0.125222 0.345947  0.423803  
1.17016 1.12269 0.345947  0.423803  
11.9314 9.70305 0.345947  0.423803  
22.6938 18.934 0.345947  0.423803  
10.3948 6.59103 0.345947  0.423803  
34.7732 13.92 0.345947  0.423803  
9.98015 7.55713 0.345947  0.423803  
15.2417 12.5405 0.345947  0.423803  
9.07757 7.0263 0.345947  0.423803  
17.5633 23.2726 0.264479  0.546698  
17.744 18.5863 0.264479  0.546698  
28.868 19.1076 0.264479  0.546698  
15.7981 13.4341 0.264479  0.546698  
10.5139 9.94683 0.264479  0.546698  
10.4485 11.7139 0.264479  0.546698  
22.9802 23.2623 0.204616  0.550647  
9.97082 10.5661 0.204616  0.550647  
14.7096 9.55391 0.204616  0.550647  
15.0637 15.5684 0.204616  0.550647  
10.6722 17.0133 0.204616  0.550647  
12.9582 8.15936 0.204616  0.550647  
15.4661 10.238 0.204616  0.550647  
17.7204 19.1853 0.194834  0.579485  
11.4779 8.85621 0.194834  0.579485  
9.82462 7.22378 0.155733  0.626216  
11.4059 8.84713 0.155733  0.626216  
8.85957 6.75248 0.155733  0.626216  
22.9521 29.334 0.155733  0.626216  
17.143 23.1683 0.155733  0.626216  
11.7559 8.27362 0.155733  0.626216  
9.93939 7.94845 0.155733  0.626216  
26.1467 19.1406 0.155733  0.768809  
24.8563 16.4926 0.0462487  0.803561  
12.8735 14.8468 0.0462487  0.803561  
9.9883 10.2227 0.0462487  0.803561  
8.61071 6.78334 0.0462487  0.803561  
22.4057 19.5919 0.0462487  0.803561  
8.7061 7.65528 0.0462487  0.803561  
26.0416 17.9953 0.0462487  0.803561  
19.2757 18.1454 0.0462487  0.803561  
17.4161 15.7199 0.0462487  0.803561  
7.29723 8.91665 0.0462487  0.803561  
27.3598 18.0913 0.0462487  0.803561  
11.6991 11.1156 0.0331924  1.01616  
16.5002 22.9989 0.0331924  1.01616  
25.8231 15.205 0.020812  1.21351  
9.81535 9.64718 0.0112319  1.55212  
0.00298482 1.02096 0.965737  0.0183465  
0.00593783 1.01574 0.0010421  1.2493  
0.144027 0.657704 0.964228  0.0209906  
0.009993 1.00212 0.964198  0.0330461  
0.187415 0.615512 0.964198  0.0414446  
0.0419752 0.832118 0.964198  0.0414446  
0.147426 0.624613 0.964198  0.0414446  
0.205665 0.550088 0.964198  0.0414446  
0.530348 0.274201 0.964198  0.0414446  
0.146486 0.639441 0.964198  0.0414446  
0.0434641 0.797961 0.964198  0.0414446  
0.144011 0.698569 0.816631  0.112978  
0.0464444 0.797918 0.816631  0.112978  
0.044979 0.797918 0.80568  0.124564  
0.0422435 0.823177 0.805259  0.128375  
0.390336 0.384008 0.805259  0.146766  
0.191184 0.60847 0.760965  0.15195  
0.220626 0.539212 0.726329  0.154744  
0.528355 0.275259 0.722516  0.164016  
0.667839 0.190768 0.722516  0.173983  
0.224989 0.538798 0.722502  0.179543  
0.344228 0.426391 0.676426  0.187618  
0.202742 0.551756 0.667142  0.193363  
0.964228 0.0209906 0.667024  0.20522  
0.380852 0.392347 0.667023  0.215178  
0.726329 0.154744 0.667023  0.21791  
0.352651 0.413953 0.667023  0.21791  
0.52736 0.312688 0.667023  0.21791  
0.964198 0.0330461 0.667023  0.262298  
0.192661 0.582793 0.533199  0.274201  
0.667142 0.193363 0.533199  0.274201  
0.527881 0.280746 0.533199  0.274201  
0.66704 0.200106 0.533199  0.274201  
0.667024 0.203148 0.533199  0.274201  
0.202785 0.550295 0.528017  0.278785  
0.192021 0.584767 0.527384  0.291054  
0.528017 0.275991 0.527384  0.291054  
0.34478 0.41433 0.52736  0.316003  
0.191932 0.588381 0.52736  0.325498  
0.202667 0.562412 0.52736  0.325498  
0.527973 0.280205 0.52736  0.325498  
0.202735 0.556997 0.52736  0.325498  
0.722516 0.161588 0.394197  0.376693  
0.816631 0.112978 0.394197  0.376693  
0.805259 0.128375 0.394197  0.376693  
0.527384 0.286341 0.394197  0.376693  
0.964239 0.0196411 0.394197  0.376693  
0.394197 0.376693 0.394197  0.376693  
0.390351 0.380513 0.394197  0.376693  
0.722502 0.179543 0.390336  0.384008  
0.1942 0.580709 0.382229  0.392347  
0.73333 0.153618 0.380852  0.399643  
0.391457 0.37754 0.352651  0.413953  
0.667023 0.214431 0.352651  0.413953  
0.805561 0.127886 0.34478  0.41433  
0.674243 0.187618 0.344228  0.428841  
0.194834 0.57889 0.344228  0.428841  
0.0010421 1.2493 0.344228  0.459422  
0.758232 0.15195 0.344228  0.459422  
0.346275 0.414013 0.344228  0.459422  
0.722565 0.159303 0.344228  0.459422  
0.667193 0.192566 0.224989  0.538798  
1.21514 0.0183465 0.224989  0.538798  
0.80568 0.122011 0.224989  0.538798  
0.527384 0.288472 0.224989  0.538798  
0.965737 0.0183465 0.224989  0.538798  
1.16595 1.17298 0.224989  0.538798  
0.726829 0.154744 0.224989  0.538798  
0.805889 0.118967 0.224989  0.538798  
0.909899 0.112712 0.224989  0.538798  
0.96421 0.0278831 0.224989  0.538798  
0.873897 0.113111 0.205665  0.550088  
0.667167 0.193949 0.205665  0.550088  
0.531312 0.274201 0.202667  0.560768  
4.94368 3.70982 0.197774  0.579911  
0.814008 0.116946 0.191932  0.588381  
1.6609 0.219491 0.18828  0.615512  
0.808256 0.117182 0.147426  0.624613  
0.966695 0.0183465 0.147426  0.624613  
0.964275 0.0220898 0.147426  0.624613  
0.96422 0.0405468 0.147426  0.624613  
0.390351 0.382399 0.146486  0.641947  
0.735394 0.152002 0.144027  0.66445  
0.722911 0.158117 0.144011  0.711124  
0.727206 0.154896 0.144011  0.711124  
4.88705 4.79715 0.0464444  0.797918  
4.25415 2.91474 0.0464444  0.797918  
0.722516 0.167184 0.0464444  0.797918  
0.964227 0.0794952 0.0464444  0.797918  
0.685054 0.188221 0.0464444  0.797918  
0.964245 0.0349401 0.0464444  0.797918  
0.964256 0.0296111 0.0464444  0.797918  
1.16688 1.21788 0.0464444  0.797918  
17.4161 15.7199 0.0464444  0.797918  
7.29723 8.91665 0.0464444  0.797918  
27.3598 18.0913 0.0419752  0.832118  
11.6991 11.1156 0.0128318  1.00212  
16.5002 22.9989 0.0128318  1.00212  
25.8231 15.205 0.0128318  1.00212  
9.81535 9.64718 0.00593783  1.01574  
0.351472 0.413854 0.964163  0.0182328  
0.0109804 0.998675 0.000441181  1.20245  
0.142199 0.62934 0.964156  0.0222134  
0.0103694 0.999096 0.964156  0.025942  
0.964156 0.0213261 0.964156  0.025942  
0.0413777 0.821534 0.964156  0.025942  
0.145962 0.624259 0.964156  0.025942  
0.142735 0.627461 0.964156  0.025942  
0.529787 0.274009 0.964156  0.025942  
0.0430045 0.797897 0.964156  0.025942  
0.0447443 0.797799 0.818207  0.107895  
0.142124 0.645823 0.818207  0.107895  
0.00352497 1.00156 0.804479  0.114419  
0.807664 0.108647 0.804284  0.123398  
0.142036 0.667077 0.804284  0.123398  
0.218995 0.538597 0.804284  0.138058  
0.666705 0.201347 0.755212  0.151186  
0.380913 0.39002 0.723671  0.153826  
0.528355 0.275259 0.722467  0.16431  
0.203208 0.550007 0.722467  0.174278  
0.344095 0.422557 0.671609  0.185017  
0.527194 0.286046 0.671609  0.185017  
0.202566 0.553458 0.666745  0.192991  
0.722469 0.15664 0.666705  0.201347  
0.344065 0.426858 0.666705  0.214513  
0.377177 0.397079 0.666705  0.223455  
0.527491 0.276862 0.666705  0.223455  
0.667878 0.185072 0.666705  0.249013  
0.184322 0.576681 0.666705  0.258304  
0.394356 0.376338 0.536908  0.274009  
0.3798 0.390968 0.536908  0.274009  
0.0461408 0.797797 0.536908  0.274009  
0.804284 0.123398 0.536908  0.274009  
0.141718 0.72498 0.536908  0.274009  
0.389687 0.380394 0.527491  0.276862  
0.376858 0.397317 0.527194  0.290174  
0.671609 0.185017 0.527194  0.290174  
0.527277 0.283998 0.527194  0.290174  
0.666745 0.192991 0.527194  0.290174  
0.352795 0.413656 0.527194  0.290174  
0.964163 0.242842 0.527194  0.290174  
0.666705 0.223455 0.527194  0.290174  
0.221322 0.53846 0.396299  0.376338  
0.723671 0.15333 0.396299  0.376338  
0.755212 0.151186 0.396299  0.376338  
0.666706 0.196896 0.396299  0.376338  
0.722467 0.16431 0.396299  0.376338  
0.964163 0.22002 0.396299  0.376338  
0.00191434 1.00281 0.396299  0.376338  
0.527381 0.281832 0.389687  0.384066  
0.221916 0.53846 0.380913  0.390562  
0.202566 0.561286 0.376858  0.397317  
0.391457 0.37754 0.354339  0.413656  
0.732975 0.151216 0.354339  0.413656  
0.000441181 1.20245 0.344488  0.414941  
0.66676 0.19087 0.344065  0.430809  
0.818207 0.107895 0.344065  0.434931  
0.964163 0.0182328 0.344065  0.434931  
5.14955 5.22966 0.344065  0.434931  
0.346275 0.414013 0.344065  0.50246  
0.80448 0.110763 0.344065  0.524907  
0.804299 0.115438 0.221916  0.53846  
1.35805 0.0182328 0.221916  0.53846  
0.964163 0.217209 0.221916  0.53846  
0.344488 0.41471 0.221916  0.53846  
0.666706 0.203561 0.221916  0.53846  
0.804302 0.124402 0.221916  0.53846  
0.724205 0.153907 0.221916  0.53846  
0.356501 0.41383 0.221916  0.53846  
0.72249 0.160957 0.221916  0.53846  
0.666705 0.234441 0.221916  0.53846  
0.964164 0.0182054 0.203793  0.550007  
0.722474 0.170356 0.203793  0.550007  
0.964318 0.0182054 0.202566  0.561286  
0.722488 0.168026 0.184322  0.576681  
2.14779 0.0182054 0.184322  0.576681  
0.964244 0.238081 0.184322  0.576681  
0.964161 0.0205406 0.146547  0.624259  
1.65855 0.421737 0.146547  0.624259  
0.804806 0.110444 0.146547  0.624259  
0.72249 0.163971 0.146547  0.624259  
0.394722 0.376558 0.142443  0.62839  
0.964164 0.221793 0.142036  0.667077  
0.964164 2.64711 0.142036  0.667077  
0.727206 0.154896 0.141718  0.767678  
4.88705 4.79715 0.0461408  0.797797  
4.25415 2.91474 0.0461408  0.797797  
0.722516 0.167184 0.0461408  0.797797  
0.964227 0.0794952 0.0461408  0.797797  
0.685054 0.188221 0.0461408  0.797797  
0.964245 0.0349401 0.0461408  0.797797  
0.964256 0.0296111 0.0461408  0.797797  
1.16688 1.21788 0.0461408  0.797797  
17.4161 15.7199 0.0461408  0.797797  
7.29723 8.91665 0.0461408  0.797797  
27.3598 18.0913 0.0413777  0.851351  
11.6991 11.1156 0.0109804  0.998675  
16.5002 22.9989 0.0109804  0.998675  
25.8231 15.205 0.0109804  0.998675  
9.81535 9.64718 0.00352497  1.00156  
0.141451 0.72037 0.964138  0.0182199  
0.00986269 0.998606 0.000306097  0.999898  
0.0459923 0.797792 0.964133  0.0226133  
0.00105531 0.999083 0.964133  0.0328111  
0.0128264 0.998383 0.964133  0.034228  
0.0410575 0.808999 0.964133  0.034228  
0.0441776 0.797794 0.964133  0.0608855  
0.0410565 0.847395 0.964133  0.0698376  
0.529787 0.274009 0.964133  0.0862857  
0.0430045 0.797897 0.964133  0.0899737  
0.0115162 0.998391 0.914967  0.105194  
0.00349609 0.998997 0.813974  0.105557  
0.144158 0.624258 0.804417  0.111299  
0.807664 0.108647 0.804175  0.123795  
0.344057 0.424906 0.804175  0.127479  
0.392628 0.376338 0.804175  0.127479  
0.389549 0.377583 0.759257  0.150681  
0.380913 0.39002 0.722463  0.153721  
0.528355 0.275259 0.72244  0.162327  
0.203208 0.550007 0.72244  0.162327  
0.141768 0.625663 0.685962  0.184051  
0.14661 0.624209 0.669512  0.184456  
0.202566 0.553458 0.666706  0.194107  
0.964133 0.0302619 0.666702  0.204725  
0.00481988 0.998898 0.666702  0.2079  
0.810397 0.106425 0.666702  0.225882  
0.667227 0.184456 0.666702  0.225882  
0.185869 0.575151 0.666702  0.247353  
0.216316 0.538456 0.666702  0.247353  
0.666702 0.195972 0.538687  0.273965  
0.20255 0.559245 0.538687  0.273965  
0.184322 0.576681 0.538687  0.273965  
0.72244 0.15543 0.538687  0.273965  
0.397653 0.376323 0.538687  0.273965  
0.141465 0.643004 0.527162  0.27871  
0.374951 0.394166 0.527162  0.282414  
0.671665 0.184236 0.527162  0.282414  
0.731472 0.151186 0.527162  0.307453  
0.203478 0.549997 0.527162  0.307453  
0.145588 0.624212 0.527162  0.331411  
0.344055 0.438166 0.527162  0.331411  
0.739661 0.150763 0.527162  0.366676  
0.344107 0.414541 0.410941  0.37631  
0.344055 0.427414 0.410941  0.37631  
0.374839 0.398695 0.410941  0.37631  
0.722603 0.152529 0.410941  0.37631  
0.377497 0.390564 0.410941  0.37631  
0.377316 0.390649 0.410941  0.37631  
0.20255 0.562611 0.396527  0.376335  
0.764514 0.15063 0.38939  0.383778  
0.184172 0.588186 0.379858  0.39036  
0.75032 0.150681 0.374832  0.400344  
0.214701 0.538459 0.34728  0.413573  
0.678283 0.18406 0.34728  0.413573  
0.817502 0.10526 0.344076  0.414705  
0.666706 0.194107 0.344055  0.430948  
0.344076 0.414705 0.344055  0.438438  
0.804234 0.11523 0.344055  0.438438  
0.804175 0.123795 0.344055  0.476001  
0.804234 0.115849 0.323087  0.494947  
0.804417 0.111299 0.323087  0.494947  
0.410487 0.37631 0.323087  0.494947  
0.810491 0.106146 0.22247  0.538456  
0.374832 0.400344 0.22247  0.538456  
0.527162 0.27871 0.22247  0.538456  
0.666711 0.190525 0.22247  0.538456  
0.964138 0.0182199 0.22247  0.538456  
0.34728 0.413573 0.22247  0.538456  
0.323087 0.494947 0.22247  0.538456  
0.389535 0.382547 0.22247  0.538456  
0.533831 0.273967 0.22247  0.538456  
0.214214 0.5402 0.214297  0.540027  
0.400623 0.376321 0.207363  0.549997  
0.538687 0.273965 0.20255  0.562611  
0.964133 0.0219874 0.185869  0.575151  
0.527163 0.277214 0.185869  0.575151  
0.685962 0.184051 0.184172  0.597371  
0.38939 0.383778 0.14661  0.624209  
1.19307 1.13335 0.14661  0.624209  
0.722473 0.153519 0.14661  0.624209  
0.964139 0.0182199 0.14661  0.624209  
0.914967 0.105194 0.141768  0.62567  
0.000306097 0.999898 0.141465  0.662268  
1.49166 0.0182199 0.141465  0.704325  
0.727206 0.154896 0.141451  0.764201  
4.88705 4.79715 0.0459923  0.797792  
4.25415 2.91474 0.0459923  0.797792  
0.722516 0.167184 0.0459923  0.797792  
0.964227 0.0794952 0.0459923  0.797792  
0.685054 0.188221 0.0459923  0.797792  
0.964245 0.0349401 0.0459923  0.797792  
0.964256 0.0296111 0.0459923  0.797792  
1.16688 1.21788 0.0459923  0.797792  
17.4161 15.7199 0.0459923  0.797792  
7.29723 8.91665 0.0459923  0.797792  
27.3598 18.0913 0.0410565  0.847395  
11.6991 11.1156 0.0142591  0.998383  
16.5002 22.9989 0.0142591  0.998383  
25.8231 15.205 0.0142591  0.998383  
9.81535 9.64718 0.00481988  0.998898  
0.0410345 0.803267 0.964132  0.0182181  
0.00507946 0.998351 0.000302972  0.999242  
0.0114637 0.998231 0.964132  0.0224807  
0.00105531 0.999083 0.964132  0.0298737  
0.389284 0.379437 0.964131  0.0349812  
0.298028 0.46662 0.964131  0.0470442  
0.0445794 0.797791 0.964131  0.0538735  
0.202548 0.559127 0.964131  0.0684693  
0.529787 0.274009 0.964131  0.0684693  
0.0430045 0.797897 0.964131  0.0974865  
0.141415 0.64898 0.865988  0.104297  
0.00381842 0.998697 0.806894  0.104374  
0.144081 0.624209 0.804249  0.113083  
0.145277 0.624207 0.804134  0.115562  
0.290243 0.484221 0.80411  0.129245  
0.392628 0.376338 0.80411  0.146565  
0.389549 0.377583 0.755491  0.150356  
0.380913 0.39002 0.72245  0.153756  
0.528355 0.275259 0.722429  0.162686  
0.203208 0.550007 0.7224  0.171909  
0.141768 0.625035 0.70698  0.183793  
0.666697 0.210079 0.668253  0.184033  
0.202566 0.553458 0.666698  0.193506  
0.185869 0.574612 0.666697  0.205392  
0.141592 0.625232 0.666697  0.213958  
0.218666 0.538455 0.666697  0.217698  
0.667227 0.184456 0.666697  0.240154  
0.185535 0.574803 0.666697  0.241069  
0.216316 0.538456 0.666697  0.264314  
0.666698 0.196341 0.535478  0.273956  
0.184033 0.582084 0.535478  0.273956  
0.184322 0.576681 0.535478  0.273956  
0.72244 0.15543 0.535478  0.273956  
0.804249 0.109121 0.535478  0.273956  
0.141465 0.643004 0.527158  0.278336  
0.374951 0.394166 0.527158  0.290686  
0.191173 0.57454 0.527148  0.295832  
0.731472 0.151186 0.527148  0.311976  
0.0410046 0.826276 0.527148  0.325336  
0.290256 0.476987 0.527148  0.332945  
0.146745 0.624207 0.527148  0.351254  
0.737642 0.150383 0.527148  0.370921  
0.347417 0.413548 0.396805  0.376308  
0.193428 0.574423 0.396805  0.376308  
0.527148 0.295832 0.396805  0.376308  
0.722459 0.152244 0.396805  0.376308  
0.378001 0.39036 0.396805  0.376308  
0.377316 0.390649 0.396805  0.376308  
0.207016 0.549996 0.396805  0.376308  
0.183257 0.589006 0.389284  0.380709  
0.220618 0.538455 0.379446  0.39036  
0.213526 0.538474 0.374502  0.399144  
0.214701 0.538459 0.353874  0.413548  
0.344074 0.414502 0.353874  0.413548  
0.293733 0.470126 0.344074  0.414668  
0.52716 0.27699 0.344043  0.430118  
0.0143925 0.99822 0.344041  0.442974  
0.804234 0.11523 0.302409  0.46662  
0.292582 0.471114 0.302409  0.46662  
0.865988 0.104297 0.302409  0.46662  
0.527158 0.294056 0.302409  0.46662  
0.722429 0.159797 0.292582  0.471114  
0.666705 0.190299 0.290243  0.484221  
0.0457455 0.797791 0.290243  0.497993  
0.806894 0.104374 0.290243  0.497993  
0.394134 0.376308 0.223169  0.538455  
0.344072 0.414982 0.223169  0.538455  
0.80411 0.125059 0.223169  0.538455  
0.344041 0.442974 0.223169  0.538455  
0.964131 0.0349812 0.223169  0.538455  
0.678867 0.183793 0.223169  0.538455  
0.344043 0.420818 0.213581  0.538474  
0.374502 0.395435 0.207063  0.549996  
0.804134 0.115562 0.202548  0.559127  
0.527158 0.278336 0.195258  0.574423  
0.666697 0.199525 0.185535  0.574803  
0.290243 0.497993 0.183257  0.597604  
0.748718 0.150356 0.149633  0.624207  
0.203572 0.549997 0.149633  0.624207  
0.35062 0.413548 0.149633  0.624207  
0.533795 0.273956 0.149633  0.624207  
0.202545 0.570029 0.141592  0.625232  
0.7224 0.168545 0.141415  0.664111  
0.964132 0.0182181 0.141415  0.714224  
0.666698 0.192335 0.141415  0.733432  
0.666697 0.201104 0.0457455  0.797791  
1.14214 1.61424 0.0457455  0.797791  
1.30915 0.0217397 0.0457455  0.797791  
0.668253 0.183963 0.0457455  0.797791  
0.394451 0.376308 0.0457455  0.797791  
0.000302972 0.999242 0.0457455  0.797791  
0.394697 0.376308 0.0457455  0.797791  
0.964132 0.229701 0.0457455  0.797791  
0.964132 2.45016 0.0457455  0.797791  
7.29723 8.91665 0.0457455  0.797791  
27.3598 18.0913 0.0410046  0.857153  
11.6991 11.1156 0.0143925  0.99822  
16.5002 22.9989 0.0143925  0.99822  
25.8231 15.205 0.0143925  0.99822  
9.81535 9.64718 0.00507946  0.998351  
0.0410345 0.803267 0.964131  0.0181922  
0.00206727 0.998266 0.000295524  0.999177  
0.00806593 0.99822 0.96413  0.0226199  
0.0137071 0.997966 0.96413  0.0301793  
0.389265 0.380145 0.96413  0.0427282  
0.291961 0.464528 0.96413  0.0438749  
0.0444179 0.797789 0.96413  0.0438749  
0.0120335 0.998151 0.96413  0.0438749  
0.529787 0.274009 0.96413  0.0859022  
0.0430045 0.797897 0.96413  0.0859022  
0.141391 0.649599 0.886222  0.103819  
0.141379 0.670875 0.804165  0.104405  
0.14329 0.624192 0.804089  0.113709  
0.527147 0.306901 0.804089  0.120828  
0.290188 0.465558 0.804086  0.129951  
0.287474 0.484037 0.804086  0.135925  
0.389549 0.377583 0.743996  0.150206  
0.377453 0.389267 0.722428  0.152672  
0.528355 0.275259 0.722393  0.160895  
0.203208 0.550007 0.722393  0.167754  
0.287474 0.483062 0.704543  0.183633  
0.96413 0.025065 0.666719  0.18375  
0.202566 0.553458 0.666694  0.192139  
0.666694 0.201526 0.666694  0.204158  
0.288699 0.465648 0.666694  0.20864  
0.0409713 0.851048 0.666694  0.20864  
0.141465 0.62487 0.666694  0.233614  
0.704543 0.183633 0.666694  0.246901  
0.145002 0.624172 0.666694  0.246901  
0.14944 0.624152 0.53979  0.273956  
0.184033 0.582084 0.53979  0.273956  
0.184322 0.576681 0.53979  0.273956  
0.527147 0.296894 0.53979  0.273956  
0.527147 0.284276 0.53979  0.273956  
0.0458957 0.797788 0.527147  0.278133  
0.374951 0.394166 0.527147  0.287946  
0.344062 0.414336 0.527147  0.300619  
0.731327 0.150354 0.527147  0.306901  
0.0410046 0.8226 0.527147  0.328588  
0.378803 0.389132 0.527147  0.328588  
0.220165 0.538455 0.527147  0.328588  
0.183057 0.590432 0.527147  0.328588  
0.347417 0.413548 0.393903  0.376304  
0.213568 0.538455 0.393903  0.376304  
0.185428 0.574381 0.393903  0.376304  
0.722459 0.152244 0.393903  0.376304  
0.678898 0.183658 0.393903  0.376304  
0.377316 0.390649 0.393903  0.376304  
0.666719 0.18375 0.393903  0.376304  
0.287314 0.494117 0.389198  0.38257  
0.202541 0.556428 0.378803  0.389132  
0.213514 0.538474 0.374424  0.398613  
0.743996 0.150206 0.356284  0.413539  
0.344041 0.438217 0.356284  0.413539  
0.804086 0.129318 0.344062  0.414519  
0.52716 0.27699 0.344043  0.430737  
0.722428 0.152672 0.344041  0.446337  
0.288177 0.471306 0.293003  0.464528  
0.288181 0.466758 0.293003  0.464528  
0.722393 0.157614 0.293003  0.464528  
0.0409704 0.969634 0.293003  0.464528  
0.804089 0.111265 0.289585  0.465631  
0.666698 0.191009 0.288177  0.480169  
0.350814 0.413539 0.287314  0.49718  
0.391103 0.376304 0.287314  0.49718  
0.533785 0.273956 0.223651  0.538455  
0.666694 0.192139 0.223651  0.538455  
0.374424 0.398613 0.223651  0.538455  
0.00924344 0.998216 0.223651  0.538455  
0.804165 0.104405 0.223651  0.538455  
0.846658 0.103819 0.223651  0.538455  
0.344043 0.420081 0.213568  0.538455  
0.374502 0.395435 0.20438  0.549983  
0.37444 0.395586 0.202541  0.556428  
0.527147 0.278133 0.185428  0.574381  
0.96413 0.0226199 0.185428  0.574381  
0.20438 0.549983 0.183057  0.593087  
4.39041 3.18024 0.14944  0.624152  
0.964131 1.54222 0.14944  0.624152  
0.35062 0.413548 0.14944  0.624152  
0.389198 0.382668 0.14944  0.624152  
0.202545 0.570029 0.141465  0.625088  
0.748665 0.150318 0.141391  0.659552  
0.202546 0.560399 0.141379  0.682913  
0.804166 0.104405 0.141379  0.76332  
0.666694 0.200274 0.0458957  0.797788  
0.96413 0.0219203 0.0458957  0.797788  
0.527148 0.278235 0.0458957  0.797788  
0.722429 0.155565 0.0458957  0.797788  
0.96413 0.0294547 0.0458957  0.797788  
0.666696 0.192419 0.0458957  0.797788  
0.80417 0.104218 0.0458957  0.797788  
0.000272859 0.999177 0.0458957  0.797788  
0.964131 0.0181743 0.0458957  0.797788  
0.96413 0.0314218 0.0458957  0.797788  
0.804089 0.112809 0.0409713  0.851048  
0.666694 0.193549 0.0137071  0.997966  
3.39486 0.0181743 0.0137071  0.997966  
0.964131 0.610206 0.0137071  0.997966  
9.81535 9.64718 0.0032152  0.998266  
