7.073 5.92663 7.073  5.92663  
7.50854 5.90083 7.50854  5.90083  
6.67401 6.1264 6.67401  6.1264  
5.04222 4.8915 5.04222  4.8915  
6.41467 5.44494 6.41467  5.44494  
7.16227 5.55269 7.16227  5.55269  
6.96512 5.43583 6.96512  5.43583  
4.50934 7.30038 4.50934  7.30038  
6.1359 5.83721 6.1359  5.83721  
5.89544 6.39707 5.89544  6.39707  
6.74294 5.71144 6.74294  5.71144  
5.75534 6.35153 5.75534  6.35153  
5.78549 5.05418 5.78549  5.05418  
8.55731 5.81907 8.55731  5.81907  
6.09563 5.54377 6.09563  5.54377  
5.64113 5.15356 5.64113  5.15356  
5.33117 5.06113 5.33117  5.06113  
7.5377 6.15904 7.5377  6.15904  
5.4722 6.83526 5.4722  6.83526  
7.18647 5.67377 7.18647  5.67377  
5.51153 6.47301 5.51153  6.47301  
5.93415 6.6363 5.93415  6.6363  
6.60152 5.81325 6.60152  5.81325  
6.72344 5.87455 6.72344  5.87455  
5.90239 5.54116 5.90239  5.54116  
7.49748 5.76091 7.49748  5.76091  
6.37513 4.94218 6.37513  4.94218  
5.08204 5.14362 5.08204  5.14362  
5.27172 6.94121 5.27172  6.94121  
4.6977 6.16456 4.6977  6.16456  
6.88046 5.43707 6.88046  5.43707  
6.25486 5.52262 6.25486  5.52262  
6.04972 7.66971 6.04972  7.66971  
6.96308 5.0831 6.96308  5.0831  
6.86301 4.7367 6.86301  4.7367  
5.10193 6.6594 5.10193  6.6594  
6.4851 6.1767 6.4851  6.1767  
7.41093 5.11033 7.41093  5.11033  
6.75442 7.05098 6.75442  7.05098  
6.74356 4.6447 6.74356  4.6447  
6.74817 6.39548 6.74817  6.39548  
6.79822 5.298 6.79822  5.298  
4.81491 4.968 4.81491  4.968  
6.24724 6.23626 6.24724  6.23626  
7.99045 4.06633 7.99045  4.06633  
7.18459 6.09531 7.18459  6.09531  
8.11747 6.70132 8.11747  6.70132  
7.36233 5.49461 7.36233  5.49461  
6.04657 4.88651 6.04657  4.88651  
6.13544 5.12026 6.13544  5.12026  
6.97787 5.87113 6.97787  5.87113  
7.01983 5.53348 7.01983  5.53348  
6.70952 4.82306 6.70952  4.82306  
5.88627 5.18735 5.88627  5.18735  
6.58726 6.18083 6.58726  6.18083  
7.14315 7.32424 7.14315  7.32424  
7.03392 5.09028 7.03392  5.09028  
5.3638 6.59419 5.3638  6.59419  
5.55484 6.09911 5.55484  6.09911  
8.13036 5.26386 8.13036  5.26386  
5.59236 5.98813 5.59236  5.98813  
6.48852 4.99507 6.48852  4.99507  
6.1218 6.04952 6.1218  6.04952  
7.03775 4.55958 7.03775  4.55958  
6.00199 6.01999 6.00199  6.01999  
6.74773 5.67004 6.74773  5.67004  
5.26809 6.13541 5.26809  6.13541  
6.32235 6.35474 6.32235  6.35474  
4.90415 5.42098 4.90415  5.42098  
6.81518 5.66102 6.81518  5.66102  
7.84971 4.55876 7.84971  4.55876  
6.52184 7.31416 6.52184  7.31416  
5.51915 6.49794 5.51915  6.49794  
6.37672 5.89402 6.37672  5.89402  
6.08942 7.47837 6.08942  7.47837  
7.83711 5.44047 7.83711  5.44047  
6.94786 4.74957 6.94786  4.74957  
6.40183 6.71936 6.40183  6.71936  
6.1299 5.11533 6.1299  5.11533  
4.98823 6.4576 4.98823  6.4576  
5.75687 6.80116 5.75687  6.80116  
7.46841 4.28407 7.46841  4.28407  
4.96987 5.99864 4.96987  5.99864  
6.83843 5.44807 6.83843  5.44807  
6.87728 8.18752 6.87728  8.18752  
5.40679 4.94505 5.40679  4.94505  
6.32447 5.8169 6.32447  5.8169  
6.87657 6.85354 6.87657  6.85354  
6.43715 5.64569 6.43715  5.64569  
8.22518 4.32509 8.22518  4.32509  
6.79353 7.08214 6.79353  7.08214  
5.28857 5.28408 5.28857  5.28408  
7.59695 5.36939 7.59695  5.36939  
6.69145 6.01569 6.69145  6.01569  
6.10774 6.81979 6.10774  6.81979  
5.16323 6.64091 5.16323  6.64091  
6.39803 6.84078 6.39803  6.84078  
7.43564 5.15759 7.43564  5.15759  
6.70904 4.81872 6.70904  4.81872  
7.45652 6.75164 7.45652  6.75164  
3.24817 3.00851 3.67437  6.19044  
3.12835 3.09826 4.86814  6.28666  
2.80386 3.47399 5.71013  4.86058  
3.28545 2.98229 6.21325  4.58875  
3.00385 3.20791 6.08856  4.56367  
3.56302 2.81406 6.02284  4.36583  
3.42828 2.89306 7.18682  4.25112  
2.9921 3.21573 5.92429  4.12017  
2.7703 3.55451 7.01487  3.81697  
3.46628 2.87221 8.04884  3.74835  
2.79607 3.49077 6.30494  3.05972  
2.766 3.57318 7.81499  3.66356  
3.50747 2.8493 6.28993  3.12752  
3.27154 2.99193 9.06568  3.44243  
3.6121 2.79347 6.44514  3.26601  
2.90379 3.3231 7.28242  3.65784  
3.51203 2.84189 5.96523  3.28204  
2.79467 3.49369 7.4044  3.61375  
3.25754 3.00376 6.15776  3.40821  
3.66033 2.76201 6.00154  3.40133  
3.00904 3.20138 5.8581  3.44796  
3.2078 3.0387 7.08325  3.80021  
2.82713 3.43138 6.13456  3.62544  
3.33914 2.94384 6.48981  3.7186  
2.75871 3.59502 5.67619  3.59184  
2.78579 3.51927 5.71778  3.6596  
3.15266 3.0785 5.83456  3.7506  
3.01922 3.19135 5.66076  3.74693  
3.07909 3.14104 5.53157  3.75332  
3.17874 3.05875 5.49823  3.79474  
3.21518 3.0309 5.70458  3.9024  
2.87486 3.36138 5.83591  4.05004  
3.22882 3.01886 5.90419  4.06836  
3.72114 2.72894 5.50821  4.0332  
3.32428 2.95721 5.38105  4.03236  
2.86308 3.37222 5.28446  4.04573  
3.11046 3.1159 5.19853  4.05071  
3.52225 2.83523 5.5234  4.14988  
2.92803 3.2863 5.17315  4.14778  
3.61856 2.78405 5.15672  4.21479  
2.75364 3.61365 5.27051  4.35216  
2.90932 3.31645 5.21918  4.40725  
2.94843 3.26195 5.20047  4.42335  
3.0836 3.13374 5.23959  4.59103  
3.04608 3.16898 5.09169  4.52757  
3.45419 2.87613 4.99269  4.51039  
3.36347 2.92909 5.0362  4.56318  
2.75123 3.64185 4.96124  4.63554  
3.48715 2.85913 4.90668  4.67288  
2.96294 3.24721 4.80012  5.04441  
2.8156 3.46043 4.68868  4.62354  
3.06709 3.14819 4.78365  4.81191  
3.16857 3.06676 4.75771  4.85277  
2.80969 3.46791 4.71176  4.8926  
2.96945 3.24324 4.65139  4.92044  
2.98316 3.22551 4.5572  4.91342  
2.89879 3.32937 4.43346  4.83438  
2.82193 3.45153 4.47038  4.97213  
3.09877 3.12002 4.50967  5.14239  
2.97543 3.23466 4.43998  5.1269  
2.88217 3.34717 4.29477  5.01238  
3.31836 2.96307 4.36223  5.20106  
3.11744 3.10774 4.32558  5.26494  
3.58614 2.806 4.26853  5.42905  
3.03029 3.18367 4.11912  5.13826  
3.63728 2.77551 4.19611  5.38442  
3.19406 3.04553 4.16513  5.44543  
3.60388 2.79814 2.99463  3.21573  
2.85284 3.38859 4.08918  5.5296  
3.68413 2.74774 4.03143  5.55966  
2.84911 3.39161 3.9822  5.58655  
3.666 2.75839 3.93156  5.61102  
3.64305 2.76836 3.89479  5.65446  
3.15523 3.07523 3.86751  5.74575  
3.39269 2.91391 3.80895  5.76153  
2.89378 3.34042 3.7787  5.98731  
3.44225 2.8857 3.73606  5.89081  
3.05192 3.16481 3.70468  5.93523  
2.94413 3.27111 3.65469  5.94659  
3.41011 2.90136 3.82624  6.17833  
3.47949 2.86497 3.8541  6.82165  
2.91885 3.30546 3.67586  6.71369  
3.2416 3.01261 3.88904  6.14205  
2.93672 3.27814 4.074  5.87689  
3.19032 3.05219 4.0953  6.92111  
3.71486 2.73603 4.10855  5.62157  
3.03684 3.17607 4.24977  5.55542  
3.13794 3.09096 4.25391  6.90894  
3.30621 2.97241 4.29889  6.51963  
3.38334 2.92199 4.36767  5.58992  
2.83425 3.42101 4.57061  6.3093  
3.05955 3.15818 4.57614  7.1853  
3.55167 2.82062 4.59828  6.62001  
2.84262 3.40402 4.6619  6.41256  
3.22099 3.0246 5.01849  7.31987  
3.70019 2.74179 5.27648  4.60734  
3.74639 2.72454 5.28856  4.7038  
2.95832 3.25425 5.29897  5.36407  
2.76829 3.56473 5.55991  4.59684  
2.77772 3.52892 6.31554  5.09641  
3.24461 3.00688 4.36587  3.85191  
3.1227 3.09769 3.49217  5.83411  
2.89633 3.32546 4.68802  3.70987  
3.28262 2.98211 4.95991  3.61257  
2.806 3.45953 5.14707  3.57812  
3.35629 2.92749 5.52245  3.5183  
2.99621 3.21036 5.08942  3.26301  
3.25169 2.999 5.74229  3.17388  
2.7703 3.55451 5.76708  3.05391  
3.45707 2.86765 6.19948  2.97831  
3.39669 2.90386 6.00369  3.02676  
2.76617 3.56598 5.30279  2.97611  
3.32051 2.95084 4.99369  2.981  
3.26726 2.9891 5.25664  3.04799  
3.60022 2.78416 5.31162  2.97006  
3.49668 2.84381 5.45998  3.07273  
3.5508 2.81564 5.51647  3.18548  
2.79405 3.48947 4.84241  3.10736  
3.49024 2.84905 5.40886  3.24388  
2.81765 3.44074 5.04153  3.21127  
2.83961 3.40375 5.05934  3.21088  
3.20305 3.03871 4.77899  3.21841  
3.47609 2.85459 4.77353  3.24185  
3.34052 2.93809 4.70792  3.26715  
2.75841 3.58601 4.86514  3.3415  
3.56221 2.80583 4.87313  3.38472  
3.14243 3.08085 4.82352  3.40597  
3.04487 3.16025 4.62048  3.37123  
3.00573 3.19803 4.5923  3.3923  
3.17677 3.05937 4.58529  3.41039  
3.21072 3.03152 4.64529  3.43274  
2.87256 3.35633 4.66766  3.52558  
2.74622 3.67689 4.6494  3.56359  
3.72341 2.7273 4.59912  3.5955  
3.03665 3.17123 4.62658  3.63095  
2.86308 3.37222 4.5665  3.66303  
3.10707 3.1077 4.3728  3.59702  
3.52134 2.83204 4.45186  3.68207  
2.92803 3.2863 4.49878  3.74079  
3.18792 3.04375 4.47146  3.78013  
2.75364 3.61365 4.40522  3.78975  
3.52903 2.82539 4.2476  3.73302  
2.94709 3.25894 4.45102  4.05537  
3.07795 3.13195 4.33785  3.88884  
3.46524 2.86112 4.3408  3.90439  
3.44993 2.87388 4.2987  3.95162  
2.92163 3.29449 4.14177  3.87616  
2.75123 3.64185 4.09699  3.87653  
3.28824 2.97687 4.20094  4.03359  
2.96323 3.24188 4.35554  4.1439  
3.74458 2.7145 4.07702  4.01703  
3.06501 3.14751 4.10862  4.1062  
3.16905 3.0649 4.10339  4.14855  
2.80311 3.47365 4.06698  4.16201  
3.41879 2.88857 4.24068  4.41316  
2.97925 3.22515 3.99914  4.2303  
2.88733 3.33564 3.96389  4.2463  
2.99256 3.21318 3.95043  4.27016  
3.09821 3.11734 4.02057  4.50178  
2.96708 3.23731 3.89757  4.34921  
3.37635 2.91821 3.87236  4.38553  
3.18301 3.04726 3.78739  4.32758  
3.11475 3.1047 3.02983  3.17433  
3.58857 2.7937 3.76154  4.42558  
3.02544 3.18008 3.79733  4.57146  
3.63085 2.77363 3.70735  4.51056  
3.01377 3.19065 3.76586  4.68277  
2.9858 3.22241 3.66366  4.56001  
2.8574 3.38286 3.63478  4.58979  
3.63877 2.76426 3.6047  4.61109  
2.84693 3.39183 3.57496  4.63849  
3.66356 2.75305 3.53591  4.67015  
3.64259 2.76202 3.5482  4.7622  
3.14637 3.07588 3.49235  4.724  
2.7836 3.51127 3.47001  4.77184  
3.57432 2.80315 3.4345  4.79065  
3.43577 2.87756 3.39275  5.03757  
2.87705 3.34891 3.39931  4.91574  
2.94047 3.27091 3.34551  4.87575  
3.40503 2.89728 3.30526  5.13325  
2.8253 3.4237 3.2919  4.90991  
2.90751 3.30508 3.26751  4.95197  
3.23712 3.01244 3.23382  4.97651  
2.93478 3.27955 3.20213  4.99807  
3.08588 3.12539 3.1654  5.03038  
3.2995 2.97077 3.16166  5.26109  
3.02735 3.17433 3.11793  5.08044  
3.13263 3.0869 3.09105  5.12768  
3.30728 2.9645 3.06772  5.14311  
2.77462 3.54018 3.11633  5.82011  
3.39102 2.90934 3.1151  6.23555  
3.0489 3.15684 3.24381  6.2084  
3.68353 2.741 3.27481  5.94996  
3.0906 3.12055 2.97305  5.92174  
3.21724 3.0239 3.39385  6.06604  
3.70342 2.73621 4.07672  5.25149  
3.72952 2.71709 4.21406  5.42127  
2.95832 3.25425 4.26416  4.82798  
3.50919 2.83769 4.39044  4.13325  
2.77772 3.52892 4.9029  5.81577  
2.85872 3.36086 5.8028  2.91738  
3.12255 3.09266 3.75619  4.43084  
2.88822 3.32133 4.25387  3.21496  
3.2569 2.98986 3.90598  4.48628  
2.80401 3.45427 4.66645  3.8532  
3.35237 2.92846 5.22578  3.74903  
2.98734 3.20923 4.35674  3.6932  
3.24736 2.99953 5.97711  3.49635  
3.00317 3.19316 5.59428  3.48992  
3.44593 2.8687 5.47842  3.42231  
3.43715 2.87666 5.49816  3.14078  
3.28597 2.97229 5.52683  3.01007  
3.31714 2.94818 6.30531  3.10011  
3.26308 2.98506 4.79958  2.98466  
3.23706 3.00443 4.83042  3.00762  
3.49656 2.83867 5.14762  3.08952  
3.07773 3.12724 4.95972  3.09115  
2.79056 3.48271 3.98883  2.94332  
3.48081 2.84689 4.64676  3.06242  
3.15893 3.06126 4.65252  3.06518  
2.83818 3.39892 3.97626  2.99087  
3.19591 3.03343 4.22715  3.07295  
2.81279 3.44404 4.44712  3.14854  
3.34383 2.93383 3.72981  2.98832  
2.75667 3.57298 3.89181  3.04099  
3.55904 2.80319 4.66854  3.18518  
2.78554 3.49257 3.91501  3.09792  
3.04416 3.15729 4.74579  3.15644  
3.40225 2.89393 3.84811  3.11948  
3.18025 3.04493 3.92937  3.17807  
3.42711 2.88077 4.63049  3.52458  
2.86963 3.34739 4.19003  3.33166  
2.74194 3.65583 4.46847  3.48867  
3.72601 2.71848 4.55883  3.49798  
3.70603 2.72349 3.91391  3.29007  
2.77183 3.53406 4.14594  3.43463  
3.0484 3.15076 4.43743  3.63696  
3.58975 2.78699 3.76314  3.2892  
2.92109 3.28265 4.21549  3.55786  
3.1879 3.04073 4.28242  3.66213  
2.75279 3.60097 3.70544  3.33301  
3.51498 2.82701 4.09402  3.62354  
2.99685 3.20105 3.60792  3.31963  
3.07344 3.13169 4.21692  3.69156  
3.47292 2.85286 3.56373  3.33554  
3.60828 2.77882 3.59143  3.38977  
2.91365 3.29217 3.61501  3.4394  
2.74706 3.64502 3.91057  3.72414  
3.33096 2.94351 3.65536  3.53687  
2.96265 3.23965 3.83955  3.73728  
3.73982 2.71092 3.56637  3.52164  
3.06384 3.13976 3.6366  3.62322  
2.85124 3.37473 3.87426  3.90192  
2.79707 3.46695 3.88281  4.00249  
3.40928 2.88858 3.5019  3.5843  
2.98045 3.21943 3.71153  3.88846  
2.97113 3.22572 3.46144  3.6075  
2.82904 3.412 3.88366  4.22253  
3.21302 3.01911 3.39113  3.59536  
2.90629 3.29761 3.70678  4.07969  
3.37425 2.91304 3.39564  3.72628  
3.54437 2.81359 3.36453  3.67433  
3.11353 3.10155 3.60792  4.12708  
3.2779 2.97556 3.76941  4.39789  
3.00806 3.18433 3.57534  4.18006  
3.62231 2.76952 3.44001  4.46621  
3.09671 3.11053 3.39768  4.32789  
2.82026 3.42474 3.26808  3.77325  
3.50797 2.83196 3.24386  3.7687  
2.93676 3.2628 2.97396  3.22552  
2.84269 3.38877 3.39852  4.23925  
3.66253 2.74942 3.20541  3.8447  
3.64259 2.76202 3.18181  3.85378  
3.14123 3.07534 3.20016  4.03988  
2.77826 3.51294 3.15219  3.88082  
3.57635 2.79347 3.13843  3.90533  
2.89999 3.31099 3.12205  3.92142  
2.88005 3.33704 3.1306  4.02913  
3.36307 2.91924 3.24575  4.58387  
3.4569 2.86189 3.07506  3.97046  
3.17078 3.0521 3.12578  4.35933  
3.0355 3.1646 3.09851  4.2785  
3.22505 3.01116 3.15023  4.60924  
2.92823 3.27499 3.06696  4.31672  
3.08446 3.12429 3.16833  4.6182  
3.20247 3.0283 2.97241  4.03944  
3.02338 3.1749 2.95694  4.06874  
3.13281 3.08143 3.12897  4.99896  
3.30484 2.95756 2.93647  4.17972  
2.76573 3.54205 3.28067  4.58115  
3.3827 2.90697 2.90081  4.21552  
3.52939 2.81953 2.88117  4.17621  
3.67984 2.7388 3.84489  4.63415  
3.56773 2.79844 3.85404  4.37996  
2.95283 3.24787 2.88296  5.09267  
3.69937 2.72878 3.86612  4.59953  
3.65375 2.75496 3.89173  4.23249  
2.9471 3.25241 2.80166  5.13008  
2.76376 3.55453 3.89903  5.50721  
3.2947 2.96598 3.96622  4.62148  
3.19237 2.98009 4.69696  2.74047  
3.08063 3.06278 2.7125  4.86947  
2.86224 3.28322 4.48224  2.7334  
3.25072 2.96905 4.69698  2.72496  
2.77397 3.40061 3.94833  2.71157  
3.29209 2.90737 3.94179  2.73525  
3.32887 2.89496 4.12047  2.74639  
3.23556 2.97035 3.94998  2.75323  
3.11656 3.03908 4.3278  2.72502  
3.59804 2.74125 3.9411  2.78941  
3.68365 2.69065 3.9234  2.80616  
3.26213 2.93132 3.90042  2.8141  
3.41946 2.83161 3.85948  2.82772  
2.95509 3.16733 3.87163  2.84236  
3.62942 2.71706 3.66419  2.82585  
2.99563 3.13414 3.61888  2.83501  
2.93696 3.2007 3.61323  2.84475  
2.76975 3.45081 3.62694  2.85453  
2.88832 3.25422 3.41891  2.83501  
2.94903 3.17669 3.5601  2.8766  
2.80991 3.35201 3.63714  2.8674  
3.48478 2.7953 3.64004  2.90614  
2.87638 3.26924 3.7456  2.95334  
3.2532 2.93434 3.74788  2.97821  
3.33097 2.88747 3.71946  2.99121  
3.5192 2.77978 3.634  2.98253  
2.71092 3.5892 3.70422  3.02047  
2.89874 3.24231 3.53596  3.19878  
3.39306 2.85357 3.51112  2.98797  
2.79043 3.38231 3.58879  3.0306  
3.35893 2.86513 3.52614  3.02853  
2.83727 3.31437 3.50234  3.03517  
2.96732 3.16066 3.46273  3.03673  
2.73046 3.52098 3.42936  3.03492  
3.41062 2.84358 3.4166  3.04282  
3.58755 2.75734 3.48673  3.0727  
3.18376 2.99659 3.39679  3.06401  
3.44629 2.81958 3.42723  3.09799  
2.92142 3.21187 3.43229  3.11461  
3.38238 2.85787 3.52506  3.17964  
2.95818 3.16636 3.35055  3.11085  
2.70468 3.64605 3.42804  3.17814  
3.54304 2.76407 3.37629  3.16572  
3.46394 2.81286 3.39086  3.19332  
3.18195 3.0023 3.37202  3.19977  
3.13405 3.02201 3.3063  3.17732  
2.73474 3.48542 3.24943  3.13948  
2.72981 3.55805 3.41034  3.27819  
3.41348 2.83801 3.34639  3.27571  
2.90846 3.22791 3.20797  3.16307  
3.46045 2.81744 3.17708  3.15435  
2.84545 3.31089 3.16939  3.16392  
2.82504 3.33203 3.16294  3.17827  
3.53132 2.77331 3.15463  3.1906  
3.22314 2.97133 3.16566  3.22146  
3.04585 3.10711 3.21117  3.29181  
3.65862 2.70376 3.21817  3.33608  
2.74331 3.46261 3.11583  3.22655  
2.99048 3.15057 3.19025  3.34381  
2.97748 3.15584 3.17655  3.36171  
2.96659 3.16386 3.1673  3.37643  
2.88186 3.26126 3.16597  3.40429  
3.40285 2.84521 3.10615  3.3372  
3.52009 2.77672 3.13991  3.42755  
3.41914 2.83482 3.12347  3.42869  
3.43377 2.82657 2.96137  3.16602  
2.99334 3.14822 3.09962  3.46891  
3.4994 2.79353 3.02669  3.34086  
2.98373 3.15184 3.0092  3.3345  
3.03474 3.10768 2.998  3.34381  
3.02126 3.11914 3.06484  3.52462  
2.93163 3.20177 3.05045  3.53417  
3.05159 3.09275 2.9655  3.36071  
3.15823 3.00582 2.96269  3.38749  
3.05822 3.08732 2.95327  3.40744  
3.2193 2.97823 2.98162  3.56708  
2.85444 3.28506 2.96829  3.52749  
2.86951 3.27354 2.9655  3.5668  
2.91788 3.22663 2.91182  3.42783  
3.43654 2.82543 2.9464  3.61028  
2.94703 3.18292 2.89698  3.46561  
3.4667 2.80701 2.9157  3.65369  
3.43015 2.82915 2.91115  3.64725  
3.39366 2.85012 2.92504  3.66159  
3.58559 2.75851 2.89066  3.69199  
3.00772 3.12866 2.86806  3.68579  
2.95889 3.16602 2.83884  3.55172  
2.97553 3.15901 2.86636  3.78284  
2.89026 3.25379 2.83341  3.7075  
2.95388 3.17471 2.83615  3.84223  
2.97975 3.15435 2.77747  4.01263  
2.93296 3.20151 2.79523  3.66558  
3.61442 2.72394 2.79348  3.79111  
3.41891 2.83652 2.78487  3.93183  
4.48224 2.7334 2.77567  3.8861  
3.41002 2.84853 2.75631  3.94528  
3.68489 2.70998 2.75067  3.97933  
3.45067 2.82317 2.73602  3.95951  
2.95975 3.17052 2.71581  4.26853  
3.35859 2.88479 2.7143  4.53433  
2.12632 1.34774 3.09119  0.542601  
2.11835 1.40308 2.088  1.91141  
2.0903 1.47968 3.08467  0.546195  
2.17606 1.24511 3.06069  0.557207  
2.21184 1.19321 3.04115  0.566085  
2.29361 1.0936 3.02537  0.576349  
2.14178 1.30746 3.00282  0.584609  
2.72009 0.747247 2.99241  0.592697  
2.16984 1.26066 2.97284  0.60376  
2.87133 0.65887 2.95463  0.612517  
2.1521 1.2891 2.93768  0.621742  
2.76035 0.72051 2.92712  0.63064  
2.29995 1.08976 2.90701  0.638197  
3.07425 0.550866 2.88811  0.647209  
2.10542 1.44599 2.87902  0.656312  
2.12006 1.37519 2.86465  0.663736  
2.0979 1.46638 2.8497  0.673328  
2.95806 0.610677 2.82948  0.680655  
2.16235 1.27751 2.81609  0.688825  
2.20201 1.21193 2.80652  0.696969  
2.36512 1.02228 2.79366  0.70595  
3.02537 0.576349 2.77725  0.712412  
2.14087 1.32272 2.76035  0.72051  
3.04115 0.566085 2.75714  0.729467  
2.37619 1.0139 2.74167  0.73769  
2.42949 0.963181 2.72843  0.741047  
2.28724 1.10626 2.71392  0.750472  
2.26222 1.13576 2.70796  0.758038  
2.18872 1.22439 2.69762  0.767598  
2.90701 0.638197 2.67837  0.772513  
2.22822 1.17748 2.48959  0.780597  
2.36528 1.01673 2.48959  0.780597  
2.47668 0.923617 2.48959  0.780597  
2.2483 1.15067 2.48959  0.780597  
3.06069 0.557207 2.48959  0.780597  
2.8497 0.673328 2.48959  0.780597  
2.31255 1.07425 2.48959  0.780597  
2.32693 1.05543 2.48959  0.780597  
2.27659 1.11404 2.48959  0.780597  
2.34414 1.03935 2.48959  0.780597  
2.97747 0.600592 2.48959  0.780597  
2.35949 1.02797 2.48959  0.780597  
2.33216 1.05041 2.48959  0.780597  
2.42473 0.966683 2.48959  0.780597  
2.4445 0.947521 2.48959  0.780597  
2.44393 0.948433 2.48959  0.780597  
2.40769 0.977835 2.48959  0.780597  
2.48959 0.780597 2.48959  0.780597  
2.81609 0.688825 2.48959  0.780597  
2.93768 0.621742 2.48471  0.916057  
2.23702 1.16274 2.47668  0.923617  
2.22049 1.18657 2.45917  0.93485  
2.41428 0.974265 2.45917  0.93485  
3.09119 0.542601 2.44928  0.944906  
2.39938 0.985237 2.44393  0.948433  
2.73628 0.73769 2.43624  0.95661  
3.00282 0.584609 2.42473  0.966683  
2.80652 0.696969 2.41428  0.974265  
2.89967 0.64532 2.40769  0.977835  
2.7687 0.715982 2.39939  0.985237  
2.86559 0.663736 2.39576  0.9885  
2.44827 0.944906 2.38568  1.00286  
2.32241 1.06774 2.37619  1.0139  
2.86036 0.666963 2.36553  1.01673  
2.94637 0.617034 2.36512  1.02228  
2.42465 0.967575 2.34602  1.03935  
2.22294 1.18253 2.34602  1.03935  
2.79642 0.702961 2.33364  1.05041  
2.30364 1.08093 2.32693  1.05543  
2.95463 0.612517 2.32674  1.06774  
2.82948 0.680655 2.31517  1.07425  
2.99241 0.592697 2.30703  1.07822  
2.69327 0.768076 2.29995  1.08976  
2.67837 0.772513 2.29361  1.0936  
3.03031 0.573809 2.27825  1.11404  
2.96057 0.60826 2.27825  1.11404  
2.39576 0.9885 2.26642  1.1314  
3.08467 0.546195 2.26642  1.1314  
2.24315 1.15552 2.25735  1.14332  
2.70796 0.758038 2.2485  1.15067  
2.088 1.91141 2.24032  1.16274  
3.10664 0.542601 2.22822  1.17748  
2.54424 0.869706 2.22337  1.18654  
2.72843 0.741047 2.21184  1.19321  
2.38442 1.00286 2.21184  1.19321  
2.43624 0.95661 2.20201  1.21193  
2.92712 0.63064 2.18881  1.22439  
2.482 0.916057 2.18881  1.22439  
2.42972 0.963181 2.17606  1.24511  
2.25526 1.14332 2.17114  1.26066  
2.77738 0.71233 2.16409  1.27751  
2.88811 0.647209 2.15627  1.2891  
2.59786 0.829623 2.14258  1.30746  
2.45876 0.93485 2.14178  1.30746  
2.26989 1.12027 2.12632  1.34774  
2.62926 0.809429 2.12632  1.34774  
2.37872 1.00957 2.10798  1.44599  
2.46989 0.930078 2.10798  1.44599  
2.71392 0.750472 2.0903  1.47968  
2.6219 0.815903 2.0903  1.47968  
0.936122 1.48118 1.93218  0.542631  
1.33612 0.907121 0.932456  1.53258  
1.84624 0.586571 1.92223  0.547618  
1.70166 0.665446 1.90253  0.557571  
1.48049 0.802185 1.88321  0.567429  
0.951684 1.40352 1.86451  0.577064  
1.0248 1.2385 1.84637  0.586503  
1.15192 1.07396 1.82864  0.595823  
1.60581 0.721902 1.81136  0.604991  
0.994149 1.29396 1.79457  0.613989  
1.32733 0.914075 1.77817  0.622861  
1.63396 0.704926 1.76214  0.631621  
1.00168 1.27926 1.74653  0.640231  
1.53537 0.766006 1.73123  0.648745  
1.34501 0.900163 1.7163  0.657136  
0.941454 1.44716 1.70166  0.665446  
1.51292 0.780596 1.68737  0.673631  
1.7163 0.657136 1.67332  0.681752  
1.74726 0.639823 1.65958  0.689772  
1.01656 1.25236 1.64616  0.697674  
0.957637 1.38355 1.63293  0.705544  
0.946573 1.42331 1.61992  0.71335  
0.971032 1.34588 1.6072  0.721057  
1.35405 0.893164 1.59471  0.728693  
1.79457 0.613989 1.58244  0.736268  
1.05452 1.19302 1.57037  0.743788  
1.86451 0.577064 1.55849  0.751258  
1.50194 0.787838 1.54683  0.758662  
1.54683 0.758662 1.53537  0.766006  
1.3103 0.927773 1.52403  0.773338  
1.90153 0.558078 1.5129  0.780611  
1.40029 0.858489 1.50194  0.787838  
1.68737 0.673631 1.49117  0.795008  
1.64616 0.697674 1.48049  0.802185  
0.963107 1.36719 1.47  0.809303  
1.73123 0.648745 1.45963  0.81641  
1.42819 0.838388 1.44942  0.82347  
1.82885 0.595708 1.43929  0.830553  
1.40988 0.851516 1.42939  0.837535  
1.39082 0.865441 1.41957  0.844534  
1.67337 0.681719 1.40988  0.851516  
1.57022 0.743882 1.40029  0.858489  
1.30164 0.934854 1.39082  0.865441  
1.61841 0.714261 1.38146  0.872392  
1.77887 0.622482 1.3722  0.879339  
1.36302 0.886296 1.36302  0.886296  
1.06193 1.18258 1.35397  0.893222  
0.978935 1.32672 1.34501  0.900163  
1.58244 0.736268 1.33612  0.907121  
1.91332 0.552106 1.32733  0.914075  
1.08403 1.15309 1.31863  0.921031  
1.14326 1.0833 1.31  0.928015  
1.55849 0.751258 1.30148  0.934988  
1.00981 1.26423 1.29301  0.942  
1.46975 0.809471 1.2846  0.949044  
1.76337 0.630945 1.2763  0.956073  
1.3722 0.879339 1.26805  0.963149  
1.03233 1.22635 1.25987  0.970252  
1.43929 0.830553 1.25177  0.97738  
1.12819 1.10001 1.2437  0.984566  
1.93218 0.542631 1.23568  0.991793  
1.0766 1.16275 1.22774  0.999054  
0.932456 1.53258 1.21985  1.00636  
0.986805 1.3092 1.212  1.01373  
1.49117 0.795008 1.2042  1.02116  
1.59471 0.728693 1.19646  1.02864  
1.22774 0.999054 1.18874  1.0362  
1.21985 1.00636 1.18108  1.04382  
1.31876 0.920928 1.17347  1.05151  
1.81207 0.604614 1.16586  1.05933  
1.2042 1.02116 1.15831  1.0672  
1.03974 1.21484 1.15077  1.0752  
1.29301 0.942 1.14326  1.0833  
1.45963 0.81641 1.13582  1.09147  
1.1061 1.12572 1.12837  1.09982  
1.52403 0.773338 1.12093  1.10829  
1.2437 0.984566 1.11353  1.1169  
1.11353 1.1169 1.1061  1.12572  
1.04716 1.20372 1.09875  1.13463  
1.06929 1.1725 1.09139  1.14376  
1.09139 1.14376 1.08403  1.15309  
1.25987 0.970252 1.0766  1.16275  
1.38146 0.872392 1.06929  1.1725  
1.26805 0.963149 1.06193  1.18258  
1.2763 0.956073 1.05455  1.19298  
1.17347 1.05151 1.04716  1.20372  
1.12093 1.10829 1.03974  1.21484  
1.65972 0.68969 1.03233  1.22635  
1.18874 1.0362 1.02486  1.23841  
1.2846 0.949044 1.01736  1.251  
1.212 1.01373 1.00981  1.26423  
1.16586 1.05933 1.00223  1.27821  
1.13582 1.09147 0.994576  1.29311  
1.09875 1.13463 0.986805  1.3092  
1.44942 0.823469 0.978949  1.32669  
1.23568 0.991793 0.971013  1.34593  
1.25177 0.97738 0.962899  1.36778  
1.18108 1.04382 0.95462  1.39333  
1.88241 0.567835 0.946078  1.42541  
1.19646 1.02864 0.937118  1.47354  
0.936122 1.48118 1.93216  0.542642  
0.986582 1.30968 0.932456  1.53258  
1.48049 0.802185 1.92223  0.547618  
1.86399 0.577331 1.90244  0.557616  
1.49114 0.795025 1.8832  0.567432  
1.43936 0.830504 1.8645  0.577067  
1.14252 1.0841 1.84633  0.586524  
0.955 1.39207 1.82862  0.595833  
1.84618 0.586601 1.81138  0.604983  
0.950048 1.40954 1.79457  0.613989  
1.76311 0.631089 1.77816  0.622866  
0.971037 1.34587 1.76217  0.631605  
1.41957 0.844535 1.74651  0.640242  
1.77816 0.622866 1.73123  0.648745  
1.55849 0.751258 1.71628  0.657152  
0.946078 1.42541 1.70166  0.665446  
1.91277 0.552386 1.68734  0.673643  
1.07755 1.1615 1.67332  0.681752  
1.22708 0.999659 1.65958  0.689772  
0.962913 1.36774 1.6461  0.697708  
1.64733 0.696984 1.63291  0.705552  
1.54682 0.758667 1.61995  0.713332  
1.57037 0.743788 1.6072  0.721057  
0.9397 1.45685 1.59471  0.728694  
1.52403 0.773338 1.58244  0.736268  
1.11361 1.1168 1.57037  0.743788  
1.3896 0.866346 1.55849  0.751258  
1.66036 0.689315 1.54682  0.758667  
1.01653 1.25242 1.53534  0.766026  
1.90114 0.558274 1.52403  0.773338  
0.978881 1.32685 1.5129  0.780611  
1.02424 1.23943 1.50194  0.787838  
1.88231 0.567887 1.49114  0.795025  
1.28479 0.948879 1.48049  0.802185  
1.25987 0.970252 1.47  0.809303  
1.13555 1.09177 1.45963  0.816406  
1.62008 0.713255 1.44942  0.823469  
1.0693 1.17249 1.43936  0.830504  
1.74683 0.640061 1.42939  0.837535  
1.30149 0.934984 1.41957  0.844535  
1.67347 0.681666 1.40987  0.851523  
1.47 0.809303 1.40028  0.858494  
1.03954 1.21515 1.39081  0.86545  
1.81192 0.604692 1.38144  0.872406  
1.39906 0.859386 1.37219  0.879344  
1.35397 0.893222 1.36303  0.886288  
1.59344 0.729471 1.35397  0.893222  
1.68734 0.673643 1.345  0.900168  
1.05456 1.19297 1.33613  0.90711  
1.82871 0.595787 1.32733  0.914072  
1.5129 0.780611 1.31864  0.921025  
1.79509 0.613711 1.31004  0.927986  
1.00982 1.26422 1.30149  0.934984  
1.00223 1.27822 1.29301  0.942  
0.994557 1.29314 1.28463  0.949018  
1.58244 0.736268 1.27631  0.956069  
1.6072 0.721057 1.26806  0.963143  
1.71628 0.657152 1.25987  0.970252  
1.70166 0.665446 1.25177  0.97738  
0.932456 1.53258 1.2437  0.984566  
1.53534 0.766026 1.23569  0.991788  
1.37203 0.879462 1.22774  0.999054  
1.18883 1.03611 1.21985  1.00636  
1.73123 0.648745 1.212  1.01373  
1.40987 0.851523 1.20421  1.02115  
1.45963 0.816406 1.19646  1.02864  
1.1596 1.06585 1.18874  1.0362  
1.03232 1.22637 1.18108  1.04382  
1.93216 0.542642 1.17346  1.05152  
1.63457 0.704563 1.16586  1.05933  
1.08402 1.1531 1.1583  1.06721  
1.12805 1.10017 1.15077  1.0752  
1.2931 0.941921 1.14328  1.08328  
1.44942 0.823469 1.13581  1.09148  
1.50194 0.787838 1.12836  1.09982  
1.32733 0.914072 1.12093  1.10829  
1.38144 0.872406 1.11353  1.1169  
1.2437 0.984566 1.10614  1.12567  
1.31864 0.921025 1.09875  1.13463  
1.33613 0.90711 1.09139  1.14376  
1.345 0.900168 1.08402  1.1531  
1.06193 1.18258 1.07666  1.16267  
1.23569 0.991788 1.0693  1.17249  
1.31004 0.927986 1.06193  1.18258  
1.26806 0.963143 1.05456  1.19297  
1.25177 0.97738 1.04716  1.20372  
1.17346 1.05152 1.03974  1.21484  
1.27631 0.956069 1.03232  1.22637  
1.09139 1.14376 1.02487  1.23839  
1.19646 1.02864 1.01736  1.251  
1.42774 0.838709 1.00982  1.26422  
1.04716 1.20372 1.00223  1.27822  
1.09875 1.13463 0.994557  1.29314  
1.36303 0.886288 0.986816  1.30918  
1.20421 1.02115 0.978977  1.32663  
1.18108 1.04382 0.971013  1.34593  
1.15077 1.0752 0.962913  1.36774  
1.212 1.01373 0.95462  1.39333  
1.12093 1.10829 0.946078  1.42541  
1.10614 1.12567 0.937129  1.47346  
0.936122 1.48118 1.93216  0.542642  
1.6072 0.721057 0.932445  1.53314  
0.939705 1.45682 1.92223  0.547618  
1.51332 0.780335 1.90244  0.557616  
0.964464 1.36336 1.8832  0.567432  
1.42758 0.838824 1.8645  0.577067  
0.944922 1.43045 1.84633  0.586524  
0.97109 1.34574 1.82862  0.595833  
1.88229 0.567896 1.81138  0.604983  
1.48049 0.802185 1.79456  0.613993  
1.03157 1.22756 1.77816  0.622866  
1.0557 1.19134 1.76214  0.631616  
1.54682 0.758667 1.74651  0.640242  
1.46999 0.80931 1.73123  0.648745  
0.959661 1.3773 1.71628  0.657152  
1.00914 1.26544 1.70166  0.665446  
1.14308 1.08349 1.68734  0.673643  
1.50196 0.78782 1.67331  0.681754  
1.93216 0.542642 1.65958  0.689772  
1.84623 0.586578 1.64611  0.697706  
1.02379 1.24016 1.63291  0.705552  
1.41924 0.84477 1.61994  0.713337  
1.64779 0.696711 1.6072  0.721057  
1.91274 0.5524 1.59471  0.728694  
1.61834 0.7143 1.58244  0.736268  
1.01645 1.25255 1.57036  0.743794  
1.77816 0.622866 1.5585  0.751251  
1.71628 0.657152 1.54682  0.758667  
1.82876 0.595756 1.53534  0.766026  
1.15791 1.06762 1.52403  0.773338  
0.978881 1.32685 1.5129  0.780608  
1.8645 0.577067 1.50194  0.787838  
1.1354 1.09194 1.49114  0.795025  
1.40852 0.852494 1.48049  0.802185  
1.49079 0.795257 1.46999  0.80931  
1.70145 0.665567 1.45963  0.816406  
1.67331 0.681754 1.44942  0.823469  
1.58244 0.736268 1.43934  0.830516  
1.25085 0.978187 1.42939  0.837535  
1.59471 0.728694 1.41957  0.844535  
1.57021 0.743884 1.40987  0.851521  
1.81138 0.604983 1.40028  0.858492  
1.00223 1.27822 1.39081  0.86545  
1.27563 0.95665 1.38144  0.872406  
1.20397 1.02138 1.37219  0.879347  
1.63291 0.705552 1.36303  0.886288  
0.95504 1.39194 1.35397  0.893222  
0.949981 1.40979 1.345  0.900168  
1.74651 0.640242 1.33613  0.907114  
1.5585 0.751251 1.32734  0.914068  
0.932445 1.53314 1.31864  0.921025  
1.43934 0.830516 1.31004  0.927986  
1.18875 1.03619 1.30149  0.934984  
1.44942 0.823469 1.29302  0.94199  
0.986816 1.30918 1.28463  0.949015  
1.0625 1.18179 1.27631  0.956068  
1.76364 0.630795 1.26806  0.963143  
0.994557 1.29314 1.25987  0.970252  
1.65958 0.689772 1.25176  0.977385  
1.07666 1.16267 1.2437  0.984566  
1.23511 0.992312 1.23569  0.991788  
1.53534 0.766026 1.22774  0.999054  
1.45963 0.816406 1.21985  1.00636  
1.40028 0.858492 1.212  1.01373  
1.03974 1.21484 1.20421  1.02115  
1.39081 0.86545 1.19646  1.02864  
1.52403 0.773338 1.18875  1.03619  
1.04716 1.20372 1.18108  1.04382  
1.73123 0.648745 1.17346  1.05152  
1.2437 0.984566 1.16586  1.05932  
1.0693 1.17248 1.1583  1.06721  
1.09875 1.13463 1.15078  1.07519  
1.30245 0.934187 1.14328  1.08328  
1.10614 1.12567 1.13581  1.09148  
1.68734 0.673643 1.12836  1.09982  
1.08402 1.1531 1.12093  1.10829  
1.09139 1.14376 1.11353  1.1169  
1.15078 1.07519 1.10614  1.12567  
1.345 0.900168 1.09875  1.13463  
1.16586 1.05932 1.09139  1.14376  
1.35397 0.893222 1.08402  1.1531  
1.36303 0.886288 1.07666  1.16267  
1.19646 1.02864 1.0693  1.17248  
1.12836 1.09982 1.06193  1.18258  
1.28463 0.949015 1.05456  1.19297  
1.17346 1.05152 1.04716  1.20372  
1.21985 1.00636 1.03974  1.21484  
1.79456 0.613993 1.03232  1.22637  
1.31864 0.921025 1.02487  1.23839  
1.212 1.01373 1.01736  1.25099  
1.38144 0.872406 1.00982  1.26422  
1.18108 1.04382 1.00223  1.27822  
1.12093 1.10829 0.994557  1.29314  
1.33613 0.907114 0.986816  1.30918  
1.25987 0.970252 0.978977  1.32663  
1.29366 0.941457 0.971019  1.34592  
1.32734 0.914068 0.962913  1.36774  
1.90113 0.558281 0.954625  1.39332  
1.11353 1.1169 0.946078  1.42541  
1.37219 0.879347 0.937129  1.47346  
0.936122 1.48118 1.93216  0.542642  
1.01651 1.25245 0.932454  1.53269  
0.941467 1.4471 1.92223  0.547618  
1.86399 0.577331 1.90244  0.557616  
0.95169 1.4035 1.8832  0.567432  
1.39922 0.859267 1.8645  0.577067  
0.963181 1.36697 1.84633  0.586524  
1.73123 0.648749 1.82862  0.595833  
1.54682 0.758667 1.81138  0.604983  
1.00182 1.27899 1.79456  0.613993  
1.91657 0.550471 1.77816  0.622867  
1.46999 0.80931 1.76214  0.631616  
1.70166 0.665446 1.74651  0.640242  
1.03224 1.2265 1.73123  0.648749  
1.45964 0.816399 1.71628  0.657152  
1.5585 0.751252 1.70166  0.665446  
1.02401 1.23981 1.68734  0.673643  
1.43934 0.830516 1.67331  0.681754  
1.43008 0.837051 1.65958  0.689772  
1.09204 1.14294 1.64611  0.697706  
1.5027 0.787331 1.63291  0.705552  
0.97108 1.34576 1.61994  0.713337  
1.90114 0.558275 1.6072  0.721057  
1.0386 1.21659 1.59471  0.728694  
1.16578 1.0594 1.58244  0.736268  
1.77955 0.622113 1.57036  0.743794  
1.74651 0.640242 1.5585  0.751252  
1.53534 0.766026 1.54682  0.758667  
1.57036 0.743794 1.53534  0.766026  
1.65958 0.689772 1.52403  0.773338  
1.67331 0.681754 1.5129  0.780608  
1.76214 0.631616 1.50194  0.787838  
0.978977 1.32663 1.49114  0.795025  
0.994557 1.29314 1.48049  0.802185  
1.81138 0.604983 1.46999  0.80931  
1.593 0.729745 1.45964  0.816399  
0.932454 1.53269 1.44942  0.823469  
0.94666 1.42295 1.43934  0.830516  
1.82889 0.595687 1.42939  0.837535  
1.79583 0.613312 1.41957  0.844535  
1.00982 1.26422 1.40987  0.851521  
1.63135 0.706485 1.40028  0.858492  
1.44942 0.823469 1.39081  0.86545  
1.64611 0.697706 1.38144  0.872406  
1.88221 0.567938 1.37219  0.879348  
1.05456 1.19297 1.36303  0.886288  
1.6072 0.721057 1.35396  0.893232  
1.14328 1.08328 1.345  0.900168  
0.986816 1.30918 1.33613  0.907114  
1.08402 1.1531 1.32734  0.914064  
1.93216 0.542642 1.31864  0.921025  
1.41957 0.844535 1.31002  0.928002  
1.61844 0.71424 1.30149  0.934984  
1.0693 1.17248 1.29302  0.94199  
1.84624 0.586571 1.28463  0.949015  
1.17345 1.05153 1.27631  0.956064  
1.06193 1.18258 1.26806  0.963143  
1.49109 0.795056 1.25987  0.970252  
1.38079 0.872895 1.25176  0.977385  
1.58244 0.736268 1.2437  0.984566  
1.25176 0.977385 1.23569  0.991788  
1.68734 0.673643 1.22775  0.999047  
1.07666 1.16267 1.21985  1.00636  
1.71609 0.657259 1.212  1.01373  
1.5129 0.780608 1.20421  1.02115  
1.19646 1.02864 1.19646  1.02864  
1.15747 1.06808 1.18875  1.03619  
1.13581 1.09148 1.18108  1.04382  
1.32734 0.914064 1.17345  1.05153  
1.33613 0.907114 1.16586  1.05932  
1.48004 0.802487 1.1583  1.06721  
1.04716 1.20372 1.15078  1.07519  
1.31864 0.921025 1.14328  1.08328  
1.09875 1.13463 1.13581  1.09148  
1.345 0.900168 1.12836  1.09982  
1.39081 0.86545 1.12093  1.10829  
1.37219 0.879348 1.11353  1.1169  
1.10614 1.12567 1.10614  1.12567  
1.35396 0.893232 1.09875  1.13463  
1.28717 0.946881 1.09139  1.14376  
1.25987 0.970252 1.08402  1.1531  
1.12836 1.09982 1.07666  1.16267  
1.40987 0.851521 1.0693  1.17248  
1.18108 1.04382 1.06193  1.18258  
1.18875 1.03619 1.05456  1.19297  
1.52403 0.773338 1.04716  1.20372  
0.956647 1.38669 1.03976  1.21482  
1.20421 1.02115 1.03232  1.22637  
1.36303 0.886288 1.02487  1.23839  
1.11353 1.1169 1.01736  1.25099  
1.21985 1.00636 1.00982  1.26422  
1.12093 1.10829 1.00223  1.27822  
1.31002 0.928002 0.994557  1.29314  
1.212 1.01373 0.986816  1.30918  
1.22775 0.999047 0.978977  1.32663  
1.23569 0.991788 0.971019  1.34592  
1.27631 0.956064 0.962915  1.36773  
1.26806 0.963143 0.954625  1.39332  
1.2437 0.984566 0.946078  1.42541  
1.30149 0.934984 0.937129  1.47346  
0.936123 1.48117 1.93216  0.542642  
0.941487 1.44699 0.932454  1.53269  
0.932454 1.53269 1.92223  0.547618  
0.958077 1.38217 1.90244  0.557616  
0.951723 1.40338 1.8832  0.567432  
0.964305 1.3638 1.8645  0.577067  
1.70137 0.665609 1.84632  0.58653  
1.53561 0.765851 1.82862  0.595833  
0.978876 1.32686 1.81137  0.604984  
1.49114 0.795029 1.79456  0.613993  
1.61875 0.714057 1.77816  0.622867  
1.68734 0.673646 1.76214  0.631616  
1.58243 0.736274 1.74651  0.640242  
1.01737 1.25098 1.73123  0.648749  
1.7789 0.622467 1.71628  0.657152  
1.60555 0.722061 1.70166  0.665446  
1.73153 0.64858 1.68734  0.673646  
1.76214 0.631616 1.67331  0.681754  
1.03184 1.22714 1.65958  0.689772  
0.971035 1.34587 1.64611  0.697706  
1.5585 0.751252 1.63291  0.705552  
0.946664 1.42293 1.61994  0.713337  
1.00915 1.26543 1.6072  0.721055  
1.91684 0.550334 1.59471  0.728694  
1.08484 1.15206 1.58243  0.736274  
1.05443 1.19316 1.57036  0.743794  
1.67376 0.681499 1.5585  0.751252  
1.25088 0.978164 1.54682  0.758666  
1.64611 0.697706 1.53534  0.766026  
1.0241 1.23965 1.52403  0.773338  
1.5129 0.780608 1.5129  0.780608  
1.09146 1.14366 1.50194  0.787838  
1.35396 0.893232 1.49114  0.795029  
1.8823 0.567895 1.48049  0.802185  
1.84623 0.586579 1.46999  0.80931  
1.81195 0.604675 1.45964  0.816399  
1.06305 1.18103 1.44942  0.823469  
1.14298 1.08361 1.43934  0.830516  
1.15754 1.068 1.42939  0.837535  
1.90124 0.558224 1.41957  0.844535  
1.52473 0.772886 1.40987  0.851521  
1.26806 0.963143 1.40028  0.858492  
1.54682 0.758666 1.39081  0.86545  
1.48049 0.802185 1.38145  0.872403  
1.31067 0.927468 1.37219  0.879348  
0.986816 1.30918 1.36303  0.886288  
1.8645 0.577067 1.35396  0.893232  
1.63066 0.706896 1.345  0.90017  
1.93216 0.542642 1.33613  0.907114  
1.65958 0.689772 1.32734  0.914064  
1.44942 0.823469 1.31864  0.921025  
1.57036 0.743794 1.31002  0.928002  
1.38993 0.866104 1.30149  0.934984  
1.79541 0.613537 1.29302  0.94199  
1.17345 1.05153 1.28463  0.949015  
1.42939 0.837535 1.27631  0.956064  
1.46999 0.80931 1.26806  0.963143  
1.43934 0.830516 1.25987  0.970252  
0.994557 1.29314 1.25175  0.977394  
1.39942 0.85912 1.24369  0.984568  
1.59374 0.729286 1.23569  0.991786  
1.18108 1.04382 1.22774  0.999049  
1.36303 0.886288 1.21985  1.00636  
1.82883 0.595722 1.212  1.01373  
1.50194 0.787838 1.20421  1.02115  
1.345 0.90017 1.19646  1.02864  
1.41848 0.845316 1.18875  1.03619  
1.00223 1.27822 1.18108  1.04382  
1.71628 0.657152 1.17345  1.05153  
1.38145 0.872403 1.16586  1.05932  
1.45964 0.816399 1.1583  1.06721  
1.74651 0.640237 1.15078  1.07519  
1.33613 0.907114 1.14328  1.08328  
1.18875 1.03619 1.13581  1.09148  
1.04716 1.20372 1.12836  1.09982  
1.0693 1.17248 1.12093  1.10829  
1.28463 0.949015 1.11353  1.1169  
1.23569 0.991786 1.10614  1.12567  
1.29302 0.94199 1.09876  1.13462  
1.03976 1.21482 1.09139  1.14376  
1.32734 0.914064 1.08402  1.1531  
1.15078 1.07519 1.07666  1.16267  
1.27631 0.956064 1.0693  1.17248  
1.07666 1.16267 1.06193  1.18258  
1.212 1.01373 1.05456  1.19297  
1.21985 1.00636 1.04716  1.20372  
1.22774 0.999049 1.03976  1.21482  
1.09876 1.13462 1.03232  1.22637  
1.13581 1.09148 1.02487  1.23839  
1.10614 1.12567 1.01737  1.25098  
1.20421 1.02115 1.00982  1.26422  
1.11353 1.1169 1.00223  1.27822  
1.12836 1.09982 0.994557  1.29314  
1.16586 1.05932 0.986816  1.30918  
1.40987 0.851521 0.978977  1.32663  
1.30149 0.934984 0.971022  1.34591  
1.37192 0.879551 0.962915  1.36773  
1.12093 1.10829 0.954625  1.39332  
1.19646 1.02864 0.946078  1.42541  
1.25987 0.970252 0.937129  1.47346  
