7.00264 6.25974 7.00264  6.25974  
5.81711 5.5407 5.81711  5.5407  
6.87077 5.17888 6.87077  5.17888  
5.19914 6.91368 5.19914  6.91368  
7.8371 6.28742 7.8371  6.28742  
6.3235 6.89475 6.3235  6.89475  
7.03528 4.86418 7.03528  4.86418  
7.20217 5.92912 7.20217  5.92912  
6.28098 5.84671 6.28098  5.84671  
6.02553 5.02289 6.02553  5.02289  
6.44392 5.90145 6.44392  5.90145  
8.00921 5.24259 8.00921  5.24259  
4.46858 5.87914 4.46858  5.87914  
5.92109 5.48697 5.92109  5.48697  
5.36891 4.88515 5.36891  4.88515  
5.9325 4.76423 5.9325  4.76423  
7.26142 5.35003 7.26142  5.35003  
6.01631 5.98039 6.01631  5.98039  
6.28321 6.19603 6.28321  6.19603  
5.78897 6.15095 5.78897  6.15095  
6.376 4.39268 6.376  4.39268  
7.7225 4.59034 7.7225  4.59034  
6.33018 6.08714 6.33018  6.08714  
5.53966 6.0854 5.53966  6.0854  
6.05864 5.87992 6.05864  5.87992  
6.08746 6.68857 6.08746  6.68857  
5.88292 7.02198 5.88292  7.02198  
7.26029 7.03942 7.26029  7.03942  
5.85316 5.75266 5.85316  5.75266  
6.43312 6.6192 6.43312  6.6192  
4.91669 5.72022 4.91669  5.72022  
7.594 6.11587 7.594  6.11587  
6.25681 6.15025 6.25681  6.15025  
6.88203 4.95082 6.88203  4.95082  
6.90553 5.00262 6.90553  5.00262  
6.22391 4.83897 6.22391  4.83897  
7.23723 5.78623 7.23723  5.78623  
7.02386 5.62571 7.02386  5.62571  
6.2367 6.94163 6.2367  6.94163  
7.24543 5.70537 7.24543  5.70537  
6.94643 6.44275 6.94643  6.44275  
6.71941 5.58674 6.71941  5.58674  
5.45976 6.19749 5.45976  6.19749  
8.11022 5.18764 8.11022  5.18764  
7.22343 4.56951 7.22343  4.56951  
6.23669 6.00508 6.23669  6.00508  
6.35078 5.845 6.35078  5.845  
5.19404 5.95636 5.19404  5.95636  
5.00755 7.11214 5.00755  7.11214  
6.16024 5.70512 6.16024  5.70512  
5.91475 6.3912 5.91475  6.3912  
5.82725 6.74025 5.82725  6.74025  
6.49416 5.23597 6.49416  5.23597  
5.97059 5.82111 5.97059  5.82111  
6.17578 6.29126 6.17578  6.29126  
5.69488 6.36778 5.69488  6.36778  
7.28544 5.93792 7.28544  5.93792  
6.08064 5.04845 6.08064  5.04845  
3.9299 6.384 3.9299  6.384  
6.12447 6.191 6.12447  6.191  
5.34322 5.46737 5.34322  5.46737  
6.07861 5.87147 6.07861  5.87147  
8.00894 5.42898 8.00894  5.42898  
6.8231 6.72394 6.8231  6.72394  
6.69061 4.35925 6.69061  4.35925  
5.53367 6.5052 5.53367  6.5052  
6.13941 7.62965 6.13941  7.62965  
7.11774 4.76538 7.11774  4.76538  
6.89412 5.94045 6.89412  5.94045  
6.19594 6.28339 6.19594  6.28339  
7.0776 5.22773 7.0776  5.22773  
5.89139 6.37163 5.89139  6.37163  
5.45259 4.94894 5.45259  4.94894  
7.04819 5.39474 7.04819  5.39474  
6.44167 4.9359 6.44167  4.9359  
6.30883 5.69798 6.30883  5.69798  
7.85224 8.29722 7.85224  8.29722  
5.95554 7.52133 5.95554  7.52133  
6.55452 5.39102 6.55452  5.39102  
7.51519 4.93595 7.51519  4.93595  
8.1756 5.45524 8.1756  5.45524  
5.82513 5.69875 5.82513  5.69875  
7.01466 4.73203 7.01466  4.73203  
5.53698 6.32682 5.53698  6.32682  
5.65436 5.43699 5.65436  5.43699  
5.53763 6.44833 5.53763  6.44833  
6.53327 6.31395 6.53327  6.31395  
6.12507 6.75149 6.12507  6.75149  
7.81427 3.89721 7.81427  3.89721  
6.05091 5.84441 6.05091  5.84441  
6.47956 6.14891 6.47956  6.14891  
8.04601 6.33906 8.04601  6.33906  
6.99861 5.41236 6.99861  5.41236  
8.49465 5.16961 8.49465  5.16961  
5.71202 6.3478 5.71202  6.3478  
6.50092 5.96766 6.50092  5.96766  
6.03742 5.50234 6.03742  5.50234  
5.90035 5.06046 5.90035  5.06046  
6.4517 4.4166 6.4517  4.4166  
6.92433 7.79592 6.92433  7.79592  
3.41953 3.13842 4.36376  5.52272  
3.28163 3.25682 4.24682  5.91975  
3.8898 2.84567 5.17385  6.54956  
3.03223 3.60631 6.1991  4.3971  
3.27172 3.26375 6.4815  5.43765  
3.74664 2.92515 6.4718  4.84126  
3.97211 2.80209 6.17563  4.72679  
3.06664 3.52643 6.39725  4.71192  
3.07471 3.5111 5.88726  4.65585  
3.22827 3.30899 6.03048  4.53563  
3.62179 2.99846 6.73888  4.52205  
3.30168 3.23707 7.16475  4.35347  
3.85592 2.86306 6.79579  4.33757  
3.22402 3.31503 7.33892  4.31416  
3.78484 2.90171 6.43869  3.28787  
3.46397 3.10596 7.27515  3.84362  
3.20071 3.33844 6.85738  3.84326  
3.24591 3.28904 6.85461  3.68053  
3.53875 3.05341 6.04282  3.40808  
3.55989 3.03863 6.90909  3.61974  
3.48381 3.09246 6.65183  3.63818  
3.92491 2.82555 6.63995  3.70553  
3.04237 3.5781 5.81227  3.53086  
3.58972 3.01918 6.44494  3.75743  
3.01481 3.65708 5.73102  3.60335  
3.1254 3.43315 5.70581  3.64417  
3.45717 3.11315 5.66652  3.66413  
3.14302 3.40867 6.26569  3.87337  
3.08065 3.49689 5.65361  3.76093  
3.89981 2.83951 5.58206  3.78381  
3.67288 2.96898 5.70125  3.88285  
3.43356 3.12917 5.68714  3.94374  
3.20706 3.33296 5.48425  3.9005  
3.57816 3.02979 5.71338  3.94956  
3.03599 3.59557 5.60606  4.08887  
3.94515 2.81643 5.36522  4.01961  
3.25291 3.28257 5.38544  4.07945  
3.91943 2.83103 5.37185  4.13334  
3.0465 3.56843 5.43172  4.21903  
3.26065 3.27366 5.33093  4.2226  
3.6527 2.98038 5.55126  4.28155  
3.98929 2.79315 5.25281  4.36401  
3.37643 3.17282 5.08541  4.25574  
3.09999 3.46645 5.10814  4.33423  
3.17199 3.36988 5.22063  4.43573  
3.31441 3.22828 5.11266  4.47589  
3.05519 3.55706 4.9575  4.42645  
3.00214 3.72357 5.0496  4.57447  
3.17947 3.36241 4.65967  4.99445  
3.14812 3.40206 5.18993  4.85167  
3.36099 3.18653 4.91965  4.68495  
3.5023 3.07833 4.90637  4.71932  
3.38794 3.16665 4.81095  4.92626  
3.02116 3.63896 4.83266  4.82499  
3.34956 3.19494 4.70113  4.77922  
3.23606 3.2989 4.74309  4.87244  
3.6812 2.96432 4.68641  4.95222  
3.60499 3.00976 4.65452  4.95478  
3.13339 3.41784 4.61434  4.99592  
3.28949 3.24922 4.61594  5.0966  
3.29461 3.24273 4.53219  5.11664  
3.54565 3.04821 4.39477  4.94778  
3.50985 3.07247 4.48209  5.17811  
3.69478 2.95652 4.51875  5.2391  
3.81684 2.886 4.28443  5.03861  
3.21529 3.32269 3.26252  3.27289  
3.41015 3.14857 4.33846  5.30768  
3.19358 3.34569 4.2677  5.34166  
3.88075 2.85057 4.28752  5.43904  
3.79663 2.89552 4.18242  5.40526  
3.00907 3.67239 4.15933  5.52322  
3.84306 2.8724 4.2585  5.93  
3.44991 3.12037 4.07583  5.54933  
3.11108 3.45618 4.02883  5.613  
3.70983 2.9449 3.98866  5.61291  
3.52681 3.06239 3.96819  5.70526  
3.37208 3.17729 3.92303  5.71618  
3.83216 2.87531 3.87468  5.78275  
3.33588 3.20712 4.17158  6.44669  
3.80495 2.89135 3.8015  5.81691  
3.76655 2.91315 3.81983  6.02022  
3.57049 3.03402 3.98508  7.01732  
3.96308 2.80885 3.74129  6.2028  
3.18687 3.35231 3.63615  5.97522  
3.75786 2.91694 4.24983  6.8139  
3.86587 2.85859 4.45715  7.0005  
3.72139 2.94042 4.73054  5.77963  
3.32266 3.21892 4.75681  5.75071  
3.09373 3.47746 4.84773  6.29495  
3.16107 3.38555 4.87568  6.51502  
3.64069 2.98806 4.87809  6.22457  
3.39908 3.15832 5.00212  6.10468  
3.4782 3.09835 5.04235  5.81303  
3.11784 3.44392 5.0585  6.80569  
3.12959 3.42645 5.13843  6.73177  
3.49721 3.08417 5.16008  7.04417  
3.59754 3.01446 5.1937  5.65597  
3.73399 2.93534 5.44246  5.83259  
3.6303 2.99389 4.3254  5.29775  
3.08873 3.48713 4.95977  4.77017  
3.41392 3.14153 5.74645  4.43262  
3.27894 3.25591 3.46267  5.72248  
3.02457 3.61577 4.58171  4.10188  
3.11359 3.44401 5.15621  3.82001  
3.27005 3.26482 5.05456  3.76245  
3.74348 2.9241 5.0198  3.74414  
3.89156 2.84249 5.07595  3.64731  
3.06445 3.5251 5.53734  2.94244  
3.06872 3.51831 5.53955  2.96622  
3.71397 2.94133 5.14775  2.96343  
3.62179 2.99846 4.95984  3.59792  
3.29574 3.24144 5.53903  3.04015  
3.85575 2.86194 6.25618  3.59602  
3.5172 3.06639 5.43633  3.4178  
3.30413 3.23308 5.16669  3.09705  
3.05742 3.53797 5.70922  3.21407  
3.2051 3.33131 6.09312  3.39707  
3.24456 3.28856 4.86909  3.13462  
3.53664 3.05381 4.9087  3.1346  
3.46799 3.1029 4.77967  3.1752  
3.80078 2.89142 4.81327  3.2122  
3.92855 2.82463 4.98254  3.25804  
3.04233 3.57084 4.73191  3.24134  
3.98163 2.79733 4.87559  3.32339  
3.97011 2.80124 4.92043  3.3587  
3.22064 3.31369 4.65097  3.31342  
3.45899 3.10814 5.22759  3.52707  
3.14875 3.39774 4.84902  3.43823  
3.07853 3.49961 4.86244  3.43548  
3.90333 2.83615 4.75839  3.47291  
3.67495 2.96425 4.66848  3.47867  
3.4381 3.1229 4.77716  3.54938  
3.61267 3.0039 4.50699  3.47114  
3.16674 3.37537 4.69848  3.5831  
3.0304 3.60113 4.8195  3.57555  
3.93973 2.81764 4.63398  3.66138  
3.2535 3.27927 4.40317  3.55524  
3.91701 2.83021 4.42175  3.59783  
3.58411 3.02118 4.56548  3.72073  
3.25994 3.27324 4.56885  3.76856  
3.65825 2.97492 4.48875  3.75679  
3.99326 2.79037 4.35629  3.71692  
3.37643 3.17282 4.44218  3.81827  
3.09807 3.46727 4.43404  3.8396  
3.17202 3.36881 4.43085  3.88037  
3.30984 3.22736 4.35649  3.87052  
3.04882 3.55463 4.38269  3.94818  
3.00214 3.72357 4.32036  3.93199  
3.18129 3.35717 4.32537  4.01331  
3.15154 3.39317 4.39458  4.07687  
3.35443 3.18911 4.43943  3.9044  
3.50454 3.07484 4.21541  4.05682  
3.39281 3.15873 4.1516  4.05514  
3.01683 3.63872 4.13959  4.05392  
3.03487 3.59308 4.14058  4.12132  
3.42444 3.13384 4.1023  4.12806  
3.33239 3.20757 4.05763  4.12072  
3.60032 3.01065 4.05736  4.17819  
3.13861 3.41205 4.05821  4.23194  
3.28833 3.24717 4.01687  4.2466  
3.12999 3.4219 3.98388  4.24826  
3.54784 3.04665 3.94594  4.28197  
3.00734 3.67361 3.95171  4.33463  
3.68667 2.95798 3.90233  4.33271  
3.8187 2.88189 3.88478  4.36909  
3.21323 3.32143 3.85257  4.36433  
3.40482 3.15021 3.25202  3.28439  
3.19503 3.34127 3.81298  4.46532  
3.2363 3.29789 3.82829  4.57345  
3.78994 2.89734 3.74047  4.52113  
3.08421 3.49091 3.73344  4.51766  
3.84435 2.86819 3.71941  4.55679  
3.44513 3.11783 3.69116  4.6388  
3.10723 3.45332 3.67672  4.62852  
3.7008 2.94909 3.67625  4.72316  
3.52772 3.05881 3.61148  4.67412  
3.36675 3.17925 3.59223  4.7093  
3.83189 2.87414 3.5681  4.7112  
3.34443 3.1977 3.54969  4.77123  
3.88425 2.84711 3.48246  4.80736  
3.77026 2.90873 3.49373  4.79891  
3.57279 3.02931 3.57727  5.16566  
3.95897 2.80762 3.43595  4.85837  
3.18594 3.3515 3.40504  4.86465  
3.75645 2.91677 3.36947  4.9276  
3.86703 2.85499 3.35636  4.91627  
3.11916 3.43755 3.44726  5.58365  
3.32238 3.21647 3.58222  6.07198  
3.09068 3.47904 3.28739  5.00543  
3.15971 3.3828 3.6644  6.25201  
3.64449 2.98368 3.27184  5.37986  
3.23014 3.30361 3.6732  4.77074  
3.47536 3.0959 3.82807  6.19007  
2.99546 3.7881 3.1753  5.54474  
3.94706 2.81327 3.92211  4.51736  
3.48896 3.08612 3.15739  6.29504  
3.73103 2.93158 3.97815  4.85778  
3.56053 3.03783 3.98289  5.89108  
3.63182 2.99165 4.09573  4.98256  
3.38225 3.16676 4.51038  4.92454  
3.41173 3.14254 4.15521  3.01833  
3.27589 3.25765 4.41129  3.7597  
3.02667 3.60797 3.58768  4.8095  
3.11359 3.44401 4.50294  4.70581  
3.26837 3.26503 4.51375  4.63407  
3.74409 2.92262 3.46789  4.60716  
3.88849 2.84294 3.41092  4.39337  
3.06581 3.52136 4.69253  4.36388  
3.07254 3.50884 3.87749  4.24051  
3.32376 3.21424 3.71023  4.11626  
3.59439 3.01396 4.88149  4.11518  
3.29476 3.2401 4.55027  4.06798  
3.71353 2.94066 4.61281  3.98015  
3.51146 3.06895 4.44883  3.85127  
3.3074 3.22861 4.24446  2.96918  
3.05742 3.53797 4.34975  3.0086  
3.20332 3.33042 5.0945  3.75971  
3.23615 3.29589 5.7535  3.33897  
3.53491 3.0532 5.40048  3.2706  
3.4831 3.0892 4.44913  3.11064  
3.01152 3.65555 3.99983  3.0211  
3.9232 2.82458 4.89378  3.25056  
3.04233 3.57084 4.64823  3.21029  
3.98451 2.79385 4.91781  3.24349  
3.97011 2.80124 4.19771  3.14445  
3.22008 3.31334 4.83551  3.34569  
3.45957 3.10619 5.08474  3.48158  
3.14828 3.39566 4.41342  3.73408  
3.07618 3.50183 4.62102  3.39224  
3.89769 2.83781 4.09175  3.21521  
3.67381 2.96417 4.72037  3.50667  
3.4381 3.1229 4.68929  3.51345  
3.6137 3.00184 3.99153  3.24065  
3.16623 3.3737 3.99893  3.24291  
3.62099 2.99678 4.16916  3.35553  
3.49238 3.08273 3.89722  3.25692  
3.24953 3.2819 4.51118  3.68034  
3.91424 2.82932 4.2217  3.46785  
3.58273 3.02125 3.98871  3.37555  
3.25893 3.27389 3.91187  3.35801  
3.66144 2.97185 4.26415  3.55194  
3.99318 2.79002 3.90747  3.40406  
3.37964 3.1677 4.06301  3.54461  
3.09672 3.46848 3.87239  3.43318  
3.17225 3.36707 4.13219  3.60804  
3.84371 2.86703 4.21574  3.66362  
3.04959 3.5529 3.98185  3.6247  
3.00214 3.72357 3.81511  3.49878  
3.18015 3.35704 3.85168  3.56814  
2.99726 3.73709 3.91172  3.62839  
3.35511 3.18865 3.76589  3.54917  
3.49953 3.07767 3.76267  3.55908  
3.38849 3.16005 3.74048  3.58357  
3.0168 3.63879 3.80247  3.70815  
3.03307 3.59258 3.73397  3.64071  
3.42155 3.1345 3.70379  3.63038  
3.33379 3.20563 3.69364  3.80036  
3.60032 3.01065 3.6678  3.66799  
3.24211 3.29041 3.64609  3.67562  
3.28613 3.24795 3.64237  3.69563  
3.12916 3.42077 3.61252  3.70971  
3.54682 3.04518 3.5855  3.72982  
3.00661 3.67876 3.57352  3.72221  
3.686 2.95686 3.61019  3.73474  
3.81406 2.88318 3.60718  3.86581  
3.21105 3.32282 3.52273  3.7698  
3.39876 3.15285 3.25081  3.2819  
3.19499 3.34022 3.50684  3.81637  
3.80137 2.89047 3.48096  3.82576  
3.79121 2.89604 3.55888  4.04033  
3.08262 3.4914 3.45505  3.85464  
3.85517 2.86063 3.43926  3.8726  
3.44606 3.116 3.42188  3.89721  
3.10475 3.45632 3.47385  4.08339  
3.7003 2.94838 3.27496  4.10111  
3.52553 3.05929 3.37512  3.93319  
3.36715 3.17772 3.36936  3.95382  
3.83205 2.87301 3.34743  3.97846  
3.34659 3.19485 3.33079  3.98555  
3.87872 2.84799 3.3141  4.00385  
3.0212 3.62507 3.29097  4.0973  
3.57083 3.02913 3.27971  4.03092  
3.95897 2.80762 3.24031  4.0968  
3.18484 3.35159 3.25115  4.06631  
3.76035 2.91335 3.23929  4.08357  
3.86578 2.85502 3.32386  4.15235  
3.1203 3.43304 3.20539  4.10399  
3.31748 3.21996 3.18924  4.12664  
3.08979 3.47975 3.19856  4.36556  
3.15711 3.38548 3.1552  4.15677  
3.64497 2.98178 3.17148  4.44034  
3.22733 3.3054 3.15403  4.52135  
3.47135 3.09762 3.13473  4.64263  
2.99546 3.7881 3.15356  5.08093  
3.94311 2.81445 3.14743  5.35693  
3.13748 3.40962 3.11828  5.45586  
3.73022 2.93077 3.24614  5.41882  
3.55931 3.03677 3.3058  5.27765  
3.63001 2.99147 3.39447  6.01588  
3.77198 2.90663 3.40911  5.21835  
3.24032 3.121 3.88588  3.09894  
2.90237 3.46303 3.9314  3.30199  
3.03845 3.2934 4.0874  3.03357  
3.60981 2.88636 4.22876  2.80855  
3.34448 3.04783 4.75092  3.00503  
3.69968 2.83791 4.10102  2.8324  
2.79352 3.74423 4.63744  2.85759  
2.82084 3.62728 4.24641  2.87671  
3.13403 3.20574 4.39191  2.88894  
3.21138 3.14296 3.87924  2.87426  
3.50978 2.94312 4.58585  2.9595  
3.26778 3.1022 4.68883  2.90465  
3.55125 2.92041 4.20315  2.96062  
3.42511 2.9946 3.85356  2.922  
3.36764 3.03193 4.23116  3.0122  
3.33413 3.05608 3.74119  2.93246  
3.02822 3.30389 3.73765  2.94928  
3.67706 2.85004 3.84344  2.97395  
3.14301 3.19966 3.9314  3.00538  
3.10881 3.22794 3.88241  3.02816  
3.30527 3.0743 3.94274  3.0022  
3.59456 2.89571 3.76788  3.02866  
3.43585 2.98784 3.76985  3.03158  
2.9934 3.34207 3.46219  2.9767  
3.79208 2.79114 3.82124  3.04702  
3.57898 2.90295 3.59399  3.03517  
3.68962 2.84471 3.83935  3.05929  
3.76544 2.80444 3.86278  3.10319  
2.93687 3.41105 3.68832  3.11779  
3.31296 3.06858 3.61273  3.10803  
3.06485 3.2683 3.56761  3.10607  
3.62082 2.88158 3.52209  3.10559  
3.15172 3.1908 3.60407  3.15276  
3.71124 2.8319 3.55104  3.14571  
2.85928 3.5321 3.55173  3.16526  
3.50049 2.94871 3.41332  3.11194  
3.07358 3.259 3.60565  3.17169  
2.83057 3.59998 3.66993  3.28777  
3.08616 3.24959 3.37481  3.13916  
2.91477 3.4401 3.7393  3.28805  
3.2203 3.13565 3.59919  3.33214  
3.99318 2.79002 3.48334  3.29871  
2.87144 3.51061 3.34215  3.17647  
2.79723 3.72093 3.46713  3.28959  
3.18531 3.16431 3.4449  3.28684  
3.01881 3.31327 3.35876  3.2385  
3.77687 2.79965 3.4111  3.30374  
3.65021 2.86469 3.49752  3.3699  
3.7273 2.82439 3.40759  3.3472  
3.25603 3.11024 3.38528  3.35084  
3.40612 3.0064 3.27157  3.25645  
3.05002 3.28201 3.36196  3.37326  
3.47299 2.96539 3.28486  3.3157  
3.17449 3.173 3.45579  3.53999  
3.67003 2.85364 3.23523  3.29945  
3.41554 3.00111 3.31342  3.49005  
3.3848 3.02102 3.29821  3.4225  
2.80081 3.69026 3.3097  3.46423  
2.8522 3.54904 3.24251  3.39533  
3.73456 2.82105 3.18188  3.34112  
2.89052 3.47628 3.27559  3.5041  
2.92205 3.43101 3.16265  3.36045  
3.63447 2.87254 3.27878  3.51426  
3.56414 2.91245 3.14696  3.38244  
3.00942 3.32352 3.13471  3.39326  
3.39796 3.01342 3.22636  3.59081  
2.82161 3.6165 3.27425  3.66567  
2.95997 3.38037 3.22349  3.70158  
3.48577 2.95821 3.12308  3.48612  
3.0584 3.27491 3.11153  3.49861  
2.96816 3.3713 3.01881  3.31327  
3.09542 3.24117 3.1018  3.54202  
2.80715 3.67129 3.07869  3.53444  
3.356 3.03911 3.11117  3.66411  
2.87932 3.49514 3.06153  3.56776  
3.29325 3.08258 3.03071  3.50265  
3.23277 3.12719 3.102  3.67465  
2.97407 3.36395 3.01267  3.52715  
3.00019 3.33347 3.02475  3.64344  
3.12356 3.21559 3.05896  3.79575  
3.27535 3.09549 3.07319  3.79962  
3.752 2.81148 2.85437  4.40561  
3.45165 2.97905 3.02385  3.88828  
3.192 3.1598 2.97104  4.2499  
2.83412 3.58524 2.90916  4.12649  
3.54131 2.92642 2.97208  3.8195  
2.8114 3.65041 2.9597  3.8316  
2.86364 3.52288 2.93629  3.79353  
3.53144 2.93103 2.91007  3.72893  
2.90563 3.45358 2.89591  3.70517  
3.4634 2.97173 2.88987  3.70143  
3.32345 3.06145 2.89087  3.89024  
2.95102 3.39161 2.89109  3.91033  
3.37553 3.02676 2.86267  3.83766  
2.84187 3.56637 2.87102  4.1068  
3.20186 3.15138 2.84793  4.05788  
3.16059 3.18376 2.84252  4.14584  
2.816 3.64197 2.82883  4.49924  
2.94382 3.40021 2.81824  4.55338  
2.98292 3.35313 3.34183  3.62917  
3.48958 2.94535 3.79015  2.78136  
3.70556 2.82515 2.78857  3.76418  
2.79116 3.72924 3.78508  2.78581  
2.98514 3.34051 3.76509  2.79588  
3.10034 3.22365 3.74703  2.80386  
3.589 2.88794 3.72389  2.81577  
2.9024 3.44509 3.70556  2.82515  
3.2865 3.07694 3.68799  2.83429  
3.25924 3.09621 3.67173  2.84365  
3.60598 2.87849 3.65347  2.85282  
3.62018 2.8702 3.6376  2.86192  
3.17546 3.16022 3.62018  2.8703  
3.63784 2.86113 3.60524  2.87916  
3.72358 2.81593 3.59064  2.88792  
3.45133 2.96769 3.57327  2.89602  
3.35901 3.02803 3.56024  2.90433  
2.80594 3.6538 3.5458  2.9124  
3.27761 3.08381 3.53106  2.92071  
2.80093 3.67679 3.51914  2.92882  
2.88086 3.47871 3.5052  2.93684  
3.15863 3.17441 3.49177  2.94499  
3.68083 2.83804 3.47871  2.95266  
2.86536 3.50636 3.46616  2.96062  
3.57305 2.89602 3.45133  2.96769  
3.29616 3.06963 3.44095  2.97571  
3.07521 3.24707 3.42931  2.98344  
3.09194 3.2317 3.41671  2.99063  
2.85856 3.51818 3.40448  2.99774  
3.18401 3.15384 3.39222  3.00516  
2.93354 3.4032 3.38306  3.0132  
3.38017 3.01393 3.37049  3.01991  
2.99911 3.32338 3.36056  3.02765  
3.0218 3.29965 3.34832  3.03427  
3.36776 3.02147 3.33793  3.0417  
2.85062 3.53399 3.3274  3.04856  
2.87452 3.49034 3.31691  3.05599  
3.3477 3.03443 3.30635  3.06285  
3.42773 2.9836 3.29616  3.06963  
2.94086 3.39352 3.2865  3.07694  
3.22885 3.11916 3.27707  3.08416  
3.11667 3.21012 3.26637  3.09041  
3.21959 3.12576 3.25802  3.09835  
3.31657 3.05599 3.2477  3.10471  
3.20934 3.13389 3.2388  3.11237  
2.91115 3.43325 3.22948  3.11916  
3.12477 3.20267 3.21999  3.12544  
2.96264 3.3663 3.21219  3.13369  
3.20204 3.13941 3.202  3.13965  
2.97012 3.35781 3.19349  3.14692  
3.3274 3.04851 3.18401  3.15384  
3.65353 2.85251 3.17546  3.16022  
3.5052 2.93648 3.16835  3.16847  
3.08427 3.23886 3.15863  3.17454  
3.30635 3.06285 3.15027  3.18164  
2.7966 3.69431 3.1413  3.1885  
3.19349 3.14692 3.13294  3.19534  
2.81907 3.61274 3.12477  3.20267  
2.78857 3.76418 3.11683  3.21007  
3.01491 3.30707 3.10811  3.21722  
2.92558 3.41286 3.10033  3.22401  
3.51914 2.92882 3.09244  3.23165  
3.33793 3.0417 3.08449  3.23879  
3.43904 2.9763 3.07678  3.24646  
3.24764 3.10459 3.06838  3.25309  
2.83611 3.56713 3.06126  3.26161  
3.26637 3.09041 3.05287  3.26778  
3.41529 2.99122 3.04544  3.27666  
3.05287 3.26778 3.03748  3.28338  
3.06139 3.25983 3.03029  3.29161  
3.53106 2.92071 3.02266  3.29951  
3.79015 2.78136 3.01491  3.30707  
3.03772 3.28286 3.00726  3.31546  
3.39222 3.00516 2.99955  3.32316  
3.03044 3.29073 2.99269  3.33216  
2.91909 3.42164 2.98514  3.34046  
3.10788 3.21722 2.97771  3.34902  
2.97744 3.34908 2.97025  3.35781  
2.99065 3.333 2.96279  3.3663  
2.89645 3.45473 2.95536  3.37523  
3.54911 2.90976 2.94853  3.38609  
3.68799 2.83429 2.94072  3.39409  
3.47802 2.95277 2.9333  3.40347  
3.46687 2.95975 2.92562  3.41286  
2.84327 3.54879 2.91855  3.4242  
3.00696 3.31547 2.91097  3.43385  
3.76734 2.79266 2.90334  3.44495  
3.40448 2.99774 2.89613  3.45542  
3.66809 2.84539 2.88872  3.46811  
3.1413 3.1885 2.88116  3.47868  
2.82693 3.59015 2.874  3.49353  
3.15029 3.18142 2.86603  3.50529  
2.95529 3.37523 2.85856  3.52069  
2.81302 3.62683 2.85082  3.53386  
2.9486 3.38268 2.84327  3.54899  
2.88905 3.46652 2.83532  3.57053  
3.56085 2.90378 2.8273  3.59015  
3.74082 2.80696 2.81907  3.61274  
3.23828 3.1126 2.81076  3.63579  
3.16835 3.16713 2.80233  3.67561  
3.13293 3.19532 2.79316  3.7191  
2.44737 1.05984 2.5847  0.988631  
1.59737 1.87677 1.58495  1.97992  
2.48144 1.04167 2.57485  0.993567  
1.58667 1.94621 2.555  1.00359  
2.51708 1.02304 2.53588  1.01335  
2.27244 1.15935 2.51708  1.02304  
2.46425 1.0508 2.49895  1.03247  
2.13302 1.24818 2.48144  1.04167  
2.36885 1.10312 2.46392  1.05097  
1.59041 1.91416 2.44707  1.06  
2.55369 1.00426 2.43107  1.06865  
1.58495 1.97992 2.41466  1.07762  
2.32584 1.12775 2.39935  1.08606  
1.71527 1.62744 2.38382  1.09471  
1.61048 1.82853 2.36885  1.10312  
2.10198 1.26944 2.35424  1.11141  
2.28622 1.15108 2.33985  1.11965  
2.5847 0.988631 2.32584  1.12775  
1.64679 1.73973 2.31208  1.13578  
1.66156 1.71163 2.29868  1.14367  
2.40061 1.08537 2.28554  1.15148  
1.80392 1.52053 2.27244  1.15935  
2.00644 1.33926 2.25994  1.16692  
2.25861 1.16773 2.24728  1.17466  
2.1546 1.23374 2.23496  1.18226  
2.03386 1.31848 2.22289  1.18979  
2.12211 1.25558 2.21111  1.1972  
2.05194 1.30512 2.19935  1.20466  
1.60401 1.85023 2.1879  1.212  
1.93771 1.39454 2.17658  1.21932  
2.41466 1.07762 2.16535  1.22666  
2.38382 1.09471 2.1546  1.23374  
2.21111 1.1972 2.14369  1.241  
2.0721 1.29053 2.13302  1.24818  
2.16535 1.22666 2.12247  1.25534  
2.22221 1.19021 2.11248  1.26218  
2.11248 1.26218 2.10198  1.26944  
2.49895 1.03247 2.0919  1.27649  
1.95398 1.381 2.08193  1.28352  
2.33985 1.11965 2.0721  1.29053  
1.90347 1.4241 2.06244  1.29748  
2.06312 1.29699 2.05278  1.30451  
1.96368 1.37307 2.04338  1.31142  
2.43107 1.06865 2.03394  1.31842  
2.08202 1.28346 2.02465  1.32539  
1.62348 1.79208 2.01552  1.33231  
1.68376 1.67408 2.00644  1.33926  
2.17669 1.21925 1.99751  1.34617  
2.24728 1.17466 1.98852  1.35321  
1.63912 1.75565 1.97978  1.36013  
2.35386 1.11163 1.97105  1.36712  
2.31208 1.13578 1.96246  1.37406  
1.98852 1.35321 1.95398  1.381  
1.69968 1.64972 1.94554  1.38799  
1.65449 1.7247 1.93712  1.39504  
1.78809 1.53775 1.92885  1.40205  
1.61731 1.80845 1.92056  1.40917  
2.53588 1.01335 1.91242  1.41623  
1.66988 1.69699 1.90429  1.42338  
1.6774 1.68436 1.89624  1.43054  
1.69226 1.66086 1.88815  1.43784  
1.72183 1.61847 1.88025  1.44506  
1.70705 1.63901 1.87237  1.45236  
2.14369 1.241 1.86448  1.45977  
2.29868 1.14367 1.85671  1.46716  
1.92056 1.40917 1.84891  1.4747  
1.94554 1.38799 1.84129  1.48217  
1.72918 1.60867 1.83358  1.48984  
1.78081 1.5459 1.82591  1.49759  
1.7365 1.59915 1.81834  1.50536  
1.74388 1.58979 1.81086  1.51317  
1.75855 1.5718 1.80328  1.5212  
2.04338 1.31142 1.7958  1.52928  
1.75131 1.58058 1.78822  1.53761  
2.1879 1.212 1.78081  1.5459  
1.7958 1.52928 1.77346  1.55428  
1.81086 1.51317 1.76614  1.5628  
1.82591 1.49759 1.75855  1.5718  
1.77346 1.55428 1.75131  1.58058  
1.83358 1.48984 1.74388  1.58979  
2.19935 1.20466 1.7365  1.59915  
2.23496 1.18226 1.72918  1.60867  
1.76614 1.5628 1.72183  1.61847  
1.59398 1.89312 1.71443  1.6286  
1.63147 1.77268 1.70705  1.63901  
1.99751 1.34617 1.69968  1.64972  
1.84129 1.48217 1.69226  1.66086  
1.87237 1.45236 1.68478  1.67247  
1.88025 1.44506 1.6774  1.68436  
2.02465 1.32539 1.66988  1.69699  
1.88815 1.43784 1.66226  1.71036  
2.56902 0.996502 1.6545  1.72467  
2.01552 1.33231 1.64707  1.73916  
1.85671 1.46716 1.63912  1.75565  
1.97978 1.36013 1.63147  1.77268  
2.0919 1.27649 1.62348  1.79208  
1.86448 1.45977 1.6154  1.81382  
1.91242 1.41623 1.60711  1.83943  
1.84891 1.4747 1.5986  1.87141  
1.92885 1.40205 1.5894  1.92132  
2.51654 1.02332 2.58468  0.988639  
1.59743 1.87651 1.58498  1.97863  
1.58678 1.94488 2.57479  0.9936  
1.60415 1.84973 2.55495  1.00362  
2.14366 1.24102 2.53574  1.01342  
2.10195 1.26946 2.51704  1.02305  
2.09187 1.27651 2.49884  1.03253  
2.54994 1.00617 2.48117  1.04181  
2.15446 1.23384 2.46392  1.05097  
1.59045 1.91392 2.44707  1.06  
2.13301 1.24819 2.43068  1.06887  
1.94554 1.38799 2.41468  1.07761  
1.70671 1.6395 2.39904  1.08623  
1.61676 1.80998 2.38375  1.09474  
2.1225 1.25531 2.36881  1.10314  
1.64682 1.73966 2.35419  1.11144  
1.67692 1.68515 2.33986  1.11964  
2.22275 1.18988 2.32584  1.12775  
2.33986 1.11964 2.31211  1.13577  
1.72993 1.60768 2.29865  1.14369  
1.594 1.89304 2.28541  1.15156  
2.16543 1.2266 2.27246  1.15934  
1.61077 1.82762 2.25972  1.16706  
2.07105 1.29128 2.24728  1.17466  
1.58498 1.97863 2.23496  1.18226  
2.39904 1.08623 2.22288  1.18979  
2.02471 1.32535 2.21102  1.19725  
1.92884 1.40206 2.19935  1.20466  
2.08192 1.28353 2.18787  1.21202  
1.63142 1.77282 2.17655  1.21934  
2.18787 1.21202 2.16543  1.2266  
2.05279 1.3045 2.15446  1.23384  
2.44801 1.05949 2.14366  1.24102  
2.49872 1.03259 2.13301  1.24819  
1.66955 1.69755 2.1225  1.25531  
2.28703 1.15059 2.11215  1.2624  
2.43113 1.06862 2.10195  1.26946  
2.53484 1.01388 2.09187  1.27651  
2.29896 1.14351 2.08192  1.28353  
2.06188 1.29789 2.0721  1.29053  
2.25972 1.16706 2.06238  1.29752  
2.23431 1.18267 2.05279  1.3045  
1.63934 1.75517 2.04333  1.31145  
1.78793 1.53793 2.03397  1.3184  
2.11215 1.2624 2.02471  1.32535  
1.69177 1.66159 2.01555  1.33228  
1.65422 1.72522 2.00648  1.33923  
1.88821 1.43778 1.99751  1.34617  
1.62354 1.79192 1.98863  1.35313  
1.66157 1.71161 1.97987  1.36006  
2.46443 1.0507 1.97116  1.36703  
2.19935 1.20466 1.96255  1.37399  
1.68472 1.67257 1.95401  1.38098  
2.35419 1.11144 1.94554  1.38799  
2.31378 1.13478 1.93715  1.39501  
2.48117 1.04181 1.92884  1.40206  
2.17724 1.21889 1.92059  1.40913  
2.38375 1.09474 1.91238  1.41627  
1.90428 1.42339 1.90428  1.42339  
2.36881 1.10314 1.89622  1.43056  
2.27246 1.15934 1.88821  1.43778  
1.93715 1.39501 1.88027  1.44504  
1.71445 1.62858 1.87237  1.45236  
1.95401 1.38098 1.86452  1.45973  
2.21102 1.19725 1.85673  1.46715  
1.81837 1.50533 1.84897  1.47464  
2.00648 1.33923 1.84126  1.4822  
2.32584 1.12775 1.8336  1.48982  
1.99751 1.34617 1.82597  1.49753  
1.87237 1.45236 1.81837  1.50533  
1.76605 1.5629 1.81082  1.5132  
1.80973 1.51436 1.80328  1.5212  
1.86452 1.45973 1.7958  1.52928  
2.58468 0.988639 1.78833  1.53748  
2.24728 1.17466 1.78089  1.54581  
1.92059 1.40913 1.77346  1.55428  
1.82597 1.49753 1.76605  1.5629  
1.96255 1.37399 1.75866  1.57167  
2.0338 1.31853 1.75127  1.58063  
1.83409 1.48933 1.74391  1.58976  
1.77346 1.55428 1.73655  1.5991  
1.84897 1.47464 1.72918  1.60867  
2.56926 0.996383 1.72182  1.61849  
1.91238 1.41627 1.71445  1.62858  
1.97116 1.36703 1.70707  1.63898  
2.41537 1.07723 1.69968  1.64972  
2.04333 1.31145 1.69227  1.66083  
1.72182 1.61849 1.68485  1.67236  
1.98036 1.35967 1.67737  1.68442  
1.7958 1.52928 1.66989  1.69697  
1.85673 1.46715 1.66232  1.71025  
1.73655 1.5991 1.65474  1.72424  
1.74391 1.58976 1.64707  1.73916  
1.75866 1.57167 1.63934  1.75517  
1.69968 1.64972 1.63149  1.77264  
1.89622 1.43056 1.62354  1.79192  
1.78089 1.54581 1.61544  1.81372  
1.88025 1.44506 1.60714  1.83933  
2.01555 1.33228 1.5986  1.87141  
1.75127 1.58063 1.58964  1.91953  
2.13279 1.24833 2.58468  0.988639  
1.68365 1.67426 1.58498  1.97863  
1.58678 1.94488 2.57476  0.993614  
1.594 1.89302 2.55495  1.00362  
2.53481 1.0139 2.53574  1.01342  
2.55362 1.00429 2.51704  1.02305  
2.04333 1.31145 2.49884  1.03253  
1.59046 1.91382 2.48117  1.04181  
2.44811 1.05944 2.46389  1.05099  
2.35418 1.11144 2.44707  1.06  
1.59918 1.86894 2.43068  1.06887  
1.67637 1.68606 2.41467  1.07761  
2.33986 1.11964 2.39904  1.08623  
1.61246 1.82245 2.38374  1.09475  
2.11215 1.2624 2.36881  1.10314  
2.31211 1.13577 2.35418  1.11144  
1.64661 1.74008 2.33986  1.11964  
2.28377 1.15254 2.32584  1.12775  
2.49868 1.03261 2.31211  1.13577  
2.41555 1.07713 2.29863  1.1437  
2.03329 1.31891 2.28541  1.15156  
2.02471 1.32535 2.27246  1.15934  
2.51656 1.0233 2.25973  1.16705  
2.12251 1.25531 2.24724  1.17469  
2.10194 1.26947 2.23495  1.18227  
1.65441 1.72485 2.22288  1.18979  
2.19934 1.20466 2.21102  1.19725  
2.43068 1.06887 2.19934  1.20466  
2.0528 1.30449 2.18785  1.21203  
1.90369 1.42391 2.17655  1.21934  
1.78806 1.53778 2.16543  1.2266  
2.25785 1.1682 2.15446  1.23384  
1.60424 1.84941 2.14366  1.24102  
2.32584 1.12775 2.13301  1.24819  
2.16543 1.2266 2.12251  1.25531  
2.56984 0.996088 2.11215  1.2624  
2.08191 1.28354 2.10194  1.26947  
2.29863 1.1437 2.09187  1.27651  
2.18837 1.21169 2.08191  1.28354  
1.62354 1.79192 2.07209  1.29054  
2.48117 1.04181 2.06239  1.29752  
2.27246 1.15934 2.0528  1.30449  
1.63932 1.75521 2.04333  1.31145  
1.58498 1.97863 2.03396  1.3184  
2.14366 1.24102 2.02471  1.32535  
1.66909 1.69834 2.01555  1.33229  
2.38546 1.09379 2.00648  1.33923  
2.46447 1.05067 1.99752  1.34617  
1.98912 1.35274 1.98865  1.35311  
2.21102 1.19725 1.97987  1.36006  
1.66234 1.71022 1.97116  1.36703  
1.70707 1.63898 1.96255  1.37399  
1.74415 1.58945 1.954  1.38099  
1.88821 1.43779 1.94554  1.38799  
2.58468 0.988639 1.93715  1.39501  
2.22268 1.18992 1.92883  1.40207  
2.39904 1.08623 1.92059  1.40913  
1.97116 1.36703 1.91239  1.41625  
1.72209 1.61812 1.90428  1.42339  
2.07319 1.28975 1.89622  1.43056  
1.88026 1.44505 1.88821  1.43779  
1.92059 1.40913 1.88026  1.44505  
2.17655 1.21934 1.87237  1.45236  
2.0925 1.27606 1.86452  1.45973  
1.6314 1.77286 1.85673  1.46715  
2.15446 1.23384 1.84897  1.47464  
1.61883 1.80428 1.84127  1.48219  
1.69968 1.64972 1.8336  1.48982  
2.24713 1.17475 1.82597  1.49753  
1.69227 1.66083 1.81838  1.50532  
1.71445 1.62858 1.81082  1.5132  
2.06239 1.29752 1.80328  1.5212  
1.7958 1.52928 1.7958  1.52928  
2.01555 1.33229 1.78833  1.53748  
1.93737 1.39484 1.78088  1.54582  
2.23403 1.18284 1.77346  1.55428  
1.99752 1.34617 1.76605  1.5629  
1.73684 1.59872 1.75866  1.57167  
1.80328 1.5212 1.75128  1.58062  
2.36881 1.10314 1.74391  1.58976  
2.00648 1.33923 1.73654  1.5991  
1.75128 1.58062 1.72918  1.60867  
1.77346 1.55428 1.72182  1.61848  
1.72918 1.60867 1.71445  1.62858  
1.78088 1.54582 1.70707  1.63898  
1.85673 1.46715 1.69968  1.64972  
1.76605 1.5629 1.69227  1.66083  
1.97987 1.36006 1.68485  1.67236  
1.91239 1.41625 1.67738  1.6844  
1.92883 1.40207 1.66989  1.69698  
1.75866 1.57167 1.66234  1.71022  
1.81566 1.50815 1.65475  1.72421  
1.82597 1.49753 1.64707  1.73916  
1.84127 1.48219 1.63932  1.75521  
1.86452 1.45973 1.6315  1.77263  
1.84897 1.47464 1.62354  1.79192  
1.95478 1.38035 1.61544  1.81372  
1.8336 1.48982 1.60714  1.83933  
1.87237 1.45236 1.5986  1.87141  
1.94554 1.38799 1.58964  1.91953  
2.02471 1.32535 2.58468  0.988639  
1.61247 1.82243 1.58498  1.97858  
1.58679 1.94481 2.57476  0.993614  
1.594 1.89302 2.55495  1.00362  
2.53483 1.01389 2.53574  1.01342  
2.23495 1.18227 2.51704  1.02305  
2.48114 1.04183 2.49884  1.03253  
1.59046 1.91382 2.48114  1.04183  
1.89538 1.43131 2.46389  1.05099  
1.60259 1.85547 2.44708  1.05999  
1.58498 1.97858 2.43068  1.06887  
2.14366 1.24102 2.41467  1.07761  
2.03364 1.31864 2.39903  1.08624  
1.82523 1.49829 2.38374  1.09475  
1.72198 1.61827 2.36881  1.10315  
1.65434 1.72499 2.35418  1.11144  
2.46389 1.05099 2.33986  1.11964  
2.41467 1.07761 2.32584  1.12775  
2.18786 1.21202 2.31211  1.13577  
2.35381 1.11165 2.29863  1.1437  
1.88026 1.44505 2.28541  1.15156  
2.51704 1.02305 2.27246  1.15934  
2.19934 1.20466 2.25973  1.16705  
1.69181 1.66154 2.24724  1.17469  
1.61887 1.80418 2.23495  1.18227  
2.39903 1.08624 2.22288  1.18979  
2.44708 1.05999 2.21101  1.19725  
2.25826 1.16794 2.19934  1.20466  
1.6393 1.75526 2.18786  1.21202  
2.58468 0.988639 2.17655  1.21934  
2.49884 1.03253 2.16543  1.2266  
1.75896 1.57131 2.15446  1.23384  
1.64693 1.73945 2.14366  1.24102  
1.91252 1.41614 2.13301  1.24818  
2.09259 1.27601 2.12251  1.25531  
2.43182 1.06825 2.11215  1.2624  
2.55361 1.0043 2.10194  1.26947  
2.24671 1.17501 2.09187  1.27651  
1.66234 1.71022 2.08191  1.28354  
1.62354 1.79192 2.07209  1.29054  
1.9449 1.38852 2.06239  1.29752  
2.11215 1.2624 2.0528  1.30449  
1.60755 1.83795 2.04333  1.31145  
2.28705 1.15059 2.03396  1.3184  
2.00648 1.33923 2.02471  1.32535  
1.66989 1.69698 2.01555  1.33229  
2.07281 1.29002 2.00648  1.33923  
1.70707 1.63898 1.99752  1.34617  
2.31016 1.13691 1.98865  1.35311  
1.67738 1.6844 1.97987  1.36006  
2.57006 0.99598 1.97117  1.36702  
1.6315 1.77263 1.96254  1.374  
1.68485 1.67236 1.954  1.38099  
1.59741 1.87657 1.94554  1.38799  
1.80256 1.52198 1.93715  1.39501  
1.87237 1.45236 1.92883  1.40207  
1.71445 1.62858 1.92058  1.40914  
1.81082 1.5132 1.91239  1.41625  
2.10194 1.26947 1.90428  1.42339  
1.74391 1.58976 1.89622  1.43056  
2.12251 1.25531 1.88821  1.43779  
1.72918 1.60867 1.88026  1.44505  
2.15532 1.23327 1.87237  1.45236  
2.16543 1.2266 1.86452  1.45973  
2.29863 1.1437 1.85673  1.46715  
2.38374 1.09475 1.84897  1.47464  
2.32584 1.12775 1.84127  1.48219  
2.27246 1.15934 1.8336  1.48982  
1.92058 1.40914 1.82597  1.49753  
1.86452 1.45973 1.81838  1.50532  
1.8336 1.48982 1.81082  1.5132  
1.78088 1.54582 1.80329  1.52119  
1.75128 1.58062 1.7958  1.52928  
1.84127 1.48219 1.78833  1.53748  
2.21101 1.19725 1.78088  1.54582  
2.36881 1.10315 1.77346  1.55428  
2.33986 1.11964 1.76605  1.5629  
2.13301 1.24818 1.75866  1.57167  
2.06333 1.29684 1.75128  1.58062  
2.04333 1.31145 1.74391  1.58976  
1.73654 1.5991 1.73654  1.5991  
2.0528 1.30449 1.72918  1.60867  
1.69968 1.64972 1.72182  1.61848  
1.76605 1.5629 1.71445  1.62858  
2.08191 1.28354 1.70707  1.63898  
2.22288 1.18979 1.69968  1.64972  
1.99752 1.34617 1.69227  1.66083  
1.78833 1.53748 1.68485  1.67236  
1.77346 1.55428 1.67738  1.6844  
1.954 1.38099 1.66989  1.69698  
2.01555 1.33229 1.66234  1.71022  
1.84897 1.47464 1.65475  1.72421  
1.85673 1.46715 1.64708  1.73913  
1.92883 1.40207 1.63934  1.75518  
2.1771 1.21898 1.6315  1.77263  
1.96254 1.374 1.62354  1.79192  
1.97117 1.36702 1.61544  1.81372  
1.98865 1.35311 1.60714  1.83933  
1.90428 1.42339 1.5986  1.87141  
1.97987 1.36006 1.58964  1.91953  
1.59401 1.89298 2.58468  0.988639  
2.12251 1.25531 1.58497  1.97891  
1.58679 1.94481 2.57476  0.993614  
2.14366 1.24102 2.55495  1.00362  
2.16543 1.2266 2.53574  1.01342  
1.81221 1.51174 2.51704  1.02305  
1.66173 1.71133 2.49884  1.03253  
1.59046 1.91382 2.48114  1.04183  
2.23495 1.18227 2.46389  1.05099  
1.61549 1.81356 2.44708  1.05999  
1.65475 1.72421 2.43068  1.06887  
1.72983 1.60782 2.41467  1.07761  
2.48114 1.04183 2.39903  1.08624  
1.60253 1.85568 2.38374  1.09475  
2.55379 1.00421 2.36881  1.10315  
2.58468 0.988639 2.35418  1.11144  
1.59743 1.87651 2.33986  1.11965  
2.3121 1.13577 2.32584  1.12775  
2.06126 1.29834 2.3121  1.13577  
2.18786 1.21202 2.29863  1.1437  
2.29863 1.1437 2.28541  1.15156  
1.62354 1.79192 2.27245  1.15934  
2.43068 1.06887 2.25973  1.16705  
2.25954 1.16716 2.24724  1.17469  
1.63934 1.75518 2.23495  1.18227  
1.69129 1.66234 2.22288  1.18979  
2.27245 1.15934 2.21101  1.19725  
1.68485 1.67236 2.19934  1.20466  
2.03396 1.3184 2.18786  1.21202  
2.56593 0.998063 2.17655  1.21934  
1.87959 1.44567 2.16543  1.2266  
2.38374 1.09475 2.15446  1.23384  
1.70707 1.63898 2.14366  1.24102  
2.53483 1.01389 2.13301  1.24818  
2.11216 1.2624 2.12251  1.25531  
1.71445 1.62858 2.11216  1.2624  
1.74391 1.58976 2.10194  1.26947  
2.39903 1.08624 2.09187  1.27651  
1.97997 1.35998 2.08191  1.28354  
2.08191 1.28354 2.07209  1.29054  
2.15521 1.23334 2.06239  1.29752  
1.72182 1.61848 2.0528  1.30449  
1.6315 1.77263 2.04333  1.31145  
2.49884 1.03253 2.03396  1.3184  
2.13301 1.24818 2.02471  1.32535  
1.64708 1.73913 2.01555  1.33229  
2.28402 1.15239 2.00648  1.33923  
1.82489 1.49863 1.99752  1.34617  
2.32584 1.12775 1.98865  1.35311  
1.75173 1.58007 1.97986  1.36006  
1.8033 1.52118 1.97116  1.36703  
2.07209 1.29054 1.96254  1.374  
2.24724 1.17469 1.954  1.38099  
2.17655 1.21934 1.94554  1.38799  
2.41467 1.07761 1.93715  1.39501  
1.7958 1.52928 1.92883  1.40207  
1.89622 1.43056 1.92058  1.40914  
1.58497 1.97891 1.91239  1.41625  
2.44708 1.05999 1.90428  1.42339  
2.21101 1.19725 1.89622  1.43056  
2.22288 1.18979 1.88821  1.43778  
2.19934 1.20466 1.88026  1.44505  
1.67716 1.68476 1.87237  1.45236  
2.51675 1.02321 1.86452  1.45973  
1.66989 1.69698 1.85673  1.46715  
1.86452 1.45973 1.84898  1.47464  
1.78088 1.54582 1.84127  1.48219  
1.73654 1.5991 1.8336  1.48982  
2.01531 1.33247 1.82597  1.49753  
1.90428 1.42339 1.81838  1.50532  
2.35418 1.11144 1.81082  1.5132  
1.75866 1.57167 1.8033  1.52118  
1.76605 1.5629 1.7958  1.52928  
2.33986 1.11965 1.78833  1.53748  
1.69968 1.64972 1.78088  1.54582  
1.78833 1.53748 1.77346  1.55428  
1.92883 1.40207 1.76605  1.5629  
1.93715 1.39501 1.75866  1.57167  
1.94554 1.38799 1.75128  1.58062  
1.97116 1.36703 1.74391  1.58976  
2.4644 1.05072 1.73654  1.5991  
1.96254 1.374 1.72918  1.60867  
1.99752 1.34617 1.72182  1.61848  
1.77346 1.55428 1.71445  1.62858  
2.02471 1.32535 1.70707  1.63898  
1.95418 1.38084 1.69968  1.64972  
1.91239 1.41625 1.69227  1.66083  
2.09196 1.27644 1.68485  1.67236  
1.8336 1.48982 1.67738  1.6844  
2.10194 1.26947 1.66989  1.69698  
2.00648 1.33923 1.66234  1.71022  
1.60744 1.83833 1.65475  1.72421  
1.88821 1.43778 1.64708  1.73913  
1.84127 1.48219 1.63934  1.75518  
1.84898 1.47464 1.6315  1.77263  
1.92058 1.40914 1.62354  1.79192  
1.98865 1.35311 1.61544  1.81373  
2.04333 1.31145 1.60715  1.83932  
1.85673 1.46715 1.5986  1.87141  
2.36881 1.10315 1.58964  1.91953  
