7.31105 6.0818 7.31105  6.0818  
6.99404 4.22866 6.99404  4.22866  
5.7438 4.70881 5.7438  4.70881  
6.67754 6.30771 6.67754  6.30771  
7.8235 5.56105 7.8235  5.56105  
7.59832 5.1904 7.59832  5.1904  
7.65932 5.16625 7.65932  5.16625  
8.45812 5.06665 8.45812  5.06665  
6.8404 5.77295 6.8404  5.77295  
7.70129 4.34005 7.70129  4.34005  
6.67505 5.20592 6.67505  5.20592  
7.73289 5.89065 7.73289  5.89065  
7.40496 5.12327 7.40496  5.12327  
6.51704 5.08105 6.51704  5.08105  
6.62334 5.31906 6.62334  5.31906  
7.12348 5.16528 7.12348  5.16528  
6.96507 4.55652 6.96507  4.55652  
7.01704 7.19603 7.01704  7.19603  
5.68069 6.7064 5.68069  6.7064  
6.25949 5.74828 6.25949  5.74828  
7.50692 6.65148 7.50692  6.65148  
8.01477 5.1704 8.01477  5.1704  
6.87706 4.97964 6.87706  4.97964  
8.21595 5.3805 8.21595  5.3805  
8.05875 5.53769 8.05875  5.53769  
6.10134 7.07053 6.10134  7.07053  
6.60505 6.10891 6.60505  6.10891  
7.35886 5.34382 7.35886  5.34382  
7.81913 5.66754 7.81913  5.66754  
5.53207 5.31219 5.53207  5.31219  
6.25437 4.662 6.25437  4.662  
7.25192 4.19629 7.25192  4.19629  
7.14539 5.0973 7.14539  5.0973  
6.26719 7.39458 6.26719  7.39458  
7.80771 5.46602 7.80771  5.46602  
6.45427 4.25828 6.45427  4.25828  
6.65543 5.89619 6.65543  5.89619  
7.12742 4.95337 7.12742  4.95337  
5.27476 6.38189 5.27476  6.38189  
7.66256 3.96404 7.66256  3.96404  
6.25241 5.52193 6.25241  5.52193  
7.50101 5.61883 7.50101  5.61883  
8.01276 5.19678 8.01276  5.19678  
7.24572 6.23829 7.24572  6.23829  
5.95081 4.77643 5.95081  4.77643  
8.16947 4.93158 8.16947  4.93158  
5.96959 5.84738 5.96959  5.84738  
7.12046 4.65467 7.12046  4.65467  
7.25461 6.11651 7.25461  6.11651  
5.24912 5.59218 5.24912  5.59218  
8.15366 6.1763 8.15366  6.1763  
8.98144 6.68787 8.98144  6.68787  
5.6623 6.20148 5.6623  6.20148  
5.83475 4.66024 5.83475  4.66024  
6.58189 5.10624 6.58189  5.10624  
7.36581 4.92172 7.36581  4.92172  
6.17138 6.63355 6.17138  6.63355  
6.04928 5.69325 6.04928  5.69325  
7.40459 5.58997 7.40459  5.58997  
7.4626 6.03505 7.4626  6.03505  
7.79476 6.19082 7.79476  6.19082  
8.50864 6.28548 8.50864  6.28548  
7.97926 6.91519 7.97926  6.91519  
7.33735 5.26577 7.33735  5.26577  
7.10211 6.03618 7.10211  6.03618  
7.72803 5.50045 7.72803  5.50045  
7.86798 4.85129 7.86798  4.85129  
7.05213 4.38332 7.05213  4.38332  
8.27176 6.16459 8.27176  6.16459  
6.60336 5.55139 6.60336  5.55139  
5.70075 7.00481 5.70075  7.00481  
8.21596 5.50918 8.21596  5.50918  
7.12829 5.45447 7.12829  5.45447  
6.92009 5.91938 6.92009  5.91938  
7.67752 5.40084 7.67752  5.40084  
7.65649 5.69814 7.65649  5.69814  
7.06373 4.44001 7.06373  4.44001  
7.66735 4.94448 7.66735  4.94448  
6.89937 6.27863 6.89937  6.27863  
6.94582 6.72346 6.94582  6.72346  
6.84342 5.79126 6.84342  5.79126  
7.54773 6.00296 7.54773  6.00296  
6.60345 4.04868 6.60345  4.04868  
6.82768 4.45743 6.82768  4.45743  
6.19812 5.79932 6.19812  5.79932  
5.69457 4.58015 5.69457  4.58015  
6.97012 3.34715 6.97012  3.34715  
6.6818 6.63866 6.6818  6.63866  
6.64017 5.44188 6.64017  5.44188  
6.31422 5.4821 6.31422  5.4821  
7.66396 4.84195 7.66396  4.84195  
6.69564 4.97394 6.69564  4.97394  
7.59793 5.36299 7.59793  5.36299  
8.29474 5.33136 8.29474  5.33136  
5.92071 5.78547 5.92071  5.78547  
6.01513 5.20295 6.01513  5.20295  
6.95881 5.01378 6.95881  5.01378  
6.62157 5.01221 6.62157  5.01221  
5.19176 5.99417 5.19176  5.99417  
6.77276 5.8238 6.77276  5.8238  
3.60032 2.23031 7.66257  4.07974  
3.46212 2.30113 6.21113  4.09306  
3.01244 2.58683 6.4646  4.46842  
3.60125 2.22896 6.61618  3.38031  
3.506 2.27725 6.43304  3.48893  
3.01679 2.58618 8.05786  3.38915  
3.50004 2.28476 5.84656  5.2216  
3.01096 2.82615 6.68486  5.35602  
3.48017 2.29116 6.01553  4.94019  
2.6003 3.2287 6.85703  4.88512  
3.59397 2.23209 6.30761  4.59232  
3.54318 2.2577 6.61698  4.42246  
3.58723 2.23575 7.41115  4.34969  
3.57552 2.24184 6.5766  4.224  
3.5637 2.24729 6.36285  4.20303  
3.55862 2.24983 6.58787  4.17603  
3.54143 2.2596 6.98527  4.15685  
3.57331 2.24396 6.83636  3.01361  
2.64463 3.22865 7.24918  4.02975  
3.01206 2.58698 6.98063  3.96392  
3.58485 2.2371 7.21724  3.89621  
3.58978 2.23458 7.40483  3.72131  
3.45795 2.3451 6.76332  3.31894  
3.56593 2.24665 6.62263  3.71942  
3.57941 2.24022 7.33251  3.62514  
3.5283 2.26621 6.7164  3.63804  
3.51524 2.2755 6.37117  3.5584  
3.53019 2.26446 6.21512  3.49866  
2.87369 2.82992 5.67656  3.36479  
7.63907 4.07811 5.81466  3.49903  
3.4368 2.76758 6.26583  3.56733  
3.51709 2.47176 6.01444  3.69456  
3.59106 2.43303 5.72389  3.64058  
3.56499 2.44651 5.12672  3.41705  
3.48095 2.49031 5.2153  3.512  
3.50286 2.47981 5.51088  3.73861  
2.61217 3.42667 6.28096  3.74096  
3.52532 2.4675 5.21053  3.71129  
3.51065 2.47532 5.30283  3.85183  
3.54304 2.45772 5.40765  3.96727  
3.55838 2.44918 5.6107  4.10915  
3.02321 2.78495 5.71758  4.27676  
2.60372 3.42668 5.87863  4.51948  
6.99418 3.79459 4.9297  3.94006  
3.79805 2.42949 5.57618  4.49243  
3.71315 2.4738 5.38288  4.46794  
3.73348 2.46196 5.3697  4.51006  
6.73896 4.28336 3.01246  2.58685  
7.94642 5.99508 4.63768  4.07207  
3.3849 2.79557 5.14353  4.61723  
3.27644 2.87169 4.65979  4.24273  
3.70884 2.60933 5.15057  4.85136  
3.31869 2.84087 5.08385  4.89089  
3.38572 2.79557 4.54279  4.37143  
3.72777 2.59722 4.90019  4.82563  
3.7859 2.5675 4.69694  4.74957  
3.37802 2.8008 4.83948  4.99315  
3.37785 2.80232 4.65118  4.92804  
3.32885 2.83347 4.82558  5.09448  
3.75527 2.58347 4.60784  5.09768  
3.71212 2.60557 4.54449  5.15757  
3.68925 2.61775 4.59186  5.27686  
3.72214 2.60047 4.42301  5.17814  
3.23333 2.90327 4.38204  5.28063  
3.35608 2.81545 4.40708  5.40234  
3.69518 2.6153 4.49906  5.58334  
3.79042 2.56548 4.72817  5.83176  
3.78269 2.56926 4.3484  5.70568  
3.77033 2.57589 4.75267  5.36187  
3.31689 2.84212 4.44974  6.53974  
3.62815 2.65091 4.40605  6.50863  
3.24321 2.89578 4.82648  5.84933  
3.77497 2.57336 4.0375  6.01767  
3.35797 2.81544 4.83744  5.99104  
3.3369 2.8275 4.91668  6.63648  
3.70507 2.61094 4.9254  5.99147  
3.73388 2.59609 4.96336  5.86644  
3.78713 2.56642 5.00621  6.90662  
3.7784 2.57148 5.06  5.36703  
3.79968 2.56084 5.06101  6.26299  
3.24274 2.89582 5.06372  5.15561  
3.33516 2.83218 5.17759  5.72974  
3.72354 2.59924 5.21402  6.06026  
3.27696 2.87149 5.27011  6.36442  
3.30158 2.85333 5.4392  5.50494  
3.30128 2.85461 5.59959  7.37084  
3.29496 2.8596 5.65631  5.08827  
3.30397 2.85332 5.66628  5.12382  
3.30726 2.85332 5.71798  6.34108  
3.29399 2.85964 5.81514  4.7292  
3.22817 2.90842 5.86723  5.42249  
3.24831 2.89573 5.93226  6.25007  
3.22328 3.13835 5.9918  5.71078  
3.64001 2.64836 6.03124  5.15227  
3.70911 2.60792 6.11659  5.74846  
3.22873 2.90835 5.5165  4.21647  
6.14938 4.85779 6.11997  5.42696  
6.62157 5.01221 7.34448  4.25241  
5.19176 5.99417 6.01432  4.72383  
6.77276 5.8238 5.93224  4.80962  
3.21882 1.9486 4.66017  4.48549  
3.37253 1.94182 4.26054  4.96182  
2.64613 2.29974 4.20635  3.70516  
2.23411 2.94147 5.39263  4.06809  
3.20179 1.9569 5.13952  4.05745  
3.20815 1.95503 5.90433  3.89964  
3.15395 1.98308 5.34709  3.77208  
2.64172 2.29975 5.77416  3.74904  
3.28744 1.94385 6.4287  3.59336  
3.17034 1.97434 4.9973  3.53617  
2.69935 2.29973 7.04172  3.49884  
2.70479 2.29971 5.73092  3.43783  
3.21457 1.95013 5.67801  3.4329  
3.22585 1.94558 5.91711  3.3804  
3.21088 1.95322 5.56307  3.37444  
2.23232 2.94171 5.67051  3.37138  
3.18606 1.96579 6.01113  3.33725  
3.14328 2.02025 5.52087  3.31706  
2.52513 2.94143 5.84214  3.18238  
3.22272 1.94719 6.32173  3.15778  
2.25091 2.94146 5.55207  2.71827  
2.63984 2.29998 6.50219  3.00167  
3.17015 1.97533 5.64988  2.84393  
3.14645 1.98576 6.13345  3.04449  
3.13674 2.05743 5.66377  2.95558  
3.15475 1.98067 5.91014  3.11723  
3.19688 1.95889 5.40346  2.96946  
3.18135 1.97075 5.79952  3.2035  
4.67982 4.42805 4.9381  2.95311  
2.7033 2.31375 4.7348  2.90445  
3.26963 2.02408 4.73635  2.96076  
2.66548 2.50868 5.04846  3.02702  
2.70315 2.48752 5.30071  3.32214  
5.48379 3.15162 5.36388  3.216  
3.31822 1.99869 4.94547  3.27511  
3.27255 2.02217 5.06494  3.40882  
2.7798 2.29969 5.16282  3.52858  
4.61108 3.51069 4.69781  3.34502  
3.00364 2.33364 4.96616  3.5701  
5.19346 4.07269 4.94715  3.62344  
3.55838 2.44918 4.95428  3.58398  
3.02321 2.78495 4.82304  3.67216  
2.60372 3.42668 4.71098  3.73976  
6.99418 3.79459 4.60967  3.70793  
3.79805 2.42949 4.5235  3.70407  
3.71315 2.4738 4.80822  3.88051  
3.73348 2.46196 4.06787  3.50317  
6.73896 4.28336 2.64504  2.29975  
7.94642 5.99508 4.22579  3.64837  
3.3849 2.79557 4.27851  3.86434  
3.27644 2.87169 4.43404  4.07446  
3.70884 2.60933 4.26784  4.04818  
3.31869 2.84087 4.34689  4.10597  
3.38572 2.79557 4.12466  4.04391  
3.72777 2.59722 4.03687  4.02322  
3.7859 2.5675 4.1774  4.32714  
3.37802 2.8008 4.18741  4.45336  
3.37785 2.80232 3.2956  3.34264  
3.32885 2.83347 3.95576  4.35589  
3.75527 2.58347 3.92265  4.34756  
3.71212 2.60557 3.9227  4.43037  
3.68925 2.61775 4.09823  4.87484  
3.72214 2.60047 4.03249  4.88554  
3.23333 2.90327 3.98673  5.02447  
3.35608 2.81545 3.95325  4.97225  
3.69518 2.6153 4.08761  5.01901  
3.79042 2.56548 4.00132  5.39771  
3.78269 2.56926 4.07993  5.47664  
3.77033 2.57589 4.12086  5.39936  
3.31689 2.84212 3.71531  5.22938  
3.62815 2.65091 4.12392  5.79939  
3.24321 2.89578 3.84933  5.89676  
3.77497 2.57336 4.1283  5.12899  
3.35797 2.81544 4.15546  4.6059  
3.3369 2.8275 4.17712  5.91458  
3.70507 2.61094 4.19981  4.45337  
3.73388 2.59609 4.24805  4.40006  
3.78713 2.56642 4.25312  6.18762  
3.7784 2.57148 4.29903  5.1908  
3.79968 2.56084 4.31729  5.28797  
3.24274 2.89582 4.32591  4.91396  
3.33516 2.83218 4.33386  4.95124  
3.72354 2.59924 4.39254  4.74299  
3.27696 2.87149 4.41366  5.1463  
3.30158 2.85333 4.4507  4.67913  
3.30128 2.85461 4.46178  5.97288  
3.29496 2.8596 4.50694  4.9255  
3.30397 2.85332 4.53823  4.90313  
3.30726 2.85332 4.63066  5.86124  
3.29399 2.85964 4.71171  4.87781  
3.22817 2.90842 4.74369  4.93071  
3.24831 2.89573 4.82466  4.60788  
3.22328 3.13835 4.83328  4.48006  
3.64001 2.64836 4.87879  5.44609  
3.70911 2.60792 4.89479  6.25145  
3.22873 2.90835 4.9787  4.25919  
6.14938 4.85779 5.02084  5.30468  
6.62157 5.01221 5.06459  5.44423  
5.19176 5.99417 5.36499  4.18084  
6.77276 5.8238 4.36094  4.21826  
1.93645 1.47533 4.11613  4.57612  
1.77336 2.15688 3.48277  3.98154  
1.69022 3.14789 2.22222  0.884896  
1.72143 2.32629 3.2074  0.890755  
2.08159 0.961669 4.13564  0.92336  
1.44773 3.3608 4.88322  2.74784  
1.93649 1.47453 3.05328  0.961669  
2.20693 0.895414 2.94611  0.961775  
2.22222 0.884896 3.01017  0.989615  
2.0399 0.987106 3.0416  0.986039  
2.11042 0.956171 3.90567  1.07863  
2.1104 0.956549 3.98148  1.08678  
2.18233 0.905212 4.05297  1.09797  
1.99052 1.42581 4.12538  1.21621  
2.1781 0.90743 4.1379  1.22325  
1.62787 3.35274 4.47739  1.26609  
3.59344 0.881921 2.0399  0.987106  
1.66257 3.25123 5.41472  1.35446  
1.43705 3.62513 4.84675  2.48117  
1.99428 1.42212 4.81929  1.5997  
1.43388 3.84071 3.18708  1.29007  
1.7772 2.08999 5.11938  1.80163  
2.16719 0.921431 4.59906  2.46897  
3.14554 4.57612 3.54167  1.46947  
2.22228 0.884517 4.07618  2.39785  
2.04115 0.987532 4.17243  1.72167  
3.48281 3.26917 4.33321  1.84074  
4.99933 2.58143 4.46503  1.94609  
3.36088 1.17605 5.0563  2.23068  
2.19056 1.62887 4.38375  2.21693  
2.48219 1.34452 3.262  1.61707  
2.48797 1.34133 3.42444  1.69175  
3.58542 1.68924 3.5584  1.78544  
4.68446 4.06814 3.15323  1.69009  
2.40583 2.09479 3.0933  1.69518  
2.96452 1.58142 3.61389  1.98062  
2.44979 1.8958 3.22386  1.89982  
3.03687 1.6333 2.99591  1.75191  
3.00364 2.33364 3.16709  1.90334  
5.19346 4.07269 3.15098  1.94555  
3.55838 2.44918 3.08106  1.94622  
3.02321 2.78495 3.16751  2.01256  
2.60372 3.42668 2.67595  1.75739  
6.99418 3.79459 3.18361  2.23106  
3.79805 2.42949 3.02384  2.09435  
3.71315 2.4738 3.11233  2.16372  
3.73348 2.46196 3.61911  2.01756  
6.73896 4.28336 3.52551  2.77209  
7.94642 5.99508 2.82211  2.13542  
3.3849 2.79557 3.08625  2.43796  
3.27644 2.87169 2.40042  1.84716  
3.70884 2.60933 3.26043  2.69815  
3.31869 2.84087 2.17968  1.67539  
3.38572 2.79557 2.35315  1.89668  
3.72777 2.59722 3.19298  2.86423  
3.7859 2.5675 3.28072  2.994  
3.37802 2.8008 3.02491  2.85159  
3.37785 2.80232 3.14368  3.13266  
3.32885 2.83347 2.78329  2.73535  
3.75527 2.58347 2.41708  2.28476  
3.71212 2.60557 2.47711  2.56866  
3.68925 2.61775 2.37905  2.34538  
3.72214 2.60047 2.46918  2.55459  
3.23333 2.90327 2.06095  1.96107  
3.35608 2.81545 2.60413  2.89821  
3.69518 2.6153 2.35052  2.57183  
3.79042 2.56548 2.81567  3.39268  
3.78269 2.56926 2.4394  2.93679  
3.77033 2.57589 2.37907  2.90596  
3.31689 2.84212 2.36828  2.91639  
3.62815 2.65091 2.31434  2.92024  
3.24321 2.89578 2.38735  3.26422  
3.77497 2.57336 2.2375  2.94513  
3.35797 2.81544 2.3513  3.48893  
3.3369 2.8275 1.89691  2.18512  
3.70507 2.61094 2.33939  3.5815  
3.73388 2.59609 2.50499  4.08973  
3.78713 2.56642 2.50734  4.30012  
3.7784 2.57148 2.06254  3.12149  
3.79968 2.56084 2.2817  4.10159  
3.24274 2.89582 2.37406  4.64076  
3.33516 2.83218 2.5666  4.93769  
3.72354 2.59924 2.69348  4.65579  
3.27696 2.87149 2.79868  5.08086  
3.30158 2.85333 2.79937  3.94554  
3.30128 2.85461 2.79939  4.83149  
3.29496 2.8596 1.87295  3.81999  
3.30397 2.85332 1.83516  3.7555  
3.30726 2.85332 2.80186  4.53637  
3.29399 2.85964 2.92427  6.50009  
3.22817 2.90842 2.95467  4.25596  
3.24831 2.89573 2.98885  4.92388  
3.22328 3.13835 2.99485  4.00468  
3.64001 2.64836 3.03961  5.24993  
3.70911 2.60792 3.11906  3.3251  
3.22873 2.90835 3.14554  4.57536  
6.14938 4.85779 3.22382  4.68092  
6.62157 5.01221 3.38231  2.89661  
5.19176 5.99417 3.43436  3.59324  
6.77276 5.8238 3.44655  4.29025  
0.318867 0.437174 3.41098  0.203525  
0.00944842 1.00161 0.000180049  2.19929  
0.246322 0.50517 0.990737  0.00599898  
0.9978 0.00247135 1.32594  0.00757679  
0.994241 0.00412882 1.3426  0.00491293  
0.440885 0.345791 1.34491  0.0107513  
0.295187 0.457882 1.3493  0.017829  
0.383798 0.389881 1.35163  0.0131726  
0.886974 0.0644924 1.43115  0.00603396  
0.325558 0.431214 1.64659  0.0131934  
0.86817 0.069625 1.72472  0.0152593  
0.32761 0.428996 1.72727  0.0218306  
0.92941 0.0371936 1.78129  0.209099  
0.925266 0.0394852 1.78611  0.213714  
0.239089 0.907337 1.78649  0.209761  
0.312798 0.450259 1.9617  0.213177  
0.707903 0.22066 1.6263  0.284418  
0.989205 0.00680706 1.67001  0.301525  
0.370425 0.392831 1.61352  0.326335  
0.291803 0.462318 1.3768  0.38178  
0.984998 0.00870211 1.63523  0.366657  
0.258148 0.494824 1.40585  0.373893  
0.905152 0.0499647 1.00052  0.267618  
0.279269 0.473562 1.19754  0.376084  
0.275402 0.476474 1.2185  0.365305  
0.444765 0.341322 0.999313  0.370364  
0.000196202 1.84795 0.998336  0.333245  
0.453584 0.336765 0.997508  0.337996  
0.460231 0.330412 0.996457  0.367024  
0.232734 0.940521 0.983711  0.382512  
0.398254 0.37036 0.984116  0.399415  
0.298525 0.455925 0.984091  0.411659  
0.000404986 1.38887 0.984128  0.431178  
0.327108 0.430652 0.984216  0.411635  
1.00022 0.00102445 0.984428  0.385959  
0.892939 0.0563378 0.998422  0.467354  
0.273583 0.478453 1.04033  0.514062  
0.410288 0.361757 1.04613  0.508001  
0.4037 0.367726 1.0463  0.52061  
0.394787 0.380788 1.2185  0.7666  
0.966535 0.0180867 0.692729  0.457872  
0.933155 0.0357387 0.691539  0.462434  
0.971468 0.0156816 0.993212  0.77188  
0.979436 0.0116759 0.665106  0.480181  
0.958839 0.02198 0.996391  0.758838  
0.323641 0.432974 0.634412  0.512085  
0.268219 0.493521 0.96477  0.800732  
0.944452 0.0295423 0.93934  0.834857  
0.239271 0.512969 0.926447  0.838023  
0.89271 0.0605712 0.901072  0.856306  
0.258516 0.494189 0.692727  0.854684  
0.428824 0.355488 0.775941  0.795767  
0.293787 0.459436 0.739225  0.839506  
0.273354 0.47949 0.747653  0.836244  
0.917416 0.0434007 0.723496  0.832891  
0.25716 0.50252 0.692771  0.852433  
0.287672 0.466692 0.691302  0.86311  
0.315703 0.447794 0.665106  0.88065  
0.41392 0.359022 0.647541  0.905682  
0.415233 0.357069 0.638934  0.907662  
0.295513 0.457872 0.634411  0.940289  
0.368263 0.394647 0.295513  0.457872  
0.31426 0.448938 0.63667  0.9562  
0.921938 0.0410183 0.645681  1.12579  
0.425874 0.356344 0.642697  1.118  
0.243565 0.508899 0.638934  1.30553  
0.938443 0.0324889 0.446469  1.30152  
0.381643 0.390931 0.325581  1.23731  
0.407435 0.363258 0.568408  1.19987  
0.973972 0.0144947 0.398752  1.17485  
0.239074 0.921925 0.398118  1.17451  
0.911606 0.0464242 0.397876  1.16699  
0.366372 0.402259 0.325558  0.835007  
0.299224 0.454843 0.398227  1.16659  
0.400105 0.36898 0.295264  0.856312  
0.405231 0.365184 0.287719  0.86248  
0.982191 0.0101802 0.273735  0.875965  
0.850175 0.0792017 0.239299  0.906932  
0.329186 0.428958 0.24585  0.90131  
0.32022 0.43551 0.239156  0.905992  
0.239282 0.512085 0.295149  1.24875  
3.41098 0.403528 0.287149  1.2655  
3.17523 0.202109 0.273633  1.27849  
3.42027 0.002265 0.245865  1.30132  
0.907341 0.107725 0.239156  1.3015  
0.329341 0.488626 0.239074  1.32982  
1.99415 0.208408 0.239087  1.39211  
0.395263 0.433485 0.239074  1.58391  
0.41108 0.42088 0.239074  1.73521  
0.322393 0.494947 0.239074  1.9919  
0.297874 0.51895 0.239076  2.07435  
0.855896 0.136262 0.201748  2.1153  
0.314168 0.501949 0.200785  2.41691  
0.299175 0.515687 0.00245694  2.59437  
0.318423 0.499619 0.000622879  2.23977  
0.41311 0.420377 0.00101831  2.20612  
0.320341 0.498108 0.000321018  2.20278  
0.969343 0.0752569 0.000580017  2.19463  
0.850797 0.137775 0.000440098  2.19326  
0.30623 0.509261 0.000473646  2.01854  
0.363345 0.397274 0.999844  8.85951e-05  
3.83988e-05 1 9.51633e-06  1  
0.706225 0.159695 0.989963  0.0050531  
0.185886 0.568861 0.970199  0.0150395  
0.244277 0.505803 0.952353  0.0241605  
0.440885 0.345791 0.932155  0.0345635  
0.733767 0.143441 0.914759  0.0437727  
0.383798 0.389881 0.898826  0.0523212  
0.341836 0.415373 0.898826  0.0523212  
0.293151 0.458675 0.898826  0.0523212  
0.458188 0.323136 0.898826  0.0523212  
0.324552 0.430409 0.898826  0.0523212  
0.614204 0.216297 0.898826  0.0523212  
0.492158 0.298492 0.898826  0.0523212  
0.682518 0.173923 0.898826  0.0523212  
0.751566 0.133141 0.898826  0.0523212  
0.69363 0.167202 0.898826  0.0523212  
0.270434 0.48 0.898826  0.0523212  
0.370425 0.392831 0.879289  0.175866  
0.776055 0.119137 0.860531  0.18739  
0.980383 0.0098958 0.860009  0.187709  
0.275969 0.474683 0.829872  0.20646  
0.965361 0.0175076 0.816147  0.215071  
0.470782 0.313898 0.802221  0.225443  
0.663686 0.185346 0.802221  0.225443  
0.444765 0.341322 0.776023  0.241747  
0.849725 0.0782105 0.752989  0.258047  
0.999844 8.85951e-05 0.750627  0.25805  
0.575009 0.241765 0.732498  0.270368  
0.972937 0.0137745 0.732498  0.270368  
0.548913 0.259143 0.709051  0.286694  
0.935565 0.0328175 0.709051  0.286694  
0.264008 0.486184 0.671784  0.314532  
0.813157 0.0983198 0.467926  0.315956  
0.314176 0.439511 0.467926  0.315956  
0.876067 0.0642219 0.467926  0.315956  
0.175859 0.580649 0.467926  0.315956  
0.410165 0.360653 0.467926  0.315956  
0.40227 0.366726 0.467926  0.315956  
0.942741 0.0290711 0.467926  0.315956  
0.525978 0.27477 0.467926  0.315956  
0.628192 0.207436 0.467926  0.315956  
0.157434 0.804504 0.461027  0.321018  
0.561947 0.250563 0.461027  0.321018  
0.799657 0.105853 0.461027  0.321018  
0.180803 0.574793 0.461027  0.321018  
0.500225 0.29282 0.461027  0.321018  
0.202219 0.550367 0.461027  0.321018  
0.833807 0.0868734 0.461027  0.321018  
0.166373 0.592113 0.461027  0.321018  
0.928215 0.0365638 0.461027  0.321018  
0.603587 0.2231 0.461027  0.321018  
0.190213 0.56403 0.461027  0.321018  
0.620219 0.212602 0.256391  0.493666  
0.466206 0.317592 0.256391  0.493666  
0.29959 0.452662 0.256391  0.493666  
0.285997 0.465214 0.256391  0.493666  
0.589768 0.232192 0.256391  0.493666  
0.32953 0.426183 0.256391  0.493666  
0.415233 0.357069 0.256391  0.493666  
0.280699 0.470214 0.256391  0.493666  
0.950023 0.0253421 0.256391  0.493666  
0.721282 0.150718 0.256391  0.493666  
0.840394 0.0833279 0.256391  0.493666  
0.224445 0.526247 0.256391  0.493666  
0.219263 0.531745 0.256391  0.493666  
0.820851 0.0940261 0.256391  0.493666  
0.988137 0.00595976 0.256389  0.493666  
0.714546 0.154695 0.256389  0.493666  
0.597377 0.227223 0.256389  0.493666  
0.903401 0.0495308 0.256389  0.493666  
0.892912 0.0550719 0.256389  0.493666  
0.171053 0.58642 0.256389  0.493666  
0.917484 0.0421978 0.256389  0.493666  
0.539564 0.265808 0.246725  0.703559  
0.349867 0.408525 0.226972  0.723614  
0.159971 0.600061 0.226972  0.723614  
0.646133 0.196195 0.218006  0.73312  
0.671259 0.180722 0.212046  0.739745  
0.762862 0.126762 0.180807  0.774817  
0.238844 0.51223 0.180807  0.774817  
0.95759 0.0214585 0.17983  0.77608  
0.256374 0.493666 0.166373  0.792622  
0.886729 0.0584584 0.160902  0.799069  
0.910535 0.0458326 0.159971  0.800234  
0.196942 0.556302 0.159971  0.800234  
0.250717 0.499346 9.51633e-06  1  
0.635641 0.202811 9.51633e-06  1  
0.23055 0.51986 9.51633e-06  1  
0.213267 0.538204 9.51633e-06  1  
0.393351 0.374229 9.51633e-06  1  
0.55586 0.254476 9.51633e-06  1  
0.20791 0.544039 9.51633e-06  1  
0.655171 0.190678 9.51633e-06  1  
0.356377 0.40303 9.51633e-06  1  
0.334848 0.421341 9.51633e-06  1  
0.53173 0.271443 9.51633e-06  1  
0.863537 0.0707336 9.51633e-06  1  
0.306225 0.446626 9.51633e-06  1  
0.509107 0.28657 9.51633e-06  1  
0.217329 0.533814 0.999806  9.69214e-05  
0.352276 0.406472 1.13434e-05  1  
0.968761 0.0157432 0.989874  0.00507607  
0.262589 0.487567 0.970072  0.0150778  
0.691627 0.168359 0.950838  0.0248909  
0.834395 0.086548 0.932145  0.0345232  
0.896471 0.0531806 0.913961  0.0439869  
0.271169 0.479261 0.896258  0.053291  
0.310624 0.442663 0.879013  0.0624433  
0.700576 0.162996 0.862204  0.0714507  
0.430669 0.343746 0.845808  0.0803217  
0.806839 0.101758 0.829801  0.0890656  
0.931642 0.0347854 0.814152  0.0976963  
0.421609 0.350686 0.798866  0.106208  
0.22439 0.526301 0.783919  0.114608  
0.506987 0.28797 0.769296  0.122905  
0.737562 0.141186 0.754988  0.131099  
0.25492 0.495104 0.740959  0.13921  
0.239328 0.510788 0.72722  0.147228  
0.853359 0.0762257 0.713751  0.155163  
0.980383 0.0098958 0.700538  0.163019  
0.136543 0.630482 0.687574  0.170799  
0.906868 0.047707 0.674849  0.178509  
0.2794 0.471417 0.662352  0.18615  
0.957458 0.0215024 0.650072  0.19373  
0.377825 0.385326 0.638003  0.20125  
0.591676 0.230795 0.626137  0.208713  
0.548156 0.259625 0.614465  0.216122  
0.295385 0.456507 0.603007  0.223465  
0.667 0.1833 0.591676  0.230795  
0.789962 0.111203 0.580546  0.238065  
1.12106e-05 1 0.569585  0.245292  
0.797921 0.106736 0.558779  0.252485  
0.230527 0.519868 0.548156  0.259625  
0.760496 0.127936 0.537635  0.266766  
0.825057 0.0916736 0.527281  0.273859  
0.537633 0.266766 0.517067  0.280927  
0.638003 0.20125 0.506988  0.28797  
0.52728 0.273859 0.497039  0.294991  
0.749403 0.134319 0.487201  0.302003  
0.21091 0.540751 0.477513  0.308977  
0.676386 0.177573 0.467926  0.31595  
0.150629 0.611893 0.458435  0.322922  
0.386268 0.378495 0.449088  0.329861  
0.16542 0.593282 0.439829  0.336806  
0.180803 0.574793 0.43067  0.343746  
0.872924 0.065696 0.42161  0.350686  
0.999806 9.69214e-05 0.412646  0.357624  
0.487201 0.302003 0.403869  0.364493  
0.769029 0.123057 0.394932  0.371566  
0.2473 0.502711 0.386273  0.378495  
0.719802 0.151589 0.377825  0.385326  
0.190213 0.56403 0.369107  0.39246  
0.517119 0.28089 0.360663  0.399449  
0.303296 0.449277 0.352276  0.406472  
0.863111 0.0709644 0.343789  0.413669  
0.477413 0.309049 0.335697  0.420608  
0.658553 0.188488 0.327472  0.427754  
0.498012 0.294301 0.319358  0.43489  
0.439828 0.336806 0.310963  0.442375  
0.106175 0.674156 0.303298  0.449277  
0.19586 0.55744 0.295387  0.456507  
0.335695 0.420608 0.287294  0.464007  
0.369105 0.39246 0.279646  0.471185  
0.626136 0.208713 0.271171  0.479261  
0.558779 0.252485 0.264103  0.486091  
0.100343 0.683231 0.256392  0.493649  
0.988121 0.00595749 0.248726  0.501279  
0.127755 0.642581 0.241043  0.509044  
0.920892 0.0403688 0.230535  0.519868  
0.20323 0.54919 0.225686  0.524937  
0.614465 0.216122 0.218583  0.532471  
0.68363 0.173181 0.210919  0.540751  
0.886295 0.0585681 0.203234  0.54919  
0.287292 0.464007 0.195867  0.55744  
0.466983 0.316641 0.176737  0.579607  
0.395131 0.371407 0.176737  0.579607  
0.449087 0.329861 0.173645  0.583308  
0.780482 0.116551 0.166377  0.59211  
0.72722 0.147228 0.159053  0.601185  
0.412646 0.357624 0.1515  0.610775  
0.327469 0.427754 0.143875  0.620694  
0.709605 0.15762 0.136548  0.630482  
0.360661 0.399449 0.127755  0.642581  
0.458434 0.322922 0.122094  0.650586  
0.580545 0.238065 0.114841  0.661118  
0.815899 0.0967293 0.106177  0.674156  
0.158122 0.602356 0.100343  0.683231  
0.343786 0.413669 0.100343  0.683231  
0.8438 0.0814144 0.100343  0.683231  
0.121388 0.651594 0.100343  0.884261  
0.569942 0.245056 1.13434e-05  1  
0.143711 0.620909 1.13434e-05  1  
0.603007 0.223465 1.13434e-05  1  
0.647346 0.195422 1.13434e-05  1  
0.942871 0.0289854 1.13434e-05  1  
0.319351 0.43489 1.13434e-05  1  
0.114841 0.661118 1.13434e-05  1  
0.173633 0.583308 1.13434e-05  1  
0.403938 0.36444 1.13434e-05  1  
0.745376 0.136648 0.999801  9.96009e-05  
0.224358 0.526336 2.03088e-08  1  
0.968749 0.0157498 0.989873  0.00507629  
0.172642 0.584498 0.97007  0.0150788  
0.343957 0.413522 0.950838  0.024891  
0.448604 0.330221 0.932144  0.0345238  
0.264098 0.486095 0.91396  0.0439872  
0.203239 0.54918 0.896258  0.053291  
0.825029 0.0916891 0.879012  0.0624435  
0.467925 0.315949 0.862199  0.071453  
0.797897 0.106749 0.845798  0.0803271  
0.195866 0.557432 0.829787  0.0890733  
0.369579 0.39207 0.814149  0.0976977  
0.458452 0.322909 0.798866  0.106207  
0.412645 0.357626 0.783919  0.114608  
0.150627 0.611893 0.769296  0.122905  
0.0866713 0.7056 0.75498  0.131104  
0.844404 0.0810855 0.740959  0.13921  
0.495259 0.296254 0.72722  0.147228  
0.287447 0.463859 0.71375  0.155163  
0.980383 0.0098958 0.700538  0.163018  
0.136543 0.630482 0.687574  0.170799  
0.814853 0.0973082 0.674848  0.178509  
0.856871 0.0743268 0.662351  0.186151  
0.931635 0.0347877 0.650071  0.19373  
0.311379 0.441987 0.638003  0.201249  
0.21091 0.54075 0.626136  0.208712  
0.29513 0.456742 0.614465  0.216122  
0.517069 0.280925 0.60298  0.223482  
0.52728 0.273859 0.591676  0.230795  
0.484242 0.304125 0.580545  0.238065  
0.217214 0.533938 0.569582  0.245294  
0.662351 0.186151 0.558779  0.252485  
0.335708 0.420597 0.548131  0.259641  
0.780134 0.116748 0.537633  0.266765  
0.127749 0.642581 0.52728  0.273859  
0.439828 0.336805 0.517067  0.280926  
0.709655 0.15759 0.506988  0.287969  
0.834363 0.0865654 0.497039  0.29499  
0.580545 0.238065 0.487202  0.302001  
0.231651 0.518698 0.477512  0.308978  
0.42161 0.350685 0.467925  0.315949  
2.26439e-08 1 0.458452  0.322909  
0.719122 0.15199 0.449088  0.32986  
0.0991952 0.685048 0.439828  0.336805  
0.999801 9.96009e-05 0.430669  0.343746  
0.558309 0.252799 0.42161  0.350685  
0.430669 0.343746 0.412645  0.357626  
0.121275 0.651754 0.403765  0.364575  
0.696519 0.165423 0.394964  0.371539  
0.906794 0.0477429 0.386289  0.378479  
0.394964 0.371539 0.377647  0.385471  
0.190213 0.56403 0.369121  0.392447  
0.256411 0.49363 0.360666  0.399446  
0.768918 0.12312 0.352276  0.406472  
0.638003 0.201249 0.343957  0.413522  
0.737168 0.141415 0.335706  0.420599  
0.16544 0.593256 0.327504  0.427721  
0.650071 0.19373 0.319391  0.434854  
0.755246 0.130951 0.311379  0.441987  
0.106157 0.674184 0.303307  0.449267  
0.626136 0.208712 0.295386  0.456506  
0.181244 0.574272 0.287447  0.463859  
0.95372 0.0234142 0.279646  0.471185  
0.72722 0.147228 0.271721  0.478731  
0.789207 0.111627 0.264098  0.486095  
0.920889 0.0403704 0.256392  0.493649  
0.988121 0.00595749 0.248725  0.501277  
0.143873 0.620694 0.241047  0.509034  
0.241047 0.509034 0.231651  0.518698  
0.279603 0.471225 0.225807  0.524809  
0.569582 0.245294 0.218583  0.532471  
0.87957 0.0621462 0.21091  0.54075  
0.869136 0.0677252 0.203239  0.54918  
0.614465 0.216122 0.195866  0.557432  
0.942571 0.0291391 0.181244  0.574272  
0.248725 0.501277 0.181244  0.574272  
0.47593 0.310123 0.173638  0.583301  
0.0913215 0.697806 0.166397  0.592082  
0.506988 0.287969 0.159021  0.601225  
0.327609 0.427629 0.15151  0.610757  
0.403765 0.364575 0.143873  0.620694  
0.386289 0.378479 0.136687  0.630288  
0.271721 0.478731 0.127749  0.642581  
0.60298 0.223482 0.12209  0.650586  
0.592174 0.230472 0.114806  0.66117  
0.360666 0.399446 0.106227  0.674075  
0.900205 0.0512089 0.0997794  0.684121  
0.687574 0.170799 0.0913215  0.697806  
0.303302 0.449271 0.0866713  0.7056  
0.158109 0.602371 0.0866713  0.7056  
0.806837 0.101759 0.0866713  0.905878  
0.548131 0.259641 2.03088e-08  1  
0.676326 0.17761 2.03088e-08  1  
0.537633 0.266765 2.03088e-08  1  
0.377646 0.385471 2.03088e-08  1  
0.889734 0.056743 2.03088e-08  1  
0.114841 0.661118 2.03088e-08  1  
0.353688 0.405283 2.03088e-08  1  
0.319391 0.434854 2.03088e-08  1  
0.957397 0.0215334 0.9998  9.9995e-05  
0.0846994 0.708968 1.92416e-09  1  
0.968749 0.0157498 0.989873  0.00507629  
0.892945 0.0550423 0.97007  0.0150788  
0.72722 0.147228 0.950837  0.024891  
0.626136 0.208712 0.932144  0.0345239  
0.080047 0.717074 0.91396  0.0439874  
0.369126 0.392442 0.896258  0.053291  
0.903396 0.0495285 0.879012  0.0624435  
0.449087 0.32986 0.862199  0.071453  
0.797897 0.106749 0.845798  0.0803272  
0.818928 0.0950538 0.829787  0.0890733  
0.295385 0.456507 0.814149  0.0976979  
0.181206 0.574317 0.798865  0.106208  
0.351784 0.406886 0.783919  0.114608  
0.22585 0.524763 0.769295  0.122905  
0.547963 0.259755 0.75498  0.131104  
0.279646 0.471184 0.740959  0.13921  
0.670976 0.180868 0.72722  0.147228  
0.487215 0.301992 0.71375  0.155163  
0.980383 0.0098958 0.700538  0.163019  
0.136543 0.630482 0.687574  0.170799  
0.303332 0.449244 0.674848  0.178509  
0.45774 0.323435 0.66235  0.186151  
0.21733 0.533814 0.650071  0.19373  
0.256392 0.493649 0.638003  0.201249  
0.165412 0.593291 0.626136  0.208712  
0.412645 0.357626 0.614465  0.216122  
0.52728 0.273859 0.60298  0.223482  
0.777623 0.118171 0.591676  0.230795  
0.537633 0.266765 0.580545  0.238065  
0.696438 0.165472 0.569582  0.245294  
0.614465 0.216122 0.558779  0.252485  
0.558779 0.252485 0.548131  0.259641  
0.203296 0.549117 0.537633  0.266765  
0.195875 0.557422 0.52728  0.273859  
0.394985 0.371521 0.517067  0.280926  
0.271811 0.478645 0.506988  0.287969  
1.97716e-09 1 0.497039  0.29499  
0.150641 0.611875 0.487215  0.301992  
0.23306 0.517237 0.477512  0.308978  
0.840646 0.0831323 0.467925  0.315949  
0.740959 0.13921 0.458452  0.322909  
0.754939 0.131128 0.449087  0.32986  
0.0991952 0.685048 0.439828  0.336805  
0.924467 0.0385081 0.430669  0.343746  
0.377664 0.385456 0.42161  0.350685  
0.158109 0.602371 0.412645  0.357626  
0.121275 0.651754 0.403772  0.364569  
0.659132 0.188131 0.394985  0.371521  
0.9998 9.9995e-05 0.386285  0.378482  
0.988114 0.00596077 0.377664  0.385456  
0.190213 0.56403 0.369126  0.392442  
0.68363 0.173181 0.360665  0.399446  
0.439495 0.337056 0.352276  0.406472  
0.403773 0.364569 0.343957  0.413521  
0.935174 0.032956 0.335707  0.420598  
0.580545 0.238065 0.327518  0.427708  
0.650071 0.19373 0.319399  0.434846  
0.850135 0.0779723 0.311344  0.442018  
0.264091 0.486102 0.303332  0.449244  
0.830495 0.0886851 0.295386  0.456506  
0.78875 0.111884 0.287509  0.463802  
0.327518 0.427708 0.279646  0.471184  
0.386285 0.378482 0.271811  0.478645  
0.210911 0.54075 0.264099  0.486095  
0.806837 0.101759 0.256392  0.493649  
0.764882 0.125425 0.248725  0.501277  
0.477512 0.308978 0.241082  0.508999  
0.172641 0.584499 0.233084  0.517212  
0.715987 0.15384 0.22585  0.524763  
0.517067 0.280926 0.218495  0.532566  
0.430669 0.343746 0.210911  0.54075  
0.91385 0.0440448 0.203296  0.549117  
0.703272 0.161387 0.195876  0.557421  
0.241081 0.509 0.183636  0.571473  
0.421635 0.350665 0.181206  0.574317  
0.591676 0.230795 0.173641  0.583298  
0.335716 0.42059 0.166398  0.592081  
0.570558 0.244647 0.159021  0.601225  
0.872914 0.0657014 0.15151  0.610757  
0.127767 0.642555 0.144335  0.620085  
0.497688 0.29453 0.136694  0.630278  
0.467139 0.316524 0.127767  0.642555  
0.603465 0.22317 0.12209  0.650586  
0.248725 0.501277 0.114809  0.661165  
0.319399 0.434846 0.106296  0.67397  
0.63778 0.201389 0.0997794  0.684121  
0.106296 0.67397 0.0913259  0.697798  
0.311344 0.442018 0.0846994  0.708968  
0.946423 0.0271572 0.080047  0.717074  
0.343957 0.413521 0.080047  0.717074  
0.360665 0.399446 0.080047  0.917102  
0.863055 0.0709923 1.92416e-09  1  
0.114809 0.661165 1.92416e-09  1  
0.0913259 0.697798 1.92416e-09  1  
0.143507 0.621176 1.92416e-09  1  
0.507362 0.287707 1.92416e-09  1  
0.882694 0.0604819 1.92416e-09  1  
0.287242 0.46405 1.92416e-09  1  
0.957397 0.0215334 0.9998  9.9997e-05  
0.360665 0.399446 1.08872e-09  1  
0.968749 0.0157498 0.989873  0.00507629  
0.876249 0.0639182 0.97007  0.0150788  
0.548131 0.259641 0.950837  0.024891  
0.217324 0.53382 0.932144  0.0345239  
0.66235 0.186151 0.91396  0.0439874  
0.256426 0.493614 0.896258  0.053291  
0.224663 0.526013 0.879012  0.0624435  
0.812449 0.0986403 0.862199  0.071453  
0.803607 0.103559 0.845798  0.0803272  
0.850156 0.077961 0.829787  0.0890733  
0.412645 0.357626 0.814149  0.097698  
0.754951 0.131121 0.798865  0.106208  
0.458201 0.323094 0.783919  0.114608  
0.319399 0.434846 0.769295  0.122905  
0.60298 0.223482 0.75498  0.131104  
0.210911 0.54075 0.740959  0.13921  
0.722711 0.149876 0.72722  0.147228  
0.569585 0.245291 0.71375  0.155163  
0.114811 0.661163 0.700538  0.163019  
0.136543 0.630482 0.687574  0.170799  
0.517067 0.280926 0.674848  0.178509  
0.241089 0.508992 0.66235  0.186151  
0.106363 0.673867 0.650071  0.19373  
0.495717 0.295928 0.638003  0.201249  
0.165412 0.593291 0.626136  0.208712  
0.369141 0.39243 0.614465  0.216122  
0.0991831 0.685067 0.60298  0.223482  
0.783918 0.114609 0.591676  0.230795  
0.71375 0.155163 0.580545  0.238065  
0.764882 0.125425 0.569582  0.245294  
0.248725 0.501277 0.558779  0.252485  
0.449087 0.32986 0.548131  0.259641  
0.195883 0.557413 0.537633  0.266765  
0.683629 0.173181 0.52728  0.273859  
0.704156 0.16086 0.517067  0.280926  
0.127767 0.642554 0.506988  0.287969  
0.92086 0.0403853 0.497039  0.29499  
0.158109 0.602371 0.487215  0.301992  
0.439828 0.336805 0.477512  0.308978  
1.08872e-09 1 0.467925  0.315949  
0.691395 0.168499 0.458452  0.322909  
0.558779 0.252485 0.449087  0.32986  
0.143507 0.621177 0.439828  0.336805  
0.94619 0.027277 0.430669  0.343746  
0.404314 0.364143 0.42161  0.350685  
0.271812 0.478644 0.412645  0.357626  
0.121275 0.651754 0.40377  0.364571  
0.580914 0.237823 0.394986  0.371521  
0.386861 0.378018 0.386285  0.378482  
0.9998 9.9997e-05 0.377665  0.385455  
0.190213 0.56403 0.369127  0.392442  
0.774459 0.119966 0.360665  0.399446  
0.52728 0.273859 0.352276  0.406472  
0.295386 0.456506 0.343957  0.413521  
0.487215 0.301992 0.335707  0.420598  
0.592265 0.230413 0.327521  0.427705  
0.279646 0.471184 0.319399  0.434846  
0.674848 0.178509 0.311339  0.442023  
0.626136 0.208712 0.303334  0.449242  
0.343957 0.413521 0.295386  0.456506  
0.264099 0.486095 0.287491  0.463818  
0.20329 0.549124 0.279646  0.471184  
0.0760867 0.724162 0.271815  0.478642  
0.327523 0.427704 0.264099  0.486095  
0.476654 0.309598 0.256392  0.493649  
0.351784 0.406886 0.248725  0.501277  
0.467925 0.315949 0.241089  0.508992  
0.0841946 0.709837 0.23338  0.516906  
0.421618 0.350679 0.22596  0.524648  
0.792222 0.109931 0.21842  0.532646  
0.311339 0.442023 0.210911  0.54075  
0.984191 0.00793586 0.203316  0.549094  
0.896689 0.0530633 0.195883  0.557413  
0.822036 0.0933379 0.185662  0.569115  
0.394986 0.371521 0.181172  0.574357  
0.614465 0.216122 0.173674  0.583258  
0.831831 0.0879523 0.166398  0.592081  
0.287491 0.463818 0.159022  0.601225  
0.932102 0.0345456 0.151511  0.610756  
0.537633 0.266765 0.144335  0.620085  
0.150641 0.611875 0.136694  0.630278  
0.506988 0.287969 0.127767  0.642554  
0.650071 0.19373 0.12209  0.650586  
0.862765 0.0711488 0.114811  0.661163  
0.181172 0.574357 0.106363  0.673867  
0.907059 0.0476036 0.0997975  0.684093  
0.23338 0.516906 0.0913573  0.697746  
0.840637 0.0831375 0.0846994  0.708968  
0.303334 0.449242 0.0774114  0.721771  
0.886272 0.0585796 0.0760867  0.724162  
0.735509 0.142382 0.0760867  0.724162  
0.638003 0.201249 1.08872e-09  1  
0.746226 0.136157 1.08872e-09  1  
0.430668 0.343747 1.08872e-09  1  
0.172677 0.584455 1.08872e-09  1  
0.335709 0.420596 1.08872e-09  1  
0.0913573 0.697746 1.08872e-09  1  
0.377665 0.385455 1.08872e-09  1  
0.957397 0.0215334 0.9998  9.99971e-05  
0.910355 0.0458749 1.807e-12  1  
0.430669 0.343746 0.989873  0.00507629  
0.311338 0.442024 0.97007  0.0150788  
0.194681 0.558774 0.950837  0.024891  
0.135979 0.631247 0.932144  0.0345239  
0.106297 0.673968 0.91396  0.0439874  
0.360665 0.399446 0.896258  0.053291  
0.458452 0.322909 0.879012  0.0624435  
0.303334 0.449242 0.862199  0.071453  
0.557974 0.253024 0.845798  0.0803272  
0.779421 0.117152 0.829787  0.0890733  
0.614465 0.216122 0.814149  0.097698  
0.843802 0.0814129 0.798865  0.106208  
0.439828 0.336805 0.783919  0.114608  
0.683629 0.173181 0.769295  0.122905  
0.741063 0.13915 0.75498  0.131104  
0.335739 0.42057 0.740959  0.13921  
0.626136 0.208712 0.72722  0.147228  
0.114812 0.66116 0.71375  0.155163  
0.150835 0.611625 0.700538  0.163019  
0.834803 0.0863246 0.687574  0.170799  
0.860436 0.0724032 0.674848  0.178509  
0.172681 0.584451 0.66235  0.186151  
0.264097 0.486096 0.650071  0.19373  
0.650071 0.19373 0.638003  0.201249  
0.66235 0.186151 0.626136  0.208712  
1.807e-12 1 0.614465  0.216122  
0.0991831 0.685067 0.60298  0.223482  
0.547661 0.259959 0.591676  0.230795  
0.20335 0.549056 0.580545  0.238065  
0.709647 0.157594 0.569582  0.245294  
0.143507 0.621177 0.558779  0.252485  
0.537631 0.266767 0.548131  0.259641  
0.0774114 0.721771 0.537633  0.266765  
0.569582 0.245294 0.52728  0.273859  
0.319393 0.434851 0.517067  0.280926  
0.879824 0.0620108 0.506988  0.287969  
0.98419 0.00793625 0.497039  0.29499  
0.210909 0.540752 0.487215  0.301992  
0.76342 0.126261 0.477512  0.308978  
0.889786 0.0567155 0.467925  0.315949  
0.0913574 0.697746 0.458452  0.322909  
0.603057 0.223433 0.449087  0.32986  
0.825027 0.0916901 0.439828  0.336805  
0.637421 0.201613 0.430669  0.343746  
0.722033 0.150275 0.42161  0.350685  
0.377667 0.385454 0.412645  0.357626  
0.121275 0.651754 0.403771  0.36457  
0.942523 0.0291637 0.394986  0.371521  
0.256566 0.493477 0.386285  0.378482  
0.127776 0.642542 0.377667  0.385454  
0.239709 0.5104 0.369128  0.392441  
0.52728 0.273859 0.360665  0.399446  
0.386834 0.37804 0.352276  0.406472  
0.369128 0.392441 0.343957  0.413521  
0.477512 0.308978 0.335707  0.420598  
0.750649 0.1336 0.327521  0.427705  
0.789098 0.111688 0.319399  0.434846  
0.506988 0.287969 0.311338  0.442024  
0.412645 0.357626 0.303334  0.449242  
0.218421 0.532645 0.295386  0.456506  
0.850496 0.0777767 0.287491  0.463818  
0.287477 0.463831 0.279646  0.471184  
0.232188 0.518141 0.271827  0.47863  
0.497039 0.29499 0.264099  0.486095  
0.591676 0.230795 0.256392  0.493649  
0.271827 0.47863 0.248725  0.501277  
0.394986 0.371521 0.241092  0.508989  
0.0841946 0.709837 0.233528  0.516753  
0.486035 0.302838 0.225942  0.524666  
0.343957 0.413521 0.218421  0.532645  
0.671342 0.180645 0.210916  0.540744  
0.403771 0.36457 0.20335  0.549056  
0.179669 0.576126 0.195885  0.557412  
0.696519 0.165423 0.186708  0.567903  
0.931658 0.0347757 0.181172  0.574357  
0.900986 0.050797 0.173677  0.583254  
0.279646 0.471184 0.1664  0.592078  
0.799622 0.105784 0.159023  0.601223  
0.42161 0.350685 0.151706  0.610506  
0.810997 0.0994462 0.144335  0.620085  
0.224646 0.526031 0.136764  0.630184  
0.467519 0.316246 0.127776  0.642542  
0.352276 0.406472 0.12209  0.650586  
0.0714949 0.732615 0.114812  0.66116  
0.248725 0.501277 0.106364  0.673866  
0.9998 9.99971e-05 0.0997975  0.684093  
0.580545 0.238065 0.0913574  0.697746  
0.186708 0.567903 0.0846994  0.708968  
0.16541 0.593293 0.0774114  0.721771  
0.730781 0.145143 0.0714949  0.732615  
0.921002 0.0403114 0.0714949  0.732615  
0.869632 0.0674594 1.807e-12  1  
0.158111 0.602368 1.807e-12  1  
0.295386 0.456506 1.807e-12  1  
0.327746 0.427509 1.807e-12  1  
0.449087 0.32986 1.807e-12  1  
0.972711 0.0137389 1.807e-12  1  
0.517067 0.280926 1.807e-12  1  
