7.11227 6.32731 7.11227  6.32731  
5.14808 7.03529 5.14808  7.03529  
5.89244 5.02259 5.89244  5.02259  
7.27892 6.3882 7.27892  6.3882  
6.15488 6.40606 6.15488  6.40606  
6.44621 4.16821 6.44621  4.16821  
6.27759 6.61688 6.27759  6.61688  
5.72785 5.27245 5.72785  5.27245  
6.13482 5.3324 6.13482  5.3324  
7.08009 4.40665 7.08009  4.40665  
6.60987 5.51 6.60987  5.51  
7.20569 5.35671 7.20569  5.35671  
7.58227 5.18961 7.58227  5.18961  
5.80128 5.81362 5.80128  5.81362  
6.06037 6.33601 6.06037  6.33601  
5.46198 4.0297 5.46198  4.0297  
5.97169 6.7649 5.97169  6.7649  
6.44251 7.12528 6.44251  7.12528  
6.91107 5.62667 6.91107  5.62667  
6.98397 5.52931 6.98397  5.52931  
4.8225 5.25794 4.8225  5.25794  
6.79225 5.70376 6.79225  5.70376  
6.5663 5.7503 6.5663  5.7503  
6.23442 5.84238 6.23442  5.84238  
6.73179 5.74675 6.73179  5.74675  
6.1912 5.50445 6.1912  5.50445  
7.03836 4.51945 7.03836  4.51945  
7.35041 4.73858 7.35041  4.73858  
5.80405 5.96276 5.80405  5.96276  
7.24806 7.07971 7.24806  7.07971  
6.4257 5.79402 6.4257  5.79402  
4.28832 7.29329 4.28832  7.29329  
4.77337 5.47931 4.77337  5.47931  
5.393 4.84288 5.393  4.84288  
6.17397 5.2924 6.17397  5.2924  
6.45062 5.706 6.45062  5.706  
4.77111 4.59594 4.77111  4.59594  
6.51018 6.26924 6.51018  6.26924  
6.37666 5.27168 6.37666  5.27168  
8.88058 4.26414 8.88058  4.26414  
7.48335 6.92479 7.48335  6.92479  
6.15996 5.18959 6.15996  5.18959  
6.61991 5.42044 6.61991  5.42044  
6.32533 4.92515 6.32533  4.92515  
6.02181 5.39459 6.02181  5.39459  
6.91891 5.99981 6.91891  5.99981  
7.50789 7.27913 7.50789  7.27913  
6.83089 5.94847 6.83089  5.94847  
8.3036 5.25901 8.3036  5.25901  
6.46412 6.14274 6.46412  6.14274  
7.07782 4.69022 7.07782  4.69022  
6.51334 5.02412 6.51334  5.02412  
6.64265 6.42994 6.64265  6.42994  
4.9069 4.6698 4.9069  4.6698  
5.74832 5.90621 5.74832  5.90621  
7.56101 5.12487 7.56101  5.12487  
8.06936 5.92792 8.06936  5.92792  
6.93479 4.9146 6.93479  4.9146  
4.27601 4.5224 4.27601  4.5224  
6.41893 5.36829 6.41893  5.36829  
6.67555 5.28747 6.67555  5.28747  
5.53549 5.35187 5.53549  5.35187  
5.5629 5.90001 5.5629  5.90001  
6.78604 6.07457 6.78604  6.07457  
6.19771 4.6552 6.19771  4.6552  
5.3897 5.6636 5.3897  5.6636  
6.2818 5.67785 6.2818  5.67785  
6.42997 5.7604 6.42997  5.7604  
7.25135 5.61188 7.25135  5.61188  
7.53649 5.11407 7.53649  5.11407  
7.70304 4.91291 7.70304  4.91291  
6.79692 5.9353 6.79692  5.9353  
8.77477 5.74509 8.77477  5.74509  
5.99659 6.82598 5.99659  6.82598  
6.74457 5.65793 6.74457  5.65793  
6.23763 6.46144 6.23763  6.46144  
6.42801 6.38214 6.42801  6.38214  
6.27089 4.15097 6.27089  4.15097  
5.33068 5.42571 5.33068  5.42571  
6.46981 6.48628 6.46981  6.48628  
6.61616 5.45561 6.61616  5.45561  
7.79358 5.95971 7.79358  5.95971  
5.48889 4.89477 5.48889  4.89477  
5.72 5.59995 5.72  5.59995  
6.25745 4.82216 6.25745  4.82216  
7.44866 6.10663 7.44866  6.10663  
5.42989 6.89599 5.42989  6.89599  
6.54717 5.59616 6.54717  5.59616  
6.77364 5.90147 6.77364  5.90147  
5.4821 5.83473 5.4821  5.83473  
6.70243 4.95486 6.70243  4.95486  
7.65089 7.13206 7.65089  7.13206  
5.28915 5.21045 5.28915  5.21045  
5.4952 5.81039 5.4952  5.81039  
6.87343 7.13672 6.87343  7.13672  
5.62185 5.6317 5.62185  5.6317  
6.2123 5.66293 6.2123  5.66293  
6.76183 5.59054 6.76183  5.59054  
5.96352 5.29516 5.96352  5.29516  
6.53411 5.02727 6.53411  5.02727  
3.41294 3.01786 4.19907  6.14821  
3.15664 3.20394 4.64444  5.59034  
3.50581 2.96067 4.85794  4.82309  
3.47581 2.97861 5.85972  5.878  
2.81605 3.67867 6.21482  4.017  
3.31371 3.08414 6.08238  4.87501  
2.92507 3.44813 6.36366  2.97006  
3.80084 2.80022 6.67879  4.81481  
3.34219 3.06451 6.81833  5.05329  
2.97276 3.38602 6.1698  4.8712  
3.10323 3.2505 6.19224  4.34439  
2.81864 3.66901 7.5172  4.30646  
3.65003 2.87871 7.28475  4.19716  
2.88227 3.51496 6.01873  4.1573  
3.73599 2.83306 5.80892  4.14928  
3.57133 2.92258 7.27985  4.13963  
3.35533 3.05663 5.7627  4.13513  
2.96459 3.3958 6.04392  3.40148  
3.77458 2.81341 6.07246  3.45251  
2.95375 3.41021 6.86195  3.61853  
3.11986 3.23562 7.69218  3.85988  
3.30693 3.0887 6.90753  4.08725  
3.08389 3.26865 6.8475  3.84787  
3.72222 2.84042 5.9108  3.67366  
3.25709 3.12494 5.9682  3.66799  
3.05049 3.3007 5.83393  3.78781  
3.53298 2.94475 5.42651  3.66707  
2.86905 3.54942 5.5784  3.72253  
3.03541 3.31533 6.36443  3.83489  
2.85232 3.57419 5.51584  3.84145  
3.39882 3.0275 5.64962  3.97389  
3.00886 3.34442 5.61098  3.99416  
3.14073 3.21754 5.60745  4.0493  
3.00329 3.35087 5.5437  4.09195  
2.80928 3.71164 5.57942  4.11728  
2.80351 3.77409 5.24367  4.06902  
3.59142 2.91101 5.42618  4.2217  
3.44847 2.99548 5.21543  4.15094  
3.07076 3.28081 5.20511  4.18124  
3.28649 3.10343 5.07278  4.19739  
2.95905 3.40256 5.17226  4.33415  
3.46187 2.98727 5.30152  4.49902  
3.07788 3.27372 5.38287  4.46487  
2.90796 3.47343 5.01134  4.42018  
3.22861 3.14594 4.94443  4.4406  
3.68753 2.85861 5.05859  4.52092  
3.11153 3.24276 5.22664  4.88496  
3.66323 2.87151 4.96752  4.67314  
3.14777 3.21161 4.89906  4.69393  
3.21197 3.15907 4.88839  4.75596  
3.36392 3.04986 5.02458  5.00487  
3.02397 3.32735 5.58157  4.87168  
3.62136 2.89457 4.60834  4.71854  
3.06155 3.28919 4.77243  5.01341  
2.82947 3.63193 4.62229  4.90806  
3.78756 2.80731 5.01736  5.28477  
2.8253 3.65387 4.58281  5.16613  
2.99123 3.36448 4.56038  5.15093  
3.49804 2.96526 4.51015  5.12481  
2.90295 3.48114 4.46778  5.25916  
3.70099 2.85147 4.4247  5.20092  
3.60494 2.90369 4.55134  5.39412  
3.23837 3.1386 4.28734  5.19695  
3.67465 2.86557 4.27858  5.30648  
3.13209 3.2248 4.26071  5.39534  
3.4871 2.97206 4.20527  5.44199  
3.3269 3.07522 4.17102  5.43503  
3.51889 2.95285 4.24095  5.77444  
2.99464 3.36005 4.19517  6.17873  
3.29699 3.0958 3.03607  3.31533  
3.63381 2.88756 4.02648  5.63586  
2.94797 3.41692 3.97414  5.65767  
3.42324 3.01139 4.06389  6.08797  
3.61135 2.89978 3.90045  5.87381  
3.17064 3.19223 4.13159  6.61553  
3.74768 2.82721 4.04211  6.57548  
3.16256 3.19892 3.72486  5.7363  
2.93373 3.43615 4.36051  6.32314  
3.38472 3.0362 3.64384  5.89043  
3.43952 3.00133 3.63969  6.07759  
3.26535 3.11884 4.36583  7.34948  
3.19056 3.17608 4.50857  7.71686  
3.20228 3.16697 3.56632  6.30461  
3.54458 2.93786 3.55463  6.58349  
2.85967 3.55998 4.57887  6.01466  
3.17706 3.18674 4.59171  7.21174  
2.91959 3.45611 4.6442  6.49073  
2.89347 3.4957 4.66455  5.83636  
3.01594 3.33669 5.18308  5.69194  
3.095 3.25774 5.19512  7.16622  
3.2765 3.11052 5.19692  6.46669  
3.04223 3.30827 5.21876  7.02429  
3.37463 3.0428 5.39989  6.09629  
2.94172 3.42509 5.81874  5.83328  
2.91307 3.46551 6.12945  6.24707  
2.83813 3.60814 4.13334  5.51123  
3.7163 2.8433 4.10726  5.5825  
3.55894 2.92969 5.26235  5.37856  
2.9808 3.37627 4.14088  6.38198  
2.84307 3.59773 7.22328  4.20734  
3.41293 3.01755 5.93883  3.66105  
3.15465 3.20512 4.28169  4.6276  
3.5079 2.95907 4.77698  4.45934  
3.47771 2.9774 4.38541  4.03185  
2.81397 3.68459 5.00343  4.01559  
3.31665 3.0819 5.56527  3.88028  
2.92537 3.44701 5.45334  3.84966  
3.80084 2.80022 5.51907  3.75584  
3.33833 3.0675 5.3892  3.60123  
2.97182 3.38639 5.7312  3.50106  
3.10328 3.25013 5.62085  3.46492  
2.86667 3.54378 4.953  3.02521  
3.64925 2.87937 4.94686  3.03747  
2.88561 3.50839 5.96434  3.37564  
3.73599 2.83306 5.25241  3.13852  
3.56718 2.92456 6.07283  3.31501  
3.34964 3.05927 4.85764  3.13776  
2.96393 3.39613 4.87316  3.16113  
3.77458 2.81341 4.929  3.19354  
3.76394 2.81888 4.98195  3.28308  
3.12307 3.23267 4.90725  3.28648  
3.30823 3.08773 4.96694  3.35047  
3.08466 3.26708 4.88938  3.35264  
3.72222 2.84042 5.19195  3.28718  
3.2552 3.1259 4.6346  3.34044  
3.05183 3.29892 5.08669  3.55345  
3.53266 2.94444 4.46606  3.3535  
2.87055 3.53649 4.7899  3.50852  
3.03375 3.31703 4.62699  3.46373  
2.85095 3.57618 4.77425  3.51682  
3.39736 3.02764 4.7547  3.58004  
3.00661 3.34657 4.46174  3.51319  
3.14014 3.21772 4.3002  3.4738  
2.99828 3.35555 4.61953  3.65421  
2.80679 3.72338 4.5298  3.74119  
2.80329 3.74953 4.55581  3.70803  
3.59333 2.90994 4.51975  3.72987  
3.45313 2.9923 4.50907  3.76662  
3.06934 3.28197 4.52436  3.81844  
3.28505 3.10416 4.38791  3.77311  
2.87682 3.52523 4.25758  3.74294  
3.46273 2.98647 4.31895  3.82017  
3.0771 3.27434 4.30252  3.8454  
2.90741 3.47352 4.38914  3.95945  
3.22861 3.14594 4.31647  3.95943  
3.68753 2.85861 4.29211  3.99309  
3.11512 3.23931 4.24757  4.00224  
3.66152 2.87245 4.23486  4.00797  
3.14816 3.21068 4.24634  4.04613  
3.58062 2.9169 4.17854  4.09355  
3.36128 3.0515 4.16419  4.13202  
3.02463 3.3267 4.20306  4.24558  
3.61905 2.89555 4.13132  4.19828  
3.06114 3.28946 4.03521  4.17153  
2.82872 3.6332 4.00966  4.19648  
3.79028 2.80525 4.01384  4.24646  
2.82157 3.65626 4.25262  4.05551  
2.988 3.36732 3.86224  4.19591  
3.24643 3.13236 3.91786  4.36995  
2.89926 3.48644 3.91678  4.38135  
3.69815 2.85308 3.88148  4.39475  
3.6039 2.90404 3.86804  4.43572  
3.23837 3.1386 3.81681  4.43602  
3.67441 2.86525 3.79075  4.47294  
3.13191 3.22461 3.7666  4.51219  
3.4924 2.96839 3.88109  4.80313  
3.3269 3.07522 3.74056  4.61412  
3.51889 2.95285 3.67674  4.55804  
3.21399 3.15689 3.04332  3.30739  
3.29404 3.0974 3.50378  4.79862  
3.63625 2.88613 3.60515  4.67464  
2.94831 3.41624 3.58566  4.70606  
3.42476 3.01011 3.55602  4.72476  
2.81074 3.70202 3.52977  4.76636  
3.17234 3.19045 3.5018  4.78881  
3.7508 2.82539 3.46671  4.8525  
3.16407 3.19737 3.44934  4.84954  
2.93313 3.43628 3.6021  5.40727  
3.38472 3.0362 3.38644  4.8916  
3.43763 3.002 3.38322  5.4423  
3.2654 3.1185 3.32661  4.94964  
3.19056 3.17608 3.30929  4.97598  
3.20281 3.1661 3.35777  5.382  
3.54458 2.93786 3.25305  5.02704  
2.8601 3.55737 3.34793  5.69261  
3.18055 3.18454 3.40958  5.98434  
2.95715 3.40501 3.41316  5.89766  
2.89192 3.49831 3.14142  5.16416  
3.01674 3.33528 3.12055  5.19261  
3.0942 3.25806 3.50588  5.59161  
3.2765 3.11052 3.54822  6.2413  
3.04306 3.30739 3.12606  6.2391  
3.37287 3.04384 3.60547  5.42402  
2.94172 3.42509 3.63965  5.99124  
2.91495 3.46218 3.68736  5.48511  
2.83697 3.61008 3.69533  4.81739  
3.70891 2.84738 3.74978  5.67509  
3.55517 2.93142 3.83684  5.73644  
2.9791 3.37763 4.00379  5.8744  
2.84354 3.5935 4.17863  5.7203  
3.40743 2.99154 3.86395  4.24816  
3.12424 3.19409 3.77307  5.00705  
3.47034 2.95337 4.33036  4.21341  
3.44712 2.9689 4.14756  4.20464  
2.78797 3.61416 4.53661  3.85858  
4.36795 2.62254 5.12705  3.70633  
2.88009 3.44503 5.2132  3.69997  
3.80084 2.80022 5.09344  3.66908  
3.28149 3.07804 5.16865  3.50617  
2.94758 3.35938 5.68662  3.47166  
2.90179 3.41967 5.55969  3.32735  
3.99968 2.63036 5.03087  2.86236  
3.61606 2.87449 5.11292  3.32507  
2.86683 3.47188 5.2321  3.20799  
3.73015 2.81352 4.75102  2.90842  
3.53095 2.92018 5.01081  2.97717  
3.33774 3.03638 5.84268  3.07831  
2.7791 3.66354 5.63895  3.13569  
3.75183 2.80112 5.51541  3.17551  
3.46181 2.96304 4.23725  2.93461  
3.36782 3.01788 4.15268  2.94324  
3.28739 3.07015 4.7546  3.09006  
3.34976 3.02914 4.91078  3.16045  
3.71362 2.82082 4.11709  2.99687  
3.24383 3.10626 5.06852  3.29002  
2.77725 4.53001 4.69459  3.22983  
2.76897 5.2919 4.79861  3.28836  
3.26382 3.08865 4.97956  3.40054  
3.00152 3.30289 4.79474  3.36561  
2.85149 3.49123 4.57071  3.32642  
3.35515 3.02468 3.89772  3.08632  
3.40469 2.99474 4.3934  3.3176  
3.97266 2.65233 3.98889  3.17129  
2.914 3.40335 3.75746  3.08898  
3.13656 3.18714 4.32008  3.37432  
2.83478 3.51486 4.58797  3.477  
3.55703 2.90585 3.99382  3.28621  
2.92628 3.3843 4.71137  3.47034  
3.18868 3.14353 4.19547  3.65296  
3.1697 3.15832 3.88043  3.31207  
3.00729 3.29617 3.93244  3.37431  
2.95888 3.34669 3.85728  3.35732  
2.8273 3.54133 4.18897  3.62124  
3.58385 2.89292 3.77719  3.36263  
3.31331 3.05624 3.85408  3.44754  
2.96795 3.33817 4.02024  3.60993  
2.78705 3.62892 3.81628  3.49286  
3.10194 3.21095 3.85864  3.56789  
3.54725 2.91032 3.76218  3.52161  
3.22005 3.11918 3.94664  3.72522  
3.30704 3.06077 3.8038  3.63013  
3.63877 2.85999 3.76206  3.63858  
3.03356 3.27161 4.02723  3.75801  
3.52604 2.92242 3.64526  3.59429  
3.58831 2.88811 3.88424  3.89039  
2.93748 3.37259 4.00293  4.02684  
3.02763 3.27625 3.80724  3.9043  
3.07951 3.22967 3.47895  3.55037  
2.85427 3.48371 3.87362  4.11059  
3.51267 2.92932 3.5688  3.75795  
3.66185 2.84718 3.53986  3.767  
3.42277 2.98382 3.51718  3.77878  
3.19761 3.13386 3.71703  4.17046  
3.05924 3.24746 3.52383  3.91505  
3.11247 3.20173 3.72012  4.29166  
3.01172 3.292 3.65391  4.26137  
2.97723 3.327 3.8038  4.56735  
3.07567 3.23309 3.67713  4.47013  
3.56576 2.90272 3.61111  4.41178  
3.60247 2.8796 3.60842  4.5081  
3.2519 3.09654 3.46089  4.24227  
3.04018 3.26596 3.26362  3.83848  
3.06806 3.2391 3.3309  4.06615  
2.98092 3.32352 3.42242  4.32874  
3.67358 2.8426 3.32713  4.20846  
3.04995 3.25653 2.99801  3.31206  
3.01978 3.28406 3.47548  4.64574  
3.32161 3.05006 3.33318  5.00716  
3.22866 3.11264 3.34665  4.71624  
3.20649 3.1291 3.33711  4.80398  
3.39085 3.00574 3.27478  4.71062  
2.84108 3.50437 3.15116  4.28801  
2.95424 3.3519 3.11732  4.32926  
3.30087 3.06556 3.05104  4.01933  
3.15395 3.1672 3.03419  4.03456  
3.13987 3.17843 3.01728  4.05715  
3.38736 3.00947 3.00605  4.16685  
2.99279 3.31214 2.98181  4.08359  
3.43265 2.97612 2.96826  4.12812  
2.79511 3.59593 3.00823  4.91988  
3.47726 2.9492 2.9972  4.90602  
3.98123 2.63794 2.983  4.86647  
2.89447 3.43365 3.00394  5.47726  
3.49927 2.93855 2.98686  5.71518  
3.17891 3.14989 2.98275  5.77904  
3.65314 2.85296 3.00521  5.69603  
3.32655 3.04581 2.85909  5.33914  
3.7031 2.82722 3.13543  5.85977  
3.50525 2.93472 3.54768  5.05397  
3.09061 3.22444 3.77295  5.227  
1.77865 2.02638 3.53816  1.29798  
2.10044 1.30309 2.10703  2.26966  
2.49878 1.02579 3.61124  0.925933  
2.27242 1.17794 3.06405  0.891795  
1.94682 1.47352 3.42178  0.908702  
1.88309 1.54578 3.51116  0.891721  
2.62994 0.95095 2.84944  0.925933  
1.77815 2.84003 3.27971  0.958361  
2.06888 1.33159 2.98291  0.959962  
1.89468 1.53283 2.78631  0.957683  
1.98904 1.41427 3.25296  1.02124  
2.09764 1.30802 3.16706  1.01954  
1.84489 1.61185 2.74902  0.987114  
2.13123 1.28112 3.37091  0.99157  
2.05235 1.34866 2.90363  1.03576  
1.73775 3.10904 3.39371  1.11688  
2.75546 0.883822 3.3563  1.14827  
2.26752 1.18068 3.02104  1.11001  
2.46588 1.048 2.4997  1.02463  
3.10259 0.872923 2.88009  1.11805  
1.77861 2.25913 3.04013  1.175  
1.90631 1.51837 2.87319  1.15858  
2.24386 1.19014 2.74464  1.14028  
2.01908 1.38191 2.78858  1.15849  
1.81051 1.89726 3.0754  1.27204  
1.9628 1.44416 3.37091  1.41532  
1.8157 1.70342 2.83274  1.24288  
2.61755 0.956002 2.76109  1.23401  
2.04479 1.35377 2.58424  1.17676  
2.63229 0.949191 2.77764  1.26294  
2.26431 1.1816 2.54344  1.19585  
2.38059 1.09631 2.49377  1.19217  
2.189 1.22891 2.547  1.23935  
1.96879 1.44324 2.62361  1.26638  
1.95636 1.45424 2.66636  1.32472  
1.79864 1.91332 2.77108  1.41281  
1.81326 1.71823 2.50064  1.2806  
1.79292 1.96218 2.60339  1.34974  
1.82961 1.69268 2.62747  1.38975  
2.65236 0.938381 2.54323  1.37188  
2.70689 0.908313 2.50775  1.3684  
1.79777 1.93567 2.53859  1.40093  
2.02703 1.37407 2.50459  1.41322  
2.93651 0.874451 2.5326  1.45646  
2.09538 1.3098 2.2927  1.29824  
2.00088 1.40474 2.73273  1.46009  
2.51223 1.01726 2.5167  1.6072  
2.07253 1.3282 2.52718  1.58017  
1.97628 1.43978 2.38567  1.45035  
2.03858 1.36165 2.51546  1.60075  
1.81411 1.70552 2.23345  1.3568  
2.03302 1.36627 2.4954  1.62003  
2.0943 1.32218 2.42704  1.61465  
2.47655 1.03781 2.55347  1.8593  
2.07476 1.32771 2.28473  1.50814  
2.06787 1.33342 2.33246  1.58469  
1.93069 1.48027 2.28494  1.56219  
2.42834 1.07663 2.61785  1.90507  
2.72031 0.904291 2.44368  1.83439  
2.23661 1.19663 2.26269  1.62002  
2.1755 1.23975 2.13441  1.45647  
2.5469 0.996619 2.04763  1.35158  
2.04429 1.35528 2.19172  1.59987  
2.13079 1.28161 2.26598  1.72367  
2.53495 1.00188 2.27014  1.75915  
1.93005 1.48578 2.22794  1.77689  
1.77763 2.90342 2.22576  1.84503  
2.56937 0.981302 2.18204  1.76588  
1.95439 1.4574 2.04798  1.52794  
2.69657 0.91309 2.16426  2.05601  
2.51308 1.01511 2.16883  1.98922  
2.7494 0.888208 2.12506  1.82254  
2.54179 0.999535 2.06067  1.71463  
2.04763 1.35051 2.10046  1.8593  
2.49062 1.03285 2.10659  1.89071  
2.27814 1.16644 2.023  1.72829  
2.00761 1.39702 2.13471  2.24443  
2.39972 1.08305 2.05803  2.02718  
1.91006 1.50688 1.95213  1.64676  
1.93117 1.47909 1.9807  1.80155  
2.20914 1.2283 1.96354  1.81679  
1.99638 1.40512 2.05252  2.32345  
1.96047 1.45186 1.98266  2.01824  
2.56843 0.98295 1.99826  2.17296  
2.3565 1.11688 2.02865  2.42556  
2.16401 1.25497 1.93732  2.03011  
2.73734 0.892916 1.92048  2.03418  
1.83852 1.63622 1.97319  2.59882  
2.38225 1.09401 1.92276  2.26966  
2.46738 1.04406 1.93796  2.60904  
2.67896 0.928922 1.98719  3.44707  
1.92139 1.49872 1.92365  3.01213  
2.41599 1.07872 1.85619  2.30368  
2.64842 0.938485 1.88721  3.47391  
2.05802 1.34137 1.83571  2.53793  
1.98251 1.43118 1.81634  4.72109  
2.49971 1.02117 1.79646  2.70098  
2.56209 0.988299 1.81291  4.52195  
2.11056 1.29515 1.78643  4.06535  
2.61382 0.959493 2.03886  2.93898  
1.4548 0.6674 1.79301  0.480967  
1.28924 0.776578 0.725876  1.36417  
1.19694 0.845464 1.78352  0.485932  
1.59761 0.583896 1.76315  0.495967  
1.44336 0.674447 1.74416  0.505669  
1.64933 0.55557 1.72562  0.51536  
0.907579 1.14256 1.70726  0.524778  
1.68995 0.534019 1.68995  0.534019  
0.930039 1.11092 1.673  0.542839  
1.41899 0.689709 1.65615  0.55198  
1.79301 0.480967 1.63895  0.561162  
0.982322 1.04668 1.61087  0.576896  
1.27077 0.78969 1.60743  0.578464  
0.996555 1.02984 1.5776  0.595479  
1.00574 0.93933 1.56302  0.603696  
1.06057 0.891004 1.5482  0.61188  
1.33074 0.74762 1.53418  0.619975  
0.929748 1.1113 1.52001  0.628304  
1.01469 0.930923 1.50694  0.636  
0.900667 1.15288 1.49172  0.645095  
1.224 0.824443 1.48085  0.651664  
1.29886 0.769683 1.46804  0.659257  
0.978597 1.05018 1.4556  0.666969  
0.952142 1.08212 1.4313  0.682107  
1.02549 0.921283 1.41919  0.6897  
1.24242 0.810512 1.4079  0.696758  
1.58285 0.592192 1.39612  0.704337  
1.6235 0.569639 1.38478  0.711666  
1.56308 0.603431 1.37395  0.718746  
1.04679 0.902564 1.36295  0.725999  
1.17079 0.866295 1.35186  0.733355  
1.48085 0.651538 1.34129  0.740599  
0.966883 1.06405 1.33074  0.74762  
1.37395 0.718717 1.31037  0.76192  
0.907528 1.14256 1.29999  0.768875  
1.52001 0.628304 1.28975  0.776153  
1.20523 0.838875 1.28003  0.783193  
1.78352 0.485932 1.27077  0.789705  
0.995711 1.03161 1.26127  0.796906  
1.76211 0.496468 1.25116  0.804079  
1.28975 0.776153 1.24242  0.810553  
1.5482 0.611875 1.23305  0.817565  
1.27987 0.783193 1.21704  0.829746  
1.18803 0.852405 1.20523  0.838875  
1.66768 0.546598 1.19723  0.845464  
0.944863 1.09135 1.18805  0.852405  
1.36295 0.725961 1.17936  0.85936  
1.31037 0.76192 1.17078  0.866309  
1.37395 0.718746 1.16222  0.873308  
1.13052 0.881567 1.13052  0.881567  
0.937946 1.10029 1.13052  0.881567  
1.50694 0.636 1.06057  0.891004  
1.49208 0.64508 1.06057  0.891004  
0.915226 1.13139 1.06057  0.891004  
0.810644 1.34865 1.06057  0.891004  
1.5292 0.622906 1.06057  0.891004  
1.39617 0.704263 1.06057  0.891004  
0.981586 1.04668 1.04679  0.902564  
1.53418 0.619975 1.04679  0.902564  
1.63895 0.561162 1.02549  0.921283  
1.34078 0.740806 1.02549  0.921283  
1.32061 0.754567 1.01479  0.930921  
0.959534 1.07288 1.00574  0.93933  
1.61087 0.576896 1.00471  0.940162  
1.26128 0.796607 1.00471  0.940162  
1.57753 0.595479 1.00471  0.940162  
1.1616 0.873823 1.00471  0.940162  
1.59235 0.586855 0.996555  1.02984  
1.23305 0.817563 0.989276  1.03808  
1.46804 0.659257 0.981626  1.04668  
1.63577 0.562916 0.973942  1.05636  
0.922203 1.12179 0.966883  1.06405  
1.17935 0.85936 0.959519  1.07305  
0.725873 1.36417 0.952096  1.08218  
1.67502 0.542094 0.937132  1.10207  
1.45914 0.664796 0.930039  1.11092  
0.989149 1.03807 0.922242  1.12179  
1.43116 0.682046 0.915255  1.13139  
0.895934 1.1603 0.907579  1.14256  
1.673 0.542839 0.901208  1.15288  
1.70726 0.524778 0.812477  1.16429  
1.35183 0.733355 0.812477  1.16429  
0.812477 1.16429 0.812477  1.16429  
1.74416 0.505668 0.812477  1.16429  
1.25116 0.804079 0.812477  1.16429  
1.98287 0.681632 0.812477  1.16429  
0.973811 1.05583 0.812477  1.16429  
0.845707 1.25159 0.812477  1.16429  
1.38478 0.711666 0.812477  1.16429  
1.00471 0.940161 0.812477  1.16429  
1.72562 0.51536 0.812477  1.16429  
1.70009 0.528638 0.725876  1.36417  
1.4079 0.696746 0.725876  1.36417  
1.65847 0.55064 0.725876  1.36417  
1.30999 0.761921 0.725876  1.36417  
1.21525 0.831119 0.725876  1.36417  
1.49371 0.643902 0.725876  1.36417  
1.77431 0.490315 0.725876  1.36417  
1.04679 0.902569 0.725876  1.36417  
1.60743 0.578464 0.725876  1.36417  
0.0772817 0.972815 1.06455  0.0849496  
0.911919 0.16443 0.0648206  1.07522  
0.336599 0.563446 1.05466  0.0899064  
0.103426 0.888139 1.03487  0.0999029  
0.268158 0.633826 1.01563  0.109716  
0.400326 0.50555 0.99697  0.119336  
0.35225 0.548648 0.978875  0.128749  
0.425399 0.4843 0.960995  0.138145  
1.01519 0.10994 0.943776  0.147284  
0.0684434 1.0239 0.926965  0.156292  
1.04917 0.0926693 0.910613  0.16514  
0.978556 0.128915 0.894662  0.173852  
0.895107 0.173609 0.878877  0.182557  
0.24591 0.659204 0.863646  0.191037  
0.417147 0.49121 0.84868  0.199449  
0.260509 0.642387 0.834024  0.207763  
0.43386 0.477297 0.819699  0.215968  
1.06455 0.0849496 0.805699  0.224063  
0.739587 0.263361 0.791974  0.232071  
0.118889 0.852132 0.778512  0.240001  
0.0721084 0.99895 0.765305  0.247854  
0.442373 0.47033 0.752251  0.255689  
0.961078 0.138105 0.739587  0.263361  
0.253244 0.650674 0.727092  0.271002  
0.126891 0.835533 0.714831  0.278569  
0.561768 0.379848 0.702805  0.286062  
1.03377 0.100458 0.690924  0.293533  
0.656424 0.315641 0.679188  0.300984  
0.572177 0.372504 0.667674  0.308363  
0.368083 0.534082 0.656424  0.315641  
0.634309 0.330153 0.64527  0.322926  
0.313457 0.586131 0.634309  0.330153  
0.142179 0.806558 0.623449  0.337382  
0.75093 0.256486 0.612853  0.344504  
0.360152 0.541329 0.60239  0.351605  
0.283147 0.617506 0.591886  0.358802  
0.0648206 1.07522 0.581787  0.36579  
0.76328 0.249065 0.571745  0.372808  
0.531872 0.40138 0.561768  0.379848  
0.23011 0.678187 0.551953  0.386844  
0.84868 0.199449 0.542254  0.393827  
0.207509 0.706995 0.532623  0.40083  
0.581787 0.36579 0.523131  0.407804  
0.0907728 0.923475 0.513837  0.414703  
0.149269 0.794099 0.504532  0.421682  
0.179535 0.746027 0.495367  0.428628  
0.384138 0.519695 0.486336  0.435546  
0.667814 0.308273 0.477374  0.442484  
0.880485 0.181667 0.46851  0.449421  
0.46851 0.449421 0.459718  0.456378  
0.16471 0.76866 0.45101  0.463343  
0.0952909 0.910036 0.442373  0.47033  
0.477374 0.442484 0.43386  0.477297  
0.408685 0.49838 0.425399  0.484301  
0.11126 0.869146 0.416967  0.491361  
0.727092 0.271001 0.408685  0.49838  
0.1943 0.724897 0.400326  0.50555  
0.62316 0.337576 0.39227  0.512546  
0.863646 0.191037 0.384138  0.519695  
0.833723 0.207936 0.376058  0.526889  
0.305825 0.593843 0.368083  0.534082  
0.551953 0.386844 0.360152  0.541329  
0.486336 0.435546 0.35225  0.548648  
0.926965 0.156292 0.344372  0.556045  
0.64527 0.322926 0.336599  0.563447  
0.504532 0.421682 0.328823  0.570957  
0.776789 0.241022 0.321121  0.578506  
0.321121 0.578506 0.313457  0.586131  
0.690924 0.293533 0.305825  0.593843  
0.702805 0.286062 0.298218  0.601651  
0.495367 0.428628 0.290684  0.609512  
0.791974 0.232071 0.283147  0.617506  
0.591886 0.358802 0.275659  0.625586  
0.943776 0.147283 0.268158  0.633826  
0.459718 0.456377 0.260746  0.64212  
0.215707 0.696299 0.253244  0.650674  
0.297002 0.60291 0.24591  0.659207  
0.679362 0.300881 0.238398  0.668121  
0.60239 0.351605 0.231109  0.676961  
0.513837 0.414703 0.223756  0.686075  
0.186823 0.735437 0.2164  0.695408  
0.223064 0.686944 0.20898  0.705054  
0.157242 0.780697 0.201662  0.714813  
0.328823 0.570957 0.1943  0.724897  
0.172132 0.757134 0.186823  0.735437  
0.805899 0.223947 0.179535  0.746027  
0.201662 0.714813 0.172132  0.757134  
0.542254 0.393827 0.16471  0.76866  
0.819699 0.215968 0.157242  0.780698  
0.523131 0.407804 0.149724  0.793318  
0.275659 0.625586 0.142179  0.806558  
0.238398 0.668121 0.134597  0.820531  
0.99637 0.119647 0.126891  0.835533  
0.344372 0.556045 0.119176  0.851518  
0.13434 0.821019 0.11126  0.869146  
0.45101 0.463343 0.103378  0.888262  
0.376058 0.526889 0.0952909  0.910036  
0.612853 0.344504 0.0869604  0.935753  
0.714831 0.278569 0.0783788  0.968022  
0.0823233 0.952211 0.0694972  1.0158  
0.198287 0.690947 1.04569  0.0814281  
0.583641 0.348014 0.0459762  1.07353  
0.0635118 0.948825 1.0369  0.0858314  
0.234505 0.647029 1.01597  0.0964041  
0.0584769 0.969264 0.996728  0.106219  
0.349172 0.53063 0.978699  0.115508  
0.476436 0.425169 0.960375  0.125042  
0.271025 0.606848 0.942248  0.134567  
0.0496714 1.01997 0.925009  0.143715  
0.627219 0.318879 0.908222  0.152711  
0.130589 0.790296 0.891904  0.161538  
0.876417 0.169998 0.87569  0.170395  
0.531944 0.384153 0.860176  0.178951  
0.440697 0.452992 0.844764  0.187537  
0.495008 0.411166 0.83002  0.195817  
0.294622 0.582598 0.815213  0.204218  
0.522174 0.391196 0.800868  0.212441  
0.672012 0.290051 0.786927  0.220494  
0.696114 0.274964 0.773277  0.228459  
0.167347 0.732821 0.759646  0.236492  
0.302555 0.574718 0.746504  0.244302  
0.357242 0.523339 0.733477  0.25212  
0.122714 0.804159 0.720668  0.259881  
0.0550194 0.985775 0.708179  0.267517  
0.908339 0.152647 0.696114  0.274964  
0.786927 0.220494 0.683863  0.282602  
0.708179 0.267517 0.672012  0.290051  
0.333391 0.545141 0.660338  0.297464  
0.759646 0.236492 0.648885  0.304801  
0.732275 0.25286 0.637516  0.312159  
0.846427 0.186601 0.626416  0.319406  
1.03463 0.0869742 0.615477  0.32662  
0.615477 0.32662 0.604735  0.333769  
0.773277 0.228459 0.594028  0.340965  
0.637516 0.312159 0.583641  0.348014  
0.389896 0.494808 0.573325  0.355081  
0.815213 0.204218 0.563219  0.362073  
0.542055 0.376938 0.552688  0.369432  
0.10004 0.848625 0.542907  0.37634  
0.74519 0.245087 0.532996  0.383421  
0.227084 0.655659 0.523506  0.39023  
0.683854 0.282602 0.513847  0.397254  
0.115635 0.817242 0.504373  0.404215  
1.01465 0.0970729 0.495008  0.411166  
0.079928 0.896846 0.485958  0.417952  
0.415084 0.473714 0.476436  0.425169  
0.0685554 0.930792 0.467587  0.431946  
0.175126 0.721834 0.458415  0.439049  
0.660337 0.297464 0.449645  0.445931  
0.138199 0.777503 0.440697  0.452992  
0.152011 0.755566 0.432229  0.459767  
0.21994 0.664148 0.423482  0.466851  
0.594028 0.340965 0.415084  0.473714  
0.467587 0.431946 0.406317  0.480974  
0.424419 0.466081 0.398126  0.487836  
0.205591 0.681709 0.389896  0.494808  
0.160502 0.742784 0.381779  0.501768  
0.381779 0.501768 0.373448  0.509001  
0.573325 0.355081 0.365229  0.516261  
0.99618 0.106517 0.357242  0.523339  
0.144802 0.766834 0.349172  0.53063  
0.450089 0.445613 0.340903  0.538179  
0.942308 0.134535 0.333391  0.545141  
0.648885 0.304801 0.325614  0.552439  
0.108095 0.831917 0.317644  0.560033  
0.552688 0.369432 0.309842  0.567569  
0.365194 0.516261 0.302297  0.57497  
0.563219 0.362073 0.294623  0.582598  
0.256164 0.622772 0.286908  0.590397  
0.959754 0.125366 0.279427  0.598071  
0.720668 0.259881 0.271845  0.605987  
0.458412 0.439049 0.264346  0.613935  
0.340901 0.538179 0.256814  0.622077  
0.0734693 0.915255 0.249362  0.630249  
0.92535 0.143533 0.241825  0.638687  
0.309842 0.567569 0.234505  0.647029  
0.800855 0.212441 0.227084  0.655659  
0.21232 0.67337 0.219678  0.664464  
0.503432 0.40491 0.21232  0.67337  
0.891904 0.161538 0.204746  0.682773  
0.249362 0.630249 0.197569  0.691881  
0.241821 0.638687 0.190017  0.701687  
0.398916 0.487169 0.182774  0.711352  
0.604735 0.333769 0.175492  0.721325  
0.485958 0.417952 0.168135  0.731692  
0.325614 0.552439 0.160502  0.742784  
0.860176 0.178951 0.153322  0.753559  
1.04569 0.0814281 0.145666  0.765466  
0.280507 0.596963 0.138378  0.77721  
0.0459762 1.07353 0.130761  0.790021  
0.182774 0.711352 0.123266  0.803165  
0.317638 0.560033 0.115637  0.817242  
0.190295 0.70132 0.108095  0.831917  
0.373448 0.509001 0.100042  0.848625  
0.83002 0.195817 0.0924269  0.865622  
0.0924269 0.865622 0.0845397  0.884745  
0.513847 0.397254 0.0763292  0.906859  
0.264346 0.613935 0.068127  0.932265  
0.0864512 0.879949 0.0595279  0.964551  
0.973979 0.117963 0.0505613  1.01311  
0.531102 0.375975 1.03338  0.0814281  
0.734052 0.244387 0.0336666  1.07199  
0.419866 0.459808 1.02346  0.0864033  
0.760934 0.228477 1.00366  0.0964041  
0.369214 0.501992 0.984417  0.106219  
0.511021 0.390358 0.965741  0.115843  
0.385974 0.4877 0.947652  0.125257  
0.965262 0.116092 0.929849  0.134613  
0.603184 0.326607 0.912621  0.143756  
1.03338 0.0814281 0.895791  0.152775  
0.0801182 0.865605 0.879612  0.161528  
0.541483 0.368656 0.863417  0.170374  
0.74846 0.235824 0.847817  0.178978  
0.648105 0.297411 0.832986  0.187233  
0.89654 0.152373 0.817498  0.195936  
0.056304 0.930603 0.802881  0.20423  
0.185276 0.691845 0.788571  0.212426  
0.52074 0.383359 0.774579  0.220515  
0.929849 0.134613 0.760934  0.228477  
0.0409538 0.995458 0.747381  0.23646  
0.500728 0.397852 0.734071  0.244387  
0.492063 0.404214 0.721177  0.252113  
0.550657 0.362247 0.708429  0.259836  
0.995309 0.100651 0.696055  0.267402  
0.237072 0.630227 0.68374  0.275003  
0.671423 0.28268 0.671575  0.282586  
0.625259 0.312121 0.659718  0.290039  
0.0722746 0.884634 0.648105  0.297411  
0.297678 0.567423 0.636541  0.304844  
0.17788 0.701458 0.625259  0.312121  
0.473669 0.417936 0.614172  0.319362  
0.863417 0.170374 0.603184  0.326607  
0.68374 0.275003 0.592411  0.333778  
0.571195 0.348106 0.581782  0.340921  
0.0460092 0.96989 0.5712  0.348106  
0.788571 0.212426 0.56073  0.355278  
0.110331 0.804287 0.550657  0.362247  
0.707034 0.260686 0.540549  0.369323  
0.118594 0.789766 0.530617  0.376322  
0.352976 0.516177 0.520742  0.383359  
0.403798 0.472872 0.511026  0.390358  
0.229562 0.63864 0.501428  0.397345  
0.0336666 1.07199 0.492063  0.404214  
0.44625 0.438933 0.482662  0.411203  
0.199921 0.673478 0.473669  0.417936  
1.01011 0.0931339 0.464269  0.425059  
0.849419 0.17809 0.455104  0.432081  
0.095674 0.83214 0.44625  0.438933  
0.428537 0.452871 0.437287  0.445953  
0.305486 0.559882 0.428537  0.452871  
0.102773 0.818287 0.419866  0.459808  
0.947411 0.125387 0.411219  0.466805  
0.377522 0.494863 0.402712  0.473765  
0.361057 0.509072 0.394263  0.480758  
0.437286 0.445953 0.385974  0.4877  
0.282348 0.582561 0.377531  0.494863  
0.913095 0.143509 0.369227  0.501992  
0.774579 0.220515 0.361057  0.509072  
0.720086 0.252771 0.352976  0.516177  
0.817498 0.195936 0.344896  0.523371  
0.581501 0.341112 0.336913  0.530572  
0.83438 0.186454 0.328988  0.537813  
0.267101 0.598087 0.321085  0.545132  
0.394263 0.480758 0.313278  0.552462  
0.696055 0.267402 0.305486  0.559882  
0.344382 0.523834 0.297678  0.567423  
0.148371 0.742519 0.289978  0.57497  
0.140961 0.753639 0.282348  0.582561  
0.88026 0.161184 0.274742  0.590245  
0.24457 0.62199 0.267101  0.598087  
0.163151 0.721367 0.259573  0.60594  
0.313278 0.552462 0.251996  0.613979  
0.251995 0.613979 0.24457  0.62199  
0.56073 0.355278 0.237072  0.630227  
0.592411 0.333778 0.229566  0.63864  
0.125913 0.777464 0.222299  0.646909  
0.983809 0.106531 0.214789  0.655641  
0.659718 0.290039 0.207344  0.664486  
0.17031 0.711559 0.199925  0.673478  
0.0511925 0.94861 0.192458  0.682734  
0.133474 0.765286 0.185276  0.691845  
0.192458 0.682734 0.17788  0.701458  
0.464269 0.425059 0.170312  0.711559  
0.0877993 0.848502 0.163157  0.721367  
0.802881 0.20423 0.155771  0.731776  
0.482653 0.411203 0.148374  0.742519  
0.614172 0.319362 0.140961  0.753639  
0.0373453 1.01997 0.133474  0.765286  
0.0644244 0.90572 0.125915  0.777464  
0.321085 0.545132 0.118594  0.789766  
0.636511 0.304844 0.110794  0.803457  
0.328988 0.537813 0.103451  0.817015  
0.214789 0.655641 0.095674  0.83214  
0.207336 0.664486 0.088033  0.847982  
0.259573 0.60594 0.0801295  0.865605  
0.274742 0.590245 0.0721968  0.884822  
0.289978 0.57497 0.0641017  0.906637  
0.222299 0.646909 0.0557477  0.932497  
0.455351 0.431889 0.0472055  0.964614  
0.15574 0.731812 0.03835  1.01227  
0.369255 0.499912 1.03338  0.0793875  
0.344913 0.521315 0.0336701  1.06995  
0.571195 0.346065 1.02366  0.0842618  
0.148393 0.740445 1.00366  0.0943644  
0.0372879 1.01842 0.98483  0.103967  
0.817698 0.193783 0.965912  0.113714  
0.0461075 0.967355 0.94807  0.122999  
0.983538 0.10463 0.930389  0.132293  
0.437338 0.443868 0.912731  0.141658  
0.760908 0.226452 0.895801  0.150729  
0.636473 0.302826 0.880226  0.159154  
1.00279 0.0948016 0.863371  0.168359  
0.2445 0.620026 0.847806  0.176943  
0.0801451 0.863496 0.833368  0.184979  
0.671652 0.280493 0.817698  0.193783  
0.402653 0.471773 0.802931  0.202161  
0.540999 0.366953 0.788618  0.210358  
0.185894 0.689012 0.774564  0.218484  
0.0512477 0.946363 0.760908  0.226452  
0.491969 0.402243 0.747364  0.234432  
0.500607 0.395894 0.734265  0.242219  
0.720629 0.250405 0.721021  0.250168  
0.394233 0.478743 0.708429  0.257795  
0.659718 0.287999 0.69607  0.265353  
0.561219 0.3529 0.683661  0.273017  
0.385704 0.485887 0.671652  0.280493  
0.352949 0.514168 0.659718  0.288  
0.0336701 1.06995 0.648035  0.295415  
0.895801 0.150729 0.636474  0.302826  
0.411357 0.464651 0.625245  0.31009  
0.473297 0.416176 0.614134  0.317347  
0.170523 0.709228 0.603037  0.324667  
0.259521 0.603955 0.592534  0.331655  
0.162998 0.719538 0.581713  0.338927  
0.22971 0.636421 0.571195  0.346065  
0.531637 0.373556 0.561219  0.3529  
0.2823 0.580569 0.550653  0.360209  
0.848236 0.176705 0.54046  0.367332  
0.482699 0.409125 0.530616  0.37428  
1.01382 0.0892195 0.520799  0.381277  
0.11071 0.801564 0.510828  0.388456  
0.683661 0.273017 0.501711  0.395086  
0.788618 0.210358 0.491971  0.402243  
0.267186 0.595959 0.482699  0.409125  
0.94807 0.122999 0.473297  0.416176  
0.313225 0.550472 0.464183  0.423084  
0.520799 0.381277 0.455176  0.429983  
0.13971 0.753511 0.446075  0.43703  
0.965196 0.114085 0.437338  0.443868  
0.15466 0.731323 0.42845  0.4509  
0.336872 0.528569 0.419849  0.457783  
0.510828 0.388456 0.411242  0.464745  
0.118587 0.787725 0.402653  0.471773  
0.455176 0.429983 0.394233  0.478743  
0.446074 0.43703 0.385704  0.485887  
0.0879134 0.846189 0.377486  0.492855  
0.802931 0.202161 0.36926  0.499912  
0.625258 0.310081 0.36108  0.507011  
0.0578469 0.923506 0.35295  0.514168  
0.833652 0.184823 0.344913  0.521315  
0.36108 0.507011 0.336872  0.528569  
0.103182 0.815463 0.328703  0.536036  
0.774564 0.218483 0.321073  0.543106  
0.930389 0.132293 0.313225  0.550472  
0.420329 0.457396 0.305378  0.557945  
0.19279 0.680275 0.297678  0.565382  
0.603027 0.32467 0.289806  0.5731  
0.222124 0.64507 0.2823  0.580569  
0.464143 0.423114 0.274664  0.588284  
0.133388 0.763363 0.267126  0.596021  
0.199878 0.671491 0.259521  0.603955  
0.0957823 0.829881 0.251995  0.611938  
0.694116 0.266554 0.244501  0.620026  
0.0640554 0.904713 0.236717  0.628579  
0.214741 0.653656 0.22971  0.636421  
0.880226 0.159154 0.222131  0.64507  
0.328702 0.536036 0.214741  0.653656  
0.648035 0.295415 0.207352  0.662427  
0.377485 0.492855 0.199879  0.671491  
0.125745 0.775699 0.192593  0.680522  
0.297678 0.565382 0.185154  0.689964  
0.274664 0.588284 0.17788  0.699418  
0.747364 0.234432 0.170523  0.709229  
0.236717 0.628579 0.162998  0.719538  
0.207352 0.662427 0.155773  0.729725  
0.592534 0.331655 0.148393  0.740448  
0.0722415 0.882659 0.140967  0.751587  
0.733478 0.242694 0.133545  0.763114  
0.913135 0.141442 0.125745  0.775699  
0.040919 0.993611 0.118588  0.787725  
0.863371 0.168359 0.111033  0.800982  
0.708429 0.257795 0.103441  0.814974  
0.305378 0.557945 0.0957823  0.829882  
0.251995 0.611938 0.0880291  0.845941  
0.614134 0.317346 0.0801457  0.863495  
0.581713 0.338927 0.0722421  0.882659  
0.550653 0.360209 0.0640554  0.904713  
0.289805 0.5731 0.0558503  0.930049  
1.03338 0.0793875 0.0468969  0.963882  
0.17788 0.699418 0.0383482  1.01023  
0.764237 0.202005 1.00908  0.0709858  
0.0130255 1.0097 0.00937755  1.06144  
0.0302957 0.925952 0.99995  0.0755618  
0.0200718 0.967076 0.979511  0.0858826  
0.395597 0.449341 0.960483  0.0955895  
0.328677 0.505738 0.941659  0.105288  
0.516363 0.358788 0.923374  0.114803  
0.449057 0.40773 0.905768  0.124055  
0.182989 0.654102 0.888659  0.133134  
0.955917 0.0979354 0.871526  0.142314  
0.0252585 0.944525 0.85517  0.151163  
0.378468 0.463278 0.839066  0.159961  
0.0791544 0.806547 0.823518  0.168539  
0.612619 0.294137 0.808211  0.177056  
0.647115 0.27225 0.793124  0.18554  
0.808211 0.177056 0.778578  0.19379  
0.176015 0.662562 0.764253  0.202005  
0.138849 0.710933 0.750223  0.210109  
0.486691 0.379943 0.73657  0.218073  
0.696679 0.241794 0.723049  0.226037  
0.00937755 1.06144 0.709836  0.233894  
0.73657 0.218073 0.696692  0.241794  
0.778578 0.19379 0.684135  0.249398  
0.190451 0.645254 0.671694  0.256998  
0.413012 0.435491 0.659443  0.264559  
0.0166132 0.985254 0.64733  0.272106  
0.336787 0.49861 0.635475  0.279561  
0.923052 0.114972 0.623772  0.286991  
0.567837 0.323519 0.61227  0.294361  
0.280967 0.54965 0.600963  0.301676  
0.724105 0.225439 0.58991  0.308895  
0.26587 0.564345 0.578858  0.31619  
0.940974 0.105687 0.568064  0.323367  
0.839278 0.159843 0.55741  0.330539  
0.13134 0.721516 0.546963  0.337617  
0.0368326 0.904937 0.536487  0.3448  
0.0558948 0.854984 0.526353  0.351822  
0.506305 0.365902 0.516198  0.35891  
0.212719 0.619845 0.506305  0.365902  
0.14728 0.699409 0.496541  0.372845  
0.458655 0.400531 0.486693  0.379943  
0.58991 0.308895 0.477286  0.386776  
0.116443 0.743536 0.467753  0.39378  
0.086752 0.792547 0.458655  0.400531  
0.168927 0.671332 0.449059  0.40773  
0.273335 0.557029 0.43997  0.414616  
0.404237 0.442435 0.430866  0.421603  
0.600963 0.301676 0.421977  0.42847  
0.990372 0.0803851 0.413012  0.435491  
0.526334 0.351822 0.404238  0.442435  
0.430866 0.421603 0.395597  0.449341  
0.888832 0.133041 0.386895  0.456394  
0.750611 0.209891 0.378468  0.463278  
0.684122 0.249398 0.369831  0.470429  
0.20526 0.628191 0.361557  0.477356  
0.659443 0.264559 0.353302  0.484352  
0.227672 0.603596 0.344971  0.491511  
0.536484 0.3448 0.336789  0.49861  
0.976365 0.0874908 0.328677  0.505738  
0.0634919 0.838051 0.320717  0.51282  
0.344966 0.491511 0.312491  0.520256  
0.421977 0.42847 0.304657  0.527403  
0.258019 0.572149 0.296794  0.534683  
0.242123 0.588363 0.288848  0.54217  
0.108818 0.755389 0.281085  0.549546  
0.319551 0.513866 0.273345  0.557029  
0.43997 0.414616 0.265734  0.564473  
0.623772 0.286991 0.258019  0.572149  
0.0709438 0.822576 0.250281  0.579984  
0.124075 0.732077 0.242751  0.5877  
0.36983 0.470429 0.23522  0.595569  
0.361557 0.477356 0.227676  0.603596  
0.353302 0.484352 0.220179  0.611688  
0.546963 0.337617 0.212724  0.619845  
0.871526 0.142314 0.205275  0.628191  
0.669893 0.258105 0.197865  0.63664  
0.793122 0.18554 0.190452  0.645254  
0.101667 0.766943 0.183006  0.654102  
0.197851 0.63664 0.175676  0.662975  
0.30887 0.523538 0.168304  0.672114  
0.296794 0.534683 0.160804  0.681639  
0.823518 0.168539 0.153562  0.691077  
0.0431269 0.886965 0.146274  0.700759  
0.288822 0.54217 0.138851  0.710933  
0.905768 0.124055 0.131475  0.721324  
0.494955 0.373982 0.124079  0.732077  
0.855251 0.15112 0.116443  0.743536  
1.00908 0.0709858 0.109253  0.7547  
0.578852 0.31619 0.101667  0.766943  
0.635475 0.279561 0.0942502  0.7794  
0.469235 0.392686 0.086752  0.792547  
0.219462 0.612448 0.0791544  0.806547  
0.160804 0.681639 0.0714407  0.821612  
0.250272 0.579984 0.0637259  0.837577  
0.386886 0.456394 0.0559001  0.854984  
0.557151 0.330703 0.0479254  0.874326  
0.710709 0.233397 0.0398158  0.89616  
0.15354 0.691077 0.0314867  0.921951  
0.0479256 0.874326 0.0229614  0.954026  
0.0942485 0.7794 0.0140517  1.00199  
