5.32737 5.76529 5.32737  5.76529  
6.87836 6.38631 6.87836  6.38631  
6.25958 4.51348 6.25958  4.51348  
5.63142 5.63078 5.63142  5.63078  
5.36443 5.14758 5.36443  5.14758  
6.86478 4.85374 6.86478  4.85374  
6.78731 5.56464 6.78731  5.56464  
5.73689 5.46828 5.73689  5.46828  
7.73296 6.59408 7.73296  6.59408  
5.66694 6.41933 5.66694  6.41933  
6.65597 5.75817 6.65597  5.75817  
5.73877 4.82604 5.73877  4.82604  
7.24473 5.51233 7.24473  5.51233  
6.90052 6.73865 6.90052  6.73865  
5.96728 5.82358 5.96728  5.82358  
7.01708 6.52018 7.01708  6.52018  
5.58149 7.38685 5.58149  7.38685  
6.4341 5.73825 6.4341  5.73825  
6.74884 6.336 6.74884  6.336  
7.11115 6.63447 7.11115  6.63447  
6.90055 5.17763 6.90055  5.17763  
6.33315 5.63816 6.33315  5.63816  
7.91339 6.07882 7.91339  6.07882  
5.48274 5.01197 5.48274  5.01197  
6.34725 5.87804 6.34725  5.87804  
8.49118 5.08036 8.49118  5.08036  
4.951 5.30854 4.951  5.30854  
5.33026 5.54473 5.33026  5.54473  
6.81864 7.16175 6.81864  7.16175  
6.67596 5.17849 6.67596  5.17849  
5.63708 5.33643 5.63708  5.33643  
5.88571 4.60543 5.88571  4.60543  
7.11626 6.34664 7.11626  6.34664  
8.13546 5.10687 8.13546  5.10687  
5.60282 4.61971 5.60282  4.61971  
6.33057 4.71144 6.33057  4.71144  
5.52483 5.06991 5.52483  5.06991  
6.01284 6.37144 6.01284  6.37144  
6.59135 5.42289 6.59135  5.42289  
5.30871 5.06794 5.30871  5.06794  
6.62759 6.02124 6.62759  6.02124  
6.03022 6.16366 6.03022  6.16366  
7.77463 5.50342 7.77463  5.50342  
4.95611 6.15899 4.95611  6.15899  
6.62496 5.17677 6.62496  5.17677  
7.07084 4.85785 7.07084  4.85785  
5.54139 6.28808 5.54139  6.28808  
5.7788 5.85751 5.7788  5.85751  
6.79153 6.30082 6.79153  6.30082  
6.54617 5.68033 6.54617  5.68033  
8.1644 6.41578 8.1644  6.41578  
6.2312 6.12384 6.2312  6.12384  
7.69163 5.94633 7.69163  5.94633  
6.44424 4.98107 6.44424  4.98107  
6.1111 4.95095 6.1111  4.95095  
8.89709 5.07644 8.89709  5.07644  
5.70561 4.75853 5.70561  4.75853  
5.60961 6.80138 5.60961  6.80138  
6.89994 4.16173 6.89994  4.16173  
5.45759 5.5911 5.45759  5.5911  
6.59765 5.10522 6.59765  5.10522  
5.76777 6.38285 5.76777  6.38285  
5.84156 6.26996 5.84156  6.26996  
5.28153 6.60707 5.28153  6.60707  
6.89308 6.44033 6.89308  6.44033  
7.0496 6.2617 7.0496  6.2617  
5.51897 5.17659 5.51897  5.17659  
6.8935 5.48613 6.8935  5.48613  
6.42348 5.26292 6.42348  5.26292  
7.52762 5.59148 7.52762  5.59148  
4.89525 8.1327 4.89525  8.1327  
6.75482 5.97298 6.75482  5.97298  
7.401 5.54577 7.401  5.54577  
7.317 4.5061 7.317  4.5061  
7.88389 7.80528 7.88389  7.80528  
7.44646 4.16744 7.44646  4.16744  
6.8787 4.55922 6.8787  4.55922  
7.01168 7.31513 7.01168  7.31513  
6.81674 6.74563 6.81674  6.74563  
5.79589 5.15109 5.79589  5.15109  
6.32255 5.05708 6.32255  5.05708  
5.62938 4.35889 5.62938  4.35889  
5.47872 6.38608 5.47872  6.38608  
5.93026 6.00718 5.93026  6.00718  
6.19892 5.08112 6.19892  5.08112  
7.35912 6.63994 7.35912  6.63994  
6.08123 5.94149 6.08123  5.94149  
7.51229 5.48221 7.51229  5.48221  
7.3719 6.82311 7.3719  6.82311  
5.99056 5.53495 5.99056  5.53495  
7.65388 4.91088 7.65388  4.91088  
5.76504 6.57912 5.76504  6.57912  
6.30301 5.04454 6.30301  5.04454  
6.97691 5.95528 6.97691  5.95528  
6.47354 6.38866 6.47354  6.38866  
6.56389 4.75036 6.56389  4.75036  
7.98254 5.36339 7.98254  5.36339  
6.26963 4.7375 6.26963  4.7375  
6.9208 6.00759 6.9208  6.00759  
5.80127 5.60107 5.80127  5.60107  
2.70044 3.55943 5.02908  5.92431  
2.93719 3.25782 5.12691  6.56186  
3.38973 2.93549 6.2236  3.17976  
2.98446 3.21469 6.01528  4.12529  
3.07162 3.14607 7.30417  4.63144  
3.27718 3.00335 5.99135  3.57506  
3.08233 3.1368 7.09362  4.85817  
2.81897 3.38321 6.51797  4.6937  
3.35365 2.95645 5.4831  4.67186  
2.70358 3.55263 5.49748  4.66783  
2.69633 3.56909 6.72096  4.45701  
3.63821 2.80274 7.1381  4.4305  
3.58924 2.82854 6.14508  4.37749  
2.83465 3.36182 5.76023  4.35654  
3.50463 2.87145 6.01666  3.29352  
2.76849 3.44654 6.11212  3.35172  
2.783 3.42473 6.1134  3.39692  
3.11885 3.11205 6.73361  4.23922  
2.68183 3.61474 6.49986  3.56881  
2.89369 3.29897 5.88448  3.47945  
2.7225 3.52032 7.04798  3.67411  
2.9228 3.27062 7.26517  4.03234  
3.26311 3.01265 6.0583  3.70924  
2.75304 3.46724 5.91322  3.72205  
2.91177 3.2812 6.62868  3.96606  
2.69102 3.58038 5.5546  3.71444  
3.24582 3.02326 6.74506  4.14883  
3.51382 2.86658 6.58443  4.21107  
2.8584 3.33475 5.51244  3.85587  
3.05875 3.1554 5.56794  3.93597  
3.01327 3.19295 5.53267  3.96244  
2.67025 3.63387 5.572  4.06095  
3.33498 2.96784 5.41222  4.12826  
3.55847 2.8428 5.43286  4.11465  
3.61387 2.81731 5.30571  4.12212  
2.88403 3.30816 5.19944  4.13132  
2.67647 3.62367 5.37375  4.2776  
3.22212 3.03839 5.12232  4.20499  
3.40237 2.92837 5.36198  4.38696  
3.46249 2.89448 5.50848  4.561  
3.57586 2.83361 5.06282  4.35823  
3.13117 3.10092 5.15779  4.55057  
3.19222 3.05821 5.09229  4.53937  
2.89882 3.29374 5.03229  4.55179  
3.4319 2.91117 5.00547  4.61471  
3.3255 2.9753 5.0166  4.62494  
2.96629 3.23088 5.04  4.8239  
2.86603 3.32664 4.91101  4.71934  
3.04626 3.16603 5.02753  4.91596  
3.09412 3.12957 4.80601  4.81806  
3.14912 3.08822 4.59448  4.72082  
2.84499 3.34991 4.74769  4.96095  
3.99947 2.80166 4.67542  4.94933  
3.02409 3.18442 4.61043  4.97527  
3.11182 3.11578 4.57419  5.03582  
2.99728 3.20896 4.55108  5.1149  
2.80188 3.40087 4.479  5.07993  
2.73163 3.50603 4.47119  5.11726  
3.29851 2.9898 4.3951  5.19921  
3.28267 2.99938 4.35118  5.22065  
2.76163 3.45618 4.35873  5.32965  
3.42217 2.91707 4.28577  5.33723  
3.31196 2.98151 4.37142  5.56452  
3.36341 2.95117 4.22418  5.43516  
2.95939 3.23762 4.13628  5.45528  
2.79331 3.41119 4.46278  5.75894  
2.7453 3.4791 4.10607  5.71511  
3.16602 3.07718 4.06483  5.66071  
2.72616 3.51098 4.18825  6.06021  
3.16164 3.08136 2.88159  3.31245  
2.92909 3.26496 4.19648  6.77926  
3.10246 3.12193 4.03603  6.75517  
3.47496 2.88785 3.8486  5.88945  
3.18212 3.06714 3.8705  6.393  
2.70837 3.54664 3.76592  5.94403  
2.65929 3.66974 3.6736  5.983  
3.02763 3.17951 3.71233  6.22717  
3.2034 3.05216 3.88582  6.91545  
2.85071 3.34325 4.07329  7.23812  
2.94256 3.25264 4.4263  6.83756  
2.95191 3.2449 4.51523  5.42835  
2.81084 3.39095 4.5319  5.87278  
2.82512 3.37333 4.70176  5.44088  
2.97594 3.22289 4.8547  5.0089  
3.20926 3.04701 4.87949  5.68494  
2.84009 3.35612 4.97731  6.0123  
3.23062 3.03321 4.98054  5.82839  
3.61931 2.81179 3.25466  6.94761  
3.03645 3.1725 4.99856  5.57082  
3.48298 2.88415 5.00208  6.72333  
2.73863 3.4947 5.03292  5.83321  
3.00775 3.19769 5.11304  5.20543  
2.6507 3.70657 5.15609  6.02146  
3.52984 2.85879 5.15825  6.33597  
3.49325 2.87809 5.39321  6.38796  
2.77722 3.43314 5.66277  6.21365  
3.37636 2.94374 3.80829  6.23269  
3.44645 2.90328 5.66289  5.35444  
3.05084 3.16048 5.18072  5.1906  
2.87298 3.31794 4.5764  5.47372  
2.75543 3.20603 4.63988  3.56833  
2.65577 3.3283 5.09204  3.0445  
3.3573 2.78295 4.64515  3.84249  
2.78513 3.18137 4.89371  4.6146  
3.45521 2.73025 4.87188  4.34344  
3.12714 2.9182 4.275  4.13924  
3.00059 3.00479 4.99152  4.08457  
2.73846 3.22556 5.4014  3.90877  
3.22229 2.85966 5.15936  3.72475  
2.76136 3.20288 5.01912  3.71059  
2.7538 3.21321 5.52881  3.67956  
3.35564 2.78433 6.42412  3.5428  
2.70751 3.26001 5.12008  3.00064  
2.77132 3.19199 5.92291  3.48297  
2.98713 3.0136 5.09599  3.06692  
3.10157 2.93544 5.18398  3.11039  
3.10519 2.93044 4.97255  3.12899  
3.17307 2.88741 6.05833  3.21403  
2.58892 3.43059 5.24785  3.28811  
2.76619 3.20052 4.75803  3.19288  
2.87356 3.10138 4.90803  3.20587  
2.75176 3.2141 4.82942  3.28062  
2.94892 3.04439 4.87335  3.30763  
2.75513 3.2087 4.70375  3.31038  
2.79949 3.16503 5.01702  3.44161  
3.23828 2.84994 5.24504  3.50824  
3.09128 2.94261 5.30367  3.36794  
2.74116 3.22322 4.79923  3.49045  
3.19471 2.87699 4.7934  3.53243  
2.93965 3.04911 4.40284  3.44112  
3.19042 2.87889 4.59051  3.55574  
2.76805 3.19581 4.60586  3.61887  
3.10089 2.9361 4.67658  3.60918  
3.63742 2.70786 4.71347  3.72387  
2.57139 3.46335 4.45997  3.66498  
2.76481 3.20259 4.50916  3.73387  
2.59853 3.41401 4.46758  3.76797  
3.09204 2.94251 4.30787  3.72304  
3.06761 2.95993 4.39002  3.81083  
2.79394 3.17409 4.45315  3.87113  
3.28708 2.82159 4.33322  3.88103  
2.77342 3.19168 4.3554  3.94663  
3.29221 2.81936 4.13665  3.84153  
2.84378 3.12767 4.28769  4.08305  
3.13884 2.91095 4.25969  4.02647  
3.6153 2.71517 4.1667  4.00134  
2.63739 3.35165 4.1644  4.14762  
3.01855 2.99124 4.11446  4.09153  
3.08035 2.9484 4.15665  4.16796  
2.76066 3.20295 4.09802  4.19549  
2.73232 3.23259 3.97505  4.13513  
2.69219 3.27766 4.06334  4.38282  
3.62211 2.71192 4.00215  4.27969  
2.77653 3.18796 3.95667  4.28574  
2.86204 3.11108 3.85763  4.25434  
2.82327 3.14398 3.89742  4.36705  
2.94958 3.04096 3.88248  4.40761  
2.87029 3.10633 3.89489  4.41814  
2.53703 3.55377 3.86543  4.53904  
2.52102 3.6141 3.78779  4.50624  
2.94071 3.04574 3.78096  4.55398  
2.71197 3.25423 3.77086  4.57497  
2.62834 3.36144 3.73732  4.6531  
2.89828 3.08018 3.69857  4.69228  
2.5521 3.50292 3.62253  4.66993  
2.92869 3.05609 3.59864  4.69238  
2.95134 3.03819 3.53005  4.79709  
2.74636 3.21692 3.52988  4.71597  
2.81597 3.15396 2.75668  3.20602  
3.00281 3.00118 3.55566  4.93321  
3.39034 2.76457 3.42938  4.82089  
3.45437 2.73163 3.40416  4.87376  
3.21053 2.86788 3.38024  4.91161  
3.45855 2.72815 3.45819  5.22116  
3.33356 2.79612 3.3262  5.00131  
2.69397 3.27507 3.52215  5.21015  
2.75047 3.21476 3.46272  5.67135  
2.7749 3.19005 3.22476  5.07168  
3.25348 2.83992 3.3198  5.8699  
2.71101 3.255 3.15631  5.1212  
3.32089 2.80132 3.27995  5.91158  
2.79842 3.16561 3.1043  5.30583  
2.7188 3.25115 3.52436  5.41611  
2.75668 3.20602 3.24474  6.29119  
2.68735 3.28161 3.16785  6.25185  
3.6056 2.72318 3.54378  5.17111  
3.04491 2.97258 3.55995  6.33058  
2.73981 3.22338 3.56133  6.52221  
2.74569 3.21726 3.58255  5.38947  
5.24504 3.50824 3.61501  5.53941  
3.29535 2.89876 3.65816  6.21568  
2.6724 3.52257 3.69382  5.11283  
3.06563 3.04946 3.72323  5.56068  
3.00303 3.10387 3.88665  4.72336  
2.8325 3.26387 3.94884  4.95857  
2.65444 3.58593 4.03338  4.74082  
2.73091 3.40541 4.08306  5.91862  
2.98963 3.11328 4.19627  4.93424  
2.86411 3.23158 4.19835  5.76045  
3.21677 2.94292 4.32605  5.5638  
3.30511 2.71543 4.38725  4.49792  
2.6005 3.25587 3.52306  4.62644  
2.99889 2.89593 4.89265  4.2732  
2.82265 3.03532 5.80442  4.10058  
3.40322 2.66166 4.15893  2.67639  
3.04125 2.87295 4.35919  4.00297  
2.70056 3.13817 5.37247  3.98178  
2.51963 3.38555 4.15151  3.9486  
3.18503 2.81973 4.86019  2.81515  
2.68429 3.15003 4.33492  3.92265  
2.91668 2.9648 4.8788  2.86767  
3.47893 2.65758 5.05251  2.91932  
2.68919 3.149 5.19942  2.8872  
2.99036 2.9487 5.63728  3.05305  
2.75853 3.08938 4.38722  3.89224  
2.72245 3.11572 4.29533  3.64162  
2.58878 3.3643 4.65151  3.01713  
3.14767 2.84455 4.84219  3.09021  
2.75061 3.0927 5.03026  3.0967  
2.69393 3.14221 5.51003  3.21672  
2.66043 3.17817 4.79793  3.18692  
2.84996 3.00552 5.33676  3.52902  
2.87581 2.99575 5.05941  3.50351  
2.45076 4.29582 4.84794  3.29135  
2.67292 3.17033 3.8111  3.0398  
3.21403 2.77032 3.71234  3.02946  
2.48435 3.5989 4.12145  3.17538  
2.68122 3.16332 4.00738  3.18762  
2.90187 2.97127 4.7154  3.43708  
2.7278 3.10855 3.91357  3.19914  
3.02646 2.87973 3.69074  3.14373  
3.25079 2.74261 3.60565  3.13652  
2.87643 2.98358 4.08051  3.37904  
2.7097 3.13052 3.49017  3.12482  
2.66997 3.17058 4.17462  3.37001  
2.6856 3.14943 3.4679  3.17692  
2.6202 3.2278 4.17524  3.40043  
3.06533 2.85927 4.03762  3.53749  
2.68773 3.14942 3.74476  3.40997  
2.64709 3.19324 3.94952  3.52497  
2.68267 3.15199 4.21991  3.4854  
2.60738 3.23618 4.20243  3.80608  
3.30504 2.72219 3.83574  3.62422  
2.70242 3.13343 3.91123  3.76684  
2.67512 3.16696 3.6343  3.55205  
4.38725 4.49792 3.78596  3.69815  
5.90764 4.38595 3.80437  3.77302  
2.59226 3.35569 3.86795  3.79743  
3.23856 2.78746 3.95999  3.86375  
3.08813 2.88234 3.58929  3.76202  
2.72264 3.18042 3.43301  3.60865  
3.06834 2.89468 3.35989  3.5802  
3.44922 2.67257 3.59946  3.8718  
3.29489 2.75579 3.67966  3.93238  
2.80161 3.10289 3.51835  3.92868  
2.98175 2.95612 3.437  3.8222  
3.46484 2.66431 3.46045  3.93498  
2.67458 3.2372 3.15369  3.57022  
2.6632 3.25323 3.53866  4.04859  
2.51959 3.55163 3.47608  4.08837  
2.85796 3.05269 3.56839  4.1476  
3.04051 2.91284 3.45251  4.21262  
3.0479 2.90846 3.47787  4.27254  
2.73527 3.16658 3.44816  4.54467  
3.22145 2.79741 3.25938  4.06213  
3.28899 2.75829 3.09692  3.84077  
3.50361 2.64381 3.32371  4.28334  
3.02779 2.92201 3.12772  4.01226  
3.3937 2.70188 2.68584  3.14943  
2.86677 3.04547 3.36855  4.69997  
3.48882 2.65305 2.99856  3.91985  
3.11743 2.8622 3.20934  4.62548  
2.76568 3.13537 3.07902  4.27217  
2.58119 3.37931 2.99279  4.10931  
2.88227 3.03177 3.30183  5.14911  
3.21319 2.80246 2.86749  3.89717  
3.13426 2.85173 2.94743  4.57803  
3.25403 2.78016 2.9605  4.39557  
3.37743 2.71097 2.76753  3.82968  
2.62131 3.31363 2.75632  3.80654  
2.6876 3.22498 2.84973  4.28515  
2.69293 3.21609 2.94516  4.75958  
2.57744 3.38867 3.12913  5.5897  
2.81907 3.08587 3.39129  4.94352  
2.96024 2.97192 3.41402  4.91751  
3.20573 2.80712 2.66278  3.86894  
2.65552 3.26225 2.94448  5.70424  
2.908 3.01231 3.4508  5.91518  
3.33562 2.73337 3.4634  4.62486  
2.96639 2.96702 2.62988  4.14538  
3.10406 2.872 3.47827  5.66785  
2.87522 3.03709 3.49071  4.99282  
3.0948 2.87803 2.63216  5.12282  
3.12534 2.85704 2.59034  4.62518  
3.16285 2.83346 3.81218  4.11042  
2.62901 3.29873 3.89683  4.7588  
3.17225 2.82914 4.19565  4.87189  
3.362 2.71905 4.7727  4.49777  
2.54419 3.46448 4.80952  4.16794  
2.82912 3.07896 4.03861  3.20596  
2.78967 2.12369 3.75871  2.12485  
2.3073 2.41187 2.31059  3.62959  
2.1717 2.5032 4.66737  2.12365  
1.86069 2.88803 4.82709  2.12186  
2.1559 2.52015 3.9759  2.1244  
1.97009 2.69765 3.6386  2.12864  
3.07477 2.11762 3.26201  2.12348  
2.05368 2.60869 3.27881  2.13796  
2.10619 2.55957 3.25677  2.16717  
1.93656 2.7452 3.45379  2.18427  
2.47779 2.28959 3.04399  2.18075  
2.59355 2.22639 3.28147  2.21822  
2.0799 2.58584 2.88405  2.19465  
2.11217 2.55319 3.26189  2.26076  
2.79958 2.12041 2.88502  2.21576  
2.13699 2.53614 3.04958  2.25267  
2.62503 2.20616 3.15621  2.26784  
2.18902 2.49159 2.76226  2.24406  
2.73494 2.15701 2.92116  2.27211  
2.28833 2.41422 3.09296  2.34398  
2.0592 2.60141 3.25535  2.31161  
2.57187 2.23626 3.13012  2.39633  
1.9123 2.78072 2.75845  2.31161  
2.27451 2.42766 2.97468  2.39104  
2.49112 2.28205 2.50707  2.27602  
2.78702 2.12796 2.66622  2.33376  
1.81048 3.1397 2.84177  2.4198  
2.89127 2.11962 2.81415  2.42699  
2.51633 2.26835 2.63604  2.36637  
2.5393 2.25965 2.75297  2.41807  
2.67021 2.18437 2.60454  2.39467  
2.50497 2.27405 2.88901  2.52854  
1.97911 2.68829 2.53735  2.40075  
2.00621 2.65533 2.68462  2.48684  
1.90171 2.79663 2.85978  2.58664  
2.63661 2.20237 2.58195  2.46912  
2.46245 2.3011 2.78375  2.60673  
2.37018 2.3579 2.5933  2.51447  
2.54587 2.2529 2.58964  2.52442  
1.82983 2.93709 2.66617  2.62765  
3.74476 2.06414 2.62542  2.60553  
2.38567 2.34957 2.61263  2.62161  
1.80286 3.17675 2.49753  2.55872  
1.9966 2.66875 2.53474  2.58624  
2.19466 2.48401 2.5594  2.65195  
2.08521 2.57963 2.38658  2.53493  
2.14386 2.52868 2.50565  2.64935  
2.65433 2.19684 2.52419  2.66805  
1.81404 2.97481 2.52942  2.70961  
1.95565 2.7138 2.56689  2.7691  
1.96716 2.70413 2.59399  2.8026  
2.01244 2.64975 2.29421  2.57492  
2.55625 2.24479 2.29312  2.60056  
1.7953 3.99762 2.2655  2.58417  
1.9902 2.6746 2.3049  2.65399  
2.09638 2.56948 2.39055  2.81421  
2.60533 2.21693 2.31447  2.71545  
1.93813 2.73831 2.31176  2.73009  
2.69128 2.1699 2.45646  2.85558  
2.32237 2.40109 2.3825  2.96387  
1.93011 2.7692 2.30769  2.81714  
2.65902 2.193 2.18513  2.67128  
2.71226 2.16202 2.26354  2.81148  
1.94627 2.73183 2.2712  2.87374  
1.80111 3.36731 2.15567  2.69624  
2.07347 2.59073 2.35803  3.08119  
2.45533 2.30839 2.22219  3.09763  
2.34185 2.37854 2.06024  2.60117  
1.95053 2.72182 2.20173  2.91279  
1.88336 2.81847 2.12379  2.7909  
2.12983 2.54929 2.21275  2.99039  
2.74222 2.14987 2.19327  3.03902  
2.28565 2.41751 2.1892  3.155  
1.82574 2.94089 2.08268  2.83895  
1.9043 2.78841 2.13161  3.1334  
1.86977 2.85837 2.04882  2.82478  
2.18147 2.49686 2.08598  3.03029  
2.257 2.43636 2.0626  3.02952  
2.2385 2.45197 2.04809  3.0199  
2.32828 2.38839 2.03096  2.95638  
2.04717 2.61697 2.06031  3.14433  
2.21284 2.47175 2.02985  3.09096  
2.23176 2.45914 2.14317  4.21184  
2.41692 2.33188 1.95991  2.89034  
2.22109 2.46971 2.11329  4.13979  
2.68667 2.1752 1.96439  3.08119  
2.03788 2.62376 1.97982  3.2189  
2.61876 2.20917 1.94487  3.1115  
2.40634 2.34152 1.97323  3.50231  
2.75125 2.14127 1.95188  3.36658  
2.02633 2.63469 1.96285  3.67503  
2.20767 2.47718 1.95317  3.95561  
2.5254 2.26445 1.89865  3.32288  
2.43751 2.31858 1.86662  3.12937  
2.24966 2.44568 1.88218  3.63692  
2.15856 2.51798 1.86727  3.60136  
2.9647 2.11863 1.863  4.19401  
2.43102 2.32158 1.875  4.42807  
2.0666 2.59466 1.95622  4.25409  
2.36279 2.36708 2.07596  4.25272  
0.928578 1.39243 1.94013  0.643971  
0.881921 1.4395 0.841398  1.81065  
0.913197 1.42406 1.93009  0.649078  
0.841398 1.81065 1.91085  0.658792  
0.88306 1.43691 1.89269  0.668014  
0.9942 1.25203 1.8738  0.677977  
0.934387 1.33585 1.75237  0.688784  
1.10102 1.13238 1.75237  0.688784  
1.13856 1.09737 1.73352  0.698301  
0.980664 1.30345 1.73352  0.698301  
1.06986 1.16432 1.73352  0.698301  
1.89902 0.664704 1.73352  0.698301  
0.971054 1.31784 1.65649  0.740188  
0.934381 1.33585 1.64318  0.747773  
0.965906 1.32464 1.64318  0.747773  
0.990869 1.28807 1.60678  0.768318  
1.88118 0.674151 1.60614  0.768332  
1.04265 1.19364 1.59219  0.776772  
1.33886 0.938204 1.56936  0.791258  
1.24864 1.00507 1.56936  0.791258  
1.15494 1.08296 1.53192  0.812249  
1.04282 1.19363 1.53192  0.812715  
0.994215 1.252 1.53192  0.812715  
1.23927 1.01266 1.53192  0.812715  
1.29818 0.967363 1.48634  0.842246  
1.06939 1.1649 1.48634  0.842246  
0.997466 1.24696 1.46861  0.853535  
1.78435 0.687667 1.45936  0.856865  
1.29668 0.969534 1.45936  0.856865  
1.15481 1.08299 1.45936  0.856865  
1.7524 0.688729 1.45936  0.856865  
1.12346 1.11129 1.38583  0.905295  
1.303 0.963791 1.38583  0.905295  
1.25815 0.997949 1.38583  0.905295  
1.2767 0.984224 1.38583  0.905295  
1.10066 1.15982 1.36915  0.917068  
1.28419 0.978488 1.36915  0.917068  
1.24988 1.00398 1.33886  0.938204  
1.65649 0.740188 1.33886  0.938204  
1.25193 1.00183 1.32412  0.947973  
1.89097 0.669074 1.32412  0.947973  
1.32412 0.947973 1.31096  0.958251  
1.23717 1.01368 1.303  0.963803  
1.23755 1.01345 1.29152  0.972284  
1.29152 0.972284 1.28419  0.978488  
1.53192 0.812249 1.27236  0.987033  
1.46496 0.853535 1.25814  0.99795  
1.25814 0.99795 1.24891  1.00507  
1.27236 0.987033 1.24891  1.00518  
1.33466 0.940438 1.23717  1.01366  
1.36915 0.917068 1.23717  1.01366  
1.91085 0.658792 1.23717  1.01366  
1.24534 1.0072 1.23717  1.01366  
1.31096 0.958251 1.23717  1.01366  
1.38583 0.905295 1.15494  1.08296  
1.27299 0.987031 1.15494  1.08296  
1.56936 0.791258 1.15494  1.08296  
0.865809 1.48466 1.15494  1.08296  
1.45936 0.856865 1.15494  1.08296  
1.48634 0.842246 1.15481  1.08299  
1.59219 0.776772 1.13856  1.09739  
1.93404 0.647382 1.13856  1.09739  
1.02744 1.21312 1.12346  1.11129  
1.60614 0.768332 1.12346  1.11129  
1.60678 0.768318 1.10177  1.13238  
1.92564 0.651482 1.10177  1.13238  
1.24566 1.00716 1.10102  1.13238  
1.64318 0.747773 1.0699  1.16432  
1.73352 0.698301 1.0699  1.16432  
1.75237 0.688784 1.0699  1.16432  
1.8738 0.678064 1.06939  1.1649  
1.94013 0.643971 1.04282  1.19363  
1.22742 1.10813 1.04282  1.19363  
1.73421 0.698285 1.04282  1.19363  
1.60205 0.830344 1.02744  1.21312  
1.71007 0.766567 1.02744  1.21312  
1.4578 0.925034 1.02744  1.21312  
0.985653 1.43085 0.997466  1.24696  
1.52142 0.881586 0.997466  1.24696  
1.93009 0.649023 0.997466  1.24696  
1.53179 0.874842 0.9942  1.25203  
1.89269 0.668186 0.9942  1.25203  
0.870541 1.67138 0.980664  1.30345  
1.86724 0.681118 0.971054  1.31784  
1.60678 0.768334 0.971054  1.31784  
1.86101 0.684707 0.934387  1.33585  
1.94013 0.643981 0.934387  1.33585  
1.71434 0.764704 0.934387  1.33585  
1.23546 1.10057 0.934381  1.33585  
1.51019 0.888938 0.928578  1.39243  
1.76477 0.736376 0.913197  1.42406  
1.77273 0.731503 0.913197  1.42406  
1.80959 0.711739 0.88306  1.43691  
1.00145 1.39712 0.88306  1.43691  
1.74409 0.74747 0.88306  1.43691  
1.85573 0.687642 0.865887  1.48466  
1.73905 0.750108 0.865887  1.48466  
1.78688 0.724146 0.865887  1.48466  
1.82007 0.706324 0.841398  1.81065  
1.54319 0.867521 0.841398  1.81065  
0.998997 0.376281 1.32397  0.197861  
0.668302 0.611128 0.324205  1.19047  
0.334886 1.09419 1.31415  0.202783  
0.329749 1.12295 1.29443  0.212744  
0.710568 0.576147 1.27508  0.222613  
1.02476 0.360747 1.25679  0.232037  
0.745914 0.548338 1.2396  0.24098  
0.350119 1.03667 1.22105  0.250722  
1.05152 0.344914 1.20325  0.260171  
0.831311 0.485619 1.18618  0.269326  
1.29365 0.213138 1.17021  0.277956  
0.34504 1.0533 1.15458  0.286491  
0.872234 0.457444 1.13846  0.295378  
0.385816 0.949465 1.12296  0.304011  
0.754647 0.541649 1.10851  0.312128  
0.39394 0.9336 1.09353  0.32063  
0.727685 0.562528 1.07919  0.328841  
1.18616 0.269326 1.06535  0.336843  
0.325553 1.16061 1.05152  0.344914  
1.30861 0.205569 1.03801  0.35287  
1.22105 0.250722 1.02476  0.360747  
0.676535 0.604152 1.01167  0.368604  
0.841354 0.478603 0.998997  0.376281  
1.06535 0.336843 0.986622  0.383847  
0.354981 1.02219 0.974618  0.391256  
1.03801 0.35287 0.962527  0.398786  
1.32397 0.197861 0.950531  0.406329  
0.567006 0.704968 0.938847  0.413745  
0.527391 0.74695 0.927921  0.420744  
0.416673 0.893597 0.916045  0.428425  
0.702004 0.583076 0.905482  0.43532  
1.20325 0.260171 0.894053  0.442852  
0.365611 0.994154 0.882819  0.45033  
0.619587 0.654231 0.872326  0.457382  
1.23444 0.243679 0.8617  0.464593  
0.424228 0.881426 0.851521  0.471568  
0.520163 0.755039 0.841354  0.478603  
0.372499 0.9779 0.831311  0.485619  
0.851521 0.471568 0.821182  0.492776  
0.505472 0.771954 0.811398  0.49974  
0.588392 0.683727 0.80163  0.506788  
0.894053 0.442852 0.792038  0.513748  
0.938847 0.413745 0.78252  0.520755  
1.26315 0.228753 0.773246  0.527625  
0.801609 0.506788 0.763978  0.534577  
1.28171 0.219224 0.754647  0.541649  
0.659835 0.618407 0.745742  0.548482  
1.01264 0.368019 0.736676  0.55549  
0.792038 0.513748 0.727706  0.562528  
0.976077 0.390352 0.719366  0.56911  
0.605431 0.667412 0.710568  0.576147  
0.78252 0.520755 0.701634  0.583377  
0.340155 1.07131 0.692992  0.59045  
1.07919 0.328841 0.68473  0.597289  
0.719366 0.56911 0.676535  0.604152  
0.69299 0.59045 0.668302  0.611128  
0.324205 1.19047 0.659835  0.618407  
0.401205 0.920186 0.651742  0.625415  
1.12512 0.302803 0.643668  0.632513  
0.48308 0.799113 0.635535  0.639753  
0.460902 0.827973 0.627554  0.646951  
0.54278 0.730193 0.619587  0.654231  
0.635535 0.639753 0.61174  0.661498  
0.409156 0.906215 0.603783  0.668968  
0.962527 0.398786 0.595933  0.676469  
0.950531 0.406329 0.588392  0.683727  
0.627554 0.646951 0.580467  0.691521  
0.475476 0.808767 0.572817  0.699111  
0.360774 1.00644 0.565579  0.706418  
0.643668 0.632513 0.557543  0.714666  
1.15531 0.286099 0.550044  0.722496  
0.595915 0.676469 0.542588  0.730399  
0.882287 0.450686 0.535011  0.738591  
0.497891 0.78095 0.52756  0.746778  
0.453523 0.838089 0.520163  0.755039  
1.1424 0.293205 0.512804  0.763429  
0.927921 0.420744 0.505472  0.771954  
0.534998 0.738591 0.497891  0.78095  
1.24851 0.236337 0.490528  0.789877  
0.446239 0.848396 0.483085  0.799113  
0.916535 0.428106 0.475478  0.808767  
0.988144 0.382914 0.468254  0.818163  
1.10851 0.312128 0.460904  0.827973  
0.378375 0.964916 0.453726  0.837836  
0.773246 0.527625 0.446239  0.848396  
0.469074 0.817086 0.438984  0.858901  
0.431418 0.870256 0.431433  0.870256  
0.861586 0.464672 0.424228  0.881426  
1.171 0.277531 0.416673  0.893597  
0.438984 0.858901 0.409161  0.906215  
0.55731 0.714913 0.401239  0.920125  
0.580467 0.691521 0.39395  0.9336  
0.810148 0.500645 0.386451  0.948172  
0.512804 0.763429 0.378603  0.964429  
0.736676 0.55549 0.370791  0.981913  
0.821182 0.492776 0.360774  1.00644  
1.09353 0.32063 0.354104  1.0247  
0.490719 0.789644 0.345813  1.05061  
0.763978 0.534577 0.337577  1.08199  
0.905482 0.43532 0.328447  1.13238  
0.547265 0.476148 1.14347  0.111587  
0.611417 0.427522 0.143585  1.10167  
0.898483 0.242684 1.13341  0.116634  
0.640528 0.406567 1.11357  0.126657  
0.521154 0.497032 1.09436  0.136449  
0.973248 0.200658 1.07564  0.146102  
1.02317 0.173654 1.05744  0.155567  
0.781467 0.312862 1.03974  0.164869  
0.287791 0.731696 1.02252  0.174026  
0.681097 0.37835 1.0057  0.183025  
0.339444 0.668899 0.989272  0.191909  
0.746466 0.335057 0.973248  0.200658  
0.660549 0.392502 0.95763  0.20928  
0.145395 1.06796 0.94235  0.21779  
0.713053 0.356874 0.927399  0.226185  
0.958491 0.208804 0.912777  0.234486  
0.856228 0.267348 0.898483  0.242684  
0.149068 1.03695 0.884466  0.250777  
0.650789 0.399324 0.870713  0.258806  
0.197948 0.878207 0.857247  0.26674  
0.817628 0.290509 0.844019  0.274598  
0.399868 0.605228 0.831047  0.282382  
0.884636 0.250683 0.818326  0.290089  
0.6307 0.413572 0.805851  0.297726  
0.479177 0.532182 0.79354  0.305311  
0.724947 0.349053 0.781519  0.312824  
0.735135 0.342383 0.769577  0.32031  
0.538486 0.483093 0.757955  0.327702  
1.10875 0.129101 0.746466  0.335059  
0.162801 0.972594 0.735135  0.342383  
1.09339 0.136953 0.724022  0.349644  
0.94235 0.217787 0.713053  0.356874  
0.154239 1.00788 0.702267  0.364066  
0.757955 0.3277 0.691597  0.371225  
0.565089 0.462262 0.681097  0.37835  
0.79354 0.305311 0.670776  0.385432  
0.190017 0.895861 0.660549  0.392504  
0.769577 0.32031 0.650466  0.399547  
0.927399 0.226183 0.640528  0.406567  
1.00624 0.182734 0.6307  0.413572  
0.805851 0.297719 0.620948  0.420584  
0.844019 0.274596 0.611417  0.427522  
0.830043 0.282982 0.601953  0.434482  
0.435461 0.571232 0.592572  0.44144  
0.870713 0.258804 0.583302  0.448384  
1.12391 0.121409 0.574157  0.455326  
0.702548 0.363865 0.565089  0.462262  
0.583302 0.448384 0.556129  0.469206  
0.265698 0.761987 0.547265  0.476148  
0.235993 0.807421 0.538486  0.483097  
0.454818 0.5536 0.529775  0.490055  
0.512601 0.504022 0.521154  0.497036  
0.317275 0.694699 0.512601  0.504022  
0.989272 0.191909 0.504147  0.511022  
0.143585 1.10167 0.495757  0.518047  
0.167777 0.955725 0.48746  0.525094  
0.912777 0.234486 0.479177  0.532182  
0.41532 0.590193 0.471013  0.539284  
1.05727 0.15566 0.462892  0.546433  
0.157715 0.992287 0.454818  0.5536  
0.346939 0.660515 0.446819  0.560819  
0.446819 0.560819 0.438873  0.568085  
0.205357 0.86284 0.43098  0.575393  
0.182202 0.914809 0.423134  0.582762  
0.353724 0.653054 0.41532  0.590193  
0.36191 0.644216 0.407587  0.597678  
0.423134 0.582755 0.399868  0.605228  
0.24345 0.7954 0.392205  0.612853  
0.332045 0.677336 0.38456  0.620578  
0.495757 0.518046 0.376986  0.628352  
0.295919 0.721165 0.369437  0.636241  
0.407587 0.597667 0.36191  0.644217  
0.556129 0.4692 0.354405  0.652311  
1.03997 0.164743 0.346939  0.660516  
0.24982 0.785482 0.339444  0.668899  
1.07504 0.146399 0.332045  0.677336  
1.14347 0.111587 0.324663  0.685934  
0.470359 0.539842 0.317275  0.694714  
0.174007 0.93687 0.309888  0.703651  
0.309888 0.703651 0.30252  0.712789  
0.213333 0.847285 0.295153  0.722131  
0.574157 0.455326 0.287791  0.731696  
0.273055 0.751614 0.280428  0.741515  
0.592572 0.44144 0.273055  0.751614  
0.280428 0.741515 0.265698  0.761989  
0.324663 0.685928 0.258288  0.772747  
0.392205 0.612853 0.250892  0.783851  
0.48746 0.525086 0.24345  0.7954  
0.369437 0.636241 0.235993  0.807421  
0.504147 0.511022 0.228488  0.82002  
0.258288 0.772747 0.220939  0.833267  
0.377449 0.627881 0.213333  0.847285  
0.601953 0.434482 0.205681  0.862182  
0.670776 0.385429 0.197948  0.878209  
0.691597 0.371225 0.190058  0.895766  
0.30252 0.712789 0.182153  0.914946  
0.620948 0.420584 0.174007  0.93687  
0.220489 0.834078 0.165745  0.962378  
0.227565 0.82162 0.157199  0.994472  
0.529775 0.490053 0.148214  1.04282  
0.680897 0.218701 1.04273  0.0175348  
0.261245 0.550165 0.0429737  1.00769  
0.0447813 0.973861 1.0329  0.0224635  
0.291546 0.518797 1.01301  0.0325143  
0.209524 0.609254 0.993814  0.0423028  
0.135306 0.713442 0.97517  0.0519098  
0.530373 0.319259 0.956821  0.0614619  
0.0481914 0.944571 0.939131  0.0707631  
0.0605678 0.884464 0.922198  0.0797415  
0.90564 0.0886121 0.905082  0.088913  
0.26909 0.541849 0.888929  0.0976518  
0.338268 0.473965 0.873058  0.10632  
0.55978 0.298503 0.85718  0.115081  
0.112484 0.753647 0.841946  0.123558  
0.378534 0.438104 0.826965  0.131976  
0.53988 0.312479 0.812195  0.140363  
0.812195 0.140363 0.79786  0.148566  
1.02321 0.0273449 0.783839  0.15668  
0.0534663 0.91469 0.770165  0.164651  
0.0767886 0.833319 0.756827  0.172507  
0.0429737 1.00769 0.743352  0.180519  
0.307002 0.503532 0.730441  0.188268  
0.43784 0.389003 0.717839  0.195904  
0.716481 0.196735 0.705308  0.203564  
0.580512 0.284227 0.692996  0.211163  
0.657442 0.233523 0.680897  0.218705  
0.362265 0.452319 0.668999  0.226184  
0.729771 0.188672 0.657442  0.233523  
0.473452 0.361281 0.645884  0.240927  
0.612447 0.262765 0.634617  0.248217  
0.85718 0.115075 0.62343  0.255523  
0.797846 0.148573 0.612447  0.262765  
0.403565 0.41689 0.601582  0.269998  
0.645884 0.240927 0.591171  0.276994  
0.550056 0.3053 0.580512  0.284227  
0.500343 0.341109 0.570174  0.291311  
0.491959 0.347327 0.55978  0.298503  
0.826965 0.131976 0.549901  0.305407  
0.0895076 0.801524 0.53988  0.312479  
0.179838 0.647381 0.53001  0.319516  
0.330002 0.481623 0.520385  0.326444  
0.224199 0.591656 0.510714  0.333479  
0.692996 0.211163 0.501377  0.340337  
0.842766 0.123098 0.491959  0.347327  
0.188194 0.636259 0.482753  0.354232  
0.455552 0.375065 0.473452  0.361281  
0.299269 0.511112 0.464606  0.368057  
0.570174 0.291311 0.455552  0.375065  
0.756827 0.172507 0.446534  0.382123  
0.873549 0.10605 0.437841  0.389003  
0.922198 0.0797415 0.429148  0.395957  
0.601264 0.270211 0.420598  0.402873  
0.346167 0.466749 0.412017  0.409895  
0.283743 0.526683 0.403565  0.416893  
0.194657 0.627877 0.395125  0.423959  
0.238792 0.574859 0.386776  0.431042  
0.446534 0.382123 0.378534  0.438104  
1.01301 0.0325143 0.370316  0.445242  
0.429148 0.395957 0.362265  0.452319  
0.395125 0.423959 0.3542  0.459501  
0.482753 0.354231 0.346167  0.466749  
0.464606 0.368056 0.338268  0.473965  
0.510711 0.333479 0.330376  0.481274  
0.0973738 0.784019 0.322555  0.488618  
0.743352 0.180519 0.314718  0.49608  
0.415232 0.407255 0.307002  0.503532  
0.0651406 0.868256 0.299269  0.511112  
0.992846 0.0427997 0.291546  0.518797  
0.17363 0.655866 0.283743  0.526683  
0.3542 0.459501 0.276378  0.534244  
0.386767 0.431042 0.268836  0.542113  
0.939225 0.0707136 0.261245  0.550165  
0.634617 0.248217 0.253799  0.558206  
0.314717 0.49608 0.246308  0.566431  
0.12029 0.739232 0.238885  0.574787  
0.157623 0.678722 0.231349  0.58334  
0.591171 0.276994 0.224051  0.591825  
0.104616 0.768991 0.216575  0.600703  
0.956699 0.0615266 0.20921  0.609624  
0.770165 0.164651 0.201962  0.618609  
0.624269 0.254972 0.194561  0.628004  
0.141818 0.702917 0.187142  0.637644  
0.216567 0.600703 0.179838  0.647381  
0.520385 0.326444 0.172386  0.657591  
0.705308 0.203564 0.165078  0.667892  
0.246307 0.566431 0.157623  0.678722  
0.370314 0.445242 0.150153  0.689941  
0.974585 0.0522177 0.14276  0.701425  
0.0814925 0.820957 0.135306  0.713442  
1.04273 0.0175348 0.127874  0.725939  
0.253799 0.558206 0.120291  0.739232  
0.890073 0.0970306 0.112534  0.753557  
0.0704587 0.851388 0.105058  0.768127  
0.201962 0.618609 0.0973738  0.784033  
0.231349 0.58334 0.0895076  0.801524  
0.150153 0.689941 0.0814945  0.820957  
0.165077 0.667892 0.0733724  0.842837  
0.668999 0.226184 0.0651412  0.868256  
0.783964 0.156599 0.0562987  0.901731  
0.127866 0.725939 0.0476279  0.948545  
0.120049 0.739666 1.04272  0.0175431  
0.314717 0.49608 0.0429737  1.00769  
0.044787 0.973772 1.03281  0.0225091  
0.231453 0.58321 1.01296  0.032533  
0.0571891 0.897834 0.993721  0.0423506  
0.657344 0.233584 0.975025  0.0519844  
0.0893971 0.80178 0.956892  0.0614215  
0.411998 0.40991 0.93916  0.0707404  
0.888677 0.0977886 0.921927  0.0798861  
0.0970514 0.784711 0.905082  0.088913  
0.47331 0.361389 0.888677  0.0977886  
0.990036 0.0442418 0.872666  0.106535  
0.40355 0.416903 0.857044  0.115151  
0.0622308 0.878348 0.841765  0.123657  
0.0520059 0.921923 0.826806  0.132065  
0.180607 0.646344 0.812195  0.140355  
1.00407 0.0370587 0.79786  0.148565  
0.57016 0.29132 0.783848  0.156666  
0.187168 0.637607 0.770147  0.164661  
0.559945 0.298389 0.75666  0.172606  
0.858492 0.114349 0.743455  0.180457  
0.783932 0.156617 0.730457  0.188258  
0.353162 0.460431 0.717743  0.195961  
0.420541 0.402919 0.705229  0.203613  
0.127206 0.727069 0.692948  0.211193  
0.872666 0.106535 0.680884  0.218709  
0.322528 0.488643 0.669014  0.226175  
0.0429737 1.00769 0.657344  0.233584  
0.623825 0.255263 0.645871  0.240936  
0.841765 0.123657 0.634548  0.248261  
0.634548 0.248261 0.62343  0.255522  
0.276378 0.534244 0.612459  0.262756  
0.429913 0.395341 0.601681  0.269931  
0.135379 0.713323 0.591012  0.277102  
0.646217 0.240713 0.580512  0.284227  
0.530089 0.319457 0.57016  0.29132  
0.812195 0.140355 0.559945  0.298389  
0.770147 0.164661 0.54986  0.305435  
0.395151 0.423936 0.539927  0.312445  
0.299482 0.510902 0.530089  0.319457  
0.501357 0.340351 0.520392  0.326438  
0.54986 0.305435 0.510806  0.33341  
0.956712 0.0615156 0.501357  0.340351  
0.112234 0.754107 0.491959  0.347327  
0.974546 0.0522325 0.482688  0.354281  
0.612459 0.262756 0.473549  0.361207  
0.464497 0.36814 0.464497  0.36814  
0.742532 0.181009 0.455547  0.375069  
0.0751625 0.837784 0.44663  0.382047  
0.330369 0.48128 0.43786  0.388986  
1.04272 0.0175431 0.429163  0.395944  
0.539927 0.312445 0.420541  0.402919  
0.905082 0.088913 0.411998  0.40991  
0.238839 0.574787 0.40355  0.416903  
0.261298 0.550108 0.395151  0.423936  
0.754466 0.173905 0.386819  0.430998  
0.2019 0.618687 0.378581  0.438063  
0.580489 0.284242 0.3704  0.445167  
0.455547 0.375069 0.362283  0.452303  
0.209279 0.60954 0.354214  0.459487  
0.922547 0.0795556 0.346217  0.4667  
0.48244 0.354467 0.338262  0.47397  
0.601681 0.269931 0.330369  0.48128  
0.826389 0.1323 0.322528  0.488643  
0.22405 0.591819 0.314717  0.49608  
0.692948 0.211193 0.306977  0.503557  
0.291623 0.518719 0.299269  0.511112  
0.253798 0.558202 0.2916  0.518742  
0.157681 0.678637 0.283956  0.526465  
0.362283 0.452303 0.276378  0.534244  
0.142851 0.701278 0.268814  0.542135  
0.0484573 0.942769 0.261298  0.550108  
0.0815897 0.82071 0.253798  0.558202  
0.173597 0.655911 0.246338  0.566397  
0.338262 0.47397 0.238839  0.574787  
0.705229 0.203613 0.231453  0.58321  
0.195412 0.626907 0.22405  0.591819  
0.669014 0.226175 0.216622  0.600636  
0.245889 0.566894 0.209279  0.60954  
0.216622 0.600636 0.2019  0.618687  
0.511917 0.332598 0.194546  0.628017  
0.491959 0.347327 0.187168  0.637607  
0.105082 0.768056 0.179828  0.647395  
0.3704 0.445167 0.172459  0.657489  
0.386819 0.430998 0.165077  0.667892  
0.268814 0.542135 0.157681  0.678637  
0.378581 0.438063 0.150279  0.689742  
0.44663 0.382047 0.142851  0.701278  
0.79786 0.148565 0.135379  0.713323  
0.939366 0.0706315 0.127882  0.725907  
1.02324 0.0273286 0.120344  0.739134  
0.150279 0.689742 0.112742  0.753144  
0.730457 0.188258 0.105082  0.768056  
0.716073 0.196978 0.0973275  0.784118  
0.306977 0.503557 0.0894828  0.801581  
0.590985 0.27712 0.0815251  0.820874  
0.0683238 0.857945 0.0734247  0.842686  
0.283956 0.526465 0.0651422  0.868251  
0.166157 0.666351 0.0565547  0.900515  
0.680884 0.218709 0.0476359  0.948486  
0.657344 0.233584 1.0427  0.0175524  
0.704305 0.20418 0.0429737  1.00769  
0.044787 0.973772 1.03277  0.0225271  
0.520392 0.326438 1.01296  0.032533  
0.63456 0.248254 0.993721  0.0423506  
0.0554716 0.905242 0.975025  0.0519844  
0.253804 0.558195 0.956856  0.0614404  
0.330369 0.48128 0.93916  0.0707404  
0.783836 0.156673 0.921892  0.0799049  
0.57016 0.29132 0.905082  0.088913  
1.01296 0.032533 0.888677  0.0977886  
0.149835 0.690419 0.872666  0.106535  
0.491959 0.347327 0.857026  0.115161  
0.826806 0.132065 0.841765  0.123657  
0.378584 0.438061 0.826806  0.132065  
0.956856 0.0614404 0.812195  0.140355  
0.732319 0.187137 0.79786  0.148565  
0.36228 0.452306 0.783836  0.156673  
0.209702 0.609022 0.770099  0.16469  
0.0893861 0.801805 0.75666  0.172606  
0.559945 0.298389 0.743423  0.180476  
0.322528 0.488643 0.730457  0.188258  
0.591012 0.277102 0.717732  0.195967  
0.539925 0.312447 0.705229  0.203613  
0.501323 0.340376 0.692948  0.211193  
0.231453 0.58321 0.680884  0.218709  
0.0429737 1.00769 0.669014  0.226175  
0.0520167 0.921866 0.657344  0.233584  
0.104926 0.768367 0.645858  0.240944  
0.180856 0.646009 0.63456  0.248254  
0.386834 0.430984 0.623425  0.255526  
0.482335 0.354547 0.612459  0.262756  
0.429163 0.395944 0.601667  0.26994  
0.224154 0.591697 0.591012  0.277102  
0.54986 0.305435 0.580512  0.284227  
0.396586 0.422728 0.57016  0.29132  
0.0605475 0.884536 0.559945  0.298389  
0.717732 0.195967 0.54986  0.305435  
1.0427 0.0175524 0.539925  0.312447  
1.02364 0.027128 0.530089  0.319457  
0.269385 0.541535 0.520392  0.326438  
0.238887 0.574733 0.510806  0.33341  
0.314727 0.496071 0.501323  0.340376  
0.0970752 0.78466 0.491959  0.347327  
0.580512 0.284227 0.482706  0.354267  
0.112742 0.753144 0.473549  0.361207  
0.447269 0.381545 0.464495  0.368142  
0.530633 0.319067 0.455517  0.375092  
0.299269 0.511112 0.446642  0.382038  
0.187587 0.637055 0.437864  0.388983  
0.623425 0.255526 0.429163  0.395944  
0.680884 0.218709 0.420547  0.402914  
0.974555 0.052228 0.41201  0.4099  
0.166098 0.666435 0.40355  0.416903  
0.142851 0.701278 0.395151  0.423936  
0.120344 0.739134 0.386834  0.430984  
0.41201 0.4099 0.378584  0.438061  
0.743567 0.180391 0.3704  0.445167  
0.857026 0.115161 0.36228  0.452306  
0.510243 0.333821 0.354216  0.459486  
0.283979 0.526442 0.346214  0.466702  
0.771033 0.164142 0.338262  0.47397  
0.992927 0.0427578 0.330369  0.48128  
0.92203 0.0798311 0.322528  0.488643  
0.90592 0.0884614 0.314727  0.496071  
0.157681 0.678637 0.306977  0.503557  
0.669014 0.226175 0.299269  0.511112  
0.261298 0.550108 0.2916  0.518742  
0.612459 0.262756 0.283979  0.526442  
0.3704 0.445167 0.276378  0.534244  
0.843429 0.122727 0.268825  0.542124  
0.0484573 0.942769 0.261298  0.550108  
0.0815429 0.820829 0.253804  0.558195  
0.306977 0.503557 0.246332  0.566404  
0.135379 0.713323 0.238887  0.574733  
0.692185 0.211666 0.231453  0.58321  
0.437864 0.388983 0.22405  0.591819  
0.172451 0.6575 0.216654  0.600598  
0.2916 0.518742 0.209279  0.60954  
0.0655703 0.866823 0.201911  0.618673  
0.812124 0.140396 0.194546  0.628017  
0.890233 0.0969434 0.187168  0.637607  
0.601667 0.26994 0.179804  0.647428  
0.338262 0.47397 0.172451  0.6575  
0.127884 0.725904 0.165077  0.667892  
0.073438 0.842648 0.157681  0.678637  
0.75666 0.172606 0.15028  0.68974  
0.79786 0.148565 0.142851  0.701278  
0.201911 0.618673 0.135379  0.713323  
0.939366 0.0706315 0.127884  0.725904  
0.473549 0.361207 0.120344  0.739134  
0.354216 0.459486 0.112742  0.753144  
0.456721 0.374156 0.105082  0.768056  
0.194546 0.628017 0.0973396  0.784092  
0.346214 0.466702 0.0894987  0.801544  
0.420547 0.402914 0.0815429  0.820829  
0.872666 0.106535 0.073438  0.842648  
0.216939 0.600257 0.0651422  0.868251  
0.246332 0.566404 0.0565903  0.900363  
0.645858 0.240944 0.0476507  0.948379  
