13.5969 21.1473 13.5969  21.1473  
21.7052 14.1831 21.7052  14.1831  
18.5692 25.9906 18.5692  25.9906  
21.9374 28.4026 21.9374  28.4026  
14.5091 15.5482 14.5091  15.5482  
29.1969 36.638 29.1969  36.638  
15.1024 17.7809 15.1024  17.7809  
20.8544 26.0345 20.8544  26.0345  
11.7765 18.9179 11.7765  18.9179  
28.1415 22.5401 28.1415  22.5401  
15.335 24.0613 15.335  24.0613  
13.6511 23.769 13.6511  23.769  
17.9658 30.9475 17.9658  30.9475  
21.8821 18.8896 21.8821  18.8896  
17.3845 12.59 17.3845  12.59  
16.6582 21.003 16.6582  21.003  
15.2312 19.5834 15.2312  19.5834  
25.5186 25.7973 25.5186  25.7973  
13.9551 10.4554 13.9551  10.4554  
18.3362 15.9649 18.3362  15.9649  
41.0741 27.7429 41.0741  27.7429  
20.3625 12.6984 20.3625  12.6984  
24.5342 21.9541 24.5342  21.9541  
23.5389 17.5513 23.5389  17.5513  
15.2054 12.1568 15.2054  12.1568  
26.0213 23.0515 26.0213  23.0515  
16.2291 23.7964 16.2291  23.7964  
16.2458 22.2488 16.2458  22.2488  
16.1519 18.8091 16.1519  18.8091  
44.3101 38.2229 44.3101  38.2229  
16.9017 18.6913 16.9017  18.6913  
19.5599 16.2889 19.5599  16.2889  
28.5879 32.7965 28.5879  32.7965  
16.5063 32.5093 16.5063  32.5093  
21.2976 16.5961 21.2976  16.5961  
25.5464 11.8672 25.5464  11.8672  
16.2346 27.3408 16.2346  27.3408  
25.5845 16.3019 25.5845  16.3019  
16.8037 17.6116 16.8037  17.6116  
35.8357 24.123 35.8357  24.123  
19.9246 17.6169 19.9246  17.6169  
16.5691 14.63 16.5691  14.63  
37.615 19.9667 37.615  19.9667  
13.2806 16.933 13.2806  16.933  
21.7694 22.5205 21.7694  22.5205  
17.1331 20.4476 17.1331  20.4476  
17.8907 14.8772 17.8907  14.8772  
33.9063 29.7626 33.9063  29.7626  
22.0349 19.1095 22.0349  19.1095  
18.5203 14.3929 18.5203  14.3929  
19.483 18.1474 19.483  18.1474  
20.1793 14.9207 20.1793  14.9207  
22.0906 11.8679 22.0906  11.8679  
31.7091 31.9755 31.7091  31.9755  
12.1086 12.6586 12.1086  12.6586  
9.8202 9.87957 9.8202  9.87957  
30.2652 36.7845 30.2652  36.7845  
27.2284 27.3903 27.2284  27.3903  
17.5695 18.3126 17.5695  18.3126  
22.6921 24.9887 22.6921  24.9887  
25.5086 23.5538 25.5086  23.5538  
18.1611 19.3492 18.1611  19.3492  
15.8236 15.516 15.8236  15.516  
22.6231 17.2773 22.6231  17.2773  
17.4719 17.9081 17.4719  17.9081  
14.3697 18.2915 14.3697  18.2915  
22.9774 21.705 22.9774  21.705  
20.3698 16.3049 20.3698  16.3049  
23.244 28.0134 23.244  28.0134  
19.1081 20.6672 19.1081  20.6672  
19.1841 20.7168 19.1841  20.7168  
18.4656 16.5331 18.4656  16.5331  
14.1774 14.9567 14.1774  14.9567  
27.0703 17.1439 27.0703  17.1439  
16.2015 17.3391 16.2015  17.3391  
24.2865 32.8141 24.2865  32.8141  
20.998 24.9807 20.998  24.9807  
18.3598 13.3783 18.3598  13.3783  
33.5247 28.4622 33.5247  28.4622  
17.0893 11.3015 17.0893  11.3015  
33.2924 27.0425 33.2924  27.0425  
16.314 14.6426 16.314  14.6426  
23.257 24.1643 23.257  24.1643  
27.588 27.0684 27.588  27.0684  
20.802 18.4341 20.802  18.4341  
32.9368 28.6487 32.9368  28.6487  
14.0053 11.5473 14.0053  11.5473  
14.7119 20.0324 14.7119  20.0324  
19.4214 18.526 19.4214  18.526  
29.114 19.6342 29.114  19.6342  
28.0063 14.36 28.0063  14.36  
24.4566 34.5591 24.4566  34.5591  
21.4846 34.0497 21.4846  34.0497  
43.3468 32.799 43.3468  32.799  
22.9768 21.9131 22.9768  21.9131  
27.1455 20.1036 27.1455  20.1036  
37.1233 15.8272 37.1233  15.8272  
20.7315 16.3901 20.7315  16.3901  
37.9969 23.5873 37.9969  23.5873  
19.2629 18.9538 19.2629  18.9538  
3.56208 2.50306 21.6339  15.5794  
3.34137 2.50323 12.4603  15.9152  
4.32225 2.50059 15.9846  12.8924  
3.33967 2.70021 12.6012  21.1331  
12.4295 7.00747 24.3703  17.8536  
3.33949 3.01754 18.7681  22.0563  
19.0516 7.92681 29.8908  24.2157  
3.79565 2.5033 28.6357  17.5714  
4.32646 2.49992 20.2897  16.0271  
20.8819 13.6238 27.6608  14.5178  
18.4732 20.2587 33.2581  12.788  
28.7915 20.3946 17.717  12.2881  
10.5683 10.1031 27.216  12.0144  
21.8821 18.8896 19.5898  11.6565  
17.3845 12.59 17.0518  11.421  
16.6582 21.003 16.7181  10.9952  
15.2312 19.5834 18.6972  10.63  
25.5186 25.7973 18.5803  9.12667  
13.9551 10.4554 22.5202  9.00784  
18.3362 15.9649 15.6272  5.13906  
41.0741 27.7429 25.2922  7.55817  
20.3625 12.6984 22.0196  8.99769  
24.5342 21.9541 14.7129  5.50936  
23.5389 17.5513 23.5798  8.68613  
15.2054 12.1568 13.2044  5.3464  
26.0213 23.0515 19.8677  7.27423  
16.2291 23.7964 16.028  6.69528  
16.2458 22.2488 21.6236  8.59326  
16.1519 18.8091 11.0265  5.45438  
44.3101 38.2229 7.39978  4.0723  
16.9017 18.6913 7.88825  4.33164  
19.5599 16.2889 16.8551  7.94141  
28.5879 32.7965 15.4332  8.36314  
16.5063 32.5093 13.6703  7.33116  
21.2976 16.5961 12.2945  7.00747  
25.5464 11.8672 14.4732  8.63851  
16.2346 27.3408 14.4127  8.34384  
25.5845 16.3019 8.12059  5.14932  
16.8037 17.6116 8.01939  5.27183  
35.8357 24.123 10.291  6.58702  
19.9246 17.6169 12.634  8.18246  
16.5691 14.63 12.5147  9.01819  
37.615 19.9667 9.68277  7.12768  
13.2806 16.933 9.14244  7.03593  
21.7694 22.5205 6.33266  4.78676  
17.1331 20.4476 7.43533  5.91321  
17.8907 14.8772 7.25496  5.77067  
33.9063 29.7626 5.85103  4.62929  
22.0349 19.1095 7.3488  6.1713  
18.5203 14.3929 6.00589  4.96071  
19.483 18.1474 4.03435  3.17399  
20.1793 14.9207 12.2257  11.757  
22.0906 11.8679 12.1153  12.4231  
31.7091 31.9755 9.76399  12.1026  
12.1086 12.6586 7.51893  7.32221  
9.8202 9.87957 9.66491  10.2371  
30.2652 36.7845 6.33253  6.30915  
27.2284 27.3903 8.12214  8.61026  
17.5695 18.3126 6.11831  6.55563  
22.6921 24.9887 5.19435  5.18689  
25.5086 23.5538 4.02282  3.52373  
18.1611 19.3492 4.63188  4.53075  
15.8236 15.516 6.70887  8.00622  
22.6231 17.2773 7.91404  10.7043  
17.4719 17.9081 3.34137  2.50323  
14.3697 18.2915 6.81396  8.86457  
22.9774 21.705 8.37621  10.9931  
20.3698 16.3049 5.40725  6.67436  
23.244 28.0134 8.44632  13.0891  
19.1081 20.6672 7.33297  11.5877  
19.1841 20.7168 9.36423  15.3245  
18.4656 16.5331 8.43361  15.206  
14.1774 14.9567 4.165  4.60218  
27.0703 17.1439 8.13076  16.1536  
16.2015 17.3391 5.53525  8.96558  
24.2865 32.8141 9.71771  18.5818  
20.998 24.9807 9.77779  16.7919  
18.3598 13.3783 9.35482  23.1744  
33.5247 28.4622 9.89197  22.376  
17.0893 11.3015 6.95497  16.6156  
33.2924 27.0425 10.1874  15.4199  
16.314 14.6426 10.1934  25.0661  
23.257 24.1643 10.4191  28.6804  
27.588 27.0684 10.9672  17.0327  
20.802 18.4341 11.0528  19.9277  
32.9368 28.6487 11.121  22.5  
14.0053 11.5473 11.1404  17.767  
14.7119 20.0324 11.1983  16.0302  
19.4214 18.526 12.6892  15.6386  
29.114 19.6342 13.7374  27.1443  
28.0063 14.36 13.8052  24.0455  
24.4566 34.5591 15.1844  32.2696  
21.4846 34.0497 17.4069  22.4327  
43.3468 32.799 18.5735  20.1518  
22.9768 21.9131 19.9324  18.6476  
27.1455 20.1036 26.9634  27.3636  
37.1233 15.8272 10.536  15.3257  
20.7315 16.3901 12.3817  19.1399  
37.9969 23.5873 10.1128  16.1085  
19.2629 18.9538 23.8704  18.3164  
2.5298 1.82803 12.8324  4.22947  
2.42673 2.16974 7.55134  8.14776  
2.79421 1.82659 4.56694  6.32457  
2.53099 1.82672 7.40352  3.83316  
2.88332 1.82651 20.4306  11.593  
2.54024 1.82663 13.9025  7.38847  
3.94207 1.62516 16.8344  6.73344  
3.06203 1.82588 16.4634  6.08882  
2.91006 1.82649 15.6864  6.03002  
2.45343 2.12008 18.5858  5.46371  
3.77893 1.81733 21.4073  5.1924  
7.55134 8.14776 15.4901  4.73841  
2.35003 2.2911 16.8811  4.61412  
2.53098 2.09638 16.7055  4.56483  
14.4406 12.5909 20.6599  4.43764  
16.6582 21.003 15.0947  4.4482  
15.2312 19.5834 16.7089  4.41769  
25.5186 25.7973 15.9917  4.2593  
13.9551 10.4554 15.1061  4.12037  
18.3362 15.9649 10.5812  4.32073  
41.0741 27.7429 13.4217  4.30394  
20.3625 12.6984 12.5011  4.02581  
24.5342 21.9541 12.0615  4.17819  
23.5389 17.5513 11.047  4.21416  
15.2054 12.1568 10.4731  3.97941  
26.0213 23.0515 9.99755  4.05196  
16.2291 23.7964 9.32118  3.9287  
16.2458 22.2488 10.3837  4.34497  
16.1519 18.8091 8.17317  4.30739  
44.3101 38.2229 9.03342  4.27475  
16.9017 18.6913 8.87456  4.21129  
19.5599 16.2889 8.34914  4.20964  
28.5879 32.7965 7.94224  4.10732  
16.5063 32.5093 7.20638  4.03591  
21.2976 16.5961 7.00588  3.9007  
25.5464 11.8672 6.92818  4.02841  
16.2346 27.3408 6.52687  3.8854  
25.5845 16.3019 6.64681  4.28714  
16.8037 17.6116 6.05237  3.78553  
35.8357 24.123 6.14263  3.99665  
19.9246 17.6169 5.58027  3.69053  
16.5691 14.63 5.58615  3.81254  
37.615 19.9667 5.90487  4.00504  
13.2806 16.933 5.39445  3.86886  
21.7694 22.5205 4.99714  3.66443  
17.1331 20.4476 5.09021  3.79719  
17.8907 14.8772 4.78147  3.79818  
33.9063 29.7626 4.72589  3.71432  
22.0349 19.1095 4.21748  3.31005  
18.5203 14.3929 4.36895  3.56238  
19.483 18.1474 4.16012  3.40358  
20.1793 14.9207 4.20397  3.62915  
22.0906 11.8679 4.03504  3.44226  
31.7091 31.9755 2.53188  1.82672  
12.1086 12.6586 3.69679  3.176  
9.8202 9.87957 3.64772  3.18389  
30.2652 36.7845 3.39328  2.93606  
27.2284 27.3903 4.11401  3.89317  
17.5695 18.3126 3.94403  3.7877  
22.6921 24.9887 4.1244  4.13724  
25.5086 23.5538 4.16968  4.30516  
18.1611 19.3492 4.30734  4.51902  
15.8236 15.516 3.4165  3.34395  
22.6231 17.2773 3.66281  3.8107  
17.4719 17.9081 4.44793  5.19607  
14.3697 18.2915 4.71078  5.77249  
22.9774 21.705 4.50767  5.72277  
20.3698 16.3049 4.46774  5.88069  
23.244 28.0134 4.73749  6.71285  
19.1081 20.6672 5.49438  6.86085  
19.1841 20.7168 4.45214  6.51817  
18.4656 16.5331 4.86272  7.76636  
14.1774 14.9567 4.886  8.06118  
27.0703 17.1439 5.35544  9.62843  
16.2015 17.3391 4.95055  9.02462  
24.2865 32.8141 4.15765  7.12166  
20.998 24.9807 4.8736  9.63362  
18.3598 13.3783 5.00741  10.4765  
33.5247 28.4622 5.06126  10.9077  
17.0893 11.3015 5.16246  12.5815  
33.2924 27.0425 5.45558  8.83873  
16.314 14.6426 5.2007  14.4096  
23.257 24.1643 5.26429  14.4489  
27.588 27.0684 5.31881  16.148  
20.802 18.4341 2.58258  2.88365  
32.9368 28.6487 5.55552  11.1868  
14.0053 11.5473 5.64615  17.0574  
14.7119 20.0324 4.91251  19.2589  
19.4214 18.526 6.10075  10.8243  
29.114 19.6342 6.11478  29.63  
28.0063 14.36 6.47321  10.8053  
24.4566 34.5591 7.07763  11.6027  
21.4846 34.0497 7.34951  14.979  
43.3468 32.799 8.14246  8.40265  
22.9768 21.9131 8.57723  19.6634  
27.1455 20.1036 9.24264  8.18569  
37.1233 15.8272 9.64659  23.7614  
20.7315 16.3901 17.7112  14.494  
37.9969 23.5873 5.17957  11.603  
19.2629 18.9538 11.6575  22.7151  
1.75266 1.36019 15.755  2.91963  
2.09453 1.01432 4.13064  14.3479  
1.75206 1.60327 15.2522  2.91932  
1.65947 2.67214 11.042  2.91101  
2.10313 1.01409 14.13  2.91004  
2.53828 0.991026 13.0967  2.91003  
1.75429 1.36011 18.7743  2.90743  
15.755 2.91963 2.09453  1.01432  
22.6011 3.95317 18.697  2.90743  
16.443 4.34918 15.5102  2.9067  
2.04356 4.06456 11.8236  2.90395  
2.2376 1.26823 14.4293  2.90263  
2.07675 1.94294 15.3605  2.90107  
2.46778 1.26349 12.422  2.89889  
2.23301 1.26857 13.642  2.89805  
13.7127 4.77219 13.0076  2.88983  
2.24524 1.26942 11.057  2.88259  
2.23993 1.52831 10.7249  2.85705  
12.649 4.55425 10.7533  2.83001  
18.3362 15.9649 9.74683  2.85202  
41.0741 27.7429 9.22846  2.82158  
20.3625 12.6984 8.48523  2.67926  
24.5342 21.9541 6.84391  2.37371  
23.5389 17.5513 6.83121  2.84476  
15.2054 12.1568 7.5042  2.8317  
26.0213 23.0515 7.20725  2.81882  
16.2291 23.7964 7.06362  2.81038  
16.2458 22.2488 6.44741  2.7617  
16.1519 18.8091 5.75638  2.7532  
44.3101 38.2229 5.9712  2.72829  
16.9017 18.6913 3.30638  1.66241  
19.5599 16.2889 5.70517  2.74907  
28.5879 32.7965 5.40614  2.6933  
16.5063 32.5093 4.98619  2.62967  
21.2976 16.5961 4.76793  2.54614  
25.5464 11.8672 4.68544  2.57065  
16.2346 27.3408 4.46688  2.50127  
25.5845 16.3019 2.90188  1.69728  
16.8037 17.6116 4.19445  2.50187  
35.8357 24.123 4.0311  2.45699  
19.9246 17.6169 3.79258  2.37362  
16.5691 14.63 4.23287  2.73306  
37.615 19.9667 3.20361  2.07869  
13.2806 16.933 3.84576  2.60135  
21.7694 22.5205 4.01187  2.85008  
17.1331 20.4476 3.08975  2.13363  
17.8907 14.8772 3.21676  2.27353  
33.9063 29.7626 4.7239  3.65821  
22.0349 19.1095 2.82481  2.03745  
18.5203 14.3929 3.60619  2.801  
19.483 18.1474 3.77785  3.04565  
20.1793 14.9207 4.10248  3.53655  
22.0906 11.8679 3.39283  2.83869  
31.7091 31.9755 2.91675  2.3909  
12.1086 12.6586 3.30635  2.90143  
9.8202 9.87957 3.32837  3.06076  
30.2652 36.7845 3.07645  2.77603  
27.2284 27.3903 3.22337  3.04078  
17.5695 18.3126 3.08544  2.91683  
22.6921 24.9887 3.2412  3.21801  
25.5086 23.5538 2.64819  2.44139  
18.1611 19.3492 3.23263  3.49071  
15.8236 15.516 2.56632  2.45813  
22.6231 17.2773 3.02449  3.39326  
17.4719 17.9081 2.84493  3.05972  
14.3697 18.2915 2.25371  2.10421  
22.9774 21.705 3.13506  3.80614  
20.3698 16.3049 3.18177  4.05086  
23.244 28.0134 3.05705  3.98217  
19.1081 20.6672 3.22959  4.43541  
19.1841 20.7168 3.25233  4.48019  
18.4656 16.5331 3.33801  4.98828  
14.1774 14.9567 3.35258  4.68714  
27.0703 17.1439 3.34469  5.53528  
16.2015 17.3391 3.35979  5.71805  
24.2865 32.8141 3.44901  6.35756  
20.998 24.9807 3.45149  6.53058  
18.3598 13.3783 3.47688  6.89874  
33.5247 28.4622 3.49748  7.49995  
17.0893 11.3015 1.75429  1.36011  
33.2924 27.0425 3.50834  8.52723  
16.314 14.6426 3.55184  8.25666  
23.257 24.1643 3.5846  9.04236  
27.588 27.0684 2.06927  3.02519  
20.802 18.4341 3.59943  10.7408  
32.9368 28.6487 3.605  11.2709  
14.0053 11.5473 3.64906  10.7131  
14.7119 20.0324 3.64555  14.2205  
19.4214 18.526 3.70043  10.1344  
29.114 19.6342 3.72122  9.43947  
28.0063 14.36 3.76523  20.0743  
24.4566 34.5591 1.76081  2.10058  
21.4846 34.0497 3.76674  15.3001  
43.3468 32.799 3.78271  15.7756  
22.9768 21.9131 3.78562  18.6618  
27.1455 20.1036 3.78739  12.78  
37.1233 15.8272 3.82376  7.24378  
20.7315 16.3901 3.88692  15.4365  
37.9969 23.5873 3.89428  16.4889  
19.2629 18.9538 4.08717  8.27745  
0.451648 1.069 10.1701  0.354076  
0.8191 0.750099 0.451473  2.98513  
1.044 0.359769 8.36296  0.354076  
0.451261 1.097 4.24076  0.354076  
3.6719 0.294726 2.65458  0.354149  
1.04401 0.356063 2.04982  0.354076  
1.04399 0.362832 2.03147  0.369122  
1.0441 0.354072 2.03148  0.387508  
0.821451 0.742611 2.03149  0.383534  
10.1702 1.11597 2.0315  0.370093  
0.821528 0.748093 2.03151  0.369732  
0.463362 1.0689 1.04408  0.355113  
1.0441 0.61355 1.04483  0.35947  
1.92166 1.01644 2.03151  0.467886  
1.0008 0.755085 2.03151  0.360178  
1.04399 0.371387 2.03152  0.405905  
1.02609 0.754182 2.03153  0.497049  
0.568812 1.06929 2.03184  0.461753  
1.044 0.35718 2.03152  0.612689  
1.00007 0.759166 2.03191  0.519278  
0.972811 0.994269 2.03205  0.62225  
1.04413 2.82692 2.03152  0.669111  
24.5342 21.9541 2.03205  0.497161  
23.5389 17.5513 2.03305  0.655066  
15.2054 12.1568 3.04126  0.669111  
26.0213 23.0515 1.83966  0.754449  
16.2291 23.7964 1.8336  0.754659  
16.2458 22.2488 1.81183  0.770935  
16.1519 18.8091 1.82112  0.803609  
44.3101 38.2229 1.84552  0.756519  
16.9017 18.6913 1.87656  0.770209  
19.5599 16.2889 2.05382  0.981118  
28.5879 32.7965 1.70876  0.857803  
16.5063 32.5093 1.92914  1.05118  
21.2976 16.5961 1.5451  0.849075  
25.5464 11.8672 1.04467  0.602758  
16.2346 27.3408 1.29766  0.76875  
25.5845 16.3019 1.04401  0.623385  
16.8037 17.6116 1.55834  0.882969  
35.8357 24.123 1.66122  1.07346  
19.9246 17.6169 1.59961  1.06968  
16.5691 14.63 1.55954  1.069  
37.615 19.9667 1.46858  1.06894  
13.2806 16.933 1.0685  0.749418  
21.7694 22.5205 1.07105  0.770935  
17.1331 20.4476 1.44037  1.07282  
17.8907 14.8772 1.44503  1.06903  
33.9063 29.7626 1.44476  1.13499  
22.0349 19.1095 1.44757  1.13446  
18.5203 14.3929 1.4549  1.06916  
19.483 18.1474 1.55993  1.31597  
20.1793 14.9207 1.44476  1.34688  
22.0906 11.8679 1.33499  1.34564  
31.7091 31.9755 1.37329  1.34225  
12.1086 12.6586 0.831541  0.744945  
9.8202 9.87957 0.821451  0.742611  
30.2652 36.7845 0.819465  0.754622  
27.2284 27.3903 0.820723  0.757116  
17.5695 18.3126 1.41051  1.43543  
22.6921 24.9887 1.05666  1.36596  
25.5086 23.5538 1.1325  1.34398  
18.1611 19.3492 1.04471  1.34533  
15.8236 15.516 1.05568  1.34224  
22.6231 17.2773 1.05761  1.34155  
17.4719 17.9081 0.854214  1.00152  
14.3697 18.2915 0.829872  0.994011  
22.9774 21.705 0.82645  1.00566  
20.3698 16.3049 1.04399  1.37194  
23.244 28.0134 1.04399  1.44888  
19.1081 20.6672 1.04401  1.59472  
19.1841 20.7168 0.778958  1.07054  
18.4656 16.5331 1.04401  1.61638  
14.1774 14.9567 1.05625  1.60632  
27.0703 17.1439 1.70876  2.48378  
16.2015 17.3391 0.898248  2.9117  
24.2865 32.8141 0.845486  1.83528  
20.998 24.9807 0.841062  1.78321  
18.3598 13.3783 0.853876  1.73517  
33.5247 28.4622 0.852738  1.73441  
17.0893 11.3015 0.83208  1.7391  
33.2924 27.0425 0.819462  1.79249  
16.314 14.6426 1.04401  2.82146  
23.257 24.1643 0.823226  2.00776  
27.588 27.0684 0.821863  2.13152  
20.802 18.4341 0.733618  2.07393  
32.9368 28.6487 0.739698  2.0707  
14.0053 11.5473 0.717055  2.07295  
14.7119 20.0324 0.716954  2.25284  
19.4214 18.526 0.709964  2.38129  
29.114 19.6342 0.45265  2.3449  
28.0063 14.36 0.457875  2.13253  
24.4566 34.5591 0.513459  2.08638  
21.4846 34.0497 0.453519  2.06869  
43.3468 32.799 0.474184  2.0636  
22.9768 21.9131 0.452286  2.05854  
27.1455 20.1036 0.458351  2.05691  
37.1233 15.8272 0.45465  2.05639  
20.7315 16.3901 0.453167  1.31597  
37.9969 23.5873 0.453519  1.07048  
19.2629 18.9538 0.453175  1.069  
0.570654 0.244696 0.817978  0.244543  
0.570639 0.246213 0.451283  0.822013  
0.454637 0.822008 0.570653  0.244901  
0.570589 0.24742 0.570653  0.244901  
0.570585 0.265975 0.570653  0.244901  
0.570585 0.255329 0.570653  0.244901  
0.570585 0.613505 0.570653  0.244901  
0.570585 0.248557 0.570653  0.244901  
0.579228 0.244521 0.570653  0.244901  
0.570585 0.540008 0.570653  0.244901  
3.3118 0.901293 0.570653  0.244901  
0.570651 0.245473 0.570653  0.244901  
0.570585 0.2523 0.570653  0.244901  
0.570604 0.247912 0.570653  0.244901  
1.66116 0.244541 0.570653  0.244901  
0.452682 0.822012 0.570653  0.244901  
0.451284 0.822013 0.570653  0.244901  
0.484602 0.822004 0.570585  0.265975  
0.469431 0.822006 0.570585  0.268397  
0.489956 0.822002 0.570585  0.268397  
0.570653 0.244971 0.570585  0.268397  
0.570585 0.596974 0.570585  0.268397  
3.53635 0.244541 0.570585  0.268397  
1.49951 1.06178 0.570585  0.268397  
1.61664 0.90295 0.570585  0.268397  
11.1992 2.92376 0.570585  0.268397  
10.7341 0.941211 0.570585  0.268397  
0.454404 1.06896 0.570585  0.268397  
1.04399 0.397554 0.570585  0.268397  
3.12656 0.35406 0.570585  0.268397  
14.4873 2.46704 0.570585  0.268397  
19.5599 16.2889 0.570585  0.268397  
28.5879 32.7965 0.570585  0.268397  
16.5063 32.5093 0.570585  0.268397  
21.2976 16.5961 0.570585  0.268397  
25.5464 11.8672 0.570585  0.268397  
16.2346 27.3408 0.570585  0.268397  
25.5845 16.3019 0.570585  0.268397  
16.8037 17.6116 0.570585  0.268397  
35.8357 24.123 0.570585  0.268397  
19.9246 17.6169 0.570585  0.268397  
16.5691 14.63 0.570585  0.268397  
37.615 19.9667 0.570585  0.268397  
13.2806 16.933 0.570585  0.268397  
21.7694 22.5205 0.570585  0.268397  
17.1331 20.4476 0.570585  0.268397  
17.8907 14.8772 0.570585  0.268397  
33.9063 29.7626 0.570585  0.268397  
22.0349 19.1095 0.570585  0.268397  
18.5203 14.3929 0.570585  0.268397  
19.483 18.1474 0.570585  0.268397  
20.1793 14.9207 0.570585  0.268397  
22.0906 11.8679 0.570585  0.268397  
31.7091 31.9755 0.570585  0.268397  
12.1086 12.6586 0.570585  0.268397  
9.8202 9.87957 0.570585  0.268397  
30.2652 36.7845 0.570585  0.268397  
27.2284 27.3903 0.570585  0.268397  
17.5695 18.3126 0.570585  0.268397  
22.6921 24.9887 0.570585  0.268397  
25.5086 23.5538 0.570585  0.268397  
18.1611 19.3492 0.570585  0.268397  
15.8236 15.516 0.570585  0.268397  
22.6231 17.2773 0.570585  0.268397  
17.4719 17.9081 0.570585  0.268397  
14.3697 18.2915 0.570585  0.268397  
22.9774 21.705 0.570585  0.268397  
20.3698 16.3049 0.570585  0.268397  
23.244 28.0134 0.570585  0.268397  
19.1081 20.6672 0.570585  0.268397  
19.1841 20.7168 0.570585  0.511958  
18.4656 16.5331 0.570585  0.511958  
14.1774 14.9567 0.570585  0.540008  
27.0703 17.1439 0.570585  0.540008  
16.2015 17.3391 0.570585  0.540008  
24.2865 32.8141 0.570585  0.540008  
20.998 24.9807 0.570585  0.613505  
18.3598 13.3783 0.570585  0.613505  
33.5247 28.4622 0.570585  0.613505  
17.0893 11.3015 0.570585  0.613505  
33.2924 27.0425 0.570585  0.613505  
16.314 14.6426 0.570585  0.613505  
23.257 24.1643 0.570585  0.613505  
27.588 27.0684 0.451283  0.822013  
20.802 18.4341 0.451283  0.822013  
32.9368 28.6487 0.451283  0.822013  
14.0053 11.5473 0.451283  0.822013  
14.7119 20.0324 0.451283  0.822013  
19.4214 18.526 0.451283  0.822013  
29.114 19.6342 0.451283  0.822013  
28.0063 14.36 0.451283  0.822013  
24.4566 34.5591 0.451283  0.822013  
21.4846 34.0497 0.451283  0.822013  
43.3468 32.799 0.451283  0.822013  
22.9768 21.9131 0.451283  0.822013  
27.1455 20.1036 0.451283  0.822013  
37.1233 15.8272 0.451283  0.822013  
20.7315 16.3901 0.451283  0.822013  
37.9969 23.5873 0.451283  0.822013  
19.2629 18.9538 0.451283  0.822013  
0.570653 0.244724 0.651187  0.244531  
0.570402 0.246618 0.451293  0.822006  
0.570397 0.248028 0.570469  0.245023  
0.570397 0.247247 0.570469  0.246351  
0.451293 0.822006 0.570397  0.247247  
1.30785 0.244531 0.570397  0.248028  
0.570397 0.250165 0.570397  0.250165  
1.48814 0.679317 0.570397  0.250165  
0.579228 0.244521 0.570397  0.250165  
0.451296 0.822007 0.570397  0.250165  
0.570469 0.244904 0.570397  0.250165  
1.19472 0.244531 0.570397  0.250165  
0.570406 0.248696 0.570397  0.250165  
0.57041 0.247594 0.570397  0.250165  
2.17123 0.244531 0.570397  0.250165  
0.902227 1.0736 0.570397  0.250165  
0.57044 0.252971 0.570397  0.250165  
0.484602 0.822004 0.570397  0.250165  
0.469431 0.822006 0.570397  0.250165  
0.489956 0.822002 0.570397  0.250165  
1.2306 0.244531 0.570397  0.250165  
0.57049 0.251696 0.570397  0.250165  
0.781943 1.0921 0.570397  0.250165  
1.63271 0.244526 0.570397  0.250165  
0.451297 0.822012 0.570397  0.250165  
1.67217 0.244526 0.570397  0.250165  
0.570467 0.253387 0.570397  0.250165  
0.885297 0.244526 0.570397  0.250165  
0.570455 0.258582 0.570397  0.250165  
0.570471 0.251967 0.570397  0.250165  
0.674965 0.244526 0.570397  0.250165  
0.674771 1.10607 0.570397  0.250165  
28.5879 32.7965 0.570397  0.250165  
16.5063 32.5093 0.570397  0.250165  
21.2976 16.5961 0.570397  0.250165  
25.5464 11.8672 0.570397  0.250165  
16.2346 27.3408 0.570397  0.250165  
25.5845 16.3019 0.570397  0.250165  
16.8037 17.6116 0.570397  0.250165  
35.8357 24.123 0.570397  0.250165  
19.9246 17.6169 0.570397  0.250165  
16.5691 14.63 0.570397  0.250165  
37.615 19.9667 0.570397  0.250165  
13.2806 16.933 0.570397  0.250165  
21.7694 22.5205 0.570397  0.250165  
17.1331 20.4476 0.570397  0.250165  
17.8907 14.8772 0.570397  0.250165  
33.9063 29.7626 0.570397  0.250165  
22.0349 19.1095 0.570397  0.250165  
18.5203 14.3929 0.570397  0.250165  
19.483 18.1474 0.570397  0.250165  
20.1793 14.9207 0.570397  0.250165  
22.0906 11.8679 0.570397  0.250165  
31.7091 31.9755 0.570397  0.250165  
12.1086 12.6586 0.570397  0.250165  
9.8202 9.87957 0.570397  0.250165  
30.2652 36.7845 0.570397  0.250165  
27.2284 27.3903 0.570397  0.250165  
17.5695 18.3126 0.570397  0.250165  
22.6921 24.9887 0.570397  0.250165  
25.5086 23.5538 0.570397  0.250165  
18.1611 19.3492 0.570397  0.250165  
15.8236 15.516 0.570397  0.250165  
22.6231 17.2773 0.570397  0.250165  
17.4719 17.9081 0.570397  0.250165  
14.3697 18.2915 0.570397  0.250165  
22.9774 21.705 0.570397  0.250165  
20.3698 16.3049 0.570397  0.250165  
23.244 28.0134 0.570397  0.250165  
19.1081 20.6672 0.570397  0.250165  
19.1841 20.7168 0.570397  0.250165  
18.4656 16.5331 0.570397  0.250165  
14.1774 14.9567 0.570397  0.250165  
27.0703 17.1439 0.570397  0.250165  
16.2015 17.3391 0.570397  0.250165  
24.2865 32.8141 0.570397  0.250165  
20.998 24.9807 0.570397  0.250165  
18.3598 13.3783 0.570397  0.250165  
33.5247 28.4622 0.570397  0.250165  
17.0893 11.3015 0.570397  0.250165  
33.2924 27.0425 0.570397  0.250165  
16.314 14.6426 0.570397  0.250165  
23.257 24.1643 0.570397  0.781086  
27.588 27.0684 0.453087  0.822006  
20.802 18.4341 0.453087  0.822006  
32.9368 28.6487 0.453087  0.822006  
14.0053 11.5473 0.453087  0.822006  
14.7119 20.0324 0.453087  0.822006  
19.4214 18.526 0.453087  0.822006  
29.114 19.6342 0.453087  0.822006  
28.0063 14.36 0.453087  0.822006  
24.4566 34.5591 0.453087  0.822006  
21.4846 34.0497 0.453087  0.822006  
43.3468 32.799 0.453087  0.822006  
22.9768 21.9131 0.453087  0.822006  
27.1455 20.1036 0.453087  0.822006  
37.1233 15.8272 0.453087  0.822006  
20.7315 16.3901 0.453087  0.822006  
37.9969 23.5873 0.453087  0.822006  
19.2629 18.9538 0.453087  0.822006  
0.570653 0.244724 0.652318  0.244531  
0.452083 0.822001 0.451286  0.822001  
0.570371 0.245349 0.570469  0.245097  
0.451286 0.822001 0.570254  0.246318  
0.570254 0.817089 0.570254  0.247355  
0.570254 0.246149 0.570254  0.248645  
1.66105 1.09521 0.570254  0.250062  
0.570469 0.244989 0.570254  0.250062  
0.579228 0.244521 0.570254  0.250062  
0.652318 1.28386 0.570254  0.250062  
1.48279 0.244531 0.570254  0.250062  
1.30847 0.244531 0.570254  0.250062  
0.570257 0.252885 0.570254  0.250062  
0.570341 0.247666 0.570254  0.250062  
0.570257 0.253223 0.570254  0.250062  
13.3374 12.1507 0.570254  0.250062  
0.570341 0.248057 0.570254  0.250062  
1.30591 1.07449 0.570254  0.250062  
0.570294 0.259049 0.570254  0.267925  
1.69247 0.244531 0.570254  0.267925  
0.654464 1.68752 0.570254  0.267925  
0.570371 0.246903 0.570254  0.267925  
0.570299 0.256583 0.570254  0.267925  
1.50058 0.622816 0.570254  0.267925  
0.570281 0.269534 0.570254  0.279833  
3.02471 1.48444 0.570254  0.280952  
0.570469 0.245108 0.570254  0.280952  
1.85123 0.244531 0.570254  0.280952  
0.654464 0.264467 0.570254  0.280952  
0.570382 0.245932 0.570254  0.280952  
0.654464 0.568225 0.570254  0.280952  
0.674771 1.10607 0.570254  0.280952  
28.5879 32.7965 0.570254  0.280952  
16.5063 32.5093 0.570254  0.280952  
21.2976 16.5961 0.570254  0.280952  
25.5464 11.8672 0.570254  0.280952  
16.2346 27.3408 0.570254  0.280952  
25.5845 16.3019 0.570254  0.280952  
16.8037 17.6116 0.570254  0.280952  
35.8357 24.123 0.570254  0.280952  
19.9246 17.6169 0.570254  0.280952  
16.5691 14.63 0.570254  0.280952  
37.615 19.9667 0.570254  0.280952  
13.2806 16.933 0.570254  0.280952  
21.7694 22.5205 0.570254  0.280952  
17.1331 20.4476 0.570254  0.280952  
17.8907 14.8772 0.570254  0.280952  
33.9063 29.7626 0.570254  0.280952  
22.0349 19.1095 0.570254  0.280952  
18.5203 14.3929 0.570254  0.280952  
19.483 18.1474 0.570254  0.360169  
20.1793 14.9207 0.570254  0.360169  
22.0906 11.8679 0.570254  0.360169  
31.7091 31.9755 0.570254  0.360169  
12.1086 12.6586 0.570254  0.360169  
9.8202 9.87957 0.570254  0.360169  
30.2652 36.7845 0.570254  0.360169  
27.2284 27.3903 0.570254  0.360169  
17.5695 18.3126 0.570254  0.360169  
22.6921 24.9887 0.570254  0.360169  
25.5086 23.5538 0.570254  0.360169  
18.1611 19.3492 0.570254  0.424076  
15.8236 15.516 0.570254  0.424076  
22.6231 17.2773 0.570254  0.424076  
17.4719 17.9081 0.570254  0.424076  
14.3697 18.2915 0.570254  0.424076  
22.9774 21.705 0.570254  0.424076  
20.3698 16.3049 0.570254  0.424076  
23.244 28.0134 0.570254  0.424076  
19.1081 20.6672 0.570254  0.424076  
19.1841 20.7168 0.570254  0.424076  
18.4656 16.5331 0.570254  0.424076  
14.1774 14.9567 0.570254  0.424076  
27.0703 17.1439 0.570254  0.424076  
16.2015 17.3391 0.570254  0.424076  
24.2865 32.8141 0.570254  0.424076  
20.998 24.9807 0.570254  0.424076  
18.3598 13.3783 0.570254  0.623871  
33.5247 28.4622 0.570254  0.623871  
17.0893 11.3015 0.570254  0.623871  
33.2924 27.0425 0.570254  0.623871  
16.314 14.6426 0.570254  0.623871  
23.257 24.1643 0.570254  0.623871  
27.588 27.0684 0.453487  0.822001  
20.802 18.4341 0.453487  0.822001  
32.9368 28.6487 0.453487  0.822001  
14.0053 11.5473 0.453487  0.822001  
14.7119 20.0324 0.453487  0.822001  
19.4214 18.526 0.453487  0.822001  
29.114 19.6342 0.453487  0.822001  
28.0063 14.36 0.453487  0.822001  
24.4566 34.5591 0.453487  0.822001  
21.4846 34.0497 0.453487  0.822001  
43.3468 32.799 0.453487  0.822001  
22.9768 21.9131 0.453487  0.822001  
27.1455 20.1036 0.453487  0.822001  
37.1233 15.8272 0.453487  0.822001  
20.7315 16.3901 0.453487  0.822001  
37.9969 23.5873 0.453487  0.822001  
19.2629 18.9538 0.453487  0.822001  
0.570653 0.244724 0.647412  0.244531  
0.570249 0.245216 0.451286  0.822  
0.570234 0.245452 0.570469  0.245118  
0.570234 0.246269 0.570234  0.246269  
0.451286 0.822 0.570234  0.246834  
1.47588 0.832281 0.570234  0.248896  
0.570469 0.244978 0.570234  0.249752  
2.81284 0.244531 0.570234  0.249752  
0.579228 0.244521 0.570234  0.249752  
10.6391 9.74614 0.570234  0.249752  
0.827491 0.244531 0.570234  0.254827  
1.53465 0.247583 0.570234  0.254827  
2.29233 1.80272 0.570234  0.254827  
0.570341 0.247666 0.570234  0.254827  
0.570257 0.253223 0.570234  0.254827  
13.3374 12.1507 0.570234  0.254827  
0.570341 0.248057 0.570234  0.254827  
1.30591 1.07449 0.570234  0.254827  
0.570294 0.259049 0.570234  0.254827  
1.69247 0.244531 0.570234  0.254827  
0.654464 1.68752 0.570234  0.254827  
0.570371 0.246903 0.570234  0.254827  
0.570299 0.256583 0.570234  0.254827  
1.50058 0.622816 0.570234  0.254827  
0.570281 0.269534 0.570234  0.254827  
3.02471 1.48444 0.570234  0.254827  
0.570469 0.245108 0.570234  0.254827  
1.85123 0.244531 0.570234  0.254827  
0.654464 0.264467 0.570234  0.254827  
0.570382 0.245932 0.570234  0.254827  
0.654464 0.568225 0.570234  0.254827  
0.674771 1.10607 0.570234  0.254827  
28.5879 32.7965 0.570234  0.254827  
16.5063 32.5093 0.570234  0.254827  
21.2976 16.5961 0.570234  0.254827  
25.5464 11.8672 0.570234  0.254827  
16.2346 27.3408 0.570234  0.254827  
25.5845 16.3019 0.570234  0.254827  
16.8037 17.6116 0.570234  0.254827  
35.8357 24.123 0.570234  0.254827  
19.9246 17.6169 0.570234  0.254827  
16.5691 14.63 0.570234  0.254827  
37.615 19.9667 0.570234  0.254827  
13.2806 16.933 0.570234  0.254827  
21.7694 22.5205 0.570234  0.254827  
17.1331 20.4476 0.570234  0.254827  
17.8907 14.8772 0.570234  0.254827  
33.9063 29.7626 0.570234  0.254827  
22.0349 19.1095 0.570234  0.254827  
18.5203 14.3929 0.570234  0.254827  
19.483 18.1474 0.570234  0.254827  
20.1793 14.9207 0.570234  0.254827  
22.0906 11.8679 0.570234  0.254827  
31.7091 31.9755 0.570234  0.254827  
12.1086 12.6586 0.570234  0.254827  
9.8202 9.87957 0.570234  0.254827  
30.2652 36.7845 0.570234  0.254827  
27.2284 27.3903 0.570234  0.254827  
17.5695 18.3126 0.570234  0.254827  
22.6921 24.9887 0.570234  0.254827  
25.5086 23.5538 0.570234  0.254827  
18.1611 19.3492 0.570234  0.254827  
15.8236 15.516 0.570234  0.254827  
22.6231 17.2773 0.570234  0.254827  
17.4719 17.9081 0.570234  0.254827  
14.3697 18.2915 0.570234  0.254827  
22.9774 21.705 0.570234  0.254827  
20.3698 16.3049 0.570234  0.254827  
23.244 28.0134 0.570234  0.254827  
19.1081 20.6672 0.570234  0.254827  
19.1841 20.7168 0.570234  0.254827  
18.4656 16.5331 0.570234  0.254827  
14.1774 14.9567 0.570234  0.254827  
27.0703 17.1439 0.570234  0.254827  
16.2015 17.3391 0.570234  0.254827  
24.2865 32.8141 0.570234  0.254827  
20.998 24.9807 0.570234  0.254827  
18.3598 13.3783 0.570234  0.254827  
33.5247 28.4622 0.570234  0.254827  
17.0893 11.3015 0.570234  0.254827  
33.2924 27.0425 0.570234  0.254827  
16.314 14.6426 0.570234  0.254827  
23.257 24.1643 0.570234  0.782248  
27.588 27.0684 0.451286  0.822  
20.802 18.4341 0.451286  0.822  
32.9368 28.6487 0.451286  0.822  
14.0053 11.5473 0.451286  0.822  
14.7119 20.0324 0.451286  0.822  
19.4214 18.526 0.451286  0.822  
29.114 19.6342 0.451286  0.822  
28.0063 14.36 0.451286  0.822  
24.4566 34.5591 0.451286  0.822  
21.4846 34.0497 0.451286  0.822  
43.3468 32.799 0.451286  0.822  
22.9768 21.9131 0.451286  0.822  
27.1455 20.1036 0.451286  0.822  
37.1233 15.8272 0.451286  0.822  
20.7315 16.3901 0.451286  0.822  
37.9969 23.5873 0.451286  0.822  
19.2629 18.9538 0.451286  0.822  
0.570653 0.244724 0.649567  0.244531  
0.570249 0.245216 0.451296  0.821998  
0.570205 0.245436 0.570469  0.245012  
0.452221 0.821993 0.570175  0.246312  
0.570183 0.245628 0.570173  0.24749  
0.570177 0.245851 0.570173  0.248031  
0.570176 0.246124 0.570173  0.248031  
0.570173 0.247388 0.570173  0.248031  
0.579228 0.244521 0.570173  0.252661  
0.570175 0.246312 0.570173  0.253901  
0.451296 0.821998 0.570173  0.253901  
0.570469 0.244967 0.570173  0.253901  
1.72512 1.08141 0.570173  0.253901  
2.68058 1.09149 0.570173  0.253901  
1.49524 1.66349 0.570173  0.253901  
1.74375 1.93537 0.570173  0.253901  
2.68695 1.08783 0.570173  0.253901  
1.30591 1.07449 0.570173  0.253901  
0.570294 0.259049 0.570173  0.253901  
1.69247 0.244531 0.570173  0.253901  
0.654464 1.68752 0.570173  0.253901  
0.570371 0.246903 0.570173  0.253901  
0.570299 0.256583 0.570173  0.253901  
1.50058 0.622816 0.570173  0.253901  
0.570281 0.269534 0.570173  0.253901  
3.02471 1.48444 0.570173  0.253901  
0.570469 0.245108 0.570173  0.253901  
1.85123 0.244531 0.570173  0.253901  
0.654464 0.264467 0.570173  0.253901  
0.570382 0.245932 0.570173  0.253901  
0.654464 0.568225 0.570173  0.253901  
0.674771 1.10607 0.570173  0.253901  
28.5879 32.7965 0.570173  0.253901  
16.5063 32.5093 0.570173  0.253901  
21.2976 16.5961 0.570173  0.253901  
25.5464 11.8672 0.570173  0.253901  
16.2346 27.3408 0.570173  0.253901  
25.5845 16.3019 0.570173  0.253901  
16.8037 17.6116 0.570173  0.253901  
35.8357 24.123 0.570173  0.253901  
19.9246 17.6169 0.570173  0.253901  
16.5691 14.63 0.570173  0.253901  
37.615 19.9667 0.570173  0.253901  
13.2806 16.933 0.570173  0.253901  
21.7694 22.5205 0.570173  0.253901  
17.1331 20.4476 0.570173  0.253901  
17.8907 14.8772 0.570173  0.253901  
33.9063 29.7626 0.570173  0.253901  
22.0349 19.1095 0.570173  0.253901  
18.5203 14.3929 0.570173  0.253901  
19.483 18.1474 0.570173  0.253901  
20.1793 14.9207 0.570173  0.253901  
22.0906 11.8679 0.570173  0.253901  
31.7091 31.9755 0.570173  0.253901  
12.1086 12.6586 0.570173  0.253901  
9.8202 9.87957 0.570173  0.253901  
30.2652 36.7845 0.570173  0.253901  
27.2284 27.3903 0.570173  0.253901  
17.5695 18.3126 0.570173  0.253901  
22.6921 24.9887 0.570173  0.253901  
25.5086 23.5538 0.570173  0.253901  
18.1611 19.3492 0.570173  0.253901  
15.8236 15.516 0.570173  0.253901  
22.6231 17.2773 0.570173  0.253901  
17.4719 17.9081 0.570173  0.253901  
14.3697 18.2915 0.570173  0.253901  
22.9774 21.705 0.570173  0.253901  
20.3698 16.3049 0.570173  0.253901  
23.244 28.0134 0.570173  0.253901  
19.1081 20.6672 0.570173  0.253901  
19.1841 20.7168 0.570173  0.253901  
18.4656 16.5331 0.570173  0.253901  
14.1774 14.9567 0.570173  0.253901  
27.0703 17.1439 0.570173  0.253901  
16.2015 17.3391 0.570173  0.253901  
24.2865 32.8141 0.570173  0.253901  
20.998 24.9807 0.570173  0.253901  
18.3598 13.3783 0.570173  0.253901  
33.5247 28.4622 0.570173  0.253901  
17.0893 11.3015 0.570173  0.253901  
33.2924 27.0425 0.570173  0.253901  
16.314 14.6426 0.570173  0.253901  
23.257 24.1643 0.570173  0.782503  
27.588 27.0684 0.45329  0.821993  
20.802 18.4341 0.45329  0.821993  
32.9368 28.6487 0.45329  0.821993  
14.0053 11.5473 0.45329  0.821993  
14.7119 20.0324 0.45329  0.821993  
19.4214 18.526 0.45329  0.821993  
29.114 19.6342 0.45329  0.821993  
28.0063 14.36 0.45329  0.821993  
24.4566 34.5591 0.45329  0.821993  
21.4846 34.0497 0.45329  0.821993  
43.3468 32.799 0.45329  0.821993  
22.9768 21.9131 0.45329  0.821993  
27.1455 20.1036 0.45329  0.821993  
37.1233 15.8272 0.45329  0.821993  
20.7315 16.3901 0.45329  0.821993  
37.9969 23.5873 0.45329  0.821993  
19.2629 18.9538 0.45329  0.821993  
0.570653 0.244724 0.64884  0.244531  
0.570249 0.245216 0.451282  0.600087  
0.451351 0.575121 0.570469  0.245087  
0.570138 0.245388 0.570138  0.246114  
0.64884 2.16572 0.570138  0.246114  
0.570138 0.245388 0.570138  0.246114  
0.570469 0.244868 0.570138  0.246114  
2.86873 0.244531 0.570138  0.246114  
0.579228 0.244521 0.570138  0.246114  
2.40363 0.244531 0.570138  0.246114  
13.1772 12.1051 0.570138  0.246114  
0.570469 0.244967 0.570138  0.246114  
0.451282 0.608745 0.570138  0.246114  
0.64884 2.03518 0.570138  0.246114  
0.570161 0.247453 0.570138  0.246114  
9.83803 14.8632 0.570138  0.246114  
1.4943 1.08676 0.570138  0.246114  
1.30591 1.07449 0.570138  0.246114  
0.570294 0.259049 0.570138  0.246114  
1.69247 0.244531 0.570138  0.246114  
0.654464 1.68752 0.570138  0.246114  
0.570371 0.246903 0.570138  0.246114  
0.570299 0.256583 0.570138  0.246114  
1.50058 0.622816 0.570138  0.246114  
0.570281 0.269534 0.570138  0.246114  
3.02471 1.48444 0.570138  0.246114  
0.570469 0.245108 0.570138  0.246114  
1.85123 0.244531 0.570138  0.246114  
0.654464 0.264467 0.570138  0.246114  
0.570382 0.245932 0.570138  0.246114  
0.654464 0.568225 0.570138  0.246114  
0.674771 1.10607 0.570138  0.246114  
28.5879 32.7965 0.570138  0.246114  
16.5063 32.5093 0.570138  0.246114  
21.2976 16.5961 0.570138  0.246114  
25.5464 11.8672 0.570138  0.246114  
16.2346 27.3408 0.570138  0.246114  
25.5845 16.3019 0.570138  0.246114  
16.8037 17.6116 0.570138  0.246114  
35.8357 24.123 0.570138  0.246114  
19.9246 17.6169 0.570138  0.246114  
16.5691 14.63 0.570138  0.246114  
37.615 19.9667 0.570138  0.246114  
13.2806 16.933 0.570138  0.246114  
21.7694 22.5205 0.570138  0.246114  
17.1331 20.4476 0.570138  0.246114  
17.8907 14.8772 0.570138  0.246114  
33.9063 29.7626 0.570138  0.246114  
22.0349 19.1095 0.570138  0.246114  
18.5203 14.3929 0.570138  0.246114  
19.483 18.1474 0.570138  0.246114  
20.1793 14.9207 0.570138  0.246114  
22.0906 11.8679 0.570138  0.246114  
31.7091 31.9755 0.570138  0.246114  
12.1086 12.6586 0.570138  0.246114  
9.8202 9.87957 0.570138  0.246114  
30.2652 36.7845 0.570138  0.246114  
27.2284 27.3903 0.570138  0.246114  
17.5695 18.3126 0.570138  0.246114  
22.6921 24.9887 0.570138  0.246114  
25.5086 23.5538 0.570138  0.246114  
18.1611 19.3492 0.570138  0.246114  
15.8236 15.516 0.570138  0.246114  
22.6231 17.2773 0.570138  0.246114  
17.4719 17.9081 0.570138  0.246114  
14.3697 18.2915 0.570138  0.246114  
22.9774 21.705 0.570138  0.246114  
20.3698 16.3049 0.570138  0.246114  
23.244 28.0134 0.570138  0.246114  
19.1081 20.6672 0.570138  0.246114  
19.1841 20.7168 0.570138  0.246114  
18.4656 16.5331 0.570138  0.246114  
14.1774 14.9567 0.570138  0.246114  
27.0703 17.1439 0.570138  0.246114  
16.2015 17.3391 0.451983  0.575121  
24.2865 32.8141 0.451983  0.575121  
20.998 24.9807 0.451983  0.575121  
18.3598 13.3783 0.451983  0.575121  
33.5247 28.4622 0.451983  0.575121  
17.0893 11.3015 0.451983  0.575121  
33.2924 27.0425 0.451983  0.575121  
16.314 14.6426 0.451983  0.575121  
23.257 24.1643 0.451983  0.575121  
27.588 27.0684 0.451983  0.575121  
20.802 18.4341 0.451983  0.575121  
32.9368 28.6487 0.451983  0.575121  
14.0053 11.5473 0.451983  0.575121  
14.7119 20.0324 0.451983  0.575121  
19.4214 18.526 0.451983  0.575121  
29.114 19.6342 0.451983  0.575121  
28.0063 14.36 0.451983  0.575121  
24.4566 34.5591 0.451983  0.575121  
21.4846 34.0497 0.451983  0.575121  
43.3468 32.799 0.451983  0.575121  
22.9768 21.9131 0.451983  0.575121  
27.1455 20.1036 0.451983  0.575121  
37.1233 15.8272 0.451983  0.575121  
20.7315 16.3901 0.451983  0.575121  
37.9969 23.5873 0.451983  0.575121  
19.2629 18.9538 0.451983  0.575121  
