7.39436 5.1898 7.39436  5.1898  
5.89764 6.01346 5.89764  6.01346  
5.80352 6.15473 5.80352  6.15473  
7.15083 6.30948 7.15083  6.30948  
6.48622 5.81897 6.48622  5.81897  
5.77465 5.85017 5.77465  5.85017  
5.69729 6.59195 5.69729  6.59195  
6.89292 4.80254 6.89292  4.80254  
7.28256 5.59535 7.28256  5.59535  
7.6843 7.08424 7.6843  7.08424  
5.97863 6.11443 5.97863  6.11443  
5.46818 5.69235 5.46818  5.69235  
5.56484 6.45898 5.56484  6.45898  
7.33146 6.25932 7.33146  6.25932  
6.67183 6.34261 6.67183  6.34261  
6.26666 5.98184 6.26666  5.98184  
5.98367 4.81761 5.98367  4.81761  
6.32605 6.1546 6.32605  6.1546  
5.84725 4.90212 5.84725  4.90212  
7.53975 7.21096 7.53975  7.21096  
6.19759 6.31777 6.19759  6.31777  
5.52299 5.33336 5.52299  5.33336  
7.3394 6.72225 7.3394  6.72225  
6.39154 5.90359 6.39154  5.90359  
6.72543 6.65726 6.72543  6.65726  
6.20518 5.81 6.20518  5.81  
5.61532 7.22708 5.61532  7.22708  
6.86753 5.02373 6.86753  5.02373  
7.37391 6.18662 7.37391  6.18662  
5.99447 4.62946 5.99447  4.62946  
5.94331 6.21278 5.94331  6.21278  
8.44375 5.62931 8.44375  5.62931  
6.70161 6.02737 6.70161  6.02737  
6.94309 6.00739 6.94309  6.00739  
6.01614 5.20959 6.01614  5.20959  
5.37657 4.55565 5.37657  4.55565  
5.88315 6.537 5.88315  6.537  
6.67286 5.71785 6.67286  5.71785  
6.50449 5.97215 6.50449  5.97215  
8.0746 6.49868 8.0746  6.49868  
8.16159 5.90117 8.16159  5.90117  
6.78144 6.12177 6.78144  6.12177  
7.87687 5.49928 7.87687  5.49928  
5.99603 7.22299 5.99603  7.22299  
6.95381 6.58003 6.95381  6.58003  
7.39104 4.95021 7.39104  4.95021  
6.23059 5.20632 6.23059  5.20632  
6.41764 6.15808 6.41764  6.15808  
7.35604 6.36129 7.35604  6.36129  
6.88806 5.37786 6.88806  5.37786  
5.47999 5.06022 5.47999  5.06022  
6.30199 7.29721 6.30199  7.29721  
4.67123 5.59402 4.67123  5.59402  
5.90938 4.42763 5.90938  4.42763  
5.84246 5.2519 5.84246  5.2519  
6.1962 5.80114 6.1962  5.80114  
7.01231 6.18337 7.01231  6.18337  
7.26396 5.27172 7.26396  5.27172  
5.82002 6.008 5.82002  6.008  
5.66843 5.40868 5.66843  5.40868  
7.15958 6.80892 7.15958  6.80892  
5.4791 6.01335 5.4791  6.01335  
6.47577 8.77863 6.47577  8.77863  
6.49603 5.86036 6.49603  5.86036  
5.64498 4.73985 5.64498  4.73985  
6.05232 5.47745 6.05232  5.47745  
6.43984 6.43067 6.43984  6.43067  
5.69522 6.57386 5.69522  6.57386  
6.47275 6.46902 6.47275  6.46902  
7.37247 6.07319 7.37247  6.07319  
5.85194 5.14392 5.85194  5.14392  
5.9132 5.77495 5.9132  5.77495  
6.15175 6.05596 6.15175  6.05596  
7.3241 5.07421 7.3241  5.07421  
5.90404 4.89288 5.90404  4.89288  
6.76286 5.09881 6.76286  5.09881  
4.61308 5.77631 4.61308  5.77631  
6.82795 5.74294 6.82795  5.74294  
7.27666 5.33017 7.27666  5.33017  
7.1337 5.50229 7.1337  5.50229  
5.49281 8.65724 5.49281  8.65724  
6.02795 6.78514 6.02795  6.78514  
7.75715 7.41103 7.75715  7.41103  
5.52002 5.82902 5.52002  5.82902  
6.51792 5.24171 6.51792  5.24171  
7.68083 5.63011 7.68083  5.63011  
6.7299 7.07557 6.7299  7.07557  
7.40544 6.71524 7.40544  6.71524  
5.78413 6.53307 5.78413  6.53307  
6.63503 6.14055 6.63503  6.14055  
6.42673 6.48873 6.42673  6.48873  
5.92928 5.75894 5.92928  5.75894  
5.83697 7.44623 5.83697  7.44623  
5.90917 6.42176 5.90917  6.42176  
6.93843 5.92993 6.93843  5.92993  
7.05652 4.58858 7.05652  4.58858  
6.68365 4.29119 6.68365  4.29119  
6.25984 6.58431 6.25984  6.58431  
6.40559 6.27805 6.40559  6.27805  
6.07669 7.18476 6.07669  7.18476  
2.88844 3.29929 4.87148  6.2157  
3.58171 2.80753 4.87071  5.64012  
3.35631 2.86208 5.74066  4.58892  
2.6294 3.72687 5.71768  5.13187  
3.31629 2.96118 6.36838  3.75495  
3.11896 3.02323 5.94607  4.83913  
2.8222 3.57214 7.66828  4.71855  
3.55479 2.81997 5.82185  4.70371  
3.08606 3.13575 6.97684  4.55534  
2.61382 3.7605 5.93815  4.41523  
2.6455 3.69256 7.69605  4.3994  
3.53184 2.85512 6.66017  4.23102  
2.85493 3.3867 6.30932  4.21112  
3.32031 2.9408 6.16451  4.15255  
3.86756 2.80325 6.29934  3.30563  
2.66997 3.66108 6.88411  3.48838  
3.09451 3.08935 6.23918  3.41573  
3.34158 2.87442 6.3676  4.0407  
2.8535 3.40445 6.28172  3.54917  
2.84284 3.46169 7.42185  3.87969  
2.59453 3.79711 7.17464  3.87299  
2.65675 3.6747 6.73878  3.80566  
2.84879 3.41867 6.01117  3.69499  
2.87336 3.32023 6.10211  3.72554  
2.82024 3.58567 6.01664  3.89819  
3.09324 3.09463 5.87252  3.80757  
3.09819 3.0717 5.78919  3.8394  
3.10947 3.03807 5.7332  3.87294  
2.86684 3.33949 5.7069  3.93652  
3.33982 2.87719 5.62045  4.0035  
2.98621 3.29697 5.76468  3.96923  
2.84516 3.43597 3.11354  3.02947  
3.26471 3.02288 5.5371  4.11158  
2.83427 3.50015 5.50631  4.20116  
2.81229 3.62438 5.62544  4.19109  
3.09912 3.06799 5.43  4.27704  
3.10812 3.04069 5.64593  4.45271  
2.59908 3.79017 5.37025  4.3467  
3.101 3.06331 5.21085  4.32637  
2.8264 3.54664 5.25368  4.37797  
3.35264 2.86297 5.12724  4.47423  
3.10632 3.04785 5.11026  4.50861  
3.06274 3.29581 5.02709  4.52598  
2.65247 3.68119 5.12247  4.67567  
3.10471 3.05153 5.40857  4.49828  
2.81475 3.61123 4.92625  4.67051  
3.07138 3.23029 4.88468  4.78146  
3.07939 3.17447 4.88352  4.75971  
3.07717 3.19141 5.08967  5.073  
2.59755 3.79419 4.72696  4.83496  
2.58687 3.8083 4.72994  4.96139  
2.60096 3.7851 4.68611  4.95058  
2.6348 3.71625 4.7078  5.05654  
3.54133 2.83768 4.8205  5.40017  
3.54317 2.83157 4.53308  5.02821  
2.86341 3.3491 4.51231  5.1319  
3.11104 3.03493 4.40931  5.10519  
2.86141 3.35874 4.39831  5.16163  
2.63864 3.70885 4.57153  5.5879  
2.85035 3.4105 4.32906  5.29719  
2.63588 3.7134 4.28564  5.3196  
3.56393 2.81032 4.24262  5.33802  
2.66076 3.66948 4.23371  5.45893  
2.61158 3.76824 4.66012  5.89136  
3.08797 3.12313 4.06265  5.4754  
2.64023 3.70127 4.06078  5.64888  
3.09644 3.07913 4.03859  5.60072  
2.64836 3.68858 3.98288  5.70021  
2.83142 3.51964 4.06708  5.82778  
3.34592 2.86468 4.27266  6.37448  
3.32612 2.91822 4.40624  6.7055  
3.08264 3.15124 4.20377  6.82246  
3.07853 3.18089 3.94945  6.24944  
3.5564 2.81587 4.15077  7.02587  
3.54839 2.82789 3.68193  5.89751  
2.81405 3.61748 3.61407  5.99433  
3.10298 3.05741 3.79096  6.49109  
3.11354 3.02889 4.43829  6.44072  
2.81053 3.63618 4.73458  6.60243  
3.31736 2.9586 4.91036  6.83579  
2.88046 3.30372 3.72921  7.40557  
2.59049 3.80365 4.92676  5.78934  
2.86573 3.34305 4.9437  6.68058  
3.08053 3.16864 3.28355  6.24252  
3.08905 3.11481 4.96037  5.12283  
2.60709 3.77932 4.97169  6.8427  
3.09156 3.10477 5.05702  5.33218  
3.07653 3.1969 5.11927  7.18472  
2.87951 3.30775 5.15988  6.22499  
3.07289 3.22008 5.18195  5.91319  
2.84789 3.42248 5.4047  6.40105  
2.80713 3.65521 5.4422  5.96104  
3.11546 3.0256 5.47083  5.2487  
3.06796 3.25531 5.49032  6.38297  
3.07385 3.214 5.5969  6.66879  
2.62438 3.74053 5.70596  5.21801  
2.62035 3.74823 4.42726  5.56952  
3.30579 3.02002 4.35523  6.71531  
3.07029 3.23555 4.21615  5.8046  
3.31222 2.98241 3.95147  5.84945  
2.61529 3.755 4.73139  3.76622  
3.57278 2.8042 3.41025  5.19141  
3.34843 2.86044 4.75087  3.59896  
2.62888 3.7239 5.89273  4.14029  
3.31629 2.96118 5.21933  3.81646  
2.87776 3.30671 5.41903  2.90701  
2.8221 3.56902 5.36482  2.93308  
2.81559 3.60667 5.47016  3.72176  
2.58949 3.79884 5.32958  2.99344  
2.67888 3.65687 5.30883  3.01882  
2.64377 3.69221 5.50526  3.07855  
3.53221 2.85013 5.23706  3.08728  
2.8548 3.3832 5.16595  3.10941  
3.32031 2.9408 6.15861  3.35401  
3.86756 2.80325 5.35799  3.35398  
2.66627 3.66082 4.91621  3.17258  
3.09379 3.08967 5.09903  3.2269  
3.3417 2.87093 5.0421  3.26364  
2.85286 3.39374 5.12544  3.26006  
2.84284 3.46169 4.97045  3.31998  
3.10657 3.04077 4.9656  3.3484  
2.65545 3.67226 5.01287  3.34832  
3.31012 2.99121 5.052  3.38767  
2.87184 3.31898 4.98931  3.4739  
2.82024 3.58567 4.86483  3.47446  
2.63459 3.71291 5.21177  3.50778  
3.09936 3.0637 4.86555  3.54891  
3.11024 3.03185 4.72745  3.55457  
2.86735 3.33415 4.5708  3.51494  
3.3365 2.88015 4.9982  3.74512  
2.89021 3.29442 3.11889  3.02127  
2.84547 3.43195 4.59811  3.66408  
3.09064 3.10403 4.58976  3.71099  
3.54091 2.83353 4.56187  3.73709  
2.812 3.62407 4.49117  4.01293  
3.54541 2.82725 4.36016  3.72724  
2.8094 3.63631 4.49791  3.83244  
2.5962 3.79133 4.43986  3.85605  
2.83651 3.48194 4.50027  3.91431  
2.82686 3.53979 4.42891  3.93596  
3.08475 3.13907 4.36402  3.95533  
3.32321 2.9277 4.20433  3.89559  
2.63085 3.71998 4.28555  4.04612  
2.65276 3.67646 4.26407  4.0323  
3.10495 3.0446 4.08742  3.94661  
2.81475 3.61123 4.24451  4.11057  
3.3341 2.88677 4.24206  4.20986  
2.83892 3.46967 4.11589  4.12729  
3.07769 3.1841 4.23343  4.45927  
3.33094 2.89423 4.09822  4.22635  
2.58687 3.8083 4.08892  4.25407  
2.60096 3.7851 4.0224  4.26542  
3.12349 3.02028 4.00812  4.32131  
3.53863 2.83999 3.9481  4.29536  
3.06599 3.26708 3.94888  4.34696  
2.86341 3.3491 3.82289  4.29093  
3.11889 3.02053 3.87343  4.40792  
3.35143 2.85692 3.76127  4.33759  
2.63808 3.70602 3.79907  4.46008  
2.85035 3.4105 3.78618  4.49306  
2.83309 3.50434 3.74005  4.52766  
3.56355 2.80832 3.71849  4.55148  
2.65963 3.66577 3.67557  4.56265  
3.1009 3.05846 3.6589  4.60533  
3.08577 3.13037 3.55406  4.51707  
2.64015 3.70059 3.551  4.7519  
3.09678 3.07548 3.50091  4.57006  
2.64888 3.68156 3.54041  4.74579  
2.83142 3.51964 3.44778  4.62445  
3.34592 2.86468 3.43112  4.67694  
3.32612 2.91822 3.39733  4.68802  
3.08264 3.15124 3.37204  4.71351  
2.85941 3.3637 3.38557  4.84889  
3.55573 2.81243 3.48225  5.23482  
3.54872 2.8241 3.31233  5.4368  
3.32843 2.90413 3.37199  5.15876  
3.10286 3.05089 3.2283  5.03979  
3.11324 3.02636 3.2255  4.94344  
3.33858 2.87748 3.22512  5.0521  
2.61178 3.7636 3.20213  5.32094  
2.8808 3.30135 3.17838  5.22145  
3.09533 3.0806 3.39136  5.5112  
2.86487 3.34363 3.29491  6.10445  
3.08009 3.16765 3.14771  5.59043  
3.08875 3.11641 3.05895  5.40355  
2.60942 3.76712 3.14145  6.0294  
2.88505 3.29577 2.95657  5.11309  
3.07606 3.19447 3.16499  6.72343  
2.87499 3.31352 3.20035  6.86481  
3.07273 3.21714 3.4448  5.85571  
2.84784 3.4177 3.51439  5.55757  
2.80785 3.64528 3.59972  5.51751  
2.60327 3.77835 3.63865  5.49278  
3.0675 3.25433 3.688  6.12147  
3.31795 2.94742 3.76216  5.07418  
2.62356 3.73521 3.78185  5.09332  
2.61772 3.74893 3.81247  6.19522  
3.30681 3.00853 3.84749  5.95651  
3.06956 3.239 3.86911  6.4376  
3.31222 2.98241 4.27705  4.73659  
3.70821 2.63568 4.5241  3.78409  
3.58681 2.80006 5.13016  3.79452  
3.34553 2.86114 5.22912  3.75767  
2.62888 3.7239 5.14248  3.69753  
3.31475 2.96352 5.12426  3.58155  
2.87776 3.30671 5.46037  3.22599  
2.77518 3.53651 6.07782  3.05497  
2.73435 3.59689 5.89258  3.03537  
2.58949 3.79884 6.36463  2.91943  
3.71049 2.63546 5.28865  2.90282  
2.64377 3.69221 4.58005  2.82423  
3.53221 2.85013 5.00045  2.84215  
2.8548 3.3832 4.78628  2.89748  
3.32031 2.9408 4.28248  2.86021  
3.31583 2.96024 5.05056  2.97523  
2.66689 3.65947 5.05175  3.03288  
3.09219 3.09501 4.25158  2.92  
3.34185 2.86911 4.48004  2.96218  
2.8519 3.39725 4.30615  2.9843  
2.8406 3.45674 4.30959  2.98887  
3.10779 3.03703 4.84691  3.11211  
2.65586 3.67039 4.94947  3.16811  
3.31007 2.98853 4.08383  3.03086  
2.87184 3.31898 4.00417  3.03366  
2.77236 3.54611 3.90739  3.02684  
3.56859 2.80288 5.12497  3.202  
3.09936 3.0637 4.64265  3.3028  
3.11038 3.03106 4.74949  3.39624  
2.86735 3.33415 5.07267  3.50525  
3.33789 2.87489 3.95469  3.15822  
2.89133 3.29177 4.59104  3.43303  
2.84547 3.43195 5.11062  3.56402  
3.09064 3.10403 4.25802  3.3916  
3.54091 2.83353 4.77522  3.64875  
3.67355 2.6784 4.61105  3.61391  
3.54541 2.82725 4.09926  3.41015  
3.11725 3.02284 3.93888  3.35061  
2.5962 3.79133 3.85101  3.35203  
2.83651 3.48194 4.39304  3.64513  
3.308 3.0038 3.88961  3.43149  
3.12437 3.019 3.7402  3.38116  
3.32321 2.9277 3.6951  3.38343  
2.63277 3.71549 3.83307  3.50673  
2.65276 3.67646 3.11725  3.02473  
3.10495 3.0446 4.19105  3.85192  
2.85648 3.37439 3.92801  3.89953  
3.3341 2.88677 3.55391  3.43996  
2.83892 3.46967 3.58853  3.50922  
3.07769 3.1841 3.62532  3.53156  
3.33094 2.89423 3.64888  3.62046  
2.58687 3.8083 3.54663  3.57662  
3.3531 2.85592 3.71537  3.81296  
2.6625 3.66241 3.68971  3.80649  
3.53676 2.8398 3.72756  3.89984  
3.06488 3.27356 3.54811  3.7496  
2.86164 3.35391 3.85512  4.15902  
3.07022 3.23451 3.82067  4.16681  
2.67874 3.65492 3.76415  4.20237  
2.63756 3.70559 3.37887  3.71273  
3.56203 2.80766 3.8313  4.17024  
2.83309 3.50434 3.33498  3.74722  
3.68512 2.65111 3.52328  4.11683  
3.679 2.65575 3.46502  4.03051  
3.35818 2.85452 3.64475  4.39745  
3.08577 3.13037 3.64706  4.60567  
2.64015 3.70059 3.60554  4.57087  
3.09674 3.07431 3.43032  4.47755  
2.64888 3.68156 3.35111  4.26118  
2.83142 3.51964 3.13429  3.7948  
3.10161 3.05536 3.12913  3.83941  
3.32612 2.91822 3.27229  4.23431  
3.08264 3.15124 3.37446  4.76773  
2.85941 3.3637 3.12381  4.01675  
3.55554 2.81168 3.07794  3.97049  
3.54983 2.81952 3.34142  4.77572  
3.32843 2.90413 3.12054  4.23675  
2.59895 3.78474 3.11738  4.44735  
3.11324 3.02636 3.08182  4.29647  
3.11891 3.01993 3.28449  5.14939  
2.61178 3.7636 3.15718  5.07718  
2.8808 3.30135 2.96132  4.1436  
3.09533 3.0806 3.12539  5.00861  
2.86487 3.34363 3.59322  5.07924  
3.08009 3.16765 3.60632  5.23938  
3.08875 3.11641 3.6744  4.74688  
2.60829 3.7711 2.97254  4.86219  
2.88474 3.29466 2.8904  4.5377  
3.07606 3.19447 2.92424  5.08728  
2.87499 3.31352 2.78324  4.18828  
3.07273 3.21714 2.90366  5.38251  
2.84784 3.4177 3.70271  4.96332  
2.77746 3.53632 3.73563  5.57528  
2.60327 3.77835 3.79454  5.38242  
3.0675 3.25433 3.85692  5.51187  
3.31795 2.94742 3.92571  4.56412  
2.62356 3.73521 4.01601  4.97148  
2.61815 3.74885 4.07439  4.90814  
3.30681 3.00853 4.17402  4.35196  
2.62094 3.7454 4.19571  3.84313  
3.31222 2.98241 4.48632  4.83831  
1.50703 2.57365 2.97015  1.91587  
1.48941 2.62115 1.69711  3.66516  
1.84819 2.15823 2.74541  1.47266  
2.07206 1.83072 4.57836  1.8127  
1.73309 2.24966 3.10649  1.75185  
1.73182 2.37886 3.75508  1.5314  
2.07761 1.80467 3.56501  1.74995  
1.85131 2.15763 4.02216  1.74459  
2.29667 1.63804 3.8682  1.72937  
2.29275 1.68917 3.95175  1.72276  
1.49074 2.61898 3.89778  1.7058  
2.0467 1.84798 3.70373  1.71989  
1.65232 2.51955 3.32943  1.71989  
1.82977 2.22989 2.97065  1.66765  
1.84342 2.16744 2.96533  1.66867  
1.98903 1.99132 3.13168  1.68455  
1.48802 2.72285 2.74292  1.67633  
1.99025 1.89024 2.83194  1.72281  
1.5666 2.5294 2.5338  1.67215  
1.50318 2.58401 3.06265  1.74009  
1.9781 2.0096 2.49129  1.70326  
2.07791 1.69698 2.65054  1.74002  
1.54671 2.57067 2.90338  1.82886  
1.99103 1.88558 2.29796  1.69698  
1.50915 2.57263 2.30766  1.71818  
1.47061 3.10548 2.9111  1.89524  
2.50159 1.52835 2.70922  1.89523  
2.78515 1.46799 2.65295  1.8851  
1.56789 2.52173 2.66808  1.88907  
2.28238 1.68982 2.07791  1.69698  
1.70247 2.44623 2.53952  1.90669  
2.74541 1.47266 2.31538  1.8248  
3.58893 1.92135 2.4007  1.90848  
2.9744 2.27829 2.36008  1.88874  
1.60663 2.65829 2.33179  1.91055  
1.84222 2.26895 2.2879  1.8897  
2.08598 1.98629 2.28727  1.91382  
1.61579 2.64558 2.29959  1.90415  
1.58059 2.71803 2.36537  1.98411  
2.51919 1.78896 2.26157  1.96565  
2.07343 1.99797 2.35029  2.04597  
1.58351 2.71326 2.35855  2.06522  
2.52977 1.77562 2.32622  2.08847  
2.54013 1.77148 2.08096  1.91594  
1.60284 2.67152 2.25912  2.15367  
1.61249 2.64849 2.26208  2.14798  
2.08059 1.98902 2.26414  2.14556  
2.30866 1.83425 2.21054  2.14621  
2.27861 1.938 2.08031  2.02294  
1.84367 2.18984 1.99152  1.94854  
2.51295 1.80655 2.19672  2.16623  
2.06183 2.0327 2.21088  2.22601  
2.05542 2.05661 2.30943  2.30769  
1.5939 2.6888 2.25172  2.34499  
2.30944 1.82849 2.44526  2.61541  
2.04473 2.12473 2.35016  2.58961  
2.66881 2.27093 2.08165  2.24029  
2.0603 2.04284 2.0849  2.27943  
1.61131 2.65119 2.14029  2.41493  
2.70492 1.76811 1.99232  2.22529  
2.53096 1.77371 2.21116  2.54905  
2.06011 2.04673 2.19679  2.60702  
2.32096 1.82223 1.89816  2.85304  
2.0701 2.00733 2.09532  2.8284  
2.08137 1.98672 2.09005  2.56812  
2.01434 2.15782 2.07741  2.59289  
2.05976 2.05016 1.99805  2.47621  
1.60098 2.67216 2.00914  2.5668  
2.30397 1.84226 2.09069  2.77116  
2.30058 1.84585 1.94316  2.51987  
1.61485 2.64801 1.97898  2.6305  
2.29096 1.87477 1.97633  2.83377  
2.31283 1.82543 1.90127  2.78635  
1.64515 2.61364 1.85427  2.55326  
2.06295 2.02993 1.84267  2.52886  
1.83632 2.2877 1.78385  2.44623  
2.06887 2.00991 1.85432  2.75562  
1.83902 2.28274 1.80066  2.59598  
1.78527 2.5367 1.78244  2.88696  
1.84469 2.26851 1.7322  2.48764  
2.52445 1.77666 1.73309  2.58133  
2.06891 2.00793 1.78798  2.86512  
2.0767 1.99302 1.75638  2.85322  
3.1231 1.99225 1.69198  2.57044  
3.1248 1.98739 1.78339  3.15056  
1.62387 2.63708 1.73314  3.07482  
3.49978 2.08302 1.74263  3.1676  
1.77642 2.60971 1.69198  3.06035  
3.34892 1.9496 1.63927  2.75515  
2.89183 2.28747 1.63642  2.83055  
2.61316 2.63868 1.63642  3.24215  
2.42204 2.72896 1.59209  2.7541  
4.65191 2.23856 1.59323  3.07771  
3.0675 3.25433 1.56678  3.16775  
3.31795 2.94742 1.52171  3.06001  
2.62356 3.73521 1.52204  2.8284  
2.61815 3.74885 1.50915  2.57263  
3.30681 3.00853 1.58815  4.5639  
2.6137 3.76019 1.62582  3.45598  
3.31222 2.98241 1.47917  3.57035  
0.811223 1.51189 1.80138  0.518625  
0.82721 1.4853 0.805526  1.51857  
1.32033 0.772347 1.78198  0.523483  
0.863322 1.40624 1.77092  0.532931  
0.817786 1.50241 1.76336  0.543197  
0.841552 1.45412 1.75753  0.553329  
1.07624 1.08726 1.75259  0.564173  
0.832798 1.47383 1.64056  0.57309  
0.814966 1.50699 1.57311  0.573122  
1.33031 0.746138 1.56288  0.580902  
1.56288 0.580901 1.55833  0.588789  
1.55833 0.588789 1.55402  0.598894  
0.847192 1.4413 1.55124  0.606762  
0.849354 1.4365 1.54806  0.617015  
1.04698 1.24678 1.5454  0.626668  
1.53231 0.68616 1.543  0.636009  
0.881783 1.37974 1.54067  0.645846  
0.853335 1.42703 1.53925  0.652074  
0.836876 1.46467 1.53638  0.665607  
1.54806 0.617015 1.53426  0.675958  
1.77609 0.52774 1.53207  0.687395  
1.77092 0.532931 1.53116  0.692251  
1.05895 1.17685 1.52801  0.709423  
1.05718 1.18676 1.52618  0.719898  
1.31505 0.793343 1.52476  0.728173  
0.856882 1.42051 1.40599  0.737564  
1.10013 1.01612 1.40599  0.737564  
1.06366 1.15093 1.40599  0.737564  
1.30752 0.830116 1.36103  0.737564  
1.09057 1.03547 1.36103  0.737564  
1.30084 0.869238 1.33954  0.737599  
1.52618 0.719897 1.33106  0.745039  
1.07426 1.09817 1.32676  0.754158  
1.0852 1.05192 1.32332  0.762697  
1.78198 0.523483 1.32033  0.772347  
0.82299 1.49356 1.3175  0.783  
0.867588 1.39854 1.3153  0.791968  
1.29067 0.937948 1.31224  0.806463  
1.7659 0.539382 1.31017  0.816489  
1.03978 1.2888 1.30792  0.830116  
1.53638 0.665607 1.30603  0.838599  
1.34022 0.737564 1.30386  0.850863  
1.06085 1.1666 1.30165  0.864616  
1.2942 0.913477 1.29956  0.878624  
1.08787 1.04369 1.29873  0.882713  
1.57431 0.573091 1.29494  0.909346  
1.06709 1.13304 1.29314  0.920471  
1.56747 0.575682 1.29067  0.937948  
0.859177 1.41445 1.28847  0.95505  
1.28518 0.978824 1.28634  0.971136  
1.80138 0.518625 1.28434  0.984493  
0.873187 1.39054 1.28216  1.001  
1.2869 0.966537 1.1262  1.01029  
1.08217 1.06291 1.1262  1.01029  
1.55124 0.606762 1.1262  1.01029  
1.0318 1.33705 1.1262  1.01029  
1.30386 0.850863 1.1262  1.01029  
1.75246 0.564173 1.1262  1.01029  
1.53426 0.675958 1.1262  1.01029  
1.7627 0.54435 1.1262  1.01029  
0.876605 1.38509 1.1262  1.01029  
1.03802 1.29914 1.10922  1.01029  
1.52971 0.70084 1.10922  1.01029  
1.03354 1.32429 1.10054  1.01612  
1.05167 1.2193 1.09416  1.02657  
1.54198 0.640304 1.08948  1.03893  
1.54581 0.625045 1.08378  1.057  
1.04471 1.25996 1.07996  1.07335  
1.07947 1.07362 1.07624  1.08726  
0.887578 1.3752 1.07207  1.10677  
1.04921 1.23387 1.06832  1.12561  
1.10325 1.01265 1.06416  1.15025  
1.02775 1.35498 1.06028  1.17208  
1.3122 0.806465 1.05591  1.19581  
1.32332 0.762697 1.05167  1.2193  
1.78956 0.520221 1.04776  1.24191  
1.05571 1.19581 1.04309  1.27347  
1.31774 0.782132 1.03805  1.29914  
1.06894 1.12224 1.03285  1.32809  
1.53925 0.652074 1.02775  1.35498  
1.31044 0.815001 0.897778  1.37345  
1.28288 0.995926 0.897778  1.37345  
1.04261 1.274 0.897778  1.37345  
1.75753 0.553329 0.897778  1.37345  
1.28886 0.951164 0.897778  1.37345  
1.5438 0.6328 0.897778  1.37345  
1.09416 1.02657 0.897778  1.37345  
1.07207 1.10677 0.897778  1.37345  
1.29873 0.882713 0.897778  1.37345  
0.805526 1.51857 0.897778  1.37345  
1.2924 0.927064 0.895337  1.37345  
0.895857 1.37345 0.886645  1.37573  
1.05361 1.20758 0.87705  1.38492  
1.03602 1.31071 0.867569  1.39854  
1.10922 1.01029 0.856882  1.42051  
1.30603 0.838599 0.849354  1.4365  
1.32625 0.754848 0.839463  1.45883  
1.55521 0.596079 0.83046  1.47842  
1.29553 0.904099 0.820584  1.49821  
1.33451 0.740509 0.81035  1.51359  
0.265416 1.3742 1.2404  0.40338  
0.271461 1.36197 0.24593  1.40324  
0.470607 1.22706 1.22232  0.408246  
0.304374 1.28972 1.21094  0.418154  
0.510264 1.00256 1.20383  0.427891  
0.770332 0.631615 1.19822  0.437616  
0.733556 0.805506 1.19293  0.448408  
0.515039 0.979506 1.08142  0.457793  
0.532283 0.916831 1.01363  0.457822  
0.257753 1.38775 1.00313  0.465868  
1.20109 0.432411 0.998233  0.474659  
0.78056 0.62227 0.994582  0.483363  
0.29365 1.31199 0.991323  0.492642  
0.488668 1.12394 0.98859  0.501521  
0.998233 0.474659 0.985873  0.511284  
0.760351 0.658637 0.983488  0.520634  
0.988369 0.502266 0.981083  0.530754  
1.21025 0.418973 0.978811  0.540941  
1.21814 0.411126 0.97668  0.551025  
0.506282 1.02321 0.974559  0.561549  
0.498554 1.06608 0.972609  0.571625  
0.251791 1.39645 0.970478  0.583045  
0.981083 0.530754 0.968455  0.594276  
0.466909 1.24626 0.96647  0.605631  
0.280903 1.34106 0.964775  0.615567  
0.277075 1.34973 0.78056  0.62227  
0.490375 1.11386 0.78056  0.62227  
0.313457 1.27441 0.78056  0.62227  
0.755531 0.677717 0.78056  0.62227  
1.01428 0.457793 0.78056  0.62227  
0.24593 1.40324 0.779947  0.622303  
0.284584 1.33262 0.771481  0.62963  
0.261475 1.38148 0.767105  0.638453  
0.508594 1.01108 0.763402  0.648546  
1.0076 0.460644 0.760434  0.658343  
0.290079 1.32002 0.757623  0.668974  
0.478638 1.1826 0.755042  0.679863  
0.300897 1.29657 0.752929  0.689537  
0.763402 0.648546 0.750334  0.702334  
0.476581 1.19429 0.748184  0.713671  
0.549192 0.895 0.745847  0.726691  
0.735199 0.794119 0.743719  0.739155  
1.22422 0.407205 0.741608  0.752055  
0.750341 0.702303 0.739628  0.764607  
0.767141 0.638363 0.737339  0.779622  
0.745847 0.726691 0.735228  0.793915  
0.503335 1.03919 0.733331  0.807083  
0.317127 1.26948 0.731032  0.823414  
0.743882 0.738178 0.728875  0.839051  
0.982846 0.523263 0.726794  0.854393  
0.978811 0.54094 0.724523  0.871368  
0.96647 0.605631 0.722159  0.88923  
0.724523 0.871367 0.549192  0.895  
0.526525 0.933679 0.549192  0.895  
0.994784 0.482826 0.549192  0.895  
0.473684 1.21043 0.549192  0.895  
0.737339 0.779622 0.549192  0.895  
1.2404 0.40338 0.549192  0.895  
0.52219 0.949195 0.549192  0.895  
0.537995 0.904682 0.549192  0.895  
0.494441 1.08992 0.549192  0.895  
1.22939 0.405109 0.549192  0.895  
0.972609 0.57162 0.549192  0.895  
0.308019 1.2831 0.540901  0.900346  
0.774985 0.625037 0.534573  0.91142  
0.991323 0.492642 0.529291  0.925026  
0.748184 0.713671 0.524708  0.939899  
0.320833 1.26534 0.520339  0.956504  
0.534573 0.911416 0.516401  0.973316  
0.484274 1.14987 0.512239  0.992778  
1.19293 0.448408 0.508257  1.01282  
0.500781 1.05341 0.504391  1.0334  
0.976726 0.550824 0.500385  1.05565  
0.757538 0.669317 0.496292  1.07913  
0.741435 0.753143 0.492128  1.1035  
0.524708 0.939899 0.487787  1.12915  
0.726794 0.854393 0.48325  1.15588  
1.19661 0.440743 0.478638  1.1826  
0.543752 0.897321 0.473284  1.21262  
0.752929 0.689536 0.467739  1.24203  
0.496416 1.07841 0.335068  1.25814  
0.97435 0.562608 0.335068  1.25814  
0.492128 1.1035 0.335068  1.25814  
0.335068 1.25814 0.335068  1.25814  
0.73888 0.769459 0.335068  1.25814  
0.486926 1.13425 0.335068  1.25814  
0.731032 0.823413 0.335068  1.25814  
0.481637 1.16529 0.335068  1.25814  
0.32655 1.26073 0.335068  1.25814  
0.517966 0.966439 0.335068  1.25814  
0.728895 0.838907 0.335068  1.25814  
1.20583 0.424857 0.327042  1.26043  
0.529291 0.925026 0.317497  1.26902  
0.520339 0.956504 0.308172  1.28283  
0.968265 0.595346 0.299134  1.30017  
1.00313 0.465853 0.289901  1.32043  
0.970277 0.584149 0.280485  1.34202  
0.512239 0.992778 0.270813  1.36333  
0.297291 1.30406 0.260664  1.3829  
0.985693 0.51197 0.250941  1.39755  
0.11508 1.06784 1.05451  0.174653  
0.577371 0.420518 0.0601467  1.17449  
0.135035 1.0366 1.03646  0.179551  
0.287736 0.982493 1.02504  0.189534  
0.0719957 1.15895 1.01787  0.199405  
0.8025 0.273767 1.01198  0.209713  
0.315884 0.819599 1.00693  0.220097  
0.335532 0.723794 0.828454  0.229063  
0.107885 1.08318 0.82769  0.2291  
0.104293 1.09125 0.8172  0.237304  
0.338966 0.710956 0.812398  0.246006  
1.0352 0.180338 0.808668  0.254919  
0.538823 0.641868 0.805507  0.26395  
0.59473 0.39354 0.802664  0.2732  
0.799935 0.283062 0.800047  0.28264  
0.120384 1.05762 0.797603  0.292234  
0.0969272 1.10815 0.795241  0.302193  
0.0837042 1.13732 0.792994  0.312276  
0.129484 1.04312 0.790847  0.322441  
0.332906 0.734536 0.788823  0.332476  
0.792994 0.312276 0.78671  0.343399  
0.805288 0.264626 0.784638  0.354519  
0.281258 1.01676 0.782636  0.365639  
1.01198 0.209713 0.780645  0.37703  
0.0932023 1.11665 0.778725  0.3883  
0.589081 0.39641 0.59473  0.39354  
0.547345 0.579641 0.59473  0.39354  
0.797564 0.292399 0.59473  0.39354  
0.564538 0.473573 0.59473  0.39354  
0.0798028 1.14511 0.59473  0.39354  
0.306963 0.871026 0.594149  0.393572  
0.540843 0.626767 0.585725  0.400826  
0.285699 0.993555 0.581183  0.410006  
0.33052 0.74494 0.577642  0.419692  
0.559734 0.49974 0.574604  0.429709  
1.0069 0.220174 0.571808  0.440293  
0.148253 1.02944 0.569237  0.451136  
0.569237 0.451136 0.566804  0.462343  
0.828454 0.229063 0.564467  0.473934  
0.553475 0.538146 0.562235  0.48573  
0.0659578 1.16776 0.560049  0.497935  
0.0758767 1.15239 0.55789  0.510589  
0.358079 0.668484 0.555736  0.523754  
0.100574 1.09976 0.553654  0.536985  
1.01529 0.20369 0.551544  0.550847  
1.03006 0.184322 0.549453  0.564994  
0.34544 0.690808 0.547345  0.579641  
0.543155 0.609715 0.545197  0.594911  
0.304372 0.886308 0.543036  0.61059  
0.81189 0.247103 0.540843  0.626767  
0.320508 0.794326 0.538613  0.643443  
1.01875 0.198035 0.536359  0.660482  
0.780645 0.37703 0.363467  0.66627  
0.581183 0.410006 0.363467  0.66627  
0.32298 0.781374 0.363467  0.66627  
0.124049 1.05127 0.363467  0.66627  
0.795241 0.302193 0.363467  0.66627  
0.297647 0.925978 0.363467  0.66627  
0.786439 0.344825 0.363467  0.66627  
0.551471 0.551328 0.363467  0.66627  
0.289886 0.970572 0.363467  0.66627  
0.545246 0.594564 0.363467  0.66627  
0.111229 1.07588 0.363467  0.66627  
0.571808 0.440293 0.355083  0.671632  
0.308816 0.860154 0.348722  0.682769  
0.585317 0.401498 0.34352  0.696206  
0.574604 0.429709 0.338863  0.711321  
0.555624 0.524457 0.334551  0.727715  
0.557674 0.511877 0.330463  0.7452  
0.312777 0.837203 0.326454  0.763966  
0.283532 1.00504 0.322474  0.783987  
0.294797 0.942583 0.318545  0.804901  
0.537057 0.655194 0.314599  0.826831  
0.821796 0.231914 0.310505  0.850305  
0.348665 0.682896 0.306349  0.874637  
0.363467 0.66627 0.302008  0.900285  
1.05451 0.174653 0.297398  0.927435  
1.04314 0.176521 0.292668  0.954833  
0.328259 0.755325 0.287534  0.983597  
0.808369 0.255715 0.28194  1.01329  
0.561967 0.487192 0.149154  1.02941  
0.0894728 1.12499 0.149154  1.02941  
0.351975 0.676327 0.149154  1.02941  
0.816485 0.238399 0.149154  1.02941  
0.141406 1.03161 0.149154  1.02941  
0.31055 0.850046 0.149154  1.02941  
0.300198 0.910971 0.149154  1.02941  
0.302008 0.900285 0.149154  1.02941  
0.318218 0.806686 0.149154  1.02941  
0.782636 0.365639 0.149154  1.02941  
0.325917 0.766589 0.149154  1.02941  
0.78443 0.35566 0.141406  1.03161  
1.02449 0.190183 0.131815  1.04015  
0.549453 0.564994 0.12252  1.05384  
0.790918 0.322101 0.113397  1.0713  
0.0601467 1.17449 0.104137  1.09161  
0.341624 0.702017 0.0947772  1.11307  
0.788823 0.332473 0.0850835  1.13445  
0.566856 0.462104 0.0752906  1.15342  
0.292668 0.954832 0.0649951  1.169  
0.142673 0.904302 1.05486  0.0479887  
0.791336 0.193432 0.0601672  1.04782  
0.816435 0.11183 1.03645  0.0529165  
0.0950686 0.985758 1.02534  0.0625443  
0.566863 0.335416 1.01778  0.0729081  
0.081838 1.01446 1.01201  0.0830211  
0.538905 0.514599 1.00699  0.0933264  
0.0601672 1.04782 0.828459  0.102414  
0.0714662 1.03315 0.828218  0.102428  
0.0893312 0.998657 0.817585  0.110096  
0.812801 0.118505 0.812405  0.119334  
0.353073 0.54786 0.808838  0.127832  
0.577729 0.292774 0.805667  0.136812  
0.10786 0.956587 0.802782  0.146147  
0.558124 0.382536 0.800146  0.155617  
0.299414 0.788954 0.797594  0.165634  
0.308465 0.735561 0.795439  0.174685  
0.291099 0.837101 0.793046  0.185392  
1.02025 0.0691554 0.790866  0.195698  
0.320432 0.66808 0.788868  0.205603  
0.0759403 1.02563 0.786677  0.21693  
0.122214 0.927724 0.785463  0.223398  
0.785633 0.222481 0.782653  0.238896  
0.0855767 1.00676 0.780653  0.250333  
0.341279 0.576477 0.779035  0.259813  
1.01524 0.0771264 0.594732  0.266891  
1.02447 0.0635661 0.594732  0.266891  
0.104246 0.964711 0.594732  0.266891  
0.783657 0.233275 0.594732  0.266891  
0.315874 0.69301 0.594732  0.266891  
1.05486 0.0479887 0.59385  0.266964  
0.594732 0.266891 0.585861  0.27396  
0.100525 0.973228 0.581362  0.282929  
0.574626 0.302984 0.577729  0.292776  
0.803545 0.143575 0.574626  0.302984  
0.797594 0.165634 0.571971  0.312994  
0.116789 0.93779 0.56936  0.323958  
0.809871 0.125187 0.566863  0.335416  
0.33805 0.58759 0.564489  0.347195  
0.113187 0.945091 0.562384  0.358271  
0.293769 0.821865 0.560429  0.369117  
0.780653 0.250333 0.557994  0.383325  
0.801057 0.152244 0.555854  0.396377  
1.04315 0.0498749 0.553669  0.410239  
0.807072 0.132663 0.55155  0.424156  
1.03011 0.0576299 0.549568  0.437559  
0.127595 0.91912 0.547402  0.452593  
0.136835 0.908257 0.545209  0.468187  
0.312687 0.711069 0.543229  0.482528  
0.788868 0.205603 0.540798  0.500449  
0.56936 0.323958 0.539009  0.513822  
0.314395 0.701336 0.536268  0.534527  
0.32207 0.659442 0.363511  0.539622  
0.560429 0.369117 0.363511  0.539622  
0.324378 0.647604 0.363511  0.539622  
0.295663 0.810909 0.363511  0.539622  
0.555613 0.397873 0.363511  0.539622  
0.828459 0.102414 0.363511  0.539622  
0.335561 0.597029 0.363511  0.539622  
0.317796 0.682358 0.363511  0.539622  
0.581631 0.282292 0.363511  0.539622  
0.288867 0.849601 0.363511  0.539622  
0.562384 0.358271 0.363511  0.539622  
0.585861 0.273959 0.355085  0.544981  
0.795439 0.174685 0.348841  0.555859  
1.03515 0.0537174 0.343688  0.569071  
0.822017 0.105076 0.338782  0.584959  
0.0658195 1.04129 0.334593  0.600904  
0.304449 0.759203 0.330443  0.61864  
0.571971 0.312994 0.326722  0.636017  
0.549733 0.436432 0.32252  0.657103  
0.543229 0.482528 0.318588  0.678023  
1.01076 0.0854413 0.314592  0.700219  
0.333063 0.60722 0.310608  0.723062  
0.537098 0.528233 0.306363  0.747914  
0.14925 0.902761 0.302013  0.773612  
0.297512 0.800121 0.297473  0.800349  
0.326722 0.636015 0.292933  0.826675  
0.357896 0.541988 0.287522  0.857015  
0.564489 0.34718 0.282078  0.885933  
0.306363 0.747923 0.14925  0.902761  
0.284262 0.874559 0.14925  0.902761  
0.310608 0.723059 0.14925  0.902761  
0.547402 0.452593 0.14925  0.902761  
0.589663 0.269201 0.14925  0.902761  
0.133121 0.911979 0.14925  0.902761  
0.281449 0.889141 0.14925  0.902761  
0.363511 0.539622 0.14925  0.902761  
0.343688 0.569063 0.14925  0.902761  
0.28593 0.86566 0.14925  0.902761  
0.793046 0.185392 0.14925  0.902761  
0.302013 0.773609 0.141365  0.90498  
0.553504 0.411315 0.13181  0.913507  
0.540548 0.502308 0.122214  0.927724  
0.350263 0.552877 0.113187  0.945091  
0.346332 0.561825 0.1042  0.964815  
0.545209 0.468181 0.094526  0.986995  
0.55155 0.424156 0.0843058  1.00943  
1.00699 0.0933264 0.0749644  1.02734  
0.330443 0.618634 0.0649727  1.04238  
0.327944 0.630163 1.05457  0.0480045  
0.545244 0.467927 0.0601672  1.04782  
0.808338 0.129153 1.03645  0.0529162  
0.799927 0.156455 1.02503  0.0629057  
0.289868 0.844022 1.01774  0.0729701  
0.355986 0.543909 1.01201  0.0830281  
0.797512 0.165964 1.00694  0.0934429  
0.555595 0.397991 0.828459  0.102414  
1.02013 0.0693314 0.827779  0.102447  
0.547335 0.453067 0.817217  0.110638  
0.574569 0.30319 0.812396  0.11936  
1.01521 0.0771737 0.808679  0.128245  
0.107892 0.956515 0.805524  0.137252  
0.786417 0.218304 0.802642  0.146628  
0.537035 0.52871 0.800023  0.15609  
0.585155 0.275126 0.797569  0.165723  
0.0759442 1.02562 0.795241  0.175554  
0.29381 0.821662 0.793001  0.185596  
0.811896 0.120441 0.790866  0.195703  
0.564479 0.347225 0.788753  0.206183  
0.120434 0.930883 0.786673  0.216948  
0.0987908 0.977215 0.784648  0.227822  
0.553526 0.411167 0.782627  0.23904  
1.02503 0.0629057 0.780652  0.250341  
0.802506 0.147103 0.778666  0.26201  
0.780513 0.251147 0.594753  0.266891  
0.0950858 0.985718 0.594753  0.266891  
0.104277 0.96464 0.594753  0.266891  
0.13503 0.909954 0.594753  0.266891  
0.557227 0.387936 0.594753  0.266891  
0.337199 0.590736 0.594157  0.266923  
0.0601672 1.04782 0.585681  0.274248  
0.29964 0.787615 0.581182  0.283363  
0.0913469 0.99419 0.577646  0.293028  
0.129491 0.916464 0.574569  0.30319  
0.348736 0.556095 0.57181  0.313643  
0.0875428 1.00256 0.569237  0.324495  
0.140733 0.905351 0.566815  0.335651  
0.549406 0.438672 0.564479  0.347231  
0.363451 0.539622 0.562236  0.359075  
0.295671 0.810868 0.560035  0.371369  
0.816404 0.111879 0.557883  0.383982  
0.0720223 1.03226 0.555767  0.396915  
1.04315 0.0498749 0.553643  0.41041  
0.0837164 1.01065 0.551544  0.4242  
0.332162 0.611068 0.549436  0.438475  
0.343516 0.56957 0.547335  0.453079  
0.307078 0.743703 0.545199  0.468262  
0.78844 0.207781 0.543033  0.483961  
0.562421 0.358076 0.540847  0.5001  
0.577646 0.293028 0.538626  0.516701  
0.324454 0.647219 0.536343  0.533961  
0.588842 0.270008 0.363451  0.539622  
0.31966 0.672218 0.363451  0.539622  
0.782488 0.239823 0.363451  0.539622  
1.03018 0.0575688 0.363451  0.539622  
0.784475 0.228762 0.363451  0.539622  
0.0798594 1.01835 0.363451  0.539622  
0.805304 0.137929 0.363451  0.539622  
0.2878 0.855489 0.363451  0.539622  
0.124042 0.924632 0.363451  0.539622  
0.539276 0.511821 0.363451  0.539622  
0.334557 0.601044 0.363451  0.539622  
0.330434 0.618672 0.355085  0.544982  
1.00689 0.0935524 0.348736  0.556095  
0.540986 0.499082 0.343516  0.56957  
0.111481 0.948696 0.338858  0.584687  
0.291861 0.832779 0.334557  0.601051  
0.282273 0.88494 0.330434  0.618672  
0.312744 0.710753 0.326433  0.637416  
0.340757 0.578186 0.322493  0.657253  
0.795241 0.175554 0.31856  0.678176  
0.543149 0.483115 0.314575  0.700315  
0.345484 0.56404 0.310512  0.723618  
0.828459 0.102414 0.306341  0.748047  
0.304459 0.759148 0.302007  0.773645  
0.790905 0.195513 0.297455  0.800455  
0.566853 0.335458 0.292651  0.828291  
0.551464 0.424729 0.287514  0.857065  
0.315085 0.697438 0.281923  0.886722  
0.317413 0.684456 0.149175  0.902761  
0.284614 0.872697 0.149175  0.902761  
0.559676 0.373444 0.149175  0.902761  
1.01183 0.0833587 0.149175  0.902761  
0.82183 0.105244 0.149175  0.902761  
0.57181 0.313643 0.149175  0.902761  
0.58168 0.282174 0.149175  0.902761  
0.352122 0.549424 0.149175  0.902761  
0.0660071 1.04105 0.149175  0.902761  
0.302007 0.773645 0.149175  0.902761  
0.569237 0.324491 0.149175  0.902761  
0.297546 0.799928 0.141453  0.90493  
0.793045 0.185393 0.13181  0.913511  
0.116859 0.937649 0.122537  0.927169  
0.310512 0.723618 0.113362  0.944726  
0.594753 0.266891 0.104202  0.96481  
0.321556 0.66213 0.0948288  0.986305  
1.05457 0.0480045 0.085174  1.00761  
1.03508 0.0537698 0.07522  1.0269  
0.149175 0.902761 0.0651548  1.04215  
0.087564 1.00251 1.05441  0.0480073  
0.538623 0.51672 0.0601672  1.04782  
0.808316 0.129211 1.03645  0.0529127  
0.0601672 1.04782 1.02503  0.0628951  
0.322743 0.655946 1.01774  0.0729678  
0.0987935 0.977209 1.01198  0.0830628  
0.0759598 1.02559 1.00694  0.0934417  
0.561937 0.360706 0.828459  0.102414  
0.0950917 0.985712 0.82775  0.102446  
0.5556 0.397957 0.817217  0.110631  
0.356366 0.543468 0.812396  0.119356  
0.342575 0.572392 0.808679  0.128242  
0.780514 0.251139 0.805487  0.137361  
0.786422 0.21827 0.802642  0.146627  
0.547335 0.453063 0.800023  0.156082  
0.324408 0.64745 0.797567  0.165732  
0.329041 0.625033 0.795241  0.175546  
0.782486 0.239841 0.793001  0.185595  
0.811896 0.120441 0.790836  0.195847  
0.129474 0.916488 0.788737  0.206262  
0.795228 0.1756 0.786673  0.216943  
0.577338 0.293972 0.784639  0.227866  
0.553526 0.411167 0.782627  0.23904  
0.102457 0.968793 0.78064  0.250409  
0.788436 0.207795 0.778666  0.262003  
0.312641 0.71134 0.594753  0.266891  
0.79751 0.165972 0.594753  0.266891  
0.541017 0.498844 0.594753  0.266891  
0.135032 0.909951 0.594753  0.266891  
0.590187 0.268752 0.594753  0.266891  
0.82182 0.105243 0.594157  0.266923  
0.340116 0.580329 0.585677  0.274253  
0.828459 0.102414 0.581182  0.283361  
0.0913565 0.994161 0.577646  0.293027  
0.805237 0.138135 0.574568  0.303191  
0.316644 0.688717 0.571806  0.313657  
1.02446 0.0635828 0.56923  0.324522  
0.581638 0.282276 0.56681  0.335668  
0.549406 0.438672 0.564478  0.347231  
0.314575 0.700315 0.562232  0.359096  
0.304361 0.75972 0.560028  0.371405  
0.301998 0.773693 0.557876  0.384019  
0.0720223 1.03226 0.555751  0.397012  
1.04315 0.0498749 0.553643  0.410407  
0.0837308 1.01062 0.551538  0.424243  
0.106089 0.960543 0.549434  0.438483  
1.02012 0.0693495 0.547327  0.453117  
0.118637 0.934217 0.545186  0.468344  
0.579437 0.28786 0.543033  0.483961  
0.284648 0.872516 0.540847  0.500092  
0.297563 0.799822 0.538623  0.516721  
0.294797 0.815933 0.536343  0.533963  
0.345446 0.564143 0.363451  0.539622  
0.594753 0.266891 0.363451  0.539622  
0.352248 0.549209 0.363451  0.539622  
0.334554 0.601053 0.363451  0.539622  
0.793037 0.185429 0.363451  0.539622  
0.140645 0.905406 0.363451  0.539622  
0.543129 0.483259 0.363451  0.539622  
0.79991 0.156509 0.363451  0.539622  
0.124042 0.924632 0.363451  0.539622  
0.281923 0.886722 0.363451  0.539622  
0.816396 0.11189 0.363451  0.539622  
0.33703 0.59137 0.355085  0.544981  
1.00689 0.0935524 0.348733  0.556098  
0.585677 0.274253 0.343506  0.569595  
0.306338 0.748056 0.338859  0.584684  
0.363451 0.539622 0.334554  0.601054  
0.551469 0.424701 0.330434  0.618672  
0.559711 0.373232 0.326433  0.637416  
0.289878 0.843965 0.322493  0.657244  
0.569237 0.324492 0.318547  0.67824  
1.01181 0.0833992 0.314575  0.700315  
0.292844 0.827175 0.310512  0.723618  
0.113256 0.944948 0.306338  0.748056  
0.348538 0.556532 0.301998  0.773693  
0.784465 0.22882 0.297455  0.800453  
0.566853 0.335458 0.292651  0.828282  
0.300247 0.784038 0.287514  0.857062  
0.574537 0.303302 0.281923  0.886722  
0.802469 0.147222 0.149175  0.902761  
0.564478 0.347228 0.149175  0.902761  
0.0660519 1.04099 0.149175  0.902761  
0.109699 0.95254 0.149175  0.902761  
1.05441 0.0480073 0.149175  0.902761  
0.545256 0.46784 0.149175  0.902761  
0.790508 0.197444 0.149175  0.902761  
0.326718 0.636031 0.149175  0.902761  
0.320264 0.668982 0.149175  0.902761  
0.287812 0.855427 0.149175  0.902761  
0.0798723 1.01833 0.149175  0.902761  
0.332079 0.611428 0.141466  0.904923  
1.03005 0.0576862 0.13181  0.913508  
1.01634 0.0752554 0.122536  0.927166  
0.557615 0.385584 0.113381  0.944687  
0.571755 0.313861 0.104202  0.96481  
0.310152 0.725711 0.0948288  0.986305  
0.149175 0.902761 0.085174  1.00761  
1.03508 0.0537698 0.0752226  1.02689  
0.308516 0.73526 0.0651548  1.04215  
