7.45002 6.14012 7.45002  6.14012  
5.68052 6.71536 5.68052  6.71536  
6.66132 4.48511 6.66132  4.48511  
8.17133 5.63944 8.17133  5.63944  
6.963 5.81862 6.963  5.81862  
7.12154 3.72873 7.12154  3.72873  
6.3764 6.56613 6.3764  6.56613  
6.46838 4.76717 6.46838  4.76717  
6.64448 5.02943 6.64448  5.02943  
7.19615 4.34674 7.19615  4.34674  
6.66569 5.48167 6.66569  5.48167  
7.42027 5.24264 7.42027  5.24264  
7.83223 5.0552 7.83223  5.0552  
6.04551 5.68254 6.04551  5.68254  
6.69418 5.93407 6.69418  5.93407  
5.86479 3.80091 5.86479  3.80091  
6.80302 6.14362 6.80302  6.14362  
6.63923 7.02128 6.63923  7.02128  
6.95719 5.60333 6.95719  5.60333  
7.38121 5.30417 7.38121  5.30417  
4.92199 5.20683 4.92199  5.20683  
7.3992 5.32475 7.3992  5.32475  
7.31866 5.23191 7.31866  5.23191  
6.80895 5.48982 6.80895  5.48982  
7.20708 5.46855 7.20708  5.46855  
6.27597 5.46109 6.27597  5.46109  
7.19262 4.43894 7.19262  4.43894  
7.42938 4.69825 7.42938  4.69825  
6.55784 5.44276 6.55784  5.44276  
7.98959 6.57334 7.98959  6.57334  
6.42811 5.79282 6.42811  5.79282  
5.17104 6.57282 5.17104  6.57282  
5.58732 4.88374 5.58732  4.88374  
6.08361 4.38882 6.08361  4.38882  
6.20585 5.27633 6.20585  5.27633  
6.78224 5.52261 6.78224  5.52261  
5.60803 3.96585 5.60803  3.96585  
7.35924 5.61884 7.35924  5.61884  
7.14192 4.73847 7.14192  4.73847  
9.13611 4.12649 9.13611  4.12649  
8.37111 6.19048 8.37111  6.19048  
6.58403 4.94667 6.58403  4.94667  
6.85117 5.29683 6.85117  5.29683  
6.61231 4.76892 6.61231  4.76892  
6.53804 5.08678 6.53804  5.08678  
7.0669 5.92272 7.0669  5.92272  
7.94989 7.02407 7.94989  7.02407  
6.98525 5.86791 6.98525  5.86791  
9.01438 4.78498 9.01438  4.78498  
7.02382 5.80188 7.02382  5.80188  
7.45582 4.47757 7.45582  4.47757  
7.02387 4.72051 7.02387  4.72051  
6.73247 6.38393 6.73247  6.38393  
5.48178 4.31695 5.48178  4.31695  
6.29295 5.57701 6.29295  5.57701  
7.70452 5.05021 7.70452  5.05021  
8.12368 5.90037 8.12368  5.90037  
7.00428 4.87921 7.00428  4.87921  
5.07417 3.94837 5.07417  3.94837  
6.61872 5.26257 6.61872  5.26257  
7.09281 5.04911 7.09281  5.04911  
6.25681 4.86702 6.25681  4.86702  
5.9085 5.70792 5.9085  5.70792  
6.83586 6.04933 6.83586  6.04933  
6.78509 4.2923 6.78509  4.2923  
6.29443 4.83342 6.29443  4.83342  
7.17432 4.92876 7.17432  4.92876  
6.78134 5.5647 6.78134  5.5647  
7.77924 5.29537 7.77924  5.29537  
8.24412 4.64321 8.24412  4.64321  
7.78869 4.86909 7.78869  4.86909  
7.27736 5.65345 7.27736  5.65345  
9.25762 5.46152 9.25762  5.46152  
6.29401 6.66347 6.29401  6.66347  
7.26 5.3507 7.26  5.3507  
6.84046 6.08586 6.84046  6.08586  
7.09245 5.95278 7.09245  5.95278  
6.60605 3.96539 6.60605  3.96539  
6.14026 4.83626 6.14026  4.83626  
6.47576 6.4833 6.47576  6.4833  
7.25171 5.05216 7.25171  5.05216  
8.2899 5.66647 8.2899  5.66647  
6.27091 4.34136 6.27091  4.34136  
6.01583 5.4384 6.01583  5.4384  
6.68293 4.57828 6.68293  4.57828  
8.35339 5.27677 8.35339  5.27677  
6.20451 6.35165 6.20451  6.35165  
6.91688 5.38883 6.91688  5.38883  
6.98244 5.79066 6.98244  5.79066  
6.3176 5.20691 6.3176  5.20691  
7.06611 4.75137 7.06611  4.75137  
8.09784 6.8736 8.09784  6.8736  
5.86411 4.85755 5.86411  4.85755  
5.83817 5.61994 5.83817  5.61994  
7.05267 7.04246 7.05267  7.04246  
6.49276 4.9391 6.49276  4.9391  
6.76716 5.32584 6.76716  5.32584  
6.86668 5.5366 6.86668  5.5366  
6.60541 4.88613 6.60541  4.88613  
7.11117 4.67268 7.11117  4.67268  
3.56038 2.24887 6.05404  4.29995  
3.53922 2.25605 5.25507  4.8047  
3.62742 2.20619 5.32027  4.79087  
3.05858 2.5535 6.09431  4.60465  
3.63724 2.20455 5.7946  4.02942  
3.64154 2.20107 7.77644  3.29593  
3.05759 2.73753 6.86615  3.53288  
2.64586 3.37877 6.89798  3.87143  
2.64747 3.37789 6.74101  4.68167  
2.65944 3.19615 8.11185  4.44697  
3.61521 2.21471 6.81672  4.42814  
3.65237 2.19764 6.1315  4.16055  
2.65625 3.19858 7.08053  4.15712  
2.92203 2.94818 7.22682  4.15552  
3.08323 2.5535 6.47435  4.10026  
3.57725 2.23773 8.39731  4.08791  
2.66158 3.19548 7.65763  4.08  
6.90349 4.29995 7.60192  3.97664  
3.59722 2.2276 6.09708  3.90926  
3.58105 2.23632 8.6361  3.8625  
3.65603 2.19574 7.40034  3.42389  
3.64969 2.19876 7.22292  3.41429  
3.60338 2.22455 6.18188  3.11159  
6.24989 4.21418 6.61392  3.27455  
3.57798 2.41244 5.8027  3.11702  
3.5031 2.45356 6.45707  3.3912  
3.59368 2.40508 6.53983  3.45222  
3.53574 2.43652 6.767  3.76142  
3.58194 2.41047 6.11946  3.47971  
3.53152 2.4381 6.17882  3.56027  
3.62094 2.39095 6.5468  3.73843  
3.63128 2.3857 6.28782  3.76962  
3.03491 2.90137 5.31712  3.387  
3.53598 2.4347 5.38119  3.47016  
3.61148 2.3957 5.92215  3.90283  
3.63948 2.38117 5.79523  3.85477  
7.08729 3.83774 5.74491  3.84743  
6.3747 4.52315 5.54133  3.81139  
3.23658 2.95521 5.8097  4.09259  
3.69868 2.64568 5.88497  4.0877  
3.73388 2.62827 5.96884  4.28344  
3.75224 2.61886 5.835  4.34686  
3.74846 2.6203 5.63419  4.28316  
3.17843 2.97223 5.44928  4.40281  
3.62516 2.7936 5.43993  4.33671  
3.2234 2.9638 4.93064  4.01035  
3.75407 2.61739 5.35599  4.46779  
3.17842 3.15926 3.06662  2.55698  
2.76664 3.61166 5.7307  4.86508  
3.6549 2.67119 5.17255  4.55782  
3.71327 2.63875 5.16154  4.66211  
3.71142 2.63961 5.1701  4.67392  
3.68104 2.65496 4.67291  4.4008  
3.22182 2.96642 4.59334  4.36891  
3.23428 2.9586 4.69462  4.44449  
3.67629 2.65773 4.70499  4.52688  
3.72898 2.63051 4.85647  4.93713  
3.67279 2.65929 4.47938  4.58465  
3.64481 2.67555 4.71831  5.06793  
7.31173 4.33878 4.65038  5.01215  
3.21268 2.969 4.81237  5.31251  
7.52134 5.27848 4.86276  5.14504  
3.3615 3.05318 4.56259  5.29168  
3.34963 3.06573 4.85434  5.84898  
3.30964 3.09168 4.97074  6.28732  
3.35326 3.06323 4.97756  6.56747  
3.35854 3.05597 4.90004  6.56177  
3.33644 3.07058 4.27927  5.45529  
3.72666 2.84351 5.03812  5.62642  
3.32393 3.0912 5.09587  5.91179  
3.28574 3.1054 5.21118  5.34926  
3.29694 3.09766 5.28425  6.03568  
5.66549 4.86467 5.33063  5.54338  
3.63872 2.89222 5.43218  5.84545  
3.29835 3.09651 5.43487  6.07129  
3.26682 3.14684 5.48821  5.18226  
7.77249 3.94613 5.53954  5.50911  
3.28591 3.10538 5.56919  6.20813  
3.74412 2.82993 5.77603  6.66898  
3.2863 3.10506 5.85725  5.73309  
7.06172 6.19745 5.88786  6.14847  
8.2899 5.66647 5.95283  6.03627  
6.27091 4.34136 6.07278  4.16888  
6.01583 5.4384 6.23808  4.23324  
6.68293 4.57828 6.72802  5.10616  
8.35339 5.27677 6.90022  5.47874  
6.20451 6.35165 7.19322  4.60975  
6.91688 5.38883 7.29482  5.81958  
6.98244 5.79066 6.42366  5.087  
6.3176 5.20691 5.20008  3.94189  
7.06611 4.75137 5.71233  6.04165  
8.09784 6.8736 5.28973  5.51183  
5.86411 4.85755 5.07777  5.08551  
5.83817 5.61994 4.86602  4.98503  
7.05267 7.04246 5.70462  5.03347  
6.49276 4.9391 4.83282  6.66144  
6.76716 5.32584 5.25419  7.08379  
6.86668 5.5366 4.71943  5.61391  
6.60541 4.88613 6.50818  3.52644  
7.11117 4.67268 4.43835  5.52101  
3.27249 2.08022 4.59893  3.64691  
3.30114 2.06469 4.43805  5.18033  
2.72538 2.41885 6.53202  3.2777  
3.28393 2.07416 5.65189  2.85451  
2.72142 2.41887 5.45919  4.00165  
2.31248 3.06052 5.53444  3.96736  
2.30714 3.06216 6.06048  3.95759  
2.71829 2.42101 5.48435  3.94255  
3.18559 2.12558 4.75811  3.91127  
3.22167 2.11223 5.49908  3.86311  
3.25223 2.09 6.22118  3.7411  
2.74655 2.41863 6.67827  3.72436  
3.22974 2.10196 5.13339  3.66936  
2.80355 2.41825 4.95154  3.60904  
3.26864 2.0816 5.92016  3.49019  
3.23905 2.0966 5.5336  3.37852  
2.71827 2.42362 6.55928  3.08709  
3.26398 2.08429 6.13808  2.9201  
3.29381 2.07072 6.33483  2.89818  
2.3066 3.06259 5.99135  2.87273  
2.71844 2.41931 6.10991  2.8881  
3.30436 2.06385 5.73291  2.91817  
3.29505 2.06852 5.69056  2.92316  
3.16075 2.26994 6.11534  2.91481  
3.23312 2.10026 4.80173  2.80603  
3.18518 2.12611 5.59489  3.09228  
3.22384 2.10452 4.96015  2.94677  
6.53202 3.2777 5.27152  3.05604  
3.26677 2.12989 4.85978  3.001  
3.31609 2.09951 4.82362  3.05808  
5.29841 2.91963 5.27422  3.28557  
3.34641 2.08356 5.33094  3.1226  
3.3316 2.09108 5.43644  3.45492  
3.23271 2.14272 4.925  3.2802  
3.26575 2.13118 4.47821  3.14524  
5.53326 3.49474 5.19671  3.52557  
2.78627 2.54361 4.89125  3.46633  
3.29158 2.22597 4.96848  3.54104  
3.28263 2.23069 4.51816  3.3517  
6.19111 3.47388 4.16651  3.21392  
2.63376 3.18531 4.78512  3.62726  
3.58039 2.20815 4.59688  3.62267  
3.56448 2.21624 4.74787  3.70482  
3.47069 2.26671 4.67107  3.78444  
7.03575 4.34784 4.49319  3.87719  
3.33826 2.34949 4.32559  3.68897  
5.38353 4.82503 4.32801  3.768  
6.69458 3.55964 2.71836  2.42046  
3.0475 2.5436 4.44228  3.9981  
3.16831 2.5436 4.52691  3.99727  
5.89641 3.77926 4.27664  3.98561  
3.71142 2.63961 4.02925  3.81825  
3.68104 2.65496 4.32498  4.23819  
3.22182 2.96642 4.02676  4.02599  
3.23428 2.9586 3.8244  3.8419  
3.67629 2.65773 4.41783  4.58053  
3.72898 2.63051 4.19022  4.53289  
3.67279 2.65929 4.04168  4.33201  
3.64481 2.67555 3.98638  4.35716  
7.31173 4.33878 4.03453  4.51805  
3.21268 2.969 4.00604  4.53331  
7.52134 5.27848 3.93852  4.57654  
3.3615 3.05318 3.83769  4.52078  
3.34963 3.06573 3.81971  4.63169  
3.30964 3.09168 3.9776  4.82983  
3.35326 3.06323 4.0023  5.1201  
3.35854 3.05597 3.99376  5.28221  
3.33644 3.07058 3.99832  5.40245  
3.72666 2.84351 3.99241  5.60292  
3.32393 3.0912 4.00515  5.72118  
3.28574 3.1054 4.0303  5.02465  
3.29694 3.09766 4.07604  5.47179  
5.66549 4.86467 4.19208  5.09652  
3.63872 2.89222 4.23594  5.76377  
3.29835 3.09651 4.24878  5.1684  
3.26682 3.14684 4.28094  5.07546  
7.77249 3.94613 4.29905  5.32501  
3.28591 3.10538 4.40811  4.92699  
3.74412 2.82993 4.40832  4.99174  
3.2863 3.10506 4.41308  5.13069  
7.06172 6.19745 4.4399  6.0283  
8.2899 5.66647 4.46094  5.15227  
6.27091 4.34136 4.46296  4.46049  
6.01583 5.4384 4.5045  4.83939  
6.68293 4.57828 4.52632  5.62765  
8.35339 5.27677 4.59645  4.93282  
6.20451 6.35165 4.62886  4.7597  
6.91688 5.38883 4.63411  5.36877  
6.98244 5.79066 4.69867  4.58928  
6.3176 5.20691 4.70401  5.27318  
7.06611 4.75137 4.71589  5.2258  
8.09784 6.8736 4.76211  5.71006  
5.86411 4.85755 4.79336  4.39672  
5.83817 5.61994 4.85084  5.15089  
7.05267 7.04246 4.96455  4.23359  
6.49276 4.9391 4.96503  4.50561  
6.76716 5.32584 5.43403  4.33485  
6.86668 5.5366 4.09469  4.87934  
6.60541 4.88613 4.18423  5.09238  
7.11117 4.67268 4.21433  4.34796  
2.34088 1.15766 2.46605  0.981226  
1.87327 1.35453 3.04776  4.9865  
1.47617 5.47376 3.27398  0.985405  
1.87846 1.3404 3.43899  0.986911  
1.65375 2.22197 3.46776  0.995944  
1.50783 3.67784 4.36015  1.08105  
1.50548 3.72184 3.39308  1.06914  
2.46605 0.981226 4.40587  1.07582  
1.63573 3.12787 5.3793  1.22612  
1.87042 1.63559 4.17232  1.20479  
2.45426 0.995275 4.44224  1.21683  
2.46613 0.981226 4.18003  1.25808  
1.63195 3.382 4.27916  1.27854  
1.62892 3.56964 4.08832  1.31061  
1.87245 1.35493 4.10979  1.35224  
1.87149 1.58126 3.42702  1.28999  
1.43102 5.8937 3.68507  1.35047  
1.75508 1.7266 3.84108  1.36499  
3.51819 0.981354 4.69899  1.61584  
4.56312 2.29744 4.82423  1.5587  
1.88475 1.61423 3.76381  2.19188  
2.60531 1.15961 3.84845  1.58016  
2.6474 1.15535 4.32495  1.7724  
2.46443 1.20179 3.67765  1.61383  
1.90798 1.52631 2.67063  1.35047  
3.46155 1.18886 4.23271  1.76871  
4.39539 2.97662 3.84127  1.78666  
2.62565 1.40771 3.64661  1.75028  
2.06838 1.75447 3.46196  1.7724  
3.59914 1.30567 2.87678  1.54984  
4.07416 1.61109 2.7481  1.52438  
3.2364 1.63155 3.24968  1.76851  
4.10601 1.60229 3.78386  1.81963  
4.86483 3.43771 3.46893  1.95904  
3.26433 1.6803 3.43812  1.95193  
2.64897 2.24625 2.66544  1.61391  
4.1306 3.37849 3.39308  2.04386  
3.2286 1.85383 3.41363  2.07184  
3.21727 1.86052 3.46522  2.02394  
3.24134 1.84721 3.3864  2.21931  
3.20524 1.86596 3.31162  2.19164  
3.19101 1.87896 3.23059  2.28474  
5.33269 3.17771 2.75054  1.91109  
3.20318 1.87189 3.01743  2.1512  
2.37096 2.81359 2.48085  1.78399  
4.79671 3.31973 1.88046  1.3404  
5.38353 4.82503 3.02737  2.28228  
6.69458 3.55964 2.83076  2.3212  
3.0475 2.5436 2.48564  1.95539  
3.16831 2.5436 2.46592  1.9515  
5.89641 3.77926 2.47743  2.00775  
3.71142 2.63961 2.63326  2.19725  
3.68104 2.65496 2.8384  2.42914  
3.22182 2.96642 2.99354  2.73311  
3.23428 2.9586 3.43157  2.25467  
3.67629 2.65773 2.80848  2.65152  
3.72898 2.63051 3.11323  3.30723  
3.67279 2.65929 3.05986  3.08189  
3.64481 2.67555 2.64628  2.62484  
7.31173 4.33878 3.04878  3.19146  
3.21268 2.969 2.58862  2.6962  
7.52134 5.27848 2.71824  2.95124  
3.3615 3.05318 2.89338  3.32252  
3.34963 3.06573 2.6378  3.30742  
3.30964 3.09168 2.48284  2.82729  
3.35326 3.06323 2.29858  2.57937  
3.35854 3.05597 2.46882  2.99479  
3.33644 3.07058 2.53174  3.14797  
3.72666 2.84351 2.28962  4.06998  
3.32393 3.0912 2.70171  4.01931  
3.28574 3.1054 2.49487  3.79999  
3.29694 3.09766 2.29478  3.72269  
5.66549 4.86467 2.31844  3.28089  
3.63872 2.89222 1.90247  2.36815  
3.29835 3.09651 1.87134  2.31756  
3.26682 3.14684 1.87341  2.31  
7.77249 3.94613 1.87943  2.38279  
3.28591 3.10538 2.05269  3.11185  
3.74412 2.82993 2.05851  3.60064  
3.2863 3.10506 1.88424  2.69728  
7.06172 6.19745 2.03878  3.48089  
8.2899 5.66647 1.87831  3.40584  
6.27091 4.34136 1.87264  3.03954  
6.01583 5.4384 1.87734  3.28746  
6.68293 4.57828 1.87161  3.38952  
8.35339 5.27677 2.05851  4.53819  
6.20451 6.35165 2.24599  5.27697  
6.91688 5.38883 2.27367  4.276  
6.98244 5.79066 1.88061  4.39734  
6.3176 5.20691 2.27414  5.60182  
7.06611 4.75137 1.89553  5.54037  
8.09784 6.8736 2.40349  4.53004  
5.86411 4.85755 2.45253  5.08125  
5.83817 5.61994 2.47487  5.16443  
7.05267 7.04246 1.63816  4.97082  
6.49276 4.9391 2.69827  4.81724  
6.76716 5.32584 2.89841  4.84911  
6.86668 5.5366 3.02509  3.66786  
6.60541 4.88613 3.02682  4.14181  
7.11117 4.67268 3.02699  3.42997  
0.395972 0.388936 2.05183  0.017489  
0.312068 0.459361 0.512072  3.14815  
0.0673705 1.16624 0.993149  0.0218273  
0.381873 0.400076 1.32245  0.0322094  
0.32236 0.451307 1.31016  0.048533  
0.344847 0.430856 1.32737  0.0368148  
0.990917 0.022662 1.33689  0.0359903  
0.312068 0.867586 1.33863  0.0337412  
0.979685 0.0284464 1.34841  0.0310746  
0.883016 0.0884752 1.35485  0.0458422  
0.344252 0.430936 1.39303  0.0338837  
0.920659 0.0586053 1.67689  0.0270756  
0.0662552 1.77945 1.721  0.031236  
0.947414 0.0446829 1.77671  0.237999  
0.938668 0.0492429 1.69003  0.247393  
0.935062 0.0510674 1.72056  0.260689  
0.897063 0.0809538 1.78447  0.311464  
0.330362 0.442512 1.90989  0.238642  
0.599065 0.386393 1.96414  0.367861  
0.312068 0.458585 1.866  0.402974  
0.908973 0.0650209 1.54557  0.354  
0.373094 0.407221 1.57071  0.371329  
0.998598 0.0187254 1.61736  0.376833  
0.361251 0.428557 1.58058  0.431921  
0.379683 0.403335 1.22985  0.393075  
0.363328 0.416937 1.23392  0.392754  
0.343094 0.432922 0.999986  0.358536  
0.889231 0.082871 0.999981  0.344151  
0.369231 0.410147 0.984097  0.3575  
0.972755 0.031918 0.984245  0.371876  
0.38515 0.397082 0.98399  0.389162  
0.369231 0.411186 0.984961  0.375234  
0.365294 0.413818 0.985638  0.432191  
0.912431 0.0630061 0.998134  0.438757  
0.9165 0.0607357 0.998353  0.436209  
0.984156 0.025974 0.998335  0.485151  
0.920221 0.0589553 1.14003  0.45488  
0.32236 0.450655 1.15905  0.598976  
0.335242 0.439101 1.13298  0.63878  
0.312068 0.669684 0.730256  0.447819  
0.86597 0.0971754 0.726626  0.444219  
0.379683 0.402083 0.720951  0.459361  
0.999871 0.0174131 0.710865  0.469425  
0.907837 0.0657328 1.11321  0.664557  
0.838357 0.149074 0.9979  0.814104  
0.928522 0.0544256 0.993865  0.790178  
0.993944 0.0209671 0.993054  0.780954  
0.902914 0.0677517 0.988858  0.797827  
0.954659 0.0409565 0.837256  0.804671  
0.97931 0.0286168 0.84806  0.803739  
0.926838 0.0555007 0.798458  0.794627  
0.391965 0.392028 0.808337  0.791495  
0.861287 0.0996662 0.786493  0.794952  
0.386805 0.395582 0.780092  0.807748  
0.330362 0.443306 0.782288  0.83261  
0.945096 0.0458845 0.742998  0.858983  
0.843486 0.148153 0.723157  0.846772  
0.326871 0.446436 0.708332  0.854558  
0.883843 0.0875869 0.710442  0.88681  
0.762601 0.194323 0.712509  0.890878  
0.871509 0.0949077 0.712509  0.885904  
2.25191 0.218062 0.698805  0.989249  
0.312068 0.896754 0.330362  0.443249  
2.26211 0.418269 0.710442  1.07711  
0.312068 0.953104 0.715152  1.08143  
0.917159 0.0700303 0.712215  1.25998  
1.31422 0.0279433 0.708332  1.25753  
0.330362 0.452943 0.710442  1.29846  
1.31422 0.0279433 0.710442  1.28377  
3.32393 3.0912 0.698805  1.37954  
3.28574 3.1054 0.390229  0.795238  
3.29694 3.09766 0.386805  0.80155  
5.66549 4.86467 0.591328  1.60506  
3.63872 2.89222 0.512316  1.27114  
3.29835 3.09651 0.343094  0.829812  
3.26682 3.14684 0.388229  1.19522  
7.77249 3.94613 0.330362  0.854321  
3.28591 3.10538 0.312068  0.854129  
3.74412 2.82993 0.391159  1.19101  
3.2863 3.10506 0.386805  1.21559  
7.06172 6.19745 0.343094  1.22756  
8.2899 5.66647 0.343094  1.22678  
6.27091 4.34136 0.312068  1.25753  
6.01583 5.4384 0.312068  1.25167  
6.68293 4.57828 0.312068  1.29973  
8.35339 5.27677 0.312068  1.35333  
6.20451 6.35165 0.32236  1.6483  
6.91688 5.38883 0.312068  1.67935  
6.98244 5.79066 0.312068  1.75462  
6.3176 5.20691 0.312068  2.0089  
7.06611 4.75137 0.312068  2.20832  
8.09784 6.8736 0.312068  2.52283  
5.86411 4.85755 0.312068  2.82145  
5.83817 5.61994 0.312068  3.29304  
7.05267 7.04246 0.312068  3.59273  
6.49276 4.9391 0.312068  4.02703  
6.76716 5.32584 0.312068  4.869  
6.86668 5.5366 0.312068  3.81479  
6.60541 4.88613 0.312068  4.19106  
7.11117 4.67268 0.312068  3.97283  
0.656475 0.19127 0.999985  9.51623e-05  
0.310385 0.442953 0.294209  3.30472  
0.0673705 1.16624 0.990676  0.00495114  
0.68792 0.170989 0.970922  0.0148775  
0.378141 0.385072 0.952708  0.0249053  
1.85956e-06 1.20874 0.934464  0.0340281  
0.917425 0.0421782 0.916578  0.0437144  
0.988374 0.00589676 0.911319  0.0480126  
0.312068 0.441376 0.911319  0.0480126  
0.871097 0.0667589 0.911319  0.0480126  
0.903906 0.0494129 0.911319  0.0480126  
0.636945 0.205159 0.911319  0.0480126  
0.818251 0.0999525 0.911319  0.0480126  
0.334967 0.421328 0.911319  0.0480126  
0.81091 0.101515 0.911319  0.0480126  
0.942729 0.0291184 0.911319  0.0480126  
0.977364 0.0114611 0.911319  0.0480126  
0.776869 0.119975 0.911319  0.0480126  
0.875995 0.0640569 0.879631  0.178323  
0.31876 0.435415 0.870527  0.184875  
0.958047 0.0212088 0.852342  0.195629  
0.353028 0.405872 0.826999  0.208329  
0.792619 0.109757 0.81628  0.216098  
0.98447 0.0078838 0.80354  0.224398  
0.357127 0.402409 0.789696  0.234478  
0.341044 0.416097 0.78149  0.239758  
0.626969 0.208329 0.76968  0.250753  
0.367368 0.393931 0.76968  0.250753  
0.374222 0.388265 0.76968  0.250753  
0.327717 0.427538 0.76968  0.250753  
0.907659 0.0476776 0.76968  0.250753  
0.347187 0.410801 0.76968  0.250753  
0.344118 0.413521 0.747428  0.338293  
0.788578 0.112036 0.739753  0.34413  
0.294209 0.457592 0.700771  0.364676  
0.702931 0.162957 0.700771  0.364676  
0.993058 0.00355174 0.594085  0.374248  
0.693113 0.167723 0.594085  0.374248  
0.950187 0.0253025 0.594085  0.374248  
0.946661 0.0271258 0.594085  0.374248  
0.711326 0.157977 0.585339  0.379263  
0.360228 0.399886 0.585339  0.379263  
0.706987 0.160111 0.55809  0.402037  
0.391935 0.374307 0.556044  0.405854  
0.828339 0.089967 0.542418  0.415342  
0.736556 0.142172 0.531817  0.427658  
0.684053 0.174478 0.519255  0.435415  
0.652709 0.192155 0.506109  0.446839  
0.935681 0.032767 0.505997  0.446991  
0.648964 0.197071 0.294209  0.457592  
0.666914 0.188954 0.294209  0.457592  
0.783016 0.117539 0.294209  0.457592  
0.380776 0.383419 0.294209  0.457592  
0.859273 0.0735251 0.294209  0.457592  
0.34884 0.409576 0.294209  0.457592  
0.675213 0.17994 0.294209  0.457592  
0.730426 0.145801 0.294209  0.457592  
0.883747 0.0599231 0.294209  0.457592  
0.851649 0.0776014 0.294209  0.457592  
0.585822 0.23736 0.294209  0.457592  
0.322397 0.432325 0.294209  0.457592  
0.324955 0.42996 0.294209  0.457592  
0.721158 0.151724 0.294209  0.457592  
0.370441 0.391725 0.294209  0.457592  
0.3076 0.445432 0.294209  0.457592  
0.287999 0.686633 0.294209  0.457592  
0.840659 0.0835239 0.294209  0.457592  
0.679109 0.17697 0.294209  0.457592  
0.715431 0.15417 0.294209  0.457592  
0.303599 0.449127 0.294209  0.457592  
0.717272 0.153162 0.294209  0.662598  
0.961951 0.0192971 0.294209  0.662598  
0.363731 0.396939 0.294209  0.662598  
0.924748 0.0383871 0.294209  0.662598  
0.931794 0.0347127 0.294209  0.662598  
0.316114 0.437769 0.294209  0.867207  
0.589202 0.234585 0.294209  0.867207  
0.697112 0.165407 0.294209  0.867207  
0.897322 0.0527861 0.294209  0.867207  
0.295986 0.456015 0.294209  1.07769  
0.86423 0.0711448 0.294209  1.07769  
0.747428 0.13688 0.294209  1.25973  
0.3315 0.424545 0.294209  1.27117  
0.291263 0.660759 0.294209  1.27117  
0.756854 0.130029 0.294209  1.46439  
0.384743 0.379725 0.294209  1.46439  
0.889854 0.0566822 0.294209  1.46439  
0.911337 0.0453692 0.294209  1.88202  
0.800554 0.106415 0.294209  2.07364  
0.299648 0.452606 0.294209  2.07364  
0.76603 0.128211 0.294209  2.47836  
0.38754 0.377475 0.294209  2.89209  
0.835484 0.0866241 0.294209  3.30472  
0.338839 0.417906 0.294209  3.30472  
0.999985 9.51623e-05 0.294209  3.30472  
0.394117 0.372534 0.294209  3.30472  
0.969746 0.0157108 0.294209  3.30472  
0.603348 0.223691 0.294209  3.30472  
0.728577 0.14741 0.294209  3.30472  
0.615152 0.216734 0.294209  3.30472  
0.27963 0.471201 0.999802  9.98637e-05  
0.256168 0.493871 1.85976e-06  1  
0.591677 0.230796 0.989883  0.00507217  
0.486896 0.302222 0.970074  0.0150777  
0.264009 0.486184 0.950839  0.0248912  
0.931642 0.034785 0.932146  0.0345239  
0.942583 0.0291336 0.913961  0.0439877  
0.439828 0.336806 0.896269  0.0532864  
0.558784 0.252483 0.879014  0.0624434  
0.722166 0.150198 0.862205  0.0714511  
0.232166 0.518166 0.845802  0.0803263  
0.777495 0.118244 0.829789  0.0890735  
0.834381 0.0865563 0.81415  0.0976983  
0.617527 0.214173 0.798867  0.106208  
0.859823 0.0727348 0.783922  0.114608  
0.580543 0.238067 0.769297  0.122905  
0.601715 0.224298 0.754983  0.131104  
0.961353 0.0195147 0.740974  0.139203  
0.119952 0.653661 0.727223  0.147227  
0.239955 0.510151 0.713755  0.155161  
0.430454 0.343911 0.700539  0.163019  
0.999802 9.98637e-05 0.687577  0.170799  
0.869629 0.0674622 0.674851  0.178508  
0.506993 0.287967 0.662351  0.186152  
0.81293 0.098375 0.650082  0.193725  
0.984193 0.00793572 0.638004  0.201249  
0.879646 0.0621068 0.626152  0.208704  
0.377696 0.385432 0.614473  0.216118  
0.477512 0.308979 0.602982  0.223482  
0.683632 0.173181 0.591677  0.230796  
0.369146 0.392427 0.580543  0.238067  
0.696469 0.165454 0.569583  0.245294  
0.335709 0.420597 0.558784  0.252483  
0.730742 0.145167 0.548133  0.259641  
0.287468 0.463842 0.537642  0.26676  
0.846386 0.0800086 0.527282  0.273859  
0.403827 0.364528 0.517073  0.280924  
0.786497 0.113155 0.506993  0.287967  
0.54811 0.259657 0.497038  0.294992  
0.248494 0.50151 0.487211  0.301996  
0.295401 0.456493 0.477512  0.308979  
0.764883 0.125425 0.467925  0.315951  
0.457882 0.323332 0.458413  0.322939  
0.309572 0.44361 0.449089  0.32986  
0.210969 0.540688 0.439828  0.336806  
0.302143 0.450326 0.430454  0.343911  
0.89007 0.0565656 0.421615  0.350683  
0.187174 0.567366 0.412677  0.357602  
0.360482 0.3996 0.40382  0.364533  
0.143574 0.621091 0.395197  0.371354  
0.395197 0.371354 0.386279  0.378488  
0.136575 0.630442 0.37768  0.385445  
0.386279 0.378488 0.369146  0.392428  
0.224632 0.526049 0.36053  0.39956  
0.70966 0.157588 0.35221  0.406529  
0.316833 0.437123 0.343958  0.413522  
0.151041 0.611363 0.335709  0.420597  
0.825028 0.0916903 0.327955  0.427328  
0.949939 0.0253528 0.319143  0.435075  
0.497038 0.294992 0.31136  0.442005  
0.803872 0.103412 0.302143  0.450326  
0.626152 0.208704 0.295401  0.456493  
1.85976e-06 1 0.287471  0.463839  
0.527226 0.273898 0.279641  0.471191  
0.467925 0.315951 0.271854  0.478606  
0.198444 0.554532 0.264009  0.486184  
0.449089 0.32986 0.256168  0.493871  
0.170779 0.586748 0.248494  0.50151  
0.537642 0.26676 0.24105  0.509034  
0.106118 0.674245 0.233505  0.516778  
0.326074 0.428973 0.224632  0.526049  
0.658551 0.18849 0.2184  0.532669  
0.181556 0.573909 0.210969  0.540688  
0.569583 0.245294 0.203402  0.549001  
0.637782 0.201389 0.193242  0.560409  
0.2184 0.532669 0.188267  0.566105  
0.165183 0.593575 0.180514  0.575133  
0.610247 0.218818 0.173698  0.583231  
0.412677 0.357602 0.166136  0.592404  
0.668368 0.182464 0.157993  0.602519  
0.648009 0.195011 0.151285  0.611049  
0.204023 0.548313 0.144403  0.619999  
0.157993 0.602519 0.136578  0.630438  
0.904193 0.0491101 0.129117  0.640674  
0.794313 0.108758 0.119952  0.653661  
0.176594 0.579772 0.115322  0.660411  
0.517075 0.280922 0.106118  0.674245  
0.913906 0.0440166 0.106118  0.674245  
0.421615 0.350683 0.106118  0.674245  
0.754877 0.131165 0.106118  0.874668  
0.920876 0.0403783 0.106118  0.874668  
0.129117 0.640674 1.85976e-06  1  
0.343958 0.413522 1.85976e-06  1  
0.193009 0.560674 1.85976e-06  1  
0.35221 0.406529 1.85976e-06  1  
0.674851 0.178508 1.85976e-06  1  
0.271854 0.478606 1.85976e-06  1  
0.972571 0.013811 1.85976e-06  1  
0.740977 0.139201 1.85976e-06  1  
0.115322 0.660411 1.85976e-06  1  
0.857254 0.0741206 0.999801  0.000100192  
0.802967 0.103917 1.86266e-06  1  
0.487216 0.301993 0.989875  0.00507629  
0.0907061 0.698829 0.970071  0.0150789  
0.378171 0.385046 0.950839  0.0248912  
0.953659 0.0234465 0.932146  0.0345241  
0.759288 0.12863 0.913962  0.0439876  
0.248615 0.501389 0.896261  0.0532906  
0.232166 0.518166 0.879014  0.0624437  
0.0848315 0.708745 0.862201  0.0714532  
0.369125 0.392445 0.8458  0.0803274  
0.311339 0.442024 0.829789  0.0890734  
0.360556 0.399538 0.81415  0.0976981  
0.921617 0.0399923 0.798867  0.106208  
0.999801 0.000100192 0.783921  0.114608  
0.352255 0.406491 0.769297  0.122905  
0.873971 0.065137 0.754982  0.131104  
0.188367 0.56599 0.740961  0.13921  
0.548132 0.259642 0.727221  0.147228  
0.602982 0.223482 0.713752  0.155163  
0.727221 0.147228 0.700539  0.163019  
0.12014 0.65339 0.687576  0.170799  
0.44885 0.330038 0.67485  0.178509  
0.143574 0.621091 0.662352  0.186151  
0.303353 0.449226 0.650078  0.193727  
0.984192 0.0079363 0.638004  0.201249  
0.114004 0.662358 0.626138  0.208712  
0.591681 0.230793 0.614466  0.216122  
0.412646 0.357626 0.602982  0.223482  
0.580547 0.238065 0.591678  0.230795  
0.0992578 0.684951 0.580547  0.238065  
0.395016 0.371498 0.569583  0.245294  
0.271853 0.478607 0.558781  0.252485  
0.477513 0.308978 0.548132  0.259642  
0.626138 0.208712 0.537636  0.266765  
0.527282 0.273859 0.527282  0.273859  
0.780502 0.116541 0.517069  0.280926  
0.327552 0.42768 0.50699  0.287969  
0.537628 0.26677 0.49704  0.294991  
0.225516 0.525117 0.487216  0.301993  
0.942572 0.0291394 0.477513  0.308978  
1.86266e-06 1 0.467927  0.31595  
0.569583 0.245294 0.458454  0.322909  
0.791786 0.110177 0.449089  0.32986  
0.961155 0.019616 0.439829  0.336805  
0.335711 0.420596 0.430708  0.343718  
0.25635 0.493691 0.421611  0.350685  
0.23976 0.510349 0.412646  0.357626  
0.439829 0.336805 0.403773  0.36457  
0.430708 0.343718 0.394997  0.371514  
0.295387 0.456507 0.386289  0.37848  
0.136575 0.630442 0.37767  0.385453  
0.714639 0.154638 0.369125  0.392445  
0.558781 0.252485 0.360556  0.399538  
0.210588 0.541103 0.352255  0.406491  
0.882845 0.0604028 0.343959  0.413521  
0.638004 0.201249 0.335709  0.420598  
0.49704 0.294991 0.327552  0.42768  
0.68363 0.173182 0.319498  0.43476  
0.931627 0.0347929 0.311339  0.442024  
0.906885 0.0476958 0.303353  0.449226  
0.194169 0.559356 0.295387  0.456507  
0.264101 0.486094 0.287484  0.463826  
0.466811 0.316766 0.279645  0.471187  
0.706679 0.159359 0.271853  0.478607  
0.517069 0.280926 0.264101  0.486094  
0.287484 0.463826 0.25635  0.493691  
0.170779 0.586748 0.248615  0.501389  
0.662352 0.186151 0.241098  0.508985  
0.896637 0.0530919 0.233506  0.516777  
0.73842 0.140687 0.225637  0.524989  
0.81415 0.0976981 0.218409  0.532659  
0.181556 0.573909 0.210969  0.540689  
0.670978 0.180869 0.203468  0.548928  
0.846892 0.0797336 0.194169  0.559356  
0.768992 0.123079 0.188367  0.56599  
0.696519 0.165424 0.181152  0.574383  
0.862201 0.0714532 0.173701  0.583228  
0.403773 0.36457 0.166336  0.592159  
0.343959 0.413521 0.158045  0.602453  
0.106119 0.674244 0.151285  0.611049  
0.507007 0.287957 0.144395  0.62001  
0.837522 0.084839 0.136696  0.630278  
0.319498 0.43476 0.129117  0.640674  
0.150784 0.611693 0.12014  0.65339  
0.176594 0.579772 0.114732  0.661282  
0.158045 0.602453 0.106119  0.674244  
0.458454 0.322909 0.0998306  0.684043  
0.2023 0.550224 0.0907061  0.698829  
0.165382 0.593331 0.0848315  0.708745  
0.825029 0.0916899 0.0848315  0.708745  
0.279645 0.471187 0.0848315  0.708745  
0.386289 0.37848 1.86266e-06  1  
0.218409 0.532659 1.86266e-06  1  
0.614466 0.216122 1.86266e-06  1  
0.129117 0.640674 1.86266e-06  1  
0.421611 0.350685 1.86266e-06  1  
0.972588 0.0138021 1.86266e-06  1  
0.746668 0.135902 1.86266e-06  1  
0.650078 0.193727 1.86266e-06  1  
0.527282 0.273859 0.999803  9.95395e-05  
0.467591 0.316195 1.90004e-06  1  
0.412647 0.357626 0.989875  0.00507625  
0.22554 0.525092 0.970072  0.0150784  
0.626138 0.208712 0.95084  0.0248909  
0.507039 0.287934 0.932146  0.0345238  
0.999803 9.95395e-05 0.913962  0.0439874  
0.477513 0.308978 0.89626  0.0532908  
0.85647 0.0745442 0.879014  0.0624435  
0.201797 0.550784 0.862201  0.071453  
0.866405 0.0691925 0.8458  0.0803272  
0.158337 0.602087 0.82979  0.0890729  
0.903148 0.0496601 0.814151  0.097698  
0.876267 0.0639095 0.798867  0.106208  
0.150554 0.61199 0.783921  0.114608  
0.143424 0.621289 0.769297  0.122905  
0.0749796 0.726179 0.754982  0.131104  
0.0907066 0.698828 0.740961  0.13921  
0.614476 0.216116 0.727222  0.147228  
0.256528 0.493516 0.713752  0.155163  
0.683631 0.173181 0.70054  0.163019  
0.815897 0.0967308 0.687576  0.170799  
0.743892 0.137509 0.67485  0.178509  
0.120318 0.653134 0.662352  0.186151  
0.537635 0.266765 0.650074  0.19373  
0.984192 0.0079363 0.638005  0.201249  
0.114004 0.662358 0.626138  0.208712  
0.210943 0.540716 0.614467  0.216122  
0.287484 0.463826 0.602982  0.223482  
0.591678 0.230795 0.591678  0.230795  
0.0992421 0.684976 0.580547  0.238065  
0.448974 0.329946 0.569583  0.245294  
0.165404 0.593304 0.558781  0.252485  
0.106192 0.674132 0.548133  0.259641  
0.580547 0.238065 0.537635  0.266765  
0.45845 0.322912 0.527282  0.273859  
0.233207 0.517087 0.517069  0.280926  
0.780357 0.116623 0.50699  0.287969  
0.319401 0.434846 0.49704  0.29499  
0.722146 0.15021 0.487216  0.301993  
0.82506 0.0916732 0.477513  0.308978  
0.421611 0.350685 0.467927  0.315949  
0.949966 0.0253391 0.458454  0.322909  
0.517069 0.280926 0.449089  0.32986  
0.961155 0.019616 0.43983  0.336805  
0.136221 0.630921 0.430692  0.34373  
0.352278 0.406472 0.421612  0.350685  
0.303342 0.449236 0.412647  0.357626  
0.834411 0.0865401 0.403773  0.36457  
0.603181 0.223354 0.394988  0.371521  
0.558781 0.252485 0.386287  0.378482  
1.90004e-06 1 0.377669  0.385454  
0.43057 0.343823 0.369129  0.392441  
0.181152 0.574383 0.360655  0.399456  
0.335709 0.420597 0.352278  0.406472  
0.188426 0.565921 0.343959  0.413521  
0.49704 0.29499 0.335709  0.420598  
0.129117 0.640674 0.327523  0.427705  
0.569583 0.245294 0.319401  0.434846  
0.754982 0.131104 0.311339  0.442024  
0.938922 0.0310209 0.303342  0.449236  
0.487677 0.301663 0.295387  0.456506  
0.548133 0.259641 0.287484  0.463826  
0.271853 0.478607 0.279648  0.471184  
0.846968 0.0796924 0.271853  0.478607  
0.386287 0.378482 0.264101  0.486094  
0.295387 0.456506 0.256353  0.493688  
0.928134 0.036604 0.248616  0.501388  
0.377669 0.385454 0.241099  0.508984  
0.218075 0.533018 0.233506  0.516777  
0.803792 0.103457 0.225827  0.524789  
0.649985 0.193785 0.218412  0.532657  
0.0843448 0.709581 0.210943  0.540716  
0.194769 0.558675 0.203449  0.548949  
0.403841 0.364517 0.194769  0.558675  
0.360654 0.399456 0.188426  0.565921  
0.0729293 0.931833 0.181152  0.574383  
0.248616 0.501388 0.173732  0.58319  
0.239715 0.510395 0.16636  0.59213  
0.670978 0.180868 0.158337  0.602087  
0.658552 0.188489 0.151679  0.610542  
0.713752 0.155163 0.144251  0.620198  
0.886245 0.0585949 0.136813  0.630121  
0.696513 0.165428 0.129117  0.640674  
0.279648 0.471184 0.120318  0.653134  
0.311339 0.442024 0.114768  0.661229  
0.343959 0.413521 0.106192  0.674132  
0.913962 0.0439874 0.099843  0.684024  
0.638005 0.201249 0.0907068  0.698828  
0.769297 0.122905 0.0848317  0.708745  
0.73425 0.143117 0.0775323  0.721557  
0.369129 0.392441 0.0749796  0.726179  
0.327523 0.427705 0.0749796  0.726179  
0.791754 0.110196 1.90004e-06  1  
0.43983 0.336805 1.90004e-06  1  
0.704168 0.160854 1.90004e-06  1  
0.395186 0.371363 1.90004e-06  1  
0.972584 0.0138043 1.90004e-06  1  
0.172702 0.584428 1.90004e-06  1  
0.2641 0.486096 1.90004e-06  1  
0.650073 0.19373 0.999802  9.99816e-05  
0.527282 0.273859 1.85962e-06  1  
0.232168 0.518164 0.989875  0.00507627  
0.498368 0.29405 0.970072  0.0150788  
0.580816 0.237888 0.950839  0.024891  
0.938889 0.0310379 0.932146  0.0345239  
0.789505 0.11146 0.913962  0.0439874  
0.469118 0.315079 0.89626  0.0532909  
0.129117 0.640674 0.879014  0.0624435  
0.487216 0.301992 0.862201  0.071453  
0.303016 0.449533 0.8458  0.0803272  
0.458454 0.322909 0.829789  0.0890733  
0.834595 0.0864395 0.814151  0.097698  
0.165403 0.593304 0.798867  0.106208  
0.812844 0.0984223 0.783921  0.114608  
0.287493 0.463818 0.769297  0.122905  
0.377669 0.385454 0.754982  0.131104  
0.517213 0.280826 0.740961  0.13921  
0.55796 0.253034 0.727222  0.147228  
0.430674 0.343743 0.713752  0.155163  
0.859652 0.0728268 0.70054  0.163019  
0.386287 0.378482 0.687576  0.170799  
0.327628 0.427613 0.67485  0.178509  
0.869631 0.0674608 0.662352  0.186151  
0.823307 0.0926385 0.650073  0.19373  
0.984192 0.0079363 0.638005  0.201249  
0.114004 0.662358 0.626138  0.208712  
0.708498 0.158278 0.614467  0.216122  
0.360667 0.399446 0.602982  0.223482  
0.319401 0.434846 0.591678  0.230795  
0.0992421 0.684976 0.580547  0.238065  
0.352278 0.406472 0.569583  0.245294  
0.394987 0.371521 0.558781  0.252485  
0.36913 0.392441 0.548133  0.259641  
0.602982 0.223482 0.537635  0.266765  
0.626138 0.208712 0.527282  0.273859  
0.7143 0.154839 0.517069  0.280926  
0.449089 0.32986 0.50699  0.287969  
0.50699 0.287969 0.49704  0.29499  
0.143424 0.621289 0.487216  0.301992  
0.949991 0.0253263 0.477513  0.308978  
0.194865 0.558567 0.467927  0.315949  
0.741617 0.138829 0.458454  0.322909  
1.85962e-06 1 0.449089  0.32986  
0.961155 0.019616 0.43983  0.336805  
0.73671 0.141683 0.430674  0.343743  
0.768922 0.123119 0.421612  0.350685  
0.662352 0.186151 0.412647  0.357626  
0.264101 0.486094 0.403773  0.36457  
0.920866 0.0403835 0.394987  0.371521  
0.157885 0.602655 0.386287  0.378482  
0.8458 0.0803272 0.377669  0.385454  
0.537635 0.266765 0.36913  0.392441  
0.754982 0.131104 0.360667  0.399446  
0.548133 0.259641 0.352278  0.406472  
0.188438 0.565908 0.343959  0.413521  
0.404387 0.364087 0.335709  0.420598  
0.295387 0.456506 0.327523  0.427705  
0.239715 0.510395 0.319401  0.434846  
0.614467 0.216122 0.31134  0.442023  
0.150809 0.611661 0.303336  0.449243  
0.906936 0.0476693 0.295387  0.456506  
0.0770875 0.722357 0.287493  0.463818  
0.683631 0.173181 0.279648  0.471184  
0.696517 0.165425 0.271852  0.478607  
0.421612 0.350685 0.264101  0.486094  
0.271852 0.478607 0.256369  0.493673  
0.569583 0.245294 0.248623  0.501381  
0.106192 0.674132 0.241099  0.508984  
0.248623 0.501381 0.233507  0.516776  
0.726782 0.147486 0.225956  0.524654  
0.335717 0.420591 0.218423  0.532645  
0.0843443 0.709582 0.210921  0.540741  
0.31134 0.442023 0.20345  0.548947  
0.210921 0.540741 0.194865  0.558567  
0.591751 0.230747 0.188438  0.565908  
0.218423 0.532645 0.181153  0.574382  
0.883023 0.0603078 0.173757  0.58316  
0.638004 0.201249 0.16636  0.59213  
0.225645 0.524981 0.158337  0.602087  
0.20308 0.549358 0.151666  0.61056  
0.181153 0.574382 0.144252  0.620198  
0.120318 0.653134 0.136924  0.62997  
0.279648 0.471184 0.129117  0.640674  
0.256369 0.493673 0.120318  0.653134  
0.412647 0.357626 0.114803  0.661177  
0.89626 0.0532909 0.106193  0.67413  
0.136138 0.631033 0.0998553  0.684004  
0.0907066 0.698828 0.0907066  0.698828  
0.67485 0.178509 0.0848315  0.708745  
0.343959 0.413521 0.0775323  0.721557  
0.931916 0.0346428 0.0712701  0.733039  
0.999802 9.99816e-05 0.0712701  0.733039  
0.780334 0.116636 1.85962e-06  1  
0.0712701 0.733039 1.85962e-06  1  
0.478663 0.308146 1.85962e-06  1  
0.798867 0.106208 1.85962e-06  1  
0.972584 0.0138043 1.85962e-06  1  
0.172702 0.584428 1.85962e-06  1  
0.43983 0.336805 1.85962e-06  1  
0.688185 0.170431 0.9998  9.99838e-05  
0.467156 0.316512 3.41105e-12  1  
0.60298 0.223482 0.989873  0.00507628  
0.378169 0.385046 0.97007  0.0150788  
0.850169 0.0779538 0.950838  0.024891  
0.913907 0.044015 0.932144  0.0345239  
0.650071 0.19373 0.91396  0.0439874  
0.129176 0.640589 0.896258  0.0532909  
0.506988 0.287969 0.879012  0.0624435  
0.580545 0.238065 0.862199  0.071453  
0.732936 0.143883 0.845798  0.0803272  
0.55865 0.252571 0.829787  0.0890733  
0.327549 0.427681 0.814149  0.097698  
0.679247 0.175836 0.798865  0.106208  
0.232166 0.518164 0.783919  0.114608  
0.335708 0.420597 0.769295  0.122905  
0.85993 0.0726761 0.75498  0.131104  
0.879622 0.0621185 0.740959  0.13921  
0.723048 0.149678 0.72722  0.147228  
0.136137 0.631033 0.71375  0.155163  
0.743315 0.137843 0.700538  0.163019  
0.386834 0.37804 0.687574  0.170799  
0.42161 0.350685 0.674848  0.178509  
0.548131 0.259641 0.66235  0.186151  
0.264099 0.486095 0.650071  0.19373  
0.27185 0.478607 0.638003  0.201249  
0.114004 0.662358 0.626136  0.208712  
0.517067 0.280926 0.614465  0.216122  
0.0843427 0.709582 0.60298  0.223482  
0.360813 0.399323 0.591676  0.230795  
0.0992421 0.684976 0.580545  0.238065  
0.591676 0.230795 0.569582  0.245294  
0.458452 0.322909 0.558779  0.252485  
0.188436 0.565908 0.548131  0.259641  
0.670976 0.180868 0.537633  0.266765  
0.497397 0.294736 0.52728  0.273859  
0.825032 0.0916875 0.517067  0.280926  
0.319399 0.434846 0.506988  0.287969  
0.224657 0.52602 0.497039  0.29499  
0.52728 0.273859 0.487215  0.301992  
0.9998 9.99838e-05 0.477512  0.308978  
0.696519 0.165423 0.467925  0.315949  
0.43067 0.343746 0.458452  0.322909  
0.279634 0.471196 0.449087  0.32986  
0.961155 0.019616 0.439828  0.336805  
0.241097 0.508984 0.43067  0.343746  
2.77896e-12 1 0.42161  0.350685  
0.626136 0.208712 0.412645  0.357626  
0.165402 0.593304 0.403771  0.36457  
0.709655 0.15759 0.394986  0.371521  
0.47629 0.309862 0.386285  0.378482  
0.120316 0.653134 0.377667  0.385454  
0.0907047 0.698828 0.369128  0.392441  
0.769295 0.122905 0.360665  0.399446  
0.797783 0.106813 0.352276  0.406472  
0.369288 0.392309 0.343957  0.413521  
0.181151 0.574382 0.335707  0.420598  
0.924424 0.0385305 0.327521  0.427705  
0.343957 0.413521 0.319399  0.434846  
0.75498 0.131104 0.311338  0.442023  
0.889581 0.0568239 0.303334  0.449242  
0.203392 0.54901 0.295385  0.456506  
0.0770554 0.722412 0.287491  0.463818  
0.303334 0.449242 0.279646  0.471184  
0.287477 0.463832 0.27185  0.478607  
0.295385 0.456506 0.264099  0.486095  
0.809761 0.100133 0.25637  0.49367  
0.172761 0.584354 0.248658  0.501344  
0.938897 0.0310331 0.241097  0.508984  
0.903372 0.0495413 0.233505  0.516776  
0.311337 0.442025 0.225953  0.524655  
0.157671 0.602922 0.218421  0.532645  
0.869664 0.0674422 0.210921  0.540739  
0.613381 0.216813 0.203449  0.548947  
0.412645 0.357626 0.194864  0.558566  
0.106264 0.674019 0.188436  0.565908  
0.56976 0.245175 0.181151  0.574382  
0.84003 0.0834687 0.173759  0.583156  
0.449087 0.32986 0.16636  0.592127  
0.403778 0.364565 0.158582  0.601776  
0.150794 0.611678 0.151664  0.61056  
0.619369 0.213 0.144259  0.620186  
0.783919 0.114608 0.136922  0.62997  
0.949929 0.0253569 0.129176  0.640589  
0.248786 0.501215 0.120316  0.653134  
0.439828 0.336805 0.114801  0.661177  
0.210921 0.540739 0.106264  0.674018  
0.984191 0.00793585 0.0998534  0.684004  
0.218421 0.532645 0.0907047  0.698828  
0.537633 0.266765 0.0848296  0.708745  
0.487215 0.301992 0.0775  0.721612  
0.395184 0.371364 0.0704529  0.73457  
0.65855 0.188489 0.0704529  0.73457  
0.25637 0.49367 0.0704529  0.73457  
0.352276 0.406472 3.41105e-12  1  
0.637561 0.201526 3.41105e-12  1  
0.0704529 0.73457 3.41105e-12  1  
0.972584 0.0138043 3.41105e-12  1  
0.143431 0.621277 3.41105e-12  1  
0.194864 0.558566 3.41105e-12  1  
