9.69464 8.25441 9.69464  8.25441  
16.7333 13.1662 16.7333  13.1662  
13.4878 11.6858 13.4878  11.6858  
31.8316 24.3223 31.8316  24.3223  
14.639 14.806 14.639  14.806  
20.8666 14.1441 20.8666  14.1441  
14.0966 14.8213 14.0966  14.8213  
6.47564 9.36482 6.47564  9.36482  
26.9254 20.8165 26.9254  20.8165  
20.6497 14.2554 20.6497  14.2554  
12.818 17.1096 12.818  17.1096  
14.3288 12.4073 14.3288  12.4073  
7.36646 14.9009 7.36646  14.9009  
19.2138 15.0618 19.2138  15.0618  
12.8961 11.7605 12.8961  11.7605  
22.5641 15.9294 22.5641  15.9294  
17.0283 24.9931 17.0283  24.9931  
9.38457 9.7153 9.38457  9.7153  
10.7118 10.9373 10.7118  10.9373  
19.7569 16.9364 19.7569  16.9364  
24.7047 21.3598 24.7047  21.3598  
25.4067 12.4262 25.4067  12.4262  
7.03444 9.37497 7.03444  9.37497  
11.0489 15.1404 11.0489  15.1404  
24.7629 14.9876 24.7629  14.9876  
21.4883 18.4639 21.4883  18.4639  
14.62 17.3442 14.62  17.3442  
8.3819 7.2331 8.3819  7.2331  
21.3494 21.7522 21.3494  21.7522  
12.011 8.22398 12.011  8.22398  
11.4759 11.952 11.4759  11.952  
9.72973 8.59993 9.72973  8.59993  
10.4784 6.70952 10.4784  6.70952  
11.9908 11.1834 11.9908  11.1834  
13.2972 9.25166 13.2972  9.25166  
19.7393 20.4964 19.7393  20.4964  
7.60125 7.46142 7.60125  7.46142  
14.9133 21.8361 14.9133  21.8361  
29.5459 25.9511 29.5459  25.9511  
8.92658 6.70074 8.92658  6.70074  
6.56037 9.36672 6.56037  9.36672  
9.34785 7.27651 9.34785  7.27651  
27.0238 24.8474 27.0238  24.8474  
26.5072 23.9184 26.5072  23.9184  
19.8586 13.7572 19.8586  13.7572  
25.4608 19.6958 25.4608  19.6958  
23.3493 17.3271 23.3493  17.3271  
9.38764 6.9657 9.38764  6.9657  
25.0448 18.5062 25.0448  18.5062  
11.6475 13.3774 11.6475  13.3774  
22.4499 17.4181 22.4499  17.4181  
24.6715 10.6714 24.6715  10.6714  
9.73135 11.9938 9.73135  11.9938  
17.1939 23.4622 17.1939  23.4622  
20.7065 16.6061 20.7065  16.6061  
7.12125 10.5096 7.12125  10.5096  
18.3517 19.6416 18.3517  19.6416  
28.4996 18.311 28.4996  18.311  
28.141 18.7466 28.141  18.7466  
21.2798 15.2936 21.2798  15.2936  
14.3945 21.409 14.3945  21.409  
16.4064 22.6003 16.4064  22.6003  
8.56807 9.2329 8.56807  9.2329  
14.8223 18.539 14.8223  18.539  
14.9607 17.4598 14.9607  17.4598  
9.27509 10.8337 9.27509  10.8337  
8.86107 11.3287 8.86107  11.3287  
13.4568 8.0548 13.4568  8.0548  
12.7144 14.4501 12.7144  14.4501  
12.8509 21.1618 12.8509  21.1618  
11.5833 10.1287 11.5833  10.1287  
13.1709 16.9427 13.1709  16.9427  
8.57621 9.02133 8.57621  9.02133  
17.7625 10.5271 17.7625  10.5271  
19.9843 19.0501 19.9843  19.0501  
15.0225 13.5605 15.0225  13.5605  
6.79161 7.34452 6.79161  7.34452  
28.9137 20.3599 28.9137  20.3599  
16.2504 15.2338 16.2504  15.2338  
11.893 11.6041 11.893  11.6041  
12.7462 13.1139 12.7462  13.1139  
23.3414 17.2286 23.3414  17.2286  
26.3453 18.1381 26.3453  18.1381  
8.54201 8.75684 8.54201  8.75684  
28.1434 18.3563 28.1434  18.3563  
11.2611 7.99854 11.2611  7.99854  
19.1471 12.6246 19.1471  12.6246  
13.0267 18.4297 13.0267  18.4297  
14.2106 13.9899 14.2106  13.9899  
9.40628 7.28803 9.40628  7.28803  
24.0644 13.7146 24.0644  13.7146  
16.9896 13.5312 16.9896  13.5312  
22.0575 12.6929 22.0575  12.6929  
23.8058 12.2723 23.8058  12.2723  
8.7654 7.53378 8.7654  7.53378  
12.0789 8.6728 12.0789  8.6728  
12.722 6.99344 12.722  6.99344  
18.9209 15.8575 18.9209  15.8575  
6.80787 8.57907 6.80787  8.57907  
9.3893 6.32603 9.3893  6.32603  
0.76674 0.876808 10.8625  5.56929  
0.766778 0.811635 12.1073  5.65605  
0.615867 0.946157 11.8912  4.41069  
1.05975 0.702129 12.9978  5.51175  
0.831994 0.755677 9.59511  5.08386  
1.29019 0.608543 14.1735  10.9797  
0.469725 1.1343 8.29248  10.1556  
0.5766 0.946167 8.20361  9.3014  
1.08669 0.654846 25.7482  8.3073  
11.8912 4.41069 9.45695  7.78366  
21.3625 27.282 10.3302  7.23946  
15.3111 7.93329 17.5323  7.08415  
14.5753 6.0251 19.68  2.76038  
19.2138 15.0618 12.6421  6.91997  
12.8961 11.7605 12.8607  6.04927  
22.5641 15.9294 12.4457  5.57522  
17.0283 24.9931 11.137  5.44178  
9.38457 9.7153 11.2742  5.32989  
10.7118 10.9373 16.0447  3.73999  
19.7569 16.9364 12.0982  5.11442  
24.7047 21.3598 14.1567  3.764  
25.4067 12.4262 15.5002  4.34247  
7.03444 9.37497 11.12  5.07606  
11.0489 15.1404 13.5453  4.16789  
24.7629 14.9876 13.313  4.38103  
21.4883 18.4639 11.8531  4.19452  
14.62 17.3442 12.1796  4.85504  
8.3819 7.2331 10.559  4.4308  
21.3494 21.7522 8.81512  3.71658  
12.011 8.22398 10.2497  4.38958  
11.4759 11.952 0.862327  0.768649  
9.72973 8.59993 8.29475  3.94531  
10.4784 6.70952 8.88479  4.38313  
11.9908 11.1834 8.51842  4.40324  
13.2972 9.25166 9.94683  4.90685  
19.7393 20.4964 8.40083  4.72036  
7.60125 7.46142 9.90331  5.60234  
14.9133 21.8361 8.73333  5.29123  
29.5459 25.9511 8.06151  5.10325  
8.92658 6.70074 7.5279  4.9834  
6.56037 9.36672 7.83971  5.4142  
9.34785 7.27651 9.30133  6.67394  
27.0238 24.8474 8.42082  6.19698  
26.5072 23.9184 7.02613  5.41615  
19.8586 13.7572 7.84268  6.24088  
25.4608 19.6958 7.46577  6.1424  
23.3493 17.3271 8.88794  7.5942  
9.38764 6.9657 6.59006  5.91772  
25.0448 18.5062 7.5066  6.93934  
11.6475 13.3774 6.5939  6.3754  
22.4499 17.4181 6.76909  6.78216  
24.6715 10.6714 6.11887  6.3918  
9.73135 11.9938 6.57137  8.42634  
17.1939 23.4622 6.36648  7.29455  
20.7065 16.6061 5.24015  6.10205  
7.12125 10.5096 6.4025  8.23433  
18.3517 19.6416 6.24288  7.86431  
28.4996 18.311 6.15073  8.26894  
28.141 18.7466 5.81611  7.80435  
21.2798 15.2936 5.93107  8.36805  
14.3945 21.409 6.28595  8.81811  
16.4064 22.6003 6.06474  9.44582  
8.56807 9.2329 5.03643  7.94729  
14.8223 18.539 5.28747  8.72042  
14.9607 17.4598 4.4713  7.66564  
9.27509 10.8337 5.28174  9.46863  
8.86107 11.3287 4.39916  8.19624  
13.4568 8.0548 5.28341  9.5666  
12.7144 14.4501 4.96762  10.1685  
12.8509 21.1618 4.76761  10.425  
11.5833 10.1287 3.75894  8.26519  
13.1709 16.9427 4.8692  10.9428  
8.57621 9.02133 4.20221  10.1409  
17.7625 10.5271 5.21779  10.6688  
19.9843 19.0501 5.12069  14.2757  
15.0225 13.5605 4.86348  13.9074  
6.79161 7.34452 0.5766  0.946256  
28.9137 20.3599 4.57781  14.3753  
16.2504 15.2338 5.37468  12.9709  
11.893 11.6041 5.45032  10.0745  
12.7462 13.1139 5.59325  10.2923  
23.3414 17.2286 4.07766  16.7474  
26.3453 18.1381 5.83577  12.0548  
8.54201 8.75684 6.61865  13.1248  
28.1434 18.3563 6.67886  11.0375  
11.2611 7.99854 6.73985  11.1884  
19.1471 12.6246 6.76828  10.3984  
13.0267 18.4297 6.86459  9.81087  
14.2106 13.9899 6.9797  12.9859  
9.40628 7.28803 7.04917  10.4437  
24.0644 13.7146 7.08277  11.4591  
16.9896 13.5312 7.18841  11.2842  
22.0575 12.6929 7.51272  14.3556  
23.8058 12.2723 7.53424  13.5319  
8.7654 7.53378 7.65334  8.81206  
12.0789 8.6728 7.71914  11.6279  
12.722 6.99344 15.077  13.1466  
18.9209 15.8575 7.62807  7.19519  
6.80787 8.57907 6.45174  10.6554  
9.3893 6.32603 12.1115  16.9157  
0.530317 0.579847 7.90549  4.09321  
0.456639 0.772257 8.83223  3.88988  
1.06046 0.33996 4.84008  6.07247  
0.727801 0.545764 8.34782  6.67404  
0.85311 0.349379 0.85311  0.349379  
0.53223 0.574325 12.2269  5.78179  
0.453513 0.941244 8.83259  5.18605  
0.416309 1.04493 9.15614  3.75538  
8.37185 3.88988 8.97784  3.73011  
5.43521 7.46317 9.38176  3.70278  
7.85708 5.50477 9.65602  3.65963  
1.16687 0.36766 11.8657  3.4861  
11.5722 9.75571 8.8385  3.39441  
0.845876 0.603847 18.6102  3.30421  
7.80188 6.71394 10.0203  3.29037  
22.5641 15.9294 9.09956  3.21331  
17.0283 24.9931 13.8769  3.00439  
9.38457 9.7153 11.2072  2.89  
10.7118 10.9373 12.2094  2.73929  
19.7569 16.9364 11.5507  2.76576  
24.7047 21.3598 10.7924  2.70171  
25.4067 12.4262 10.9019  2.86419  
7.03444 9.37497 9.47379  2.70284  
11.0489 15.1404 9.62011  2.94758  
24.7629 14.9876 8.96336  2.93913  
21.4883 18.4639 7.85891  2.68729  
14.62 17.3442 8.55153  3.04837  
8.3819 7.2331 8.30075  3.05692  
21.3494 21.7522 8.00392  3.15028  
12.011 8.22398 8.62124  3.33416  
11.4759 11.952 7.69513  3.26786  
9.72973 8.59993 6.77615  3.05344  
10.4784 6.70952 7.96317  3.70364  
11.9908 11.1834 6.56034  3.24089  
13.2972 9.25166 7.31922  3.72876  
19.7393 20.4964 7.35781  3.78135  
7.60125 7.46142 8.19556  3.97006  
14.9133 21.8361 6.97863  3.98814  
29.5459 25.9511 6.90998  4.21633  
8.92658 6.70074 6.11098  3.86915  
6.56037 9.36672 6.44183  4.28497  
9.34785 7.27651 4.85138  3.33121  
27.0238 24.8474 5.39355  3.69566  
26.5072 23.9184 7.0082  5.08893  
19.8586 13.7572 6.03381  4.71389  
25.4608 19.6958 6.3016  5.00186  
23.3493 17.3271 5.47113  4.54588  
9.38764 6.9657 6.00215  5.21519  
25.0448 18.5062 5.69485  5.30034  
11.6475 13.3774 5.43928  5.05278  
22.4499 17.4181 5.63377  5.26517  
24.6715 10.6714 3.25121  3.21873  
9.73135 11.9938 4.89494  5.11156  
17.1939 23.4622 5.852  6.16255  
20.7065 16.6061 4.80815  5.36676  
7.12125 10.5096 5.16114  6.13361  
18.3517 19.6416 4.93719  6.0013  
28.4996 18.311 5.19702  7.06399  
28.141 18.7466 3.22133  4.15226  
21.2798 15.2936 4.44024  6.06637  
14.3945 21.409 4.16802  5.85136  
16.4064 22.6003 4.88185  7.30854  
8.56807 9.2329 1.70208  2.41111  
14.8223 18.539 4.55891  7.59406  
14.9607 17.4598 4.03782  6.74688  
9.27509 10.8337 4.09876  7.15582  
8.86107 11.3287 3.83188  6.84471  
13.4568 8.0548 0.53223  0.574325  
12.7144 14.4501 3.75224  7.38222  
12.8509 21.1618 3.87042  8.01056  
11.5833 10.1287 3.47136  7.77295  
13.1709 16.9427 3.44502  7.65439  
8.57621 9.02133 3.13872  7.45058  
17.7625 10.5271 3.51281  8.5796  
19.9843 19.0501 3.55577  9.13701  
15.0225 13.5605 2.93083  7.88577  
6.79161 7.34452 3.07388  8.8056  
28.9137 20.3599 3.22507  9.77902  
16.2504 15.2338 3.15582  10.0786  
11.893 11.6041 3.23086  10.6578  
12.7462 13.1139 3.54873  9.60967  
23.3414 17.2286 3.64887  13.1642  
26.3453 18.1381 3.7019  9.5141  
8.54201 8.75684 3.71634  12.9353  
28.1434 18.3563 3.74977  10.7086  
11.2611 7.99854 3.82539  8.57152  
19.1471 12.6246 3.94152  9.34283  
13.0267 18.4297 3.98057  9.57892  
14.2106 13.9899 4.38766  9.19969  
9.40628 7.28803 4.481  8.73179  
24.0644 13.7146 4.85377  9.76767  
16.9896 13.5312 4.99593  7.44647  
22.0575 12.6929 5.00399  17.2043  
23.8058 12.2723 5.20018  9.4288  
8.7654 7.53378 5.29082  7.95305  
12.0789 8.6728 5.8824  7.36381  
12.722 6.99344 6.01559  6.5381  
18.9209 15.8575 6.44774  6.79345  
6.80787 8.57907 6.63004  16.4402  
9.3893 6.32603 9.32525  10.5607  
0.467746 0.54571 14.9229  2.73601  
0.446455 0.766194 2.53039  10.6688  
0.85067 0.31595 7.69089  2.69105  
0.684797 0.540807 7.17412  2.65881  
1.09275 0.281099 10.7029  2.57328  
0.839243 0.421358 7.3471  2.57191  
0.357151 2.19846 9.79764  2.48053  
0.358901 1.04345 8.36808  2.39661  
1.23744 0.267401 7.09753  2.36668  
14.9229 2.87115 9.17594  2.36033  
1.40896 0.273183 8.83903  2.33418  
0.734318 0.544691 0.85067  0.31595  
16.3132 11.4211 8.79092  2.31883  
0.845876 0.603847 14.9615  2.30856  
7.80188 6.71394 8.32207  2.17679  
22.5641 15.9294 11.9303  2.11863  
17.0283 24.9931 8.6625  2.16719  
9.38457 9.7153 8.97649  1.90548  
10.7118 10.9373 9.17021  2.07155  
19.7569 16.9364 6.89698  1.6955  
24.7047 21.3598 6.50235  1.69765  
25.4067 12.4262 3.7821  1.11362  
7.03444 9.37497 6.11448  1.79155  
11.0489 15.1404 5.73873  1.77228  
24.7629 14.9876 5.2292  1.7259  
21.4883 18.4639 6.15051  2.07707  
14.62 17.3442 7.07829  2.33798  
8.3819 7.2331 4.62769  1.75461  
21.3494 21.7522 1.87209  0.828012  
12.011 8.22398 3.44488  1.45091  
11.4759 11.952 5.91592  2.42664  
9.72973 8.59993 6.01882  2.79216  
10.4784 6.70952 4.88991  2.31053  
11.9908 11.1834 4.8047  2.38182  
13.2972 9.25166 5.26076  2.70025  
19.7393 20.4964 5.54588  2.94191  
7.60125 7.46142 1.12273  0.689134  
14.9133 21.8361 3.76489  2.19825  
29.5459 25.9511 3.3745  2.07156  
8.92658 6.70074 3.81989  2.41337  
6.56037 9.36672 3.98158  2.60542  
9.34785 7.27651 4.55665  3.02966  
27.0238 24.8474 3.81687  2.71401  
26.5072 23.9184 4.43468  3.24971  
19.8586 13.7572 3.83399  2.89915  
25.4608 19.6958 5.25649  4.18118  
23.3493 17.3271 4.78563  3.94764  
9.38764 6.9657 4.66733  4.00309  
25.0448 18.5062 3.80429  3.36473  
11.6475 13.3774 3.59837  3.30434  
22.4499 17.4181 4.31767  4.18018  
24.6715 10.6714 3.48715  3.49445  
9.73135 11.9938 2.91825  2.95414  
17.1939 23.4622 4.00375  4.25805  
20.7065 16.6061 3.5341  3.93164  
7.12125 10.5096 3.38065  3.9  
18.3517 19.6416 3.90371  4.67796  
28.4996 18.311 3.17016  3.97914  
28.141 18.7466 4.01725  5.43915  
21.2798 15.2936 3.23187  4.44242  
14.3945 21.409 2.51353  3.50124  
16.4064 22.6003 3.22898  4.55497  
8.56807 9.2329 1.08014  1.45348  
14.8223 18.539 2.50973  4.02957  
14.9607 17.4598 1.93065  3.05919  
9.27509 10.8337 3.18329  5.44428  
8.86107 11.3287 2.93193  5.47182  
13.4568 8.0548 2.65825  4.93658  
12.7144 14.4501 2.94429  6.17796  
12.8509 21.1618 2.37113  4.82988  
11.5833 10.1287 2.06755  4.2386  
13.1709 16.9427 0.467746  0.54571  
8.57621 9.02133 1.82629  4.10576  
17.7625 10.5271 2.29889  5.54525  
19.9843 19.0501 2.14368  5.34899  
15.0225 13.5605 2.16832  5.70232  
6.79161 7.34452 1.82466  4.91969  
28.9137 20.3599 1.45423  4.06203  
16.2504 15.2338 2.15903  6.53205  
11.893 11.6041 1.89735  6.0937  
12.7462 13.1139 2.00612  6.91854  
23.3414 17.2286 1.85188  6.90961  
26.3453 18.1381 1.70493  6.9678  
8.54201 8.75684 1.28116  4.7791  
28.1434 18.3563 1.88364  8.01543  
11.2611 7.99854 1.88586  8.90906  
19.1471 12.6246 1.95078  8.97458  
13.0267 18.4297 2.02357  8.30701  
14.2106 13.9899 2.03234  8.95377  
9.40628 7.28803 2.07403  10.2376  
24.0644 13.7146 2.13178  7.57772  
16.9896 13.5312 2.13178  8.39142  
22.0575 12.6929 2.18732  7.85506  
23.8058 12.2723 2.21867  9.85979  
8.7654 7.53378 2.23559  11.532  
12.0789 8.6728 2.23874  9.33189  
12.722 6.99344 2.30064  11.2009  
18.9209 15.8575 2.30064  10.0301  
6.80787 8.57907 2.42208  9.34115  
9.3893 6.32603 2.52319  15.2299  
0.20941 0.5715 4.87796  0.0683139  
0.358124 0.48437 0.144814  7.08037  
0.150037 1.08017 0.878041  0.0704252  
0.87642 0.0794708 1.88633  0.0709985  
0.147469 1.24544 1.8884  0.0867733  
0.694787 0.218725 1.86947  0.129842  
0.140724 1.2584 1.9193  0.0710946  
0.360316 0.460677 1.74  0.172562  
0.877661 0.0758416 1.68721  0.172562  
0.567011 0.455238 1.68875  0.172562  
0.216834 0.560779 1.67687  0.197375  
0.696844 0.1718 1.69394  0.177498  
0.876404 0.146017 1.70305  0.176982  
0.208733 0.648928 1.70325  0.178462  
0.129524 2.8219 1.70468  0.206619  
0.564708 0.45906 1.71472  0.248908  
0.878041 0.0704252 1.10022  0.235087  
0.216551 0.560922 0.694935  0.172562  
0.694935 0.172562 1.73123  0.378229  
1.91317 0.068074 1.74057  0.283444  
0.694735 0.452169 1.35695  0.349701  
0.218192 0.557024 1.5947  0.460677  
4.87796 0.0683139 1.59572  0.459157  
0.696046 0.17621 1.46786  0.455238  
6.03955 0.06858 1.39513  0.45906  
0.570951 0.500013 1.3768  0.460677  
0.22458 0.564633 1.39236  0.460538  
0.879433 0.0693743 1.3955  0.460674  
0.716892 0.171677 1.39555  0.460677  
9.34233 1.90556 1.33826  0.57055  
11.4759 11.952 1.28555  0.564877  
9.72973 8.59993 1.2225  0.557024  
10.4784 6.70952 1.20834  0.557564  
11.9908 11.1834 1.2086  0.559696  
13.2972 9.25166 1.21665  0.560945  
19.7393 20.4964 1.22026  0.560752  
7.60125 7.46142 1.22103  0.561857  
14.9133 21.8361 1.26767  0.572972  
29.5459 25.9511 1.35463  0.685272  
8.92658 6.70074 1.25494  0.765386  
6.56037 9.36672 1.25724  0.764523  
9.34785 7.27651 1.38248  0.798915  
27.0238 24.8474 1.42328  0.964617  
26.5072 23.9184 1.44179  1.08013  
19.8586 13.7572 1.29927  1.07428  
25.4608 19.6958 1.22457  0.972652  
23.3493 17.3271 1.21901  0.973077  
9.38764 6.9657 1.28644  1.08017  
25.0448 18.5062 1.23804  1.06117  
11.6475 13.3774 1.19827  1.06863  
22.4499 17.4181 1.11848  1.07232  
24.6715 10.6714 1.083  1.04584  
9.73135 11.9938 1.0858  1.15558  
17.1939 23.4622 1.09824  1.13108  
20.7065 16.6061 1.03996  1.11791  
7.12125 10.5096 0.890655  1.11654  
18.3517 19.6416 0.878489  1.09058  
28.4996 18.311 0.896739  1.07107  
28.141 18.7466 0.878041  1.08289  
21.2798 15.2936 0.878243  1.11346  
14.3945 21.409 0.556552  0.703186  
16.4064 22.6003 0.696623  1.16986  
8.56807 9.2329 0.698511  1.16594  
14.8223 18.539 0.360316  0.460677  
14.9607 17.4598 0.697721  1.16427  
9.27509 10.8337 0.695975  1.16393  
8.86107 11.3287 0.694935  1.16248  
13.4568 8.0548 0.694735  1.19472  
12.7144 14.4501 0.694914  1.25104  
12.8509 21.1618 0.695878  1.18807  
11.5833 10.1287 0.696617  1.37749  
13.1709 16.9427 0.661034  1.38857  
8.57621 9.02133 0.686387  1.46431  
17.7625 10.5271 0.806973  1.78275  
19.9843 19.0501 0.633192  1.59867  
15.0225 13.5605 0.57182  1.56702  
6.79161 7.34452 0.55897  1.46825  
28.9137 20.3599 0.557899  1.54546  
16.2504 15.2338 0.46218  1.63165  
11.893 11.6041 0.383968  1.62011  
12.7462 13.1139 0.446232  1.54636  
23.3414 17.2286 0.374597  1.53031  
26.3453 18.1381 0.360384  1.49075  
8.54201 8.75684 0.397026  1.4902  
28.1434 18.3563 0.218192  0.557024  
11.2611 7.99854 0.369512  1.45719  
19.1471 12.6246 0.360316  1.46867  
13.0267 18.4297 0.238651  1.65196  
14.2106 13.9899 0.217322  1.60913  
9.40628 7.28803 0.216905  1.56864  
24.0644 13.7146 0.216905  1.56601  
16.9896 13.5312 0.218192  1.56503  
22.0575 12.6929 0.216496  1.55958  
23.8058 12.2723 0.219574  1.55313  
8.7654 7.53378 0.216915  1.55273  
12.0789 8.6728 0.210253  1.84725  
12.722 6.99344 0.151212  2.06821  
18.9209 15.8575 0.151212  1.08017  
6.80787 8.57907 0.151303  2.04167  
9.3893 6.32603 0.150619  4.03303  
0.199935 0.553232 8.10844  0.0679739  
0.0324399 0.945166 0.0189143  1.32982  
0.876518 0.0702881 0.876518  0.0702881  
0.876226 0.0715742 0.876518  0.0702881  
0.694274 0.170528 0.876518  0.0702881  
0.315802 0.438905 0.876518  0.0702881  
0.520126 0.438492 0.876518  0.0702881  
0.0189143 1.32982 0.876518  0.0702881  
0.316155 0.438514 0.876518  0.0702881  
0.0191011 1.15671 0.876518  0.0702881  
0.031127 1.02969 0.876518  0.0702881  
0.199931 0.789687 0.876518  0.0702881  
0.200027 0.553046 0.876518  0.0702881  
0.87685 0.0687674 0.694274  0.170528  
0.69427 0.375775 0.694274  0.170528  
0.875737 0.0770693 0.694274  0.170528  
0.694274 0.370746 0.694274  0.170528  
0.0293601 1.13731 0.694274  0.170528  
0.694516 0.168768 0.694274  0.170528  
0.127659 0.942909 0.694274  0.170528  
0.0686333 0.944964 0.694274  0.170528  
7.13879 2.98489 0.694274  0.170528  
0.704316 0.16828 0.694274  0.170528  
2.42039 0.0670827 0.694274  0.170528  
0.583548 0.43863 0.694274  0.170528  
6.86186 0.273304 0.694274  0.170528  
0.200442 0.553047 0.694274  0.170528  
0.0276365 1.40378 0.694274  0.170528  
8.28824 0.0679758 0.694274  0.170528  
9.76547 0.785008 0.694274  0.170528  
0.315838 0.465965 0.694274  0.170528  
0.0309565 2.95133 0.694274  0.170528  
0.694284 0.372944 0.694274  0.370746  
8.03165 0.268744 0.69427  0.375775  
4.01267 0.851005 0.69427  0.375775  
19.7393 20.4964 0.69427  0.375775  
7.60125 7.46142 0.69427  0.375775  
14.9133 21.8361 0.520126  0.438492  
29.5459 25.9511 0.520126  0.438492  
8.92658 6.70074 0.520126  0.438492  
6.56037 9.36672 0.520126  0.438492  
9.34785 7.27651 0.520126  0.438492  
27.0238 24.8474 0.520126  0.438492  
26.5072 23.9184 0.520126  0.438492  
19.8586 13.7572 0.315802  0.438925  
25.4608 19.6958 0.315802  0.438925  
23.3493 17.3271 0.315802  0.438925  
9.38764 6.9657 0.315802  0.438925  
25.0448 18.5062 0.315802  0.438925  
11.6475 13.3774 0.315802  0.438925  
22.4499 17.4181 0.315802  0.438925  
24.6715 10.6714 0.315802  0.438925  
9.73135 11.9938 0.315802  0.438925  
17.1939 23.4622 0.315802  0.438925  
20.7065 16.6061 0.315802  0.438925  
7.12125 10.5096 0.315802  0.438925  
18.3517 19.6416 0.315802  0.438925  
28.4996 18.311 0.315802  0.438925  
28.141 18.7466 0.315802  0.438925  
21.2798 15.2936 0.315802  0.438925  
14.3945 21.409 0.315802  0.438925  
16.4064 22.6003 0.315802  0.438925  
8.56807 9.2329 0.315802  0.438925  
14.8223 18.539 0.199935  0.553232  
14.9607 17.4598 0.199935  0.553232  
9.27509 10.8337 0.199935  0.553232  
8.86107 11.3287 0.199935  0.553232  
13.4568 8.0548 0.199935  0.553232  
12.7144 14.4501 0.199935  0.553232  
12.8509 21.1618 0.199935  0.553232  
11.5833 10.1287 0.199935  0.553232  
13.1709 16.9427 0.199935  0.553232  
8.57621 9.02133 0.199935  0.553232  
17.7625 10.5271 0.199935  0.553232  
19.9843 19.0501 0.199935  0.553232  
15.0225 13.5605 0.199935  0.553232  
6.79161 7.34452 0.199935  0.553232  
28.9137 20.3599 0.199935  0.553232  
16.2504 15.2338 0.199935  0.553232  
11.893 11.6041 0.199935  0.553232  
12.7462 13.1139 0.199931  0.789687  
23.3414 17.2286 0.199931  0.789687  
26.3453 18.1381 0.199931  0.789687  
8.54201 8.75684 0.0324487  0.945166  
28.1434 18.3563 0.0324487  0.945166  
11.2611 7.99854 0.0324487  0.945166  
19.1471 12.6246 0.0324487  0.945166  
13.0267 18.4297 0.0324487  0.945166  
14.2106 13.9899 0.0324487  0.945166  
9.40628 7.28803 0.0324487  0.945166  
24.0644 13.7146 0.0324487  0.945166  
16.9896 13.5312 0.0324487  0.945166  
22.0575 12.6929 0.0324487  0.945166  
23.8058 12.2723 0.0324487  0.945166  
8.7654 7.53378 0.0324487  0.945166  
12.0789 8.6728 0.0324487  0.945166  
12.722 6.99344 0.0324487  0.945166  
18.9209 15.8575 0.0324487  0.945166  
6.80787 8.57907 0.0324487  0.945166  
9.3893 6.32603 0.0213207  1.15671  
0.199831 0.553202 3.34773  0.0674196  
0.0160959 0.920097 0.0123258  0.920099  
0.0153005 0.920098 0.874614  0.0702852  
0.199831 0.555747 0.874614  0.0736548  
0.199831 0.754012 0.874614  0.0873996  
0.0123258 0.920099 0.874614  0.0873996  
0.634613 0.405779 0.874614  0.0992497  
0.874614 0.0702852 0.874614  0.0992497  
0.694268 0.16901 0.874614  0.0992497  
0.634806 0.204927 0.874614  0.0992497  
0.634616 0.205546 0.874614  0.0992497  
0.315638 0.438434 0.874614  0.0992497  
0.200027 0.553046 0.694268  0.16901  
0.87685 0.0687674 0.694268  0.16901  
3.34773 0.0674196 0.694268  0.16901  
0.875737 0.0770693 0.694268  0.169861  
5.64059 0.0679739 0.694268  0.169861  
0.0293601 1.13731 0.694268  0.169861  
0.694516 0.168768 0.634806  0.204927  
0.127659 0.942909 0.634806  0.204927  
7.68894 0.271848 0.634616  0.205546  
7.88039 0.475119 0.634616  0.205546  
0.704316 0.16828 0.634616  0.205546  
2.42039 0.0670827 0.634616  0.205546  
0.583548 0.43863 0.634616  0.205546  
6.86186 0.273304 0.634616  0.205546  
0.200442 0.553047 0.634616  0.265477  
0.0276365 1.40378 0.634616  0.265477  
8.28824 0.0679758 0.634616  0.265477  
9.76547 0.785008 0.634616  0.300586  
0.315838 0.465965 0.634616  0.300586  
0.0309565 2.95133 0.634616  0.300586  
0.694284 0.372944 0.634616  0.300586  
8.03165 0.268744 0.634616  0.300586  
4.01267 0.851005 0.634616  0.300586  
19.7393 20.4964 0.634616  0.300586  
7.60125 7.46142 0.634616  0.300586  
14.9133 21.8361 0.634613  0.414658  
29.5459 25.9511 0.634613  0.414658  
8.92658 6.70074 0.315638  0.438434  
6.56037 9.36672 0.315638  0.438434  
9.34785 7.27651 0.315638  0.438434  
27.0238 24.8474 0.315638  0.438434  
26.5072 23.9184 0.315638  0.438434  
19.8586 13.7572 0.315638  0.438434  
25.4608 19.6958 0.315638  0.438434  
23.3493 17.3271 0.315638  0.438434  
9.38764 6.9657 0.315638  0.438434  
25.0448 18.5062 0.315638  0.438434  
11.6475 13.3774 0.315638  0.438434  
22.4499 17.4181 0.315638  0.438434  
24.6715 10.6714 0.315638  0.438434  
9.73135 11.9938 0.315638  0.438434  
17.1939 23.4622 0.315638  0.438434  
20.7065 16.6061 0.315638  0.438434  
7.12125 10.5096 0.315638  0.438434  
18.3517 19.6416 0.315638  0.438434  
28.4996 18.311 0.315638  0.438434  
28.141 18.7466 0.315638  0.438434  
21.2798 15.2936 0.315638  0.438434  
14.3945 21.409 0.315638  0.438434  
16.4064 22.6003 0.315638  0.438434  
8.56807 9.2329 0.199835  0.553081  
14.8223 18.539 0.199835  0.553081  
14.9607 17.4598 0.199835  0.553081  
9.27509 10.8337 0.199835  0.553081  
8.86107 11.3287 0.199835  0.553081  
13.4568 8.0548 0.199835  0.553081  
12.7144 14.4501 0.199835  0.553081  
12.8509 21.1618 0.199835  0.553081  
11.5833 10.1287 0.199835  0.553081  
13.1709 16.9427 0.199835  0.553081  
8.57621 9.02133 0.199835  0.553081  
17.7625 10.5271 0.199831  0.555747  
19.9843 19.0501 0.199831  0.555747  
15.0225 13.5605 0.199831  0.555747  
6.79161 7.34452 0.199831  0.555747  
28.9137 20.3599 0.199831  0.555747  
16.2504 15.2338 0.199831  0.555747  
11.893 11.6041 0.199831  0.754012  
12.7462 13.1139 0.199831  0.754012  
23.3414 17.2286 0.199831  0.754012  
26.3453 18.1381 0.0160959  0.920097  
8.54201 8.75684 0.0160959  0.920097  
28.1434 18.3563 0.0160959  0.920097  
11.2611 7.99854 0.0160959  0.920097  
19.1471 12.6246 0.0160959  0.920097  
13.0267 18.4297 0.0160959  0.920097  
14.2106 13.9899 0.0160959  0.920097  
9.40628 7.28803 0.0160959  0.920097  
24.0644 13.7146 0.0160959  0.920097  
16.9896 13.5312 0.0160959  0.920097  
22.0575 12.6929 0.0160959  0.920097  
23.8058 12.2723 0.0160959  0.920097  
8.7654 7.53378 0.0160959  0.920097  
12.0789 8.6728 0.0160959  0.920097  
12.722 6.99344 0.0160959  0.920097  
18.9209 15.8575 0.0160959  0.920097  
6.80787 8.57907 0.0160959  0.920097  
9.3893 6.32603 0.0160959  0.920097  
0.0103652 0.919466 0.893166  0.0667982  
0.200118 0.553046 0.00722877  1.12211  
0.00809173 0.919492 0.874591  0.0680329  
0.633702 0.205921 0.874591  0.078595  
0.694267 0.168867 0.874591  0.0813771  
0.199779 0.554198 0.874591  0.0813771  
0.634472 0.204525 0.874591  0.0813771  
0.874591 0.0680329 0.874591  0.117522  
0.315894 0.438286 0.874591  0.117522  
0.893166 0.0667982 0.874591  0.117522  
0.315529 0.438665 0.874591  0.117522  
0.00722877 1.12211 0.874591  0.117522  
0.63362 0.278505 0.694639  0.168309  
1.1009 0.0667982 0.694639  0.168309  
0.893166 0.271605 0.694639  0.168309  
0.694639 0.168309 0.694267  0.173114  
0.874591 0.0730075 0.694267  0.173114  
0.00718521 1.13668 0.694267  0.173114  
0.650859 0.204514 0.650618  0.204514  
0.893167 0.671658 0.635443  0.204525  
1.90633 0.267278 0.633702  0.205921  
7.88039 0.475119 0.633702  0.205921  
0.704316 0.16828 0.633702  0.205921  
2.42039 0.0670827 0.633702  0.205921  
0.583548 0.43863 0.633702  0.205921  
6.86186 0.273304 0.633702  0.205921  
0.200442 0.553047 0.633702  0.274926  
0.0276365 1.40378 0.63362  0.278505  
8.28824 0.0679758 0.63362  0.278505  
9.76547 0.785008 0.63362  0.278505  
0.315838 0.465965 0.63362  0.278505  
0.0309565 2.95133 0.63362  0.278505  
0.694284 0.372944 0.63362  0.278505  
8.03165 0.268744 0.63362  0.278505  
4.01267 0.851005 0.63362  0.278505  
19.7393 20.4964 0.63362  0.278505  
7.60125 7.46142 0.63362  0.278505  
14.9133 21.8361 0.63362  0.278505  
29.5459 25.9511 0.315894  0.438286  
8.92658 6.70074 0.315894  0.438286  
6.56037 9.36672 0.315894  0.438286  
9.34785 7.27651 0.315894  0.438286  
27.0238 24.8474 0.315894  0.438286  
26.5072 23.9184 0.315894  0.438286  
19.8586 13.7572 0.315894  0.438286  
25.4608 19.6958 0.315894  0.438286  
23.3493 17.3271 0.315894  0.438286  
9.38764 6.9657 0.315894  0.438286  
25.0448 18.5062 0.315894  0.438286  
11.6475 13.3774 0.315894  0.438286  
22.4499 17.4181 0.315894  0.438286  
24.6715 10.6714 0.315894  0.438286  
9.73135 11.9938 0.315894  0.438286  
17.1939 23.4622 0.315894  0.438286  
20.7065 16.6061 0.315894  0.438286  
7.12125 10.5096 0.315894  0.438286  
18.3517 19.6416 0.315529  0.44649  
28.4996 18.311 0.315529  0.44649  
28.141 18.7466 0.315529  0.44649  
21.2798 15.2936 0.315529  0.44649  
14.3945 21.409 0.315529  0.44649  
16.4064 22.6003 0.315529  0.44649  
8.56807 9.2329 0.200654  0.553046  
14.8223 18.539 0.200654  0.553046  
14.9607 17.4598 0.200654  0.553046  
9.27509 10.8337 0.200654  0.553046  
8.86107 11.3287 0.200654  0.553046  
13.4568 8.0548 0.200654  0.553046  
12.7144 14.4501 0.200654  0.553046  
12.8509 21.1618 0.200654  0.553046  
11.5833 10.1287 0.200654  0.553046  
13.1709 16.9427 0.200654  0.553046  
8.57621 9.02133 0.199779  0.554198  
17.7625 10.5271 0.199779  0.554198  
19.9843 19.0501 0.199779  0.58764  
15.0225 13.5605 0.199779  0.58764  
6.79161 7.34452 0.199779  0.58764  
28.9137 20.3599 0.199779  0.58764  
16.2504 15.2338 0.199779  0.58764  
11.893 11.6041 0.199779  0.767974  
12.7462 13.1139 0.199779  0.767974  
23.3414 17.2286 0.199779  0.870244  
26.3453 18.1381 0.0318592  0.919466  
8.54201 8.75684 0.0318592  0.919466  
28.1434 18.3563 0.0318592  0.919466  
11.2611 7.99854 0.0318592  0.919466  
19.1471 12.6246 0.0318592  0.919466  
13.0267 18.4297 0.0318592  0.919466  
14.2106 13.9899 0.0318592  0.919466  
9.40628 7.28803 0.0318592  0.919466  
24.0644 13.7146 0.0318592  0.919466  
16.9896 13.5312 0.0318592  0.919466  
22.0575 12.6929 0.0318592  0.919466  
23.8058 12.2723 0.0318592  0.919466  
8.7654 7.53378 0.0318592  0.919466  
12.0789 8.6728 0.0318592  0.919466  
12.722 6.99344 0.0318592  0.919466  
18.9209 15.8575 0.0114442  0.919466  
6.80787 8.57907 0.0114442  0.919466  
9.3893 6.32603 0.0114442  0.919466  
0.00674557 0.919463 0.874714  0.0652212  
0.199779 0.553057 0.00674557  0.919463  
0.633896 0.204274 0.874587  0.0694047  
0.199771 0.554154 0.874587  0.0694047  
0.634267 0.204255 0.874587  0.0694047  
0.695129 0.167045 0.874587  0.0694047  
0.315527 0.438552 0.874587  0.0694047  
0.31692 0.438285 0.874587  0.0694047  
0.20178 0.553045 0.874587  0.0694047  
0.633562 0.20537 0.874587  0.0694047  
0.874587 0.0668722 0.874587  0.0694047  
0.698674 0.167042 0.874587  0.0694047  
0.874714 0.0652212 0.698674  0.167042  
0.694267 0.175572 0.698674  0.167042  
2.16661 0.292522 0.698674  0.167042  
0.874659 0.380338 0.694267  0.169933  
0.96107 0.500823 0.694267  0.175572  
0.694267 0.169734 0.694267  0.175572  
0.696499 0.167216 0.634267  0.204255  
0.874588 0.0691122 0.634267  0.204255  
0.00709306 0.919464 0.633562  0.20537  
0.961028 0.279607 0.633562  0.20537  
0.704316 0.16828 0.633562  0.20537  
2.42039 0.0670827 0.633562  0.20537  
0.583548 0.43863 0.633562  0.20537  
6.86186 0.273304 0.633562  0.20537  
0.200442 0.553047 0.633562  0.20537  
0.0276365 1.40378 0.633562  0.20537  
8.28824 0.0679758 0.633562  0.20537  
9.76547 0.785008 0.633562  0.20537  
0.315838 0.465965 0.633562  0.20537  
0.0309565 2.95133 0.633562  0.20537  
0.694284 0.372944 0.633562  0.20537  
8.03165 0.268744 0.633562  0.20537  
4.01267 0.851005 0.633562  0.20537  
19.7393 20.4964 0.633562  0.20537  
7.60125 7.46142 0.633562  0.405325  
14.9133 21.8361 0.633562  0.405325  
29.5459 25.9511 0.633562  0.405325  
8.92658 6.70074 0.31692  0.438285  
6.56037 9.36672 0.31692  0.438285  
9.34785 7.27651 0.31692  0.438285  
27.0238 24.8474 0.31692  0.438285  
26.5072 23.9184 0.31692  0.438285  
19.8586 13.7572 0.31692  0.438285  
25.4608 19.6958 0.31692  0.438285  
23.3493 17.3271 0.31692  0.438285  
9.38764 6.9657 0.31692  0.438285  
25.0448 18.5062 0.31692  0.438285  
11.6475 13.3774 0.31692  0.438285  
22.4499 17.4181 0.31692  0.438285  
24.6715 10.6714 0.31692  0.438285  
9.73135 11.9938 0.31692  0.438285  
17.1939 23.4622 0.31692  0.438285  
20.7065 16.6061 0.31692  0.438285  
7.12125 10.5096 0.31692  0.438285  
18.3517 19.6416 0.315527  0.442836  
28.4996 18.311 0.315527  0.442836  
28.141 18.7466 0.315527  0.479776  
21.2798 15.2936 0.315527  0.479776  
14.3945 21.409 0.315527  0.479776  
16.4064 22.6003 0.315527  0.479776  
8.56807 9.2329 0.20178  0.553045  
14.8223 18.539 0.20178  0.553045  
14.9607 17.4598 0.20178  0.553045  
9.27509 10.8337 0.20178  0.553045  
8.86107 11.3287 0.20178  0.553045  
13.4568 8.0548 0.20178  0.553045  
12.7144 14.4501 0.20178  0.553045  
12.8509 21.1618 0.20178  0.553045  
11.5833 10.1287 0.20178  0.553045  
13.1709 16.9427 0.20178  0.553045  
8.57621 9.02133 0.199771  0.554154  
17.7625 10.5271 0.199771  0.554154  
19.9843 19.0501 0.199771  0.554154  
15.0225 13.5605 0.199771  0.554154  
6.79161 7.34452 0.199771  0.554154  
28.9137 20.3599 0.199771  0.554154  
16.2504 15.2338 0.199771  0.554154  
11.893 11.6041 0.199771  0.756659  
12.7462 13.1139 0.199771  0.756659  
23.3414 17.2286 0.199771  0.756659  
26.3453 18.1381 0.00755584  0.919463  
8.54201 8.75684 0.00755584  0.919463  
28.1434 18.3563 0.00755584  0.919463  
11.2611 7.99854 0.00755584  0.919463  
19.1471 12.6246 0.00755584  0.919463  
13.0267 18.4297 0.00755584  0.919463  
14.2106 13.9899 0.00755584  0.919463  
9.40628 7.28803 0.00755584  0.919463  
24.0644 13.7146 0.00755584  0.919463  
16.9896 13.5312 0.00755584  0.919463  
22.0575 12.6929 0.00755584  0.919463  
23.8058 12.2723 0.00755584  0.919463  
8.7654 7.53378 0.00755584  0.919463  
12.0789 8.6728 0.00755584  0.919463  
12.722 6.99344 0.00755584  0.919463  
18.9209 15.8575 0.00755584  0.919463  
6.80787 8.57907 0.00755584  0.919463  
9.3893 6.32603 0.00755584  0.919463  
0.199771 0.556876 0.874586  0.0651615  
0.199779 0.553057 0.00668348  0.919463  
0.633852 0.204251 0.874586  0.0690146  
0.00668348 0.919463 0.874586  0.0750687  
0.633562 0.206734 0.874586  0.0750687  
0.633562 0.206269 0.874586  0.0959272  
0.63529 0.204193 0.874586  0.0959272  
0.874586 0.0651615 0.874586  0.0959272  
0.20066 0.553045 0.874586  0.0959272  
0.316762 0.438284 0.874586  0.0959272  
0.874586 1.07832 0.874586  0.0959272  
0.694267 0.167512 0.874586  0.0959272  
0.315526 0.438678 0.695714  0.166882  
0.635721 0.204193 0.695714  0.166882  
0.00666367 0.919463 0.695714  0.166882  
0.697809 0.166882 0.694267  0.167596  
1.49312 0.0651399 0.694267  0.175953  
1.49308 0.0651864 0.694267  0.175953  
1.0747 2.09636 0.63529  0.204193  
0.874588 0.0691122 0.63529  0.204193  
0.00709306 0.919464 0.633562  0.208936  
0.961028 0.279607 0.633562  0.208936  
0.704316 0.16828 0.633562  0.208936  
2.42039 0.0670827 0.633562  0.23561  
0.583548 0.43863 0.633562  0.23561  
6.86186 0.273304 0.633562  0.23561  
0.200442 0.553047 0.633562  0.23561  
0.0276365 1.40378 0.633562  0.23561  
8.28824 0.0679758 0.633562  0.23561  
9.76547 0.785008 0.633562  0.23561  
0.315838 0.465965 0.633562  0.320796  
0.0309565 2.95133 0.633562  0.320796  
0.694284 0.372944 0.633562  0.320796  
8.03165 0.268744 0.633562  0.320796  
4.01267 0.851005 0.633562  0.320796  
19.7393 20.4964 0.633562  0.320796  
7.60125 7.46142 0.633562  0.398972  
14.9133 21.8361 0.633562  0.412817  
29.5459 25.9511 0.633562  0.422813  
8.92658 6.70074 0.316762  0.438284  
6.56037 9.36672 0.316762  0.438284  
9.34785 7.27651 0.316762  0.438284  
27.0238 24.8474 0.316762  0.438284  
26.5072 23.9184 0.316762  0.438284  
19.8586 13.7572 0.316762  0.438284  
25.4608 19.6958 0.316762  0.438284  
23.3493 17.3271 0.316762  0.438284  
9.38764 6.9657 0.316762  0.438284  
25.0448 18.5062 0.316762  0.438284  
11.6475 13.3774 0.316762  0.438284  
22.4499 17.4181 0.316762  0.438284  
24.6715 10.6714 0.316762  0.438284  
9.73135 11.9938 0.316762  0.438284  
17.1939 23.4622 0.316762  0.438284  
20.7065 16.6061 0.316762  0.438284  
7.12125 10.5096 0.316762  0.438284  
18.3517 19.6416 0.315526  0.444758  
28.4996 18.311 0.315526  0.453232  
28.141 18.7466 0.315526  0.453232  
21.2798 15.2936 0.315526  0.453232  
14.3945 21.409 0.315526  0.453232  
16.4064 22.6003 0.315526  0.453232  
8.56807 9.2329 0.204634  0.553045  
14.8223 18.539 0.204634  0.553045  
14.9607 17.4598 0.204634  0.553045  
9.27509 10.8337 0.204634  0.553045  
8.86107 11.3287 0.204634  0.553045  
13.4568 8.0548 0.204634  0.553045  
12.7144 14.4501 0.204634  0.553045  
12.8509 21.1618 0.204634  0.553045  
11.5833 10.1287 0.204634  0.553045  
13.1709 16.9427 0.204634  0.553045  
8.57621 9.02133 0.199771  0.558625  
17.7625 10.5271 0.199771  0.572087  
19.9843 19.0501 0.199771  0.589258  
15.0225 13.5605 0.199771  0.589258  
6.79161 7.34452 0.199771  0.589258  
28.9137 20.3599 0.199771  0.70892  
16.2504 15.2338 0.199771  0.70892  
11.893 11.6041 0.199771  0.70892  
12.7462 13.1139 0.199771  0.820474  
23.3414 17.2286 0.199771  0.820474  
26.3453 18.1381 0.0106162  0.919463  
8.54201 8.75684 0.0106162  0.919463  
28.1434 18.3563 0.0106162  0.919463  
11.2611 7.99854 0.0106162  0.919463  
19.1471 12.6246 0.0106162  0.919463  
13.0267 18.4297 0.0106162  0.919463  
14.2106 13.9899 0.0106162  0.919463  
9.40628 7.28803 0.0106162  0.919463  
24.0644 13.7146 0.0106162  0.919463  
16.9896 13.5312 0.0106162  0.919463  
22.0575 12.6929 0.0106162  0.919463  
23.8058 12.2723 0.0106162  0.919463  
8.7654 7.53378 0.0106162  0.919463  
12.0789 8.6728 0.0106162  0.919463  
12.722 6.99344 0.0106162  0.919463  
18.9209 15.8575 0.0106162  0.919463  
6.80787 8.57907 0.0106162  0.919463  
9.3893 6.32603 0.0106162  0.919463  
0.199771 0.554814 0.874584  0.0650334  
0.199779 0.553057 0.00662052  0.919453  
0.633753 0.204103 0.874584  0.0671196  
0.00662052 0.919453 0.874584  0.0760282  
0.315526 0.438496 0.874584  0.0866596  
1.08833 0.0650334 0.874584  0.0866596  
0.200926 0.553043 0.874584  0.0866596  
0.694267 0.167755 0.874584  0.111351  
0.316556 0.438284 0.874584  0.12252  
0.633561 0.205476 0.874584  0.12252  
0.697764 0.166852 0.874584  0.12252  
0.874584 0.0666635 0.874584  0.12252  
0.874584 0.0650276 0.697821  0.166852  
0.634394 0.204103 0.697821  0.166852  
0.874584 0.265056 0.697821  0.166852  
1.9595 0.0650659 0.694267  0.170394  
1.23162 0.0651348 0.694267  0.170394  
0.874586 0.760985 0.694267  0.170394  
1.0747 2.09636 0.634105  0.204103  
0.874588 0.0691122 0.634105  0.204103  
0.00709306 0.919464 0.633561  0.21063  
0.961028 0.279607 0.633561  0.214794  
0.704316 0.16828 0.633561  0.214794  
2.42039 0.0670827 0.633561  0.214794  
0.583548 0.43863 0.633561  0.214794  
6.86186 0.273304 0.633561  0.214794  
0.200442 0.553047 0.633561  0.214794  
0.0276365 1.40378 0.633561  0.214794  
8.28824 0.0679758 0.633561  0.214794  
9.76547 0.785008 0.633561  0.214794  
0.315838 0.465965 0.633561  0.214794  
0.0309565 2.95133 0.633561  0.214794  
0.694284 0.372944 0.633561  0.214794  
8.03165 0.268744 0.633561  0.214794  
4.01267 0.851005 0.633561  0.214794  
19.7393 20.4964 0.633561  0.214794  
7.60125 7.46142 0.633561  0.214794  
14.9133 21.8361 0.633561  0.409367  
29.5459 25.9511 0.633561  0.409367  
8.92658 6.70074 0.316285  0.438284  
6.56037 9.36672 0.316285  0.438284  
9.34785 7.27651 0.316285  0.438284  
27.0238 24.8474 0.316285  0.438284  
26.5072 23.9184 0.316285  0.438284  
19.8586 13.7572 0.316285  0.438284  
25.4608 19.6958 0.316285  0.438284  
23.3493 17.3271 0.316285  0.438284  
9.38764 6.9657 0.316285  0.438284  
25.0448 18.5062 0.316285  0.438284  
11.6475 13.3774 0.316285  0.438284  
22.4499 17.4181 0.316285  0.438284  
24.6715 10.6714 0.316285  0.438284  
9.73135 11.9938 0.316285  0.438284  
17.1939 23.4622 0.316285  0.438284  
20.7065 16.6061 0.316285  0.438284  
7.12125 10.5096 0.316285  0.438284  
18.3517 19.6416 0.315526  0.445912  
28.4996 18.311 0.315526  0.445912  
28.141 18.7466 0.315526  0.445912  
21.2798 15.2936 0.315526  0.445912  
14.3945 21.409 0.315526  0.445912  
16.4064 22.6003 0.315526  0.530643  
8.56807 9.2329 0.200722  0.553043  
14.8223 18.539 0.200722  0.553043  
14.9607 17.4598 0.200722  0.553043  
9.27509 10.8337 0.200722  0.553043  
8.86107 11.3287 0.200722  0.553043  
13.4568 8.0548 0.200722  0.553043  
12.7144 14.4501 0.200722  0.553043  
12.8509 21.1618 0.200722  0.553043  
11.5833 10.1287 0.200722  0.553043  
13.1709 16.9427 0.200722  0.553043  
8.57621 9.02133 0.199771  0.557845  
17.7625 10.5271 0.199771  0.557845  
19.9843 19.0501 0.199771  0.557845  
15.0225 13.5605 0.199771  0.557845  
6.79161 7.34452 0.199771  0.557845  
28.9137 20.3599 0.199771  0.557845  
16.2504 15.2338 0.199771  0.557845  
11.893 11.6041 0.199771  0.757236  
12.7462 13.1139 0.199771  0.757236  
23.3414 17.2286 0.199771  0.757236  
26.3453 18.1381 0.00730987  0.919453  
8.54201 8.75684 0.00730987  0.919453  
28.1434 18.3563 0.00730987  0.919453  
11.2611 7.99854 0.00730987  0.919453  
19.1471 12.6246 0.00730987  0.919453  
13.0267 18.4297 0.00730987  0.919453  
14.2106 13.9899 0.00730987  0.919453  
9.40628 7.28803 0.00730987  0.919453  
24.0644 13.7146 0.00730987  0.919453  
16.9896 13.5312 0.00730987  0.919453  
22.0575 12.6929 0.00730987  0.919453  
23.8058 12.2723 0.00730987  0.919453  
8.7654 7.53378 0.00730987  0.919453  
12.0789 8.6728 0.00730987  0.919453  
12.722 6.99344 0.00730987  0.919453  
18.9209 15.8575 0.00730987  0.919453  
6.80787 8.57907 0.00730987  0.919453  
9.3893 6.32603 0.00730987  0.919453  
