6.79888 6.12833 6.79888  6.12833  
5.85755 5.57475 5.85755  5.57475  
6.45678 5.70694 6.45678  5.70694  
6.68604 5.75486 6.68604  5.75486  
5.26105 6.13555 5.26105  6.13555  
5.74523 5.91872 5.74523  5.91872  
5.6802 5.50718 5.6802  5.50718  
5.71858 6.18729 5.71858  6.18729  
4.84558 6.96812 4.84558  6.96812  
6.42815 4.55641 6.42815  4.55641  
7.44938 5.81027 7.44938  5.81027  
5.4344 6.78149 5.4344  6.78149  
7.51629 5.31106 7.51629  5.31106  
7.6788 4.07561 7.6788  4.07561  
7.54789 5.72047 7.54789  5.72047  
7.7889 5.60111 7.7889  5.60111  
8.4347 5.47894 8.4347  5.47894  
5.88887 7.38338 5.88887  7.38338  
7.51327 5.21032 7.51327  5.21032  
6.26048 4.40118 6.26048  4.40118  
7.32388 5.49638 7.32388  5.49638  
6.20572 6.43146 6.20572  6.43146  
7.02361 6.32795 7.02361  6.32795  
4.78523 6.61473 4.78523  6.61473  
6.08391 4.85057 6.08391  4.85057  
7.01932 6.86672 7.01932  6.86672  
5.75044 5.21209 5.75044  5.21209  
6.36212 6.00896 6.36212  6.00896  
6.07481 7.38938 6.07481  7.38938  
6.32519 6.47591 6.32519  6.47591  
5.97708 4.41211 5.97708  4.41211  
6.27086 6.50767 6.27086  6.50767  
5.20918 5.53584 5.20918  5.53584  
8.2959 5.33245 8.2959  5.33245  
7.10567 6.02485 7.10567  6.02485  
7.27 6.307 7.27  6.307  
5.28157 5.29242 5.28157  5.29242  
5.43761 6.58126 5.43761  6.58126  
7.66457 5.03454 7.66457  5.03454  
7.60818 7.42766 7.60818  7.42766  
7.71144 6.15215 7.71144  6.15215  
4.50685 6.37521 4.50685  6.37521  
7.20617 5.01283 7.20617  5.01283  
5.86838 5.03325 5.86838  5.03325  
6.79732 6.15925 6.79732  6.15925  
6.01432 7.12965 6.01432  7.12965  
7.85725 5.4249 7.85725  5.4249  
6.84783 5.84932 6.84783  5.84932  
6.03673 6.74632 6.03673  6.74632  
5.94769 5.24145 5.94769  5.24145  
6.89999 4.6636 6.89999  4.6636  
6.01162 6.41503 6.01162  6.41503  
7.04228 6.0129 7.04228  6.0129  
5.31768 6.52701 5.31768  6.52701  
6.8827 6.03498 6.8827  6.03498  
6.69208 5.79237 6.69208  5.79237  
6.35483 6.00615 6.35483  6.00615  
5.86323 4.00648 5.86323  4.00648  
6.14582 5.68349 6.14582  5.68349  
6.67769 4.93683 6.67769  4.93683  
7.06674 6.67455 7.06674  6.67455  
7.11118 4.19038 7.11118  4.19038  
5.7469 5.72507 5.7469  5.72507  
7.30034 7.02304 7.30034  7.02304  
5.13063 5.14061 5.13063  5.14061  
7.02807 7.40642 7.02807  7.40642  
7.51087 5.11547 7.51087  5.11547  
6.05415 5.47202 6.05415  5.47202  
7.0809 5.89471 7.0809  5.89471  
5.30781 7.40048 5.30781  7.40048  
5.47055 5.36042 5.47055  5.36042  
5.32499 6.37364 5.32499  6.37364  
6.97812 6.93346 6.97812  6.93346  
6.25651 7.28804 6.25651  7.28804  
7.66573 6.43301 7.66573  6.43301  
6.92584 6.19813 6.92584  6.19813  
6.04785 6.63308 6.04785  6.63308  
6.93919 6.65018 6.93919  6.65018  
7.38392 5.79642 7.38392  5.79642  
5.69767 6.10871 5.69767  6.10871  
5.83249 5.13632 5.83249  5.13632  
6.47297 6.20588 6.47297  6.20588  
5.94115 6.0035 5.94115  6.0035  
6.09476 5.95514 6.09476  5.95514  
7.75004 6.19022 7.75004  6.19022  
6.06867 7.24328 6.06867  7.24328  
5.60179 6.01378 5.60179  6.01378  
6.19126 6.04347 6.19126  6.04347  
6.36539 7.04192 6.36539  7.04192  
6.68783 7.51673 6.68783  7.51673  
5.81672 7.03402 5.81672  7.03402  
4.82047 6.11465 4.82047  6.11465  
5.42318 6.00449 5.42318  6.00449  
5.63353 4.82582 5.63353  4.82582  
6.77598 5.80435 6.77598  5.80435  
6.52522 6.08113 6.52522  6.08113  
7.85604 5.62434 7.85604  5.62434  
7.06377 8.08961 7.06377  8.08961  
6.20681 4.96367 6.20681  4.96367  
6.51512 4.5687 6.51512  4.5687  
2.35424 3.42345 5.49068  4.18831  
3.26468 2.7038 4.42549  5.36443  
2.77914 2.98847 5.6012  4.03594  
2.82525 2.96015 6.386  4.48407  
2.81605 2.96486 6.16235  5.63978  
2.75634 3.00839 6.6619  5.09576  
2.72621 3.02613 6.34243  2.88786  
2.67716 3.06159 6.72039  4.64621  
2.28831 3.60351 5.78184  4.29744  
2.33104 3.47164 6.19294  4.26529  
3.27811 2.69542 6.59946  4.2175  
2.67366 3.07953 7.54277  4.2153  
2.3401 3.4506 6.47761  4.20196  
2.7958 2.97866 6.77094  4.18224  
3.24596 2.7162 8.42636  3.60366  
2.40889 3.40861 6.06316  3.29578  
2.30896 3.52647 6.18743  3.348  
2.67686 3.06452 8.11183  4.06419  
3.09616 2.88832 6.69291  3.54773  
2.75667 3.00775 6.10867  3.48368  
2.75814 3.00555 6.07645  3.57739  
2.8162 2.96454 7.23242  4.00629  
2.7029 3.04689 6.47337  3.78419  
2.67678 3.06749 6.42744  3.85616  
2.66699 3.26248 6.10448  4.1077  
2.74918 3.01239 5.79987  3.80294  
2.31489 3.5064 5.74757  3.84483  
2.81879 2.96454 5.83686  3.93794  
2.74084 3.01898 5.66968  3.96622  
2.28641 3.61313 5.62504  3.99098  
2.77301 2.99523 5.39511  3.96861  
2.78447 2.98734 5.50994  4.07887  
2.2908 3.6028 5.26521  4.06321  
2.87243 2.95698 5.45995  4.20224  
2.27921 3.70023 5.40814  4.25497  
3.25528 2.71073 5.4303  4.23428  
2.28276 3.64515 5.48802  4.25005  
2.76033 3.00394 5.17255  4.34155  
3.23083 2.72194 5.24442  4.41671  
2.81296 2.96822 5.06396  4.42183  
2.28444 3.62564 4.91436  4.39909  
2.30518 3.53766 5.13239  4.63541  
3.26687 2.69943 5.09628  4.71994  
3.01852 2.89404 5.02836  4.70388  
2.28119 3.65875 4.74702  4.58614  
3.33182 2.69458 4.88016  4.89666  
2.79056 2.98461 4.69444  4.70521  
2.72469 3.02697 4.76327  4.88771  
2.76642 2.99607 4.5189  4.74687  
2.72408 3.03117 2.67677  3.0685  
2.80366 2.97069 4.87243  5.30917  
2.73904 3.02219 4.4859  4.95558  
3.26366 2.70482 4.53248  5.0973  
2.77825 2.99224 4.48318  5.1346  
2.73959 3.02036 4.52972  5.17102  
2.29423 3.57613 4.82223  5.56731  
2.29771 3.5623 4.31227  5.98152  
2.3323 3.46631 4.3255  5.38249  
2.31797 3.50143 4.24791  5.37432  
2.76208 3.00353 4.35883  5.5641  
2.3276 3.47907 4.12638  5.42545  
3.25966 2.70825 4.08435  5.49255  
2.32588 3.48153 4.09666  5.62609  
2.33517 3.46127 4.02783  5.63622  
3.22958 2.72403 3.9362  5.61739  
2.33838 3.45515 4.14333  5.89967  
2.75474 3.01156 3.87722  5.81074  
2.78366 2.98757 3.88054  5.92656  
2.74529 3.01661 3.84943  6.01201  
2.74577 3.01625 3.76439  5.94482  
2.67677 3.0685 3.80586  6.09258  
2.35757 3.4165 3.82768  6.44609  
2.33952 3.45332 3.94985  7.02388  
2.31837 3.50136 3.97969  6.96818  
5.49068 4.18831 4.01636  6.55861  
3.77849 2.77576 4.05971  6.83386  
3.32864 3.04015 3.51339  6.58435  
3.29837 3.06028 4.22235  7.73079  
2.90912 3.44714 4.35965  6.76963  
3.30515 3.05587 4.44915  7.05645  
4.93374 5.14074 4.67359  6.2014  
6.47297 6.20588 4.75776  6.45194  
5.94115 6.0035 4.78831  6.4978  
6.09476 5.95514 4.88529  6.11097  
7.75004 6.19022 5.06417  7.00962  
6.06867 7.24328 5.09664  5.59498  
5.60179 6.01378 5.11233  6.05788  
6.19126 6.04347 5.25223  5.63471  
6.36539 7.04192 5.30099  5.63315  
6.68783 7.51673 5.38611  5.14195  
5.81672 7.03402 5.39383  6.1268  
4.82047 6.11465 5.42837  5.8018  
5.42318 6.00449 5.59457  5.9361  
5.63353 4.82582 5.62424  5.70781  
6.77598 5.80435 5.62947  5.56979  
6.52522 6.08113 5.78747  7.01193  
7.85604 5.62434 5.90722  5.39079  
7.06377 8.08961 5.00172  5.98742  
6.20681 4.96367 4.97106  6.46476  
6.51512 4.5687 4.43172  7.74445  
2.07151 3.13415 4.32945  5.02575  
3.0217 2.25713 4.28734  7.00778  
2.50027 2.52566 4.89413  4.57238  
2.09845 3.01404 4.3201  4.47393  
2.11971 2.97153 5.11885  4.03102  
2.55838 2.48503 5.19173  4.01273  
2.53509 2.50389 4.64054  3.90625  
2.56136 2.48422 5.62379  3.79718  
3.03134 2.20196 6.54667  3.78284  
2.06972 3.14787 5.2743  3.77685  
2.50237 2.52561 5.98299  3.77601  
2.53902 2.50127 5.3701  3.76139  
2.50027 2.54353 5.31105  3.64493  
2.08417 3.06081 5.67756  3.59466  
2.07784 3.08723 4.93378  3.57625  
2.07544 3.11205 6.10326  3.57505  
2.49515 2.61984 6.10509  2.8829  
2.55478 2.48821 5.39954  3.56791  
2.06858 3.20319 6.27973  3.48658  
3.0676 2.1864 5.11897  2.84117  
2.57193 2.47542 6.33398  3.45316  
2.1108 2.98329 5.10092  2.93102  
3.05601 2.19167 5.1433  3.00133  
2.07648 3.0961 5.50182  3.14016  
2.52634 2.51028 5.19494  3.11651  
2.13311 2.93264 4.94941  3.093  
2.09586 3.03197 5.72286  3.37607  
2.13828 2.92342 4.6936  3.10687  
2.5161 2.52516 4.88811  3.21961  
2.54746 2.49441 4.73739  3.22295  
2.59398 2.46089 5.09322  3.52615  
2.5618 2.48283 5.09354  3.47663  
2.10603 2.99846 4.78595  3.40664  
2.58615 2.46615 4.72412  3.44194  
3.18212 2.18486 4.9196  3.58954  
2.51661 2.52149 4.54114  3.47053  
2.5909 2.46374 4.39272  3.44809  
2.26183 2.86296 4.60948  3.62966  
2.64326 2.43139 4.72304  3.77073  
2.10417 3.00835 4.53758  3.71013  
2.59265 2.46141 4.50938  3.76847  
2.55283 2.49211 4.63907  3.84349  
2.59652 2.45923 4.42947  3.85191  
3.04417 2.19928 4.4493  3.89543  
2.5421 2.49748 4.13009  3.77564  
2.58287 2.46894 2.50027  2.52868  
2.55646 2.48654 4.35707  4.09365  
2.08545 3.05782 4.09962  3.94436  
2.09002 3.03874 4.29758  4.1503  
2.53987 2.50034 4.29805  4.25862  
2.09722 3.01894 4.01469  4.09914  
2.57801 2.4723 3.95512  4.12461  
2.11335 2.97458 4.04899  4.3302  
2.58044 2.47077 3.86352  4.1781  
2.56876 2.47694 3.76031  4.13776  
2.10943 2.98331 3.83364  4.29513  
3.0654 2.18709 3.88863  4.39513  
2.5757 2.4733 3.73346  4.35818  
2.11411 2.97227 3.8055  4.54098  
2.60997 2.44968 3.6724  4.44568  
2.0885 3.04339 3.54063  4.36249  
3.05541 2.19341 3.59035  4.5408  
2.12787 2.95661 3.67609  4.78036  
2.56849 2.47835 3.60364  4.79231  
2.1594 2.88277 3.60534  4.95324  
5.19173 4.01273 3.53751  4.89068  
2.78162 2.80044 3.333  4.60776  
2.56533 2.85322 3.45419  4.98242  
2.58521 2.83738 3.42124  5.03041  
2.5458 2.86728 3.3488  5.06622  
2.61453 2.81825 3.39565  5.08066  
2.60439 2.8249 3.25032  5.14319  
3.05917 2.55762 3.20119  5.08483  
2.09404 3.46474 3.18411  5.24594  
2.52675 2.87975 3.35176  5.79799  
3.05575 2.55944 3.3178  5.85618  
2.62765 2.80923 3.10572  5.55749  
3.06584 2.55382 3.28676  6.49997  
4.39814 6.40521 3.05251  5.73895  
2.77711 2.99292 3.369  5.31742  
2.33226 3.46775 3.05792  6.13146  
2.31224 3.52337 3.42799  6.14778  
2.80135 2.97744 3.48341  5.80813  
2.30403 3.54464 3.51994  6.35379  
2.32229 3.49046 3.52351  5.29598  
2.77012 2.99603 3.53163  6.7048  
3.24309 2.71467 3.56902  5.45899  
2.7108 3.0438 3.68211  5.72897  
4.48436 5.8349 3.69791  5.38762  
6.68783 7.51673 3.72182  4.9379  
5.81672 7.03402 3.72222  6.60497  
4.82047 6.11465 3.73166  6.04637  
5.42318 6.00449 3.84263  5.02627  
5.63353 4.82582 3.8801  4.53593  
6.77598 5.80435 3.92969  5.79941  
6.52522 6.08113 3.95923  5.40123  
7.85604 5.62434 4.12127  5.6078  
7.06377 8.08961 4.13677  4.69699  
6.20681 4.96367 4.17913  6.4396  
6.51512 4.5687 4.19611  5.02393  
2.23045 1.65871 4.78079  2.87904  
1.31369 2.43431 3.15853  4.38968  
1.57452 2.01897 6.09955  2.87378  
1.613 1.98773 3.85739  2.8517  
1.85137 1.80083 5.33729  2.82219  
1.77557 1.91055 5.0736  1.71799  
1.15301 2.56052 4.68124  2.78426  
3.18946 1.60051 4.66542  2.7016  
1.73872 1.91749 5.39614  2.51909  
1.61613 1.98002 4.91531  1.88765  
1.13867 2.59411 5.25654  2.51872  
1.83352 1.90132 6.377  2.51855  
1.28429 2.4935 4.29838  2.35663  
3.63191 1.59812 3.46399  1.9072  
1.6202 1.97867 3.77248  1.98171  
1.62788 1.97148 3.51711  1.98185  
1.63723 1.96612 4.81328  2.32985  
3.0634 1.65545 3.52017  2.04504  
1.72236 1.9481 4.17718  2.18745  
4.78079 2.8794 3.91913  2.189  
4.83727 2.87904 2.63  1.9405  
3.90073 3.33405 3.55339  2.22453  
3.19972 4.22056 3.36564  2.17697  
1.69864 2.46439 2.48136  1.97595  
1.36362 2.7387 3.46603  2.30532  
1.6436 2.59995 2.56311  2.04232  
2.41575 1.90174 2.83126  2.13704  
1.77592 2.24957 3.66671  2.49671  
1.77653 2.17982 2.74397  2.18912  
4.38506 3.3575 2.74587  2.22949  
3.87977 3.59908 2.30705  2.06227  
2.34081 2.03546 3.75121  2.71289  
2.74535 1.98816 3.25973  2.54098  
1.86494 2.63126 3.33964  2.62827  
1.81196 2.75875 3.09299  2.56764  
2.32805 2.05424 3.29178  2.7688  
1.77872 2.85485 3.16019  2.66808  
1.73128 4.42893 3.06801  2.69641  
2.29596 2.06828 3.3969  2.72062  
1.9229 2.46902 2.93666  2.70743  
1.8567 2.68511 2.80181  2.6751  
1.87797 2.60339 2.99875  2.84861  
2.83039 1.74216 3.26296  3.08328  
1.8564 2.70417 3.46188  3.1689  
1.85474 2.72184 1.62788  1.97148  
4.90053 3.47946 3.09368  3.10867  
1.74455 4.56881 2.59765  2.83394  
2.5265 5.16406 2.41679  2.70662  
2.44032 2.29285 2.5772  2.89508  
2.01037 2.77297 2.49464  2.902  
1.9698 2.91903 2.39499  2.8208  
2.46831 2.27106 2.22291  2.68713  
5.26111 3.85126 2.44286  2.98785  
1.96635 3.1382 2.32741  2.90252  
2.44155 2.45694 2.05341  2.64979  
2.37568 2.84595 2.69451  3.30755  
1.97723 3.04068 2.50964  3.3551  
2.4657 2.43864 2.29589  3.11678  
2.46325 2.4407 2.02972  2.81325  
2.48196 2.42663 2.74242  3.78087  
2.00594 2.95562 2.76564  3.76464  
2.04188 2.86947 2.25733  3.3634  
2.43572 2.46028 2.57841  3.92653  
2.02141 2.92406 2.40799  3.89265  
2.01093 2.94052 2.22266  3.50872  
2.03199 2.89068 1.73246  2.6955  
2.4561 2.44588 1.75056  2.80891  
2.45131 2.44882 2.01883  3.37084  
2.91748 2.32672 1.75247  2.88208  
2.93011 2.16225 2.02688  3.51666  
2.39027 2.49536 2.025  3.62212  
2.47327 2.43522 1.99721  3.6961  
2.50155 2.41272 2.05124  3.69006  
2.42227 2.47111 1.95633  3.92441  
2.458 2.44389 1.56403  2.80465  
2.41915 2.47337 1.71218  3.33826  
2.49588 2.41735 1.75452  3.56431  
2.42408 2.46967 1.91976  4.21871  
2.45597 2.44656 2.01883  4.39978  
5.96617 2.92993 1.73459  3.88035  
2.33226 3.46775 1.91976  4.79737  
2.31224 3.52337 2.04333  4.23109  
2.80135 2.97744 2.03311  5.89234  
2.30403 3.54464 1.84974  5.12492  
2.32229 3.49046 2.09315  4.82278  
2.77012 2.99603 2.12297  5.09282  
3.24309 2.71467 2.14576  4.98547  
2.7108 3.0438 2.21982  6.00647  
4.48436 5.8349 1.42676  3.94899  
6.68783 7.51673 2.30606  4.86891  
5.81672 7.03402 1.44458  4.45451  
4.82047 6.11465 1.43139  4.82152  
5.42318 6.00449 2.46157  6.13156  
5.63353 4.82582 2.69758  5.3922  
6.77598 5.80435 2.75765  4.77138  
6.52522 6.08113 1.22298  3.59045  
7.85604 5.62434 2.82475  3.68245  
7.06377 8.08961 2.98457  4.22994  
6.20681 4.96367 3.01646  4.96651  
6.51512 4.5687 3.09674  4.42198  
0.550154 0.259936 4.7289  0.213775  
0.0146055 0.882678 0.832254  1.35019  
0.00324545 0.947938 1.34366  0.00609169  
0.0219891 0.854615 1.74115  0.005233  
0.944178 0.0306703 1.75297  0.00740299  
0.473065 0.314151 1.75552  0.01743  
0.940521 0.0367362 1.79247  0.00737768  
1.20291 0.00119729 2.15212  0.00511743  
0.98959 0.00678291 2.15679  0.00468417  
0.507974 0.288721 2.3249  0.0064778  
0.054007 0.771195 2.51071  0.00419997  
0.495954 0.297708 2.27184  0.239948  
0.546003 0.262505 2.48409  0.314841  
0.000220787 0.990332 1.9695  0.252312  
0.469329 0.317962 1.96989  0.248883  
0.986551 0.00894802 1.56521  0.252131  
0.0354482 0.814898 1.37343  0.262055  
0.0709701 0.739676 1.33609  0.252008  
0.0306784 0.828179 1.32656  0.270934  
0.00912176 0.907136 1.2595  0.296001  
0.347736 0.614232 1.25996  0.295221  
0.445891 0.334896 1.24956  0.297145  
0.999699 0.00201378 0.955887  0.255426  
0.926731 0.0396461 0.94517  0.266737  
0.0408225 0.803174 0.929412  0.277884  
0.0121448 0.894327 1.19047  0.37786  
0.0496616 0.781915 1.18117  0.384207  
0.0649188 0.751549 0.841064  0.295857  
0.102354 0.682555 1.18346  0.37794  
0.566797 0.248963 0.992834  0.38391  
0.449328 0.332085 0.996746  0.406733  
0.00730176 0.917901 1.3718  0.421408  
0.431272 0.344602 1.34368  0.605921  
0.510692 0.286894 0.793717  0.377857  
0.505893 0.290542 0.785837  0.377987  
0.0201644 0.859906 0.530588  0.275601  
0.388493 0.378474 1.18895  0.650294  
0.34824 0.415547 0.975223  0.650512  
0.518108 0.282355 1.02041  0.649361  
0.00569891 0.928485 0.971462  0.645735  
0.994413 0.00507029 0.958361  0.61684  
0.13001 0.642679 0.907726  0.615718  
0.0254062 0.843957 0.927282  0.643412  
0.490595 0.301316 0.897614  0.659028  
0.0286942 0.834656 0.897126  0.681399  
0.401342 0.367791 0.86092  0.691048  
0.415183 0.357245 0.80896  0.686551  
0.424997 0.351324 0.841055  0.706558  
0.536122 0.27014 0.76472  0.702645  
0.426386 0.349263 0.815129  0.762919  
0.1032 0.681628 0.782948  0.778295  
0.348265 0.413629 0.556357  0.654444  
0.981761 0.0105226 0.567528  0.650291  
0.503803 0.291934 0.564242  0.64933  
0.971948 0.016371 0.538142  0.641811  
0.562172 0.252096 0.34824  0.415547  
0.539104 0.26731 0.535453  0.670632  
0.0555408 0.769513 0.500716  0.653738  
0.966241 0.0200157 0.494465  0.677286  
0.499787 0.294651 0.527697  1.07786  
0.438631 0.340493 0.494465  1.0743  
0.0938405 0.698219 0.532751  1.07382  
0.0168895 0.873295 0.564258  1.05216  
0.589625 0.233886 0.432148  0.741536  
0.0108276 0.901487 0.556348  1.04835  
0.037542 0.808148 0.538142  1.0381  
0.0318574 0.823132 0.39883  0.766643  
0.0433759 0.794014 0.503771  1.03556  
0.0462408 0.786607 0.501286  1.05903  
0.474953 0.312603 0.348956  0.81412  
0.455215 0.326894 0.348805  0.813075  
0.452041 0.330271 0.461506  1.12542  
0.434756 0.342879 0.443482  1.14267  
0.530756 0.272972 0.492612  1.09079  
0.442146 0.336834 0.342978  0.978946  
0.131649 0.640555 0.387309  1.15472  
0.515777 0.284193 0.386071  1.21288  
0.459813 0.323817 0.440243  1.55867  
0.0741197 0.733506 0.34651  1.36957  
0.0271722 0.837856 0.355541  1.35463  
0.39883 0.370265 0.345421  1.37677  
0.540875 0.266288 0.342075  1.41874  
0.950573 0.027524 0.356624  1.75185  
0.486879 0.304331 0.355541  1.75879  
0.97434 0.0146263 0.340175  1.82088  
0.0019996 0.961431 0.25631  2.68593  
0.0195157 0.863583 0.303289  1.88883  
0.0374087 0.810827 0.107927  1.89053  
0.556771 0.255692 0.106366  1.88854  
0.112976 0.667896 0.107994  1.49064  
0.0518399 0.774377 0.103142  1.48824  
0.463432 0.321143 0.104009  1.4797  
0.525512 0.276787 0.106823  1.44584  
0.481424 0.307888 0.10258  1.45503  
0.958213 0.0226727 0.105674  1.87373  
0.574617 0.245311 0.0576112  2.52262  
0.0514496 0.778185 0.0633966  1.97734  
0.0607783 0.756992 0.00856731  1.81037  
0.421537 0.355565 0.00718533  1.80112  
0.520495 0.280784 0.00552934  1.7043  
0.00912627 0.904522 0.999857  9.41194e-05  
0.0177071 0.867028 0.000101645  0.990071  
0.00377183 0.938643 0.99008  0.00500879  
0.98042 0.00987142 0.971022  0.0146267  
0.461821 0.32044 0.951636  0.0245038  
0.972633 0.0138001 0.939271  0.0308514  
0.527184 0.273934 0.939271  0.0308514  
0.414617 0.356156 0.939271  0.0308514  
0.0355794 0.811417 0.939271  0.0308514  
0.0143043 0.880512 0.939271  0.0308514  
0.497339 0.294789 0.939271  0.0308514  
0.939271 0.0308514 0.939271  0.0308514  
0.125202 0.646163 0.939271  0.0308514  
0.359309 0.400635 0.939271  0.0308514  
0.44983 0.329318 0.939271  0.0308514  
0.478379 0.308386 0.939271  0.0308514  
0.356166 0.403207 0.939271  0.0308514  
0.928359 0.0365967 0.939271  0.0308514  
0.0965043 0.689359 0.939271  0.0308514  
0.607171 0.220806 0.939271  0.0308514  
0.390247 0.375886 0.939271  0.0308514  
0.0648758 0.745341 0.802713  0.226105  
0.107616 0.672933 0.802713  0.226105  
0.907755 0.047359 0.802713  0.226105  
0.038689 0.803395 0.598938  0.226112  
0.517109 0.280907 0.598938  0.226112  
0.0479261 0.781125 0.598938  0.226112  
0.0871917 0.704728 0.598938  0.226112  
0.897563 0.053396 0.598938  0.226112  
0.50156 0.291855 0.598938  0.226112  
0.000101645 0.990071 0.572777  0.243204  
0.00731075 0.914534 0.572777  0.243204  
0.430759 0.343729 0.558618  0.252602  
0.11086 0.667135 0.546392  0.260871  
0.820378 0.215603 0.53774  0.266749  
0.0768262 0.723045 0.527282  0.273934  
0.531149 0.271214 0.517089  0.280937  
0.507062 0.287927 0.507031  0.287993  
0.366258 0.394948 0.497039  0.294991  
0.0055693 0.926028 0.487219  0.301994  
0.132191 0.636427 0.477516  0.30898  
0.435717 0.339946 0.467781  0.316071  
0.598927 0.226105 0.459234  0.32235  
0.373632 0.388894 0.44983  0.32932  
0.581353 0.237557 0.443246  0.33831  
0.400989 0.366978 0.429969  0.344298  
0.544148 0.262348 0.421088  0.351112  
0.0571958 0.761392 0.421088  0.351121  
0.0693621 0.737088 0.388598  0.376987  
0.410327 0.359437 0.388598  0.376987  
0.381054 0.382885 0.388598  0.376987  
0.918842 0.0415996 0.388598  0.376987  
0.11452 0.661621 0.34527  0.41245  
0.554126 0.25561 0.34527  0.41245  
0.94678 0.0271699 0.34527  0.41245  
0.560643 0.251299 0.34527  0.412451  
0.522266 0.277368 0.34527  0.412451  
0.0226155 0.849745 0.34527  0.412451  
0.961204 0.0195957 0.34527  0.412451  
0.144179 0.620308 0.34527  0.412451  
0.424988 0.348248 0.34527  0.412451  
0.0908635 0.698678 0.34527  0.412451  
0.472458 0.31268 0.34527  0.412451  
0.485617 0.303152 0.34527  0.412451  
0.0108202 0.896008 0.34527  0.412451  
0.102906 0.679442 0.344177  0.620334  
0.455701 0.325034 0.332216  0.636478  
0.00190404 0.956513 0.323019  0.649489  
0.999857 9.41194e-05 0.31459  0.66168  
0.467781 0.316071 0.300999  0.682475  
0.0542504 0.767108 0.298312  0.686628  
0.100841 0.682476 0.287486  0.704728  
0.34527 0.41245 0.282757  0.712366  
0.53774 0.266721 0.0719303  0.731835  
0.120683 0.652635 0.0719303  0.731835  
0.572777 0.243199 0.0719303  0.731835  
0.0796634 0.71816 0.0719303  0.731835  
0.814266 0.217347 0.0719303  0.731835  
0.0737506 0.72858 0.0719303  0.731835  
0.0259388 0.838975 0.0719303  0.731835  
0.0323855 0.820205 0.0719303  0.731835  
0.405359 0.363394 0.0719303  0.731835  
0.420381 0.351636 0.0719303  0.731835  
0.588076 0.233146 0.0719303  0.731835  
0.511243 0.284992 0.0719303  0.731835  
0.385551 0.379078 0.0719303  0.731835  
0.0210217 0.85502 0.0719303  0.731835  
0.549207 0.258966 0.0719303  0.731835  
0.566991 0.247222 0.0719303  0.731835  
0.0432698 0.791996 0.0719303  0.731835  
0.0291605 0.82933 0.0719303  0.731835  
0.593288 0.229811 0.0625873  0.749857  
0.396073 0.371074 0.0625873  0.749857  
0.49175 0.298779 0.0542513  0.767108  
0.95411 0.0232376 0.0462309  0.785083  
0.988191 0.00594531 0.0383031  0.804337  
0.0510146 0.774198 0.0305636  0.825221  
0.441647 0.335465 0.0221848  0.851174  
0.0616664 0.751743 0.0136534  0.883245  
0.0827692 0.712365 0.00472265  0.931549  
0.720023 0.151458 0.9998  9.9886e-05  
0.129556 0.640062 9.88739e-05  0.990058  
0.207446 0.544538 0.989874  0.00507589  
0.517067 0.280926 0.970071  0.015078  
0.976426 0.0118575 0.950838  0.0248909  
0.0337681 0.816239 0.932144  0.0345238  
0.942584 0.0291321 0.913969  0.0439827  
0.181063 0.574485 0.896266  0.0532869  
0.0387213 0.803223 0.879013  0.062443  
0.0143023 0.88041 0.862293  0.0714028  
0.0587748 0.757565 0.845805  0.0803234  
0.0210114 0.855047 0.82981  0.089061  
0.879076 0.0624096 0.814252  0.0976409  
0.957452 0.0215051 0.80185  0.104539  
0.824905 0.0917574 0.80185  0.104539  
0.62614 0.20871 0.80185  0.104539  
0.602981 0.223482 0.80185  0.104539  
0.173888 0.583002 0.80185  0.104539  
0.845823 0.0803138 0.720023  0.151458  
0.920888 0.0403708 0.720023  0.151458  
0.0176826 0.867024 0.701457  0.16247  
0.292309 0.459343 0.68759  0.17079  
0.152494 0.609495 0.674952  0.178445  
0.0542241 0.767139 0.662419  0.186109  
0.466795 0.316776 0.650081  0.193724  
0.192988 0.560696 0.638021  0.201238  
0.0108781 0.895702 0.62614  0.20871  
0.0696104 0.736162 0.614515  0.21609  
0.439825 0.336807 0.602981  0.223482  
0.83417 0.0866712 0.591676  0.230795  
0.00737171 0.914141 0.580546  0.238065  
0.59232 0.230376 0.569582  0.245294  
0.136516 0.630519 0.558779  0.252485  
0.0988731 0.685559 0.548131  0.259641  
0.144264 0.620179 0.537634  0.266765  
0.49524 0.296267 0.527281  0.273859  
0.688726 0.170105 0.517067  0.280926  
0.968831 0.015708 0.506988  0.287969  
0.815733 0.0968207 0.497039  0.29499  
0.327698 0.427551 0.487215  0.301992  
0.00375848 0.938694 0.477512  0.308978  
0.614515 0.21609 0.467926  0.315949  
0.360596 0.399504 0.458452  0.322909  
0.0307717 0.824581 0.449088  0.32986  
0.395766 0.370901 0.439825  0.336807  
0.889703 0.0567595 0.43067  0.343746  
0.0849792 0.708488 0.42161  0.350685  
0.0633195 0.748366 0.412645  0.357626  
0.701457 0.16247 0.403758  0.36458  
0.302795 0.449732 0.394987  0.37152  
0.80185 0.104539 0.386285  0.378481  
0.0434519 0.791549 0.377665  0.385455  
0.506988 0.287969 0.369102  0.392463  
0.122274 0.650323 0.360596  0.399504  
0.9998 9.9886e-05 0.3524  0.406367  
0.198517 0.554447 0.343961  0.413518  
0.216984 0.534185 0.335578  0.420709  
9.88739e-05 0.990058 0.327698  0.427551  
0.537634 0.266765 0.319437  0.434812  
0.318312 0.435809 0.311183  0.442162  
0.650081 0.193724 0.303321  0.449254  
0.548131 0.259641 0.295401  0.456492  
0.335578 0.420709 0.292309  0.459343  
0.931629 0.0347905 0.292309  0.459343  
0.377665 0.385455 0.292309  0.459343  
0.988365 0.00583441 0.216984  0.534185  
0.0496144 0.777257 0.216984  0.534185  
0.412645 0.357626 0.216984  0.534185  
0.869573 0.067491 0.216984  0.534185  
0.42161 0.350685 0.216984  0.534185  
0.674952 0.178445 0.216984  0.534185  
0.106237 0.674059 0.216984  0.534185  
0.906916 0.0476786 0.207446  0.544538  
0.369102 0.392463 0.203785  0.548574  
0.569582 0.245294 0.196134  0.557129  
0.638021 0.201238 0.188462  0.565878  
0.114819 0.66115 0.181063  0.574485  
0.458452 0.322909 0.173788  0.583121  
0.527281 0.273859 0.166303  0.592198  
0.48589 0.302942 0.158991  0.601264  
0.186812 0.567782 0.151663  0.61056  
0.558779 0.252485 0.144264  0.620179  
0.859888 0.0726987 0.136943  0.629941  
0.386285 0.378481 0.129556  0.640062  
0.477512 0.308978 0.122202  0.650427  
0.430596 0.343802 0.114811  0.661163  
0.3524 0.406367 0.107404  0.672274  
0.449088 0.32986 0.0999628  0.683831  
0.166303 0.592198 0.0925113  0.695843  
0.0258387 0.839256 0.0849792  0.708488  
0.00189827 0.956431 0.0774655  0.721674  
0.311183 0.442162 0.0698687  0.735673  
0.159455 0.600682 0.062201  0.750599  
0.581327 0.237552 0.0544606  0.766632  
0.0753422 0.725515 0.0466211  0.784081  
0.0796461 0.717784 0.0386652  0.803365  
0.0914192 0.697644 0.0305625  0.825179  
0.343937 0.413538 0.0222711  0.850765  
0.663957 0.185165 0.0137229  0.882855  
0.403758 0.36458 0.00477426  0.930904  
0.457684 0.323476 0.9998  9.99489e-05  
0.377667 0.385454 9.93998e-05  0.990031  
0.129572 0.640039 0.989873  0.00507624  
0.00376516 0.938639 0.97007  0.0150788  
0.302423 0.45007 0.950838  0.024891  
0.0992777 0.684916 0.932144  0.0345239  
0.449088 0.32986 0.913961  0.0439869  
0.859883 0.0727012 0.896259  0.0532907  
0.638005 0.201248 0.879013  0.0624433  
0.34537 0.412318 0.8622  0.071453  
0.36912 0.392447 0.8458  0.0803262  
0.122197 0.650434 0.8298  0.0890666  
0.946276 0.0272331 0.814222  0.0976575  
0.386287 0.37848 0.800104  0.105515  
0.439828 0.336805 0.784201  0.114449  
0.569582 0.245294 0.784201  0.114449  
0.203075 0.549361 0.784201  0.114449  
0.0723726 0.730978 0.784201  0.114449  
0.294619 0.457212 0.720023  0.151458  
0.0617728 0.751459 0.715203  0.154303  
0.159467 0.600666 0.701457  0.16247  
0.188481 0.565856 0.687589  0.17079  
0.030782 0.824552 0.674876  0.178492  
0.824929 0.0917442 0.662408  0.186115  
0.0176837 0.86702 0.650071  0.19373  
0.114812 0.66116 0.638005  0.201248  
0.0108781 0.895702 0.626137  0.208712  
0.710839 0.156888 0.61451  0.216093  
0.137729 0.628882 0.602981  0.223482  
0.662408 0.186115 0.591676  0.230795  
0.00737171 0.914141 0.580545  0.238065  
0.784201 0.114449 0.569582  0.245294  
0.310466 0.442806 0.558779  0.252485  
0.466488 0.317001 0.548131  0.259641  
0.985768 0.00714128 0.537634  0.266765  
9.93998e-05 0.990031 0.527281  0.273859  
0.626137 0.208712 0.517067  0.280926  
0.0275086 0.834143 0.506988  0.287969  
0.812606 0.0985535 0.497039  0.29499  
0.64951 0.194078 0.487215  0.301992  
0.487215 0.301992 0.477512  0.308978  
0.0355913 0.811344 0.467926  0.315949  
0.476333 0.309831 0.458452  0.322909  
0.0916591 0.697248 0.449088  0.32986  
0.281671 0.469273 0.439828  0.336805  
0.581327 0.237552 0.43067  0.343746  
0.701457 0.16247 0.42161  0.350685  
0.913946 0.0439948 0.412645  0.357626  
0.106442 0.673746 0.403771  0.36457  
0.896473 0.0531776 0.394986  0.371521  
0.558779 0.252485 0.386285  0.378481  
0.720023 0.151458 0.377667  0.385454  
0.0496128 0.777261 0.36912  0.392447  
0.0849941 0.708463 0.360608  0.399493  
0.61451 0.216093 0.352241  0.406501  
0.151667 0.610555 0.343958  0.413521  
0.602981 0.223482 0.335696  0.420607  
0.882908 0.060368 0.327684  0.427563  
0.144298 0.620134 0.319373  0.434869  
0.022345 0.850518 0.311311  0.442047  
0.0558347 0.763706 0.303333  0.449243  
0.353768 0.405216 0.295401  0.456492  
0.287347 0.463953 0.287347  0.463953  
0.537634 0.266765 0.281671  0.469273  
0.335696 0.420607 0.281671  0.469273  
0.166399 0.59208 0.281671  0.469273  
0.43067 0.343746 0.216984  0.534185  
0.932085 0.0345545 0.216984  0.534185  
0.869573 0.067491 0.216984  0.534185  
0.42161 0.350685 0.216984  0.534185  
0.957535 0.0214628 0.216984  0.534185  
0.591699 0.23078 0.216984  0.534185  
0.850165 0.077956 0.210592  0.541097  
0.968728 0.0157602 0.203075  0.549361  
0.318254 0.43586 0.196134  0.557129  
0.0419467 0.795191 0.188481  0.565856  
0.688657 0.170146 0.181171  0.574359  
0.412645 0.357626 0.173788  0.583121  
0.360608 0.399493 0.166399  0.59208  
0.0678 0.739616 0.15903  0.601215  
0.497064 0.294972 0.151667  0.610555  
0.527281 0.273859 0.144298  0.620134  
0.403771 0.36457 0.136943  0.629941  
0.173788 0.583121 0.129572  0.640039  
0.800104 0.105515 0.122202  0.650427  
0.9998 9.99489e-05 0.114812  0.66116  
0.216984 0.534185 0.107405  0.672273  
0.327685 0.427563 0.0999723  0.683816  
0.83413 0.0866926 0.0925113  0.695843  
0.394986 0.371521 0.0849941  0.708463  
0.00191094 0.956286 0.077467  0.721671  
0.210592 0.541097 0.0698688  0.735673  
0.181171 0.574359 0.0622042  0.750592  
0.517067 0.280926 0.0544606  0.766632  
0.506988 0.287969 0.0466213  0.78408  
0.0790133 0.718907 0.038665  0.803366  
0.673645 0.179241 0.0305625  0.825179  
0.196134 0.557129 0.0222716  0.850763  
0.548131 0.259641 0.0137235  0.882853  
0.0142862 0.880475 0.00477427  0.930904  
0.783379 0.114913 0.9998  9.99796e-05  
0.9998 9.99796e-05 9.91868e-05  0.990042  
0.360184 0.399847 0.989873  0.00507627  
0.00376516 0.938639 0.97007  0.0150788  
0.1664 0.592079 0.950838  0.024891  
0.96887 0.0156883 0.932144  0.0345239  
0.439676 0.336919 0.91396  0.0439874  
0.859883 0.0727012 0.896258  0.0532909  
0.882906 0.0603694 0.879013  0.0624433  
0.0435075 0.791415 0.8622  0.071453  
0.412692 0.357589 0.8458  0.0803263  
0.0602885 0.754463 0.82979  0.0890721  
0.0496327 0.777216 0.814222  0.0976576  
0.591676 0.230795 0.799239  0.105999  
0.558779 0.252485 0.784201  0.114449  
0.0659768 0.743141 0.783379  0.114913  
0.0999704 0.683819 0.783379  0.114913  
0.33571 0.420595 0.783379  0.114913  
0.294619 0.457212 0.720023  0.151458  
0.812929 0.0983745 0.713818  0.155122  
0.368363 0.393071 0.70076  0.162886  
0.497059 0.294976 0.687575  0.170799  
0.517073 0.280922 0.674871  0.178495  
0.42161 0.350685 0.662349  0.186152  
0.932144 0.0345239 0.650071  0.19373  
0.850463 0.0777945 0.638004  0.201248  
0.0108781 0.895702 0.626137  0.208712  
0.343092 0.414259 0.614462  0.216124  
0.637824 0.201361 0.60298  0.223482  
0.467079 0.316568 0.591676  0.230795  
0.00737171 0.914141 0.580545  0.238065  
0.537634 0.266765 0.569582  0.245294  
0.0787837 0.719316 0.558779  0.252485  
0.173781 0.583129 0.548131  0.259641  
0.98818 0.00592776 0.537634  0.266765  
0.548131 0.259641 0.527281  0.273859  
0.0542947 0.766988 0.517067  0.280926  
0.136462 0.630592 0.506988  0.287969  
0.580545 0.238065 0.497039  0.29499  
0.025888 0.839102 0.487215  0.301992  
0.626137 0.208712 0.477512  0.308978  
0.0925105 0.695845 0.467926  0.315949  
0.319378 0.434865 0.458452  0.322909  
0.0856067 0.707414 0.449088  0.32986  
0.210667 0.541015 0.439828  0.336805  
0.711286 0.156622 0.43067  0.343746  
0.106244 0.674049 0.42161  0.350685  
0.957539 0.021461 0.412645  0.357626  
0.430595 0.343802 0.403771  0.36457  
0.151667 0.610555 0.394986  0.371521  
0.649486 0.194093 0.386285  0.378481  
0.507215 0.28781 0.377667  0.385454  
0.82503 0.0916883 0.369128  0.392441  
0.0143022 0.880408 0.36066  0.399451  
0.0722597 0.731188 0.352274  0.406473  
0.310465 0.442806 0.343958  0.413521  
0.19613 0.557134 0.33571  0.420595  
0.181171 0.574359 0.327523  0.427704  
0.60298 0.223482 0.319378  0.434865  
0.0194008 0.860714 0.311342  0.442019  
9.91868e-05 0.990042 0.303333  0.449243  
0.720023 0.151458 0.295401  0.456492  
0.222416 0.52839 0.287375  0.463926  
0.114812 0.66116 0.278756  0.472027  
0.70076 0.162886 0.278756  0.472027  
0.449088 0.32986 0.278756  0.472027  
0.942746 0.029049 0.222416  0.52839  
0.302955 0.449586 0.222416  0.52839  
0.869573 0.067491 0.222416  0.52839  
0.038665 0.803366 0.222416  0.52839  
0.487215 0.301992 0.222416  0.52839  
0.458452 0.322909 0.217683  0.533435  
0.674871 0.178495 0.210667  0.541015  
0.35073 0.407775 0.203075  0.549361  
0.662349 0.186152 0.19613  0.557134  
0.394986 0.371521 0.188482  0.565855  
0.15903 0.601214 0.181171  0.574359  
0.837441 0.0848821 0.173781  0.583129  
0.129576 0.640033 0.1664  0.592079  
0.188482 0.565855 0.15903  0.601214  
0.614491 0.216105 0.151667  0.610555  
0.913955 0.0439899 0.144306  0.620124  
0.80012 0.105506 0.136943  0.629941  
0.477512 0.308978 0.129576  0.640033  
0.527281 0.273859 0.122202  0.650427  
0.278756 0.472027 0.114812  0.66116  
0.377667 0.385454 0.107405  0.672273  
0.285654 0.465534 0.0999732  0.683815  
0.0339584 0.815722 0.0925112  0.695843  
0.403873 0.36449 0.0850125  0.708431  
0.688729 0.170103 0.0774675  0.72167  
0.0305625 0.825179 0.0698687  0.735673  
0.122202 0.650427 0.0622041  0.750593  
0.569582 0.245294 0.0544604  0.766632  
0.00191397 0.956251 0.0466212  0.784081  
0.327593 0.427643 0.038665  0.803366  
0.386285 0.378481 0.0305625  0.825179  
0.203075 0.549361 0.0222716  0.850763  
0.144306 0.620124 0.0137233  0.882854  
0.896471 0.0531784 0.00477408  0.930905  
0.59189 0.230656 0.9998  9.99829e-05  
0.810486 0.0997302 9.92016e-05  0.990041  
0.882849 0.0603995 0.989873  0.00507627  
0.00376569 0.938635 0.97007  0.0150788  
0.159031 0.601213 0.950838  0.024891  
0.497039 0.29499 0.932144  0.0345239  
0.78202 0.115681 0.91396  0.0439874  
0.859883 0.0727012 0.896258  0.0532909  
0.278756 0.472027 0.879012  0.0624435  
0.720023 0.151458 0.8622  0.071453  
0.350536 0.407939 0.8458  0.0803264  
0.0175988 0.86734 0.82979  0.0890721  
0.626137 0.208712 0.814221  0.0976581  
0.947824 0.0264377 0.799161  0.106042  
0.0355361 0.81149 0.784201  0.114449  
0.0618141 0.751376 0.78202  0.115681  
0.210699 0.54098 0.75  0.133975  
0.797925 0.106734 0.75  0.133975  
0.687575 0.170799 0.720023  0.151458  
0.151667 0.610555 0.713818  0.155122  
0.467925 0.315949 0.70076  0.162886  
0.0418567 0.795411 0.687575  0.170799  
0.0308034 0.824491 0.674848  0.178509  
0.506988 0.287969 0.662349  0.186152  
0.477512 0.308978 0.650071  0.19373  
9.92016e-05 0.990041 0.638003  0.201249  
0.403771 0.36457 0.626137  0.208712  
0.961192 0.0195963 0.614465  0.216122  
0.527281 0.273859 0.60298  0.223482  
0.0925112 0.695843 0.591676  0.230795  
0.00737171 0.914141 0.580545  0.238065  
0.394986 0.371521 0.569582  0.245294  
0.18858 0.565742 0.558779  0.252485  
0.318204 0.435904 0.548131  0.259641  
0.61447 0.216119 0.537634  0.266765  
0.302631 0.449881 0.527281  0.273859  
0.75 0.133975 0.517067  0.280926  
0.129579 0.640029 0.506988  0.287969  
0.0543195 0.766935 0.497039  0.29499  
0.439828 0.336805 0.487215  0.301992  
0.310293 0.442961 0.477512  0.308978  
0.834263 0.0866201 0.467925  0.315949  
0.913959 0.0439878 0.458452  0.322909  
0.60298 0.223482 0.449088  0.32986  
0.537634 0.266765 0.439828  0.336805  
0.458452 0.322909 0.43067  0.343746  
0.988129 0.00595306 0.42161  0.350685  
0.222416 0.52839 0.412645  0.357626  
0.558779 0.252485 0.403771  0.36457  
0.335722 0.420585 0.394986  0.371521  
0.662349 0.186152 0.386285  0.378481  
0.869579 0.0674881 0.377667  0.385454  
0.82503 0.0916883 0.369128  0.392441  
0.43067 0.343746 0.36066  0.39945  
0.1664 0.592078 0.352274  0.406473  
0.287375 0.463926 0.343958  0.413521  
0.0225711 0.849763 0.335707  0.420598  
0.181171 0.574358 0.327521  0.427705  
0.114812 0.66116 0.319391  0.434853  
0.9998 9.99829e-05 0.311342  0.442019  
0.701577 0.162398 0.303333  0.449243  
0.976755 0.0116906 0.295399  0.456494  
0.203135 0.549295 0.287375  0.463926  
0.638003 0.201249 0.278756  0.472027  
0.29532 0.456567 0.278756  0.472027  
0.449088 0.32986 0.25  0.5  
0.581327 0.237552 0.25  0.5  
0.0257038 0.839676 0.25  0.5  
0.343958 0.413521 0.25  0.5  
0.327522 0.427704 0.222416  0.52839  
0.9321 0.0345467 0.222416  0.52839  
0.0479541 0.781016 0.218329  0.532743  
0.359969 0.400026 0.210699  0.54098  
0.487215 0.301992 0.203135  0.549295  
0.548131 0.259641 0.195991  0.557291  
0.107403 0.672275 0.18858  0.565742  
0.25 0.5 0.181171  0.574358  
0.123198 0.649004 0.173781  0.583129  
0.412645 0.357626 0.1664  0.592078  
0.195991 0.557291 0.159031  0.601213  
0.136944 0.629941 0.151667  0.610555  
0.173781 0.583129 0.144306  0.620124  
0.673802 0.179145 0.136944  0.629941  
0.569582 0.245294 0.129577  0.640032  
0.0988603 0.685579 0.122201  0.650427  
0.42161 0.350685 0.114812  0.66116  
0.0773964 0.721798 0.107405  0.672273  
0.517067 0.280926 0.0999731  0.683815  
0.650062 0.193736 0.0925112  0.695843  
0.376804 0.386156 0.085012  0.708432  
0.0142608 0.880582 0.0774676  0.72167  
0.0108206 0.895978 0.0698686  0.735673  
0.00182448 0.957286 0.062204  0.750593  
0.8458 0.0803264 0.0544604  0.766632  
0.386285 0.378481 0.0466211  0.784081  
0.085012 0.708432 0.0386648  0.803366  
0.144306 0.620124 0.0305623  0.825179  
0.0695152 0.736343 0.0222715  0.850764  
0.36709 0.394121 0.0137233  0.882854  
0.896471 0.0531784 0.00477407  0.930906  
0.506988 0.287969 0.9998  9.99829e-05  
0.18858 0.565742 9.91513e-05  0.990044  
0.591996 0.230587 0.989873  0.00507627  
0.412645 0.357626 0.97007  0.0150788  
0.527281 0.273859 0.950838  0.024891  
0.720023 0.151458 0.932144  0.0345239  
0.637992 0.201256 0.91396  0.0439874  
0.377667 0.385454 0.896258  0.0532909  
0.0108424 0.895874 0.879012  0.0624435  
0.457842 0.32336 0.8622  0.071453  
0.0693395 0.736676 0.845799  0.0803265  
0.42161 0.350685 0.829788  0.0890729  
0.497039 0.29499 0.814172  0.0976853  
0.0177055 0.866938 0.799064  0.106096  
0.976441 0.0118497 0.78396  0.114585  
0.173806 0.5831 0.779977  0.116837  
0.369256 0.392336 0.75  0.133975  
0.352275 0.406472 0.75  0.133975  
0.203253 0.549165 0.720023  0.151458  
0.439828 0.336805 0.713726  0.155177  
0.144306 0.620124 0.700734  0.162901  
0.21088 0.540783 0.687575  0.170799  
0.477512 0.308978 0.674849  0.178508  
0.626137 0.208712 0.662349  0.186152  
0.0544604 0.766633 0.650071  0.19373  
0.278756 0.472027 0.638003  0.201249  
0.152482 0.60951 0.626137  0.208712  
0.60298 0.223482 0.614465  0.216122  
0.879075 0.06241 0.60298  0.223482  
0.558779 0.252485 0.591676  0.230795  
0.00737171 0.914141 0.580545  0.238065  
0.114812 0.66116 0.569582  0.245294  
0.0142396 0.88067 0.558779  0.252485  
0.062204 0.750593 0.548131  0.259641  
0.136943 0.629941 0.537634  0.266765  
0.00191593 0.956229 0.527281  0.273859  
0.9998 9.99829e-05 0.517067  0.280926  
0.222416 0.52839 0.506988  0.287969  
0.614465 0.216122 0.497039  0.29499  
0.779977 0.116837 0.487215  0.301992  
0.166804 0.591584 0.477512  0.308978  
0.700734 0.162901 0.467925  0.315949  
0.673806 0.179143 0.458452  0.322909  
0.319019 0.435182 0.449088  0.32986  
0.814186 0.0976772 0.439828  0.336805  
0.0478788 0.781188 0.430669  0.343746  
0.537602 0.266786 0.42161  0.350685  
0.650071 0.19373 0.412645  0.357626  
0.302622 0.449889 0.403771  0.36457  
0.31029 0.442963 0.394986  0.371521  
0.846988 0.0796803 0.386285  0.378481  
0.467925 0.315949 0.377667  0.385454  
0.662044 0.186339 0.369128  0.392441  
0.863195 0.0709171 0.360668  0.399444  
0.0225073 0.849976 0.352275  0.406472  
0.106356 0.673878 0.343958  0.413521  
0.581327 0.237552 0.335707  0.420598  
0.394986 0.371521 0.327521  0.427705  
0.548131 0.259641 0.319396  0.434849  
0.988118 0.00595902 0.31134  0.442022  
0.896471 0.0531785 0.303333  0.449243  
0.123196 0.649008 0.295399  0.456494  
0.195991 0.557291 0.287375  0.463926  
0.00376741 0.938621 0.279977  0.470871  
0.29532 0.456567 0.278756  0.472027  
0.129577 0.640032 0.25  0.5  
0.0367044 0.808416 0.25  0.5  
0.041735 0.795709 0.25  0.5  
0.911154 0.045456 0.25  0.5  
0.449088 0.32986 0.222416  0.52839  
0.94993 0.0253566 0.222416  0.52839  
0.032395 0.820014 0.218329  0.532743  
0.932144 0.0345239 0.21088  0.540783  
9.91513e-05 0.990044 0.203253  0.549165  
0.287375 0.463926 0.195991  0.557291  
0.0769768 0.722553 0.18858  0.565742  
0.0999726 0.683816 0.181171  0.574358  
0.386285 0.378481 0.173781  0.58313  
0.920878 0.040376 0.1664  0.592078  
0.0850121 0.708432 0.159031  0.601213  
0.343953 0.413525 0.151667  0.610555  
0.517067 0.280926 0.144306  0.620124  
0.961181 0.0196015 0.136943  0.629941  
0.25 0.5 0.129577  0.640032  
0.181171 0.574358 0.122201  0.650427  
0.686881 0.171217 0.114812  0.66116  
0.487215 0.301992 0.107405  0.672273  
0.0925111 0.695844 0.099973  0.683815  
0.713726 0.155177 0.0925111  0.695844  
0.829788 0.0890729 0.0850121  0.708432  
0.327521 0.427705 0.0774676  0.72167  
0.159031 0.601213 0.0698686  0.735673  
0.799064 0.106096 0.062204  0.750593  
0.0275604 0.833987 0.0544604  0.766633  
0.75 0.133975 0.0466211  0.784081  
0.403771 0.36457 0.0386648  0.803366  
0.570105 0.244947 0.0305623  0.825179  
0.335736 0.420572 0.0222714  0.850764  
0.430669 0.343746 0.0137232  0.882854  
0.361124 0.399064 0.00477364  0.930909  
