6.37001 5.0455 6.37001  5.0455  
5.66284 6.12671 5.66284  6.12671  
5.01327 3.89576 5.01327  3.89576  
6.8818 5.63867 6.8818  5.63867  
5.86753 4.35628 5.86753  4.35628  
5.39649 4.90751 5.39649  4.90751  
6.98682 5.06181 6.98682  5.06181  
8.3234 6.165 8.3234  6.165  
6.27361 7.0844 6.27361  7.0844  
7.00746 5.61871 7.00746  5.61871  
7.06059 5.41298 7.06059  5.41298  
7.55886 4.98137 7.55886  4.98137  
6.69927 4.87093 6.69927  4.87093  
6.31427 6.06088 6.31427  6.06088  
7.0091 6.11265 7.0091  6.11265  
5.35092 5.96522 5.35092  5.96522  
7.0635 4.2781 7.0635  4.2781  
7.39777 6.40832 7.39777  6.40832  
6.68358 6.55462 6.68358  6.55462  
6.93057 4.42244 6.93057  4.42244  
6.96071 6.54692 6.96071  6.54692  
6.59367 4.9159 6.59367  4.9159  
7.02397 4.087 7.02397  4.087  
5.73229 5.72432 5.73229  5.72432  
5.43391 5.74495 5.43391  5.74495  
5.93792 6.24499 5.93792  6.24499  
8.59557 6.56077 8.59557  6.56077  
6.25595 7.77531 6.25595  7.77531  
7.39941 4.90789 7.39941  4.90789  
6.52856 6.49012 6.52856  6.49012  
7.06006 6.00632 7.06006  6.00632  
7.81266 5.32038 7.81266  5.32038  
7.93235 6.63689 7.93235  6.63689  
6.53973 6.89993 6.53973  6.89993  
5.94418 5.12974 5.94418  5.12974  
7.51305 4.97267 7.51305  4.97267  
5.21058 5.39848 5.21058  5.39848  
7.60351 7.15937 7.60351  7.15937  
7.14172 6.34111 7.14172  6.34111  
7.16311 4.09674 7.16311  4.09674  
8.16297 5.18876 8.16297  5.18876  
6.49287 6.17756 6.49287  6.17756  
6.95673 5.78025 6.95673  5.78025  
5.27189 6.03967 5.27189  6.03967  
6.31114 5.38399 6.31114  5.38399  
7.44282 6.16522 7.44282  6.16522  
5.88602 5.79262 5.88602  5.79262  
6.65024 5.30991 6.65024  5.30991  
6.3861 6.00393 6.3861  6.00393  
5.22145 7.23159 5.22145  7.23159  
8.18434 5.01477 8.18434  5.01477  
5.60633 5.74626 5.60633  5.74626  
7.46309 5.01003 7.46309  5.01003  
5.66147 5.53385 5.66147  5.53385  
8.00693 4.7726 8.00693  4.7726  
6.06824 7.0492 6.06824  7.0492  
5.94497 6.41673 5.94497  6.41673  
4.69076 5.15845 4.69076  5.15845  
7.10577 6.90957 7.10577  6.90957  
6.92255 6.43923 6.92255  6.43923  
6.71145 7.00298 6.71145  7.00298  
6.7385 6.61704 6.7385  6.61704  
7.08302 5.15665 7.08302  5.15665  
8.0225 6.55999 8.0225  6.55999  
5.68021 6.31483 5.68021  6.31483  
5.89612 5.11314 5.89612  5.11314  
6.99614 4.9211 6.99614  4.9211  
6.71534 5.66894 6.71534  5.66894  
6.29188 4.90658 6.29188  4.90658  
5.58351 5.77641 5.58351  5.77641  
7.07356 4.16081 7.07356  4.16081  
4.9512 6.25883 4.9512  6.25883  
7.22068 7.12383 7.22068  7.12383  
6.55902 6.69157 6.55902  6.69157  
6.24516 5.00467 6.24516  5.00467  
7.05817 6.36097 7.05817  6.36097  
6.99911 5.87552 6.99911  5.87552  
6.10075 6.89087 6.10075  6.89087  
6.82039 5.59442 6.82039  5.59442  
6.20993 4.79952 6.20993  4.79952  
7.23129 6.63448 7.23129  6.63448  
5.77427 5.27606 5.77427  5.27606  
5.72387 6.16533 5.72387  6.16533  
5.22395 7.71074 5.22395  7.71074  
5.49222 6.67462 5.49222  6.67462  
5.69911 6.62807 5.69911  6.62807  
8.19436 6.12944 8.19436  6.12944  
7.85526 6.39209 7.85526  6.39209  
6.35968 6.25307 6.35968  6.25307  
7.0908 3.89201 7.0908  3.89201  
7.46499 6.13028 7.46499  6.13028  
5.685 7.96015 5.685  7.96015  
6.17284 5.81087 6.17284  5.81087  
7.58031 7.02794 7.58031  7.02794  
6.05402 6.26843 6.05402  6.26843  
6.32078 5.30399 6.32078  5.30399  
6.41492 6.43604 6.41492  6.43604  
5.8113 6.00125 5.8113  6.00125  
7.66697 6.64054 7.66697  6.64054  
7.37397 6.18536 7.37397  6.18536  
3.09288 2.77036 6.89703  3.30171  
3.57297 2.48444 4.73854  6.44912  
2.659 3.24664 4.75035  5.60123  
2.61283 3.45653 6.2997  3.15117  
3.60712 2.46693 6.16213  5.95622  
2.70218 3.18584 6.28793  5.2079  
3.14157 2.73767 5.39761  5.07041  
3.12353 2.74845 6.11218  5.03337  
2.61557 3.40727 6.61496  5.02758  
3.03163 2.81526 6.74457  4.8507  
3.04947 2.80388 6.89794  4.81834  
3.18138 2.70991 5.30847  4.80449  
2.64495 3.28997 6.70838  4.7499  
2.63361 3.32073 7.40414  4.73432  
3.09575 2.7689 6.4769  4.52447  
3.03004 2.81749 5.24046  4.52185  
2.67063 3.2245 7.67522  4.40307  
2.62833 3.342 6.78282  4.38276  
2.61419 3.43275 6.38102  3.22605  
2.63114 3.32685 7.21874  4.20965  
3.07969 2.78224 6.65818  4.0481  
3.04486 2.81234 8.14443  4.01177  
3.07107 2.78627 6.53259  3.9854  
3.02393 2.82239 6.52467  3.66189  
3.10054 2.76469 5.91536  3.42452  
2.67267 3.22275 5.85325  3.45461  
2.73031 3.15057 5.79464  3.51446  
3.06631 2.79068 5.81557  3.58235  
3.61081 2.46411 6.031  3.68614  
2.64975 3.27042 5.69905  3.66024  
2.65405 3.25885 6.11921  3.67517  
3.11537 2.75434 5.68143  3.75698  
3.12661 2.74631 5.95085  4.22978  
3.107 2.76026 5.50302  3.83098  
3.08209 2.78107 5.57058  3.92981  
3.60266 2.46884 5.76432  3.98367  
3.08506 2.77866 5.45432  4.00738  
2.64656 3.28197 5.66953  4.20368  
2.69 3.18961 5.55435  4.20469  
3.10392 2.76222 5.7379  4.1043  
3.58965 2.4745 5.78239  4.39179  
3.11044 2.75865 5.14056  4.17548  
3.09851 2.76713 5.1564  4.25415  
2.6239 3.36316 5.05281  4.25303  
2.63786 3.30937 5.23814  4.46056  
3.05816 2.79744 5.02107  4.38444  
3.58664 2.47879 4.81853  4.3092  
2.68074 3.20772 3.02695  2.82238  
3.07547 2.78413 4.92421  4.55328  
3.08811 2.77542 5.0347  4.49287  
3.05173 2.80292 4.92271  4.72145  
3.08733 2.77679 4.72364  4.61174  
3.11908 2.75251 4.8049  4.79963  
3.61579 2.46323 4.84373  4.81048  
3.1495 2.73232 4.85394  4.84425  
2.64384 3.29452 4.77867  5.09512  
2.65325 3.26972 4.71613  5.09943  
3.58673 2.47673 4.54594  4.98452  
2.62456 3.36235 4.39727  4.89068  
3.59974 2.47137 4.49899  5.335  
2.62673 3.35457 4.47549  5.32698  
3.03452 2.81525 4.32622  5.12417  
3.02695 2.82238 4.3742  5.33393  
3.02319 3.09961 4.2407  5.19393  
3.06442 2.79329 4.20492  5.28215  
3.14005 2.7393 4.23368  5.53765  
3.13581 2.74254 4.19367  5.511  
2.62178 3.38526 4.24678  5.85604  
3.05725 2.79897 4.34432  5.57724  
3.14393 2.73651 4.03331  5.59757  
2.66639 3.23841 4.02368  5.74939  
2.67959 3.20941 3.97611  5.83976  
2.6622 3.24382 3.92219  5.87424  
3.11416 2.75732 3.96964  5.89328  
3.14583 2.73508 4.01332  6.42528  
3.08351 2.77871 4.07696  6.33951  
3.09084 2.77314 3.75778  6.16527  
3.13425 2.74345 3.84471  6.70943  
3.60063 2.47096 3.96493  7.21649  
3.02338 2.82415 3.91051  7.3834  
2.64117 3.30406 4.22498  7.77053  
3.16052 2.72501 3.56206  6.54247  
3.07376 2.78454 4.23988  6.58327  
2.6689 3.22789 4.29731  7.69871  
2.67543 3.22017 4.48417  6.21628  
2.6655 3.23928 4.50459  6.10869  
3.07016 2.78867 4.51246  8.13934  
6.89703 3.30171 4.53445  6.01774  
2.86538 3.42184 4.58124  7.23221  
3.29889 2.94973 4.812  5.61928  
3.23528 2.99774 4.8385  6.53994  
3.79739 2.65375 5.00291  6.19919  
6.54298 5.63305 5.06651  4.94634  
3.2791 2.96671 5.12564  6.15215  
2.86914 3.41727 5.30985  5.41088  
3.32859 2.92836 5.57848  6.73849  
2.90265 3.35027 6.14108  5.97384  
2.87553 3.39631 5.66277  4.33992  
6.09956 4.17516 6.65676  4.11198  
7.37397 6.18536 4.03709  5.44741  
2.88441 2.3148 6.22217  2.99732  
2.89019 2.31223 3.98078  4.71323  
2.501 2.79773 5.52974  3.63295  
2.48 3.09602 5.70093  3.19341  
2.93225 2.28199 4.64506  3.91937  
2.4884 3.06649 6.92952  3.75546  
2.50372 2.78436 5.68417  3.63746  
2.97279 2.25114 6.05515  3.62317  
2.92265 2.28924 5.5857  3.56194  
2.55641 2.67141 6.05694  3.52287  
2.9602 2.26452 5.53591  3.49466  
3.45845 1.9656 6.57753  3.48879  
2.99115 2.2386 5.85961  3.44041  
2.9471 2.27057 5.82072  3.42575  
6.22217 2.99732 6.34843  3.39132  
2.52137 2.74304 5.39223  3.36027  
2.90333 2.3123 6.77936  3.3373  
2.97649 2.25065 6.30043  3.32289  
2.97915 2.24587 6.5945  3.3087  
2.88436 2.31768 6.40111  3.22816  
3.00139 2.23007 7.28946  3.07228  
2.48991 2.84928 6.49313  2.91635  
2.9857 2.23987 6.54431  3.0401  
3.46333 1.96118 5.94912  2.88803  
2.88623 2.31271 5.72559  2.93347  
3.43161 1.97698 5.68782  2.97907  
3.44104 1.97257 5.9074  3.04545  
2.53393 2.71651 5.68344  3.11744  
2.94223 2.27263 5.19086  2.96818  
2.5399 2.70324 5.38963  3.08985  
2.4798 3.10467 5.40364  3.15547  
2.96556 2.25394 5.19275  3.12053  
2.4962 2.81108 5.17275  3.17319  
3.47031 1.95639 4.83581  3.05915  
2.88612 2.31306 4.9177  3.16591  
2.98065 2.24382 4.87376  3.19931  
2.54942 2.68762 4.74094  3.16103  
2.4923 2.84262 4.73602  3.20473  
3.0236 2.22802 4.69108  3.28712  
2.9391 2.27575 4.75893  3.35134  
3.20731 2.22741 4.77278  3.43176  
2.5185 2.77452 4.80736  3.53833  
5.52974 3.63295 4.746  3.53325  
6.76981 3.04357 4.61015  3.53524  
2.94285 2.47195 4.54638  3.53319  
2.98603 2.44169 4.57973  3.63186  
7.20213 2.87589 4.40731  3.55549  
3.47512 2.15524 2.89019  2.31223  
6.95201 3.62845 4.19701  3.50604  
3.00694 2.77158 4.48086  3.85951  
3.11491 2.60686 4.49234  3.8885  
3.07015 2.63977 4.35322  3.86046  
2.64651 3.14623 4.23827  3.90155  
3.57542 2.34283 4.22144  3.88467  
5.24954 3.30729 4.16201  3.8949  
4.92738 3.65747 4.20247  4.03507  
2.64874 3.14176 3.95781  3.81745  
2.69496 3.0479 4.0847  4.08423  
3.07801 2.64183 4.02906  4.06421  
3.06081 2.65509 3.92243  3.99834  
3.09921 2.6265 4.00281  4.21755  
3.10125 2.62429 3.87655  4.12365  
2.66262 3.10199 3.96781  4.28051  
3.02022 2.87195 3.80902  4.20259  
3.15618 2.58597 3.89962  4.41627  
3.0216 2.81887 3.75066  4.32362  
2.62078 3.23161 3.81677  4.54604  
3.2247 2.54264 3.82635  4.56199  
3.11736 2.61357 3.65405  4.45178  
3.09128 2.63192 3.70376  4.78769  
3.57861 2.3404 3.66339  4.72278  
3.051 2.67029 3.63812  4.79169  
5.95398 3.65688 3.57533  4.75806  
5.8701 4.05328 3.53997  4.80622  
3.14583 2.73508 3.46607  4.94995  
3.08351 2.77871 3.47383  4.94233  
3.09084 2.77314 3.43987  5.02087  
3.13381 2.74369 3.47554  5.22963  
3.60062 2.47046 3.39255  5.35471  
2.68661 3.19963 3.51465  5.15698  
2.64164 3.30204 3.35827  5.79197  
3.16052 2.72501 3.24618  5.32001  
3.07376 2.78454 3.19396  5.25741  
2.6689 3.22789 3.15564  5.30207  
2.67543 3.22017 3.28039  6.24229  
2.6655 3.23928 3.05653  5.3868  
3.06997 2.78869 3.5468  5.36403  
3.12174 2.75132 3.05153  6.15152  
2.63705 3.31786 3.69817  4.8171  
3.16681 2.71986 3.72345  5.37196  
3.21664 2.62586 3.73091  4.86749  
3.14712 2.73386 3.81497  5.06982  
3.56719 2.48796 3.88042  4.98514  
2.68344 3.20451 3.93603  5.20984  
3.03641 2.81447 3.99014  6.06098  
2.62956 3.33967 4.18747  4.67078  
3.06124 2.79543 4.51425  4.58399  
2.64828 3.27977 4.53136  4.67848  
3.13556 2.74207 5.22863  3.00778  
3.13034 2.74551 3.38736  6.00844  
2.01106 2.47446 3.90734  5.32531  
2.3803 2.01308 3.11504  5.20558  
2.9402 1.67462 4.68496  3.25282  
2.9709 1.65937 4.09708  3.15101  
2.48501 1.94316 5.21044  2.9265  
2.9755 1.65814 5.46749  2.90522  
2.65901 1.92886 4.98334  2.89483  
5.2827 1.65067 4.84136  1.8269  
2.6792 1.92817 5.30269  1.89202  
2.37872 2.01905 5.0368  2.68453  
2.04931 2.38459 5.01494  1.93483  
4.14882 1.65406 5.39796  2.2647  
2.43921 1.97598 4.84745  2.00389  
1.87361 6.07529 5.62906  2.10986  
2.44404 1.97493 5.61472  2.18249  
1.9952 2.51446 3.93144  1.97948  
2.01738 2.45191 5.2756  2.24317  
2.01526 2.46615 4.41904  2.13267  
3.14262 1.65713 3.3578  1.94116  
2.00555 2.49521 3.42078  1.98597  
2.36882 2.02133 3.99136  2.10984  
2.44853 1.97285 3.19533  1.97269  
1.99164 2.54531 3.05636  1.95447  
2.02835 2.43429 4.97648  2.5872  
1.8753 4.39848 4.66887  2.53986  
1.89671 4.33413 3.48997  2.16573  
2.46004 1.96052 2.99137  2.02297  
2.4786 1.94579 3.31722  2.12822  
2.49118 1.93828 3.82627  2.28185  
2.48804 1.94103 3.66528  2.34771  
2.49939 1.93223 3.89545  2.35799  
1.98002 2.58717 4.00678  2.52537  
2.40534 2.00554 4.22504  2.70499  
2.01404 2.47046 4.36149  2.80848  
2.95574 1.66695 4.33669  2.85935  
1.91722 3.38315 4.45893  2.85779  
2.47391 1.95059 3.84898  2.72362  
1.90939 3.66233 3.47454  2.54842  
2.36873 2.02204 3.38156  2.55302  
2.42603 1.98271 3.72183  2.78534  
3.90734 5.32531 3.15655  2.47912  
6.06778 1.68123 3.80503  3.07807  
2.20424 2.51956 3.42591  2.82457  
3.94193 1.68361 2.97167  2.47957  
2.65831 1.99789 2.36873  2.02589  
2.68623 1.97987 3.38933  2.8081  
2.21402 2.49259 3.06987  2.64488  
2.1794 2.61288 3.25878  2.85105  
2.68308 1.98158 3.33935  2.98252  
2.2255 2.46626 3.19354  2.89877  
2.20773 2.50889 2.98793  2.7293  
2.68752 1.97936 3.42258  3.1499  
2.73819 1.94645 2.99571  2.83063  
2.24071 2.43792 2.77975  2.65085  
2.6339 2.01905 3.33616  3.26031  
2.21102 2.50048 3.33682  3.33649  
5.05512 2.60438 3.50946  3.23685  
2.11987 5.90255 3.20231  3.51778  
2.67315 1.98766 3.10846  3.35486  
2.67983 1.98312 2.99768  3.2504  
2.17631 2.63441 2.94966  3.25796  
2.69232 1.97619 2.95131  3.30267  
2.59482 2.04775 3.05382  3.85947  
2.2299 2.45737 2.66663  3.01866  
2.62619 2.02384 2.50675  2.76838  
2.23656 2.44509 2.94184  3.60752  
5.62701 3.73042 2.51144  2.88076  
2.60807 2.03566 2.95842  3.76227  
2.25934 2.40259 2.87711  3.85486  
2.66828 1.99185 2.71581  3.79821  
2.69171 1.97644 2.46127  3.0272  
2.2012 2.52833 2.40997  2.97393  
2.19539 2.54568 2.39353  2.98448  
2.18802 2.57197 2.6718  3.87355  
2.2368 2.44361 2.53025  3.55548  
2.17628 2.63573 2.53802  3.6739  
2.18238 2.60008 2.56335  3.85912  
2.62736 2.02331 2.51431  3.91275  
2.2177 2.48283 2.50321  3.89839  
2.61475 2.0321 2.4369  3.86667  
2.15809 3.7819 2.41267  3.83258  
3.11488 1.86652 2.45401  4.16953  
2.62984 2.02014 2.50802  4.78061  
2.20887 2.50588 2.32721  3.88863  
4.9953 3.84944 2.46104  4.9385  
2.6655 3.23928 2.34029  4.46994  
3.06997 2.78869 2.49506  5.54484  
3.12174 2.75132 2.62297  5.51798  
2.63705 3.31786 2.65474  5.81389  
3.16681 2.71986 2.66271  4.50724  
3.21664 2.62586 2.66377  4.99034  
3.14712 2.73386 2.67767  5.35462  
3.56719 2.48796 2.15494  5.12026  
2.68344 3.20451 2.03053  3.91753  
3.03641 2.81447 2.74095  5.28146  
2.62956 3.33967 2.74713  6.32858  
3.06124 2.79543 2.77231  5.55777  
2.64828 3.27977 2.95642  5.32531  
3.13556 2.74207 2.96154  4.30008  
3.13034 2.74551 2.98821  4.81967  
0.488951 0.74932 2.26556  0.369749  
0.325074 0.792603 1.44323  1.11593  
0.55821 0.747578 1.71245  0.023682  
0.789694 0.300132 1.72412  0.0350074  
0.831569 0.272238 1.99407  0.0362474  
1.47816 0.0182286 2.10573  0.0346277  
0.697368 0.36911 2.25919  0.0613507  
0.722887 0.349027 2.28315  0.0592677  
0.697494 0.366979 2.86218  0.0389239  
1.23993 0.236162 3.66563  0.0362678  
0.69926 0.366274 2.80461  0.236886  
1.41505 0.0203295 2.1673  0.281529  
0.302749 0.850303 2.04552  0.219826  
0.567008 0.731767 2.16713  0.276701  
1.29085 0.0228282 2.09542  0.282318  
0.759787 0.319762 1.90185  0.27666  
0.782837 0.305823 1.79058  0.279598  
0.74024 0.334363 1.80679  0.29439  
0.774489 0.310807 1.67523  0.290484  
0.278805 0.943093 1.49156  0.277683  
0.819662 0.278578 1.42735  0.317433  
0.780387 0.307238 1.48381  0.307437  
0.278214 2.63684 1.27077  0.283155  
0.828164 0.272744 1.22353  0.281761  
0.817514 0.27969 1.20351  0.294231  
2.26556 0.369749 1.19571  0.306246  
0.949572 0.287 1.2131  0.327988  
3.46351 0.419323 1.08393  0.296732  
1.03977 0.26882 1.15225  0.341021  
0.806853 0.332234 1.0942  0.334534  
1.28599 0.218309 1.34567  0.318685  
0.942035 0.29577 1.10575  0.370529  
0.819184 0.323671 1.58693  0.50849  
0.959124 0.280106 1.59159  0.511286  
0.285925 1.51963 0.817514  0.27969  
1.02795 0.278658 0.957321  0.369117  
1.82909 0.0168371 1.49474  0.671704  
1.03206 0.275004 1.42355  0.683341  
0.938631 0.29781 1.27224  0.683157  
0.378036 0.816455 1.34537  0.678028  
0.80654 0.332273 1.27067  0.680025  
0.29606 1.27984 1.26185  0.68107  
0.829949 0.314936 1.22671  0.68507  
0.943554 0.293236 1.14552  0.651058  
0.727127 0.34677 1.13184  0.686696  
1.03772 0.271351 1.08262  0.6725  
1.76967 0.742666 0.69926  0.366842  
0.521618 0.816795 1.08393  0.708154  
0.952036 0.329911 1.01646  0.683388  
0.999472 0.296439 1.10518  0.761702  
0.768976 0.721076 1.09124  0.806373  
1.67238 0.0169158 1.11273  0.714192  
0.991317 0.302924 0.959721  0.746566  
0.922801 0.357922 0.876288  0.683035  
0.884593 0.381037 1.19558  1.09058  
0.976932 0.311667 0.844674  0.695782  
1.02375 0.279548 1.35225  1.32247  
1.0136 0.28814 1.36011  1.32112  
0.519084 0.823664 0.773654  0.716019  
1.04743 0.267886 0.760749  0.718142  
0.91184 0.364688 0.759787  0.725119  
0.975165 0.314535 0.985197  1.09501  
1.47461 0.0205152 0.731641  0.749034  
2.62002 0.216945 0.964711  1.21801  
0.971489 0.31618 0.700204  0.764321  
0.965389 0.321806 1.39712  1.49398  
0.923939 0.356992 0.828359  1.06957  
0.516263 0.827585 0.834043  1.1221  
1.01791 0.283814 0.788885  1.11433  
0.880145 0.695781 0.773872  1.11349  
0.927193 0.348984 0.759771  1.11962  
0.477772 1.41555 0.759732  1.16236  
0.955842 0.327422 0.736016  1.19242  
2.6184 0.0169319 0.744666  1.2583  
1.06844 1.52596 0.709749  1.24331  
1.11337 1.41472 0.760914  1.54631  
1.51064 0.987169 0.684919  1.3096  
1.4485 1.03915 1.09204  2.53512  
1.10998 1.42128 0.727724  1.62671  
1.56263 0.95037 0.707642  1.64112  
1.13042 1.38258 0.684883  1.7214  
3.48472 1.03088 0.573245  1.32825  
1.09842 1.44609 0.588991  1.4839  
1.06035 1.56092 0.557385  1.55141  
1.54893 0.959523 0.546932  1.51611  
2.01239 0.69127 0.575343  1.74322  
1.06502 1.53806 0.481731  1.36851  
1.4993 0.995931 0.532854  1.88529  
1.1072 1.42589 0.599614  2.75546  
1.04918 1.63623 0.513157  2.0058  
1.12067 1.39945 0.509424  2.36826  
2.04384 0.672229 0.439346  2.62595  
1.51408 0.984237 0.446775  2.26979  
1.45022 1.03898 0.400365  1.96185  
4.1236 0.986587 0.397558  2.36289  
2.62956 3.33967 0.399076  2.6679  
3.06124 2.79543 0.34683  1.91065  
2.64828 3.27977 0.438042  3.72887  
3.13556 2.74207 0.636202  3.43853  
3.13034 2.74551 0.836524  2.99835  
0.0124378 0.897253 0.999838  0.00885193  
0.0434857 0.80077 0.000103166  1.00804  
0.00561025 0.935107 0.989976  0.0137959  
0.534002 0.278144 0.970281  0.0237489  
0.0525823 0.780055 0.952361  0.0328985  
0.42114 0.359973 0.946705  0.0357978  
0.109683 0.677641 0.946705  0.0357978  
0.368585 0.401775 0.946705  0.0357978  
0.00192646 0.965603 0.946705  0.0357978  
0.949935 0.0341306 0.946705  0.0357978  
0.000124973 1.0051 0.946705  0.0357978  
0.00373417 0.948022 0.946705  0.0357978  
0.928019 0.0454579 0.946705  0.0357978  
0.0898545 0.709125 0.946705  0.0357978  
0.00739296 0.923312 0.946705  0.0357978  
0.454146 0.334871 0.946705  0.0357978  
0.134932 0.641848 0.946705  0.0357978  
0.150721 0.620544 0.946705  0.0357978  
0.599688 0.234562 0.946705  0.0357978  
0.992225 0.0126819 0.946705  0.0357978  
0.999838 0.00885193 0.946695  0.227055  
0.0647803 0.754762 0.796528  0.236542  
0.126292 0.653538 0.796528  0.236542  
0.393336 0.381787 0.796528  0.236542  
0.397593 0.378234 0.596374  0.236542  
0.372779 0.398272 0.596374  0.236542  
0.13948 0.635323 0.596374  0.236542  
0.357914 0.410551 0.596374  0.236542  
0.437925 0.347137 0.596374  0.236542  
0.448444 0.339115 0.596365  0.236542  
0.910979 0.0545107 0.57218  0.252361  
0.115038 0.671004 0.57218  0.252361  
0.482177 0.314382 0.559036  0.261556  
0.0941321 0.702864 0.548134  0.268531  
0.416368 0.36351 0.538163  0.275193  
0.93588 0.0413622 0.52737  0.282671  
0.470041 0.323193 0.517087  0.289684  
0.507025 0.296766 0.507045  0.296766  
0.104372 0.685753 0.49707  0.303767  
0.0371436 0.816912 0.487294  0.310835  
0.501178 0.300836 0.477666  0.317638  
0.879197 0.071307 0.467973  0.324692  
0.477666 0.317638 0.458757  0.33146  
0.521145 0.286871 0.449189  0.33886  
0.405707 0.371887 0.439896  0.345628  
0.571246 0.253127 0.42751  0.35495  
0.411138 0.367574 0.42751  0.35495  
0.060232 0.763553 0.408035  0.370067  
0.123839 0.65718 0.407983  0.370067  
0.363398 0.40607 0.407983  0.370067  
0.497052 0.303767 0.368603  0.401775  
0.0783224 0.729699 0.368603  0.401775  
0.513169 0.292419 0.368603  0.401775  
0.432354 0.35126 0.368603  0.401775  
0.984258 0.0166836 0.368603  0.401775  
0.383739 0.389525 0.368603  0.401775  
0.464646 0.327124 0.368603  0.401775  
0.46018 0.330413 0.368603  0.401775  
0.0556688 0.77332 0.368603  0.401775  
0.0108621 0.905135 0.368603  0.401775  
0.590658 0.240268 0.368603  0.401775  
0.00876642 0.915155 0.368603  0.401775  
0.0403725 0.808279 0.363648  0.597487  
0.0339263 0.824861 0.356723  0.620544  
0.976563 0.020581 0.350838  0.620545  
0.0159365 0.883052 0.339896  0.635318  
0.119104 0.663781 0.331819  0.645806  
0.492074 0.307503 0.322889  0.663781  
0.969083 0.0243831 0.319036  0.663781  
0.0259915 0.847926 0.304623  0.685825  
0.379044 0.393135 0.293973  0.702898  
0.527225 0.282675 0.287688  0.715246  
0.0810577 0.724472 0.0810486  0.724472  
0.920804 0.0491872 0.0810486  0.724472  
0.0290382 0.838828 0.0810486  0.724472  
0.0226964 0.858166 0.0810486  0.724472  
0.579382 0.247638 0.0810486  0.724472  
0.0744482 0.735982 0.0810486  0.724472  
0.539398 0.274442 0.0810486  0.724472  
0.427491 0.354951 0.0810486  0.724472  
0.565623 0.256696 0.0810486  0.724472  
0.046328 0.793736 0.0810486  0.724472  
0.0724475 0.740225 0.0810486  0.724472  
0.957617 0.0301997 0.0810486  0.724472  
0.0192858 0.87002 0.0810486  0.724472  
0.0492947 0.787024 0.0810486  0.724472  
0.131006 0.647056 0.0810486  0.724472  
0.543435 0.271598 0.0810486  0.724472  
0.584283 0.244488 0.0810486  0.724472  
0.90006 0.0600847 0.0810486  0.724472  
0.0305716 0.833946 0.067375  0.749215  
0.877494 0.0721027 0.067375  0.749215  
0.558334 0.261558 0.0622188  0.759407  
0.943014 0.0377016 0.054508  0.775304  
0.0860896 0.715552 0.0468412  0.792374  
0.486671 0.311158 0.0386885  0.812107  
0.549387 0.267576 0.0303853  0.834613  
0.0691139 0.745927 0.0219143  0.861659  
0.388672 0.385443 0.0134828  0.894534  
0.442449 0.34361 0.0047931  0.939927  
0.430633 0.343773 0.999797  0.000101349  
0.114808 0.661166 9.73994e-05  0.990132  
0.797578 0.106928 0.989882  0.00507188  
0.377663 0.385457 0.97007  0.0150786  
0.548144 0.259632 0.950837  0.0248911  
0.0339747 0.815678 0.932202  0.0344939  
0.0434077 0.791655 0.913978  0.0439779  
0.208399 0.543493 0.896269  0.0532851  
0.497047 0.294984 0.879024  0.0624373  
0.485778 0.303022 0.864837  0.0700337  
0.0901261 0.69979 0.845923  0.0802593  
0.602996 0.223472 0.830762  0.0885387  
0.181154 0.574378 0.815969  0.0966897  
0.327098 0.428075 0.800786  0.105133  
0.457721 0.323449 0.797578  0.106928  
0.824965 0.091724 0.797578  0.106928  
0.102541 0.67978 0.797578  0.106928  
0.517064 0.280928 0.797578  0.106928  
0.084463 0.709375 0.797578  0.106928  
0.0959233 0.690285 0.70102  0.162731  
0.294409 0.457405 0.70102  0.162731  
0.412641 0.357629 0.68864  0.170157  
0.335539 0.420742 0.675032  0.178397  
0.972674 0.0137576 0.662717  0.185926  
0.467923 0.315951 0.65007  0.193731  
0.403769 0.364572 0.637812  0.201369  
0.537636 0.266763 0.626088  0.208743  
0.0125509 0.887969 0.614501  0.216099  
0.421607 0.350687 0.602996  0.223472  
0.318239 0.435873 0.591504  0.230907  
0.386308 0.378463 0.580543  0.238067  
0.626088 0.208743 0.569585  0.245291  
0.580543 0.238067 0.558778  0.252485  
0.302509 0.449992 0.548144  0.259632  
0.0193439 0.860918 0.537636  0.266763  
0.931571 0.0348206 0.527279  0.27386  
9.73994e-05 0.990132 0.517064  0.280928  
0.369129 0.39244 0.506987  0.287969  
0.449086 0.329861 0.497047  0.294984  
0.70102 0.162731 0.487217  0.301991  
0.856835 0.0743461 0.477512  0.308978  
0.569585 0.245291 0.467923  0.315951  
0.17418 0.582651 0.458435  0.322922  
0.506987 0.287969 0.449086  0.329861  
0.158928 0.601343 0.439832  0.336802  
0.288325 0.463041 0.43067  0.343746  
0.846531 0.0799286 0.421607  0.350687  
0.0242987 0.844119 0.412641  0.357629  
0.395057 0.371464 0.403769  0.364572  
0.896492 0.0531674 0.394985  0.371522  
0.360664 0.399447 0.386308  0.378463  
0.0645213 0.74599 0.377663  0.385457  
0.0708994 0.733731 0.369129  0.39244  
0.68864 0.170157 0.360664  0.399447  
0.110043 0.668273 0.351918  0.406773  
0.129563 0.640051 0.343958  0.413521  
0.988229 0.00590306 0.335539  0.420742  
0.123184 0.649024 0.327098  0.428075  
0.151668 0.610555 0.319369  0.434873  
0.558778 0.252485 0.310978  0.442346  
0.030708 0.824763 0.302973  0.44957  
0.649866 0.193857 0.294409  0.457405  
0.0587898 0.757534 0.288325  0.463041  
0.00191284 0.956264 0.288325  0.463041  
0.614501 0.216099 0.288325  0.463041  
0.0541987 0.767194 0.288325  0.463041  
0.942553 0.0291491 0.208399  0.543493  
0.166355 0.592134 0.208399  0.543493  
0.999797 0.000101349 0.208399  0.543493  
0.136931 0.629959 0.208399  0.543493  
0.343958 0.413521 0.208399  0.543493  
0.0768598 0.722764 0.208399  0.543493  
0.0496244 0.777235 0.208399  0.543493  
0.196311 0.55693 0.203544  0.548841  
0.953769 0.0233891 0.196311  0.55693  
0.353641 0.405323 0.188696  0.565609  
0.527279 0.27386 0.181154  0.574378  
0.477512 0.308978 0.173725  0.583197  
0.00911965 0.90451 0.166355  0.592134  
0.0159814 0.873582 0.158928  0.601343  
0.662717 0.185926 0.151668  0.610555  
0.815969 0.0966897 0.144555  0.619797  
0.834182 0.0866645 0.136931  0.629959  
0.0387275 0.803208 0.129563  0.640051  
0.188696 0.565609 0.122202  0.650426  
0.203544 0.548841 0.114808  0.661166  
0.637812 0.201369 0.107425  0.672243  
0.675633 0.178031 0.0999736  0.683814  
0.00556923 0.925379 0.0923478  0.696112  
0.907864 0.0471808 0.084463  0.709375  
0.869525 0.0675167 0.0773109  0.721952  
0.810048 0.0999734 0.0698461  0.735716  
0.144555 0.619797 0.062201  0.750599  
0.310966 0.442357 0.0544587  0.766636  
0.0272101 0.835045 0.0466204  0.784082  
0.439832 0.336802 0.0386624  0.803373  
0.592021 0.230571 0.0305624  0.825179  
0.882895 0.0603753 0.0222717  0.850763  
0.961385 0.0194977 0.0137234  0.882853  
0.920897 0.0403663 0.00477266  0.930916  
0.0541912 0.767211 0.9998  9.98468e-05  
0.294683 0.457152 9.94732e-05  0.990032  
0.830388 0.088744 0.989873  0.00507619  
0.421617 0.350679 0.970069  0.0150791  
0.961305 0.0195386 0.950837  0.0248911  
0.626152 0.208702 0.932145  0.0345232  
9.94732e-05 0.990032 0.913961  0.043987  
0.0192571 0.861231 0.896266  0.0532869  
0.430669 0.343746 0.879012  0.0624437  
0.18126 0.574254 0.86236  0.0713665  
0.800918 0.10506 0.845788  0.080333  
0.35215 0.406578 0.830388  0.088744  
0.0291288 0.829328 0.814826  0.0973229  
0.614465 0.216122 0.799343  0.10594  
0.151666 0.610557 0.786532  0.113134  
0.9998 9.98468e-05 0.786532  0.113134  
0.403769 0.364572 0.786532  0.113134  
0.21088 0.540783 0.786532  0.113134  
0.949928 0.0253573 0.716311  0.153649  
0.548131 0.259642 0.713237  0.155467  
0.106223 0.674083 0.700649  0.162952  
0.0662335 0.742642 0.688384  0.170311  
0.840983 0.0829488 0.674875  0.178492  
0.335691 0.420612 0.662298  0.186184  
0.144227 0.620228 0.650072  0.19373  
0.487215 0.301992 0.638035  0.201229  
0.448415 0.330362 0.626152  0.208702  
0.0925 0.695862 0.614465  0.216122  
0.662297 0.186184 0.602986  0.223479  
0.506988 0.287969 0.59166  0.230806  
0.0387335 0.803194 0.580544  0.238066  
0.439828 0.336805 0.569582  0.245294  
0.0496211 0.777243 0.558779  0.252485  
0.814826 0.0973229 0.548131  0.259642  
0.377671 0.38545 0.537633  0.266765  
0.637878 0.201327 0.52728  0.27386  
0.188449 0.565893 0.517067  0.280926  
0.303259 0.44931 0.506988  0.287969  
0.49858 0.293898 0.497038  0.294991  
0.93889 0.031037 0.487215  0.301992  
0.31041 0.442855 0.477512  0.308978  
0.850181 0.0779477 0.467925  0.315949  
0.716311 0.153649 0.458452  0.322909  
0.517074 0.280922 0.449087  0.32986  
0.786532 0.113134 0.439828  0.336805  
0.458452 0.322909 0.43067  0.343746  
0.0587708 0.757573 0.42161  0.350685  
0.913961 0.043987 0.412645  0.357626  
0.674414 0.178773 0.40377  0.364572  
0.896466 0.053181 0.394986  0.371521  
0.343827 0.413633 0.386273  0.378491  
0.988117 0.00595914 0.377667  0.385454  
0.476243 0.309897 0.369128  0.392441  
0.412644 0.357626 0.360665  0.399446  
0.159017 0.60123 0.35215  0.406578  
0.319026 0.435176 0.343958  0.413521  
0.0159897 0.87355 0.335691  0.420612  
0.860183 0.0725408 0.327672  0.427573  
0.52728 0.27386 0.3194  0.434845  
0.602986 0.223479 0.31098  0.442345  
0.361319 0.398902 0.303273  0.449298  
0.467925 0.315949 0.295149  0.456724  
0.0226544 0.849487 0.287137  0.464149  
0.00191284 0.956264 0.278756  0.472027  
0.122202 0.650426 0.278756  0.472027  
0.327672 0.427573 0.278756  0.472027  
0.278756 0.472027 0.219  0.532026  
0.537633 0.266765 0.219  0.532026  
0.173741 0.583178 0.219  0.532026  
0.114809 0.661165 0.219  0.532026  
0.649612 0.194015 0.219  0.532026  
0.196287 0.556957 0.217827  0.533281  
0.581328 0.237552 0.21088  0.540783  
0.569581 0.245294 0.203422  0.548977  
0.0339448 0.815759 0.196287  0.556957  
0.0125746 0.887868 0.18845  0.565893  
0.0709717 0.733595 0.181154  0.574378  
0.592186 0.230465 0.173741  0.583178  
0.00911965 0.90451 0.166385  0.592098  
0.0850104 0.708435 0.159018  0.60123  
0.386273 0.378491 0.151666  0.610557  
0.0999731 0.683815 0.144227  0.620228  
0.203421 0.548977 0.136943  0.629944  
0.558779 0.252485 0.129568  0.640046  
0.287137 0.464149 0.122202  0.650426  
0.219 0.532026 0.114809  0.661165  
0.129567 0.640046 0.107404  0.672275  
0.369151 0.392423 0.0999733  0.683815  
0.00556923 0.925379 0.0925005  0.695862  
0.0769728 0.722561 0.085011  0.708435  
0.872932 0.0656916 0.0774465  0.721709  
0.136942 0.629944 0.0698677  0.735676  
0.395446 0.371155 0.0622042  0.750592  
0.7015 0.162444 0.0544607  0.766632  
0.976452 0.0118443 0.0466214  0.78408  
0.166384 0.592098 0.0386647  0.803368  
0.924433 0.0385259 0.0305626  0.825178  
0.882895 0.0603753 0.0222717  0.850763  
0.688384 0.170311 0.0137235  0.882853  
0.043431 0.791599 0.00477434  0.930903  
0.0845005 0.70931 0.9998  0.000100138  
0.294683 0.457152 9.9406e-05  0.990031  
0.159023 0.601223 0.989873  0.00507627  
0.506988 0.287969 0.97007  0.0150789  
0.25 0.5 0.950837  0.0248911  
0.467925 0.315949 0.932144  0.034524  
0.181166 0.574364 0.91396  0.0439874  
0.221244 0.529634 0.896258  0.0532909  
0.872921 0.0656976 0.879012  0.0624437  
0.637823 0.201362 0.862257  0.0714222  
9.9406e-05 0.990031 0.845788  0.0803328  
0.327505 0.427719 0.830388  0.088744  
0.799343 0.10594 0.814825  0.0973233  
0.343934 0.413541 0.799343  0.10594  
0.497261 0.294833 0.785654  0.113629  
0.114812 0.661161 0.785654  0.113629  
0.886663 0.0583722 0.785654  0.113629  
0.0339898 0.815637 0.785654  0.113629  
0.537633 0.266765 0.716621  0.153465  
0.0159674 0.873638 0.714597  0.154661  
0.0925088 0.695847 0.700534  0.163021  
0.394999 0.371511 0.687764  0.170685  
0.0999732 0.683815 0.674863  0.178499  
0.151904 0.610252 0.662335  0.18616  
0.310918 0.4424 0.650071  0.19373  
0.412724 0.357564 0.638  0.201251  
0.602985 0.223479 0.626136  0.208712  
0.976424 0.0118585 0.614465  0.216122  
0.660869 0.187061 0.602985  0.223479  
0.0722938 0.731125 0.591679  0.230793  
0.687764 0.170685 0.580545  0.238065  
0.203422 0.548977 0.569582  0.245294  
0.302534 0.449969 0.558779  0.252485  
0.42161 0.350685 0.548131  0.259641  
0.591679 0.230793 0.537633  0.266765  
0.166385 0.592097 0.527281  0.273859  
0.477512 0.308978 0.517067  0.280926  
0.0767693 0.722927 0.506988  0.287969  
0.00912933 0.904454 0.497039  0.29499  
0.938889 0.0310374 0.487215  0.301992  
0.569963 0.245041 0.477512  0.308978  
0.18845 0.565892 0.467925  0.315949  
0.403772 0.364569 0.458452  0.322909  
0.335708 0.420597 0.449088  0.32986  
0.0606827 0.753661 0.439828  0.336805  
0.129567 0.640045 0.43067  0.343746  
0.448205 0.330519 0.42161  0.350685  
0.854756 0.0754697 0.412645  0.357626  
0.830388 0.088744 0.403772  0.364569  
0.517067 0.280926 0.394986  0.371521  
0.377806 0.385341 0.386285  0.378482  
0.988117 0.00595914 0.377667  0.385454  
0.0257413 0.839559 0.369128  0.392441  
0.924525 0.0384779 0.360665  0.399446  
0.430666 0.343749 0.352152  0.406576  
0.0664325 0.742255 0.343958  0.413521  
0.195747 0.557567 0.335708  0.420597  
0.318217 0.435893 0.327505  0.427719  
0.278756 0.472027 0.3194  0.434846  
0.0192932 0.8611 0.311554  0.44183  
0.580545 0.238065 0.303334  0.449243  
0.961165 0.0196096 0.295407  0.456486  
0.844015 0.0812969 0.287459  0.463848  
0.913841 0.0440499 0.279977  0.470871  
0.949934 0.0253543 0.278756  0.472027  
0.701483 0.162454 0.25  0.5  
0.900009 0.0513118 0.25  0.5  
0.458452 0.322909 0.25  0.5  
0.00558239 0.925285 0.25  0.5  
0.487215 0.301992 0.221244  0.529634  
0.17392 0.582963 0.221244  0.529634  
0.626136 0.208712 0.21798  0.533116  
0.136944 0.629941 0.210894  0.540768  
0.360665 0.399446 0.203422  0.548977  
0.369128 0.392441 0.195747  0.557567  
0.0126036 0.887734 0.18845  0.565892  
0.106425 0.673771 0.181166  0.574364  
0.0496033 0.777282 0.173761  0.583153  
0.144254 0.620193 0.166385  0.592097  
0.00191667 0.95622 0.159023  0.601223  
0.05436 0.766848 0.151666  0.610556  
0.558779 0.252485 0.144254  0.620193  
0.548131 0.259641 0.136944  0.629941  
0.0386958 0.803288 0.129567  0.640045  
0.287041 0.464238 0.122201  0.650427  
0.814857 0.0973058 0.114812  0.661161  
0.9998 0.000100138 0.107405  0.672274  
0.439828 0.336805 0.0999732  0.683815  
0.0433742 0.791735 0.0925088  0.695847  
0.352151 0.406577 0.0850123  0.708431  
0.614733 0.215951 0.0774678  0.72167  
0.386285 0.378482 0.0698688  0.735673  
0.0307912 0.824526 0.0622042  0.750592  
0.123195 0.649009 0.0544605  0.766632  
0.650071 0.19373 0.0466213  0.78408  
0.674863 0.178499 0.038665  0.803366  
0.785654 0.113629 0.0305625  0.825179  
0.527281 0.273859 0.0222717  0.850763  
0.210894 0.540768 0.0137235  0.882853  
0.716621 0.153465 0.0047742  0.930905  
0.965672 0.0173137 0.9998  0.000100027  
0.294683 0.457152 9.82584e-05  0.990087  
0.637813 0.201368 0.989873  0.00507632  
0.0176974 0.866968 0.97007  0.0150788  
0.166387 0.592095 0.950837  0.0248911  
0.537633 0.266765 0.932144  0.0345239  
0.814687 0.0974 0.91396  0.0439874  
0.159243 0.600948 0.896258  0.053291  
0.872921 0.0656976 0.879013  0.0624432  
0.181166 0.574363 0.8622  0.0714529  
0.203257 0.549159 0.845808  0.0803216  
0.25 0.5 0.830336  0.0887725  
0.602982 0.223481 0.814213  0.0976625  
0.843616 0.0815141 0.79932  0.105953  
0.662349 0.186152 0.78396  0.114585  
0.0919695 0.696735 0.78396  0.114585  
0.9998 0.000100027 0.78396  0.114585  
0.918519 0.0416058 0.78396  0.114585  
0.136944 0.629941 0.716621  0.153465  
0.799387 0.105916 0.714346  0.15481  
0.558275 0.252822 0.700534  0.163021  
0.377667 0.385454 0.687704  0.170721  
0.466826 0.316754 0.674852  0.178506  
0.78396 0.114585 0.662349  0.186152  
0.0767367 0.722986 0.650071  0.19373  
0.430669 0.343746 0.638003  0.201249  
0.581328 0.237551 0.626136  0.208712  
0.327675 0.427571 0.614465  0.216122  
0.278756 0.472027 0.602982  0.223481  
0.458452 0.322909 0.591676  0.230795  
0.688227 0.170406 0.580545  0.238065  
0.938902 0.0310303 0.569582  0.245294  
0.195758 0.557554 0.558779  0.252485  
0.928058 0.0366422 0.548131  0.259641  
0.893213 0.0549005 0.537633  0.266765  
0.352901 0.405946 0.527281  0.273859  
0.704239 0.160811 0.517067  0.280926  
0.673812 0.179139 0.506988  0.287969  
0.00912933 0.904454 0.497039  0.29499  
0.949899 0.0253726 0.487215  0.301992  
0.403775 0.364567 0.477512  0.308978  
0.856825 0.0743515 0.467925  0.315949  
0.048065 0.780763 0.458452  0.322909  
0.649472 0.194102 0.449088  0.32986  
0.0339874 0.815643 0.439828  0.336805  
0.394986 0.371521 0.430669  0.343746  
0.318208 0.435901 0.42161  0.350685  
0.976455 0.0118424 0.412645  0.357626  
0.335738 0.420571 0.403771  0.36457  
0.548131 0.259641 0.394986  0.371521  
0.517067 0.280926 0.386285  0.378481  
0.412645 0.357626 0.377667  0.385454  
0.386285 0.378481 0.369128  0.392441  
0.716621 0.153465 0.360665  0.399446  
0.114812 0.66116 0.352278  0.40647  
0.144309 0.62012 0.343957  0.413521  
0.626136 0.208712 0.335707  0.420597  
0.0632972 0.748411 0.327525  0.427702  
0.591676 0.230795 0.3194  0.434846  
0.42161 0.350685 0.311343  0.442019  
0.0695169 0.736339 0.303334  0.449243  
0.287459 0.463848 0.295402  0.456491  
0.0432518 0.792029 0.287459  0.463848  
9.82584e-05 0.990087 0.279977  0.470871  
0.0586055 0.757914 0.278756  0.472027  
0.151667 0.610556 0.25  0.5  
0.527281 0.273859 0.25  0.5  
0.988188 0.00592351 0.25  0.5  
0.00558239 0.925285 0.25  0.5  
0.830336 0.0887725 0.221244  0.529634  
0.498113 0.294229 0.221244  0.529634  
0.0999731 0.683815 0.21798  0.533116  
0.0275655 0.833971 0.210908  0.540753  
0.0226482 0.849507 0.203422  0.548977  
0.210908 0.540753 0.195758  0.557554  
0.0126036 0.887734 0.188467  0.565872  
0.369289 0.392308 0.181166  0.574363  
0.129339 0.640363 0.173761  0.583153  
0.0544604 0.766632 0.166387  0.592095  
0.00191667 0.95622 0.159029  0.601215  
0.361542 0.398717 0.151667  0.610556  
0.188467 0.565872 0.144306  0.620124  
0.906474 0.0479105 0.136944  0.629941  
0.221244 0.529634 0.129577  0.640032  
0.614475 0.216115 0.122201  0.650427  
0.487215 0.301992 0.114812  0.66116  
0.569582 0.245294 0.107405  0.672274  
0.449088 0.32986 0.0999731  0.683815  
0.303334 0.449243 0.0925108  0.695844  
0.477512 0.308978 0.0850122  0.708431  
0.439828 0.336805 0.0774677  0.72167  
0.882907 0.0603689 0.0698687  0.735673  
0.506988 0.287969 0.062204  0.750593  
0.0850122 0.708431 0.0544604  0.766632  
0.310325 0.442932 0.046621  0.784081  
0.173811 0.583094 0.0386648  0.803366  
0.122194 0.650438 0.0305618  0.825181  
0.0387079 0.803257 0.0222715  0.850764  
0.343957 0.413521 0.013723  0.882855  
0.107317 0.672408 0.0047741  0.930905  
0.166388 0.592094 0.9998  0.00010004  
0.00191444 0.956246 9.89988e-05  0.99005  
0.394986 0.371521 0.989873  0.00507632  
0.71875 0.152209 0.97007  0.0150788  
0.506988 0.287969 0.950837  0.0248911  
0.548131 0.259641 0.932144  0.0345239  
9.89988e-05 0.99005 0.91396  0.0439874  
0.0292117 0.829086 0.896258  0.053291  
0.0159945 0.873531 0.879012  0.0624434  
0.988141 0.00594701 0.8622  0.071453  
0.649474 0.194101 0.8458  0.0803261  
0.159031 0.601214 0.830049  0.08893  
0.830053 0.0889275 0.814163  0.09769  
0.377667 0.385454 0.79927  0.105981  
0.0434003 0.791673 0.78396  0.114585  
0.0479956 0.780921 0.78125  0.116117  
0.386285 0.378481 0.78125  0.116117  
0.430669 0.343746 0.78125  0.116117  
0.558779 0.252485 0.71875  0.152209  
0.928455 0.0364363 0.713726  0.155177  
0.0339555 0.81573 0.700534  0.163021  
0.188488 0.565848 0.687617  0.170773  
0.569582 0.245294 0.674848  0.178509  
0.487584 0.301728 0.66235  0.186151  
0.896471 0.0531782 0.650071  0.19373  
0.181172 0.574356 0.638003  0.201249  
0.458452 0.322909 0.626136  0.208712  
0.637918 0.201302 0.614465  0.216122  
0.278756 0.472027 0.602981  0.223482  
0.369128 0.392441 0.591676  0.230795  
0.591676 0.230795 0.580545  0.238065  
0.938902 0.0310303 0.569582  0.245294  
0.91396 0.0439874 0.558779  0.252485  
0.626136 0.208712 0.548131  0.259641  
0.537633 0.266765 0.537633  0.266765  
0.439828 0.336805 0.52728  0.273859  
0.873042 0.0656331 0.517067  0.280926  
0.78125 0.116117 0.506988  0.287969  
0.00912933 0.904454 0.497039  0.29499  
0.403888 0.364478 0.487215  0.301992  
0.221244 0.529634 0.477512  0.308978  
0.84665 0.079864 0.467925  0.315949  
0.580749 0.237931 0.458452  0.322909  
0.0697631 0.735873 0.449087  0.32986  
0.287459 0.463848 0.439828  0.336805  
0.151667 0.610556 0.430669  0.343746  
0.477512 0.308978 0.42161  0.350685  
0.8622 0.071453 0.412645  0.357626  
0.0210245 0.855002 0.403771  0.36457  
0.310412 0.442853 0.394986  0.371521  
0.210922 0.540738 0.386285  0.378481  
0.79927 0.105981 0.377667  0.385454  
0.814177 0.0976823 0.369128  0.392441  
0.0633147 0.748376 0.360665  0.399446  
0.467925 0.315949 0.352276  0.406471  
0.195832 0.557471 0.343957  0.413521  
0.29538 0.456511 0.335707  0.420597  
0.66235 0.186151 0.32752  0.427706  
0.882902 0.0603711 0.319399  0.434846  
0.302421 0.450072 0.311343  0.442019  
0.318212 0.435897 0.303334  0.449242  
0.25 0.5 0.29538  0.456511  
0.136943 0.629941 0.287459  0.463848  
0.687651 0.170753 0.279977  0.470871  
0.672771 0.179774 0.278756  0.472027  
0.0925111 0.695844 0.25  0.5  
0.0259515 0.838905 0.25  0.5  
0.343871 0.413595 0.25  0.5  
0.00558457 0.92527 0.25  0.5  
0.114812 0.661161 0.221244  0.529634  
0.614465 0.216122 0.221244  0.529634  
0.352242 0.4065 0.218329  0.532743  
0.203423 0.548976 0.210922  0.540738  
0.497513 0.294654 0.203423  0.548976  
0.106993 0.672902 0.195962  0.557324  
0.0126036 0.887734 0.188488  0.565848  
0.360665 0.399446 0.181172  0.574356  
0.976433 0.0118539 0.17377  0.583143  
0.700534 0.163021 0.166388  0.592094  
0.144402 0.619997 0.159031  0.601214  
0.0773149 0.721944 0.151667  0.610556  
0.122127 0.650534 0.144306  0.620124  
0.1739 0.582987 0.136943  0.629941  
0.0387292 0.803203 0.129577  0.640032  
0.448626 0.330205 0.122201  0.650427  
0.412645 0.357626 0.114812  0.661161  
0.129577 0.640032 0.107405  0.672274  
0.94992 0.0253616 0.099973  0.683815  
0.42161 0.350685 0.0925111  0.695844  
0.517107 0.280898 0.085012  0.708432  
0.52728 0.273859 0.0774674  0.72167  
0.9998 0.00010004 0.0698676  0.735675  
0.050837 0.774529 0.0622039  0.750593  
0.32752 0.427706 0.0544602  0.766633  
0.0575843 0.760033 0.046621  0.784081  
0.961246 0.0195683 0.0386648  0.803366  
0.335707 0.420597 0.0305623  0.825179  
0.0988605 0.685579 0.0222709  0.850766  
0.085012 0.708432 0.0137231  0.882854  
0.603065 0.223428 0.00477393  0.930906  
