1.002e+00  1.293e-03  
1.884e-03  9.914e-01  
9.917e-01  6.269e-03  
9.719e-01  1.627e-02  
9.526e-01  2.608e-02  
9.339e-01  3.571e-02  
9.157e-01  4.518e-02  
8.980e-01  5.448e-02  
8.808e-01  6.364e-02  
8.640e-01  7.265e-02  
8.476e-01  8.152e-02  
8.316e-01  9.027e-02  
8.159e-01  9.889e-02  
8.007e-01  1.074e-01  
7.857e-01  1.158e-01  
7.711e-01  1.241e-01  
7.568e-01  1.323e-01  
7.428e-01  1.404e-01  
7.290e-01  1.484e-01  
7.155e-01  1.564e-01  
7.023e-01  1.642e-01  
6.894e-01  1.720e-01  
6.766e-01  1.797e-01  
6.641e-01  1.873e-01  
6.519e-01  1.949e-01  
6.398e-01  2.024e-01  
6.279e-01  2.099e-01  
6.163e-01  2.173e-01  
6.048e-01  2.247e-01  
5.935e-01  2.320e-01  
5.823e-01  2.393e-01  
5.714e-01  2.465e-01  
5.606e-01  2.537e-01  
5.499e-01  2.608e-01  
5.394e-01  2.680e-01  
5.291e-01  2.751e-01  
5.189e-01  2.821e-01  
5.088e-01  2.892e-01  
4.988e-01  2.962e-01  
4.890e-01  3.032e-01  
4.793e-01  3.102e-01  
4.697e-01  3.171e-01  
4.602e-01  3.241e-01  
4.509e-01  3.311e-01  
4.416e-01  3.380e-01  
4.325e-01  3.449e-01  
4.234e-01  3.519e-01  
4.144e-01  3.588e-01  
4.056e-01  3.658e-01  
3.968e-01  3.727e-01  
3.881e-01  3.797e-01  
3.795e-01  3.866e-01  
3.709e-01  3.936e-01  
3.625e-01  4.006e-01  
3.541e-01  4.077e-01  
3.457e-01  4.147e-01  
3.375e-01  4.218e-01  
3.293e-01  4.289e-01  
3.212e-01  4.360e-01  
3.131e-01  4.432e-01  
3.051e-01  4.504e-01  
2.972e-01  4.577e-01  
2.893e-01  4.650e-01  
2.814e-01  4.724e-01  
2.736e-01  4.798e-01  
2.659e-01  4.873e-01  
2.582e-01  4.948e-01  
2.505e-01  5.025e-01  
2.429e-01  5.102e-01  
2.353e-01  5.180e-01  
2.277e-01  5.259e-01  
2.202e-01  5.338e-01  
2.127e-01  5.419e-01  
2.052e-01  5.501e-01  
1.978e-01  5.585e-01  
1.904e-01  5.669e-01  
1.830e-01  5.756e-01  
1.756e-01  5.843e-01  
1.682e-01  5.933e-01  
1.608e-01  6.024e-01  
1.535e-01  6.117e-01  
1.461e-01  6.213e-01  
1.387e-01  6.311e-01  
1.314e-01  6.412e-01  
1.240e-01  6.516e-01  
1.166e-01  6.624e-01  
1.092e-01  6.735e-01  
1.018e-01  6.850e-01  
9.430e-02  6.970e-01  
8.680e-02  7.096e-01  
7.925e-02  7.229e-01  
7.165e-02  7.369e-01  
6.399e-02  7.518e-01  
5.625e-02  7.678e-01  
4.841e-02  7.853e-01  
4.045e-02  8.046e-01  
3.234e-02  8.264e-01  
2.406e-02  8.520e-01  
1.551e-02  8.840e-01  
6.559e-03  9.321e-01  
