9.957e-01  5.130e-04  
1.426e-03  1.000e+00  
9.777e-01  5.421e-03  
9.663e-01  1.540e-02  
9.590e-01  2.548e-02  
9.532e-01  3.566e-02  
9.482e-01  4.598e-02  
7.703e-01  5.492e-02  
7.690e-01  5.495e-02  
7.585e-01  6.315e-02  
7.537e-01  7.185e-02  
7.499e-01  8.077e-02  
7.467e-01  8.986e-02  
7.439e-01  9.910e-02  
7.413e-01  1.086e-01  
7.388e-01  1.182e-01  
7.365e-01  1.281e-01  
7.343e-01  1.381e-01  
7.321e-01  1.484e-01  
7.300e-01  1.588e-01  
7.279e-01  1.695e-01  
7.259e-01  1.804e-01  
7.239e-01  1.914e-01  
7.219e-01  2.029e-01  
7.199e-01  2.146e-01  
5.386e-01  2.194e-01  
5.386e-01  2.194e-01  
5.436e-01  2.194e-01  
5.436e-01  2.194e-01  
5.364e-01  2.194e-01  
5.354e-01  2.194e-01  
5.269e-01  2.268e-01  
5.224e-01  2.359e-01  
5.189e-01  2.456e-01  
5.158e-01  2.557e-01  
5.131e-01  2.662e-01  
5.105e-01  2.770e-01  
5.081e-01  2.882e-01  
5.057e-01  2.998e-01  
5.035e-01  3.117e-01  
5.013e-01  3.239e-01  
4.991e-01  3.365e-01  
4.970e-01  3.495e-01  
4.949e-01  3.629e-01  
4.928e-01  3.768e-01  
4.907e-01  3.910e-01  
4.886e-01  4.057e-01  
4.864e-01  4.208e-01  
4.843e-01  4.365e-01  
4.821e-01  4.526e-01  
4.799e-01  4.693e-01  
4.776e-01  4.865e-01  
3.049e-01  4.921e-01  
3.091e-01  4.921e-01  
3.091e-01  4.921e-01  
3.091e-01  4.921e-01  
3.177e-01  4.921e-01  
3.049e-01  4.921e-01  
3.091e-01  4.921e-01  
3.090e-01  4.921e-01  
3.093e-01  4.921e-01  
3.093e-01  4.921e-01  
3.048e-01  4.921e-01  
2.963e-01  4.975e-01  
2.900e-01  5.086e-01  
2.848e-01  5.221e-01  
2.801e-01  5.372e-01  
2.758e-01  5.536e-01  
2.717e-01  5.712e-01  
2.677e-01  5.899e-01  
2.637e-01  6.098e-01  
2.598e-01  6.307e-01  
2.558e-01  6.528e-01  
2.518e-01  6.761e-01  
2.476e-01  7.006e-01  
2.433e-01  7.262e-01  
2.387e-01  7.530e-01  
2.339e-01  7.808e-01  
2.288e-01  8.096e-01  
2.232e-01  8.392e-01  
1.053e-01  8.553e-01  
1.053e-01  8.553e-01  
1.053e-01  8.553e-01  
1.053e-01  8.553e-01  
9.087e-02  8.553e-01  
1.053e-01  8.553e-01  
1.053e-01  8.553e-01  
1.053e-01  8.553e-01  
1.053e-01  8.553e-01  
9.195e-02  8.553e-01  
9.191e-02  8.553e-01  
8.272e-02  8.574e-01  
7.306e-02  8.660e-01  
6.378e-02  8.797e-01  
5.464e-02  8.972e-01  
4.545e-02  9.173e-01  
3.608e-02  9.388e-01  
2.644e-02  9.601e-01  
1.654e-02  9.793e-01  
6.419e-03  9.946e-01  
