9.968e-01  6.322e-04  
2.370e-03  1.000e+00  
9.787e-01  5.527e-03  
9.672e-01  1.552e-02  
9.599e-01  2.560e-02  
9.542e-01  3.575e-02  
9.491e-01  4.610e-02  
7.722e-01  5.504e-02  
7.700e-01  5.507e-02  
7.594e-01  6.328e-02  
7.546e-01  7.194e-02  
7.509e-01  8.088e-02  
7.477e-01  8.998e-02  
7.449e-01  9.922e-02  
7.422e-01  1.087e-01  
7.398e-01  1.184e-01  
7.374e-01  1.282e-01  
7.352e-01  1.382e-01  
7.330e-01  1.485e-01  
7.309e-01  1.589e-01  
7.289e-01  1.696e-01  
7.268e-01  1.805e-01  
7.249e-01  1.915e-01  
7.229e-01  2.030e-01  
7.209e-01  2.146e-01  
5.370e-01  2.195e-01  
5.371e-01  2.195e-01  
5.371e-01  2.195e-01  
5.370e-01  2.195e-01  
5.370e-01  2.195e-01  
5.364e-01  2.195e-01  
5.279e-01  2.269e-01  
5.234e-01  2.360e-01  
5.198e-01  2.457e-01  
5.168e-01  2.558e-01  
5.140e-01  2.663e-01  
5.114e-01  2.771e-01  
5.090e-01  2.884e-01  
5.067e-01  2.999e-01  
5.044e-01  3.118e-01  
5.022e-01  3.240e-01  
5.001e-01  3.366e-01  
4.980e-01  3.496e-01  
4.958e-01  3.630e-01  
4.937e-01  3.769e-01  
4.916e-01  3.911e-01  
4.895e-01  4.058e-01  
4.874e-01  4.209e-01  
4.852e-01  4.366e-01  
4.831e-01  4.527e-01  
4.808e-01  4.694e-01  
4.785e-01  4.866e-01  
3.078e-01  4.922e-01  
3.081e-01  4.922e-01  
3.081e-01  4.922e-01  
3.100e-01  4.922e-01  
3.118e-01  4.922e-01  
3.133e-01  4.922e-01  
3.078e-01  4.922e-01  
3.118e-01  4.922e-01  
3.100e-01  4.922e-01  
3.165e-01  4.922e-01  
3.063e-01  4.922e-01  
2.973e-01  4.976e-01  
2.909e-01  5.087e-01  
2.857e-01  5.222e-01  
2.811e-01  5.373e-01  
2.768e-01  5.537e-01  
2.726e-01  5.713e-01  
2.686e-01  5.900e-01  
2.647e-01  6.099e-01  
2.608e-01  6.308e-01  
2.568e-01  6.530e-01  
2.527e-01  6.762e-01  
2.485e-01  7.007e-01  
2.442e-01  7.263e-01  
2.397e-01  7.530e-01  
2.349e-01  7.810e-01  
2.297e-01  8.097e-01  
2.241e-01  8.393e-01  
9.195e-02  8.554e-01  
9.153e-02  8.554e-01  
9.151e-02  8.554e-01  
9.150e-02  8.554e-01  
9.167e-02  8.554e-01  
9.167e-02  8.554e-01  
9.167e-02  8.554e-01  
9.167e-02  8.554e-01  
9.153e-02  8.554e-01  
9.164e-02  8.554e-01  
9.164e-02  8.554e-01  
8.367e-02  8.576e-01  
7.401e-02  8.661e-01  
6.473e-02  8.798e-01  
5.560e-02  8.973e-01  
4.640e-02  9.174e-01  
3.703e-02  9.390e-01  
2.740e-02  9.602e-01  
1.749e-02  9.794e-01  
7.376e-03  9.948e-01  
