1.370e+00  1.500e-01  
1.804e-01  5.769e-01  
8.604e-01  1.526e-01  
7.159e-01  1.571e-01  
7.159e-01  1.600e-01  
6.973e-01  1.682e-01  
6.958e-01  1.731e-01  
6.957e-01  1.763e-01  
6.954e-01  1.817e-01  
6.678e-01  1.877e-01  
6.554e-01  1.923e-01  
6.547e-01  1.966e-01  
6.482e-01  2.020e-01  
6.322e-01  2.061e-01  
6.315e-01  2.093e-01  
6.289e-01  2.176e-01  
6.112e-01  2.234e-01  
6.083e-01  2.290e-01  
6.080e-01  2.338e-01  
6.076e-01  2.394e-01  
6.071e-01  2.460e-01  
6.071e-01  2.458e-01  
6.071e-01  2.460e-01  
6.071e-01  2.458e-01  
5.405e-01  2.681e-01  
5.405e-01  2.681e-01  
5.405e-01  2.681e-01  
5.368e-01  2.714e-01  
5.332e-01  2.728e-01  
5.306e-01  2.757e-01  
5.100e-01  2.890e-01  
5.070e-01  2.896e-01  
5.065e-01  2.922e-01  
5.065e-01  2.922e-01  
5.027e-01  2.950e-01  
4.943e-01  3.014e-01  
4.906e-01  3.032e-01  
4.640e-01  3.215e-01  
4.680e-01  3.186e-01  
4.626e-01  3.227e-01  
4.625e-01  3.228e-01  
4.494e-01  3.315e-01  
4.480e-01  3.325e-01  
4.395e-01  3.419e-01  
4.364e-01  3.429e-01  
4.277e-01  3.483e-01  
4.262e-01  3.490e-01  
4.206e-01  3.529e-01  
4.158e-01  3.573e-01  
4.100e-01  3.643e-01  
4.025e-01  3.688e-01  
3.997e-01  3.704e-01  
3.997e-01  3.704e-01  
3.997e-01  3.704e-01  
3.859e-01  3.874e-01  
3.834e-01  3.958e-01  
3.755e-01  3.958e-01  
3.673e-01  3.958e-01  
3.658e-01  3.969e-01  
3.658e-01  3.969e-01  
3.644e-01  3.989e-01  
3.560e-01  4.073e-01  
3.335e-01  4.251e-01  
3.335e-01  4.251e-01  
3.335e-01  4.251e-01  
3.318e-01  4.251e-01  
3.254e-01  4.309e-01  
3.232e-01  4.331e-01  
3.103e-01  4.456e-01  
3.103e-01  4.456e-01  
3.103e-01  4.456e-01  
3.001e-01  4.550e-01  
2.992e-01  4.550e-01  
2.921e-01  4.602e-01  
2.920e-01  4.603e-01  
2.792e-01  4.758e-01  
2.792e-01  4.758e-01  
2.772e-01  4.759e-01  
2.685e-01  4.827e-01  
2.684e-01  4.828e-01  
2.684e-01  4.849e-01  
2.628e-01  4.915e-01  
2.452e-01  5.104e-01  
2.452e-01  5.104e-01  
2.452e-01  5.104e-01  
2.411e-01  5.192e-01  
2.390e-01  5.193e-01  
2.268e-01  5.283e-01  
2.268e-01  5.283e-01  
2.259e-01  5.284e-01  
2.198e-01  5.504e-01  
2.086e-01  5.505e-01  
2.086e-01  5.505e-01  
2.086e-01  5.505e-01  
2.001e-01  5.574e-01  
1.999e-01  5.574e-01  
1.927e-01  5.682e-01  
1.909e-01  5.682e-01  
1.812e-01  5.769e-01  
1.812e-01  5.769e-01  
