1.000e+00  7.438e-05  1.067e-04  
7.323e-05  1.000e+00  5.567e-05  
7.992e-05  9.414e-05  1.000e+00  
9.986e-01  3.651e-02  3.806e-02  
9.941e-01  1.036e-01  3.468e-02  
9.889e-01  4.659e-02  1.411e-01  
9.793e-01  2.008e-01  2.774e-02  
9.811e-01  1.009e-01  1.658e-01  
9.761e-01  1.876e-01  1.105e-01  
9.557e-01  3.775e-02  2.919e-01  
9.405e-01  3.395e-01  1.744e-02  
9.583e-01  1.762e-01  2.256e-01  
9.458e-01  2.956e-01  1.345e-01  
9.257e-01  8.491e-02  3.686e-01  
9.169e-01  3.911e-01  8.292e-02  
9.218e-01  1.582e-01  3.541e-01  
9.208e-01  3.081e-01  2.396e-01  
8.605e-01  3.383e-02  5.084e-01  
8.402e-01  5.420e-01  1.743e-02  
8.955e-01  2.946e-01  3.339e-01  
8.689e-01  4.611e-01  1.804e-01  
8.474e-01  1.427e-01  5.117e-01  
8.210e-01  5.631e-01  9.520e-02  
8.462e-01  2.471e-01  4.724e-01  
8.430e-01  4.452e-01  3.031e-01  
7.633e-01  6.645e-02  6.427e-01  
7.502e-01  6.578e-01  6.809e-02  
8.095e-01  3.316e-01  4.848e-01  
7.887e-01  5.449e-01  2.854e-01  
7.290e-01  1.240e-01  6.734e-01  
7.346e-01  6.535e-01  1.829e-01  
7.384e-01  2.457e-01  6.282e-01  
7.541e-01  4.925e-01  4.346e-01  
6.285e-01  2.478e-02  7.775e-01  
6.087e-01  7.938e-01  1.463e-04  
7.170e-01  4.774e-01  5.083e-01  
6.688e-01  6.999e-01  2.516e-01  
6.456e-01  2.233e-01  7.304e-01  
6.003e-01  7.902e-01  1.254e-01  
6.512e-01  3.713e-01  6.620e-01  
6.439e-01  6.454e-01  4.114e-01  
5.480e-01  9.609e-02  8.311e-01  
5.226e-01  8.497e-01  7.150e-02  
6.079e-01  4.677e-01  6.418e-01  
5.787e-01  7.327e-01  3.590e-01  
5.170e-01  1.733e-01  8.385e-01  
5.144e-01  8.311e-01  2.118e-01  
5.290e-01  3.301e-01  7.820e-01  
5.438e-01  6.464e-01  5.354e-01  
4.223e-01  3.224e-02  9.060e-01  
4.097e-01  9.113e-01  4.377e-02  
5.037e-01  5.513e-01  6.655e-01  
4.633e-01  8.167e-01  3.448e-01  
4.230e-01  2.240e-01  8.787e-01  
4.028e-01  8.963e-01  1.858e-01  
4.332e-01  3.951e-01  8.103e-01  
4.353e-01  7.274e-01  5.308e-01  
3.395e-01  7.925e-02  9.374e-01  
3.377e-01  9.344e-01  1.148e-01  
3.941e-01  4.962e-01  7.739e-01  
3.768e-01  8.082e-01  4.534e-01  
3.136e-01  1.530e-01  9.373e-01  
3.267e-01  9.040e-01  2.766e-01  
3.227e-01  3.220e-01  8.904e-01  
3.393e-01  6.860e-01  6.444e-01  
2.422e-01  1.355e-02  9.702e-01  
2.313e-01  9.729e-01  8.969e-05  
3.023e-01  6.635e-01  6.849e-01  
2.646e-01  9.113e-01  3.163e-01  
2.527e-01  2.946e-01  9.218e-01  
2.207e-01  9.647e-01  1.452e-01  
2.501e-01  4.859e-01  8.384e-01  
2.424e-01  8.248e-01  5.113e-01  
1.887e-01  1.291e-01  9.736e-01  
1.735e-01  9.825e-01  7.118e-02  
2.136e-01  5.880e-01  7.806e-01  
1.931e-01  8.876e-01  4.183e-01  
1.657e-01  2.111e-01  9.638e-01  
1.537e-01  9.604e-01  2.330e-01  
1.632e-01  3.961e-01  9.040e-01  
1.638e-01  7.692e-01  6.183e-01  
1.170e-01  5.703e-02  9.916e-01  
1.055e-01  9.936e-01  4.025e-02  
1.348e-01  6.438e-01  7.535e-01  
1.173e-01  9.202e-01  3.741e-01  
1.024e-01  2.543e-01  9.619e-01  
8.900e-02  9.775e-01  1.918e-01  
9.087e-02  4.493e-01  8.890e-01  
8.698e-02  8.139e-01  5.752e-01  
6.326e-02  9.339e-02  9.936e-01  
5.178e-02  9.927e-01  1.094e-01  
6.473e-02  5.509e-01  8.323e-01  
5.264e-02  8.780e-01  4.759e-01  
2.548e-02  1.714e-01  9.850e-01  
3.013e-02  9.597e-01  2.800e-01  
1.838e-02  3.519e-01  9.360e-01  
2.521e-02  7.394e-01  6.731e-01  
1.048e-02  2.356e-02  9.997e-01  
1.270e-04  9.997e-01  2.394e-02  
1.282e-03  6.733e-01  7.396e-01  
