1.000e+00  9.253e-05  9.461e-05  
8.662e-05  1.000e+00  8.142e-05  
6.298e-05  9.841e-05  1.000e+00  
9.985e-01  3.855e-02  3.859e-02  
9.938e-01  1.058e-01  3.527e-02  
9.888e-01  4.719e-02  1.417e-01  
9.792e-01  2.009e-01  2.870e-02  
9.806e-01  1.007e-01  1.681e-01  
9.751e-01  1.904e-01  1.143e-01  
9.556e-01  4.157e-02  2.919e-01  
9.403e-01  3.395e-01  2.215e-02  
9.580e-01  1.762e-01  2.265e-01  
9.457e-01  2.960e-01  1.346e-01  
9.257e-01  8.475e-02  3.688e-01  
9.161e-01  3.908e-01  9.002e-02  
9.211e-01  1.611e-01  3.545e-01  
9.207e-01  3.082e-01  2.397e-01  
8.604e-01  3.370e-02  5.085e-01  
8.402e-01  5.420e-01  1.695e-02  
8.955e-01  2.946e-01  3.338e-01  
8.689e-01  4.611e-01  1.802e-01  
8.465e-01  1.434e-01  5.127e-01  
8.202e-01  5.625e-01  1.041e-01  
8.461e-01  2.474e-01  4.724e-01  
8.424e-01  4.448e-01  3.044e-01  
7.634e-01  6.470e-02  6.428e-01  
7.496e-01  6.585e-01  6.779e-02  
8.090e-01  3.320e-01  4.852e-01  
7.887e-01  5.446e-01  2.852e-01  
7.288e-01  1.244e-01  6.734e-01  
7.345e-01  6.535e-01  1.828e-01  
7.384e-01  2.454e-01  6.282e-01  
7.542e-01  4.925e-01  4.346e-01  
6.286e-01  2.473e-02  7.774e-01  
6.084e-01  7.935e-01  1.255e-02  
7.171e-01  4.770e-01  5.082e-01  
6.683e-01  6.996e-01  2.530e-01  
6.456e-01  2.234e-01  7.304e-01  
6.000e-01  7.896e-01  1.291e-01  
6.512e-01  3.713e-01  6.620e-01  
6.435e-01  6.446e-01  4.131e-01  
5.477e-01  1.019e-01  8.306e-01  
5.226e-01  8.496e-01  7.200e-02  
6.077e-01  4.681e-01  6.416e-01  
5.774e-01  7.337e-01  3.583e-01  
5.171e-01  1.723e-01  8.385e-01  
5.144e-01  8.310e-01  2.118e-01  
5.295e-01  3.300e-01  7.816e-01  
5.437e-01  6.463e-01  5.355e-01  
4.222e-01  4.079e-02  9.056e-01  
4.100e-01  9.110e-01  4.479e-02  
5.038e-01  5.512e-01  6.652e-01  
4.641e-01  8.161e-01  3.445e-01  
4.249e-01  2.228e-01  8.776e-01  
4.030e-01  8.962e-01  1.859e-01  
4.330e-01  3.959e-01  8.107e-01  
4.359e-01  7.273e-01  5.308e-01  
3.396e-01  7.862e-02  9.374e-01  
3.378e-01  9.342e-01  1.147e-01  
3.937e-01  4.963e-01  7.743e-01  
3.769e-01  8.079e-01  4.532e-01  
3.137e-01  1.520e-01  9.374e-01  
3.267e-01  9.038e-01  2.766e-01  
3.228e-01  3.218e-01  8.907e-01  
3.400e-01  6.855e-01  6.438e-01  
2.422e-01  9.155e-03  9.702e-01  
2.313e-01  9.729e-01  7.650e-03  
3.044e-01  6.632e-01  6.843e-01  
2.661e-01  9.107e-01  3.163e-01  
2.519e-01  2.946e-01  9.221e-01  
2.210e-01  9.641e-01  1.476e-01  
2.506e-01  4.861e-01  8.378e-01  
2.423e-01  8.245e-01  5.114e-01  
1.907e-01  1.290e-01  9.733e-01  
1.740e-01  9.820e-01  7.407e-02  
2.137e-01  5.879e-01  7.804e-01  
1.941e-01  8.875e-01  4.182e-01  
1.657e-01  2.109e-01  9.636e-01  
1.590e-01  9.595e-01  2.329e-01  
1.628e-01  3.960e-01  9.040e-01  
1.646e-01  7.693e-01  6.175e-01  
1.170e-01  5.688e-02  9.916e-01  
1.081e-01  9.933e-01  4.015e-02  
1.361e-01  6.440e-01  7.531e-01  
1.176e-01  9.200e-01  3.740e-01  
1.026e-01  2.565e-01  9.612e-01  
9.088e-02  9.773e-01  1.916e-01  
9.482e-02  4.494e-01  8.885e-01  
8.996e-02  8.134e-01  5.748e-01  
6.406e-02  9.337e-02  9.936e-01  
5.832e-02  9.920e-01  1.120e-01  
6.261e-02  5.512e-01  8.323e-01  
5.535e-02  8.778e-01  4.759e-01  
4.075e-02  1.714e-01  9.845e-01  
3.670e-02  9.591e-01  2.809e-01  
2.965e-02  3.520e-01  9.357e-01  
1.009e-02  7.394e-01  6.732e-01  
1.240e-02  2.397e-02  9.996e-01  
7.628e-03  9.997e-01  2.397e-02  
1.822e-04  6.733e-01  7.395e-01  
