1.000e+00  9.243e-05  1.045e-04  
7.901e-05  1.000e+00  9.366e-05  
8.391e-05  8.193e-05  1.000e+00  
9.986e-01  3.852e-02  3.821e-02  
9.941e-01  1.045e-01  3.301e-02  
9.890e-01  4.566e-02  1.418e-01  
9.797e-01  2.006e-01  8.355e-04  
9.818e-01  1.009e-01  1.658e-01  
9.756e-01  1.895e-01  1.141e-01  
9.557e-01  4.107e-02  2.920e-01  
9.411e-01  3.395e-01  7.000e-04  
9.587e-01  1.748e-01  2.264e-01  
9.485e-01  2.910e-01  1.349e-01  
9.262e-01  8.505e-02  3.689e-01  
9.163e-01  3.909e-01  9.010e-02  
9.221e-01  1.584e-01  3.545e-01  
9.221e-01  3.074e-01  2.400e-01  
8.608e-01  3.271e-02  5.083e-01  
8.410e-01  5.415e-01  1.548e-02  
8.966e-01  2.943e-01  3.339e-01  
8.722e-01  4.620e-01  1.687e-01  
8.477e-01  1.411e-01  5.122e-01  
8.216e-01  5.626e-01  1.023e-01  
8.471e-01  2.458e-01  4.730e-01  
8.431e-01  4.468e-01  3.035e-01  
7.638e-01  6.362e-02  6.427e-01  
7.502e-01  6.605e-01  6.727e-02  
8.110e-01  3.311e-01  4.850e-01  
7.889e-01  5.447e-01  2.853e-01  
7.289e-01  1.245e-01  6.735e-01  
7.350e-01  6.568e-01  1.793e-01  
7.407e-01  2.366e-01  6.302e-01  
7.545e-01  4.947e-01  4.346e-01  
6.287e-01  2.427e-02  7.776e-01  
6.087e-01  7.959e-01  1.239e-02  
7.172e-01  4.794e-01  5.082e-01  
6.688e-01  7.017e-01  2.527e-01  
6.485e-01  2.165e-01  7.310e-01  
6.013e-01  7.916e-01  1.169e-01  
6.511e-01  3.733e-01  6.625e-01  
6.438e-01  6.465e-01  4.135e-01  
5.478e-01  1.008e-01  8.313e-01  
5.227e-01  8.515e-01  4.468e-02  
6.046e-01  4.698e-01  6.439e-01  
5.786e-01  7.359e-01  3.584e-01  
5.165e-01  1.726e-01  8.394e-01  
5.148e-01  8.336e-01  2.103e-01  
5.302e-01  3.297e-01  7.827e-01  
5.439e-01  6.484e-01  5.357e-01  
4.222e-01  3.809e-02  9.060e-01  
4.100e-01  9.111e-01  4.441e-02  
5.037e-01  5.533e-01  6.656e-01  
4.643e-01  8.184e-01  3.447e-01  
4.231e-01  2.246e-01  8.786e-01  
4.030e-01  8.962e-01  1.860e-01  
4.332e-01  3.973e-01  8.104e-01  
4.361e-01  7.294e-01  5.305e-01  
3.396e-01  7.890e-02  9.377e-01  
3.375e-01  9.345e-01  1.143e-01  
3.942e-01  4.961e-01  7.742e-01  
3.726e-01  8.100e-01  4.538e-01  
3.136e-01  1.529e-01  9.379e-01  
3.264e-01  9.042e-01  2.759e-01  
3.227e-01  3.216e-01  8.907e-01  
3.405e-01  6.876e-01  6.441e-01  
2.422e-01  1.438e-02  9.702e-01  
2.306e-01  9.731e-01  7.833e-05  
3.050e-01  6.632e-01  6.843e-01  
2.661e-01  9.133e-01  3.158e-01  
2.530e-01  2.878e-01  9.245e-01  
2.175e-01  9.654e-01  1.439e-01  
2.445e-01  4.869e-01  8.393e-01  
2.423e-01  8.270e-01  5.114e-01  
1.799e-01  1.292e-01  9.757e-01  
1.737e-01  9.820e-01  7.405e-02  
2.144e-01  5.894e-01  7.809e-01  
1.942e-01  8.897e-01  4.184e-01  
1.657e-01  2.106e-01  9.636e-01  
1.585e-01  9.599e-01  2.316e-01  
1.566e-01  3.955e-01  9.062e-01  
1.647e-01  7.716e-01  6.176e-01  
1.151e-01  5.606e-02  9.919e-01  
1.080e-01  9.934e-01  3.984e-02  
1.322e-01  6.445e-01  7.538e-01  
9.960e-02  9.219e-01  3.746e-01  
9.911e-02  2.567e-01  9.621e-01  
8.944e-02  9.775e-01  1.912e-01  
9.274e-02  4.496e-01  8.891e-01  
9.040e-02  8.158e-01  5.748e-01  
6.293e-02  9.323e-02  9.940e-01  
5.691e-02  9.921e-01  1.118e-01  
6.217e-02  5.509e-01  8.333e-01  
5.048e-02  8.780e-01  4.760e-01  
3.980e-02  1.715e-01  9.846e-01  
1.449e-03  9.597e-01  2.812e-01  
2.728e-02  3.519e-01  9.361e-01  
2.484e-02  7.414e-01  6.734e-01  
5.107e-03  2.346e-02  9.997e-01  
1.565e-03  9.997e-01  2.399e-02  
3.430e-03  6.754e-01  7.397e-01  
