   5.7332276e+00   6.8631014e+00
   5.2799160e+00   5.9555955e+00
   6.1795373e+00   5.8451441e+00
   5.7854753e+00   4.9905924e+00
   6.1948244e+00   4.1501456e+00
   8.1390787e+00   5.3579110e+00
   6.7513194e+00   5.1752939e+00
   6.4388704e+00   7.0479797e+00
   7.0510103e+00   6.5064896e+00
   5.5205444e+00   5.9857818e+00
   7.1739028e+00   6.3347751e+00
   4.2597027e+00   6.8217413e+00
   7.6176030e+00   4.9934191e+00
   5.7036073e+00   6.5218182e+00
   5.8856330e+00   6.0173777e+00
   6.0044073e+00   5.7377472e+00
   7.5743162e+00   6.2156724e+00
   6.9284682e+00   4.3998854e+00
   5.5863681e+00   5.9996410e+00
   7.3554571e+00   5.5528738e+00
   7.2582481e+00   5.1194922e+00
   6.1606694e+00   7.6259527e+00
   5.7229324e+00   6.7434226e+00
   6.1555550e+00   5.5041419e+00
   5.7056860e+00   5.8921310e+00
   6.4315658e+00   5.5760519e+00
   6.1156911e+00   5.7858771e+00
   6.7990415e+00   5.5161383e+00
   6.1981582e+00   5.2145300e+00
   6.9055495e+00   5.7730613e+00
   8.0592062e+00   6.8769578e+00
   7.4100851e+00   5.1084260e+00
   6.4428048e+00   3.9688663e+00
   6.9752339e+00   5.2658355e+00
   6.1268861e+00   5.0145064e+00
   6.4493935e+00   4.2826490e+00
   5.8550226e+00   4.6121985e+00
   7.8766253e+00   4.1811348e+00
   6.6388803e+00   5.6488257e+00
   6.7775347e+00   4.8540622e+00
   6.0799629e+00   5.4923819e+00
   5.0518840e+00   6.4024292e+00
   5.7426781e+00   5.1717627e+00
   6.9692875e+00   6.4560781e+00
   5.2378044e+00   5.5961240e+00
   6.1538923e+00   5.6657894e+00
   6.4258270e+00   5.8260206e+00
   7.9098097e+00   7.4137917e+00
   5.9838209e+00   5.5118351e+00
   6.9856951e+00   6.4318508e+00
   6.5515030e+00   5.9554465e+00
   6.4339107e+00   5.7452158e+00
   7.2394839e+00   5.8209599e+00
   5.8795389e+00   6.2690525e+00
   7.4172407e+00   5.6820384e+00
   5.3595910e+00   5.0614127e+00
   6.9036808e+00   5.4387550e+00
   6.7681166e+00   5.4007672e+00
   6.4723178e+00   5.7699749e+00
   6.3290863e+00   6.0769686e+00
   6.4722105e+00   5.4365317e+00
   6.4340426e+00   5.7552082e+00
   8.0157527e+00   5.4009977e+00
   7.8737799e+00   4.9364373e+00
   7.7073732e+00   6.1880009e+00
   6.5844062e+00   6.4339681e+00
   6.8130906e+00   5.1680394e+00
   7.9104746e+00   6.7355892e+00
   5.2008573e+00   5.7214410e+00
   6.3989968e+00   5.9377414e+00
   7.1918017e+00   5.8587561e+00
   5.3521987e+00   6.4116164e+00
   5.9928891e+00   5.4003221e+00
   6.7125954e+00   6.3417025e+00
   7.6212111e+00   4.4499898e+00
   5.9493422e+00   5.4333060e+00
   6.2921863e+00   6.6899865e+00
   6.5164793e+00   7.3274679e+00
   6.5006542e+00   5.1365873e+00
   6.4407503e+00   6.3478299e+00
   7.3452537e+00   5.4810508e+00
   5.3987686e+00   5.6730481e+00
   8.4756641e+00   5.3033117e+00
   6.7667482e+00   6.0814478e+00
   7.0398409e+00   6.1614588e+00
   6.9916803e+00   5.9924420e+00
   6.7014379e+00   6.7774201e+00
   6.3184552e+00   5.7505155e+00
   7.1501321e+00   5.0450688e+00
   7.7193287e+00   4.8821170e+00
   5.9912871e+00   5.5061403e+00
   6.1017156e+00   6.5179809e+00
   6.4327942e+00   5.1406775e+00
   7.2636679e+00   4.8058018e+00
   5.7540124e+00   7.0115257e+00
   5.7734204e+00   5.6256530e+00
   7.5116239e+00   6.1959209e+00
   6.4908578e+00   4.7735820e+00
   6.9931070e+00   6.2614768e+00
   4.9872880e+00   6.6418458e+00
   1.5834283e-01   6.0291309e-01
   1.3667256e-01   6.3116043e-01
   2.0923323e-01   5.4338760e-01
   9.6247385e-01   1.9648729e-02
   4.8640300e-01   3.0331633e-01
   4.2570268e-01   3.4829196e-01
   1.1059916e-01   6.6831473e-01
   3.6895368e-01   3.9334523e-01
   1.8731981e-01   5.6801401e-01
   1.4387649e-01   6.2153642e-01
   1.2798381e-01   6.4311255e-01
   1.1931458e-01   6.5545007e-01
   4.1863198e-01   3.5373427e-01
   5.8865139e-01   2.3349475e-01
   4.4364718e-01   3.3467973e-01
   7.8139579e-01   1.1675004e-01
   7.3880296e-02   7.2912849e-01
   2.2393219e-01   5.2758669e-01
   2.8269368e-01   4.6909175e-01
   4.6199189e-01   3.2104571e-01
   2.3878627e-01   5.1213799e-01
   1.2632807e-02   8.8899842e-01
   3.4425580e-01   4.1403269e-01
   2.6124504e-01   4.8966644e-01
   1.8005657e-01   5.7649188e-01
   4.0464268e-01   3.6463903e-01
   8.0785804e-01   1.0190512e-01
   2.1657670e-01   5.3542651e-01
   3.5620830e-02   8.1234421e-01
   3.1226046e-01   4.4197056e-01
   4.7132219e-01   3.1421520e-01
   4.6584801e-02   7.8518585e-01
   2.4357773e-02   8.4510616e-01
   1.7280356e-01   5.8513041e-01
   9.3088751e-02   6.9579832e-01
   2.5379502e-01   4.9700954e-01
   8.4255278e-02   7.1064981e-01
   3.2815471e-01   4.2792155e-01
   9.1154900e-01   4.5957934e-02
   5.5812929e-02   7.6473846e-01
   1.0186805e-01   6.8172248e-01
   6.9983764e-01   1.6415857e-01
   2.0191033e-01   5.5146686e-01
   5.5442933e-01   2.5613429e-01
   3.9088162e-01   3.7555146e-01
   4.1160560e-01   3.5918821e-01
   2.6738488e-01   4.8369310e-01
   4.5276719e-01   3.2786709e-01
   1.0001740e+00   6.1757615e-04
   8.5448804e-01   7.6326459e-02
   6.4911419e-02   7.4618203e-01
   5.6283784e-01   2.5050834e-01
   6.8714953e-01   1.7177769e-01
   5.7133640e-01   2.4486469e-01
   3.2017116e-01   4.3493464e-01
   4.7885775e-01   3.0874781e-01
   5.2166207e-01   2.7847624e-01
   2.4628719e-01   5.0451958e-01
   2.3135801e-01   5.1980156e-01
   6.1821583e-04   9.7954047e-01
   4.9416470e-01   2.9777284e-01
   3.8256005e-01   3.8224384e-01
   5.4611668e-01   2.6173821e-01
   3.9773659e-01   3.7009191e-01
   1.6556862e-01   5.9393017e-01
   1.5110309e-01   6.1212161e-01
   3.0441806e-01   4.4903432e-01
   8.3857663e-01   8.4974274e-02
   8.9083740e-01   5.6867912e-02
   4.3462520e-01   3.4148843e-01
   6.2681399e-01   2.0901160e-01
   7.1277721e-01   1.5645927e-01
   6.6243079e-01   1.8682595e-01
   2.7501702e-01   4.7636282e-01
   7.3939637e-01   1.4083714e-01
   5.7994514e-01   2.3919051e-01
   5.0388563e-01   2.9089111e-01
   9.3292539e-01   3.4827007e-02
   2.9812307e-01   4.5477044e-01
   6.7466775e-01   1.7934187e-01
   2.9038041e-01   4.6190946e-01
   3.6063459e-01   4.0023385e-01
   7.5311613e-01   1.3289518e-01
   5.2974710e-01   2.7289982e-01
   6.1548626e-01   2.1619914e-01
   8.2305476e-01   9.3489805e-02
   3.7563551e-01   3.8786841e-01
   8.7075323e-01   6.7569206e-02
   6.3856756e-01   2.0162221e-01
   7.2594566e-01   1.4869523e-01
   7.9596979e-01   1.0854369e-01
   5.9746243e-01   2.2777318e-01
   3.5240831e-01   4.0712424e-01
   6.5037015e-01   1.9427015e-01
   5.1374935e-01   2.8397584e-01
   3.3614278e-01   4.2098942e-01
   5.3789147e-01   2.6732535e-01
   1.9460711e-01   5.5967184e-01
   7.6710924e-01   1.2486917e-01
   6.0645824e-01   2.2197499e-01
   1.1931458e-01   6.5545007e-01
   1.3667256e-01   6.3116043e-01
   8.5448751e-01   7.6326744e-02
   1.0001740e+00   6.1757615e-04
   2.1657670e-01   5.3542651e-01
   3.2175430e-01   4.3353704e-01
   2.3135801e-01   5.1980156e-01
   2.0190608e-01   5.5147160e-01
   8.4257566e-02   7.1064586e-01
   9.3088751e-02   6.9579832e-01
   2.7653557e-01   4.7491652e-01
   3.1540978e-01   4.3915893e-01
   4.3462157e-01   3.4149119e-01
   3.3455738e-01   4.2235863e-01
   9.3290332e-01   3.4838434e-02
   2.4626459e-01   5.0454236e-01
   7.3880296e-02   7.2912849e-01
   4.2569584e-01   3.4829720e-01
   1.2629407e-02   8.8901365e-01
   1.6557067e-01   5.9392764e-01
   2.5377181e-01   4.9703259e-01
   1.8005711e-01   5.7649125e-01
   1.0186649e-01   6.8172493e-01
   2.3879610e-01   5.1212794e-01
   3.2813638e-01   4.2793755e-01
   4.8076367e-01   3.0737180e-01
   6.1494121e-04   9.7961829e-01
   1.5111782e-01   6.1210265e-01
   4.9031451e-01   3.0051720e-01
   2.9193317e-01   4.6047019e-01
   5.5799309e-02   7.6476733e-01
   6.3853381e-01   2.0164333e-01
   1.2800074e-01   6.4308888e-01
   5.7995005e-01   2.3918729e-01
   4.6580195e-02   7.8519654e-01
   1.7280855e-01   5.8512440e-01
   2.0922962e-01   5.4339154e-01
   5.7134006e-01   2.4486227e-01
   6.0639808e-01   2.2201362e-01
   1.9460414e-01   5.5967521e-01
   2.6131783e-01   4.8959521e-01
   1.8732336e-01   5.6800992e-01
   4.9804277e-01   2.9501939e-01
   5.0584592e-01   2.8951143e-01
   4.0811464e-01   3.6191524e-01
   6.7466775e-01   1.7934187e-01
   1.1060206e-01   6.6831036e-01
   7.8138189e-01   1.1675791e-01
   5.1373012e-01   2.8398925e-01
   3.5615588e-02   8.1235814e-01
   1.4389657e-01   6.2150994e-01
   8.0787638e-01   1.0189492e-01
   2.6890570e-01   4.8222416e-01
   2.9970613e-01   4.5332227e-01
   6.5037503e-01   1.9426712e-01
   6.2689044e-01   2.0896332e-01
   9.6248589e-01   1.9642593e-02
   7.5310857e-01   1.3289954e-01
   3.0753253e-01   4.4621830e-01
   5.8865515e-01   2.3349231e-01
   3.5406528e-01   4.0572993e-01
   6.4890145e-02   7.4622384e-01
   1.5834037e-01   6.0291618e-01
   3.6728869e-01   3.9471765e-01
   3.4752032e-01   4.1125661e-01
   4.5276857e-01   3.2786606e-01
   4.7132235e-01   3.1421508e-01
   7.1277122e-01   1.5646282e-01
   6.1543669e-01   2.1623073e-01
   5.2169359e-01   2.7845442e-01
   9.1154424e-01   4.5960427e-02
   7.3939630e-01   1.4083718e-01
   3.9088101e-01   3.7555195e-01
   6.8713880e-01   1.7178416e-01
   8.9084639e-01   5.6863148e-02
   8.7077058e-01   6.7559910e-02
   3.6065084e-01   4.0022031e-01
   3.4101725e-01   4.1679973e-01
   5.2974669e-01   2.7290010e-01
   7.9597264e-01   1.0854209e-01
   8.2305709e-01   9.3488522e-02
   3.9945388e-01   3.6873158e-01
   7.2595443e-01   1.4869008e-01
   4.6199227e-01   3.2104543e-01
   6.9983701e-01   1.6415894e-01
   8.3858882e-01   8.4967617e-02
   5.9747445e-01   2.2776541e-01
   2.2395231e-01   5.2756543e-01
   4.4364670e-01   3.3468009e-01
   5.6283462e-01   2.5051049e-01
   5.5442445e-01   2.5613757e-01
   4.1686178e-01   3.5510397e-01
   2.8420975e-01   4.6766751e-01
   3.7396698e-01   3.8923144e-01
   6.6241454e-01   1.8683593e-01
   7.6710394e-01   1.2487220e-01
   5.3788259e-01   2.6733140e-01
   2.4346414e-02   8.4514268e-01
   3.8238432e-01   3.8238595e-01
   5.4610681e-01   2.6174489e-01
   3.9939387e-01   3.6867062e-01
   2.9966293e-01   4.5325328e-01
   4.9795950e-01   2.9496995e-01
   1.4387657e-01   6.2142788e-01
   9.1135627e-01   4.5950432e-02
   7.6696062e-01   1.2484558e-01
   3.5611098e-02   8.1226161e-01
   6.9970777e-01   1.6412776e-01
   6.1494121e-04   9.7950984e-01
   1.8729700e-01   5.6793193e-01
   7.8123173e-01   1.1673440e-01
   1.6554671e-01   5.9384865e-01
   1.8003390e-01   5.7641017e-01
   5.6273597e-01   2.5046780e-01
   8.3841978e-01   8.4951477e-02
   4.6191409e-01   3.2099451e-01
   1.0001740e+00   5.0912589e-04
   1.1059017e-01   6.6821980e-01
   3.4097091e-01   4.1673097e-01
   2.3876292e-01   5.1205345e-01
   1.9457989e-01   5.5959425e-01
   5.8855578e-01   2.3344863e-01
   9.6228643e-01   1.9635814e-02
   1.1929525e-01   6.5536963e-01
   2.4344160e-02   8.4504148e-01
   7.3869979e-02   7.2903904e-01
   7.1264215e-01   1.5643082e-01
   4.3455545e-01   3.4143289e-01
   3.2808567e-01   4.2787338e-01
   5.2160846e-01   2.7840492e-01
   3.9081852e-01   3.7549349e-01
   3.0748782e-01   4.4615018e-01
   2.7649431e-01   4.7484732e-01
   1.5832015e-01   6.0283315e-01
   4.8068398e-01   3.0732083e-01
   6.3841674e-01   2.0160815e-01
   1.5109524e-01   6.1202325e-01
   8.2289374e-01   9.3470117e-02
   8.0771752e-01   1.0187485e-01
   6.1532467e-01   2.1619370e-01
   4.7124606e-01   3.1416221e-01
   8.5431521e-01   7.6311508e-02
   4.1679444e-01   3.5504769e-01
   1.2622431e-02   8.8893646e-01
   5.5792554e-02   7.6467320e-01
   3.7390935e-01   3.8917012e-01
   5.4601411e-01   2.6169918e-01
   7.5296545e-01   1.3287356e-01
   8.4249025e-02   7.1055214e-01
   7.9581065e-01   1.0852444e-01
   3.6059794e-01   4.0015592e-01
   2.2392117e-01   5.2748989e-01
   6.6229420e-01   1.8680142e-01
   5.0576180e-01   2.8946213e-01
   5.1364610e-01   2.8393943e-01
   1.3665361e-01   6.3107761e-01
   4.9023246e-01   3.0046735e-01
   8.9065561e-01   5.6855777e-02
   4.5269043e-01   3.2781569e-01
   2.8416844e-01   4.6759781e-01
   2.4622949e-01   5.0446929e-01
   2.3132564e-01   5.1972678e-01
   8.7059303e-01   6.7546611e-02
   2.6127943e-01   4.8952434e-01
   4.2562791e-01   3.4824082e-01
   1.0185353e-01   6.8163680e-01
   4.6572559e-02   7.8510581e-01
   2.0187645e-01   5.5139614e-01
   5.7124262e-01   2.4481829e-01
   7.3925561e-01   1.4081055e-01
   2.1654540e-01   5.3535171e-01
   3.2170396e-01   4.3347298e-01
   5.5432878e-01   2.5609338e-01
   3.6723110e-01   3.9465672e-01
   2.9189051e-01   4.6040123e-01
   1.2798416e-01   6.4300361e-01
   6.8701002e-01   1.7175340e-01
   9.3270945e-01   3.4830358e-02
   2.0919718e-01   5.4331857e-01
   9.3074733e-02   6.9571286e-01
   2.6886444e-01   4.8215551e-01
   6.4881761e-02   7.4613187e-01
   6.5025693e-01   1.9423191e-01
   6.2677736e-01   2.0892629e-01
   6.0628881e-01   2.2197535e-01
   3.3450773e-01   4.2229311e-01
   5.9736704e-01   2.2772645e-01
   5.3778870e-01   2.6728697e-01
   3.1536305e-01   4.3909209e-01
   5.7985099e-01   2.3914389e-01
   4.0805333e-01   3.6185479e-01
   4.4357398e-01   3.3462625e-01
   3.4746785e-01   4.1119268e-01
   5.2965394e-01   2.7285538e-01
   6.7454775e-01   1.7930648e-01
   3.5400915e-01   4.0566866e-01
   1.7278492e-01   5.8504439e-01
   7.2582135e-01   1.4865974e-01
   2.5373494e-01   4.9696075e-01
   3.8232340e-01   3.8232677e-01
   4.8021691e-01   3.0702316e-01
   5.6217720e-01   2.5021523e-01
   2.6104129e-01   4.8907800e-01
   2.8390947e-01   4.6716844e-01
   6.9897199e-01   1.6395456e-01
   2.1635000e-01   5.3486561e-01
   3.7356329e-01   3.8880176e-01
   5.5377427e-01   2.5583989e-01
   5.1313537e-01   2.8366532e-01
   4.2521918e-01   3.4791168e-01
   4.8975598e-01   3.0017432e-01
   7.6612741e-01   1.2471295e-01
   8.4165938e-02   7.0988634e-01
   1.1048759e-01   6.6760327e-01
   7.5215028e-01   1.3273402e-01
   2.2371885e-01   5.2701073e-01
   7.2504278e-01   1.4850556e-01
   4.4037798e-04   9.7901482e-01
   7.3846687e-01   1.4065905e-01
   4.1640086e-01   3.5470870e-01
   3.4064783e-01   4.1634956e-01
   3.1507005e-01   4.3868899e-01
   3.9045192e-01   3.7513848e-01
   2.5350027e-01   4.9651190e-01
   2.6862655e-01   4.8170804e-01
   2.9939298e-01   4.5283185e-01
   5.2912982e-01   2.7258690e-01
   4.9747386e-01   2.9468173e-01
   8.5335724e-01   7.6226628e-02
   4.6539364e-02   7.8427016e-01
   3.9901465e-01   3.6832394e-01
   9.2988354e-02   6.9506008e-01
   5.3725448e-01   2.6702355e-01
   9.6114628e-01   1.9619317e-02
   5.0526488e-01   2.8918014e-01
   1.7262761e-01   5.8451522e-01
   2.0169522e-01   5.5089509e-01
   3.0720265e-01   4.4574136e-01
   1.4374081e-01   6.2086835e-01
   7.1188737e-01   1.5626582e-01
   8.0683016e-01   1.0176275e-01
   3.2778495e-01   4.2747493e-01
   3.8196589e-01   3.8196611e-01
   3.5368137e-01   4.0528884e-01
   1.9439999e-01   5.5909185e-01
   3.4714644e-01   4.1080866e-01
   9.3162758e-01   3.4791431e-02
   7.3800432e-02   7.2833765e-01
   5.7926023e-01   2.3890852e-01
   1.2604332e-02   8.8773098e-01
   1.3652779e-01   6.3050332e-01
   4.6147821e-01   3.2067812e-01
   6.8628884e-01   1.7157448e-01
   3.3419426e-01   4.2190463e-01
   6.7384074e-01   1.7912197e-01
   4.3413827e-01   3.4110830e-01
   1.8712638e-01   5.6741893e-01
   8.2198620e-01   9.3365452e-02
   4.0766459e-01   3.6151383e-01
   6.2613617e-01   2.0871234e-01
   1.5095785e-01   6.1146705e-01
   2.3111342e-01   5.1925743e-01
   3.6026398e-01   3.9978006e-01
   2.4321631e-02   8.4404606e-01
   6.6160933e-01   1.8660629e-01
   6.0567638e-01   2.2174787e-01
   6.3776417e-01   2.0139862e-01
   1.1919198e-01   6.5475808e-01
   5.5736443e-02   7.6391433e-01
   2.7624101e-01   4.7441366e-01
   3.5573129e-02   8.1139160e-01
   4.5225760e-01   3.2749899e-01
   1.6539806e-01   5.9330840e-01
   2.9162235e-01   4.5997930e-01
   8.3748841e-01   8.4856069e-02
   3.2140969e-01   4.3306994e-01
   6.4958486e-01   1.9403173e-01
   2.4600752e-01   5.0400855e-01
   8.8627287e-01   5.8579332e-02
   5.2109728e-01   2.7812932e-01
   5.8796133e-01   2.3321364e-01
   2.3854189e-01   5.1159250e-01
   6.1469639e-01   2.1597424e-01
   2.0900975e-01   5.4282416e-01
   5.9676150e-01   2.2749660e-01
   5.7067033e-01   2.4457275e-01
   7.9494533e-01   1.0840293e-01
   3.6688584e-01   3.9428898e-01
   5.4547152e-01   2.6143956e-01
   4.7079258e-01   3.1385673e-01
   1.5817630e-01   6.0228616e-01
   1.7987046e-01   5.7588863e-01
   7.8038188e-01   1.1660774e-01
   6.4819561e-02   7.4540314e-01
   1.0175879e-01   6.8100347e-01
   9.0682629e-01   4.7725728e-02
   8.6960546e-01   6.7473614e-02
   4.4314863e-01   3.3430591e-01
   1.0000000e+00   5.1866041e-27
   1.2786393e-01   6.4241933e-01
   4.8021691e-01   3.0702316e-01
   5.6217720e-01   2.5021523e-01
   6.4958486e-01   1.9403173e-01
   1.7987046e-01   5.7588863e-01
   3.6026016e-01   3.9978324e-01
   2.1635000e-01   5.3486561e-01
   5.7067033e-01   2.4457275e-01
   3.5573129e-02   8.1139160e-01
   2.6861931e-01   4.8171503e-01
   1.0175879e-01   6.8100347e-01
   4.8975598e-01   3.0017432e-01
   1.8712638e-01   5.6741893e-01
   4.3413827e-01   3.4110830e-01
   4.7078999e-01   3.1385862e-01
   2.0169522e-01   5.5089509e-01
   2.2371885e-01   5.2701073e-01
   2.0900975e-01   5.4282416e-01
   4.4037798e-04   9.7901482e-01
   7.3846687e-01   1.4065905e-01
   2.9938524e-01   4.5283893e-01
   7.6612079e-01   1.2471674e-01
   7.3797629e-02   7.2834281e-01
   8.5335724e-01   7.6226628e-02
   5.8796133e-01   2.3321364e-01
   5.3725821e-01   2.6702100e-01
   5.4547152e-01   2.6143956e-01
   8.3748841e-01   8.4856069e-02
   4.9747386e-01   2.9468173e-01
   2.6104163e-01   4.8907767e-01
   3.8196589e-01   3.8196611e-01
   3.9901465e-01   3.6832394e-01
   5.2913302e-01   2.7258470e-01
   4.0766459e-01   3.6151383e-01
   1.6539806e-01   5.9330840e-01
   3.2778489e-01   4.2747499e-01
   7.8038188e-01   1.1660774e-01
   3.0720198e-01   4.4574195e-01
   5.5736443e-02   7.6391433e-01
   6.7384074e-01   1.7912197e-01
   9.6115701e-01   1.9613849e-02
   9.3162790e-01   3.4791266e-02
   3.3419426e-01   4.2190463e-01
   2.7624091e-01   4.7441374e-01
   4.5225940e-01   3.2749766e-01
   6.2613617e-01   2.0871234e-01
   7.9494533e-01   1.0840293e-01
   4.4314922e-01   3.3430546e-01
   5.1313850e-01   2.8366314e-01
   6.1469639e-01   2.1597424e-01
   1.2604332e-02   8.8773098e-01
   5.9676427e-01   2.2749481e-01
   4.6146952e-01   3.2068452e-01
   3.9045057e-01   3.7513956e-01
   1.9440125e-01   5.5909043e-01
   1.2786575e-01   6.4241679e-01
   2.9162166e-01   4.5997994e-01
   4.2522142e-01   3.4790996e-01
   1.5817630e-01   6.0228616e-01
   2.3111456e-01   5.1925625e-01
   9.2989253e-02   6.9505861e-01
   4.1639666e-01   3.5471196e-01
   3.5368004e-01   4.0528995e-01
   6.0567505e-01   2.2174872e-01
   9.0682415e-01   4.7726852e-02
   5.2109487e-01   2.7813099e-01
   3.1507010e-01   4.3868894e-01
   8.4168620e-02   7.0988171e-01
   1.1048909e-01   6.6760101e-01
   8.2198468e-01   9.3366290e-02
   5.5377723e-01   2.5583790e-01
   3.6688589e-01   3.9428894e-01
   7.2504532e-01   1.4850407e-01
   6.8629176e-01   1.7157272e-01
   3.4064912e-01   4.1634846e-01
   2.4316223e-02   8.4406340e-01
   6.4819501e-02   7.4540326e-01
   4.6526572e-02   7.8429981e-01
   2.4600752e-01   5.0400855e-01
   8.0683036e-01   1.0176264e-01
   5.7926476e-01   2.3890555e-01
   3.4714426e-01   4.1081051e-01
   6.9897006e-01   1.6395570e-01
   2.8390735e-01   4.6717043e-01
   8.6961279e-01   6.7469684e-02
   3.2140838e-01   4.3307110e-01
   3.7355878e-01   3.8880545e-01
   2.3854346e-01   5.1159089e-01
   2.5350519e-01   4.9650701e-01
   1.4374424e-01   6.2086383e-01
   7.1188445e-01   1.5626755e-01
   7.5215278e-01   1.3273258e-01
   1.3653072e-01   6.3049937e-01
   1.5095882e-01   6.1146580e-01
   6.3776346e-01   2.0139906e-01
   8.8627062e-01   5.8580528e-02
   1.7262865e-01   5.8451396e-01
   6.6160848e-01   1.8660681e-01
   1.0000000e+00   1.7333377e-27
   1.1918574e-01   6.5476712e-01
   5.0526722e-01   2.8917849e-01
   4.8021691e-01   3.0702316e-01
   3.3419479e-01   4.2190417e-01
   6.4958486e-01   1.9403173e-01
   1.7987046e-01   5.7588863e-01
   3.6026016e-01   3.9978324e-01
   2.1635000e-01   5.3486561e-01
   5.7067033e-01   2.4457275e-01
   1.0175879e-01   6.8100347e-01
   4.9747386e-01   2.9468173e-01
   6.2613617e-01   2.0871234e-01
   4.8975598e-01   3.0017432e-01
   6.3776346e-01   2.0139906e-01
   4.3413827e-01   3.4110830e-01
   4.7078999e-01   3.1385862e-01
   2.0169522e-01   5.5089509e-01
   2.2371885e-01   5.2701073e-01
   2.0900975e-01   5.4282416e-01
   4.4037798e-04   9.7901482e-01
   7.3846687e-01   1.4065905e-01
   2.9938524e-01   4.5283893e-01
   7.6612079e-01   1.2471674e-01
   8.3748841e-01   8.4856069e-02
   8.5335724e-01   7.6226628e-02
   5.8796133e-01   2.3321364e-01
   5.3725821e-01   2.6702100e-01
   5.4547152e-01   2.6143956e-01
   1.3653072e-01   6.3049937e-01
   7.2504532e-01   1.4850407e-01
   2.6104163e-01   4.8907767e-01
   3.8196589e-01   3.8196611e-01
   6.7384074e-01   1.7912197e-01
   3.2140838e-01   4.3307110e-01
   4.0766459e-01   3.6151383e-01
   1.6539806e-01   5.9330840e-01
   1.5817630e-01   6.0228616e-01
   4.4314922e-01   3.3430546e-01
   1.8712643e-01   5.6741887e-01
   5.5736443e-02   7.6391433e-01
   5.7926476e-01   2.3890555e-01
   5.0526722e-01   2.8917849e-01
   9.3162790e-01   3.4791266e-02
   2.7624091e-01   4.7441374e-01
   8.2198468e-01   9.3366290e-02
   4.5225940e-01   3.2749766e-01
   3.7355848e-01   3.8880569e-01
   8.4168620e-02   7.0988171e-01
   1.9440125e-01   5.5909043e-01
   5.5377700e-01   2.5583806e-01
   6.1469639e-01   2.1597424e-01
   1.2604332e-02   8.8773098e-01
   5.2913400e-01   2.7258403e-01
   4.6146952e-01   3.2068452e-01
   3.9045057e-01   3.7513956e-01
   2.6862060e-01   4.8171378e-01
   3.5368004e-01   4.0528995e-01
   2.9162166e-01   4.5997994e-01
   4.2522142e-01   3.4790996e-01
   8.0683036e-01   1.0176264e-01
   2.3111456e-01   5.1925625e-01
   9.2989253e-02   6.9505861e-01
   4.1639666e-01   3.5471196e-01
   2.5350466e-01   4.9650754e-01
   6.0567505e-01   2.2174872e-01
   9.0682415e-01   4.7726852e-02
   5.2109487e-01   2.7813099e-01
   7.9494598e-01   1.0840257e-01
   3.4714425e-01   4.1081052e-01
   1.1048909e-01   6.6760101e-01
   5.6217273e-01   2.5021821e-01
   8.6961279e-01   6.7469684e-02
   4.6526572e-02   7.8429981e-01
   6.9897006e-01   1.6395570e-01
   6.8629176e-01   1.7157272e-01
   6.6160707e-01   1.8660768e-01
   3.0720168e-01   4.4574222e-01
   6.4819501e-02   7.4540326e-01
   2.3854294e-01   5.1159143e-01
   7.5215278e-01   1.3273258e-01
   3.4064887e-01   4.1634867e-01
   9.6115621e-01   1.9614254e-02
   3.6688682e-01   3.9428817e-01
   8.8627062e-01   5.8580528e-02
   2.8390735e-01   4.6717043e-01
   5.1313995e-01   2.8366213e-01
   7.3797365e-02   7.2834330e-01
   1.2786637e-01   6.4241592e-01
   1.5095953e-01   6.1146489e-01
   7.8038055e-01   1.1660849e-01
   1.1918592e-01   6.5476686e-01
   3.5573009e-02   8.1139192e-01
   5.9676331e-01   2.2749543e-01
   2.4600700e-01   5.0400907e-01
   2.4315967e-02   8.4406422e-01
   3.1507151e-01   4.3868769e-01
   3.2778419e-01   4.2747560e-01
   1.4374616e-01   6.2086130e-01
   1.7262852e-01   5.8451412e-01
   1.0000000e+00   1.7333377e-27
   3.9901476e-01   3.6832385e-01
   7.1188488e-01   1.5626730e-01
   4.8021691e-01   3.0702316e-01
   6.7384074e-01   1.7912197e-01
   6.4958486e-01   1.9403173e-01
   1.7987046e-01   5.7588863e-01
   7.6612079e-01   1.2471674e-01
   2.1635000e-01   5.3486561e-01
   5.7067033e-01   2.4457275e-01
   1.0175879e-01   6.8100347e-01
   5.1313995e-01   2.8366213e-01
   6.2613617e-01   2.0871234e-01
   4.8975598e-01   3.0017432e-01
   6.3776346e-01   2.0139906e-01
   4.3413827e-01   3.4110830e-01
   4.7078999e-01   3.1385862e-01
   2.0169522e-01   5.5089509e-01
   2.2371885e-01   5.2701073e-01
   2.0900975e-01   5.4282416e-01
   4.4037798e-04   9.7901482e-01
   3.1507151e-01   4.3868769e-01
   2.9938524e-01   4.5283893e-01
   5.8796133e-01   2.3321364e-01
   8.3748841e-01   8.4856069e-02
   8.5335724e-01   7.6226628e-02
   5.0526722e-01   2.8917849e-01
   3.6026026e-01   3.9978316e-01
   5.4547152e-01   2.6143956e-01
   1.3653072e-01   6.3049937e-01
   7.2504532e-01   1.4850407e-01
   2.6104163e-01   4.8907767e-01
   3.8196589e-01   3.8196611e-01
   7.9494598e-01   1.0840257e-01
   3.2140838e-01   4.3307110e-01
   4.0766459e-01   3.6151383e-01
   1.6539806e-01   5.9330840e-01
   1.5817630e-01   6.0228616e-01
   4.4314922e-01   3.3430546e-01
   1.8712643e-01   5.6741887e-01
   5.5736443e-02   7.6391433e-01
   2.8390750e-01   4.6717029e-01
   4.6526572e-02   7.8429981e-01
   3.2778419e-01   4.2747560e-01
   2.7624091e-01   4.7441374e-01
   8.2198468e-01   9.3366290e-02
   4.5225940e-01   3.2749766e-01
   3.7355848e-01   3.8880569e-01
   8.4168620e-02   7.0988171e-01
   1.9440125e-01   5.5909043e-01
   5.5377700e-01   2.5583806e-01
   6.1469639e-01   2.1597424e-01
   4.2522142e-01   3.4790996e-01
   7.8038055e-01   1.1660849e-01
   5.2109547e-01   2.7813057e-01
   3.9045088e-01   3.7513931e-01
   9.0682415e-01   4.7726852e-02
   3.5368004e-01   4.0528995e-01
   2.9162166e-01   4.5997994e-01
   3.4064887e-01   4.1634867e-01
   8.0683036e-01   1.0176264e-01
   6.9897006e-01   1.6395570e-01
   9.2989253e-02   6.9505861e-01
   9.6115621e-01   1.9614254e-02
   2.5350466e-01   4.9650754e-01
   4.1639913e-01   3.5471004e-01
   1.1048865e-01   6.6760167e-01
   3.6688635e-01   3.9428856e-01
   4.9747338e-01   2.9468207e-01
   2.6862053e-01   4.8171385e-01
   1.4374616e-01   6.2086130e-01
   7.5215278e-01   1.3273258e-01
   8.6961279e-01   6.7469684e-02
   5.7926464e-01   2.3890563e-01
   2.3111410e-01   5.1925672e-01
   6.8629176e-01   1.7157272e-01
   6.6160707e-01   1.8660768e-01
   9.3162797e-01   3.4791231e-02
   3.5572609e-02   8.1139298e-01
   7.1188488e-01   1.5626730e-01
   2.3854276e-01   5.1159161e-01
   4.6147324e-01   3.2068178e-01
   2.4315967e-02   8.4406422e-01
   1.2605139e-02   8.8772739e-01
   5.2913367e-01   2.7258425e-01
   7.3846530e-01   1.4065996e-01
   5.9676331e-01   2.2749543e-01
   1.2786637e-01   6.4241592e-01
   7.3797349e-02   7.2834333e-01
   1.5095953e-01   6.1146489e-01
   1.7262852e-01   5.8451412e-01
   5.6217604e-01   2.5021600e-01
   8.8627020e-01   5.8580751e-02
   3.0720162e-01   4.4574228e-01
   3.4714388e-01   4.1081083e-01
   3.9901587e-01   3.6832297e-01
   6.0567362e-01   2.2174964e-01
   6.4817956e-02   7.4540629e-01
   3.3419632e-01   4.2190284e-01
   1.1918879e-01   6.5476271e-01
   1.0000000e+00   1.7333377e-27
   2.4600700e-01   5.0400907e-01
   5.3725858e-01   2.6702075e-01
   4.8021691e-01   3.0702316e-01
   6.7384074e-01   1.7912197e-01
   2.2371885e-01   5.2701073e-01
   1.7987046e-01   5.7588863e-01
   8.6961279e-01   6.7469684e-02
   2.1635000e-01   5.3486561e-01
   5.7067033e-01   2.4457275e-01
   1.0175879e-01   6.8100347e-01
   5.1313995e-01   2.8366213e-01
   6.2613617e-01   2.0871234e-01
   3.6688635e-01   3.9428856e-01
   6.3776346e-01   2.0139906e-01
   4.3413827e-01   3.4110830e-01
   4.7078999e-01   3.1385862e-01
   3.6026026e-01   3.9978316e-01
   4.6526572e-02   7.8429981e-01
   2.0900975e-01   5.4282416e-01
   4.4037798e-04   9.7901482e-01
   3.1507151e-01   4.3868769e-01
   2.9938524e-01   4.5283893e-01
   3.4714388e-01   4.1081083e-01
   8.3748841e-01   8.4856069e-02
   8.5335724e-01   7.6226628e-02
   5.0526722e-01   2.8917849e-01
   5.2109547e-01   2.7813057e-01
   5.4547152e-01   2.6143956e-01
   1.3653072e-01   6.3049937e-01
   9.0682415e-01   4.7726852e-02
   2.6104163e-01   4.8907767e-01
   3.8196589e-01   3.8196611e-01
   3.0720162e-01   4.4574228e-01
   3.2140838e-01   4.3307110e-01
   4.0766459e-01   3.6151383e-01
   1.6539806e-01   5.9330840e-01
   1.5817630e-01   6.0228616e-01
   4.4314922e-01   3.3430546e-01
   1.8712643e-01   5.6741887e-01
   5.5736443e-02   7.6391433e-01
   2.8390750e-01   4.6717029e-01
   4.1639913e-01   3.5471004e-01
   7.3846530e-01   1.4065996e-01
   2.7624091e-01   4.7441374e-01
   8.2198468e-01   9.3366290e-02
   4.5225940e-01   3.2749766e-01
   3.7355848e-01   3.8880569e-01
   9.3162797e-01   3.4791231e-02
   1.5095953e-01   6.1146489e-01
   5.5377700e-01   2.5583806e-01
   6.1469639e-01   2.1597424e-01
   2.4315967e-02   8.4406422e-01
   7.8038055e-01   1.1660849e-01
   6.6160707e-01   1.8660768e-01
   3.9045088e-01   3.7513931e-01
   6.0567362e-01   2.2174964e-01
   3.5368004e-01   4.0528995e-01
   2.9162166e-01   4.5997994e-01
   3.4064887e-01   4.1634867e-01
   8.0683036e-01   1.0176264e-01
   3.5572609e-02   8.1139298e-01
   9.2989253e-02   6.9505861e-01
   9.6115621e-01   1.9614254e-02
   5.6217376e-01   2.5021752e-01
   3.9901587e-01   3.6832297e-01
   1.1048865e-01   6.6760167e-01
   1.4374616e-01   6.2086130e-01
   4.9747338e-01   2.9468207e-01
   2.6862053e-01   4.8171385e-01
   5.3725858e-01   2.6702075e-01
   7.5215278e-01   1.3273258e-01
   2.3111410e-01   5.1925672e-01
   5.7926464e-01   2.3890563e-01
   5.9676331e-01   2.2749543e-01
   6.8629176e-01   1.7157272e-01
   7.1188468e-01   1.5626741e-01
   1.7262852e-01   5.8451412e-01
   3.2778275e-01   4.2747685e-01
   6.4817956e-02   7.4540629e-01
   1.2605139e-02   8.8772739e-01
   4.6147324e-01   3.2068178e-01
   7.3797349e-02   7.2834333e-01
   3.3419632e-01   4.2190284e-01
   5.2913367e-01   2.7258425e-01
   2.4600557e-01   5.0401052e-01
   5.8796127e-01   2.3321368e-01
   1.2786637e-01   6.4241592e-01
   1.9440088e-01   5.5909084e-01
   2.3854274e-01   5.1159163e-01
   7.9494727e-01   1.0840185e-01
   6.9896979e-01   1.6395587e-01
   8.8627020e-01   5.8580751e-02
   2.5350445e-01   4.9650775e-01
   4.2522213e-01   3.4790942e-01
   7.6612044e-01   1.2471694e-01
   4.8975710e-01   3.0017352e-01
   7.2504826e-01   1.4850234e-01
   2.0169519e-01   5.5089512e-01
   6.4958483e-01   1.9403175e-01
   1.0000000e+00   1.7333377e-27
   8.4169306e-02   7.0988053e-01
   1.1918865e-01   6.5476291e-01
   4.8021691e-01   3.0702316e-01
   6.7384074e-01   1.7912197e-01
   5.0526722e-01   2.8917849e-01
   1.7987046e-01   5.7588863e-01
   8.6961279e-01   6.7469684e-02
   2.1635000e-01   5.3486561e-01
   5.7067033e-01   2.4457275e-01
   1.0175879e-01   6.8100347e-01
   5.1313995e-01   2.8366213e-01
   6.2613617e-01   2.0871234e-01
   3.6688635e-01   3.9428856e-01
   6.3776346e-01   2.0139906e-01
   4.3413827e-01   3.4110830e-01
   4.7078999e-01   3.1385862e-01
   3.6026026e-01   3.9978316e-01
   4.6526572e-02   7.8429981e-01
   2.0900975e-01   5.4282416e-01
   5.4547152e-01   2.6143956e-01
   3.1507151e-01   4.3868769e-01
   2.9938524e-01   4.5283893e-01
   3.4714388e-01   4.1081083e-01
   8.3748841e-01   8.4856069e-02
   2.6104163e-01   4.8907767e-01
   4.5225940e-01   3.2749766e-01
   5.2109547e-01   2.7813057e-01
   7.8038055e-01   1.1660849e-01
   1.3653072e-01   6.3049937e-01
   5.5377700e-01   2.5583806e-01
   7.5215278e-01   1.3273258e-01
   3.8196589e-01   3.8196611e-01
   3.0720162e-01   4.4574228e-01
   3.2140838e-01   4.3307110e-01
   4.0766459e-01   3.6151383e-01
   1.6539806e-01   5.9330840e-01
   1.5817630e-01   6.0228616e-01
   4.4314922e-01   3.3430546e-01
   1.8712643e-01   5.6741887e-01
   5.5736443e-02   7.6391433e-01
   2.8390750e-01   4.6717029e-01
   4.1639913e-01   3.5471004e-01
   7.3846530e-01   1.4065996e-01
   2.7624091e-01   4.7441374e-01
   8.2198468e-01   9.3366290e-02
   5.9676331e-01   2.2749543e-01
   3.7355848e-01   3.8880569e-01
   9.3162797e-01   3.4791231e-02
   5.6217376e-01   2.5021752e-01
   3.3419632e-01   4.2190284e-01
   6.1469639e-01   2.1597424e-01
   2.4315967e-02   8.4406422e-01
   5.3725858e-01   2.6702075e-01
   6.4958483e-01   1.9403175e-01
   3.9045088e-01   3.7513931e-01
   8.0683075e-01   1.0176242e-01
   3.5368004e-01   4.0528995e-01
   4.9747338e-01   2.9468207e-01
   3.4064887e-01   4.1634867e-01
   3.2778275e-01   4.2747685e-01
   3.5572609e-02   8.1139298e-01
   9.2989253e-02   6.9505861e-01
   7.3797349e-02   7.2834333e-01
   7.6612044e-01   1.2471694e-01
   3.9901587e-01   3.6832297e-01
   1.1048865e-01   6.6760167e-01
   1.4374616e-01   6.2086130e-01
   1.9440088e-01   5.5909084e-01
   2.6862053e-01   4.8171385e-01
   4.8975710e-01   3.0017352e-01
   6.9896979e-01   1.6395587e-01
   2.3111410e-01   5.1925672e-01
   5.7926464e-01   2.3890563e-01
   5.2913367e-01   2.7258425e-01
   6.8629176e-01   1.7157272e-01
   7.1188468e-01   1.5626741e-01
   1.7262852e-01   5.8451412e-01
   7.9494727e-01   1.0840185e-01
   6.4817956e-02   7.4540629e-01
   1.2605139e-02   8.8772739e-01
   8.8627020e-01   5.8580751e-02
   5.8796127e-01   2.3321368e-01
   1.1918865e-01   6.5476291e-01
   2.2371755e-01   5.2701211e-01
   2.4600557e-01   5.0401052e-01
   8.4169306e-02   7.0988053e-01
   1.2786637e-01   6.4241592e-01
   2.5350445e-01   4.9650775e-01
   2.3854274e-01   5.1159163e-01
   4.2522213e-01   3.4790942e-01
   2.9162162e-01   4.5997999e-01
   9.0682315e-01   4.7727378e-02
   6.0567369e-01   2.2174960e-01
   4.6147102e-01   3.2068341e-01
   6.6160742e-01   1.8660746e-01
   2.0169519e-01   5.5089512e-01
   7.2504748e-01   1.4850280e-01
   1.5095963e-01   6.1146476e-01
   9.6115493e-01   1.9614909e-02
   1.0000000e+00   1.7333377e-27
   4.4071457e-04   9.7900680e-01
   8.5335786e-01   7.6226295e-02
   4.8021691e-01   3.0702316e-01
   6.7384074e-01   1.7912197e-01
   5.0526722e-01   2.8917849e-01
   1.7987046e-01   5.7588863e-01
   8.6961279e-01   6.7469684e-02
   2.1635000e-01   5.3486561e-01
   5.7067033e-01   2.4457275e-01
   1.0175879e-01   6.8100347e-01
   5.1313995e-01   2.8366213e-01
   6.2613617e-01   2.0871234e-01
   3.6688635e-01   3.9428856e-01
   6.3776346e-01   2.0139906e-01
   4.3413827e-01   3.4110830e-01
   4.7078999e-01   3.1385862e-01
   3.6026026e-01   3.9978316e-01
   4.6526572e-02   7.8429981e-01
   2.0900975e-01   5.4282416e-01
   5.4547152e-01   2.6143956e-01
   3.1507151e-01   4.3868769e-01
   2.9938524e-01   4.5283893e-01
   4.1639913e-01   3.5471004e-01
   8.3748841e-01   8.4856069e-02
   2.6104163e-01   4.8907767e-01
   4.5225940e-01   3.2749766e-01
   5.2109547e-01   2.7813057e-01
   7.8038055e-01   1.1660849e-01
   1.3653072e-01   6.3049937e-01
   5.5377700e-01   2.5583806e-01
   7.5215278e-01   1.3273258e-01
   3.8196589e-01   3.8196611e-01
   3.0720162e-01   4.4574228e-01
   3.2140838e-01   4.3307110e-01
   4.0766459e-01   3.6151383e-01
   1.6539806e-01   5.9330840e-01
   1.5817630e-01   6.0228616e-01
   4.4314922e-01   3.3430546e-01
   1.8712643e-01   5.6741887e-01
   5.5736443e-02   7.6391433e-01
   2.8390750e-01   4.6717029e-01
   1.1918865e-01   6.5476291e-01
   7.3846530e-01   1.4065996e-01
   2.7624091e-01   4.7441374e-01
   8.2198468e-01   9.3366290e-02
   5.9676331e-01   2.2749543e-01
   3.7355848e-01   3.8880569e-01
   3.9045088e-01   3.7513931e-01
   5.6217376e-01   2.5021752e-01
   3.3419632e-01   4.2190284e-01
   6.1469639e-01   2.1597424e-01
   2.4315967e-02   8.4406422e-01
   5.3725858e-01   2.6702075e-01
   6.4958483e-01   1.9403175e-01
   2.4600557e-01   5.0401052e-01
   8.0683075e-01   1.0176242e-01
   3.5368004e-01   4.0528995e-01
   4.9747338e-01   2.9468207e-01
   3.4064887e-01   4.1634867e-01
   3.2778275e-01   4.2747685e-01
   3.5572609e-02   8.1139298e-01
   9.2989253e-02   6.9505861e-01
   7.3797349e-02   7.2834333e-01
   7.6612044e-01   1.2471694e-01
   3.9901587e-01   3.6832297e-01
   1.1048865e-01   6.6760167e-01
   1.4374616e-01   6.2086130e-01
   1.9440088e-01   5.5909084e-01
   1.2786637e-01   6.4241592e-01
   4.8975710e-01   3.0017352e-01
   6.9896979e-01   1.6395587e-01
   2.3111410e-01   5.1925672e-01
   5.7926464e-01   2.3890563e-01
   5.2913367e-01   2.7258425e-01
   6.8629176e-01   1.7157272e-01
   7.1188468e-01   1.5626741e-01
   1.7262852e-01   5.8451412e-01
   7.9494727e-01   1.0840185e-01
   6.4817956e-02   7.4540629e-01
   1.2605139e-02   8.8772739e-01
   8.8627020e-01   5.8580751e-02
   5.8796127e-01   2.3321368e-01
   9.6115493e-01   1.9614909e-02
   2.2371755e-01   5.2701211e-01
   4.2522252e-01   3.4790912e-01
   8.4169306e-02   7.0988053e-01
   2.9162162e-01   4.5997999e-01
   2.5350445e-01   4.9650775e-01
   2.3854274e-01   5.1159163e-01
   1.5095963e-01   6.1146476e-01
   4.6147102e-01   3.2068341e-01
   9.0682315e-01   4.7727378e-02
   6.0567369e-01   2.2174960e-01
   2.6862048e-01   4.8171390e-01
   6.6160742e-01   1.8660746e-01
   2.0169519e-01   5.5089512e-01
   7.2504748e-01   1.4850280e-01
   8.5335786e-01   7.6226295e-02
   4.4071457e-04   9.7900680e-01
   1.0000000e+00   1.7333377e-27
   3.4714296e-01   4.1081161e-01
   9.3162821e-01   3.4791107e-02
