   6.6358226e+00   5.1309689e+00
   8.4551123e+00   5.5692030e+00
   5.7695499e+00   5.7230345e+00
   5.5005908e+00   7.2384747e+00
   8.6144555e+00   5.1893795e+00
   6.4256684e+00   6.3773574e+00
   6.2343029e+00   4.4709202e+00
   6.2953221e+00   6.1386430e+00
   7.6638764e+00   6.0959531e+00
   8.3209288e+00   5.5750765e+00
   5.3238769e+00   6.2396113e+00
   5.9494386e+00   6.6680287e+00
   7.0201306e+00   4.7715621e+00
   5.8581641e+00   5.5931720e+00
   6.0606110e+00   5.7612245e+00
   7.3702448e+00   4.7077999e+00
   7.5469008e+00   5.0813638e+00
   5.5114857e+00   5.5132243e+00
   5.5790596e+00   5.5525730e+00
   6.9997810e+00   5.5794106e+00
   4.7854666e+00   5.1961134e+00
   8.0146425e+00   6.4859459e+00
   7.4857719e+00   5.1305870e+00
   7.1094070e+00   6.1688764e+00
   6.2922079e+00   3.6584025e+00
   5.5555721e+00   4.4732785e+00
   7.9225939e+00   6.2635233e+00
   4.8016676e+00   5.4089278e+00
   7.6860884e+00   5.6614353e+00
   7.2449197e+00   5.3660113e+00
   6.3802568e+00   6.8501709e+00
   8.2726065e+00   5.6090149e+00
   6.6969445e+00   6.3938493e+00
   5.3429344e+00   5.6165150e+00
   4.6376174e+00   4.7507585e+00
   6.4130946e+00   5.7278016e+00
   7.5617221e+00   4.7681671e+00
   5.8904037e+00   6.4150085e+00
   8.0511910e+00   7.9067337e+00
   7.6842074e+00   6.8027946e+00
   5.8431764e+00   6.1029872e+00
   5.5923810e+00   6.1391291e+00
   7.0485406e+00   5.6914326e+00
   6.2142196e+00   5.6131065e+00
   5.3391377e+00   6.7767322e+00
   5.7652102e+00   5.9148243e+00
   6.0132077e+00   7.3040417e+00
   7.2661905e+00   5.8836028e+00
   5.5064620e+00   6.6922478e+00
   6.1203447e+00   7.0764055e+00
   6.9189224e+00   6.5413613e+00
   6.2792763e+00   4.8772305e+00
   6.4981892e+00   6.9982875e+00
   6.7173266e+00   5.2373639e+00
   5.8157416e+00   5.9911474e+00
   6.6197563e+00   5.1818273e+00
   5.3796264e+00   5.6643756e+00
   6.6309796e+00   7.1151001e+00
   5.7020081e+00   5.5695079e+00
   6.4186398e+00   5.1233714e+00
   6.6475741e+00   6.8050027e+00
   7.2904646e+00   5.4795531e+00
   5.9168716e+00   5.7698211e+00
   7.0503482e+00   5.3931496e+00
   7.7272006e+00   6.2229664e+00
   6.9017759e+00   5.1000544e+00
   6.8266574e+00   4.4332325e+00
   5.9825056e+00   5.4669937e+00
   5.7953740e+00   6.2277188e+00
   6.1258262e+00   5.9370266e+00
   5.7819823e+00   5.3345875e+00
   5.9550222e+00   7.1845438e+00
   6.3769495e+00   6.3572238e+00
   8.7721680e+00   5.1562793e+00
   5.2445254e+00   5.4987637e+00
   6.9675311e+00   4.8268901e+00
   6.4176688e+00   5.2997197e+00
   5.2529536e+00   5.2883249e+00
   5.0804317e+00   5.9105605e+00
   4.9902364e+00   4.8485159e+00
   5.9107964e+00   5.4567080e+00
   5.0025457e+00   6.1248282e+00
   5.0168141e+00   5.5428463e+00
   7.8230361e+00   5.9327734e+00
   6.1670925e+00   6.2340255e+00
   6.7907237e+00   6.5742197e+00
   4.5906295e+00   6.4467458e+00
   5.5173778e+00   5.9809149e+00
   7.3829680e+00   7.6900959e+00
   7.0898029e+00   6.7503184e+00
   5.2756378e+00   5.5705357e+00
   6.5140827e+00   5.4908946e+00
   5.6649958e+00   6.0585811e+00
   7.0529833e+00   5.1553277e+00
   7.4522499e+00   5.1455778e+00
   6.7920529e+00   6.5299160e+00
   6.0422012e+00   5.1852523e+00
   6.5231839e+00   6.7816022e+00
   6.0193778e+00   6.2390438e+00
   5.1432011e+00   5.4626250e+00
   5.1430048e-01   2.8430405e-01
   6.7528804e-01   1.7950731e-01
   1.1672021e-01   6.6141408e-01
   4.8703894e-01   3.0360991e-01
   4.5883798e-01   3.2416112e-01
   5.8925846e-01   2.3372415e-01
   6.3914448e-01   2.0183668e-01
   5.4668902e-01   2.6202356e-01
   9.9229369e-02   6.8831173e-01
   4.3157599e-01   3.4464041e-01
   9.0424829e-02   7.0277107e-01
   7.4004135e-01   1.4095311e-01
   5.3846358e-01   2.6761773e-01
   4.0516422e-01   3.6511070e-01
   4.2102805e-02   7.9994247e-01
   5.6342160e-01   2.5077253e-01
   3.5456242e-01   4.0629752e-01
   1.8770236e-01   5.6916062e-01
   7.8492187e-01   1.1521637e-01
   8.2063968e-01   9.5257003e-02
   7.5616242e-02   7.2882395e-01
   5.0641360e-01   2.8983537e-01
   1.0799289e-01   6.7455706e-01
   5.9807112e-01   2.2799525e-01
   5.2226777e-01   2.7875941e-01
   4.4056351e-01   3.3781896e-01
   8.0254718e-01   1.0531157e-01
   4.2268192e-01   3.5146155e-01
   2.2847833e-02   8.5588878e-01
   6.8776675e-01   1.7193783e-01
   3.0957156e-01   4.4548060e-01
   8.5513985e-01   7.6387494e-02
   8.7473763e-01   6.5838432e-02
   6.6303204e-01   1.8701030e-01
   5.8054161e-01   2.3943322e-01
   3.8120896e-01   3.8426534e-01
   5.5500996e-01   2.5640726e-01
   8.3609961e-01   8.6753141e-02
   7.5374482e-01   1.3301382e-01
   4.6813186e-01   3.1731994e-01
   2.3177338e-01   5.2073640e-01
   2.0228739e-01   5.5255436e-01
   7.0046095e-01   1.6430798e-01
   5.3032257e-01   2.7319688e-01
   5.7193382e-01   2.4511323e-01
   6.0591104e-02   7.5810888e-01
   3.2603672e-02   8.2528915e-01
   7.2658882e-01   1.4881904e-01
   2.5423705e-01   4.9784738e-01
   2.6176793e-01   4.9040395e-01
   6.5098826e-01   1.9445145e-01
   4.1387975e-01   3.5828358e-01
   3.2861887e-01   4.2856402e-01
   4.9666643e-01   2.9673146e-01
   1.2542660e-01   6.4879236e-01
   4.4965402e-01   3.3099011e-01
   1.4278913e-01   6.2488756e-01
   1.1007452e-02   9.0551369e-01
   2.1273241e-03   9.9310550e-01
   2.6934940e-01   4.8301875e-01
   8.9832015e-01   5.3300279e-02
   6.0699934e-01   2.2223426e-01
   6.8135877e-02   7.4298621e-01
   8.3046511e-02   7.1545348e-01
   9.2636294e-01   3.8603542e-02
   3.7447545e-01   3.8975770e-01
   3.4150563e-01   4.1739736e-01
   3.4801172e-01   4.1184021e-01
   2.4669577e-01   5.0541333e-01
   1.8043152e-01   5.7768290e-01
   6.1604019e-01   2.1644375e-01
   2.0963015e-01   5.4442305e-01
   3.0329515e-01   4.5116910e-01
   2.1697376e-01   5.3643342e-01
   7.6774463e-01   1.2497723e-01
   2.9705366e-01   4.5688503e-01
   2.7698371e-01   4.7568719e-01
   1.5869394e-01   6.0425495e-01
   3.6779479e-01   3.9525626e-01
   2.3921008e-01   5.1303974e-01
   4.7752899e-01   3.1047176e-01
   2.2436172e-01   5.2853216e-01
   1.6593254e-01   5.9521271e-01
   3.2223342e-01   4.3417880e-01
   1.9498897e-01   5.6078573e-01
   1.3411020e-01   6.3664011e-01
   3.1588070e-01   4.3982064e-01
   2.9082572e-01   4.6264916e-01
   6.2749234e-01   2.0916971e-01
   9.5938330e-01   2.1581118e-02
   1.7317633e-01   5.8636183e-01
   7.1340525e-01   1.5659887e-01
   2.8467012e-01   4.6840774e-01
   1.0020798e+00   8.8504747e-27
   3.6115490e-01   4.0077124e-01
   3.8798766e-01   3.7878517e-01
   3.9652766e-01   3.7194915e-01
   5.1419785e-02   7.7787392e-01
   3.3504219e-01   4.2297106e-01
   1.5146331e-01   6.1349836e-01
   6.9957018e-01   1.6400806e-01
   4.1930832e-02   7.9691586e-01
   1.9313633e-01   5.6131029e-01
   2.8104962e-01   4.7050783e-01
   3.3444510e-01   4.2228256e-01
   9.7578094e-02   6.8872772e-01
   4.0279650e-01   3.6587947e-01
   9.2497843e-01   3.8599579e-02
   6.7417472e-01   1.7933743e-01
   8.9953827e-02   7.0122557e-01
   8.5379983e-01   7.6359286e-02
   2.4623427e-01   5.0447341e-01
   8.3489708e-01   8.6649348e-02
   7.8374587e-01   1.1509424e-01
   7.0796175e-02   7.3521988e-01
   2.6735671e-01   4.8359992e-01
   1.4824720e-01   6.1586521e-01
   6.8681309e-01   1.7167312e-01
   1.0894910e-02   8.9896909e-01
   6.0833751e-01   2.2048102e-01
   5.4586936e-01   2.6163580e-01
   3.6719953e-01   3.9459777e-01
   5.3766357e-01   2.6721360e-01
   3.1219249e-01   4.4187382e-01
   1.3238661e-01   6.3709650e-01
   2.0043831e-01   5.5306528e-01
   5.9704379e-01   2.2775902e-01
   3.2565241e-01   4.2994321e-01
   3.8903174e-01   3.7682741e-01
   2.9494147e-01   4.5754833e-01
   1.0627361e-01   6.7506009e-01
   4.8438378e-01   3.0451735e-01
   3.0734452e-01   4.4623393e-01
   4.2914269e-01   3.4543524e-01
   4.2023263e-01   3.5227710e-01
   4.6922865e-01   3.1549946e-01
   4.3636808e-01   3.3993909e-01
   1.7853031e-01   5.7828607e-01
   2.7345446e-01   4.7772919e-01
   1.5659518e-01   6.0514874e-01
   8.7346254e-01   6.5775789e-02
   7.2554930e-01   1.4861194e-01
   3.8058379e-01   3.8364286e-01
   8.1278842e-02   7.1611415e-01
   8.9694700e-01   5.3290256e-02
   9.5803485e-01   2.1558796e-02
   2.5225767e-01   4.9843245e-01
   6.6206749e-01   1.8674738e-01
   2.0778029e-01   5.4492569e-01
   4.7674146e-01   3.1003348e-01
   4.6012106e-01   3.2218484e-01
   5.0368620e-01   2.9077610e-01
   3.5397506e-01   4.0562016e-01
   2.5990011e-01   4.9087090e-01
   1.7126924e-01   5.8698477e-01
   5.6265151e-01   2.5035752e-01
   1.3958516e-01   6.2731046e-01
   7.6681432e-01   1.2471338e-01
   2.3141824e-01   5.1965578e-01
   7.5274760e-01   1.3278611e-01
   1.2353767e-01   6.4950035e-01
   8.8086132e-04   9.8610047e-01
   1.0006877e+00   2.2204461e-15
   3.1847394e-01   4.3627465e-01
   3.2549548e-02   8.2150103e-01
   1.1497893e-01   6.6193008e-01
   2.2245454e-01   5.2907870e-01
   3.7392962e-01   3.8906469e-01
   8.1644144e-01   9.6809116e-02
   5.2953584e-01   2.7278052e-01
   6.0408061e-02   7.5562243e-01
   2.1502454e-01   5.3703470e-01
   3.6052465e-01   4.0013586e-01
   5.7110992e-01   2.4473696e-01
   4.4351283e-01   3.3454890e-01
   6.4050532e-01   2.0011398e-01
   3.4099139e-01   4.1664443e-01
   2.3880761e-01   5.1202464e-01
   4.9397608e-01   2.9765506e-01
   5.2138331e-01   2.7840756e-01
   7.1236078e-01   1.5639280e-01
   3.0120279e-01   4.5180740e-01
   4.1144872e-01   3.5909357e-01
   6.1753101e-01   2.1460625e-01
   7.3940717e-01   1.4051207e-01
   5.1284718e-02   7.7506211e-01
   6.2891594e-01   2.0739147e-01
   5.1350771e-01   2.8388545e-01
   5.5414387e-01   2.5605362e-01
   3.9588949e-01   3.7134920e-01
   8.0128489e-01   1.0523901e-01
   2.8879715e-01   4.6324169e-01
   5.7755902e-01   2.4047952e-01
   4.5239548e-01   3.2790788e-01
   5.8620492e-01   2.3480901e-01
   6.5221306e-01   1.9282877e-01
   1.8576821e-01   5.6979012e-01
   3.4765587e-01   4.1095993e-01
   2.1084608e-02   8.5718213e-01
   1.6410653e-01   5.9574900e-01
   2.6886062e-01   4.8214582e-01
   4.6182625e-01   3.2092815e-01
   5.6047636e-01   2.5180972e-01
   2.3133240e-01   5.1974513e-01
   4.1672649e-01   3.5498928e-01
   2.2730052e-02   8.5153321e-01
   5.8620492e-01   2.3480901e-01
   2.3876372e-01   5.1206962e-01
   5.5209806e-01   2.5742987e-01
   5.2750736e-01   2.7417654e-01
   6.8678037e-01   1.7169287e-01
   9.5805166e-01   2.1550206e-02
   3.6552425e-01   3.9598296e-01
   6.5004804e-01   1.9417100e-01
   3.0120279e-01   4.5180740e-01
   3.1376046e-01   4.4047092e-01
   2.8261749e-01   4.6902935e-01
   1.0625974e-01   6.7508144e-01
   5.4381159e-01   2.6303058e-01
   1.9459309e-01   5.5965307e-01
   3.7890119e-01   3.8500933e-01
   5.3561488e-01   2.6861281e-01
   2.1655847e-01   5.3538101e-01
   5.7752806e-01   2.4049990e-01
   1.0915431e-02   8.9886758e-01
   1.2367663e-01   6.4930217e-01
   1.8005675e-01   5.7648013e-01
   6.9946951e-01   1.6406828e-01
   6.0387367e-01   2.2334950e-01
   2.0921397e-01   5.4335319e-01
   3.5890619e-01   4.0148640e-01
   5.0368952e-01   2.9077376e-01
   3.9933439e-01   3.6861523e-01
   3.4580178e-01   4.1253586e-01
   2.4623427e-01   5.0447341e-01
   3.2646072e-01   4.2923467e-01
   3.9247222e-01   3.7407304e-01
   2.2393022e-01   5.2751449e-01
   4.3447722e-01   3.4137298e-01
   7.5267976e-01   1.3282522e-01
   3.7218758e-01   3.9049207e-01
   4.4349217e-01   3.3456443e-01
   5.1154697e-01   2.8525577e-01
   7.6665469e-01   1.2480458e-01
   4.7114864e-01   3.1409842e-01
   8.9708001e-01   5.3220012e-02
   5.1236751e-02   7.7516876e-01
   9.2508425e-01   3.8544551e-02
   1.4102026e-01   6.2539008e-01
   8.1949060e-01   9.5122698e-02
   4.9590901e-01   2.9628035e-01
   1.7280884e-01   5.8512511e-01
   3.3931452e-01   4.1808346e-01
   2.7648625e-01   4.7483471e-01
   6.6208020e-01   1.8673956e-01
   6.3821796e-01   2.0154506e-01
   5.1948563e-01   2.7972369e-01
   7.3898695e-01   1.4075656e-01
   4.5260805e-01   3.2774976e-01
   8.5394259e-01   7.6282012e-02
   2.0189243e-01   5.5144146e-01
   3.0746437e-01   4.4612573e-01
   6.0388730e-02   7.5566199e-01
   1.1498248e-01   6.6192484e-01
   6.7431892e-01   1.7924958e-01
   8.8703799e-02   7.0332487e-01
   8.0142260e-01   1.0516206e-01
   6.1513519e-01   2.1613297e-01
   1.3235230e-01   6.3714378e-01
   7.9846922e-02   7.1864745e-01
   2.6127788e-01   4.8951962e-01
   3.8566157e-01   3.7953735e-01
   3.2009239e-01   4.3484097e-01
   4.1943677e-02   7.9688424e-01
   1.4968269e-01   6.1400126e-01
   2.8878241e-01   4.6325541e-01
   1.5834771e-01   6.0293572e-01
   3.5233144e-01   4.0700441e-01
   6.9425224e-02   7.3782151e-01
   3.2459517e-02   8.2175339e-01
   4.8057753e-01   3.0725916e-01
   1.8731649e-01   5.6799441e-01
   7.1238647e-01   1.5637757e-01
   2.9497680e-01   4.5751577e-01
   7.2555653e-01   1.4860769e-01
   9.1297130e-04   9.8498977e-01
   1.6557374e-01   5.9393834e-01
   2.5373659e-01   4.9696031e-01
   7.8381723e-01   1.1505392e-01
   8.7351039e-01   6.5750182e-02
   4.0798607e-01   3.6180065e-01
   3.3286685e-01   4.2365012e-01
   9.7506483e-02   6.8884277e-01
   5.6895330e-01   2.4616604e-01
   4.2555358e-01   3.4818261e-01
   5.9498526e-01   2.2909301e-01
   4.8820881e-01   3.0177286e-01
   8.3493681e-01   8.6627595e-02
   6.2658599e-01   2.0886264e-01
   1.0006877e+00   4.9071863e-27
   2.1635093e-01   5.3486461e-01
   7.9724267e-02   7.1764514e-01
   5.1148248e-02   7.7384022e-01
   2.6104284e-01   4.8907648e-01
   6.4958336e-01   1.9403266e-01
   9.2443283e-01   3.8525700e-02
   3.1349447e-01   4.4009423e-01
   4.2521966e-01   3.4791131e-01
   4.8783562e-01   3.0154769e-01
   3.7859487e-01   3.8469937e-01
   2.0901103e-01   5.4282276e-01
   2.2530687e-04   9.8498977e-01
   7.5215291e-01   1.3273250e-01
   2.9472023e-01   4.5711858e-01
   1.7262837e-01   5.8451430e-01
   5.6006865e-01   2.5162266e-01
   5.4341012e-01   2.6283644e-01
   1.4951672e-01   6.1332608e-01
   2.5350380e-01   4.9650839e-01
   3.0094340e-01   4.5141692e-01
   7.6612002e-01   1.2471718e-01
   5.5169178e-01   2.5724043e-01
   1.9440082e-01   5.5909091e-01
   3.7188616e-01   3.9017530e-01
   3.2393042e-02   8.2001933e-01
   6.6160634e-01   1.8660812e-01
   4.0766431e-01   3.6151405e-01
   5.2711699e-01   2.7397177e-01
   6.0343743e-01   2.2318765e-01
   3.3903231e-01   4.1773519e-01
   9.5739060e-01   2.1536612e-02
   1.6539911e-01   5.9330710e-01
   5.7710508e-01   2.4032568e-01
   2.6861999e-01   4.8171437e-01
   6.1469727e-01   2.1597368e-01
   4.5225858e-01   3.2749827e-01
   4.4315029e-01   3.3430466e-01
   1.0612779e-01   6.7422740e-01
   2.7624115e-01   4.7441352e-01
   1.2353008e-01   6.4853153e-01
   5.9455163e-01   2.2892826e-01
   2.8236911e-01   4.6861586e-01
   6.0291663e-02   7.5445639e-01
   8.0086654e-01   1.0508853e-01
   4.3413724e-01   3.4110909e-01
   1.0878461e-02   8.9570014e-01
   3.9902090e-01   3.6831899e-01
   2.2673220e-02   8.4942371e-01
   5.1909928e-01   2.7951455e-01
   1.7987153e-01   5.7588736e-01
   8.7291165e-01   6.5702588e-02
   2.3111665e-01   5.1925406e-01
   6.9897038e-01   1.6395552e-01
   6.7383766e-01   1.7912385e-01
   4.1639816e-01   3.5471079e-01
   5.3521833e-01   2.6841383e-01
   9.7371378e-02   6.8795613e-01
   8.3435918e-01   8.6567363e-02
   3.8535115e-01   3.7923342e-01
   3.2618807e-01   4.2887124e-01
   1.4086033e-01   6.2468635e-01
   5.6853659e-01   2.4598634e-01
   7.1188609e-01   1.5626658e-01
   3.4551665e-01   4.1219336e-01
   1.3220033e-01   6.3640637e-01
   5.8578073e-01   2.3463687e-01
   1.8712769e-01   5.6741742e-01
   1.1484117e-01   6.6111777e-01
   8.1891368e-01   9.5061502e-02
   8.8586686e-02   7.0236484e-01
   4.6147081e-01   3.2068357e-01
   3.1982116e-01   4.3447267e-01
   3.0719984e-01   4.4574388e-01
   4.1864649e-02   7.9539147e-01
   8.5335894e-01   7.6225712e-02
   3.9215770e-01   3.7377504e-01
   6.9318939e-02   7.3671510e-01
   3.6522629e-01   3.9566045e-01
   1.5817535e-01   6.0228735e-01
   3.5204177e-01   4.0666892e-01
   7.2504480e-01   1.4850437e-01
   4.8021611e-01   3.0702373e-01
   5.0331123e-01   2.9055569e-01
   6.8629089e-01   1.7157324e-01
   2.2371716e-01   5.2701252e-01
   7.3846553e-01   1.4065983e-01
   2.3854230e-01   5.1159208e-01
   6.3776045e-01   2.0140095e-01
   7.8327011e-01   1.1497452e-01
   4.7078906e-01   3.1385930e-01
   2.8852974e-01   4.6285035e-01
   2.0169479e-01   5.5089557e-01
   3.5861171e-01   4.0115803e-01
   6.2613496e-01   2.0871310e-01
   8.9646536e-01   5.3181451e-02
   5.1116431e-01   2.8504244e-01
   3.3258844e-01   4.2329518e-01
   4.9553486e-01   2.9605763e-01
   2.4600733e-01   5.0400874e-01
   1.0000000e+00   4.6297977e-27
   2.1635093e-01   5.3486461e-01
   6.8629089e-01   1.7157324e-01
   1.5817556e-01   6.0228708e-01
   2.6104284e-01   4.8907648e-01
   2.0900971e-01   5.4282420e-01
   5.1116431e-01   2.8504244e-01
   3.1349377e-01   4.4009486e-01
   5.6006508e-01   2.5162504e-01
   2.6861999e-01   4.8171437e-01
   2.9472091e-01   4.5711796e-01
   7.6612002e-01   1.2471718e-01
   4.9553486e-01   2.9605763e-01
   1.4951737e-01   6.1332524e-01
   3.2618608e-01   4.2887298e-01
   7.5215253e-01   1.3273272e-01
   4.8783826e-01   3.0154580e-01
   5.4341012e-01   2.6283644e-01
   3.5861171e-01   4.0115803e-01
   4.2522207e-01   3.4790946e-01
   3.0094340e-01   4.5141692e-01
   1.8712769e-01   5.6741742e-01
   5.5169178e-01   2.5724043e-01
   1.9440082e-01   5.5909091e-01
   3.7188616e-01   3.9017530e-01
   1.3220033e-01   6.3640637e-01
   9.5739083e-01   2.1536494e-02
   4.0766431e-01   3.6151405e-01
   8.8586686e-02   7.0236484e-01
   3.4551603e-01   4.1219389e-01
   5.7710648e-01   2.4032475e-01
   3.3258845e-01   4.2329518e-01
   1.6539911e-01   5.9330710e-01
   3.7859457e-01   3.8469961e-01
   1.4086033e-01   6.2468635e-01
   6.1469727e-01   2.1597368e-01
   4.5225858e-01   3.2749827e-01
   1.2353008e-01   6.4853153e-01
   6.3776289e-01   2.0139942e-01
   7.3846553e-01   1.4065983e-01
   9.7379014e-02   6.8794389e-01
   1.1484117e-01   6.6111777e-01
   5.2711437e-01   2.7397358e-01
   6.0291663e-02   7.5445639e-01
   8.0086654e-01   1.0508853e-01
   6.9897038e-01   1.6395552e-01
   2.3854230e-01   5.1159208e-01
   4.8021611e-01   3.0702373e-01
   2.2673220e-02   8.4942371e-01
   5.1909928e-01   2.7951455e-01
   5.0331123e-01   2.9055569e-01
   8.7291165e-01   6.5702588e-02
   2.0169479e-01   5.5089557e-01
   4.7078906e-01   3.1385930e-01
   4.3413746e-01   3.4110891e-01
   3.3903162e-01   4.1773578e-01
   3.9215770e-01   3.7377504e-01
   2.7624104e-01   4.7441362e-01
   8.3435918e-01   8.6567363e-02
   3.8535115e-01   3.7923342e-01
   8.1891368e-01   9.5061502e-02
   6.9318939e-02   7.3671510e-01
   5.6853659e-01   2.4598634e-01
   4.4314882e-01   3.3430576e-01
   2.2512371e-04   9.8499588e-01
   3.5204177e-01   4.0666892e-01
   3.9901677e-01   3.6832226e-01
   2.8237137e-01   4.6861373e-01
   2.4600551e-01   5.0401057e-01
   1.7987014e-01   5.7588899e-01
   2.8852974e-01   4.6285035e-01
   4.6147081e-01   3.2068357e-01
   8.9646536e-01   5.3181451e-02
   6.0343695e-01   2.2318796e-01
   6.4958404e-01   1.9403223e-01
   6.2613496e-01   2.0871310e-01
   7.2504734e-01   1.4850288e-01
   9.2444281e-01   3.8520510e-02
   5.3521899e-01   2.6841338e-01
   7.1188508e-01   1.5626717e-01
   7.9733247e-02   7.1762924e-01
   6.7384065e-01   1.7912202e-01
   8.5335618e-01   7.6227205e-02
   5.8577458e-01   2.3464088e-01
   5.9455225e-01   2.2892785e-01
   6.6160842e-01   1.8660685e-01
   4.1639895e-01   3.5471018e-01
   2.5350426e-01   4.9650793e-01
   1.0612821e-01   6.7422675e-01
   2.2371755e-01   5.2701210e-01
   3.1982108e-01   4.3447275e-01
   3.6522565e-01   3.9566098e-01
   3.0720152e-01   4.4574237e-01
   3.2392936e-02   8.2001962e-01
   1.0879404e-02   8.9569562e-01
   2.3111449e-01   5.1925631e-01
   7.8326900e-01   1.1497514e-01
   5.1149721e-02   7.7383696e-01
   4.1863707e-02   7.9539378e-01
   1.0000000e+00   4.2448305e-27
   1.7262837e-01   5.8451430e-01
   5.6853659e-01   2.4598634e-01
   7.9733247e-02   7.1762924e-01
   1.5817556e-01   6.0228708e-01
   5.5169178e-01   2.5724043e-01
   2.0900971e-01   5.4282420e-01
   5.1116431e-01   2.8504244e-01
   3.4551603e-01   4.1219389e-01
   4.1639895e-01   3.5471018e-01
   6.9318939e-02   7.3671510e-01
   2.9472091e-01   4.5711796e-01
   7.6612002e-01   1.2471718e-01
   4.9553486e-01   2.9605763e-01
   1.4951737e-01   6.1332524e-01
   3.2618608e-01   4.2887298e-01
   7.5215253e-01   1.3273272e-01
   4.8783826e-01   3.0154580e-01
   5.4341012e-01   2.6283644e-01
   3.5861171e-01   4.0115803e-01
   4.2522207e-01   3.4790946e-01
   5.6006573e-01   2.5162460e-01
   2.6104186e-01   4.8907745e-01
   4.7078906e-01   3.1385930e-01
   1.9440082e-01   5.5909091e-01
   3.7188616e-01   3.9017530e-01
   1.3220033e-01   6.3640637e-01
   9.5739083e-01   2.1536494e-02
   4.0766431e-01   3.6151405e-01
   8.8586686e-02   7.0236484e-01
   7.3846553e-01   1.4065983e-01
   5.7710648e-01   2.4032475e-01
   3.3258845e-01   4.2329518e-01
   3.8535115e-01   3.7923342e-01
   2.5350426e-01   4.9650793e-01
   1.4086033e-01   6.2468635e-01
   6.0343692e-01   2.2318798e-01
   5.3521899e-01   2.6841338e-01
   2.0169479e-01   5.5089557e-01
   6.3776289e-01   2.0139942e-01
   3.2391744e-02   8.2002293e-01
   9.7379014e-02   6.8794389e-01
   5.2711437e-01   2.7397358e-01
   3.0094368e-01   4.5141666e-01
   6.0291663e-02   7.5445639e-01
   3.5204177e-01   4.0666892e-01
   6.9897038e-01   1.6395552e-01
   2.3854230e-01   5.1159208e-01
   4.8021611e-01   3.0702373e-01
   3.7859434e-01   3.8469980e-01
   5.1909928e-01   2.7951455e-01
   5.0331123e-01   2.9055569e-01
   8.7291083e-01   6.5703029e-02
   2.4600551e-01   5.0401057e-01
   3.3903198e-01   4.1773547e-01
   4.3413746e-01   3.4110891e-01
   1.1484153e-01   6.6111724e-01
   3.9215770e-01   3.7377504e-01
   2.7624104e-01   4.7441362e-01
   8.3435918e-01   8.6567363e-02
   4.4314882e-01   3.3430576e-01
   9.2444730e-01   3.8518173e-02
   6.7384065e-01   1.7912202e-01
   6.1469534e-01   2.1597491e-01
   8.9646536e-01   5.3181451e-02
   2.2512371e-04   9.8499588e-01
   1.7262837e-01   5.8451430e-01
   3.9901677e-01   3.6832226e-01
   2.8237137e-01   4.6861373e-01
   7.2504696e-01   1.4850311e-01
   4.6147081e-01   3.2068357e-01
   2.8852974e-01   4.6285035e-01
   6.6160693e-01   1.8660776e-01
   7.8326900e-01   1.1497514e-01
   5.9455267e-01   2.2892759e-01
   7.1188508e-01   1.5626717e-01
   6.4958467e-01   1.9403184e-01
   1.0879404e-02   8.9569562e-01
   1.6539722e-01   5.9330942e-01
   3.1982108e-01   4.3447275e-01
   6.2613555e-01   2.0871273e-01
   5.1149721e-02   7.7383696e-01
   8.0086632e-01   1.0508865e-01
   3.1349377e-01   4.4009486e-01
   6.8629130e-01   1.7157300e-01
   2.2674318e-02   8.4942006e-01
   3.6522565e-01   3.9566098e-01
   1.8712741e-01   5.6741775e-01
   8.5335622e-01   7.6227182e-02
   4.5225902e-01   3.2749794e-01
   1.0612821e-01   6.7422675e-01
   2.2371755e-01   5.2701210e-01
   5.8577618e-01   2.3463984e-01
   8.1892023e-01   9.5057885e-02
   3.0720134e-01   4.4574253e-01
   2.6861978e-01   4.8171458e-01
   1.2352998e-01   6.4853168e-01
   4.1863564e-02   7.9539412e-01
   2.1635011e-01   5.3486550e-01
   2.3111422e-01   5.1925659e-01
   1.7987057e-01   5.7588849e-01
   1.0000000e+00   2.7955443e-27
   5.6853659e-01   2.4598634e-01
   2.2371755e-01   5.2701210e-01
   1.5817556e-01   6.0228708e-01
   5.5169178e-01   2.5724043e-01
   2.0900971e-01   5.4282420e-01
   5.1116431e-01   2.8504244e-01
   3.4551603e-01   4.1219389e-01
   4.1639895e-01   3.5471018e-01
   6.9318939e-02   7.3671510e-01
   2.9472091e-01   4.5711796e-01
   7.6612002e-01   1.2471718e-01
   4.9553486e-01   2.9605763e-01
   4.2522207e-01   3.4790946e-01
   3.2618608e-01   4.2887298e-01
   7.5215253e-01   1.3273272e-01
   2.7624104e-01   4.7441362e-01
   5.4341012e-01   2.6283644e-01
   3.5861171e-01   4.0115803e-01
   4.0766454e-01   3.6151387e-01
   7.2504696e-01   1.4850311e-01
   2.6104186e-01   4.8907745e-01
   4.7078906e-01   3.1385930e-01
   1.9440082e-01   5.5909091e-01
   3.7188616e-01   3.9017530e-01
   1.3220033e-01   6.3640637e-01
   9.5739083e-01   2.1536494e-02
   8.9646536e-01   5.3181451e-02
   5.7710648e-01   2.4032475e-01
   7.3846553e-01   1.4065983e-01
   2.8852974e-01   4.6285035e-01
   1.4086033e-01   6.2468635e-01
   3.8535115e-01   3.7923342e-01
   2.5350426e-01   4.9650793e-01
   6.2613555e-01   2.0871273e-01
   8.8586664e-02   7.0236488e-01
   1.2352998e-01   6.4853168e-01
   4.1863493e-02   7.9539430e-01
   1.7262837e-01   5.8451430e-01
   3.2391744e-02   8.2002293e-01
   6.8629130e-01   1.7157300e-01
   6.4958467e-01   1.9403184e-01
   4.6147081e-01   3.2068357e-01
   6.0291663e-02   7.5445639e-01
   3.5204177e-01   4.0666892e-01
   6.9897038e-01   1.6395552e-01
   2.3854230e-01   5.1159208e-01
   4.8021611e-01   3.0702373e-01
   3.7859434e-01   3.8469980e-01
   5.1909928e-01   2.7951455e-01
   8.0086632e-01   1.0508865e-01
   8.7291083e-01   6.5703029e-02
   2.4600551e-01   5.0401057e-01
   3.3903198e-01   4.1773547e-01
   4.3413746e-01   3.4110891e-01
   3.9215770e-01   3.7377504e-01
   5.3521913e-01   2.6841328e-01
   6.7384065e-01   1.7912202e-01
   8.3435918e-01   8.6567363e-02
   3.3258919e-01   4.2329454e-01
   9.2444730e-01   3.8518173e-02
   1.1484187e-01   6.6111674e-01
   6.1469534e-01   2.1597491e-01
   3.6522565e-01   3.9566098e-01
   2.2512371e-04   9.8499588e-01
   5.6006588e-01   2.5162451e-01
   4.4314911e-01   3.3430554e-01
   2.8237137e-01   4.6861373e-01
   1.0612821e-01   6.7422675e-01
   1.8712741e-01   5.6741775e-01
   3.1982108e-01   4.3447275e-01
   6.0343512e-01   2.2318913e-01
   7.8326900e-01   1.1497514e-01
   5.9455267e-01   2.2892759e-01
   7.1188508e-01   1.5626717e-01
   3.0720134e-01   4.4574253e-01
   7.9735853e-02   7.1762462e-01
   1.6539722e-01   5.9330942e-01
   5.8577618e-01   2.3463984e-01
   3.9901635e-01   3.6832259e-01
   3.1349215e-01   4.4009630e-01
   2.3111422e-01   5.1925659e-01
   5.2711462e-01   2.7397340e-01
   5.0331158e-01   2.9055544e-01
   8.5335622e-01   7.6227182e-02
   5.1149655e-02   7.7383711e-01
   1.0878862e-02   8.9569822e-01
   4.5225902e-01   3.2749794e-01
   2.0169469e-01   5.5089568e-01
   6.6160700e-01   1.8660772e-01
   6.3776298e-01   2.0139936e-01
   2.6861977e-01   4.8171459e-01
   1.4951704e-01   6.1332566e-01
   1.7987057e-01   5.7588849e-01
   8.1892772e-01   9.5053745e-02
   2.1635011e-01   5.3486550e-01
   9.7380032e-02   6.8794226e-01
   2.2674532e-02   8.4941935e-01
   3.0094451e-01   4.5141590e-01
   4.8783905e-01   3.0154524e-01
   1.0000000e+00   2.7955443e-27
   5.6853659e-01   2.4598634e-01
   1.6539722e-01   5.9330942e-01
   2.2512371e-04   9.8499588e-01
   5.5169178e-01   2.5724043e-01
   2.0900971e-01   5.4282420e-01
   5.1116431e-01   2.8504244e-01
   3.4551603e-01   4.1219389e-01
   3.2391744e-02   8.2002293e-01
   6.9318939e-02   7.3671510e-01
   2.9472091e-01   4.5711796e-01
   7.6612002e-01   1.2471718e-01
   3.5861157e-01   4.0115814e-01
   4.2522207e-01   3.4790946e-01
   3.2618608e-01   4.2887298e-01
   7.5215253e-01   1.3273272e-01
   2.7624104e-01   4.7441362e-01
   5.4341012e-01   2.6283644e-01
   5.2711462e-01   2.7397340e-01
   4.0766454e-01   3.6151387e-01
   7.2504696e-01   1.4850311e-01
   2.6104186e-01   4.8907745e-01
   4.7078906e-01   3.1385930e-01
   1.9440082e-01   5.5909091e-01
   3.7188616e-01   3.9017530e-01
   1.3220033e-01   6.3640637e-01
   9.5739083e-01   2.1536494e-02
   8.9646536e-01   5.3181451e-02
   5.7710648e-01   2.4032475e-01
   7.3846553e-01   1.4065983e-01
   2.8852974e-01   4.6285035e-01
   1.4086033e-01   6.2468635e-01
   3.6522565e-01   3.9566098e-01
   2.5350426e-01   4.9650793e-01
   4.8783954e-01   3.0154489e-01
   8.8586664e-02   7.0236488e-01
   1.2352998e-01   6.4853168e-01
   4.1863493e-02   7.9539430e-01
   1.7262837e-01   5.8451430e-01
   6.9897038e-01   1.6395552e-01
   6.8629130e-01   1.7157300e-01
   6.4958467e-01   1.9403184e-01
   4.6147081e-01   3.2068357e-01
   6.0291663e-02   7.5445639e-01
   3.5204177e-01   4.0666892e-01
   1.5817607e-01   6.0228644e-01
   2.3854230e-01   5.1159208e-01
   4.8021611e-01   3.0702373e-01
   3.7859434e-01   3.8469980e-01
   5.1909928e-01   2.7951455e-01
   8.0086632e-01   1.0508865e-01
   8.7291083e-01   6.5703029e-02
   2.4600551e-01   5.0401057e-01
   3.3903198e-01   4.1773547e-01
   4.3413746e-01   3.4110891e-01
   3.9215770e-01   3.7377504e-01
   5.3521913e-01   2.6841328e-01
   6.7384065e-01   1.7912202e-01
   8.3435918e-01   8.6567363e-02
   3.3258919e-01   4.2329454e-01
   9.2444730e-01   3.8518173e-02
   1.1484187e-01   6.6111674e-01
   6.1469534e-01   2.1597491e-01
   3.1982050e-01   4.3447326e-01
   3.9901635e-01   3.6832259e-01
   5.6006588e-01   2.5162451e-01
   4.4314911e-01   3.3430554e-01
   8.5335820e-01   7.6226110e-02
   1.0612821e-01   6.7422675e-01
   6.6160700e-01   1.8660772e-01
   3.0094451e-01   4.5141590e-01
   2.2674532e-02   8.4941935e-01
   7.8326900e-01   1.1497514e-01
   5.9455267e-01   2.2892759e-01
   7.1188508e-01   1.5626717e-01
   3.0720134e-01   4.4574253e-01
   7.9735853e-02   7.1762462e-01
   6.2613618e-01   2.0871233e-01
   5.8577618e-01   2.3463984e-01
   3.1349215e-01   4.4009630e-01
   4.9553735e-01   2.9605586e-01
   2.3111422e-01   5.1925659e-01
   2.0169469e-01   5.5089568e-01
   4.1639892e-01   3.5471021e-01
   2.6861977e-01   4.8171459e-01
   5.1149655e-02   7.7383711e-01
   1.0878862e-02   8.9569822e-01
   4.5225902e-01   3.2749794e-01
   1.4951721e-01   6.1332545e-01
   6.3776298e-01   2.0139936e-01
   2.1635011e-01   5.3486550e-01
   9.7380032e-02   6.8794226e-01
   1.7987057e-01   5.7588849e-01
   8.1892772e-01   9.5053745e-02
   6.0343601e-01   2.2318856e-01
   2.8236925e-01   4.6861572e-01
   3.8535097e-01   3.7923357e-01
   5.0331168e-01   2.9055537e-01
   1.8712734e-01   5.6741783e-01
   1.0000000e+00   1.7584233e-27
   2.2371746e-01   5.2701220e-01
   5.6853659e-01   2.4598634e-01
   1.6539722e-01   5.9330942e-01
   2.2512371e-04   9.8499588e-01
   5.5169178e-01   2.5724043e-01
   2.0900971e-01   5.4282420e-01
   5.1116431e-01   2.8504244e-01
   3.4551603e-01   4.1219389e-01
   3.2391744e-02   8.2002293e-01
   6.9318939e-02   7.3671510e-01
   2.9472091e-01   4.5711796e-01
   7.6612002e-01   1.2471718e-01
   3.5861157e-01   4.0115814e-01
   4.2522207e-01   3.4790946e-01
   3.2618608e-01   4.2887298e-01
   7.5215248e-01   1.3273275e-01
   2.7624104e-01   4.7441362e-01
   5.4341012e-01   2.6283644e-01
   5.2711462e-01   2.7397340e-01
   4.0766454e-01   3.6151387e-01
   7.2504696e-01   1.4850311e-01
   3.3903198e-01   4.1773547e-01
   4.7078906e-01   3.1385930e-01
   1.9440082e-01   5.5909091e-01
   3.7188616e-01   3.9017530e-01
   1.3220033e-01   6.3640637e-01
   9.5739083e-01   2.1536494e-02
   8.9646536e-01   5.3181451e-02
   5.7710648e-01   2.4032475e-01
   7.3846553e-01   1.4065983e-01
   2.8852974e-01   4.6285035e-01
   1.4086033e-01   6.2468635e-01
   3.6522565e-01   3.9566098e-01
   2.5350426e-01   4.9650793e-01
   4.8783954e-01   3.0154489e-01
   8.8586664e-02   7.0236488e-01
   1.2352998e-01   6.4853168e-01
   4.1863493e-02   7.9539430e-01
   1.7262837e-01   5.8451430e-01
   6.9897038e-01   1.6395552e-01
   6.8629130e-01   1.7157300e-01
   6.4958467e-01   1.9403184e-01
   4.6147081e-01   3.2068357e-01
   6.0291663e-02   7.5445639e-01
   3.5204177e-01   4.0666892e-01
   1.5817607e-01   6.0228644e-01
   2.3854230e-01   5.1159208e-01
   4.9553735e-01   2.9605586e-01
   3.7859434e-01   3.8469980e-01
   5.1909928e-01   2.7951455e-01
   8.0086632e-01   1.0508865e-01
   8.7291083e-01   6.5703029e-02
   3.0094438e-01   4.5141602e-01
   1.4951721e-01   6.1332545e-01
   4.3413746e-01   3.4110891e-01
   3.9215770e-01   3.7377504e-01
   5.3521913e-01   2.6841328e-01
   6.7384065e-01   1.7912202e-01
   2.8236925e-01   4.6861572e-01
   3.3258919e-01   4.2329454e-01
   9.2444730e-01   3.8518173e-02
   1.1484187e-01   6.6111674e-01
   3.8535097e-01   3.7923357e-01
   3.1982050e-01   4.3447326e-01
   3.9901635e-01   3.6832259e-01
   5.6006588e-01   2.5162451e-01
   4.4314911e-01   3.3430554e-01
   8.5335820e-01   7.6226110e-02
   1.0612821e-01   6.7422675e-01
   6.6160700e-01   1.8660772e-01
   2.6861977e-01   4.8171459e-01
   2.2674532e-02   8.4941935e-01
   7.8326900e-01   1.1497514e-01
   5.9455267e-01   2.2892759e-01
   7.1188508e-01   1.5626717e-01
   3.0720134e-01   4.4574253e-01
   7.9735853e-02   7.1762462e-01
   6.2613618e-01   2.0871233e-01
   8.1892772e-01   9.5053745e-02
   5.1149655e-02   7.7383711e-01
   2.6104167e-01   4.8907762e-01
   2.3111422e-01   5.1925659e-01
   2.0169469e-01   5.5089568e-01
   4.1639892e-01   3.5471021e-01
   2.2371746e-01   5.2701220e-01
   1.0878862e-02   8.9569822e-01
   3.1349342e-01   4.4009517e-01
   4.5225902e-01   3.2749794e-01
   5.0331168e-01   2.9055537e-01
   8.3435967e-01   8.6567098e-02
   2.1635011e-01   5.3486550e-01
   9.7380032e-02   6.8794226e-01
   1.7987057e-01   5.7588849e-01
   6.1469593e-01   2.1597453e-01
   6.0343601e-01   2.2318856e-01
   5.8577639e-01   2.3463970e-01
   6.3776319e-01   2.0139923e-01
   4.8021621e-01   3.0702366e-01
   1.8712734e-01   5.6741783e-01
   1.0000000e+00   1.7584233e-27
   2.4600540e-01   5.0401068e-01
   5.4341012e-01   2.6283644e-01
   1.6539722e-01   5.9330942e-01
   2.2512371e-04   9.8499588e-01
   5.5169178e-01   2.5724043e-01
   2.0900971e-01   5.4282420e-01
   5.1116431e-01   2.8504244e-01
   3.4551603e-01   4.1219389e-01
   3.2391744e-02   8.2002293e-01
   6.9318939e-02   7.3671510e-01
   2.9472091e-01   4.5711796e-01
   7.6612002e-01   1.2471718e-01
   3.5861157e-01   4.0115814e-01
   4.2522207e-01   3.4790946e-01
   3.2618608e-01   4.2887298e-01
   7.5215248e-01   1.3273275e-01
   2.7624104e-01   4.7441362e-01
   2.8236925e-01   4.6861572e-01
   5.2711462e-01   2.7397340e-01
   4.0766454e-01   3.6151387e-01
   7.2504696e-01   1.4850311e-01
   3.3903198e-01   4.1773547e-01
   4.7078906e-01   3.1385930e-01
   1.9440082e-01   5.5909091e-01
   8.9646536e-01   5.3181451e-02
   1.3220033e-01   6.3640637e-01
   9.5739083e-01   2.1536494e-02
   5.3521913e-01   2.6841328e-01
   1.7987057e-01   5.7588849e-01
   7.3846553e-01   1.4065983e-01
   2.8852974e-01   4.6285035e-01
   1.4086033e-01   6.2468635e-01
   3.6522565e-01   3.9566098e-01
   2.5350426e-01   4.9650793e-01
   4.8783954e-01   3.0154489e-01
   8.8586664e-02   7.0236488e-01
   1.2352998e-01   6.4853168e-01
   4.1863493e-02   7.9539430e-01
   1.7262837e-01   5.8451430e-01
   6.9897038e-01   1.6395552e-01
   6.8629130e-01   1.7157300e-01
   6.4958467e-01   1.9403184e-01
   4.6147081e-01   3.2068357e-01
   6.0291663e-02   7.5445639e-01
   3.5204177e-01   4.0666892e-01
   1.5817607e-01   6.0228644e-01
   2.3854230e-01   5.1159208e-01
   4.9553735e-01   2.9605586e-01
   3.7859434e-01   3.8469980e-01
   5.1909928e-01   2.7951455e-01
   8.0086632e-01   1.0508865e-01
   8.7291083e-01   6.5703029e-02
   3.0094438e-01   4.5141602e-01
   1.4951721e-01   6.1332545e-01
   4.3413746e-01   3.4110891e-01
   3.9215770e-01   3.7377504e-01
   2.6104167e-01   4.8907762e-01
   6.7384065e-01   1.7912202e-01
   2.3111422e-01   5.1925659e-01
   3.3258919e-01   4.2329454e-01
   9.2444730e-01   3.8518173e-02
   1.1484187e-01   6.6111674e-01
   3.8535097e-01   3.7923357e-01
   3.1982050e-01   4.3447326e-01
   3.9901635e-01   3.6832259e-01
   5.6006588e-01   2.5162451e-01
   5.0331168e-01   2.9055537e-01
   8.5335820e-01   7.6226110e-02
   1.0612821e-01   6.7422675e-01
   8.1892772e-01   9.5053745e-02
   1.8712731e-01   5.6741786e-01
   2.2674532e-02   8.4941935e-01
   7.8326900e-01   1.1497514e-01
   5.9455267e-01   2.2892759e-01
   7.1188508e-01   1.5626717e-01
   3.0720134e-01   4.4574253e-01
   7.9735853e-02   7.1762462e-01
   4.5225902e-01   3.2749794e-01
   8.3435967e-01   8.6567098e-02
   5.1149655e-02   7.7383711e-01
   6.2613636e-01   2.0871222e-01
   2.2371746e-01   5.2701220e-01
   2.0169469e-01   5.5089568e-01
   4.1639892e-01   3.5471021e-01
   6.3776319e-01   2.0139923e-01
   1.0878862e-02   8.9569822e-01
   2.1635011e-01   5.3486550e-01
   6.0343601e-01   2.2318856e-01
   5.8577639e-01   2.3463970e-01
   5.6853668e-01   2.4598628e-01
   5.7710644e-01   2.4032478e-01
   9.7380032e-02   6.8794226e-01
   2.4600540e-01   5.0401068e-01
   6.1469593e-01   2.1597453e-01
   4.8021621e-01   3.0702366e-01
   6.6160725e-01   1.8660757e-01
   4.4314920e-01   3.3430547e-01
   3.1349341e-01   4.4009518e-01
   2.6861977e-01   4.8171459e-01
   1.0000000e+00   1.7584233e-27
   3.7188612e-01   3.9017534e-01
   6.6358226e+00   5.1309689e+00
   8.4551123e+00   5.5692030e+00
   5.7695499e+00   5.7230345e+00
   5.5005908e+00   7.2384747e+00
   8.6144555e+00   5.1893795e+00
   6.4256684e+00   6.3773574e+00
   6.2343029e+00   4.4709202e+00
   6.2953221e+00   6.1386430e+00
   7.6638764e+00   6.0959531e+00
   8.3209288e+00   5.5750765e+00
   5.3238769e+00   6.2396113e+00
   5.9494386e+00   6.6680287e+00
   7.0201306e+00   4.7715621e+00
   5.8581641e+00   5.5931720e+00
   6.0606110e+00   5.7612245e+00
   7.3702448e+00   4.7077999e+00
   7.5469008e+00   5.0813638e+00
   5.5114857e+00   5.5132243e+00
   5.5790596e+00   5.5525730e+00
   6.9997810e+00   5.5794106e+00
   4.7854666e+00   5.1961134e+00
   8.0146425e+00   6.4859459e+00
   7.4857719e+00   5.1305870e+00
   7.1094070e+00   6.1688764e+00
   6.2922079e+00   3.6584025e+00
   5.5555721e+00   4.4732785e+00
   7.9225939e+00   6.2635233e+00
   4.8016676e+00   5.4089278e+00
   7.6860884e+00   5.6614353e+00
   7.2449197e+00   5.3660113e+00
   6.3802568e+00   6.8501709e+00
   8.2726065e+00   5.6090149e+00
   6.6969445e+00   6.3938493e+00
   5.3429344e+00   5.6165150e+00
   4.6376174e+00   4.7507585e+00
   6.4130946e+00   5.7278016e+00
   7.5617221e+00   4.7681671e+00
   5.8904037e+00   6.4150085e+00
   8.0511910e+00   7.9067337e+00
   7.6842074e+00   6.8027946e+00
   5.8431764e+00   6.1029872e+00
   5.5923810e+00   6.1391291e+00
   7.0485406e+00   5.6914326e+00
   6.2142196e+00   5.6131065e+00
   5.3391377e+00   6.7767322e+00
   5.7652102e+00   5.9148243e+00
   6.0132077e+00   7.3040417e+00
   7.2661905e+00   5.8836028e+00
   5.5064620e+00   6.6922478e+00
   6.1203447e+00   7.0764055e+00
   6.9189224e+00   6.5413613e+00
   6.2792763e+00   4.8772305e+00
   6.4981892e+00   6.9982875e+00
   6.7173266e+00   5.2373639e+00
   5.8157416e+00   5.9911474e+00
   6.6197563e+00   5.1818273e+00
   5.3796264e+00   5.6643756e+00
   6.6309796e+00   7.1151001e+00
   5.7020081e+00   5.5695079e+00
   6.4186398e+00   5.1233714e+00
   6.6475741e+00   6.8050027e+00
   7.2904646e+00   5.4795531e+00
   5.9168716e+00   5.7698211e+00
   7.0503482e+00   5.3931496e+00
   7.7272006e+00   6.2229664e+00
   6.9017759e+00   5.1000544e+00
   6.8266574e+00   4.4332325e+00
   5.9825056e+00   5.4669937e+00
   5.7953740e+00   6.2277188e+00
   6.1258262e+00   5.9370266e+00
   5.7819823e+00   5.3345875e+00
   5.9550222e+00   7.1845438e+00
   6.3769495e+00   6.3572238e+00
   8.7721680e+00   5.1562793e+00
   5.2445254e+00   5.4987637e+00
   6.9675311e+00   4.8268901e+00
   6.4176688e+00   5.2997197e+00
   5.2529536e+00   5.2883249e+00
   5.0804317e+00   5.9105605e+00
   4.9902364e+00   4.8485159e+00
   5.9107964e+00   5.4567080e+00
   5.0025457e+00   6.1248282e+00
   5.0168141e+00   5.5428463e+00
   7.8230361e+00   5.9327734e+00
   6.1670925e+00   6.2340255e+00
   6.7907237e+00   6.5742197e+00
   4.5906295e+00   6.4467458e+00
   5.5173778e+00   5.9809149e+00
   7.3829680e+00   7.6900959e+00
   7.0898029e+00   6.7503184e+00
   5.2756378e+00   5.5705357e+00
   6.5140827e+00   5.4908946e+00
   5.6649958e+00   6.0585811e+00
   7.0529833e+00   5.1553277e+00
   7.4522499e+00   5.1455778e+00
   6.7920529e+00   6.5299160e+00
   6.0422012e+00   5.1852523e+00
   6.5231839e+00   6.7816022e+00
   6.0193778e+00   6.2390438e+00
   5.1432011e+00   5.4626250e+00
   5.0991584e-01   4.3088804e-01
   1.3768154e-01   8.1844016e-01
   1.5492319e-01   7.8977972e-01
   7.1029605e-01   2.9578206e-01
   8.0360853e-01   2.4003925e-01
   8.9525653e-01   1.8858568e-01
   9.4539747e-01   1.6162233e-01
   3.9441965e-01   5.2283792e-01
   5.9510233e-02   1.0425401e+00
   6.8853206e-01   3.0934491e-01
   6.6225649e-02   1.0019242e+00
   6.9934365e-01   3.0257870e-01
   6.5693691e-01   3.2945637e-01
   7.3263455e-01   2.8209365e-01
   7.2138468e-01   2.8895855e-01
   7.5560765e-01   2.6824993e-01
   4.5052862e-01   4.7648527e-01
   6.0676434e-01   3.6251171e-01
   8.8149389e-01   1.9612647e-01
   8.4160204e-01   2.1834625e-01
   6.7787020e-01   3.1607425e-01
   1.4630716e-01   8.0376082e-01
   4.4232795e-01   4.8304436e-01
   1.2902975e-01   8.3396180e-01
   7.4403660e-01   2.7519384e-01
   4.1810875e-01   5.0283248e-01
   4.8401956e-01   4.5038039e-01
   1.2037965e-01   8.5042511e-01
   6.2647388e-01   3.4935393e-01
   3.1140582e-01   5.9915034e-01
   9.0925486e-01   1.8097888e-01
   5.5244537e-01   4.0004431e-01
   8.7239326e-02   9.2708711e-01
   3.3352001e-01   5.7774079e-01
   4.2612076e-01   4.9621512e-01
   6.6732869e-01   3.2278455e-01
   8.0208143e-02   9.4809975e-01
   9.4248172e-02   9.0836450e-01
   3.5600211e-01   5.5683171e-01
   6.1656014e-01   3.5594329e-01
   5.8747561e-01   3.7561837e-01
   3.2610902e-01   5.8481744e-01
   7.6734949e-01   2.6126195e-01
   3.7122210e-01   5.4311819e-01
   5.1872117e-01   4.2438738e-01
   3.1874308e-01   5.9194780e-01
   9.6412637e-01   1.5174648e-01
   9.2711563e-01   1.7136320e-01
   6.3651366e-01   3.4273884e-01
   2.9505645e-01   6.1558067e-01
   4.7554227e-01   4.5688870e-01
   4.6713192e-01   4.6341085e-01
   3.8663562e-01   5.2956335e-01
   5.4105936e-01   4.0816794e-01
   1.0556213e+00   1.0490183e-01
   8.6797061e-01   2.0359757e-01
   3.4096801e-01   5.7072324e-01
   1.0190103e+00   1.2337797e-01
   5.7565437e-01   3.8376861e-01
   5.2981514e-01   4.1628445e-01
   8.5467827e-01   2.1100193e-01
   1.7215800e-01   7.6352704e-01
   1.8942097e-01   7.3911539e-01
   7.7925014e-01   2.5423803e-01
   8.2873169e-01   2.2563484e-01
   4.9257298e-01   4.4387858e-01
   5.6397456e-01   3.9191283e-01
   4.0225978e-01   5.1614166e-01
   2.5042258e-01   6.6353880e-01
   9.8330180e-01   1.4174008e-01
   4.1015146e-01   5.0947744e-01
   7.3193558e-02   9.7234125e-01
   3.6358862e-01   5.4995375e-01
   2.1541466e-01   7.0516015e-01
   2.6814306e-01   6.4390095e-01
   2.5926397e-01   6.5363392e-01
   2.0673120e-01   7.1617320e-01
   2.8602611e-01   6.2489677e-01
   2.3285662e-01   6.8390852e-01
   4.5879845e-01   4.6993947e-01
   1.0029266e+00   1.3160571e-01
   3.0411544e-01   6.0640992e-01
   1.9806456e-01   7.2748521e-01
   5.9706333e-01   3.6907435e-01
   4.3419839e-01   4.8961560e-01
   5.0120798e-01   4.3737900e-01
   2.2412294e-01   6.9441226e-01
   6.4666337e-01   3.3610919e-01
   5.5623963e-02   1.1032555e+00
   7.9133154e-01   2.4716627e-01
   1.1169629e-01   8.6810015e-01
   2.4162494e-01   6.7362038e-01
   3.4846890e-01   5.6374783e-01
   2.7706043e-01   6.3432858e-01
   3.7890537e-01   5.3632103e-01
   1.6354736e-01   7.7638073e-01
   1.0298288e-01   8.8727455e-01
   1.0354253e+00   1.1505130e-01
   1.8078857e-01   7.5111189e-01
   8.1607307e-01   2.3286294e-01
   6.7830193e-01   2.1185044e-01
   9.1971554e-01   7.3498216e-02
   5.3661567e-02   8.7152081e-01
   6.5856539e-01   2.2423075e-01
   9.1651176e-02   7.7303018e-01
   3.2142904e-01   4.7811274e-01
   3.4803844e-01   4.5388431e-01
   6.9857263e-01   1.9933061e-01
   6.0234111e-01   2.6061183e-01
   3.4132367e-01   4.5989851e-01
   8.2284508e-02   7.9321597e-01
   2.2921170e-01   5.7221799e-01
   8.9895844e-01   8.4585314e-02
   2.6037994e-01   5.3832922e-01
   3.8398929e-01   4.2272195e-01
   2.0613517e-01   5.9908342e-01
   7.0892247e-01   1.9301175e-01
   8.1250070e-01   1.3226189e-01
   8.6244654e-01   1.0441507e-01
   2.4472683e-01   5.5503650e-01
   7.7151948e-01   1.5578426e-01
   7.3008006e-01   1.8024325e-01
   3.7465727e-02   9.4858341e-01
   1.6650888e-01   6.4979601e-01
   5.1690717e-01   3.1952649e-01
   5.6704769e-01   2.8437391e-01
   7.8342001e-01   1.4888779e-01
   4.8125320e-01   3.4564473e-01
   6.8836975e-01   2.0560804e-01
   9.9766639e-01   3.2978838e-02
   4.2493341e-01   3.8911793e-01
   2.1379287e-01   5.8998017e-01
   2.3696083e-01   5.6355487e-01
   5.5846941e-01   2.9026710e-01
   2.6825988e-01   5.3013634e-01
   6.6836284e-01   2.1806099e-01
   8.8212174e-01   9.3676365e-02
   2.7618517e-01   5.2203359e-01
   7.4362597e-01   1.7216990e-01
   4.4331528e-01   3.7460455e-01
   6.3935544e-01   2.3646975e-01
   8.2772741e-01   1.2368021e-01
   6.4889587e-01   2.3036752e-01
   1.9089010e-01   6.1782677e-01
   9.4110444e-01   6.2208587e-02
   7.9758745e-01   1.4074855e-01
   5.2504817e-01   3.1369918e-01
   5.0087929e-01   3.3114427e-01
   1.1018170e-01   7.3738457e-01
   7.5743453e-01   1.6401883e-01
   1.5892161e-01   6.6033181e-01
   4.6207338e-01   3.6012555e-01
   3.7704767e-01   4.2860998e-01
   5.9336471e-01   2.6658386e-01
   1.8323321e-01   6.2758251e-01
   2.9216331e-01   5.0608966e-01
   7.2847221e-02   8.1560869e-01
   8.4330325e-01   1.1498640e-01
   5.4996655e-01   2.9615613e-01
   7.1942553e-01   1.8664860e-01
   1.9849183e-01   6.0837270e-01
   1.1937583e-01   7.2129923e-01
   2.2149511e-01   5.8101649e-01
   5.3326206e-01   3.0786835e-01
   4.9100660e-01   3.3839973e-01
   6.2993231e-01   2.4254428e-01
   5.7571538e-01   2.7846719e-01
   5.8449705e-01   2.7253071e-01
   3.5479927e-01   4.4789328e-01
   6.3311919e-02   8.4113667e-01
   5.0885445e-01   3.2533903e-01
   3.2801322e-01   4.7201706e-01
   6.2061654e-01   2.4859690e-01
   4.5538373e-02   9.0332352e-01
   1.2698951e-01   7.0861722e-01
   3.9099501e-01   4.1683829e-01
   3.3464699e-01   4.6594389e-01
   3.9805010e-01   4.1097107e-01
   1.5134452e-01   6.7117542e-01
   4.0691745e-01   4.0367658e-01
   4.7160947e-01   3.5288620e-01
   5.4158630e-01   3.0200783e-01
   3.1485382e-01   4.8426996e-01
   2.8416151e-01   5.1401091e-01
   6.1141541e-01   2.5462233e-01
   4.5264334e-01   3.6736395e-01
   3.0832765e-01   4.9045270e-01
   4.3407575e-01   3.8185802e-01
   4.1588331e-01   3.9638847e-01
   1.4373691e-01   6.8241805e-01
   1.0095119e-01   7.5453037e-01
   1.0330367e+00   1.5134482e-02
   9.6692732e-01   4.8754309e-02
   3.6160350e-01   4.4192700e-01
   1.3617603e-01   6.9398133e-01
   3.3038203e-02   1.0139010e+00
   3.6844431e-01   4.3599060e-01
   2.5254496e-01   5.4661738e-01
   1.7561551e-01   6.3753837e-01
   3.0023250e-01   4.9822461e-01
   8.7877037e-01   6.8179878e-02
   7.2971630e-01   1.5158337e-01
   1.8613639e-01   5.7671829e-01
   7.8549134e-01   1.1945251e-01
   1.2490768e-01   6.5578375e-01
   6.0266016e-01   2.2974387e-01
   5.8497214e-01   2.4126023e-01
   7.4325041e-01   1.4367631e-01
   4.0683044e-03   9.9753727e-01
   6.3938829e-01   2.0636209e-01
   5.9376258e-01   2.3551534e-01
   5.7628631e-01   2.4697961e-01
   5.5081869e-01   2.6400429e-01
   2.3793468e-01   5.1982015e-01
   1.4966709e-01   6.2183372e-01
   3.4233940e-01   4.2181280e-01
   1.7152163e-01   5.9420029e-01
   1.6423092e-01   6.0320672e-01
   2.3045350e-01   5.2761735e-01
   6.4887250e-01   2.0043486e-01
   3.8909013e-01   3.8292419e-01
   7.5703985e-01   1.3569417e-01
   2.0081614e-01   5.5985155e-01
   3.9769819e-01   3.7602647e-01
   5.3431168e-01   2.7525152e-01
   6.2078933e-01   2.1811551e-01
   6.7811107e-01   1.8243128e-01
   5.5921957e-01   2.5834545e-01
   7.0343286e-01   1.6715255e-01
   9.6775149e-01   2.1762175e-02
   1.4239294e-01   6.3148642e-01
   4.2399333e-01   3.5541044e-01
   8.3052259e-01   9.4339108e-02
   1.5694296e-01   6.1241703e-01
   8.0017055e-01   1.1118843e-01
   1.7882231e-01   5.8537591e-01
   4.5112922e-01   3.3480135e-01
   7.0206293e-02   7.4621255e-01
   2.4763817e-02   8.5947271e-01
   8.0721662e-02   7.2652703e-01
   5.0232370e-01   2.9755679e-01
   8.9907238e-01   5.7388618e-02
   6.6822622e-01   1.8847335e-01
   6.1166974e-01   2.2394328e-01
   8.4622989e-01   8.5740977e-02
   9.4161681e-01   3.5164713e-02
   5.1814746e-01   2.8643612e-01
   5.6770064e-01   2.5267585e-01
   3.2937517e-01   4.3306619e-01
   8.6230363e-01   7.7024867e-02
   2.1558251e-01   5.4350888e-01
   3.6136318e-02   8.2428052e-01
   7.7111647e-01   1.2762083e-01
   2.9137372e-01   4.6741224e-01
   3.8057293e-01   3.8982542e-01
   6.9065814e-01   1.7482538e-01
   1.0735147e-01   6.8202223e-01
   4.7213142e-02   7.9565607e-01
   4.6036346e-01   3.2793153e-01
   2.7589435e-01   4.8205070e-01
   2.2300203e-01   5.3551272e-01
   5.4252065e-01   2.6963670e-01
   1.0040333e+00   3.4536701e-03
   2.5300036e-01   5.0448767e-01
   8.1518042e-01   1.0281661e-01
   1.1614202e-01   6.6862727e-01
   3.7212982e-01   3.9674409e-01
   5.2619003e-01   2.8084954e-01
   4.8680312e-01   3.0863727e-01
   9.8528151e-02   6.9605352e-01
   2.0818673e-01   5.5162027e-01
   2.8360909e-01   4.7470440e-01
   2.6821950e-01   4.8946320e-01
   4.3294416e-01   3.4854081e-01
   6.3002779e-01   2.1225553e-01
   9.2001603e-01   4.6383801e-02
   4.6971180e-01   3.2104727e-01
   5.9568817e-02   7.6779392e-01
   8.9650884e-02   7.1084885e-01
   3.5546534e-01   4.1063663e-01
   1.2912314e-02   9.0922516e-01
   3.6375990e-01   4.0368155e-01
   1.3365650e-01   6.4342144e-01
   4.9452070e-01   3.0310561e-01
   4.0637400e-01   3.6915035e-01
   2.4545767e-01   5.1210413e-01
   2.6058999e-01   4.9693942e-01
   3.3583542e-01   4.2743100e-01
   4.7916343e-01   3.1415683e-01
   4.4198401e-01   3.4167523e-01
   3.1500013e-01   4.4580967e-01
   6.5848241e-01   1.9447338e-01
   3.2295111e-01   4.3872559e-01
   3.0705837e-01   4.5297654e-01
   3.4888475e-01   4.1621313e-01
   5.1019344e-01   2.9200435e-01
   4.1514144e-01   3.6227652e-01
   2.9918923e-01   4.6017112e-01
   7.1645391e-01   1.5940355e-01
   1.9346745e-01   5.6821333e-01
   7.1826779e-01   1.5552775e-01
   8.4919231e-02   7.1624717e-01
   6.7987942e-01   1.7855309e-01
   7.0522492e-01   1.6327984e-01
   7.5889538e-01   1.3182370e-01
   2.2367627e-01   5.3199086e-01
   6.9243253e-01   1.7095342e-01
   6.6754070e-01   1.8609206e-01
   6.2022457e-01   2.1567318e-01
   7.7299131e-01   1.2374918e-01
   6.5471953e-02   7.5278348e-01
   9.3786372e-02   7.0106352e-01
   7.3153613e-01   1.4771393e-01
   5.5674068e-01   2.5720877e-01
   1.7237755e-01   5.9035394e-01
   1.2884284e-01   6.4736775e-01
   2.5357212e-01   5.0111308e-01
   4.0690674e-03   9.9467116e-01
   8.1106920e-01   1.0229993e-01
   9.3656329e-01   3.4975768e-02
   7.9912259e-01   1.0897390e-01
   1.0260647e-01   6.8668804e-01
   8.9435726e-01   5.7081899e-02
   8.7419684e-01   6.7826127e-02
   5.8235877e-01   2.4017456e-01
   5.6518102e-01   2.5155376e-01
   7.8738710e-01   1.1557893e-01
   1.2012419e-01   6.5993056e-01
   5.7371735e-01   2.4587752e-01
   1.5785842e-01   6.0844624e-01
   6.5541559e-01   1.9356912e-01
   3.6029937e-02   8.2177566e-01
   1.7965073e-01   5.8158436e-01
   5.9109308e-01   2.3445343e-01
   1.0040333e+00   6.5169300e-04
   1.5060450e-01   6.1780551e-01
   2.4687465e-02   8.5693613e-01
   6.0888400e-01   2.2293021e-01
   2.1628426e-01   5.3994467e-01
   8.2630933e-01   9.3857324e-02
   8.4189216e-01   8.5305389e-02
   2.0156781e-01   5.5620315e-01
   5.9992932e-01   2.2870868e-01
   9.6627391e-01   1.9713058e-02
   3.4751647e-01   4.1457732e-01
   1.4335603e-01   6.2739210e-01
   1.8693531e-01   5.7298125e-01
   5.0603892e-01   2.9212814e-01
   5.6332723e-02   7.7196102e-01
   5.2389763e-01   2.7963552e-01
   4.3115575e-01   3.4710563e-01
   4.6773363e-01   3.1969624e-01
   4.2225756e-01   3.5394909e-01
   1.6511229e-01   5.9930523e-01
   4.7056854e-02   7.9323049e-01
   2.3110084e-01   5.2413565e-01
   6.3177113e-01   2.0835262e-01
   7.4507872e-01   1.3981174e-01
   5.4013718e-01   2.6846055e-01
   1.3610740e-01   6.3723168e-01
   2.7639700e-01   4.7876693e-01
   5.3198262e-01   2.7405048e-01
   2.3855722e-01   5.1637500e-01
   4.7713398e-01   3.1282855e-01
   4.4015201e-01   3.4025885e-01
   1.9424295e-01   5.6452138e-01
   4.5843640e-01   3.2655741e-01
   6.4348262e-01   2.0099594e-01
   3.3452954e-01   4.2576367e-01
   2.4604753e-01   5.0870228e-01
   2.0890879e-01   5.4801995e-01
   4.9629800e-01   2.9903591e-01
   4.4924550e-01   3.3340946e-01
   5.1591232e-01   2.8519449e-01
   1.1138364e-01   6.7300808e-01
   4.1345696e-01   3.6078948e-01
   2.8411677e-01   4.7142257e-01
   4.0472387e-01   3.6765046e-01
   2.9963792e-01   4.5695635e-01
   9.1512641e-01   4.6139717e-02
   3.2810816e-01   4.3137596e-01
   3.4101592e-01   4.2014965e-01
   4.8665369e-01   3.0594284e-01
   1.2873975e-02   9.0662683e-01
   5.4839508e-01   2.6284293e-01
   8.5785376e-01   7.6627637e-02
   3.7568259e-01   3.9102124e-01
   2.9181804e-01   4.6419598e-01
   3.8924261e-01   3.7999936e-01
   3.6730314e-01   3.9793298e-01
   3.5406917e-01   4.0901340e-01
   2.6873827e-01   4.8615683e-01
   2.6113560e-01   4.9359913e-01
   3.1531274e-01   4.4272747e-01
   3.6072062e-01   4.0341864e-01
   3.8246453e-01   3.8548405e-01
   3.2170229e-01   4.3703038e-01
   7.5980916e-02   7.3242117e-01
   3.9612807e-01   3.7447699e-01
   3.0745337e-01   4.4981590e-01
   8.1107254e-01   1.0229806e-01
   5.9993670e-01   2.2870390e-01
   8.4923157e-02   7.1624027e-01
   4.5843640e-01   3.2655741e-01
   6.5541559e-01   1.9356912e-01
   2.2367627e-01   5.3199086e-01
   5.0603892e-01   2.9212814e-01
   6.6754070e-01   1.8609206e-01
   7.4507872e-01   1.3981174e-01
   9.3786372e-02   7.0106352e-01
   1.3610740e-01   6.3723168e-01
   7.5988111e-02   7.3240775e-01
   1.5785847e-01   6.0844618e-01
   2.4685249e-02   8.5694384e-01
   1.7237755e-01   5.9035394e-01
   5.8235150e-01   2.4017934e-01
   1.0040333e+00   6.5169300e-04
   4.0690674e-03   9.9467116e-01
   5.4839533e-01   2.6284275e-01
   9.3656329e-01   3.4975768e-02
   4.2225536e-01   3.5395079e-01
   3.6029937e-02   8.2177566e-01
   4.7056854e-02   7.9323049e-01
   6.2024093e-01   2.1566276e-01
   2.0891166e-01   5.4801679e-01
   6.5467958e-02   7.5279154e-01
   2.1628135e-01   5.3994783e-01
   2.9961314e-01   4.5697914e-01
   2.3110084e-01   5.2413565e-01
   6.7987754e-01   1.7855423e-01
   1.2012786e-01   6.5992518e-01
   4.9628687e-01   2.9904385e-01
   1.8693872e-01   5.7297726e-01
   5.6517944e-01   2.5155481e-01
   5.7371575e-01   2.4587858e-01
   8.7419740e-01   6.7825827e-02
   7.5889193e-01   1.3182569e-01
   7.3153606e-01   1.4771397e-01
   2.4604772e-01   5.0870208e-01
   5.9109094e-01   2.3445483e-01
   2.5357464e-01   5.0111057e-01
   8.5785376e-01   7.6627637e-02
   9.1512392e-01   4.6141021e-02
   1.9424295e-01   5.6452138e-01
   7.9912368e-01   1.0897329e-01
   2.0156664e-01   5.5620447e-01
   5.3198180e-01   2.7405105e-01
   3.8753126e-01   3.8137957e-01
   6.9243658e-01   1.7095098e-01
   8.9434689e-01   5.7087394e-02
   7.7298953e-01   1.2375020e-01
   4.6773363e-01   3.1969624e-01
   3.9608688e-01   3.7450988e-01
   1.7965114e-01   5.8158387e-01
   1.1138364e-01   6.7300808e-01
   2.8408245e-01   4.7145499e-01
   1.5060806e-01   6.1780087e-01
   2.7638993e-01   4.7877371e-01
   7.0522613e-01   1.6327912e-01
   1.4335882e-01   6.2738835e-01
   6.0888628e-01   2.2292875e-01
   3.4751474e-01   4.1457880e-01
   7.8738588e-01   1.1557962e-01
   2.3855851e-01   5.1637366e-01
   1.6511400e-01   5.9930309e-01
   4.8665414e-01   3.0594252e-01
   2.9182168e-01   4.6419258e-01
   8.4189225e-01   8.5305339e-02
   3.3452954e-01   4.2576367e-01
   3.7400512e-01   3.9239860e-01
   3.6731570e-01   3.9792257e-01
   4.0472387e-01   3.6765046e-01
   1.0260693e-01   6.8668732e-01
   6.3177326e-01   2.0835127e-01
   8.2630949e-01   9.3857237e-02
   7.1825645e-01   1.5553445e-01
   3.6067062e-01   4.0346051e-01
   3.1534835e-01   4.4269556e-01
   2.6113899e-01   4.9359579e-01
   4.1344694e-01   3.6079731e-01
   3.8074449e-01   3.8688367e-01
   5.6325835e-02   7.7197608e-01
   3.2809609e-01   4.3138656e-01
   4.3115672e-01   3.4710490e-01
   5.1591265e-01   2.8519425e-01
   5.5674160e-01   2.5720815e-01
   4.4015179e-01   3.4025902e-01
   6.4349392e-01   2.0098888e-01
   4.7713804e-01   3.1282560e-01
   2.6874255e-01   4.8615267e-01
   3.2170250e-01   4.3703019e-01
   5.2390423e-01   2.7963094e-01
   4.4924356e-01   3.3341091e-01
   3.0745255e-01   4.4981665e-01
   1.2873159e-02   9.0663117e-01
   3.5407101e-01   4.0901184e-01
   9.6626008e-01   1.9720108e-02
   3.4100033e-01   4.2016308e-01
   5.4014557e-01   2.6845481e-01
   1.2884867e-01   6.4735951e-01
   8.1107254e-01   1.0229806e-01
   5.9993670e-01   2.2870390e-01
   8.4923157e-02   7.1624027e-01
   4.5843640e-01   3.2655741e-01
   1.2873159e-02   9.0663117e-01
   1.0040333e+00   6.5169300e-04
   5.0603892e-01   2.9212814e-01
   6.6754070e-01   1.8609206e-01
   7.4507872e-01   1.3981174e-01
   9.3786372e-02   7.0106352e-01
   1.3610740e-01   6.3723168e-01
   3.8753126e-01   3.8137957e-01
   1.5785847e-01   6.0844618e-01
   2.4685249e-02   8.5694384e-01
   4.4924356e-01   3.3341091e-01
   5.8235150e-01   2.4017934e-01
   6.7987865e-01   1.7855355e-01
   4.0690674e-03   9.9467116e-01
   5.4839533e-01   2.6284275e-01
   8.9434768e-01   5.7086975e-02
   2.0891183e-01   5.4801660e-01
   6.9243658e-01   1.7095098e-01
   6.0889205e-01   2.2292504e-01
   6.2024093e-01   2.1566276e-01
   1.8693872e-01   5.7297726e-01
   2.3110236e-01   5.2413406e-01
   2.1628135e-01   5.3994783e-01
   2.9961314e-01   4.5697914e-01
   8.7419740e-01   6.7825827e-02
   7.5889193e-01   1.3182569e-01
   1.2012786e-01   6.5992518e-01
   1.5060814e-01   6.1780075e-01
   5.7371575e-01   2.4587858e-01
   2.8408245e-01   4.7145499e-01
   2.5357464e-01   5.0111057e-01
   2.3855851e-01   5.1637366e-01
   2.6874255e-01   4.8615267e-01
   7.3153606e-01   1.4771397e-01
   2.4604772e-01   5.0870208e-01
   5.9109094e-01   2.3445483e-01
   9.6626008e-01   1.9720108e-02
   8.2630949e-01   9.3857237e-02
   5.6518057e-01   2.5155406e-01
   1.9424295e-01   5.6452138e-01
   1.6511400e-01   5.9930309e-01
   2.0156664e-01   5.5620447e-01
   5.3198180e-01   2.7405105e-01
   1.7965114e-01   5.8158387e-01
   1.2884867e-01   6.4735951e-01
   7.8738588e-01   1.1557962e-01
   9.3656332e-01   3.4975755e-02
   4.6773363e-01   3.1969624e-01
   3.9608688e-01   3.7450988e-01
   6.5541648e-01   1.9356856e-01
   1.1138364e-01   6.7300808e-01
   8.5785408e-01   7.6627464e-02
   5.6325650e-02   7.7197649e-01
   2.7638993e-01   4.7877371e-01
   7.0522613e-01   1.6327912e-01
   1.4335882e-01   6.2738835e-01
   6.3177326e-01   2.0835127e-01
   3.4751474e-01   4.1457880e-01
   4.7713804e-01   3.1282560e-01
   4.8665414e-01   3.0594252e-01
   7.5988592e-02   7.3240686e-01
   1.7237749e-01   5.9035400e-01
   2.9182168e-01   4.6419258e-01
   1.0260814e-01   6.8668538e-01
   5.2390499e-01   2.7963041e-01
   5.5674160e-01   2.5720815e-01
   4.7056655e-02   7.9323097e-01
   9.1512465e-01   4.6140638e-02
   3.2809609e-01   4.3138656e-01
   7.1825641e-01   1.5553448e-01
   3.8074449e-01   3.8688367e-01
   5.4014527e-01   2.6845502e-01
   6.4349738e-01   2.0098671e-01
   4.9628615e-01   2.9904436e-01
   2.6113899e-01   4.9359579e-01
   7.9912558e-01   1.0897222e-01
   4.3115672e-01   3.4710490e-01
   3.2170250e-01   4.3703019e-01
   7.7299099e-01   1.2374937e-01
   5.1591292e-01   2.8519406e-01
   8.4189515e-01   8.5303756e-02
   4.0472422e-01   3.6765018e-01
   4.4015179e-01   3.4025902e-01
   2.2367680e-01   5.3199030e-01
   6.5463492e-02   7.5280055e-01
   3.0745146e-01   4.4981763e-01
   3.1534664e-01   4.4269709e-01
   3.3452876e-01   4.2576435e-01
   3.6029641e-02   8.2177648e-01
   3.4100221e-01   4.2016146e-01
   4.1344619e-01   3.6079789e-01
   4.2225581e-01   3.5395044e-01
   3.5407050e-01   4.0901227e-01
   3.6731417e-01   3.9792384e-01
   3.7400506e-01   3.9239866e-01
   3.6066970e-01   4.0346127e-01
   8.1107254e-01   1.0229806e-01
   5.9993670e-01   2.2870390e-01
   8.4923157e-02   7.1624027e-01
   4.5843640e-01   3.2655741e-01
   1.2873159e-02   9.0663117e-01
   1.0040333e+00   6.5169300e-04
   5.9109094e-01   2.3445483e-01
   6.3177326e-01   2.0835127e-01
   7.4507872e-01   1.3981174e-01
   6.7987865e-01   1.7855355e-01
   1.3610740e-01   6.3723168e-01
   3.8753126e-01   3.8137957e-01
   9.6626008e-01   1.9720108e-02
   6.0889205e-01   2.2292504e-01
   4.4924356e-01   3.3341091e-01
   5.8235150e-01   2.4017934e-01
   5.1591292e-01   2.8519406e-01
   4.0690674e-03   9.9467116e-01
   4.1344619e-01   3.6079789e-01
   8.9434768e-01   5.7086975e-02
   2.0891183e-01   5.4801660e-01
   6.9243658e-01   1.7095098e-01
   4.7056655e-02   7.9323097e-01
   1.6511400e-01   5.9930309e-01
   1.8693872e-01   5.7297726e-01
   2.3110236e-01   5.2413406e-01
   2.1628135e-01   5.3994783e-01
   2.9961314e-01   4.5697914e-01
   8.7419740e-01   6.7825827e-02
   2.6874255e-01   4.8615267e-01
   1.2012786e-01   6.5992518e-01
   1.5060814e-01   6.1780075e-01
   5.7371575e-01   2.4587858e-01
   7.0522613e-01   1.6327912e-01
   1.0260814e-01   6.8668538e-01
   2.3855851e-01   5.1637366e-01
   2.4604861e-01   5.0870118e-01
   7.3153606e-01   1.4771397e-01
   8.5785408e-01   7.6627464e-02
   2.2367680e-01   5.3199030e-01
   3.6029396e-02   8.2177717e-01
   8.2630949e-01   9.3857237e-02
   5.6518057e-01   2.5155406e-01
   1.9424295e-01   5.6452138e-01
   2.5357410e-01   5.0111110e-01
   2.0156664e-01   5.5620447e-01
   5.3198180e-01   2.7405105e-01
   1.7965114e-01   5.8158387e-01
   1.2884867e-01   6.4735951e-01
   7.8738588e-01   1.1557962e-01
   9.3656332e-01   3.4975755e-02
   4.6773363e-01   3.1969624e-01
   5.4014527e-01   2.6845502e-01
   6.5541648e-01   1.9356856e-01
   1.1138364e-01   6.7300808e-01
   4.2225581e-01   3.5395044e-01
   5.6325650e-02   7.7197649e-01
   2.7638993e-01   4.7877371e-01
   7.5889135e-01   1.3182602e-01
   1.4335882e-01   6.2738835e-01
   9.1512465e-01   4.6140638e-02
   3.4751474e-01   4.1457880e-01
   4.7713804e-01   3.1282560e-01
   4.8665414e-01   3.0594252e-01
   7.5988592e-02   7.3240686e-01
   1.7237749e-01   5.9035400e-01
   5.0603753e-01   2.9212913e-01
   3.0745146e-01   4.4981763e-01
   6.5463492e-02   7.5280055e-01
   6.4349738e-01   2.0098671e-01
   4.3115686e-01   3.4710479e-01
   6.2023946e-01   2.1566369e-01
   3.2809609e-01   4.3138656e-01
   2.4686132e-02   8.5694076e-01
   8.4189551e-01   8.5303556e-02
   3.6731417e-01   3.9792384e-01
   7.7299099e-01   1.2374937e-01
   4.9628615e-01   2.9904436e-01
   2.6113899e-01   4.9359579e-01
   7.1825639e-01   1.5553449e-01
   3.7400506e-01   3.9239866e-01
   3.2170250e-01   4.3703019e-01
   3.1534627e-01   4.4269742e-01
   6.6754086e-01   1.8609196e-01
   1.5785879e-01   6.0844577e-01
   4.0472422e-01   3.6765018e-01
   4.4015179e-01   3.4025902e-01
   9.3786688e-02   7.0106300e-01
   3.6066970e-01   4.0346127e-01
   5.5674163e-01   2.5720813e-01
   7.9912580e-01   1.0897210e-01
   3.3452876e-01   4.2576435e-01
   5.4839821e-01   2.6284080e-01
   3.4100221e-01   4.2016146e-01
   2.8408238e-01   4.7145506e-01
   2.9182167e-01   4.6419259e-01
   3.9608660e-01   3.7451010e-01
   3.8074325e-01   3.8688468e-01
   5.2390503e-01   2.7963039e-01
   3.5407044e-01   4.0901233e-01
   8.1107254e-01   1.0229806e-01
   5.9993670e-01   2.2870390e-01
   8.4923157e-02   7.1624027e-01
   4.5843640e-01   3.2655741e-01
   1.2873159e-02   9.0663117e-01
   1.0040333e+00   6.5169300e-04
   5.9109094e-01   2.3445483e-01
   6.3177326e-01   2.0835127e-01
   7.4507872e-01   1.3981174e-01
   6.7987865e-01   1.7855355e-01
   1.3610740e-01   6.3723168e-01
   3.8753126e-01   3.8137957e-01
   9.6626008e-01   1.9720108e-02
   6.0889205e-01   2.2292504e-01
   4.4924356e-01   3.3341091e-01
   5.8235150e-01   2.4017934e-01
   5.1591292e-01   2.8519406e-01
   9.1512465e-01   4.6140638e-02
   4.1344619e-01   3.6079789e-01
   8.9434768e-01   5.7086975e-02
   2.0891183e-01   5.4801660e-01
   6.9243658e-01   1.7095098e-01
   4.7056655e-02   7.9323097e-01
   1.6511400e-01   5.9930309e-01
   1.8693872e-01   5.7297726e-01
   2.3110236e-01   5.2413406e-01
   2.1628135e-01   5.3994783e-01
   2.9961314e-01   4.5697914e-01
   8.7419740e-01   6.7825827e-02
   2.6874255e-01   4.8615267e-01
   1.2012786e-01   6.5992518e-01
   1.5060814e-01   6.1780075e-01
   5.7371575e-01   2.4587858e-01
   7.0522613e-01   1.6327912e-01
   3.7400506e-01   3.9239866e-01
   2.3855851e-01   5.1637366e-01
   7.3153606e-01   1.4771397e-01
   6.2023946e-01   2.1566369e-01
   8.5785408e-01   7.6627464e-02
   2.2367680e-01   5.3199030e-01
   3.6029396e-02   8.2177717e-01
   8.2630949e-01   9.3857237e-02
   4.0472422e-01   3.6765018e-01
   1.9424295e-01   5.6452138e-01
   6.6754086e-01   1.8609196e-01
   6.5461354e-02   7.5280486e-01
   5.3198180e-01   2.7405105e-01
   1.7965114e-01   5.8158387e-01
   1.2884867e-01   6.4735951e-01
   7.8738588e-01   1.1557962e-01
   1.1138364e-01   6.7300808e-01
   7.5889135e-01   1.3182602e-01
   2.7638993e-01   4.7877371e-01
   6.5541648e-01   1.9356856e-01
   7.1825639e-01   1.5553449e-01
   4.2225581e-01   3.5395044e-01
   5.6325650e-02   7.7197649e-01
   7.7299099e-01   1.2374937e-01
   4.0695355e-03   9.9463215e-01
   1.4335882e-01   6.2738835e-01
   7.5988592e-02   7.3240686e-01
   3.4751474e-01   4.1457880e-01
   4.7713804e-01   3.1282560e-01
   8.4189551e-01   8.5303556e-02
   1.7237749e-01   5.9035400e-01
   5.4014500e-01   2.6845521e-01
   5.0603753e-01   2.9212913e-01
   3.0745146e-01   4.4981763e-01
   5.5674163e-01   2.5720813e-01
   6.4349738e-01   2.0098671e-01
   4.3115686e-01   3.4710479e-01
   5.4839821e-01   2.6284080e-01
   3.2809609e-01   4.3138656e-01
   2.4686132e-02   8.5694076e-01
   1.0260814e-01   6.8668538e-01
   3.6731417e-01   3.9792384e-01
   2.5357426e-01   5.0111094e-01
   4.9628615e-01   2.9904436e-01
   9.3786688e-02   7.0106300e-01
   1.5785879e-01   6.0844577e-01
   3.6066970e-01   4.0346127e-01
   3.2170250e-01   4.3703019e-01
   3.1534627e-01   4.4269742e-01
   9.3656335e-01   3.4975739e-02
   2.8408238e-01   4.7145506e-01
   4.4015179e-01   3.4025902e-01
   2.0156740e-01   5.5620361e-01
   3.4100221e-01   4.2016146e-01
   2.4604859e-01   5.0870120e-01
   5.6518057e-01   2.5155406e-01
   7.9912580e-01   1.0897210e-01
   3.3452876e-01   4.2576435e-01
   5.2390503e-01   2.7963039e-01
   4.6773362e-01   3.1969625e-01
   2.9182167e-01   4.6419259e-01
   3.8074325e-01   3.8688468e-01
   3.9608660e-01   3.7451010e-01
   3.5407044e-01   4.0901233e-01
   2.6113872e-01   4.9359605e-01
   4.8665483e-01   3.0594202e-01
   8.1107254e-01   1.0229806e-01
   8.4923157e-02   7.1624027e-01
   6.5461354e-02   7.5280486e-01
   4.5843640e-01   3.2655741e-01
   1.2873159e-02   9.0663117e-01
   1.0040333e+00   6.5169300e-04
   5.9109094e-01   2.3445483e-01
   6.3177326e-01   2.0835127e-01
   7.4507849e-01   1.3981188e-01
   6.7987865e-01   1.7855355e-01
   1.3610740e-01   6.3723168e-01
   3.8753126e-01   3.8137957e-01
   9.6626008e-01   1.9720108e-02
   6.0889205e-01   2.2292504e-01
   7.7299099e-01   1.2374937e-01
   5.8235150e-01   2.4017934e-01
   5.1591292e-01   2.8519406e-01
   7.3153606e-01   1.4771397e-01
   4.1344619e-01   3.6079789e-01
   1.8693872e-01   5.7297726e-01
   2.0891183e-01   5.4801660e-01
   6.9243658e-01   1.7095098e-01
   4.7056655e-02   7.9323097e-01
   1.6511400e-01   5.9930309e-01
   2.2367680e-01   5.3199030e-01
   2.3110236e-01   5.2413406e-01
   2.1628135e-01   5.3994783e-01
   2.9961314e-01   4.5697914e-01
   8.7419740e-01   6.7825827e-02
   2.6874255e-01   4.8615267e-01
   1.2012786e-01   6.5992518e-01
   1.5060814e-01   6.1780075e-01
   5.7371575e-01   2.4587858e-01
   7.0522613e-01   1.6327912e-01
   3.7400506e-01   3.9239866e-01
   2.3855851e-01   5.1637366e-01
   6.5541648e-01   1.9356856e-01
   6.2023946e-01   2.1566369e-01
   8.5785408e-01   7.6627464e-02
   3.0745146e-01   4.4981763e-01
   3.6029396e-02   8.2177717e-01
   8.2630949e-01   9.3857237e-02
   4.0472422e-01   3.6765018e-01
   1.9424295e-01   5.6452138e-01
   6.6754086e-01   1.8609196e-01
   3.3452876e-01   4.2576435e-01
   5.3198180e-01   2.7405105e-01
   1.7965114e-01   5.8158387e-01
   3.5407044e-01   4.0901233e-01
   7.8738588e-01   1.1557962e-01
   1.1138364e-01   6.7300808e-01
   7.5889135e-01   1.3182602e-01
   5.5674163e-01   2.5720813e-01
   2.0156740e-01   5.5620361e-01
   7.1825639e-01   1.5553449e-01
   4.2225581e-01   3.5395044e-01
   5.6325650e-02   7.7197649e-01
   8.9434926e-01   5.7086138e-02
   4.0695355e-03   9.9463215e-01
   1.4335882e-01   6.2738835e-01
   7.5988592e-02   7.3240686e-01
   9.3656335e-01   3.4975739e-02
   4.7713804e-01   3.1282560e-01
   9.3786688e-02   7.0106300e-01
   5.2390503e-01   2.7963039e-01
   5.4014500e-01   2.6845521e-01
   5.0603753e-01   2.9212913e-01
   2.4686132e-02   8.5694076e-01
   6.4349738e-01   2.0098671e-01
   1.2884933e-01   6.4735857e-01
   4.3115686e-01   3.4710479e-01
   5.4839821e-01   2.6284080e-01
   3.2809609e-01   4.3138656e-01
   7.9912580e-01   1.0897210e-01
   1.0260814e-01   6.8668538e-01
   3.6731417e-01   3.9792384e-01
   2.5357426e-01   5.0111094e-01
   4.9628615e-01   2.9904436e-01
   2.6113872e-01   4.9359605e-01
   1.5785879e-01   6.0844577e-01
   3.6066970e-01   4.0346127e-01
   3.2170250e-01   4.3703019e-01
   3.1534627e-01   4.4269742e-01
   2.9182167e-01   4.6419259e-01
   2.8408238e-01   4.7145506e-01
   4.4015179e-01   3.4025902e-01
   4.8665483e-01   3.0594202e-01
   3.4100221e-01   4.2016146e-01
   2.4604859e-01   5.0870120e-01
   9.1512453e-01   4.6140701e-02
   3.9608660e-01   3.7451010e-01
   5.9993589e-01   2.2870442e-01
   3.8074325e-01   3.8688468e-01
   4.4924357e-01   3.3341090e-01
   3.4751465e-01   4.1457887e-01
   5.6518053e-01   2.5155408e-01
   2.7638991e-01   4.7877373e-01
   1.7237735e-01   5.9035418e-01
   4.6773354e-01   3.1969630e-01
   8.4189552e-01   8.5303554e-02
   1.8026898e-01   5.7716779e-01
   7.4001018e-01   1.4095417e-01
   6.4379158e-01   1.9886542e-01
   2.0946193e-01   5.4399912e-01
   7.5372993e-01   1.3301146e-01
   2.1681533e-01   5.3601746e-01
   1.0009304e+00   6.5169300e-04
   1.0054668e-01   6.8503115e-01
   2.6918139e-01   4.8272213e-01
   1.8753780e-01   5.6867085e-01
   5.8044526e-01   2.3939293e-01
   6.3439042e-01   2.0474965e-01
   6.2511260e-01   2.1059964e-01
   5.7183100e-01   2.4507202e-01
   1.1802333e-01   6.5846318e-01
   1.9482702e-01   5.6031470e-01
   9.1758546e-02   6.9927454e-01
   2.2419862e-01   5.2813898e-01
   5.8915868e-01   2.3369125e-01
   6.7277010e-01   1.8099338e-01
   4.1548612e-01   3.5679164e-01
   7.6773692e-01   1.2497678e-01
   8.2911910e-02   7.1432748e-01
   7.2655858e-01   1.4881355e-01
   3.8859932e-02   8.0589653e-01
   8.1761341e-01   9.6946510e-02
   4.9848123e-01   2.9527883e-01
   4.8227192e-02   7.8317334e-01
   6.1595424e-01   2.1641711e-01
   7.4000341e-02   7.3033709e-01
   7.9959271e-01   1.0697258e-01
   6.5331515e-01   1.9294828e-01
   5.5490240e-01   2.5635871e-01
   2.5403803e-01   4.9755362e-01
   9.3366882e-01   3.4867835e-02
   5.4657612e-01   2.6197331e-01
   2.6159111e-01   4.9010223e-01
   2.3904934e-01   5.1267733e-01
   1.6577090e-01   5.9464610e-01
   6.6297209e-01   1.8699222e-01
   5.0628891e-01   2.8976594e-01
   7.8202755e-01   1.1685466e-01
   3.5604651e-01   4.0473546e-01
   1.4407897e-01   6.2230184e-01
   3.0783504e-01   4.4666190e-01
   3.2366014e-01   4.3255858e-01
   5.1418071e-01   2.8423676e-01
   3.7264125e-01   3.9097072e-01
   5.7431061e-02   7.6295293e-01
   4.7929049e-01   3.0901586e-01
   6.6509865e-02   7.4456673e-01
   3.4948448e-01   4.1026696e-01
   3.6430587e-01   3.9784533e-01
   3.1572009e-01   4.3959044e-01
   1.7121141e-03   9.7269177e-01
   2.7674816e-02   8.3711436e-01
   3.8105086e-01   3.8411256e-01
   7.0298968e-01   1.6276189e-01
   1.5130044e-01   6.1287588e-01
   7.1336618e-01   1.5659256e-01
   1.3540516e-01   6.3394363e-01
   5.6331906e-01   2.5072590e-01
   2.4652568e-01   5.0507594e-01
   1.0929888e-01   6.7145794e-01
   4.6986641e-01   3.1586264e-01
   6.9276862e-01   1.6888354e-01
   1.7301256e-01   5.8582378e-01
   6.8269436e-01   1.7496167e-01
   2.0213079e-01   5.5209798e-01
   8.8818686e-01   5.8708751e-02
   3.4296888e-01   4.1581110e-01
   5.2214895e-01   2.7869699e-01
   4.6055089e-01   3.2269850e-01
   1.5853551e-01   6.0365654e-01
   5.3020675e-01   2.7313785e-01
   6.0691303e-01   2.2220280e-01
   1.4387060e-02   8.8464866e-01
   5.3834867e-01   2.6756349e-01
   4.3322241e-01   3.4316249e-01
   8.4877880e-01   7.9864834e-02
   1.2672264e-01   6.4597961e-01
   9.0879777e-01   4.7830925e-02
   5.9798627e-01   2.2795776e-01
   4.8882850e-01   3.0215463e-01
   9.6327733e-01   1.9658843e-02
   8.3301820e-01   8.8463203e-02
   2.3160693e-01   5.2036368e-01
   4.0675192e-01   3.6361044e-01
   3.8953250e-01   3.7727208e-01
   3.9810253e-01   3.7043572e-01
   2.9222642e-01   4.6093319e-01
   4.2430852e-01   3.4997654e-01
   3.0000542e-01   4.5377414e-01
   3.3006414e-01   4.2694987e-01
   8.6819632e-01   6.9380538e-02
   2.7681697e-01   4.7540259e-01
   3.3649227e-01   4.2137463e-01
   4.5134109e-01   3.2952522e-01
   2.8449802e-01   4.6814098e-01
   4.4223276e-01   3.3634574e-01
