   5.0744014e+00   6.8424984e+00
   5.8860028e+00   6.6054073e+00
   6.2689561e+00   7.2434438e+00
   5.6447651e+00   5.2781587e+00
   5.9740994e+00   6.7093579e+00
   6.4681398e+00   6.0402380e+00
   6.7858502e+00   5.1910904e+00
   7.7607759e+00   5.2998287e+00
   6.4242301e+00   5.3394789e+00
   6.8904335e+00   4.3900042e+00
   5.9997693e+00   5.7464269e+00
   7.3871077e+00   6.0091863e+00
   5.9104408e+00   5.2040567e+00
   6.1911260e+00   5.1053847e+00
   8.0431502e+00   4.8944482e+00
   7.0486769e+00   6.8952996e+00
   5.7768554e+00   5.8411873e+00
   5.7769953e+00   8.0667323e+00
   6.9985523e+00   5.1971044e+00
   7.2214537e+00   5.6066114e+00
   5.2549919e+00   5.6904477e+00
   7.1076154e+00   6.4651600e+00
   5.6189995e+00   4.4297476e+00
   6.4776292e+00   4.5228036e+00
   6.5574520e+00   6.2245716e+00
   7.2107259e+00   4.5423377e+00
   6.3737149e+00   5.6511629e+00
   5.7760555e+00   5.4065684e+00
   9.1180293e+00   6.0020368e+00
   6.8196577e+00   6.4073570e+00
   5.6414080e+00   7.5184588e+00
   7.8480625e+00   6.4082318e+00
   5.9740930e+00   6.0662255e+00
   6.1233475e+00   7.5580645e+00
   5.4807534e+00   5.1856228e+00
   6.9807071e+00   6.8112388e+00
   5.0313585e+00   6.4101994e+00
   7.1806385e+00   5.0404819e+00
   6.2536008e+00   5.1976684e+00
   8.0877830e+00   4.4980425e+00
   6.9137776e+00   5.8375442e+00
   7.3882830e+00   5.8971577e+00
   5.4552714e+00   5.3862696e+00
   7.0578378e+00   6.5122756e+00
   8.5295796e+00   4.8383618e+00
   5.9277053e+00   6.0872978e+00
   5.3226695e+00   4.9725503e+00
   6.2512728e+00   4.7814849e+00
   7.3286024e+00   5.4591229e+00
   6.1490516e+00   5.8414993e+00
   6.6625993e+00   6.0774562e+00
   7.2863200e+00   6.0334026e+00
   6.2544317e+00   5.8021105e+00
   5.0785397e+00   5.4494569e+00
   7.0658028e+00   5.3967759e+00
   7.4311184e+00   6.2966789e+00
   5.3793603e+00   5.6888937e+00
   7.1096655e+00   6.3043281e+00
   5.4156147e+00   4.5890503e+00
   6.7386666e+00   4.4228987e+00
   7.3414507e+00   6.3884049e+00
   6.1978837e+00   4.8127647e+00
   7.0065001e+00   5.8650906e+00
   6.2504263e+00   6.2258363e+00
   5.8119470e+00   4.2219041e+00
   7.2544057e+00   5.1264212e+00
   5.7856974e+00   5.5731920e+00
   6.4199953e+00   6.8891316e+00
   6.7779651e+00   6.5931950e+00
   7.1818062e+00   4.7724481e+00
   7.0198503e+00   5.9519228e+00
   4.8596925e+00   6.8043631e+00
   7.7171944e+00   5.0966948e+00
   7.0549638e+00   5.6792327e+00
   4.6140875e+00   5.3658277e+00
   6.0897546e+00   5.1259642e+00
   5.8786172e+00   5.3498803e+00
   6.5317787e+00   5.5132290e+00
   6.5943381e+00   5.2776763e+00
   6.4604552e+00   5.3225494e+00
   7.2185679e+00   5.6152784e+00
   7.3400818e+00   6.3908174e+00
   6.6958943e+00   6.4336394e+00
   6.3297039e+00   6.3585359e+00
   6.7207210e+00   5.0238269e+00
   5.5515478e+00   7.0710293e+00
   5.5976053e+00   5.9972009e+00
   6.5292281e+00   5.7817461e+00
   5.1702041e+00   5.8300938e+00
   7.0199289e+00   6.2235170e+00
   6.8096441e+00   5.7233207e+00
   7.2171246e+00   5.0046505e+00
   6.3002487e+00   5.3504536e+00
   9.2178554e+00   5.4769444e+00
   7.0489673e+00   5.8529219e+00
   6.7253869e+00   5.9042875e+00
   6.6385740e+00   6.4976179e+00
   7.4631968e+00   5.1337357e+00
   6.5702760e+00   5.6252259e+00
   5.5346520e+00   4.8031940e+00
   8.8369448e-01   2.8820137e-01
   1.3279818e-01   1.1538693e+00
   1.5014610e-01   1.0230301e+00
   5.6032213e-01   5.0089080e-01
   6.4369336e-01   4.3997469e-01
   5.1294455e-01   5.3818381e-01
   5.2225064e-01   5.3068267e-01
   6.9798567e-01   4.0295451e-01
   6.8687108e-01   4.1038330e-01
   3.3086125e-01   7.0970091e-01
   2.0507581e-01   8.8589812e-01
   2.9325958e-01   7.5416725e-01
   7.2060600e-01   3.8805778e-01
   4.7203942e-01   5.7229969e-01
   2.4490127e-01   8.1992540e-01
   7.8906353e-01   3.4464201e-01
   7.5567496e-01   3.6551863e-01
   8.7332310e-01   2.9420652e-01
   7.3212838e-01   3.8057986e-01
   8.3667567e-01   3.1577002e-01
   7.0919091e-01   3.9553871e-01
   8.0151278e-01   3.3699436e-01
   3.3691815e-01   7.0294731e-01
   6.7588362e-01   4.1780072e-01
   5.9483291e-01   4.7501262e-01
   3.1695109e-01   7.2561324e-01
   9.5513027e-01   2.4791884e-01
   1.0886088e+00   1.7708847e-01
   4.3687993e-01   6.0330777e-01
   4.4555591e-01   5.9549639e-01
   5.3168836e-01   5.2316640e-01
   8.1096305e-01   3.3123642e-01
   1.6796975e-01   9.6720165e-01
   2.2014986e-01   8.5919007e-01
   7.7674645e-01   3.5228019e-01
   8.5993166e-01   3.0202288e-01
   4.1968636e-01   6.1912439e-01
   9.6645647e-01   2.4169522e-01
   9.7803189e-01   2.3537820e-01
   5.4112642e-01   5.1573828e-01
   2.7766758e-01   7.7412640e-01
   8.4981557e-01   3.0797530e-01
   2.3536815e-01   8.3447788e-01
   4.6314580e-01   5.7998513e-01
   3.6947033e-01   6.6825413e-01
   1.9013512e-01   9.1529161e-01
   4.9230780e-01   5.5515269e-01
   9.4046709e-01   2.5604010e-01
   5.7005436e-01   4.9349047e-01
   3.7767141e-01   6.5989710e-01
   8.2371721e-01   3.2352869e-01
   4.0272343e-01   6.3520049e-01
   1.1327969e+00   1.5474479e-01
   1.0092875e+00   2.1853406e-01
   9.2591276e-01   2.6417431e-01
   1.1105507e+00   1.6593046e-01
   6.2288454e-01   4.5468231e-01
   1.8270465e-01   9.3134526e-01
   1.4504057e-01   1.0440957e+00
   2.6022975e-01   7.9776787e-01
   2.2773475e-01   8.4662551e-01
   4.5430465e-01   5.8772846e-01
   4.1116876e-01   6.2713546e-01
   2.8547220e-01   7.6400833e-01
   9.9352461e-01   2.2699070e-01
   1.5540535e-01   1.0043852e+00
   3.6123445e-01   6.7679367e-01
   1.0254149e+00   2.0996017e-01
   4.2824945e-01   6.1118954e-01
   2.5257898e-01   8.0864981e-01
   2.6797248e-01   7.8708292e-01
   5.8737841e-01   4.8051832e-01
   3.5308990e-01   6.8539127e-01
   6.1511748e-01   4.6025187e-01
   8.9741895e-01   2.8031814e-01
   5.7742954e-01   4.8793713e-01
   6.6504398e-01   4.2519224e-01
   1.3583031e-01   1.0996728e+00
   3.4498186e-01   6.9410971e-01
   1.0459158e+00   1.9917226e-01
   1.6075210e-01   9.8754797e-01
   6.3321445e-01   4.4734294e-01
   1.9756488e-01   9.0025000e-01
   6.5428670e-01   4.3260239e-01
   1.7530940e-01   9.4856018e-01
   7.4384058e-01   3.7305204e-01
   3.2488255e-01   7.1646936e-01
   5.0146576e-01   5.4756389e-01
   3.8598156e-01   6.5157047e-01
   3.9434449e-01   6.4332781e-01
   9.1156380e-01   2.7226713e-01
   6.0497244e-01   4.6759462e-01
   1.0668821e+00   1.8826399e-01
   5.5061006e-01   5.0836026e-01
   3.0113440e-01   7.4445563e-01
   4.8103604e-01   5.6462707e-01
   2.1263980e-01   8.7218059e-01
   3.0902944e-01   7.3494456e-01
   1.4018577e-01   1.0687890e+00
   7.6480402e-01   3.5975611e-01
   2.7976852e-01   6.9844252e-01
   8.3436216e-01   2.4922533e-01
   4.6536729e-01   5.0820211e-01
   4.7375642e-01   5.0105021e-01
   1.1255706e+00   9.1122907e-02
   1.2557150e-01   1.0901925e+00
   8.2184485e-01   2.5669243e-01
   3.8477983e-01   5.8199699e-01
   1.6326719e-01   8.9696690e-01
   8.0951998e-01   2.6411060e-01
   4.4878366e-01   5.2260464e-01
   3.6929235e-01   5.9744111e-01
   3.2387129e-01   6.4581329e-01
   4.3244283e-01   5.3716244e-01
   4.2436045e-01   5.4450621e-01
   7.0606529e-01   3.2922091e-01
   9.4208184e-01   1.8751281e-01
   1.0791584e+00   1.1460473e-01
   1.5647928e-01   9.1531437e-01
   3.7700838e-01   5.8968722e-01
   3.4640017e-01   6.2119787e-01
   1.4977472e-01   9.3554628e-01
   9.9413565e-01   1.5915455e-01
   1.7702047e-01   8.6429735e-01
   4.1634247e-01   5.5189027e-01
   1.7012655e-01   8.8004018e-01
   5.5255407e-01   4.3768321e-01
   3.0167607e-01   6.7147372e-01
   4.4058150e-01   5.2986462e-01
   2.7252208e-01   7.0778044e-01
   8.4707277e-01   2.4171009e-01
   2.4916033e-01   7.3956964e-01
   8.8643720e-01   2.1884625e-01
   3.3134480e-01   6.3749953e-01
   5.4122275e-01   4.4641203e-01
   1.8395203e-01   8.4950049e-01
   4.0045614e-01   5.6682766e-01
   5.3002778e-01   4.5515345e-01
   1.1008054e+00   1.0358315e-01
   1.2834563e-01   1.0384446e+00
   8.7310390e-01   2.2652284e-01
   1.0096503e+00   1.5086780e-01
   1.0416147e+00   1.3402098e-01
   3.9259189e-01   5.7438191e-01
   3.0904159e-01   6.6278780e-01
   1.4319768e-01   9.5835601e-01
   1.3685519e-01   9.8489412e-01
   6.6383893e-01   3.5745520e-01
   1.9091227e-01   8.3550280e-01
   5.6401716e-01   4.2896996e-01
   2.6530351e-01   7.1731429e-01
   5.9449598e-01   4.0634167e-01
   4.0837143e-01   5.5933273e-01
   6.0408173e-01   3.9937794e-01
   3.1644053e-01   6.5423631e-01
   2.9434336e-01   6.8030333e-01
   6.4347039e-01   3.7147038e-01
   2.0665712e-01   8.0636601e-01
   1.9789811e-01   8.2218523e-01
   7.6195669e-01   2.9338482e-01
   2.1544946e-01   7.9132493e-01
   7.1695273e-01   3.2210919e-01
   2.4023713e-01   7.5249849e-01
   4.5704132e-01   5.1538799e-01
   7.2798212e-01   3.1497119e-01
   3.5398775e-01   6.1319287e-01
   7.7359649e-01   2.8612237e-01
   6.3345886e-01   3.7846014e-01
   7.5047912e-01   3.0061137e-01
   5.8501075e-01   4.1330278e-01
   2.5811530e-01   7.2705606e-01
   3.6162008e-01   6.0527370e-01
   6.9531483e-01   3.3630889e-01
   8.5998159e-01   2.3414510e-01
   6.5359564e-01   3.6446961e-01
   6.2356061e-01   3.8543885e-01
   6.1377091e-01   3.9240960e-01
   7.9736968e-01   2.7148943e-01
   2.2426633e-01   7.7696419e-01
   6.8469854e-01   3.4337435e-01
   5.7561663e-01   4.2026823e-01
   1.0580782e+00   1.2545861e-01
   4.9074370e-01   4.8682739e-01
   2.3312207e-01   7.6317255e-01
   7.3915545e-01   3.0780636e-01
   3.3885187e-01   6.2929909e-01
   9.5661379e-01   1.7950722e-01
   4.9934133e-01   4.7975501e-01
   5.0801127e-01   4.7270506e-01
   8.9999355e-01   2.1110988e-01
   9.7515719e-01   1.6939271e-01
   7.8539580e-01   2.7882668e-01
   9.1378117e-01   2.0331069e-01
   1.0254686e+00   1.4249341e-01
   4.8222273e-01   4.9391934e-01
   5.1895786e-01   4.6391702e-01
   2.8704200e-01   6.8928790e-01
   6.7420646e-01   3.5042335e-01
   9.2780802e-01   1.9544585e-01
   1.3236285e-01   1.0087080e+00
   7.2604821e-01   2.0717292e-01
   6.1843784e-01   2.7784977e-01
   4.8014760e-01   3.8033177e-01
   5.9150874e-01   2.9664056e-01
   1.0197983e+00   4.0282399e-02
   5.0966065e-01   3.5709614e-01
   7.9195255e-01   1.6682964e-01
   5.6544945e-01   3.1531250e-01
   8.2127257e-01   1.4949353e-01
   1.0520942e+00   2.3666231e-02
   9.5207262e-01   7.6093029e-02
   4.1659275e-01   4.3357432e-01
   6.8513957e-01   2.3327690e-01
   6.0936391e-01   2.8412663e-01
   4.6099623e-01   3.9588460e-01
   9.9648130e-01   5.2459312e-02
   5.7403965e-01   3.0910202e-01
   6.2762577e-01   2.7154887e-01
   9.7393339e-01   6.4384704e-02
   1.6979588e-01   7.2387500e-01
   5.8272594e-01   3.0287802e-01
   4.7052547e-01   3.8809679e-01
   9.9389729e-02   9.1463591e-01
   9.1440620e-02   1.0031875e+00
   4.2384527e-01   4.2725000e-01
   6.6548926e-01   2.4613554e-01
   5.2987901e-01   3.4164868e-01
   3.8101673e-01   4.6567265e-01
   6.5584732e-01   2.5252546e-01
   2.4349080e-01   6.1385917e-01
   6.0038542e-01   2.9039183e-01
   7.5007732e-01   1.9223118e-01
   3.3979023e-01   5.0544851e-01
   6.9517009e-01   2.2679522e-01
   8.0647567e-01   1.5819810e-01
   3.6710635e-01   4.7875662e-01
   3.9509698e-01   4.5274519e-01
   2.5941487e-01   5.9394869e-01
   7.0531323e-01   2.2029530e-01
   3.6021513e-01   4.8536074e-01
   6.3692029e-01   2.6522956e-01
   1.4184406e-01   7.7928784e-01
   4.4224420e-01   4.1150871e-01
   5.5693935e-01   3.2152082e-01
   3.5336622e-01   4.9200873e-01
   6.4632507e-01   2.5888985e-01
   3.1968537e-01   5.2604570e-01
   1.2640679e-01   8.1680235e-01
   3.3305639e-01   5.1225112e-01
   9.1367123e-01   9.7026236e-02
   7.6377808e-01   1.8383367e-01
   9.4140444e-02   9.5183237e-01
   1.9784912e-01   6.7759204e-01
   5.1971533e-01   3.4936848e-01
   2.1193500e-01   6.5667223e-01
   4.0220680e-01   4.4633138e-01
   4.5157737e-01   4.0368151e-01
   3.7403504e-01   4.7219932e-01
   1.6357876e-01   7.3520963e-01
   7.1561146e-01   2.1375070e-01
   8.5181738e-01   1.3179970e-01
   7.7773327e-01   1.7536773e-01
   1.9158045e-01   6.8734639e-01
   2.3556142e-01   6.2416283e-01
   4.3300402e-01   4.1936119e-01
   6.7524978e-01   2.3972147e-01
   1.0513844e-01   8.8675651e-01
   4.9970785e-01   3.6483755e-01
   1.8379279e-01   6.9990016e-01
   1.4960814e-01   7.6261555e-01
   2.5144492e-01   6.0378993e-01
   8.6757762e-01   1.2280918e-01
   4.8987289e-01   3.7258055e-01
   8.9686692e-01   1.0634010e-01
   5.4851763e-01   3.2772078e-01
   1.1872109e-01   8.3862663e-01
   2.9824374e-01   5.4903925e-01
   9.3087760e-01   8.7587627e-02
   8.8044939e-01   1.1553390e-01
   3.4656140e-01   4.9870058e-01
   5.4019549e-01   3.3390380e-01
   1.5736398e-01   7.4703959e-01
   3.1305909e-01   5.3303166e-01
   7.3663233e-01   2.0055727e-01
   1.7757948e-01   7.1030091e-01
   2.1979466e-01   6.4552993e-01
   3.2635398e-01   5.1911677e-01
   4.0936590e-01   4.3994680e-01
   1.0914403e+00   3.7957648e-03
   2.6745251e-01   5.8425762e-01
   2.0564319e-01   6.6585651e-01
   8.3638522e-01   1.4069382e-01
   2.2766478e-01   6.3470969e-01
   3.8803135e-01   4.5919399e-01
   1.1113105e-01   8.6347186e-01
   2.8359107e-01   5.6544566e-01
   2.7547523e-01   5.7480279e-01
   2.9171738e-01   5.5627244e-01
   1.3410653e-01   7.9723759e-01
   3.0645139e-01   5.4010283e-01
   8.1570063e-01   1.4619176e-01
   6.2073825e-01   2.6859359e-01
   5.9374415e-01   2.8718698e-01
   9.7502493e-01   5.7852358e-02
   4.8609758e-01   3.6670740e-01
   5.8495713e-01   2.9334441e-01
   8.0095841e-01   1.5483028e-01
   3.5896147e-01   4.7583226e-01
   4.6684246e-01   3.8200283e-01
   4.4803738e-01   3.9731298e-01
   5.7623739e-01   2.9950791e-01
   4.0609766e-01   4.3293531e-01
   7.0540867e-01   2.1310451e-01
   8.6811148e-01   1.1616100e-01
   5.5064080e-01   3.1792056e-01
   7.3145204e-01   1.9680379e-01
   2.4288536e-01   6.0047287e-01
   6.3929758e-01   2.5607819e-01
   2.2873239e-01   6.1841752e-01
   1.2322209e-01   7.9641668e-01
   4.2048534e-01   4.2046967e-01
   6.5828812e-01   2.4348522e-01
   6.0263787e-01   2.8100820e-01
   1.7427137e-01   6.9711128e-01
   6.2997626e-01   2.6233757e-01
   8.4917629e-01   1.2689196e-01
   3.9897149e-01   4.3921141e-01
   5.2384407e-01   3.3774166e-01
   2.6987991e-01   5.6829157e-01
   1.5107555e-01   7.3760120e-01
   1.1703613e-01   8.1191005e-01
   4.5738881e-01   3.8965181e-01
   3.8140969e-01   4.5498461e-01
   6.4874036e-01   2.4979022e-01
   1.9752566e-01   6.6129080e-01
   9.5305121e-01   6.9539266e-02
   4.1327058e-01   4.2668695e-01
   7.8652044e-01   1.6337656e-01
   1.6653235e-01   7.0999932e-01
   8.0216845e-02   1.0028784e+00
   2.2090476e-01   6.2871076e-01
   6.1164507e-01   2.7480395e-01
   1.0454443e+00   2.1335413e-02
   3.2861677e-01   5.0539756e-01
   7.1832573e-01   2.0497806e-01
   5.6760300e-01   3.0566469e-01
   3.4201088e-01   4.9213681e-01
   7.7234560e-01   1.7185250e-01
   2.3658967e-01   6.0835465e-01
   3.0875778e-01   5.2573533e-01
   2.8273488e-01   5.5377479e-01
   6.8025715e-01   2.2917253e-01
   4.7642902e-01   3.7434123e-01
   2.0530734e-01   6.5011323e-01
   3.3527875e-01   4.9875839e-01
   9.3520695e-01   7.9138558e-02
   6.9272440e-01   2.2116661e-01
   5.1575815e-01   3.4383960e-01
   2.8919117e-01   5.4665774e-01
   4.3875919e-01   4.0501101e-01
   8.3071866e-01   1.3748020e-01
   9.9775919e-01   4.5911018e-02
   3.5029496e-01   4.8410455e-01
   1.8977331e-01   6.7280134e-01
   1.3715837e-01   7.6516977e-01
   9.0087780e-01   9.7891906e-02
   7.4483394e-01   1.8855474e-01
   6.6798743e-01   2.3713324e-01
   4.9589458e-01   3.5906436e-01
   3.7443594e-01   4.6137532e-01
   5.5911242e-01   3.1177234e-01
   9.5567112e-02   8.7989617e-01
   9.1784625e-01   8.8574345e-02
   2.6351212e-01   5.7566481e-01
   1.0929453e-01   8.3327148e-01
   5.3199395e-01   3.3165148e-01
   8.9676740e-02   9.0652945e-01
   1.3095488e-01   7.7854285e-01
   3.6583636e-01   4.6936115e-01
   3.2195669e-01   5.1212445e-01
   3.1534742e-01   5.1889225e-01
   2.1309508e-01   6.3926994e-01
   1.0802160e+00   3.7957648e-03
   2.5711821e-01   5.8319832e-01
   1.0212290e+00   3.3737512e-02
   1.4488034e-01   7.4950394e-01
   3.0220735e-01   5.3263619e-01
   7.5845365e-01   1.8024392e-01
   1.8201666e-01   6.8473361e-01
   3.9016648e-01   4.4706380e-01
   2.7630191e-01   5.6097988e-01
   2.5078790e-01   5.9079226e-01
   4.2952548e-01   4.1277167e-01
   1.0164804e-01   8.5739891e-01
   5.0574876e-01   3.5146705e-01
   8.4079261e-02   9.4164065e-01
   2.9570374e-01   5.3958920e-01
   5.4225187e-01   3.2406356e-01
   1.5881016e-01   7.2344927e-01
   8.8432600e-01   1.0707396e-01
   7.5163832e-01   1.3682499e-01
   6.8569249e-01   1.7573026e-01
   5.4254121e-01   2.6722180e-01
   1.2991013e-01   6.4336529e-01
   4.2761864e-01   3.4987020e-01
   2.6237292e-01   4.9157226e-01
   6.2082924e-01   2.1586859e-01
   4.4567477e-01   3.3620699e-01
   7.9742966e-01   1.1080659e-01
   6.6096968e-01   1.9079535e-01
   6.3007243e-01   2.1002474e-01
   4.3659746e-01   3.4304054e-01
   3.8747431e-01   3.8132142e-01
   4.7351217e-01   3.1567356e-01
   2.2524484e-04   9.8878761e-01
   1.0000000e+00   3.7957648e-03
   8.2461188e-01   9.5714338e-02
   3.1514636e-01   4.4241678e-01
   7.3793929e-01   1.4476184e-01
   5.7631014e-01   2.4464483e-01
   9.5697129e-01   2.5546672e-02
   4.5484715e-01   3.2937220e-01
   6.7322384e-01   1.8329358e-01
   5.0234831e-01   2.9503042e-01
   2.1003962e-01   5.4549497e-01
   3.5394268e-01   4.0886494e-01
   3.7391855e-01   3.9230696e-01
   8.0937890e-01   1.0414089e-01
   6.3943648e-01   2.0414804e-01
   8.7913513e-01   6.6173701e-02
   3.2791696e-01   4.3115543e-01
   2.9313814e-01   4.6237343e-01
   4.0993910e-01   3.6353090e-01
   1.2119089e-01   6.5567095e-01
   6.0269326e-01   2.2746255e-01
   7.6280421e-01   1.3040913e-01
   3.0095068e-01   4.5520604e-01
   5.3229363e-01   2.7421121e-01
   2.5479053e-01   4.9902797e-01
   5.1220125e-01   2.8811340e-01
   2.7766419e-01   4.7685725e-01
   7.7415229e-01   1.2393652e-01
   2.3226748e-01   5.2185439e-01
   1.9534744e-01   5.6181449e-01
   4.9262066e-01   3.0192636e-01
   8.4019102e-01   8.7176422e-02
   5.5923402e-01   2.5597625e-01
   7.1127164e-02   7.3709900e-01
   6.2076503e-02   7.5464420e-01
   5.8499891e-01   2.3894355e-01
   3.3436390e-01   4.2555369e-01
   3.4084953e-01   4.1997256e-01
   5.2909060e-02   7.7377607e-01
   6.1170337e-01   2.2168109e-01
   4.0123152e-01   3.7036738e-01
   3.4737416e-01   4.1441121e-01
   3.6721348e-01   3.9781434e-01
   9.0293695e-01   5.3565819e-02
   5.2218196e-01   2.8117417e-01
   2.4724698e-01   5.0655641e-01
   3.4126873e-02   8.1906116e-01
   4.6412556e-01   3.2252815e-01
   7.8569206e-01   1.1740304e-01
   8.5938776e-01   7.6764070e-02
   3.2151334e-01   4.3677430e-01
   1.8803274e-01   5.7016834e-01
   2.6999743e-01   4.8418299e-01
   1.0368360e-01   6.8179639e-01
   3.0881467e-01   4.4808480e-01
   3.6055539e-01   4.0333312e-01
   4.8300956e-01   3.0880687e-01
   2.2768824e-02   8.5290235e-01
   1.3861613e-01   6.3148389e-01
   3.8067060e-01   3.8681067e-01
   2.1741962e-01   5.3751299e-01
   6.4892807e-01   1.9823505e-01
   5.9379332e-01   2.3321591e-01
   9.2761192e-01   4.0669648e-02
   4.3606912e-02   7.9497308e-01
   4.1873428e-01   3.5669896e-01
   7.8600703e-02   7.2343760e-01
   1.4732080e-01   6.1997185e-01
   5.5084129e-01   2.6160894e-01
   1.6473281e-01   5.9792286e-01
   7.2450167e-01   1.5261913e-01
   2.2483100e-01   5.2963229e-01
   7.1132325e-01   1.6039595e-01
   1.0924061e-02   8.9927753e-01
   2.0268183e-01   5.5359377e-01
   5.6772495e-01   2.5032052e-01
   3.9432649e-01   3.7584156e-01
   1.1245108e-01   6.6845850e-01
   8.6024633e-02   7.1049620e-01
   1.8073773e-01   5.7866316e-01
   2.3974032e-01   5.1416293e-01
   2.8537727e-01   4.6958862e-01
   1.7345556e-01   5.8731580e-01
   1.5602351e-01   6.0879765e-01
   6.9839000e-01   1.6809845e-01
   9.4875657e-02   6.9577684e-01
   7.5163832e-01   1.3682499e-01
   6.8569249e-01   1.7573026e-01
   5.4254121e-01   2.6722180e-01
   1.2991013e-01   6.4336529e-01
   4.2761864e-01   3.4987020e-01
   2.6237292e-01   4.9157226e-01
   6.2082924e-01   2.1586859e-01
   5.5084129e-01   2.6160894e-01
   3.6721348e-01   3.9781434e-01
   2.8537727e-01   4.6958862e-01
   6.3007243e-01   2.1002474e-01
   4.3659746e-01   3.4304054e-01
   7.9743232e-01   1.1080510e-01
   4.7351217e-01   3.1567356e-01
   2.2524484e-04   9.8878761e-01
   1.0000000e+00   3.7957648e-03
   8.2461188e-01   9.5714338e-02
   3.1514636e-01   4.4241678e-01
   7.3793929e-01   1.4476184e-01
   3.6055539e-01   4.0333312e-01
   1.0924061e-02   8.9927753e-01
   4.5484715e-01   3.2937220e-01
   7.8569227e-01   1.1740292e-01
   5.0234831e-01   2.9503042e-01
   9.0293695e-01   5.3565819e-02
   3.5394268e-01   4.0886494e-01
   3.7391855e-01   3.9230696e-01
   8.0937890e-01   1.0414089e-01
   3.8067060e-01   3.8681067e-01
   8.7913513e-01   6.6173701e-02
   6.0269326e-01   2.2746255e-01
   3.2151334e-01   4.3677430e-01
   4.0993910e-01   3.6353090e-01
   6.4892807e-01   1.9823505e-01
   3.3436390e-01   4.2555369e-01
   7.6280421e-01   1.3040913e-01
   3.0095068e-01   4.5520604e-01
   5.3229363e-01   2.7421121e-01
   3.4084795e-01   4.1997392e-01
   5.8499891e-01   2.3894355e-01
   2.7766419e-01   4.7685725e-01
   7.7415229e-01   1.2393652e-01
   2.3226748e-01   5.2185439e-01
   1.9534744e-01   5.6181449e-01
   6.7322249e-01   1.8329440e-01
   4.4567065e-01   3.3621007e-01
   3.2791754e-01   4.3115491e-01
   1.1245108e-01   6.6845850e-01
   2.9313848e-01   4.6237312e-01
   5.9379332e-01   2.3321591e-01
   1.2119076e-01   6.5567114e-01
   3.9432649e-01   3.7584156e-01
   5.2909060e-02   7.7377607e-01
   6.1170337e-01   2.2168109e-01
   4.0123152e-01   3.7036738e-01
   3.4737416e-01   4.1441121e-01
   2.6999743e-01   4.8418299e-01
   4.8300956e-01   3.0880687e-01
   5.2218196e-01   2.8117417e-01
   6.6096964e-01   1.9079537e-01
   2.2768824e-02   8.5290235e-01
   4.1873353e-01   3.5669954e-01
   5.6772283e-01   2.5032192e-01
   4.3606912e-02   7.9497308e-01
   1.8073773e-01   5.7866316e-01
   4.6412564e-01   3.2252810e-01
   6.9839000e-01   1.6809845e-01
   1.0368360e-01   6.8179639e-01
   3.0881467e-01   4.4808480e-01
   5.7631059e-01   2.4464453e-01
   7.1132325e-01   1.6039595e-01
   7.8600703e-02   7.2343760e-01
   5.1220125e-01   2.8811340e-01
   7.2450167e-01   1.5261913e-01
   2.2483100e-01   5.2963229e-01
   9.4876568e-02   6.9577536e-01
   2.4724807e-01   5.0655531e-01
   8.4019670e-01   8.7173321e-02
   2.0268183e-01   5.5359377e-01
   5.5923409e-01   2.5597621e-01
   8.6024633e-02   7.1049620e-01
   1.4732080e-01   6.1997185e-01
   1.7345556e-01   5.8731580e-01
   9.2761325e-01   4.0668956e-02
   3.8747364e-01   3.8132196e-01
   6.3943871e-01   2.0414665e-01
   1.5602351e-01   6.0879765e-01
   3.4127615e-02   8.1905915e-01
   2.1003817e-01   5.4549655e-01
   4.9261848e-01   3.0192792e-01
   1.6473313e-01   5.9792247e-01
   2.5479093e-01   4.9902757e-01
   1.3861838e-01   6.3148087e-01
   1.8803385e-01   5.7016706e-01
   2.3974080e-01   5.1416244e-01
   9.5697149e-01   2.5546568e-02
   2.1742086e-01   5.3751167e-01
   7.1124046e-02   7.3710485e-01
   6.2075730e-02   7.5464575e-01
   8.5938328e-01   7.6766489e-02
   9.2761325e-01   4.0668956e-02
   6.8569249e-01   1.7573026e-01
   5.4254121e-01   2.6722180e-01
   1.2991013e-01   6.4336529e-01
   4.2761864e-01   3.4987020e-01
   2.6237292e-01   4.9157226e-01
   9.0293695e-01   5.3565819e-02
   5.5084129e-01   2.6160894e-01
   3.0095068e-01   4.5520604e-01
   2.8537727e-01   4.6958862e-01
   6.3007243e-01   2.1002474e-01
   4.3659746e-01   3.4304054e-01
   7.9743232e-01   1.1080510e-01
   2.9313848e-01   4.6237312e-01
   2.2524484e-04   9.8878761e-01
   1.0000000e+00   3.7957648e-03
   8.2461188e-01   9.5714338e-02
   7.7415229e-01   1.2393652e-01
   7.6280421e-01   1.3040913e-01
   3.6055539e-01   4.0333312e-01
   2.6999743e-01   4.8418299e-01
   4.5484715e-01   3.2937220e-01
   7.8569227e-01   1.1740292e-01
   5.0234831e-01   2.9503042e-01
   3.3436390e-01   4.2555369e-01
   3.5394268e-01   4.0886494e-01
   8.4019670e-01   8.7173321e-02
   8.0937890e-01   1.0414089e-01
   5.3229363e-01   2.7421121e-01
   6.6096964e-01   1.9079537e-01
   6.0269326e-01   2.2746255e-01
   3.2151334e-01   4.3677430e-01
   4.0993910e-01   3.6353090e-01
   6.4892807e-01   1.9823505e-01
   4.4567106e-01   3.3620977e-01
   1.3861824e-01   6.3148106e-01
   2.7766419e-01   4.7685725e-01
   3.4084843e-01   4.1997350e-01
   6.3943870e-01   2.0414666e-01
   9.5697149e-01   2.5546568e-02
   7.1132325e-01   1.6039595e-01
   5.6772283e-01   2.5032192e-01
   1.4732080e-01   6.1997185e-01
   1.9534744e-01   5.6181449e-01
   6.7322249e-01   1.8329440e-01
   5.9379332e-01   2.3321591e-01
   3.8747297e-01   3.8132250e-01
   1.1245108e-01   6.6845850e-01
   5.1220180e-01   2.8811302e-01
   4.6412564e-01   3.2252810e-01
   1.2119076e-01   6.5567114e-01
   3.9432649e-01   3.7584156e-01
   7.2450167e-01   1.5261913e-01
   1.8073767e-01   5.7866323e-01
   4.0123152e-01   3.7036738e-01
   3.4737416e-01   4.1441121e-01
   5.5923409e-01   2.5597621e-01
   4.8300956e-01   3.0880687e-01
   5.2218196e-01   2.8117417e-01
   1.7345556e-01   5.8731580e-01
   8.5938328e-01   7.6766489e-02
   7.5164056e-01   1.3682370e-01
   7.1124046e-02   7.3710485e-01
   6.2083067e-01   2.1586768e-01
   4.1873360e-01   3.5669948e-01
   3.1514635e-01   4.4241679e-01
   6.9839000e-01   1.6809845e-01
   1.0368360e-01   6.8179639e-01
   3.0881467e-01   4.4808480e-01
   5.7631059e-01   2.4464453e-01
   3.8067070e-01   3.8681059e-01
   7.8600703e-02   7.2343760e-01
   2.1003817e-01   5.4549655e-01
   2.4724745e-01   5.0655593e-01
   2.2483100e-01   5.2963229e-01
   9.4876568e-02   6.9577536e-01
   4.9261848e-01   3.0192792e-01
   3.4127615e-02   8.1905915e-01
   2.0268183e-01   5.5359377e-01
   8.7913949e-01   6.6171376e-02
   8.6024633e-02   7.1049620e-01
   3.7391843e-01   3.9230706e-01
   1.5602351e-01   6.0879765e-01
   2.5479093e-01   4.9902757e-01
   5.8499896e-01   2.3894351e-01
   3.2791923e-01   4.3115344e-01
   3.6721346e-01   3.9781436e-01
   2.3974080e-01   5.1416244e-01
   2.1742086e-01   5.3751167e-01
   7.3793780e-01   1.4476270e-01
   1.8803385e-01   5.7016706e-01
   1.6473313e-01   5.9792247e-01
   4.7351145e-01   3.1567408e-01
   6.2073580e-02   7.5465007e-01
   2.3226890e-01   5.2185293e-01
   5.2908636e-02   7.7377699e-01
   1.0921565e-02   8.9928947e-01
   2.2767724e-02   8.5290599e-01
   6.1170583e-01   2.2167951e-01
   4.3606167e-02   7.9497487e-01
   5.4148913e-01   2.6430269e-01
   2.7019812e-01   4.8035629e-01
   5.3332226e-01   2.6987298e-01
   5.1723856e-01   2.8096914e-01
   5.2523460e-01   2.7543142e-01
   2.8550925e-01   4.6583148e-01
   4.9372752e-01   2.9750466e-01
   1.4088389e-01   6.2481711e-01
   6.7649777e-01   1.7766729e-01
   1.8135668e-01   5.7430220e-01
   5.5810932e-01   2.5309499e-01
   3.0884119e-01   4.4442731e-01
   3.2397751e-02   8.2016838e-01
   9.5395275e-01   2.3457088e-02
   1.4954769e-01   6.1344817e-01
   2.2524484e-04   9.8515398e-01
   3.9910859e-01   3.6841171e-01
   2.6261165e-01   4.8770565e-01
   6.1941678e-01   2.1313178e-01
   2.2524265e-01   5.2556478e-01
   3.5704709e-01   4.0262796e-01
   3.9054596e-01   3.7522537e-01
   4.0776472e-01   3.6159755e-01
   8.5361451e-01   7.6249526e-02
   8.3460492e-01   8.6594992e-02
   1.8861903e-01   5.6585921e-01
   3.8374739e-01   3.8068866e-01
   5.1161097e-02   7.7397394e-01
   3.0101151e-01   4.5151698e-01
   4.5236899e-01   3.2757832e-01
   3.7030477e-01   3.9163541e-01
   8.1916893e-01   9.5082620e-02
   1.6687580e-01   5.9165778e-01
   5.9250360e-01   2.3041958e-01
   3.1672429e-01   4.3737950e-01
   1.3222604e-01   6.3653315e-01
   3.3749898e-01   4.1921551e-01
   2.2678580e-02   8.4956804e-01
   8.2711260e-02   7.1256648e-01
   7.5299478e-02   7.2575463e-01
   2.5506418e-01   4.9512334e-01
   3.7699961e-01   3.8615919e-01
   4.1876674e-02   7.9552423e-01
   1.5820845e-01   6.0240787e-01
   1.0881544e-02   8.9584749e-01
   5.7510791e-01   2.4180344e-01
   5.8375321e-01   2.3612469e-01
   6.7833996e-02   7.3971253e-01
   2.9323939e-01   4.5864630e-01
   8.7317643e-01   6.5723035e-02
   3.3105968e-01   4.2478427e-01
   5.4975148e-01   2.5870986e-01
   4.6158475e-01   3.2076184e-01
   4.7090488e-01   3.1393704e-01
   2.7783270e-01   4.7306376e-01
   6.1033289e-01   2.1892409e-01
   6.0136562e-01   2.2468446e-01
   4.1649609e-01   3.5479705e-01
   9.2116894e-01   4.0386672e-02
   1.7411188e-01   5.8289498e-01
   4.3424358e-01   3.4119052e-01
   9.7401063e-02   6.8807070e-01
   7.4139182e-01   1.3912101e-01
   7.8350584e-01   1.1500348e-01
   1.9589629e-01   5.5756040e-01
   3.2466497e-01   4.3036834e-01
   1.0000000e+00   1.6213406e-04
   7.5513988e-01   1.3117429e-01
   2.1786633e-01   5.3340060e-01
   3.5048573e-01   4.0814378e-01
   4.7843780e-01   3.0847015e-01
   8.9674310e-01   5.3196931e-02
   1.0614817e-01   6.7435825e-01
   1.1486380e-01   6.6124650e-01
   8.0109909e-01   1.0512074e-01
   7.6917579e-01   1.2313546e-01
   6.6422172e-01   1.8516414e-01
   1.2355381e-01   6.4865992e-01
   2.3264476e-01   5.1782951e-01
   6.0303321e-02   7.5459479e-01
   6.8899799e-01   1.7010310e-01
   6.4028304e-01   1.9998525e-01
   4.4325721e-01   3.3438649e-01
   6.5215196e-01   1.9260287e-01
   7.2791534e-01   1.4698259e-01
   4.2531912e-01   3.4799718e-01
   3.4396898e-01   4.1367345e-01
   5.0148713e-01   2.9200457e-01
   2.4008333e-01   5.1017914e-01
   7.1469820e-01   1.5476388e-01
   5.6655948e-01   2.4746068e-01
   7.0173174e-01   1.6246784e-01
   3.6365363e-01   3.9712513e-01
   2.4755504e-01   5.0261310e-01
   2.1051928e-01   5.4133833e-01
   9.0072941e-02   7.0004059e-01
   6.2861461e-01   2.0730994e-01
   4.8604766e-01   3.0299095e-01
   5.0932297e-01   2.8649346e-01
   2.0319990e-01   5.4938514e-01
   2.8550925e-01   4.6583148e-01
   4.8604766e-01   3.0299095e-01
   3.3105968e-01   4.2478427e-01
   5.1723856e-01   2.8096914e-01
   3.9910859e-01   3.6841171e-01
   5.8375321e-01   2.3612469e-01
   2.1051928e-01   5.4133833e-01
   5.0932121e-01   2.8649470e-01
   8.5361451e-01   7.6249526e-02
   4.1649609e-01   3.5479705e-01
   2.7020065e-01   4.8035385e-01
   3.2397751e-02   8.2016838e-01
   6.7649828e-01   1.7766698e-01
   9.5395275e-01   2.3457088e-02
   4.9372875e-01   2.9750379e-01
   2.2524484e-04   9.8515398e-01
   5.2523781e-01   2.7542921e-01
   2.6261165e-01   4.8770565e-01
   6.1941678e-01   2.1313178e-01
   2.2524219e-01   5.2556526e-01
   3.5704709e-01   4.0262796e-01
   3.6365363e-01   3.9712513e-01
   2.7783193e-01   4.7306449e-01
   1.0881544e-02   8.9584749e-01
   7.0172908e-01   1.6246942e-01
   1.8861903e-01   5.6585921e-01
   3.8374739e-01   3.8068866e-01
   1.1486428e-01   6.6124580e-01
   3.0101151e-01   4.5151698e-01
   4.4325721e-01   3.3438649e-01
   1.2355381e-01   6.4865992e-01
   8.1916893e-01   9.5082620e-02
   3.0884012e-01   4.4442827e-01
   4.7090494e-01   3.1393700e-01
   4.0775956e-01   3.6160160e-01
   1.3222604e-01   6.3653315e-01
   5.9250526e-01   2.3041850e-01
   2.2678580e-02   8.4956804e-01
   8.2711260e-02   7.1256648e-01
   7.5299478e-02   7.2575463e-01
   2.5506418e-01   4.9512334e-01
   2.1786633e-01   5.3340060e-01
   7.4139182e-01   1.3912101e-01
   1.5820845e-01   6.0240787e-01
   1.9589910e-01   5.5755723e-01
   1.0000000e+00   1.6213406e-04
   5.3332164e-01   2.6987340e-01
   6.7833996e-02   7.3971253e-01
   3.7030344e-01   3.9163650e-01
   8.7317643e-01   6.5723035e-02
   4.3424256e-01   3.4119130e-01
   6.4028304e-01   1.9998525e-01
   4.6158475e-01   3.2076184e-01
   5.0148630e-01   2.9200516e-01
   4.1870070e-02   7.9554036e-01
   6.1033289e-01   2.1892409e-01
   6.0136436e-01   2.2468528e-01
   6.0303321e-02   7.5459479e-01
   9.0072941e-02   7.0004059e-01
   1.7411188e-01   5.8289498e-01
   1.4954722e-01   6.1344878e-01
   7.5513988e-01   1.3117429e-01
   5.4975461e-01   2.5870775e-01
   1.6687762e-01   5.9165556e-01
   6.8899799e-01   1.7010310e-01
   3.9054419e-01   3.7522679e-01
   7.1469820e-01   1.5476388e-01
   3.1672417e-01   4.3737961e-01
   2.4008358e-01   5.1017889e-01
   8.0109909e-01   1.0512074e-01
   8.9674310e-01   5.3196931e-02
   6.6421847e-01   1.8516614e-01
   1.0614817e-01   6.7435825e-01
   3.4397043e-01   4.1367221e-01
   6.5215196e-01   1.9260287e-01
   4.2532343e-01   3.4799388e-01
   3.2466439e-01   4.3036885e-01
   5.1160893e-02   7.7397440e-01
   6.2861461e-01   2.0730994e-01
   4.7843974e-01   3.0846875e-01
   8.3460634e-01   8.6594216e-02
   5.7510510e-01   2.4180529e-01
   2.0319796e-01   5.4938729e-01
   7.2791534e-01   1.4698259e-01
   4.5236937e-01   3.2757803e-01
   5.5810793e-01   2.5309592e-01
   1.8135771e-01   5.7430100e-01
   3.7700043e-01   3.8615852e-01
   7.6917201e-01   1.2313762e-01
   5.4149197e-01   2.6430076e-01
   2.4755504e-01   5.0261310e-01
   1.4088930e-01   6.2480989e-01
   3.5048727e-01   4.0814248e-01
   9.2117125e-01   4.0385465e-02
   2.3264693e-01   5.1782726e-01
   2.9323805e-01   4.5864755e-01
   3.3749442e-01   4.1921943e-01
   9.7400910e-02   6.8807095e-01
   5.6655707e-01   2.4746228e-01
   7.8349916e-01   1.1500726e-01
   2.8550925e-01   4.6583148e-01
   3.6365363e-01   3.9712513e-01
   3.3105968e-01   4.2478427e-01
   5.1723856e-01   2.8096914e-01
   3.4397043e-01   4.1367221e-01
   3.2466439e-01   4.3036885e-01
   2.1051928e-01   5.4133833e-01
   2.7783193e-01   4.7306449e-01
   2.2524219e-01   5.2556526e-01
   4.0776100e-01   3.6160047e-01
   2.7020065e-01   4.8035385e-01
   3.2397751e-02   8.2016838e-01
   9.5395275e-01   2.3457088e-02
   2.6261165e-01   4.8770565e-01
   7.8349916e-01   1.1500726e-01
   2.2524484e-04   9.8515398e-01
   5.2523781e-01   2.7542921e-01
   8.9674310e-01   5.3196931e-02
   7.0172908e-01   1.6246942e-01
   5.4149197e-01   2.6430076e-01
   3.0884012e-01   4.4442827e-01
   2.1786715e-01   5.3339972e-01
   3.5048727e-01   4.0814248e-01
   3.9054419e-01   3.7522679e-01
   4.5236940e-01   3.2757801e-01
   1.6687762e-01   5.9165556e-01
   3.0101151e-01   4.5151698e-01
   1.1486428e-01   6.6124580e-01
   4.3424256e-01   3.4119130e-01
   4.4325721e-01   3.3438649e-01
   1.2355381e-01   6.4865992e-01
   8.1916893e-01   9.5082620e-02
   2.9323640e-01   4.5864907e-01
   7.1469820e-01   1.5476388e-01
   7.2791534e-01   1.4698259e-01
   1.3222604e-01   6.3653315e-01
   5.9250526e-01   2.3041850e-01
   2.2678580e-02   8.4956804e-01
   4.6158475e-01   3.2076184e-01
   7.5299478e-02   7.2575463e-01
   5.4975461e-01   2.5870775e-01
   6.6421847e-01   1.8516614e-01
   7.4139182e-01   1.3912101e-01
   1.5820845e-01   6.0240787e-01
   1.9589910e-01   5.5755723e-01
   1.0000000e+00   1.6213406e-04
   4.7090497e-01   3.1393698e-01
   6.7833996e-02   7.3971253e-01
   6.1941599e-01   2.1313228e-01
   8.7317643e-01   6.5723035e-02
   3.7700043e-01   3.8615852e-01
   3.1672403e-01   4.3737974e-01
   9.0072941e-02   7.0004059e-01
   5.0148630e-01   2.9200516e-01
   3.5704724e-01   4.0262783e-01
   6.1033289e-01   2.1892409e-01
   6.0136436e-01   2.2468528e-01
   6.0303321e-02   7.5459479e-01
   6.8899799e-01   1.7010310e-01
   7.6917201e-01   1.2313762e-01
   1.4954722e-01   6.1344878e-01
   7.5513988e-01   1.3117429e-01
   4.9372911e-01   2.9750353e-01
   5.1160893e-02   7.7397440e-01
   6.5214918e-01   1.9260460e-01
   3.9910933e-01   3.6841113e-01
   3.7030264e-01   3.9163716e-01
   1.0614883e-01   6.7435723e-01
   1.4088875e-01   6.2481063e-01
   5.7510510e-01   2.4180529e-01
   3.8374671e-01   3.8068920e-01
   4.8604780e-01   3.0299085e-01
   9.2117125e-01   4.0385465e-02
   2.0319796e-01   5.4938729e-01
   2.4008464e-01   5.1017781e-01
   6.7649924e-01   1.7766640e-01
   6.4028338e-01   1.9998504e-01
   5.3332107e-01   2.6987379e-01
   2.5506384e-01   4.9512368e-01
   5.6655707e-01   2.4746228e-01
   8.5361561e-01   7.6248927e-02
   2.3264693e-01   5.1782726e-01
   5.8375303e-01   2.3612481e-01
   3.3749442e-01   4.1921943e-01
   8.3460805e-01   8.6593279e-02
   5.0932225e-01   2.8649397e-01
   1.8135771e-01   5.7430100e-01
   1.7411169e-01   5.8289520e-01
   1.8861941e-01   5.6585877e-01
   4.1649928e-01   3.5479458e-01
   2.4755504e-01   5.0261310e-01
   9.7399007e-02   6.8807399e-01
   4.7844033e-01   3.0846832e-01
   8.0109814e-01   1.0512127e-01
   4.2532410e-01   3.4799337e-01
   5.5810827e-01   2.5309569e-01
   6.2861550e-01   2.0730937e-01
   4.1870666e-02   7.9553890e-01
   8.2708819e-02   7.1257072e-01
   1.0881512e-02   8.9584765e-01
