   6.1357766e+00   3.3561274e+00
   6.5314494e+00   4.4593979e+00
   4.9038325e+00   5.8158342e+00
   5.3427847e+00   4.4581594e+00
   5.2389495e+00   6.7962123e+00
   4.7752689e+00   4.1219640e+00
   4.8845023e+00   5.6167761e+00
   7.3990598e+00   3.4064894e+00
   7.0991000e+00   6.0573937e+00
   4.7199554e+00   5.4257376e+00
   5.2863558e+00   4.5729809e+00
   5.1654522e+00   5.6124823e+00
   7.4365051e+00   3.5656802e+00
   6.1072565e+00   4.9846912e+00
   5.9338230e+00   5.3305594e+00
   4.1729870e+00   4.2630209e+00
   6.2327672e+00   4.7440792e+00
   5.8964859e+00   5.1438703e+00
   5.8201461e+00   5.1756475e+00
   6.0225651e+00   5.6821618e+00
   3.8770343e+00   3.3192149e+00
   7.6323289e+00   7.1018660e+00
   6.5060133e+00   5.0275838e+00
   6.5619012e+00   4.8883616e+00
   6.5623189e+00   4.5012990e+00
   4.9712732e+00   5.2733002e+00
   5.8642857e+00   5.3424163e+00
   5.9332161e+00   5.0759069e+00
   5.2803941e+00   5.1462326e+00
   5.0798931e+00   4.6629905e+00
   6.3223950e+00   6.0255396e+00
   4.5529936e+00   5.8744137e+00
   4.6721606e+00   6.1528258e+00
   5.6141390e+00   6.1746953e+00
   6.6286983e+00   3.8492839e+00
   5.0228376e+00   4.5372160e+00
   6.0089354e+00   4.7150975e+00
   6.2868387e+00   4.5074027e+00
   5.4774553e+00   4.6345206e+00
   6.2917663e+00   6.4639368e+00
   6.2415406e+00   3.4178666e+00
   6.3431376e+00   5.5040999e+00
   4.7202359e+00   4.1916525e+00
   5.1206663e+00   4.4334980e+00
   6.1645909e+00   6.5816471e+00
   5.2422311e+00   7.0246120e+00
   5.8217389e+00   5.5127879e+00
   5.0947719e+00   5.3579964e+00
   5.9546250e+00   6.2178540e+00
   4.6730093e+00   4.5916806e+00
   7.0144374e+00   4.4326756e+00
   5.5901356e+00   4.4520217e+00
   7.0708911e+00   5.2398786e+00
   5.2910373e+00   6.4092493e+00
   5.7524148e+00   3.4281440e+00
   5.1349577e+00   5.4352155e+00
   5.6605103e+00   5.5025769e+00
   3.9922527e+00   6.0779146e+00
   6.8770961e+00   4.5488985e+00
   5.0969868e+00   3.8390107e+00
   5.0439501e+00   3.3875903e+00
   5.4174099e+00   4.3149610e+00
   6.4708899e+00   4.3611278e+00
   5.4960063e+00   4.4705050e+00
   5.7089781e+00   3.9738491e+00
   5.9723095e+00   5.3895265e+00
   6.6181617e+00   5.0367717e+00
   5.5238673e+00   5.8112768e+00
   5.2802208e+00   6.2470846e+00
   6.6102325e+00   5.0979091e+00
   7.6279056e+00   5.1990939e+00
   5.5913343e+00   4.4066593e+00
   5.8271523e+00   4.9057422e+00
   6.5233106e+00   3.9434975e+00
   5.8293785e+00   4.7653323e+00
   3.7615657e+00   4.9982519e+00
   5.9757367e+00   5.1830547e+00
   6.7456428e+00   5.0376455e+00
   7.2432708e+00   5.3196951e+00
   7.2216708e+00   4.8770076e+00
   4.4837994e+00   4.1455768e+00
   6.4309864e+00   6.7420180e+00
   5.2872277e+00   4.4731404e+00
   5.9074048e+00   5.3756292e+00
   4.9236116e+00   5.5071960e+00
   5.8720720e+00   4.6797776e+00
   5.4043007e+00   6.0946313e+00
   6.1368639e+00   4.8310033e+00
   6.6081495e+00   5.4897333e+00
   5.6340791e+00   5.0720428e+00
   6.4631709e+00   4.8763219e+00
   5.8568600e+00   4.2241235e+00
   5.8717078e+00   3.8932191e+00
   6.7581188e+00   5.2383488e+00
   4.1277758e+00   6.0627336e+00
   4.8629610e+00   5.9590446e+00
   5.8285758e+00   3.9849422e+00
   5.3551119e+00   4.8807094e+00
   5.2755343e+00   6.0984167e+00
   7.0872270e+00   3.8129300e+00
   7.8617489e-01   1.1333496e-01
   8.1891816e-01   9.5059031e-02
   5.7268948e-02   7.6069069e-01
   3.8730728e-02   8.0319876e-01
   4.1990153e-01   3.5200190e-01
   6.4245418e-01   1.9846761e-01
   7.0410968e-01   1.6088757e-01
   3.5531719e-01   4.0391512e-01
   4.3773309e-01   3.3838600e-01
   5.9234832e-01   2.3035831e-01
   1.4375031e-01   6.2085582e-01
   4.5592625e-01   3.2477689e-01
   3.3580381e-01   4.2051418e-01
   2.6255554e-01   4.8759826e-01
   9.1520186e-02   6.9747697e-01
   1.0903603e-01   6.6979395e-01
   1.3508512e-01   6.3246072e-01
   1.8857085e-01   5.6575254e-01
   2.1047996e-01   5.4121905e-01
   5.7495026e-01   2.4174525e-01
   7.5770982e-01   1.2953471e-01
   5.0331147e-01   2.9055552e-01
   2.4002877e-01   5.1007269e-01
   2.0315575e-01   5.4927198e-01
   3.6192598e-01   3.9839716e-01
   4.6518820e-01   3.1795293e-01
   5.4961092e-01   2.5864251e-01
   4.1114058e-01   3.5879755e-01
   6.6326074e-02   7.4246151e-01
   4.9361621e-01   2.9742174e-01
   6.7878804e-01   1.7611406e-01
   1.2642243e-01   6.4444068e-01
   3.1034213e-01   4.4291641e-01
   2.2518909e-01   5.2545908e-01
   2.5501713e-01   4.9500779e-01
   4.4678330e-01   3.3158149e-01
   1.0029728e-01   6.8330255e-01
   8.5015156e-01   7.7963363e-02
   8.8627563e-01   5.8577870e-02
   3.1664191e-01   4.3729057e-01
   6.0120617e-01   2.2462514e-01
   6.9133874e-01   1.6853218e-01
   3.4877849e-01   4.0942529e-01
   7.4391734e-01   1.3749357e-01
   7.5285663e-02   7.2561767e-01
   2.9186702e-02   8.2915884e-01
   7.3038157e-01   1.4537636e-01
   1.6683751e-01   5.9154253e-01
   4.8079805e-02   7.8072892e-01
   3.0405539e-01   4.4858782e-01
   7.7178949e-01   1.2148450e-01
   5.5796587e-01   2.5302887e-01
   7.1711370e-01   1.5317434e-01
   5.8359888e-01   2.3606356e-01
   3.2938413e-01   4.2608003e-01
   1.0465585e-04   9.8976986e-01
   3.9387403e-01   3.7240616e-01
   4.0246481e-01   3.6559886e-01
   1.5961698e-01   6.0047906e-01
   9.1367349e-03   9.0441373e-01
   9.6113930e-01   1.9622877e-02
   3.7690493e-01   3.8607416e-01
   5.6641188e-01   2.4739660e-01
   8.0383469e-01   1.0343171e-01
   6.1923078e-01   2.1308782e-01
   1.8131774e-01   5.7418579e-01
   8.6634003e-01   6.9226114e-02
   1.5238026e-01   6.0964085e-01
   5.3316239e-01   2.6982030e-01
   6.3075057e-01   2.0580193e-01
   2.9163668e-01   4.5996604e-01
   6.1016739e-01   2.1886788e-01
   5.1313063e-01   2.8366863e-01
   8.3435674e-01   8.6568702e-02
   9.3160748e-01   3.4801842e-02
   2.4750290e-01   5.0250337e-01
   3.8534866e-01   3.7923543e-01
   5.2311143e-01   2.7673557e-01
   6.5436747e-01   1.9107017e-01
   2.7014118e-01   4.8024892e-01
   2.7777654e-01   4.7295490e-01
   4.7454156e-01   3.1113023e-01
   4.2877843e-01   3.4518825e-01
   4.8402270e-01   3.0428260e-01
   2.3260216e-01   5.1771154e-01
   1.9585998e-01   5.5743929e-01
   2.1781848e-01   5.3328972e-01
   3.2299874e-01   4.3167022e-01
   1.1773918e-01   6.5686857e-01
   6.6647272e-01   1.8362220e-01
   3.4226628e-01   4.1496471e-01
   2.9784212e-01   4.5425086e-01
   9.0681706e-01   4.7730574e-02
   1.9349937e-02   8.6089595e-01
   9.9999904e-01   4.8218162e-07
   8.2698168e-02   7.1242711e-01
   1.7407808e-01   5.8277335e-01
   3.6855435e-01   3.9291322e-01
   2.8540386e-01   4.6576797e-01
   5.4136180e-01   2.6422707e-01
   3.2938184e-01   4.2608203e-01
   3.1034213e-01   4.4291641e-01
   1.9585750e-01   5.5744209e-01
   3.8730728e-02   8.0319876e-01
   6.4246829e-01   1.9845881e-01
   6.5436747e-01   1.9107017e-01
   2.0315575e-01   5.4927198e-01
   2.9162111e-01   4.5998046e-01
   2.4750200e-01   5.0250427e-01
   5.9234832e-01   2.3035831e-01
   8.0383469e-01   1.0343171e-01
   9.1520186e-02   6.9747697e-01
   4.8071040e-02   7.8074891e-01
   1.8131896e-01   5.7418436e-01
   3.4227000e-01   4.1496154e-01
   1.0903603e-01   6.6979395e-01
   9.3162785e-01   3.4791290e-02
   7.0410731e-01   1.6088897e-01
   2.7014118e-01   4.8024892e-01
   6.1017017e-01   2.1886610e-01
   5.0331147e-01   2.9055552e-01
   4.1991773e-01   3.5198940e-01
   7.3038157e-01   1.4537636e-01
   4.2877843e-01   3.4518825e-01
   6.9133557e-01   1.6853408e-01
   1.0000000e+00   0.0000000e+00
   3.2299854e-01   4.3167040e-01
   5.1314132e-01   2.8366117e-01
   4.1114767e-01   3.5879203e-01
   1.2642153e-01   6.4444195e-01
   5.2309887e-01   2.7674426e-01
   7.1711867e-01   1.5317141e-01
   5.6640918e-01   2.4739839e-01
   1.8858063e-01   5.6574129e-01
   1.6684401e-01   5.9153457e-01
   1.9365628e-02   8.6083956e-01
   4.9360688e-01   2.9742838e-01
   8.5015156e-01   7.7963363e-02
   4.3773062e-01   3.3838787e-01
   5.4135465e-01   2.6423193e-01
   3.8535115e-01   3.7923341e-01
   2.1047477e-01   5.4122471e-01
   7.5770698e-01   1.2953634e-01
   7.5285663e-02   7.2561767e-01
   4.7454624e-01   3.1112683e-01
   9.7338295e-05   9.9013398e-01
   1.3508807e-01   6.3245671e-01
   1.1774005e-01   6.5686731e-01
   2.2519368e-01   5.2545424e-01
   3.6191140e-01   3.9840928e-01
   7.7178949e-01   1.2148450e-01
   5.8359888e-01   2.3606356e-01
   5.3318370e-01   2.6980571e-01
   2.9184234e-02   8.2916606e-01
   1.5961796e-01   6.0047784e-01
   2.5500710e-01   4.9501772e-01
   3.6854978e-01   3.9291699e-01
   8.1892027e-01   9.5057862e-02
   2.4003510e-01   5.1006623e-01
   6.0120550e-01   2.2462557e-01
   2.6255504e-01   4.8759875e-01
   1.0030006e-01   6.8329815e-01
   2.8544587e-01   4.6572865e-01
   3.5532277e-01   4.0391044e-01
   4.5593242e-01   3.2477232e-01
   5.7495459e-01   2.4174240e-01
   4.0246527e-01   3.6559849e-01
   6.6647549e-01   1.8362050e-01
   1.7407635e-01   5.8277542e-01
   7.4390741e-01   1.3749933e-01
   5.5796313e-01   2.5303070e-01
   2.1782097e-01   5.3328706e-01
   3.1665327e-01   4.3728047e-01
   8.2693998e-02   7.1243436e-01
   3.0406859e-01   4.4857586e-01
   1.4374490e-01   6.2086295e-01
   4.8401791e-01   3.0428604e-01
   3.7690918e-01   3.8607070e-01
   3.9386702e-01   3.7241175e-01
   8.6632915e-01   6.9231954e-02
   4.6518606e-01   3.1795450e-01
   6.1924983e-01   2.1307572e-01
   6.7879623e-01   1.7610909e-01
   4.4678126e-01   3.3158302e-01
   6.3076424e-01   2.0579332e-01
   9.0681954e-01   4.7729272e-02
   9.6115024e-01   1.9617300e-02
   6.6322044e-02   7.4246933e-01
   3.4877427e-01   4.0942886e-01
   3.3580587e-01   4.2051241e-01
   9.1354472e-03   9.0442047e-01
   7.8617210e-01   1.1333653e-01
   2.3259914e-01   5.1771467e-01
   8.3435754e-01   8.6568261e-02
   8.8627002e-01   5.8580849e-02
   5.4961215e-01   2.5864168e-01
   1.5240162e-01   6.0961350e-01
   2.7777048e-01   4.7296065e-01
   2.9782888e-01   4.5426300e-01
   5.7260276e-02   7.6070881e-01
   4.3773062e-01   3.3838787e-01
   3.1034213e-01   4.4291641e-01
   1.9585750e-01   5.5744209e-01
   2.7777048e-01   4.7296065e-01
   6.4246829e-01   1.9845881e-01
   6.5436747e-01   1.9107017e-01
   2.0315575e-01   5.4927198e-01
   2.9162111e-01   4.5998046e-01
   2.4750200e-01   5.0250427e-01
   6.9133557e-01   1.6853408e-01
   6.3076424e-01   2.0579332e-01
   5.3318370e-01   2.6980571e-01
   4.8071040e-02   7.8074891e-01
   1.8131896e-01   5.7418436e-01
   3.4227000e-01   4.1496154e-01
   1.0903603e-01   6.6979395e-01
   9.3162785e-01   3.4791290e-02
   7.0410731e-01   1.6088897e-01
   4.4678126e-01   3.3158302e-01
   6.1017017e-01   2.1886610e-01
   8.6632915e-01   6.9231954e-02
   3.0406859e-01   4.4857586e-01
   8.1892027e-01   9.5057862e-02
   3.4877338e-01   4.0942961e-01
   8.5015156e-01   7.7963363e-02
   1.0000000e+00   0.0000000e+00
   1.2642153e-01   6.4444195e-01
   5.1314132e-01   2.8366117e-01
   4.1114767e-01   3.5879203e-01
   1.6684401e-01   5.9153457e-01
   5.2309887e-01   2.7674426e-01
   7.1711867e-01   1.5317141e-01
   5.6640918e-01   2.4739839e-01
   1.8858063e-01   5.6574129e-01
   1.5240162e-01   6.0961350e-01
   1.9365628e-02   8.6083956e-01
   5.4135459e-01   2.6423198e-01
   4.7454624e-01   3.1112683e-01
   5.7495459e-01   2.4174240e-01
   8.0383975e-01   1.0342889e-01
   2.1047477e-01   5.4122471e-01
   5.5796313e-01   2.5303070e-01
   7.5770698e-01   1.2953634e-01
   7.5285663e-02   7.2561767e-01
   9.1354472e-03   9.0442047e-01
   9.0682180e-01   4.7728085e-02
   1.3508807e-01   6.3245671e-01
   1.1774005e-01   6.5686731e-01
   2.2519368e-01   5.2545424e-01
   5.7260276e-02   7.6070881e-01
   8.8627002e-01   5.8580849e-02
   5.8359888e-01   2.3606356e-01
   3.8728451e-02   8.0320455e-01
   2.9184234e-02   8.2916606e-01
   4.5593242e-01   3.2477232e-01
   3.1665327e-01   4.3728047e-01
   3.6854978e-01   3.9291699e-01
   2.5501005e-01   4.9501481e-01
   7.4390741e-01   1.3749933e-01
   4.2877801e-01   3.4518857e-01
   2.1782097e-01   5.3328706e-01
   1.0030006e-01   6.8329815e-01
   2.8544587e-01   4.6572865e-01
   3.5532277e-01   4.0391044e-01
   6.1925083e-01   2.1307508e-01
   5.9234949e-01   2.3035756e-01
   4.0246527e-01   3.6559849e-01
   1.5962010e-01   6.0047516e-01
   1.7407635e-01   5.8277542e-01
   4.6518533e-01   3.1795504e-01
   4.1991738e-01   3.5198968e-01
   2.4003209e-01   5.1006930e-01
   6.0120468e-01   2.2462610e-01
   8.2693998e-02   7.1243436e-01
   6.7879338e-01   1.7611082e-01
   5.4961255e-01   2.5864142e-01
   4.8401791e-01   3.0428604e-01
   2.6255360e-01   4.8760015e-01
   3.9386702e-01   3.7241175e-01
   3.2299829e-01   4.3167062e-01
   3.3580587e-01   4.2051241e-01
   3.2938258e-01   4.2608138e-01
   2.7014048e-01   4.8024960e-01
   3.6191319e-01   3.9840779e-01
   6.6322044e-02   7.4246933e-01
   3.8535011e-01   3.7923425e-01
   7.8617210e-01   1.1333653e-01
   3.7691091e-01   3.8606929e-01
   4.9360604e-01   2.9742898e-01
   5.0331220e-01   2.9055501e-01
   7.7178938e-01   1.2148456e-01
   9.1520872e-02   6.9747583e-01
   7.3038236e-01   1.4537590e-01
   2.9782867e-01   4.5426319e-01
   6.6647476e-01   1.8362094e-01
   1.4374636e-01   6.2086103e-01
   8.3435927e-01   8.6567317e-02
   1.0037232e-04   9.8998140e-01
   2.3259755e-01   5.1771632e-01
   9.6115369e-01   1.9615540e-02
   8.6633012e-01   6.9231437e-02
   3.1034213e-01   4.4291641e-01
   5.4135459e-01   2.6423198e-01
   2.7777048e-01   4.7296065e-01
   6.4246829e-01   1.9845881e-01
   6.5436747e-01   1.9107017e-01
   1.0037232e-04   9.8998140e-01
   9.0682180e-01   4.7728085e-02
   2.4750200e-01   5.0250427e-01
   6.9133557e-01   1.6853408e-01
   6.3076424e-01   2.0579332e-01
   4.2877801e-01   3.4518857e-01
   4.8071040e-02   7.8074891e-01
   1.8131896e-01   5.7418436e-01
   3.4227000e-01   4.1496154e-01
   1.0903603e-01   6.6979395e-01
   9.3162785e-01   3.4791290e-02
   7.0410731e-01   1.6088897e-01
   4.4678126e-01   3.3158302e-01
   4.0246527e-01   3.6559849e-01
   6.0120468e-01   2.2462610e-01
   5.8359961e-01   2.3606308e-01
   8.1892027e-01   9.5057862e-02
   3.4877338e-01   4.0942961e-01
   8.5015156e-01   7.7963363e-02
   1.0000000e+00   0.0000000e+00
   1.2642153e-01   6.4444195e-01
   5.1314132e-01   2.8366117e-01
   4.1114767e-01   3.5879203e-01
   1.1774005e-01   6.5686731e-01
   5.2309887e-01   2.7674426e-01
   7.1711867e-01   1.5317141e-01
   5.6640918e-01   2.4739839e-01
   1.8858063e-01   5.6574129e-01
   3.3580587e-01   4.2051241e-01
   2.7014048e-01   4.8024960e-01
   3.0406855e-01   4.4857589e-01
   5.0331166e-01   2.9055539e-01
   5.7495459e-01   2.4174240e-01
   8.0383975e-01   1.0342889e-01
   2.1047477e-01   5.4122471e-01
   5.5796313e-01   2.5303070e-01
   7.5770698e-01   1.2953634e-01
   7.5285663e-02   7.2561767e-01
   9.1354472e-03   9.0442047e-01
   2.9782867e-01   4.5426319e-01
   1.3508807e-01   6.3245671e-01
   2.3259755e-01   5.1771632e-01
   2.2519368e-01   5.2545424e-01
   3.5532277e-01   4.0391044e-01
   8.8627002e-01   5.8580849e-02
   1.9585810e-01   5.5744142e-01
   1.5240314e-01   6.0961156e-01
   2.9184234e-02   8.2916606e-01
   4.8401791e-01   3.0428604e-01
   3.1665327e-01   4.3728047e-01
   2.8544587e-01   4.6572865e-01
   5.4961255e-01   2.5864142e-01
   7.4390741e-01   1.3749933e-01
   9.6115369e-01   1.9615540e-02
   1.9364781e-02   8.6084260e-01
   1.0030006e-01   6.8329815e-01
   1.5961996e-01   6.0047533e-01
   4.6518533e-01   3.1795504e-01
   3.9386702e-01   3.7241175e-01
   5.9234949e-01   2.3035756e-01
   1.7407635e-01   5.8277542e-01
   1.6684397e-01   5.9153462e-01
   4.1991738e-01   3.5198968e-01
   3.2299829e-01   4.3167062e-01
   3.8535011e-01   3.7923425e-01
   2.1782127e-01   5.3328674e-01
   6.6647476e-01   1.8362094e-01
   6.1925035e-01   2.1307538e-01
   5.7259311e-02   7.6071082e-01
   5.3318490e-01   2.6980489e-01
   4.5593242e-01   3.2477232e-01
   2.6255360e-01   4.8760015e-01
   3.8729506e-02   8.0320186e-01
   4.9360604e-01   2.9742898e-01
   3.7691091e-01   3.8606929e-01
   3.2938258e-01   4.2608138e-01
   6.6321879e-02   7.4246965e-01
   3.6191319e-01   3.9840779e-01
   8.3435927e-01   8.6567317e-02
   9.1520872e-02   6.9747583e-01
   4.7454683e-01   3.1112641e-01
   3.6855011e-01   3.9291672e-01
   7.3038236e-01   1.4537590e-01
   7.7178938e-01   1.2148456e-01
   2.5500968e-01   4.9501517e-01
   6.1017098e-01   2.1886558e-01
   8.2693707e-02   7.1243487e-01
   2.9162150e-01   4.5998009e-01
   4.3773098e-01   3.3838759e-01
   7.8617179e-01   1.1333671e-01
   2.0315527e-01   5.4927251e-01
   2.4003223e-01   5.1006915e-01
   6.7879484e-01   1.7610993e-01
   1.4374607e-01   6.2086141e-01
   8.6633012e-01   6.9231437e-02
   3.1034213e-01   4.4291641e-01
   3.7691091e-01   3.8606929e-01
   2.7777048e-01   4.7296065e-01
   6.4246829e-01   1.9845881e-01
   2.6255360e-01   4.8760015e-01
   1.0037232e-04   9.8998140e-01
   9.1521463e-02   6.9747486e-01
   2.4750200e-01   5.0250427e-01
   9.3162785e-01   3.4791290e-02
   6.3076424e-01   2.0579332e-01
   5.3318490e-01   2.6980489e-01
   1.9585810e-01   5.5744142e-01
   1.9364781e-02   8.6084260e-01
   6.5436757e-01   1.9107011e-01
   1.0903603e-01   6.6979395e-01
   1.8858063e-01   5.6574129e-01
   7.0410731e-01   1.6088897e-01
   5.2309887e-01   2.7674426e-01
   4.0246527e-01   3.6559849e-01
   6.0120468e-01   2.2462610e-01
   5.8359961e-01   2.3606308e-01
   2.1782127e-01   5.3328674e-01
   3.4877338e-01   4.0942961e-01
   8.5015156e-01   7.7963363e-02
   1.0000000e+00   0.0000000e+00
   1.2642153e-01   6.4444195e-01
   5.1314132e-01   2.8366117e-01
   4.1114767e-01   3.5879203e-01
   1.1774005e-01   6.5686731e-01
   6.1017098e-01   2.1886558e-01
   7.1711867e-01   1.5317141e-01
   4.8401791e-01   3.0428604e-01
   2.5500846e-01   4.9501638e-01
   3.3580587e-01   4.2051241e-01
   2.7014048e-01   4.8024960e-01
   3.0406855e-01   4.4857589e-01
   2.8544656e-01   4.6572801e-01
   5.7495459e-01   2.4174240e-01
   8.0383975e-01   1.0342889e-01
   2.1047477e-01   5.4122471e-01
   5.5796313e-01   2.5303070e-01
   7.5770698e-01   1.2953634e-01
   7.5285663e-02   7.2561767e-01
   9.1354472e-03   9.0442047e-01
   2.9782867e-01   4.5426319e-01
   1.3508807e-01   6.3245671e-01
   2.3259755e-01   5.1771632e-01
   8.2693707e-02   7.1243487e-01
   8.1892456e-01   9.5055492e-02
   8.8627002e-01   5.8580849e-02
   3.8535011e-01   3.7923425e-01
   1.5240314e-01   6.0961156e-01
   2.9184234e-02   8.2916606e-01
   5.9234949e-01   2.3035756e-01
   6.9133479e-01   1.6853455e-01
   6.1925035e-01   2.1307538e-01
   5.4961255e-01   2.5864142e-01
   7.4390741e-01   1.3749933e-01
   9.6115369e-01   1.9615540e-02
   4.1991738e-01   3.5198968e-01
   3.9386702e-01   3.7241175e-01
   1.5961996e-01   6.0047533e-01
   3.4226791e-01   4.1496332e-01
   1.6684358e-01   5.9153509e-01
   2.0315527e-01   5.4927251e-01
   1.7407635e-01   5.8277542e-01
   3.2938246e-01   4.2608149e-01
   4.8071047e-02   7.8074890e-01
   3.2299829e-01   4.3167062e-01
   2.4003223e-01   5.1006915e-01
   3.6191319e-01   3.9840779e-01
   6.6647476e-01   1.8362094e-01
   2.9162150e-01   4.5998009e-01
   5.7259311e-02   7.6071082e-01
   4.9360604e-01   2.9742898e-01
   4.5593242e-01   3.2477232e-01
   3.5532157e-01   4.0391144e-01
   5.6641101e-01   2.4739718e-01
   3.6855011e-01   3.9291672e-01
   7.7178938e-01   1.2148456e-01
   5.0331176e-01   2.9055532e-01
   4.3773098e-01   3.3838759e-01
   2.2519419e-01   5.2545370e-01
   4.7454683e-01   3.1112641e-01
   1.4374607e-01   6.2086141e-01
   5.4135391e-01   2.6423243e-01
   9.0682254e-01   4.7727696e-02
   7.3038236e-01   1.4537590e-01
   4.4678101e-01   3.3158321e-01
   6.6321588e-02   7.4247022e-01
   1.8132006e-01   5.7418307e-01
   6.7879484e-01   1.7610993e-01
   3.8729444e-02   8.0320202e-01
   4.2877688e-01   3.4518943e-01
   7.8617179e-01   1.1333671e-01
   3.1665131e-01   4.3728221e-01
   8.3435937e-01   8.6567263e-02
   1.0030008e-01   6.8329811e-01
   4.6518541e-01   3.1795498e-01
   8.6633012e-01   6.9231437e-02
   3.1034213e-01   4.4291641e-01
   3.7691091e-01   3.8606929e-01
   2.7777048e-01   4.7296065e-01
   6.4246829e-01   1.9845881e-01
   2.6255360e-01   4.8760015e-01
   1.0037232e-04   9.8998140e-01
   9.3162785e-01   3.4791290e-02
   2.4750200e-01   5.0250427e-01
   9.1522386e-02   6.9747333e-01
   6.3076424e-01   2.0579332e-01
   5.3318490e-01   2.6980489e-01
   1.9585810e-01   5.5744142e-01
   1.9364781e-02   8.6084260e-01
   6.5436757e-01   1.9107011e-01
   1.0903603e-01   6.6979395e-01
   1.8858063e-01   5.6574129e-01
   7.0410731e-01   1.6088897e-01
   5.2309887e-01   2.7674426e-01
   4.0246527e-01   3.6559849e-01
   6.0120468e-01   2.2462610e-01
   5.8359961e-01   2.3606308e-01
   2.1782127e-01   5.3328674e-01
   3.4877338e-01   4.0942961e-01
   8.5015156e-01   7.7963363e-02
   1.0000000e+00   0.0000000e+00
   4.1114767e-01   3.5879203e-01
   5.1314132e-01   2.8366117e-01
   1.4374607e-01   6.2086141e-01
   1.1774005e-01   6.5686731e-01
   6.1017098e-01   2.1886558e-01
   7.1711867e-01   1.5317141e-01
   4.8401791e-01   3.0428604e-01
   2.5500846e-01   4.9501638e-01
   3.3580587e-01   4.2051241e-01
   2.7014048e-01   4.8024960e-01
   4.9360604e-01   2.9742898e-01
   2.8544656e-01   4.6572801e-01
   5.7495459e-01   2.4174240e-01
   8.0383975e-01   1.0342889e-01
   3.8729444e-02   8.0320202e-01
   5.4135391e-01   2.6423243e-01
   6.6647476e-01   1.8362094e-01
   8.3435937e-01   8.6567263e-02
   9.1354472e-03   9.0442047e-01
   2.9782867e-01   4.5426319e-01
   1.3508807e-01   6.3245671e-01
   2.3259755e-01   5.1771632e-01
   8.2693707e-02   7.1243487e-01
   8.1892456e-01   9.5055492e-02
   8.8627002e-01   5.8580849e-02
   4.4678101e-01   3.3158321e-01
   1.5240314e-01   6.0961156e-01
   2.9184234e-02   8.2916606e-01
   6.7879484e-01   1.7610993e-01
   6.9133479e-01   1.6853455e-01
   6.1925035e-01   2.1307538e-01
   5.4961255e-01   2.5864142e-01
   7.4390741e-01   1.3749933e-01
   9.6115369e-01   1.9615540e-02
   4.1991738e-01   3.5198968e-01
   3.9386702e-01   3.7241175e-01
   1.5961996e-01   6.0047533e-01
   3.4226791e-01   4.1496332e-01
   3.8535045e-01   3.7923398e-01
   2.0315527e-01   5.4927251e-01
   1.0030008e-01   6.8329811e-01
   3.2938246e-01   4.2608149e-01
   3.6855011e-01   3.9291672e-01
   3.2299829e-01   4.3167062e-01
   2.4003223e-01   5.1006915e-01
   5.7259311e-02   7.6071082e-01
   5.0331176e-01   2.9055532e-01
   2.9162150e-01   4.5998009e-01
   6.6321588e-02   7.4247022e-01
   7.7178932e-01   1.2148459e-01
   4.5593242e-01   3.2477232e-01
   9.0682254e-01   4.7727696e-02
   5.6641101e-01   2.4739718e-01
   4.2877733e-01   3.4518909e-01
   1.2642155e-01   6.4444191e-01
   2.2519419e-01   5.2545370e-01
   4.3773098e-01   3.3838759e-01
   7.5770484e-01   1.2953757e-01
   4.7454683e-01   3.1112641e-01
   1.8132006e-01   5.7418307e-01
   1.6684325e-01   5.9153550e-01
   5.9234946e-01   2.3035758e-01
   7.3038236e-01   1.4537590e-01
   4.6518541e-01   3.1795498e-01
   2.1047594e-01   5.4122343e-01
   4.8071480e-02   7.8074791e-01
   3.0406822e-01   4.4857619e-01
   3.6191267e-01   3.9840822e-01
   7.8617179e-01   1.1333671e-01
   7.5285005e-02   7.2561887e-01
   3.5532131e-01   4.0391166e-01
   1.7407553e-01   5.8277640e-01
   3.1665236e-01   4.3728128e-01
   5.5796343e-01   2.5303050e-01
   8.6633012e-01   6.9231437e-02
   3.1034213e-01   4.4291641e-01
   3.7691091e-01   3.8606929e-01
   2.7777048e-01   4.7296065e-01
   6.4246829e-01   1.9845881e-01
   2.6255360e-01   4.8760015e-01
   9.1354472e-03   9.0442047e-01
   9.3162785e-01   3.4791290e-02
   2.4750200e-01   5.0250427e-01
   9.1522386e-02   6.9747333e-01
   6.3076424e-01   2.0579332e-01
   5.3318490e-01   2.6980489e-01
   3.6191267e-01   3.9840822e-01
   1.9364781e-02   8.6084260e-01
   6.5436757e-01   1.9107011e-01
   1.0903603e-01   6.6979395e-01
   1.8858063e-01   5.6574129e-01
   7.0410731e-01   1.6088897e-01
   1.3508807e-01   6.3245671e-01
   4.0246527e-01   3.6559849e-01
   6.0120468e-01   2.2462610e-01
   5.8359961e-01   2.3606308e-01
   2.1782127e-01   5.3328674e-01
   3.4877338e-01   4.0942961e-01
   8.5015156e-01   7.7963363e-02
   1.0000000e+00   0.0000000e+00
   4.1114767e-01   3.5879203e-01
   5.1314132e-01   2.8366117e-01
   1.4374607e-01   6.2086141e-01
   1.1774005e-01   6.5686731e-01
   6.1017098e-01   2.1886558e-01
   8.2693707e-02   7.1243487e-01
   4.6518541e-01   3.1795498e-01
   2.5500846e-01   4.9501638e-01
   3.9386702e-01   3.7241175e-01
   2.7014048e-01   4.8024960e-01
   4.9360604e-01   2.9742898e-01
   2.2519419e-01   5.2545370e-01
   5.7495459e-01   2.4174240e-01
   8.0383975e-01   1.0342889e-01
   3.8729444e-02   8.0320202e-01
   5.4135391e-01   2.6423243e-01
   6.6647476e-01   1.8362094e-01
   8.3435937e-01   8.6567263e-02
   4.3773098e-01   3.3838759e-01
   2.9782867e-01   4.5426319e-01
   2.0315527e-01   5.4927251e-01
   4.8071480e-02   7.8074791e-01
   3.5532131e-01   4.0391166e-01
   7.3038236e-01   1.4537590e-01
   8.8627002e-01   5.8580849e-02
   4.4678101e-01   3.3158321e-01
   1.5240314e-01   6.0961156e-01
   2.9184234e-02   8.2916606e-01
   6.7879484e-01   1.7610993e-01
   6.9133479e-01   1.6853455e-01
   6.1925035e-01   2.1307538e-01
   5.4961255e-01   2.5864142e-01
   7.4390741e-01   1.3749933e-01
   9.6115369e-01   1.9615540e-02
   4.1991738e-01   3.5198968e-01
   6.6321588e-02   7.4247022e-01
   1.5961996e-01   6.0047533e-01
   3.2938246e-01   4.2608149e-01
   3.8535045e-01   3.7923398e-01
   3.2299829e-01   4.3167062e-01
   1.0030008e-01   6.8329811e-01
   5.7259243e-02   7.6071096e-01
   3.6855011e-01   3.9291672e-01
   5.9234858e-01   2.3035815e-01
   5.5796365e-01   2.5303036e-01
   5.2309803e-01   2.7674484e-01
   5.0331176e-01   2.9055532e-01
   2.9162150e-01   4.5998009e-01
   7.1712006e-01   1.5317058e-01
   7.7178932e-01   1.2148459e-01
   1.2642155e-01   6.4444191e-01
   9.0682254e-01   4.7727696e-02
   5.6641101e-01   2.4739718e-01
   2.3259729e-01   5.1771659e-01
   1.6684325e-01   5.9153550e-01
   4.7454667e-01   3.1112652e-01
   3.1665236e-01   4.3728128e-01
   7.5770484e-01   1.2953757e-01
   7.5285005e-02   7.2561887e-01
   1.0002399e-04   9.8999880e-01
   4.5593119e-01   3.2477323e-01
   8.1892462e-01   9.5055462e-02
   1.9585796e-01   5.5744157e-01
   2.8544649e-01   4.6572807e-01
   2.1047594e-01   5.4122343e-01
   3.0406822e-01   4.4857619e-01
   4.2877736e-01   3.4518907e-01
   3.3580534e-01   4.2051287e-01
   7.8617179e-01   1.1333671e-01
   3.4226815e-01   4.1496312e-01
   4.8401999e-01   3.0428455e-01
   2.4003235e-01   5.1006903e-01
   1.7407564e-01   5.8277627e-01
   1.8132078e-01   5.7418222e-01
   8.6633012e-01   6.9231437e-02
   3.1034213e-01   4.4291641e-01
   3.7691091e-01   3.8606929e-01
   2.7777048e-01   4.7296065e-01
   6.4246829e-01   1.9845881e-01
   2.6255360e-01   4.8760015e-01
   9.1354472e-03   9.0442047e-01
   9.3162785e-01   3.4791290e-02
   2.4750200e-01   5.0250427e-01
   9.1522386e-02   6.9747333e-01
   6.3076424e-01   2.0579332e-01
   5.3318490e-01   2.6980489e-01
   3.6191267e-01   3.9840822e-01
   6.1925035e-01   2.1307538e-01
   6.5436757e-01   1.9107011e-01
   1.3508807e-01   6.3245671e-01
   1.8858063e-01   5.6574129e-01
   7.0410731e-01   1.6088897e-01
   8.3435937e-01   8.6567263e-02
   4.0246527e-01   3.6559849e-01
   6.0120468e-01   2.2462610e-01
   5.8359961e-01   2.3606308e-01
   2.1782127e-01   5.3328674e-01
   3.4877338e-01   4.0942961e-01
   8.5015156e-01   7.7963363e-02
   1.0000000e+00   0.0000000e+00
   4.1114767e-01   3.5879203e-01
   5.1314132e-01   2.8366117e-01
   1.4374607e-01   6.2086141e-01
   1.1774005e-01   6.5686731e-01
   6.1017098e-01   2.1886558e-01
   8.2693707e-02   7.1243487e-01
   4.6518541e-01   3.1795498e-01
   2.5500846e-01   4.9501638e-01
   3.9386702e-01   3.7241175e-01
   2.7014048e-01   4.8024960e-01
   4.9360604e-01   2.9742898e-01
   2.2519419e-01   5.2545370e-01
   5.7495459e-01   2.4174240e-01
   8.0383975e-01   1.0342889e-01
   3.8729444e-02   8.0320202e-01
   5.4135391e-01   2.6423243e-01
   6.6647476e-01   1.8362094e-01
   4.5593119e-01   3.2477323e-01
   4.3773098e-01   3.3838759e-01
   2.9782867e-01   4.5426319e-01
   2.0315527e-01   5.4927251e-01
   4.8071480e-02   7.8074791e-01
   3.5532131e-01   4.0391166e-01
   7.3038236e-01   1.4537590e-01
   8.8627002e-01   5.8580849e-02
   4.4678101e-01   3.3158321e-01
   1.5240314e-01   6.0961156e-01
   2.9184234e-02   8.2916606e-01
   6.7879484e-01   1.7610993e-01
   3.1665236e-01   4.3728128e-01
   3.8535045e-01   3.7923398e-01
   5.4961255e-01   2.5864142e-01
   7.4390741e-01   1.3749933e-01
   9.6115369e-01   1.9615540e-02
   4.1991738e-01   3.5198968e-01
   6.6321588e-02   7.4247022e-01
   1.5961996e-01   6.0047533e-01
   3.2938246e-01   4.2608149e-01
   1.0002399e-04   9.8999880e-01
   3.2299829e-01   4.3167062e-01
   1.0030008e-01   6.8329811e-01
   5.7259243e-02   7.6071096e-01
   3.6855011e-01   3.9291672e-01
   5.9234858e-01   2.3035815e-01
   7.7178932e-01   1.2148459e-01
   5.2309803e-01   2.7674484e-01
   5.0331176e-01   2.9055532e-01
   2.9162150e-01   4.5998009e-01
   7.1712006e-01   1.5317058e-01
   4.7454667e-01   3.1112652e-01
   1.2642155e-01   6.4444191e-01
   9.0682254e-01   4.7727696e-02
   5.6641101e-01   2.4739718e-01
   2.3259729e-01   5.1771659e-01
   1.6684325e-01   5.9153550e-01
   2.8544636e-01   4.6572820e-01
   4.2877736e-01   3.4518907e-01
   7.5770484e-01   1.2953757e-01
   7.5285005e-02   7.2561887e-01
   3.4226815e-01   4.1496312e-01
   6.9133505e-01   1.6853439e-01
   8.1892462e-01   9.5055462e-02
   1.9585796e-01   5.5744157e-01
   1.0903611e-01   6.6979384e-01
   7.8617179e-01   1.1333671e-01
   3.0406822e-01   4.4857619e-01
   1.7407564e-01   5.8277627e-01
   3.3580534e-01   4.2051287e-01
   1.8132078e-01   5.7418222e-01
   5.5796375e-01   2.5303029e-01
   4.8401999e-01   3.0428455e-01
   2.4003235e-01   5.1006903e-01
   1.9364700e-02   8.6084289e-01
   2.1047589e-01   5.4122349e-01
   8.6633012e-01   6.9231437e-02
   3.1034213e-01   4.4291641e-01
   4.2877736e-01   3.4518907e-01
   2.7777048e-01   4.7296065e-01
   6.4246829e-01   1.9845881e-01
   2.6255360e-01   4.8760015e-01
   9.1354472e-03   9.0442047e-01
   9.3162785e-01   3.4791290e-02
   2.4750200e-01   5.0250427e-01
   9.1522386e-02   6.9747333e-01
   6.3076424e-01   2.0579332e-01
   5.3318490e-01   2.6980489e-01
   3.6191267e-01   3.9840822e-01
   6.1925035e-01   2.1307538e-01
   4.8401999e-01   3.0428455e-01
   5.5796375e-01   2.5303029e-01
   1.8858063e-01   5.6574129e-01
   7.0410731e-01   1.6088897e-01
   8.3435937e-01   8.6567263e-02
   4.0246527e-01   3.6559849e-01
   6.0120468e-01   2.2462610e-01
   5.8359961e-01   2.3606308e-01
   2.1782127e-01   5.3328674e-01
   3.4877338e-01   4.0942961e-01
   8.5015156e-01   7.7963363e-02
   1.0000000e+00   0.0000000e+00
   2.9162150e-01   4.5998009e-01
   5.1314132e-01   2.8366117e-01
   1.4374607e-01   6.2086141e-01
   1.1774005e-01   6.5686731e-01
   6.1017098e-01   2.1886558e-01
   8.2693707e-02   7.1243487e-01
   4.6518541e-01   3.1795498e-01
   2.5500846e-01   4.9501638e-01
   3.9386702e-01   3.7241175e-01
   2.7014048e-01   4.8024960e-01
   4.9360604e-01   2.9742898e-01
   2.2519419e-01   5.2545370e-01
   5.7495459e-01   2.4174240e-01
   8.0383975e-01   1.0342889e-01
   3.8729444e-02   8.0320202e-01
   5.4135391e-01   2.6423243e-01
   6.6647476e-01   1.8362094e-01
   4.5593119e-01   3.2477323e-01
   4.3773098e-01   3.3838759e-01
   2.9782867e-01   4.5426319e-01
   2.0315527e-01   5.4927251e-01
   4.8071480e-02   7.8074791e-01
   3.5532131e-01   4.0391166e-01
   7.3038236e-01   1.4537590e-01
   8.8627002e-01   5.8580849e-02
   4.4678101e-01   3.3158321e-01
   1.5240314e-01   6.0961156e-01
   2.9184234e-02   8.2916606e-01
   6.7879484e-01   1.7610993e-01
   3.1665236e-01   4.3728128e-01
   3.8535045e-01   3.7923398e-01
   1.8132078e-01   5.7418222e-01
   7.4390741e-01   1.3749933e-01
   9.6115369e-01   1.9615540e-02
   4.1991738e-01   3.5198968e-01
   5.0331176e-01   2.9055532e-01
   1.5961996e-01   6.0047533e-01
   3.2938246e-01   4.2608149e-01
   1.0002399e-04   9.8999880e-01
   3.2299829e-01   4.3167062e-01
   1.9585796e-01   5.5744157e-01
   5.7259243e-02   7.6071096e-01
   3.6855011e-01   3.9291672e-01
   5.9234858e-01   2.3035815e-01
   1.9364700e-02   8.6084289e-01
   7.5770484e-01   1.2953757e-01
   1.7407564e-01   5.8277627e-01
   1.2642155e-01   6.4444191e-01
   7.1712006e-01   1.5317058e-01
   2.1047589e-01   5.4122349e-01
   5.6641009e-01   2.4739779e-01
   9.0682281e-01   4.7727557e-02
   1.3508763e-01   6.3245730e-01
   2.3259729e-01   5.1771659e-01
   1.6684325e-01   5.9153550e-01
   2.8544636e-01   4.6572820e-01
   3.0406822e-01   4.4857619e-01
   7.5285005e-02   7.2561887e-01
   3.4226815e-01   4.1496312e-01
   3.3580534e-01   4.2051287e-01
   6.9133505e-01   1.6853439e-01
   2.4003235e-01   5.1006903e-01
   5.2309710e-01   2.7674548e-01
   3.7691257e-01   3.8606794e-01
   7.8617179e-01   1.1333671e-01
   5.4961281e-01   2.5864124e-01
   4.7454664e-01   3.1112654e-01
   4.1114780e-01   3.5879193e-01
   8.1892656e-01   9.5054388e-02
   6.5436760e-01   1.9107009e-01
   6.6321321e-02   7.4247074e-01
   1.0903614e-01   6.6979379e-01
   7.7178923e-01   1.2148464e-01
   1.0030015e-01   6.8329801e-01
   8.6633012e-01   6.9231437e-02
   3.1034213e-01   4.4291641e-01
   4.2877736e-01   3.4518907e-01
   2.7777048e-01   4.7296065e-01
   6.4246829e-01   1.9845881e-01
   2.6255360e-01   4.8760015e-01
   9.1354472e-03   9.0442047e-01
   9.3162785e-01   3.4791290e-02
   2.4750200e-01   5.0250427e-01
   9.1522386e-02   6.9747333e-01
   6.3076424e-01   2.0579332e-01
   5.3318490e-01   2.6980489e-01
   3.6191267e-01   3.9840822e-01
   6.1925035e-01   2.1307538e-01
   4.8401999e-01   3.0428455e-01
   5.5796375e-01   2.5303029e-01
   1.8858063e-01   5.6574129e-01
   7.0410731e-01   1.6088897e-01
   8.3435937e-01   8.6567263e-02
   4.0246527e-01   3.6559849e-01
   6.0120468e-01   2.2462610e-01
   5.8359961e-01   2.3606308e-01
   2.1782127e-01   5.3328674e-01
   3.4877338e-01   4.0942961e-01
   8.5015156e-01   7.7963363e-02
   1.0000000e+00   0.0000000e+00
   2.9162150e-01   4.5998009e-01
   5.1314132e-01   2.8366117e-01
   1.4374607e-01   6.2086141e-01
   1.1774005e-01   6.5686731e-01
   6.1017098e-01   2.1886558e-01
   8.2693707e-02   7.1243487e-01
   4.6518541e-01   3.1795498e-01
   2.5500846e-01   4.9501638e-01
   3.9386702e-01   3.7241175e-01
   2.7014048e-01   4.8024960e-01
   4.9360604e-01   2.9742898e-01
   2.2519419e-01   5.2545370e-01
   5.7495459e-01   2.4174240e-01
   8.0383975e-01   1.0342889e-01
   3.8729444e-02   8.0320202e-01
   5.4135391e-01   2.6423243e-01
   6.6647476e-01   1.8362094e-01
   4.5593119e-01   3.2477323e-01
   4.3773098e-01   3.3838759e-01
   2.9782867e-01   4.5426319e-01
   2.0315527e-01   5.4927251e-01
   4.8071480e-02   7.8074791e-01
   3.5532131e-01   4.0391166e-01
   7.3038236e-01   1.4537590e-01
   8.8627002e-01   5.8580849e-02
   4.4678101e-01   3.3158321e-01
   1.5240314e-01   6.0961156e-01
   2.9184234e-02   8.2916606e-01
   6.7879484e-01   1.7610993e-01
   3.1665236e-01   4.3728128e-01
   3.8535045e-01   3.7923398e-01
   1.8132078e-01   5.7418222e-01
   7.4390741e-01   1.3749933e-01
   9.6115369e-01   1.9615540e-02
   4.1991738e-01   3.5198968e-01
   5.0331176e-01   2.9055532e-01
   1.5961996e-01   6.0047533e-01
   3.2938246e-01   4.2608149e-01
   1.0002399e-04   9.8999880e-01
   3.2299829e-01   4.3167062e-01
   1.9585796e-01   5.5744157e-01
   5.7259243e-02   7.6071096e-01
   3.6855011e-01   3.9291672e-01
   5.9234858e-01   2.3035815e-01
   7.1712006e-01   1.5317058e-01
   7.5770484e-01   1.2953757e-01
   1.7407564e-01   5.8277627e-01
   1.2642155e-01   6.4444191e-01
   5.4961281e-01   2.5864124e-01
   2.1047589e-01   5.4122349e-01
   5.6641009e-01   2.4739779e-01
   9.0682281e-01   4.7727557e-02
   1.3508763e-01   6.3245730e-01
   2.3259729e-01   5.1771659e-01
   1.6684325e-01   5.9153550e-01
   2.8544636e-01   4.6572820e-01
   3.0406822e-01   4.4857619e-01
   7.5285005e-02   7.2561887e-01
   3.4226815e-01   4.1496312e-01
   3.3580534e-01   4.2051287e-01
   6.9133505e-01   1.6853439e-01
   2.4003235e-01   5.1006903e-01
   5.2309710e-01   2.7674548e-01
   3.7691257e-01   3.8606794e-01
   7.8617179e-01   1.1333671e-01
   4.7454662e-01   3.1112656e-01
   7.7178923e-01   1.2148464e-01
   4.1114780e-01   3.5879193e-01
   8.1892656e-01   9.5054388e-02
   6.5436760e-01   1.9107009e-01
   6.6321321e-02   7.4247074e-01
   1.0903614e-01   6.6979379e-01
   1.9364686e-02   8.6084294e-01
   1.0030015e-01   6.8329801e-01
   6.7179697e+00   3.9854536e+00
   7.0341127e+00   5.0036056e+00
   5.5482560e+00   6.4276767e+00
   5.9946187e+00   5.0395553e+00
   5.8331522e+00   7.1921192e+00
   5.3846628e+00   4.8463230e+00
   5.5497530e+00   6.2330351e+00
   7.9176688e+00   4.0914448e+00
   7.5871912e+00   6.5006059e+00
   5.4628868e+00   5.9513963e+00
   6.0974429e+00   5.0960093e+00
   5.7729837e+00   6.0961811e+00
   7.8854453e+00   4.2125808e+00
   6.6335643e+00   5.5331801e+00
   6.4680370e+00   5.8826755e+00
   4.9459946e+00   4.8739411e+00
   6.8151009e+00   5.2503166e+00
   6.4740464e+00   5.7253812e+00
   6.4609363e+00   5.6108673e+00
   6.4987041e+00   6.2056720e+00
   4.7936797e+00   4.0336217e+00
   8.0512586e+00   7.5791156e+00
   7.0051101e+00   5.5810499e+00
   7.0763798e+00   5.4285919e+00
   7.0802665e+00   5.1774050e+00
   5.7102161e+00   5.7723924e+00
   6.4434398e+00   5.8164015e+00
   6.4407194e+00   5.6799227e+00
   6.0893951e+00   5.6333336e+00
   5.6652331e+00   5.2430361e+00
   6.8520782e+00   6.5659581e+00
   5.2036491e+00   6.4859512e+00
   5.2438123e+00   6.6356220e+00
   6.1882533e+00   6.6379332e+00
   7.0587501e+00   4.5292973e+00
   5.6119883e+00   5.1377633e+00
   6.6667597e+00   5.3444952e+00
   6.8149725e+00   5.2388297e+00
   6.0284229e+00   5.2544525e+00
   6.8880407e+00   6.9106456e+00
   6.8541034e+00   4.1556238e+00
   6.8342971e+00   6.0511229e+00
   5.5132939e+00   4.8324865e+00
   5.6808653e+00   5.1349660e+00
   6.7207405e+00   7.0972572e+00
   5.8311805e+00   7.5035496e+00
   6.4515333e+00   6.0102245e+00
   5.8044129e+00   5.8681251e+00
   6.5514038e+00   6.5966931e+00
   5.3014982e+00   5.2233390e+00
   7.5014776e+00   4.9648469e+00
   6.2055373e+00   5.0809477e+00
   7.5355834e+00   5.7510782e+00
   5.8371311e+00   6.8256525e+00
   6.3210962e+00   4.2196026e+00
   5.7358956e+00   5.9573575e+00
   6.3014531e+00   5.9659014e+00
   4.8117266e+00   6.5714585e+00
   7.3901535e+00   5.1686659e+00
   5.6924127e+00   4.6036406e+00
   5.6962688e+00   4.1495732e+00
   5.9336195e+00   4.9527544e+00
   6.9862571e+00   4.9885564e+00
   6.1239377e+00   5.0509005e+00
   6.3252459e+00   4.5480260e+00
   6.4648859e+00   5.9672465e+00
   7.1090156e+00   5.6458350e+00
   6.1002592e+00   6.3443626e+00
   5.8348600e+00   6.7542560e+00
   7.0428168e+00   5.7249492e+00
   8.1561953e+00   5.7336537e+00
   6.2146464e+00   5.0565232e+00
   6.3931745e+00   5.5728345e+00
   7.0785722e+00   4.5332628e+00
   6.4267816e+00   5.3260547e+00
   4.4878870e+00   5.5781260e+00
   6.4796142e+00   5.7073071e+00
   7.2758635e+00   5.5887942e+00
   7.6705426e+00   5.7677747e+00
   7.7548070e+00   5.4332933e+00
   5.1556996e+00   4.8981993e+00
   7.0021917e+00   7.2306360e+00
   5.8699484e+00   5.0464172e+00
   6.5318360e+00   5.8039302e+00
   5.5608440e+00   6.0257035e+00
   6.3573425e+00   5.3253733e+00
   6.0271869e+00   6.6218449e+00
   6.7354436e+00   5.3371958e+00
   7.0949176e+00   5.9383380e+00
   6.2919080e+00   5.5792381e+00
   6.9433564e+00   5.4278603e+00
   6.5044762e+00   4.8373615e+00
   6.4490009e+00   4.5440147e+00
   7.3002932e+00   5.7855953e+00
   4.7969570e+00   6.6430024e+00
   5.5115927e+00   6.6337850e+00
   6.4934437e+00   4.6581419e+00
   5.9765833e+00   5.3943785e+00
   6.0009509e+00   6.5730017e+00
   7.5622364e+00   4.4288684e+00
   3.4236485e-01   6.7657227e-01
   9.4841386e-01   1.5699673e-01
   9.7611305e-01   1.4072490e-01
   7.0978846e-01   3.1295626e-01
   7.8358476e-01   2.6120002e-01
   3.5623798e-01   6.5579276e-01
   1.0856458e+00   7.9192507e-02
   5.0388598e-01   4.8412537e-01
   4.6451608e-01   5.2381020e-01
   1.0460823e+00   1.0093218e-01
   1.1061852e+00   6.8106315e-02
   9.9032862e-01   1.3249250e-01
   8.7400034e-01   2.0235284e-01
   1.1315963e+00   5.4570509e-02
   1.0084589e+00   1.2210507e-01
   2.4783541e-01   8.9962042e-01
   5.5751508e-01   4.3453053e-01
   5.9873637e-01   3.9918637e-01
   3.9174018e-01   6.0759609e-01
   2.8110370e-01   7.9180694e-01
   7.5114641e-01   2.8348967e-01
   3.2868481e-01   6.9846151e-01
   5.4906601e-01   4.4205138e-01
   4.2656734e-01   5.6547959e-01
   3.0526891e-01   7.4017398e-01
   6.6317052e-01   3.4776448e-01
   7.3021041e-01   2.9825143e-01
   4.0627386e-01   5.8949481e-01
   3.6324331e-01   6.4576285e-01
   7.6181525e-01   2.7608295e-01
   1.1897904e+00   2.4279194e-02
   7.7263134e-01   2.6865057e-01
   4.9789655e-01   4.8996354e-01
   4.4918169e-01   5.4019315e-01
   9.6214441e-01   1.4889186e-01
   7.9470191e-01   2.5371416e-01
   4.4159033e-01   5.4852356e-01
   6.7278046e-01   3.4043870e-01
   4.8005478e-01   5.0776487e-01
   1.1579176e+00   4.0751233e-02
   9.1847864e-01   1.7494286e-01
   5.4070312e-01   4.4959672e-01
   3.0034729e-01   7.4982418e-01
   3.4927483e-01   6.6606066e-01
   4.1914765e-01   5.7410295e-01
   8.0595721e-01   2.4621100e-01
   3.9897618e-01   5.9848185e-01
   8.4071637e-01   2.2349693e-01
   5.1194221e-01   4.7637527e-01
   6.1668435e-01   3.8443116e-01
   4.8596557e-01   5.0179701e-01
   2.9385890e-01   7.6314657e-01
   2.6879279e-01   8.2383690e-01
   4.5683449e-01   5.3194537e-01
   2.3950274e-01   9.5824609e-01
   8.6175091e-01   2.1006864e-01
   3.2193389e-01   7.0987151e-01
   2.7490104e-01   8.0727821e-01
   5.3239348e-01   4.5719789e-01
   5.8992008e-01   4.0656868e-01
   4.3405617e-01   5.5694603e-01
   1.0270375e+00   1.1158672e-01
   6.9231082e-01   3.2579568e-01
   4.7227312e-01   5.1573378e-01
   6.8247059e-01   3.3313327e-01
   5.8117926e-01   4.1397960e-01
   2.5850595e-01   8.5596320e-01
   3.7739458e-01   6.2632203e-01
   8.2898212e-01   2.3108989e-01
   6.5367716e-01   3.5508310e-01
   2.4322032e-01   9.2610163e-01
   3.3550332e-01   6.8735968e-01
   9.0230380e-01   1.8480404e-01
   5.1803772e-01   4.7058678e-01
   2.3775945e-01   9.9968632e-01
   6.3499142e-01   3.6973651e-01
   7.1993981e-01   3.0560785e-01
   2.5297912e-01   8.7663159e-01
   9.3498843e-01   1.6499756e-01
   8.1739765e-01   2.3866020e-01
   6.0767401e-01   3.9179390e-01
   6.2578756e-01   3.7708090e-01
   6.4426952e-01   3.6241850e-01
   8.8647304e-01   1.9457236e-01
   5.6604404e-01   4.2703867e-01
   2.6285725e-01   8.4157684e-01
   5.2417248e-01   4.6482421e-01
   8.5251101e-01   2.1593899e-01
   2.8742745e-01   7.7713660e-01
   6.9980331e-01   3.2026185e-01
   1.0655890e+00   9.0148582e-02
   3.7030399e-01   6.3593320e-01
   3.8454005e-01   6.1688032e-01
   1.2377594e+00   1.1590395e-11
   3.1021819e-01   7.3081822e-01
   4.9191788e-01   4.9585863e-01
   3.1522832e-01   7.2166753e-01
   4.1177623e-01   5.8284670e-01
   7.4060942e-01   2.9088078e-01
   5.7250023e-01   4.2143204e-01
   7.8359290e-01   2.6119451e-01
   7.3020869e-01   2.9825266e-01
   3.9174018e-01   6.0759609e-01
   2.8902813e-01   7.7357390e-01
   7.1993426e-01   3.0561185e-01
   8.5266960e-01   2.1583787e-01
   3.4927515e-01   6.6606018e-01
   5.0388598e-01   4.8412537e-01
   5.2827667e-01   4.6100342e-01
   1.2377594e+00   0.0000000e+00
   9.6216414e-01   1.4888028e-01
   1.1579119e+00   4.0754176e-02
   7.9469918e-01   2.5371599e-01
   7.6181620e-01   2.7608229e-01
   7.5114641e-01   2.8348967e-01
   4.6645093e-01   5.2178292e-01
   3.5623551e-01   6.5579634e-01
   8.7709335e-01   2.0041636e-01
   2.5301069e-01   8.7650370e-01
   4.2100328e-01   5.7193000e-01
   9.7611694e-01   1.4072264e-01
   6.2350547e-01   3.7891537e-01
   1.0270396e+00   1.1158556e-01
   2.6728778e-01   8.2816163e-01
   7.7263134e-01   2.6865057e-01
   1.0655890e+00   9.0148582e-02
   3.1521866e-01   7.2168487e-01
   7.0978384e-01   3.1295962e-01
   8.1738626e-01   2.3866768e-01
   3.7739734e-01   6.2631833e-01
   3.8454466e-01   6.1687429e-01
   4.9787833e-01   4.8998139e-01
   8.0596420e-01   2.4620636e-01
   4.8597911e-01   5.0178342e-01
   6.4194789e-01   3.6424177e-01
   4.5108147e-01   5.3813193e-01
   1.1061802e+00   6.8109003e-02
   3.2868714e-01   6.9845766e-01
   2.4784054e-01   8.9959489e-01
   4.2844420e-01   5.6332525e-01
   1.0460711e+00   1.0093839e-01
   8.6478754e-01   2.0814889e-01
   5.5329517e-01   4.3827426e-01
   2.3775935e-01   9.9999999e-01
   3.0857030e-01   7.3389674e-01
   3.3550020e-01   6.8736468e-01
   5.0992686e-01   4.7830324e-01
   5.3654227e-01   4.5338961e-01
   9.0229834e-01   1.8480740e-01
   2.3951719e-01   9.5807344e-01
   2.7642821e-01   8.0335601e-01
   4.1361437e-01   5.8064929e-01
   5.1600424e-01   4.7251077e-01
   5.6178432e-01   4.3076809e-01
   8.2897576e-01   2.3109402e-01
   3.2192505e-01   7.0988675e-01
   3.9898255e-01   5.9847391e-01
   6.7036588e-01   3.4227169e-01
   4.9191224e-01   4.9586421e-01
   6.3267805e-01   3.7157443e-01
   2.9546822e-01   7.5977331e-01
   5.9653759e-01   4.0101900e-01
   6.5131765e-01   3.5691502e-01
   4.8008015e-01   5.0773909e-01
   4.5873613e-01   5.2991833e-01
   5.8772590e-01   4.0842030e-01
   3.0198600e-01   7.4657024e-01
   8.8959425e-01   1.9263707e-01
   6.1442563e-01   3.8626856e-01
   9.1847133e-01   1.7494729e-01
   1.0084661e+00   1.2210094e-01
   4.3593776e-01   5.5482766e-01
   6.6078939e-01   3.4959241e-01
   4.4348474e-01   5.4643040e-01
   3.7029661e-01   6.3594334e-01
   6.9975543e-01   3.2029707e-01
   1.1897890e+00   2.4279955e-02
   6.8984640e-01   3.2762581e-01
   9.3498637e-01   1.6499879e-01
   5.7034984e-01   4.2329342e-01
   9.9032805e-01   1.3249282e-01
   3.6324277e-01   6.4576362e-01
   9.4845465e-01   1.5697254e-01
   2.6285582e-01   8.4158134e-01
   3.4236423e-01   6.7657323e-01
   2.4321983e-01   9.2610493e-01
   2.8267670e-01   7.8806288e-01
   7.4061035e-01   2.9088012e-01
   5.2212134e-01   4.6674398e-01
   6.8004830e-01   3.3495192e-01
   2.5853660e-01   8.5585687e-01
   4.0627368e-01   5.8949503e-01
   1.0856110e+00   7.9211379e-02
   4.7421534e-01   5.1373260e-01
   5.4488168e-01   4.4581382e-01
   6.0543797e-01   3.9363492e-01
   2.7181555e-01   8.1545678e-01
   5.7899718e-01   4.1584434e-01
   1.1316070e+00   5.4564812e-02
   8.4073447e-01   2.2348528e-01
   1.2377594e+00   0.0000000e+00
   7.3020869e-01   2.9825266e-01
   5.0388573e-01   4.8412562e-01
   6.7036588e-01   3.4227169e-01
   7.1993426e-01   3.0561185e-01
   8.5266960e-01   2.1583787e-01
   3.4927515e-01   6.6606018e-01
   7.8358990e-01   2.6119654e-01
   5.2827667e-01   4.6100342e-01
   9.1847133e-01   1.7494729e-01
   9.6216414e-01   1.4888028e-01
   1.1579119e+00   4.0754176e-02
   2.6728833e-01   8.2816002e-01
   7.6181620e-01   2.7608229e-01
   1.1061802e+00   6.8109003e-02
   5.8772590e-01   4.0842030e-01
   8.0596420e-01   2.4620636e-01
   8.7709335e-01   2.0041636e-01
   2.5301069e-01   8.7650370e-01
   5.2212134e-01   4.6674398e-01
   9.7611694e-01   1.4072264e-01
   6.2350547e-01   3.7891537e-01
   1.0270396e+00   1.1158556e-01
   7.5114551e-01   2.8349029e-01
   7.7263134e-01   2.6865057e-01
   1.0655890e+00   9.0148582e-02
   3.1521866e-01   7.2168487e-01
   7.0978384e-01   3.1295962e-01
   8.1738626e-01   2.3866768e-01
   3.8454466e-01   6.1687429e-01
   9.9032780e-01   1.3249297e-01
   5.9653909e-01   4.0101775e-01
   6.0543797e-01   3.9363492e-01
   4.8597911e-01   5.0178342e-01
   6.1442563e-01   3.8626856e-01
   4.5108147e-01   5.3813193e-01
   4.9788086e-01   4.8997891e-01
   6.8984640e-01   3.2762581e-01
   3.7029661e-01   6.3594334e-01
   4.2844420e-01   5.6332525e-01
   3.5623550e-01   6.5579636e-01
   3.0857030e-01   7.3389674e-01
   6.3267805e-01   3.7157443e-01
   2.3775935e-01   9.9999999e-01
   5.7899718e-01   4.1584434e-01
   3.3550020e-01   6.8736468e-01
   5.0992686e-01   4.7830324e-01
   4.8008015e-01   5.0773909e-01
   1.1897890e+00   2.4279955e-02
   2.3951719e-01   9.5807344e-01
   7.9469835e-01   2.5371654e-01
   4.9191224e-01   4.9586421e-01
   5.1600424e-01   4.7251077e-01
   5.6178432e-01   4.3076809e-01
   8.2897576e-01   2.3109402e-01
   4.6644897e-01   5.2178497e-01
   3.9898255e-01   5.9847391e-01
   7.4061035e-01   2.9088012e-01
   4.3593776e-01   5.5482766e-01
   1.0460720e+00   1.0093792e-01
   4.5873613e-01   5.2991833e-01
   5.4488168e-01   4.4581382e-01
   4.1361381e-01   5.8064996e-01
   1.1316070e+00   5.4564812e-02
   2.8267596e-01   7.8806461e-01
   5.5329576e-01   4.3827372e-01
   3.4236423e-01   6.7657323e-01
   8.8959425e-01   1.9263707e-01
   3.0198587e-01   7.4657050e-01
   2.4784295e-01   8.9958291e-01
   6.6078939e-01   3.4959241e-01
   6.5131772e-01   3.5691496e-01
   3.7739711e-01   6.2631864e-01
   4.7421534e-01   5.1373260e-01
   2.9546774e-01   7.5977430e-01
   6.9975543e-01   3.2029707e-01
   2.6285582e-01   8.4158134e-01
   3.6324277e-01   6.4576362e-01
   2.7642564e-01   8.0336255e-01
   2.7181699e-01   8.1545290e-01
   4.0627368e-01   5.8949503e-01
   9.0229771e-01   1.8480778e-01
   2.5853660e-01   8.5585687e-01
   8.6478754e-01   2.0814889e-01
   2.4321961e-01   9.2610648e-01
   4.4348329e-01   5.4643199e-01
   5.7035070e-01   4.2329267e-01
   3.2868662e-01   6.9845851e-01
   5.3654255e-01   4.5338936e-01
   8.4073447e-01   2.2348528e-01
   6.8005173e-01   3.3494934e-01
   9.3498743e-01   1.6499816e-01
   6.4194891e-01   3.6424096e-01
   3.2192519e-01   7.0988652e-01
   3.9174008e-01   6.0759622e-01
   2.8902782e-01   7.7357460e-01
   1.0856154e+00   7.9208993e-02
   1.0084636e+00   1.2210237e-01
   9.4845718e-01   1.5697104e-01
   4.2100451e-01   5.7192857e-01
   1.2377594e+00   0.0000000e+00
   1.0270396e+00   1.1158556e-01
   5.0388573e-01   4.8412562e-01
   6.7036588e-01   3.4227169e-01
   1.1579119e+00   4.0754176e-02
   8.5266960e-01   2.1583787e-01
   3.4927515e-01   6.6606018e-01
   7.8358990e-01   2.6119654e-01
   3.7739711e-01   6.2631864e-01
   9.1847133e-01   1.7494729e-01
   9.6216414e-01   1.4888028e-01
   9.0229771e-01   1.8480778e-01
   2.6728833e-01   8.2816002e-01
   2.3775935e-01   9.9999999e-01
   1.1061802e+00   6.8109003e-02
   5.8772590e-01   4.0842030e-01
   8.0596420e-01   2.4620636e-01
   8.7709335e-01   2.0041636e-01
   2.5301069e-01   8.7650370e-01
   5.2212134e-01   4.6674398e-01
   9.7611694e-01   1.4072264e-01
   6.2350547e-01   3.7891537e-01
   3.3550020e-01   6.8736468e-01
   7.5114551e-01   2.8349029e-01
   7.7263134e-01   2.6865057e-01
   1.0655890e+00   9.0148582e-02
   3.1521866e-01   7.2168487e-01
   7.0978384e-01   3.1295962e-01
   7.3020820e-01   2.9825300e-01
   3.7029661e-01   6.3594334e-01
   9.9032780e-01   1.3249297e-01
   5.9653909e-01   4.0101775e-01
   6.0543797e-01   3.9363492e-01
   4.8597911e-01   5.0178342e-01
   3.5623550e-01   6.5579636e-01
   4.5108147e-01   5.3813193e-01
   4.9788086e-01   4.8997891e-01
   6.8984640e-01   3.2762581e-01
   3.0198587e-01   7.4657050e-01
   4.2844420e-01   5.6332525e-01
   4.1361381e-01   5.8064996e-01
   3.0857030e-01   7.3389674e-01
   6.3267805e-01   3.7157443e-01
   2.5853660e-01   8.5585687e-01
   5.7899718e-01   4.1584434e-01
   3.9174008e-01   6.0759622e-01
   5.0992686e-01   4.7830324e-01
   4.8008015e-01   5.0773909e-01
   3.2192519e-01   7.0988652e-01
   2.3951719e-01   9.5807344e-01
   5.1600549e-01   4.7250958e-01
   9.3498743e-01   1.6499816e-01
   7.9469853e-01   2.5371642e-01
   2.7181699e-01   8.1545290e-01
   6.6078951e-01   3.4959231e-01
   5.6178456e-01   4.3076788e-01
   3.9898255e-01   5.9847391e-01
   7.4061035e-01   2.9088012e-01
   5.7035070e-01   4.2329267e-01
   1.0460720e+00   1.0093792e-01
   1.1316070e+00   5.4564812e-02
   5.4488168e-01   4.4581382e-01
   5.5329576e-01   4.3827372e-01
   2.4321961e-01   9.2610648e-01
   2.8902782e-01   7.7357460e-01
   8.2897470e-01   2.3109471e-01
   2.6285582e-01   8.4158134e-01
   8.8959425e-01   1.9263707e-01
   4.0627368e-01   5.8949503e-01
   2.4784295e-01   8.9958291e-01
   2.7642564e-01   8.0336255e-01
   6.5131772e-01   3.5691496e-01
   2.9546774e-01   7.5977430e-01
   4.7421534e-01   5.1373260e-01
   8.4073447e-01   2.2348528e-01
   6.9975543e-01   3.2029707e-01
   7.6181752e-01   2.7608138e-01
   3.6324277e-01   6.4576362e-01
   5.3654255e-01   4.5338936e-01
   3.8454526e-01   6.1687351e-01
   2.8267596e-01   7.8806461e-01
   4.2100451e-01   5.7192857e-01
   3.2868662e-01   6.9845851e-01
   6.4194891e-01   3.6424096e-01
   6.1442627e-01   3.8626805e-01
   8.1738536e-01   2.3866827e-01
   7.1993328e-01   3.0561255e-01
   3.4236421e-01   6.7657326e-01
   4.4348268e-01   5.4643267e-01
   1.1897858e+00   2.4281560e-02
   4.6644780e-01   5.2178619e-01
   8.6478692e-01   2.0814928e-01
   5.2827537e-01   4.6100462e-01
   6.8005105e-01   3.3494985e-01
   9.4845718e-01   1.5697104e-01
   4.5873568e-01   5.2991881e-01
   4.9191292e-01   4.9586355e-01
   1.0084653e+00   1.2210141e-01
   4.3593763e-01   5.5482781e-01
   1.0856162e+00   7.9208553e-02
   1.2377594e+00   0.0000000e+00
   1.0270396e+00   1.1158556e-01
   5.0388573e-01   4.8412562e-01
   6.7036588e-01   3.4227169e-01
   1.1579119e+00   4.0754176e-02
   8.5266960e-01   2.1583787e-01
   3.4927515e-01   6.6606018e-01
   7.8358990e-01   2.6119654e-01
   3.7739711e-01   6.2631864e-01
   5.8772590e-01   4.0842030e-01
   9.6216414e-01   1.4888028e-01
   9.0229771e-01   1.8480778e-01
   2.6728833e-01   8.2816002e-01
   2.3775935e-01   9.9999999e-01
   1.1061802e+00   6.8109003e-02
   3.9898255e-01   5.9847391e-01
   5.6178456e-01   4.3076788e-01
   6.8005105e-01   3.3494985e-01
   2.5301069e-01   8.7650370e-01
   5.2212134e-01   4.6674398e-01
   9.7611694e-01   1.4072264e-01
   6.2350547e-01   3.7891537e-01
   3.3550020e-01   6.8736468e-01
   7.5114551e-01   2.8349029e-01
   7.7263134e-01   2.6865057e-01
   1.0655890e+00   9.0148582e-02
   3.1521866e-01   7.2168487e-01
   7.0978384e-01   3.1295962e-01
   7.3020820e-01   2.9825300e-01
   7.1993328e-01   3.0561255e-01
   9.9032780e-01   1.3249297e-01
   5.9653909e-01   4.0101775e-01
   6.0543797e-01   3.9363492e-01
   4.8597911e-01   5.0178342e-01
   3.5623550e-01   6.5579636e-01
   4.5108147e-01   5.3813193e-01
   4.9788086e-01   4.8997891e-01
   5.0992686e-01   4.7830324e-01
   3.0198587e-01   7.4657050e-01
   8.0596217e-01   2.4620771e-01
   4.1361381e-01   5.8064996e-01
   3.0857030e-01   7.3389674e-01
   5.1600549e-01   4.7250958e-01
   2.5853660e-01   8.5585687e-01
   5.7899718e-01   4.1584434e-01
   3.9174008e-01   6.0759622e-01
   5.5329576e-01   4.3827372e-01
   4.8008015e-01   5.0773909e-01
   3.2192519e-01   7.0988652e-01
   2.4784295e-01   8.9958291e-01
   1.1316070e+00   5.4564812e-02
   9.3498743e-01   1.6499816e-01
   7.9469853e-01   2.5371642e-01
   2.7181699e-01   8.1545290e-01
   6.4194891e-01   3.6424096e-01
   4.6644780e-01   5.2178619e-01
   2.9546774e-01   7.5977430e-01
   7.4061035e-01   2.9088012e-01
   5.7035070e-01   4.2329267e-01
   1.0460720e+00   1.0093792e-01
   4.7421534e-01   5.1373260e-01
   5.4488168e-01   4.4581382e-01
   9.4845718e-01   1.5697104e-01
   3.8454526e-01   6.1687351e-01
   3.2868662e-01   6.9845851e-01
   8.2897470e-01   2.3109471e-01
   2.6285582e-01   8.4158134e-01
   8.8959425e-01   1.9263707e-01
   4.0627368e-01   5.8949503e-01
   3.4236421e-01   6.7657326e-01
   2.7642564e-01   8.0336255e-01
   6.8984616e-01   3.2762599e-01
   6.3267936e-01   3.7157339e-01
   4.2100451e-01   5.7192857e-01
   5.2827537e-01   4.6100462e-01
   2.8902787e-01   7.7357449e-01
   7.6181752e-01   2.7608138e-01
   8.1738536e-01   2.3866827e-01
   5.3654255e-01   4.5338936e-01
   6.9975644e-01   3.2029632e-01
   2.8267596e-01   7.8806461e-01
   8.7709278e-01   2.0041672e-01
   4.4348268e-01   5.4643267e-01
   3.7029648e-01   6.3594352e-01
   4.3593763e-01   5.5482781e-01
   1.1897858e+00   2.4281560e-02
   4.5873568e-01   5.2991881e-01
   8.4073324e-01   2.2348607e-01
   2.4321969e-01   9.2610588e-01
   1.0084653e+00   1.2210141e-01
   6.6078951e-01   3.4959231e-01
   8.6478692e-01   2.0814928e-01
   1.0856162e+00   7.9208553e-02
   9.1847189e-01   1.7494695e-01
   4.2844502e-01   5.6332430e-01
   6.5131818e-01   3.5691461e-01
   2.3951747e-01   9.5807010e-01
   3.6324254e-01   6.4576394e-01
   4.9191268e-01   4.9586378e-01
   6.1442629e-01   3.8626803e-01
   1.2377594e+00   0.0000000e+00
   1.0270396e+00   1.1158556e-01
   5.0388573e-01   4.8412562e-01
   6.7036588e-01   3.4227169e-01
   1.1579119e+00   4.0754176e-02
   8.5266960e-01   2.1583787e-01
   3.4927515e-01   6.6606018e-01
   7.8358990e-01   2.6119654e-01
   3.7739711e-01   6.2631864e-01
   5.8772590e-01   4.0842030e-01
   9.6216414e-01   1.4888028e-01
   9.0229771e-01   1.8480778e-01
   2.6728833e-01   8.2816002e-01
   2.3775935e-01   9.9999999e-01
   1.1061802e+00   6.8109003e-02
   3.9898255e-01   5.9847391e-01
   5.6178456e-01   4.3076788e-01
   6.8005105e-01   3.3494985e-01
   2.5301069e-01   8.7650370e-01
   5.2212134e-01   4.6674398e-01
   9.7611694e-01   1.4072264e-01
   6.2350547e-01   3.7891537e-01
   3.3550020e-01   6.8736468e-01
   7.5114551e-01   2.8349029e-01
   6.4194891e-01   3.6424096e-01
   1.0655890e+00   9.0148582e-02
   3.1521866e-01   7.2168487e-01
   7.0978384e-01   3.1295962e-01
   7.3020820e-01   2.9825300e-01
   7.1993328e-01   3.0561255e-01
   9.9032780e-01   1.3249297e-01
   5.9653909e-01   4.0101775e-01
   6.0543797e-01   3.9363492e-01
   4.8597911e-01   5.0178342e-01
   6.8984616e-01   3.2762599e-01
   4.5108147e-01   5.3813193e-01
   4.9788086e-01   4.8997891e-01
   5.0992686e-01   4.7830324e-01
   3.0198587e-01   7.4657050e-01
   8.0596217e-01   2.4620771e-01
   4.1361381e-01   5.8064996e-01
   3.0857030e-01   7.3389674e-01
   5.1600549e-01   4.7250958e-01
   2.5853660e-01   8.5585687e-01
   5.7899718e-01   4.1584434e-01
   3.9174008e-01   6.0759622e-01
   5.5329576e-01   4.3827372e-01
   4.8008015e-01   5.0773909e-01
   3.2192519e-01   7.0988652e-01
   2.4784295e-01   8.9958291e-01
   9.3498743e-01   1.6499816e-01
   2.3951747e-01   9.5807010e-01
   7.9469853e-01   2.5371642e-01
   6.1442629e-01   3.8626803e-01
   9.4845718e-01   1.5697104e-01
   4.6644780e-01   5.2178619e-01
   2.9546774e-01   7.5977430e-01
   7.4061035e-01   2.9088012e-01
   5.7035070e-01   4.2329267e-01
   1.0460720e+00   1.0093792e-01
   4.7421534e-01   5.1373260e-01
   5.4488168e-01   4.4581382e-01
   3.6324254e-01   6.4576394e-01
   3.8454526e-01   6.1687351e-01
   3.2868662e-01   6.9845851e-01
   2.8267596e-01   7.8806461e-01
   2.6285582e-01   8.4158134e-01
   8.8959425e-01   1.9263707e-01
   4.0627368e-01   5.8949503e-01
   3.4236421e-01   6.7657326e-01
   1.1316091e+00   5.4563713e-02
   2.4321969e-01   9.2610588e-01
   6.3267936e-01   3.7157339e-01
   4.2100451e-01   5.7192857e-01
   5.2827537e-01   4.6100462e-01
   2.8902787e-01   7.7357449e-01
   8.7709278e-01   2.0041672e-01
   8.1738536e-01   2.3866827e-01
   5.3654255e-01   4.5338936e-01
   8.4073324e-01   2.2348607e-01
   1.1897858e+00   2.4281560e-02
   4.9191268e-01   4.9586378e-01
   4.4348268e-01   5.4643267e-01
   8.6478692e-01   2.0814928e-01
   4.3593763e-01   5.5482781e-01
   4.2844502e-01   5.6332430e-01
   4.5873568e-01   5.2991881e-01
   3.5623537e-01   6.5579654e-01
   1.0084653e+00   1.2210141e-01
   6.6078951e-01   3.4959231e-01
   9.1847189e-01   1.7494695e-01
   8.2897465e-01   2.3109474e-01
   1.0856162e+00   7.9208553e-02
   2.7181754e-01   8.1545141e-01
   7.6181775e-01   2.7608122e-01
   6.5131818e-01   3.5691461e-01
   3.7029635e-01   6.3594369e-01
   6.9975623e-01   3.2029648e-01
   2.7642620e-01   8.0336112e-01
   7.7263127e-01   2.6865062e-01
   1.2377594e+00   0.0000000e+00
   1.0270396e+00   1.1158556e-01
   7.8358990e-01   2.6119654e-01
   6.7036588e-01   3.4227169e-01
   1.1579119e+00   4.0754176e-02
   8.5266960e-01   2.1583787e-01
   3.4927515e-01   6.6606018e-01
   6.1442629e-01   3.8626803e-01
   3.7739711e-01   6.2631864e-01
   5.8772590e-01   4.0842030e-01
   9.6216414e-01   1.4888028e-01
   9.0229771e-01   1.8480778e-01
   2.6728833e-01   8.2816002e-01
   2.3775935e-01   9.9999999e-01
   1.1061802e+00   6.8109003e-02
   3.9898255e-01   5.9847391e-01
   5.6178456e-01   4.3076788e-01
   6.8005105e-01   3.3494985e-01
   2.5301069e-01   8.7650370e-01
   5.2212134e-01   4.6674398e-01
   9.7611694e-01   1.4072264e-01
   6.2350547e-01   3.7891537e-01
   3.3550020e-01   6.8736468e-01
   7.5114551e-01   2.8349029e-01
   6.4194891e-01   3.6424096e-01
   1.0655890e+00   9.0148582e-02
   3.1521866e-01   7.2168487e-01
   7.0978384e-01   3.1295962e-01
   7.3020820e-01   2.9825300e-01
   4.9788086e-01   4.8997891e-01
   9.9032780e-01   1.3249297e-01
   5.9653909e-01   4.0101775e-01
   6.0543797e-01   3.9363492e-01
   4.8597911e-01   5.0178342e-01
   3.9174008e-01   6.0759622e-01
   4.5108147e-01   5.3813193e-01
   4.8008015e-01   5.0773909e-01
   5.0992686e-01   4.7830324e-01
   5.3654255e-01   4.5338936e-01
   8.0596217e-01   2.4620771e-01
   4.1361381e-01   5.8064996e-01
   3.0857030e-01   7.3389674e-01
   2.9546774e-01   7.5977430e-01
   2.5853660e-01   8.5585687e-01
   5.7899718e-01   4.1584434e-01
   8.6478692e-01   2.0814928e-01
   5.5329576e-01   4.3827372e-01
   4.9191268e-01   4.9586378e-01
   3.2192519e-01   7.0988652e-01
   2.4784295e-01   8.9958291e-01
   9.3498743e-01   1.6499816e-01
   2.3951747e-01   9.5807010e-01
   7.9469853e-01   2.5371642e-01
   2.4321969e-01   9.2610588e-01
   9.4845718e-01   1.5697104e-01
   4.6644780e-01   5.2178619e-01
   5.4488168e-01   4.4581382e-01
   7.4061035e-01   2.9088012e-01
   5.7035070e-01   4.2329267e-01
   1.0460720e+00   1.0093792e-01
   3.4236421e-01   6.7657326e-01
   2.7181754e-01   8.1545141e-01
   3.6324254e-01   6.4576394e-01
   3.7029635e-01   6.3594369e-01
   3.2868662e-01   6.9845851e-01
   2.8267596e-01   7.8806461e-01
   3.5623537e-01   6.5579654e-01
   8.8959425e-01   1.9263707e-01
   4.0627368e-01   5.8949503e-01
   1.0084653e+00   1.2210141e-01
   1.1316091e+00   5.4563713e-02
   1.1897858e+00   2.4281560e-02
   6.3267936e-01   3.7157339e-01
   4.2100451e-01   5.7192857e-01
   5.2827537e-01   4.6100462e-01
   2.8902787e-01   7.7357449e-01
   8.7709278e-01   2.0041672e-01
   8.1738536e-01   2.3866827e-01
   5.1600521e-01   4.7250985e-01
   8.4073324e-01   2.2348607e-01
   8.2897465e-01   2.3109474e-01
   7.6181775e-01   2.7608122e-01
   4.4348268e-01   5.4643267e-01
   9.1847189e-01   1.7494695e-01
   7.7263127e-01   2.6865062e-01
   4.2844502e-01   5.6332430e-01
   4.7421503e-01   5.1373292e-01
   6.5131818e-01   3.5691461e-01
   1.0856162e+00   7.9208553e-02
   6.6078951e-01   3.4959231e-01
   2.7642620e-01   8.0336112e-01
   3.0198574e-01   7.4657075e-01
   4.3593762e-01   5.5482782e-01
   3.8454512e-01   6.1687369e-01
   6.8984611e-01   3.2762603e-01
   6.9975611e-01   3.2029657e-01
   2.6285600e-01   8.4158080e-01
   7.1993319e-01   3.0561262e-01
   5.0388577e-01   4.8412558e-01
   4.5873568e-01   5.2991880e-01
   1.2377594e+00   0.0000000e+00
   1.0270396e+00   1.1158556e-01
   7.8358990e-01   2.6119654e-01
   6.7036588e-01   3.4227169e-01
   1.1579119e+00   4.0754176e-02
   8.5266960e-01   2.1583787e-01
   3.4927515e-01   6.6606018e-01
   6.1442629e-01   3.8626803e-01
   3.7739711e-01   6.2631864e-01
   5.8772590e-01   4.0842030e-01
   9.6216414e-01   1.4888028e-01
   9.0229771e-01   1.8480778e-01
   2.6728833e-01   8.2816002e-01
   2.3775935e-01   9.9999999e-01
   1.1061802e+00   6.8109003e-02
   3.9898255e-01   5.9847391e-01
   5.6178456e-01   4.3076788e-01
   6.8005105e-01   3.3494985e-01
   2.5301069e-01   8.7650370e-01
   5.2212134e-01   4.6674398e-01
   9.7611694e-01   1.4072264e-01
   6.2350547e-01   3.7891537e-01
   4.2844502e-01   5.6332430e-01
   7.5114551e-01   2.8349029e-01
   6.4194891e-01   3.6424096e-01
   1.0655890e+00   9.0148582e-02
   3.1521866e-01   7.2168487e-01
   7.0978384e-01   3.1295962e-01
   4.5873568e-01   5.2991880e-01
   4.9788086e-01   4.8997891e-01
   9.9032780e-01   1.3249297e-01
   5.9653909e-01   4.0101775e-01
   6.0543797e-01   3.9363492e-01
   4.8597911e-01   5.0178342e-01
   3.9174008e-01   6.0759622e-01
   4.5108147e-01   5.3813193e-01
   4.8008015e-01   5.0773909e-01
   5.0992686e-01   4.7830324e-01
   5.3654255e-01   4.5338936e-01
   8.0596217e-01   2.4620771e-01
   4.1361381e-01   5.8064996e-01
   3.0857030e-01   7.3389674e-01
   2.9546774e-01   7.5977430e-01
   2.5853660e-01   8.5585687e-01
   5.7899718e-01   4.1584434e-01
   8.6478692e-01   2.0814928e-01
   5.5329576e-01   4.3827372e-01
   4.9191268e-01   4.9586378e-01
   3.2192519e-01   7.0988652e-01
   2.4784295e-01   8.9958291e-01
   9.3498743e-01   1.6499816e-01
   2.3951747e-01   9.5807010e-01
   7.9469853e-01   2.5371642e-01
   2.4321969e-01   9.2610588e-01
   9.4845718e-01   1.5697104e-01
   1.1316091e+00   5.4563713e-02
   5.4488168e-01   4.4581382e-01
   7.4061035e-01   2.9088012e-01
   3.0198572e-01   7.4657079e-01
   1.0460720e+00   1.0093792e-01
   1.1897858e+00   2.4281560e-02
   2.7181754e-01   8.1545141e-01
   3.3550009e-01   6.8736485e-01
   3.7029635e-01   6.3594369e-01
   3.2868662e-01   6.9845851e-01
   2.8267596e-01   7.8806461e-01
   3.5623537e-01   6.5579654e-01
   8.8959425e-01   1.9263707e-01
   4.0627368e-01   5.8949503e-01
   1.0084653e+00   1.2210141e-01
   4.6644765e-01   5.2178635e-01
   4.7421503e-01   5.1373292e-01
   6.3267936e-01   3.7157339e-01
   4.2100451e-01   5.7192857e-01
   5.2827537e-01   4.6100462e-01
   2.8902787e-01   7.7357449e-01
   8.7709278e-01   2.0041672e-01
   6.6078951e-01   3.4959231e-01
   5.1600521e-01   4.7250985e-01
   8.4073324e-01   2.2348607e-01
   8.2897465e-01   2.3109474e-01
   7.6181775e-01   2.7608122e-01
   4.4348268e-01   5.4643267e-01
   9.1847189e-01   1.7494695e-01
   7.7263127e-01   2.6865062e-01
   3.4236420e-01   6.7657327e-01
   3.8454512e-01   6.1687369e-01
   8.1738571e-01   2.3866804e-01
   1.0856162e+00   7.9208553e-02
   4.3593762e-01   5.5482782e-01
   2.7642620e-01   8.0336112e-01
   7.1993316e-01   3.0561264e-01
   2.6285600e-01   8.4158080e-01
   5.0388577e-01   4.8412558e-01
   6.8984611e-01   3.2762603e-01
   6.9975611e-01   3.2029657e-01
   6.5131838e-01   3.5691445e-01
   3.6324252e-01   6.4576397e-01
   5.7035095e-01   4.2329245e-01
   7.3020819e-01   2.9825301e-01
   1.2377594e+00   0.0000000e+00
   1.0270396e+00   1.1158556e-01
   7.8358990e-01   2.6119654e-01
   6.7036588e-01   3.4227169e-01
   1.1579119e+00   4.0754176e-02
   8.5266960e-01   2.1583787e-01
   3.4927515e-01   6.6606018e-01
   6.1442629e-01   3.8626803e-01
   3.7739711e-01   6.2631864e-01
   5.8772590e-01   4.0842030e-01
   9.6216414e-01   1.4888028e-01
   9.0229771e-01   1.8480778e-01
   2.6728833e-01   8.2816002e-01
   2.3775935e-01   9.9999999e-01
   1.1061802e+00   6.8109003e-02
   3.9898255e-01   5.9847391e-01
   5.6178456e-01   4.3076788e-01
   6.8005105e-01   3.3494985e-01
   2.5301069e-01   8.7650370e-01
   5.2212134e-01   4.6674398e-01
   9.7611694e-01   1.4072264e-01
   6.2350547e-01   3.7891537e-01
   4.2844502e-01   5.6332430e-01
   7.5114551e-01   2.8349029e-01
   6.4194891e-01   3.6424096e-01
   1.0655890e+00   9.0148582e-02
   3.1521866e-01   7.2168487e-01
   7.0978384e-01   3.1295962e-01
   4.5873568e-01   5.2991880e-01
   4.9788086e-01   4.8997891e-01
   9.9032780e-01   1.3249297e-01
   5.9653909e-01   4.0101775e-01
   4.6644765e-01   5.2178635e-01
   4.8597911e-01   5.0178342e-01
   3.9174008e-01   6.0759622e-01
   4.5108147e-01   5.3813193e-01
   4.8008015e-01   5.0773909e-01
   5.0992686e-01   4.7830324e-01
   5.3654255e-01   4.5338936e-01
   8.0596217e-01   2.4620771e-01
   4.1361381e-01   5.8064996e-01
   5.1600521e-01   4.7250985e-01
   2.9546774e-01   7.5977430e-01
   2.5853660e-01   8.5585687e-01
   5.7899718e-01   4.1584434e-01
   8.6478692e-01   2.0814928e-01
   5.5329576e-01   4.3827372e-01
   4.9191268e-01   4.9586378e-01
   3.2192519e-01   7.0988652e-01
   2.4784295e-01   8.9958291e-01
   9.3498743e-01   1.6499816e-01
   2.3951747e-01   9.5807010e-01
   7.9469853e-01   2.5371642e-01
   2.4321969e-01   9.2610588e-01
   9.4845718e-01   1.5697104e-01
   1.1316091e+00   5.4563713e-02
   5.4488168e-01   4.4581382e-01
   7.4061035e-01   2.9088012e-01
   3.0198572e-01   7.4657079e-01
   2.8902787e-01   7.7357449e-01
   1.1897858e+00   2.4281560e-02
   2.7181754e-01   8.1545141e-01
   3.3550009e-01   6.8736485e-01
   7.3020819e-01   2.9825301e-01
   3.2868662e-01   6.9845851e-01
   2.8267596e-01   7.8806461e-01
   4.3593754e-01   5.5482791e-01
   8.8959425e-01   1.9263707e-01
   4.0627368e-01   5.8949503e-01
   1.0084653e+00   1.2210141e-01
   1.0856162e+00   7.9208553e-02
   4.7421503e-01   5.1373292e-01
   6.3267936e-01   3.7157339e-01
   4.2100451e-01   5.7192857e-01
   5.2827537e-01   4.6100462e-01
   8.4073324e-01   2.2348607e-01
   8.7709278e-01   2.0041672e-01
   6.5131838e-01   3.5691445e-01
   6.9975611e-01   3.2029657e-01
   3.6324252e-01   6.4576397e-01
   6.8984611e-01   3.2762603e-01
   7.6181775e-01   2.7608122e-01
   4.4348268e-01   5.4643267e-01
   9.1847189e-01   1.7494695e-01
   7.7263127e-01   2.6865062e-01
   3.4236420e-01   6.7657327e-01
   3.8454512e-01   6.1687369e-01
   7.1993316e-01   3.0561264e-01
   5.0388577e-01   4.8412558e-01
   2.7642620e-01   8.0336112e-01
   5.7035095e-01   4.2329245e-01
   2.6285600e-01   8.4158080e-01
   1.0460737e+00   1.0093699e-01
   3.7029634e-01   6.3594370e-01
   6.6078967e-01   3.4959219e-01
   8.2897457e-01   2.3109479e-01
   6.0543812e-01   3.9363479e-01
   8.1738567e-01   2.3866807e-01
   3.0857029e-01   7.3389675e-01
   3.5623536e-01   6.5579656e-01
   1.2377594e+00   0.0000000e+00
   1.0270396e+00   1.1158556e-01
   7.8358990e-01   2.6119654e-01
   6.7036588e-01   3.4227169e-01
   1.1579119e+00   4.0754176e-02
   4.9191268e-01   4.9586378e-01
   3.4927515e-01   6.6606018e-01
   6.1442629e-01   3.8626803e-01
   3.7739711e-01   6.2631864e-01
   5.8772590e-01   4.0842030e-01
   9.6216414e-01   1.4888028e-01
   9.0229771e-01   1.8480778e-01
   2.6728833e-01   8.2816002e-01
   2.3775935e-01   9.9999999e-01
   1.1061802e+00   6.8109003e-02
   3.9898255e-01   5.9847391e-01
   5.6178456e-01   4.3076788e-01
   6.8005105e-01   3.3494985e-01
   2.5301069e-01   8.7650370e-01
   5.2212134e-01   4.6674398e-01
   9.7611694e-01   1.4072264e-01
   6.2350547e-01   3.7891537e-01
   4.2844502e-01   5.6332430e-01
   7.5114551e-01   2.8349029e-01
   6.4194891e-01   3.6424096e-01
   1.0655890e+00   9.0148582e-02
   3.1521866e-01   7.2168487e-01
   7.0978384e-01   3.1295962e-01
   4.5873568e-01   5.2991880e-01
   4.9788086e-01   4.8997891e-01
   1.0856162e+00   7.9208553e-02
   5.9653909e-01   4.0101775e-01
   4.6644765e-01   5.2178635e-01
   4.8597911e-01   5.0178342e-01
   3.9174008e-01   6.0759622e-01
   4.5108147e-01   5.3813193e-01
   4.8008015e-01   5.0773909e-01
   5.0992686e-01   4.7830324e-01
   5.3654255e-01   4.5338936e-01
   8.0596217e-01   2.4620771e-01
   4.1361381e-01   5.8064996e-01
   5.1600521e-01   4.7250985e-01
   2.9546774e-01   7.5977430e-01
   2.5853660e-01   8.5585687e-01
   5.7899718e-01   4.1584434e-01
   8.6478692e-01   2.0814928e-01
   5.5329576e-01   4.3827372e-01
   7.3020819e-01   2.9825301e-01
   3.2192519e-01   7.0988652e-01
   2.4784295e-01   8.9958291e-01
   9.3498743e-01   1.6499816e-01
   2.3951747e-01   9.5807010e-01
   7.9469853e-01   2.5371642e-01
   2.4321969e-01   9.2610588e-01
   9.4845718e-01   1.5697104e-01
   1.1316091e+00   5.4563713e-02
   5.4488168e-01   4.4581382e-01
   5.2827537e-01   4.6100462e-01
   3.0198572e-01   7.4657079e-01
   2.8902787e-01   7.7357449e-01
   1.1897858e+00   2.4281560e-02
   1.0084653e+00   1.2210141e-01
   3.3550009e-01   6.8736485e-01
   6.8984611e-01   3.2762603e-01
   3.2868662e-01   6.9845851e-01
   2.8267596e-01   7.8806461e-01
   4.3593754e-01   5.5482791e-01
   8.8959425e-01   1.9263707e-01
   4.0627368e-01   5.8949503e-01
   5.7035095e-01   4.2329245e-01
   3.8454512e-01   6.1687369e-01
   4.7421503e-01   5.1373292e-01
   6.3267936e-01   3.7157339e-01
   4.2100451e-01   5.7192857e-01
   7.7263127e-01   2.6865062e-01
   8.4073324e-01   2.2348607e-01
   8.7709278e-01   2.0041672e-01
   6.5131838e-01   3.5691445e-01
   6.9975611e-01   3.2029657e-01
   3.6324252e-01   6.4576397e-01
   9.1847189e-01   1.7494695e-01
   7.6181775e-01   2.7608122e-01
   4.4348268e-01   5.4643267e-01
   6.0543812e-01   3.9363479e-01
   2.6285600e-01   8.4158080e-01
   3.4236420e-01   6.7657327e-01
   1.0460737e+00   1.0093699e-01
   7.1993316e-01   3.0561264e-01
   5.0388577e-01   4.8412558e-01
   2.7642620e-01   8.0336112e-01
   9.9032797e-01   1.3249287e-01
   3.0857029e-01   7.3389675e-01
   6.6078967e-01   3.4959219e-01
   3.7029634e-01   6.3594370e-01
   8.2897457e-01   2.3109479e-01
   8.1738567e-01   2.3866807e-01
   3.5623536e-01   6.5579656e-01
   7.4061007e-01   2.9088032e-01
   2.7181718e-01   8.1545236e-01
   8.5266958e-01   2.1583788e-01
