   5.7323635e+00   6.8624613e+00
   5.2791344e+00   5.9548465e+00
   6.1786075e+00   5.8446429e+00
   5.7846029e+00   4.9895958e+00
   6.1941265e+00   4.1490197e+00
   8.1383161e+00   5.3571398e+00
   6.7505831e+00   5.1745564e+00
   6.4381773e+00   7.0471695e+00
   7.0502640e+00   6.5058412e+00
   5.5196069e+00   5.9849678e+00
   7.1732995e+00   6.3341332e+00
   4.2584998e+00   6.8211493e+00
   7.6169929e+00   4.9924507e+00
   5.7028647e+00   6.5210281e+00
   5.8849698e+00   6.0164768e+00
   6.0034217e+00   5.7369172e+00
   7.5737416e+00   6.2149923e+00
   6.9275628e+00   4.3990856e+00
   5.5854344e+00   5.9989921e+00
   7.3547279e+00   5.5520358e+00
   7.2574950e+00   5.1186464e+00
   6.1598497e+00   7.6253828e+00
   5.7221033e+00   6.7428832e+00
   6.1546991e+00   5.5033830e+00
   5.7045579e+00   5.8912592e+00
   6.4308720e+00   5.5752754e+00
   6.1149781e+00   5.7850556e+00
   6.7983830e+00   5.5153620e+00
   6.1972556e+00   5.2137707e+00
   6.9047169e+00   5.7723019e+00
   8.0586267e+00   6.8765393e+00
   7.4094423e+00   5.1075674e+00
   6.4418948e+00   3.9676879e+00
   6.9746274e+00   5.2649921e+00
   6.1259411e+00   5.0136239e+00
   6.4485589e+00   4.2816910e+00
   5.8542315e+00   4.6111859e+00
   7.8758370e+00   4.1803251e+00
   6.6379995e+00   5.6480488e+00
   6.7767735e+00   4.8531876e+00
   6.0792929e+00   5.4917084e+00
   5.0510374e+00   6.4017976e+00
   5.7416218e+00   5.1708912e+00
   6.9685973e+00   6.4554672e+00
   5.2368997e+00   5.5951726e+00
   6.1530772e+00   5.6649229e+00
   6.4250918e+00   5.8252573e+00
   7.9088837e+00   7.4132888e+00
   5.9828523e+00   5.5109039e+00
   6.9849060e+00   6.4311158e+00
   6.5508717e+00   5.9546541e+00
   6.4330860e+00   5.7443595e+00
   7.2388482e+00   5.8201477e+00
   5.8786127e+00   6.2685156e+00
   7.4165475e+00   5.6813336e+00
   5.3585976e+00   5.0606677e+00
   6.9031259e+00   5.4379990e+00
   6.7673171e+00   5.3996504e+00
   6.4715795e+00   5.7692623e+00
   6.3282714e+00   6.0760686e+00
   6.4713428e+00   5.4358044e+00
   6.4331676e+00   5.7540721e+00
   8.0151071e+00   5.4001485e+00
   7.8731440e+00   4.9354499e+00
   7.7066672e+00   6.1874776e+00
   6.5836048e+00   6.4333372e+00
   6.8122667e+00   5.1670554e+00
   7.9099319e+00   6.7350802e+00
   5.1994742e+00   5.7205663e+00
   6.3983471e+00   5.9367611e+00
   7.1908302e+00   5.8579768e+00
   5.3511685e+00   6.4109289e+00
   5.9920981e+00   5.3993674e+00
   6.7116760e+00   6.3407082e+00
   7.6204570e+00   4.4492240e+00
   5.9484356e+00   5.4324238e+00
   6.2911368e+00   6.6894678e+00
   6.5156640e+00   7.3268410e+00
   6.5000544e+00   5.1357872e+00
   6.4397183e+00   6.3472426e+00
   7.3446251e+00   5.4802683e+00
   5.3979357e+00   5.6721929e+00
   8.4751849e+00   5.3025042e+00
   6.7659677e+00   6.0806948e+00
   7.0388983e+00   6.1608246e+00
   6.9910601e+00   5.9916783e+00
   6.7006465e+00   6.7767575e+00
   6.3177150e+00   5.7496660e+00
   7.1492694e+00   5.0440504e+00
   7.7185675e+00   4.8809639e+00
   5.9902946e+00   5.5053140e+00
   6.1007210e+00   6.5173456e+00
   6.4319936e+00   5.1398618e+00
   7.2628490e+00   4.8047806e+00
   5.7532521e+00   7.0108989e+00
   5.7725250e+00   5.6248240e+00
   7.5106609e+00   6.1952387e+00
   6.4902394e+00   4.7726311e+00
   6.9923646e+00   6.2607227e+00
   4.9863616e+00   6.6409666e+00
   3.3243581e+00   3.2195615e+00
   3.8959624e+00   2.8444739e+00
   3.1444331e+00   3.4061099e+00
   3.9901468e+00   2.7960743e+00
   3.2561522e+00   3.2821745e+00
   3.8047852e+00   2.8938298e+00
   3.2430587e+00   3.2952401e+00
   3.5340828e+00   3.0593876e+00
   3.3382664e+00   3.2073802e+00
   3.8407941e+00   2.8737309e+00
   3.1330024e+00   3.4213409e+00
   3.6822809e+00   2.9644749e+00
   3.8775347e+00   2.8542465e+00
   3.1218854e+00   3.4367026e+00
   3.1004055e+00   3.4683289e+00
   3.7692479e+00   2.9135498e+00
   3.5180564e+00   3.0700515e+00
   3.9710062e+00   2.8056305e+00
   3.6994428e+00   2.9542099e+00
   3.0431641e+00   3.5724000e+00
   3.0078654e+00   3.6762816e+00
   3.2046200e+00   3.3352222e+00
   3.5659254e+00   3.0377336e+00
   3.5987092e+00   3.0165938e+00
   3.5501039e+00   3.0484600e+00
   2.9956446e+00   3.7512947e+00
   3.1919152e+00   3.3490810e+00
   3.4869882e+00   3.0921216e+00
   3.1560668e+00   3.3917096e+00
   3.9331498e+00   2.8247901e+00
   3.2170319e+00   3.3216862e+00
   3.6151668e+00   3.0059578e+00
   3.0200941e+00   3.6319447e+00
   3.2299837e+00   3.3084488e+00
   3.8591837e+00   2.8641322e+00
   3.2966750e+00   3.2443446e+00
   3.9521378e+00   2.8151794e+00
   3.4409048e+00   3.1257644e+00
   3.7514414e+00   2.9237596e+00
   3.0701598e+00   3.5180613e+00
   3.2693552e+00   3.2693120e+00
   3.3814624e+00   3.1717189e+00
   3.7165968e+00   2.9440521e+00
   3.3525699e+00   3.1954470e+00
   3.6485163e+00   2.9852439e+00
   3.3669791e+00   3.1836405e+00
   3.0026776e+00   3.6996652e+00
   3.7867337e+00   2.9036994e+00
   3.1677745e+00   3.3771537e+00
   3.3102760e+00   3.2319403e+00
   3.6647916e+00   2.9748326e+00
   3.4558127e+00   3.1144592e+00
   3.0350334e+00   3.5916316e+00
   3.2829287e+00   3.2567552e+00
   3.4713679e+00   3.1030173e+00
   2.9937098e+00   3.7798061e+00
   3.3959893e+00   3.1599664e+00
   3.0609599e+00   3.5358228e+00
   3.0137059e+00   3.6535360e+00
   3.4109869e+00   3.1485419e+00
   3.5024530e+00   3.0811123e+00
   3.9945502e+00   2.7937120e+00
   3.4259307e+00   3.1371528e+00
   3.6317926e+00   2.9956170e+00
   3.0799782e+00   3.5007739e+00
   3.0519904e+00   3.5532172e+00
   3.7341044e+00   2.9338626e+00
   3.1800529e+00   3.3631786e+00
   2.9985924e+00   3.7249794e+00
   3.8227550e+00   2.8838406e+00
   3.5821117e+00   3.0271746e+00
   3.9146643e+00   2.8345842e+00
   3.0273471e+00   3.6115550e+00
   3.1109532e+00   3.4522614e+00
   3.0897674e+00   3.4843222e+00
   3.7961538e+00   2.8990920e+00
   3.8377357e+00   2.8761219e+00
   3.8363348e+00   2.8770905e+00
   3.5825521e+00   3.0270929e+00
   3.8320769e+00   2.8792961e+00
   3.5219104e+00   3.0686741e+00
   3.8273404e+00   2.8817571e+00
   3.8495911e+00   2.8693216e+00
   3.5986502e+00   3.0166680e+00
   3.0969770e+00   3.4733369e+00
   3.3663958e+00   3.1843529e+00
   3.6526926e+00   2.9828567e+00
   3.8745743e+00   2.8558406e+00
   3.1007689e+00   3.4679568e+00
   3.4595923e+00   3.1119374e+00
   3.5615363e+00   3.0418142e+00
   3.9145115e+00   2.8347988e+00
   3.5397537e+00   3.0558939e+00
   3.5296875e+00   3.0622049e+00
   3.7053930e+00   2.9509838e+00
   3.0040838e+00   3.6967426e+00
   3.4827929e+00   3.0947046e+00
   3.7689668e+00   2.9141644e+00
   3.8967596e+00   2.8443111e+00
   3.1061121e+00   3.4600031e+00
   2.9976079e+00   3.7232929e+00
   3.7151232e+00   2.9430248e+00
   3.2684764e+00   3.2683222e+00
   3.9962903e+00   2.7921824e+00
   3.0191975e+00   3.6309842e+00
   3.5807466e+00   3.0261945e+00
   3.8946807e+00   2.8435721e+00
   3.8396241e+00   2.8730068e+00
   3.8579476e+00   2.8631180e+00
   3.4552112e+00   3.1136062e+00
   3.7504665e+00   2.9228377e+00
   3.5650099e+00   3.0369351e+00
   3.2956179e+00   3.2433771e+00
   3.6811914e+00   2.9635353e+00
   3.3230552e+00   3.2184882e+00
   3.6642047e+00   2.9739018e+00
   3.5171480e+00   3.0692793e+00
   3.3949652e+00   3.1590253e+00
   3.5974457e+00   3.0156783e+00
   3.9699195e+00   2.8047265e+00
   3.0339750e+00   3.5904395e+00
   3.0018507e+00   3.6982957e+00
   2.9927634e+00   3.7750714e+00
   3.8764184e+00   2.8534632e+00
   3.8214722e+00   2.8828509e+00
   3.7679231e+00   2.9128079e+00
   3.9320605e+00   2.8240398e+00
   3.3657839e+00   3.1824994e+00
   3.7329295e+00   2.9330539e+00
   3.1789898e+00   3.3620970e+00
   3.1209479e+00   3.4356629e+00
   3.9891476e+00   2.7951000e+00
   3.0507998e+00   3.5526467e+00
   3.2420465e+00   3.2943770e+00
   3.4859225e+00   3.0912393e+00
   3.1435282e+00   3.4053826e+00
   3.1670253e+00   3.3763639e+00
   3.1552080e+00   3.3908331e+00
   3.8033502e+00   2.8927280e+00
   3.0692503e+00   3.5170907e+00
   3.0264110e+00   3.6104774e+00
   3.1912056e+00   3.3481372e+00
   3.9508691e+00   2.8144162e+00
   3.3513464e+00   3.1944396e+00
   3.2550552e+00   3.2812143e+00
   3.5014092e+00   3.0800858e+00
   3.3805334e+00   3.1708523e+00
   3.7855587e+00   2.9027928e+00
   3.4246491e+00   3.1360827e+00
   3.6140458e+00   3.0051920e+00
   3.0790542e+00   3.5001264e+00
   3.5490218e+00   3.0475802e+00
   3.0420883e+00   3.5710636e+00
   3.9131515e+00   2.8338150e+00
   3.6983456e+00   2.9532534e+00
   3.2288735e+00   3.3073569e+00
   3.4395891e+00   3.1244685e+00
   3.1320080e+00   3.4206047e+00
   3.2819332e+00   3.2555614e+00
   3.6306596e+00   2.9945076e+00
   3.4703672e+00   3.1023155e+00
   3.0993881e+00   3.4669988e+00
   3.6471629e+00   2.9838432e+00
   3.2036068e+00   3.3344401e+00
   3.0597283e+00   3.5343742e+00
   3.1097403e+00   3.4507439e+00
   3.4099341e+00   3.1476051e+00
   3.0068328e+00   3.6747967e+00
   3.5328893e+00   3.0583694e+00
   3.0127342e+00   3.6526397e+00
   2.9946931e+00   3.7500939e+00
   3.3372680e+00   3.2064934e+00
   3.3092576e+00   3.2308123e+00
   3.2162333e+00   3.3210172e+00
   3.0890783e+00   3.4832475e+00
   3.7493928e+00   2.9237517e+00
   3.6552898e+00   2.9798879e+00
   3.6543080e+00   2.9802635e+00
   3.3800666e+00   3.1715623e+00
   3.8712621e+00   2.8567292e+00
   3.0747418e+00   3.5079069e+00
   3.2392211e+00   3.2978492e+00
   3.9552654e+00   2.8125376e+00
   3.8732157e+00   2.8566162e+00
   3.4266866e+00   3.1343872e+00
   3.6869496e+00   2.9602590e+00
   3.2033404e+00   3.3350250e+00
   3.4955428e+00   3.0842300e+00
   3.0363216e+00   3.5858577e+00
   3.4093128e+00   3.1482721e+00
   3.3239691e+00   3.2183856e+00
   3.0509550e+00   3.5524679e+00
   3.5274788e+00   3.0625441e+00
   3.3089448e+00   3.2314354e+00
   3.4226160e+00   3.1378899e+00
   3.1911656e+00   3.3483399e+00
   3.5173490e+00   3.0690709e+00
   3.6650069e+00   2.9735585e+00
   3.5306214e+00   3.0608712e+00
   3.6155689e+00   3.0046098e+00
   3.0412111e+00   3.5701008e+00
   3.0006908e+00   3.6970990e+00
   3.8750731e+00   2.8524464e+00
   3.6129932e+00   3.0038559e+00
   3.6972350e+00   2.9524969e+00
   3.8022557e+00   2.8919653e+00
   3.1540012e+00   3.3893762e+00
   3.0781357e+00   3.4989660e+00
   3.8382441e+00   2.8719714e+00
   3.3082305e+00   3.2297790e+00
   2.9919854e+00   3.7747354e+00
   3.5314426e+00   3.0573154e+00
   3.6297122e+00   2.9937641e+00
   3.0500490e+00   3.5514504e+00
   2.9966358e+00   3.7220914e+00
   3.5637463e+00   3.0358568e+00
   3.3647554e+00   3.1816792e+00
   3.7492727e+00   2.9219947e+00
   3.9310600e+00   2.8233280e+00
   3.3362801e+00   3.2052575e+00
   2.9938083e+00   3.7476386e+00
   3.3940430e+00   3.1580304e+00
   3.3223247e+00   3.2176296e+00
   3.2810326e+00   3.2547343e+00
   3.2674965e+00   3.2674970e+00
   3.9929807e+00   2.7915055e+00
   3.1091772e+00   3.4502541e+00
   3.0254491e+00   3.6089062e+00
   3.1903599e+00   3.3472749e+00
   3.5965108e+00   3.0146859e+00
   3.2153888e+00   3.3199912e+00
   3.0116507e+00   3.6514685e+00
   3.7316128e+00   2.9320866e+00
   3.4693366e+00   3.1015574e+00
   3.6799582e+00   2.9626943e+00
   3.8205080e+00   2.8821363e+00
   3.0057855e+00   3.6737809e+00
   3.8565698e+00   2.8620130e+00
   3.5802563e+00   3.0252641e+00
   3.2410570e+00   3.2932762e+00
   3.5004312e+00   3.0793246e+00
   3.0183593e+00   3.6296789e+00
   3.4386181e+00   3.1237251e+00
   3.0589810e+00   3.5335354e+00
   3.6462787e+00   2.9832790e+00
   3.1425935e+00   3.4042603e+00
   3.2946850e+00   3.2423823e+00
   3.2281353e+00   3.3062983e+00
   3.7846212e+00   2.9020227e+00
   3.0984737e+00   3.4657649e+00
   3.1311534e+00   3.4194477e+00
   3.2025669e+00   3.3334285e+00
   3.1199502e+00   3.4345556e+00
   3.4848565e+00   3.0902427e+00
   3.2541911e+00   3.2802707e+00
   3.9500006e+00   2.8136966e+00
   3.1658667e+00   3.3750498e+00
   3.4234208e+00   3.1351150e+00
   3.3796105e+00   3.1700168e+00
   3.9687554e+00   2.8039155e+00
   3.0882112e+00   3.4822334e+00
   3.0684507e+00   3.5161536e+00
   3.7666386e+00   2.9119858e+00
   3.9121615e+00   2.8329641e+00
   3.9876268e+00   2.7942249e+00
   3.6631894e+00   2.9730235e+00
   3.0330030e+00   3.5892033e+00
   3.1781160e+00   3.3611606e+00
   3.7145116e+00   2.9422682e+00
   3.3507158e+00   3.1936327e+00
   3.5477989e+00   3.0466016e+00
   3.5159688e+00   3.0683919e+00
   3.4539460e+00   3.1123722e+00
   3.8936477e+00   2.8425511e+00
   3.4087532e+00   3.1467021e+00
   3.9405722e+00   2.8186100e+00
   3.0025998e+00   3.6929758e+00
   3.1716408e+00   3.3702194e+00
   3.4967777e+00   3.0822482e+00
   3.6510655e+00   2.9805012e+00
   3.7974249e+00   2.8952087e+00
   3.8221889e+00   2.8810636e+00
   3.1457812e+00   3.4007625e+00
   3.1193945e+00   3.4364750e+00
   3.7311150e+00   2.9327275e+00
   3.8105691e+00   2.8873749e+00
   3.6252179e+00   2.9969521e+00
   3.2906423e+00   3.2466774e+00
   3.1623666e+00   3.3796895e+00
   3.7541870e+00   2.9193679e+00
   3.3558381e+00   3.1892616e+00
   3.7162743e+00   2.9414400e+00
   3.7284109e+00   2.9350267e+00
   3.9654863e+00   2.8057550e+00
   3.4874817e+00   3.0887153e+00
   3.0647678e+00   3.5239933e+00
   3.9428231e+00   2.8172951e+00
   3.3387517e+00   3.2038460e+00
   3.3223143e+00   3.2182736e+00
   3.7500995e+00   2.9219520e+00
   2.9911213e+00   3.7841775e+00
   3.1653019e+00   3.3746828e+00
   3.6622186e+00   2.9722774e+00
   3.1304778e+00   3.4186875e+00
   3.8014571e+00   2.8910653e+00
   3.2533407e+00   3.2795250e+00
   3.5954526e+00   3.0138791e+00
   3.7659995e+00   2.9113088e+00
   3.3642342e+00   3.1807940e+00
   3.4686787e+00   3.1007628e+00
   3.9111176e+00   2.8322869e+00
   3.0584309e+00   3.5327892e+00
   3.0675912e+00   3.5153499e+00
   3.9487671e+00   2.8127834e+00
   3.3783148e+00   3.1689983e+00
   3.9926991e+00   2.7908921e+00
   3.4532263e+00   3.1119003e+00
   3.0978586e+00   3.4652975e+00
   3.6121560e+00   3.0036715e+00
   3.4994705e+00   3.0784406e+00
   2.9959997e+00   3.7215357e+00
   3.9677868e+00   2.8031271e+00
   3.2802069e+00   3.2540868e+00
   3.1084560e+00   3.4493651e+00
   3.4229646e+00   3.1345329e+00
   3.0002547e+00   3.6958178e+00
   3.7481392e+00   2.9213489e+00
   3.6960696e+00   2.9517446e+00
   3.4837518e+00   3.0894485e+00
   3.3499066e+00   3.1927542e+00
   3.7309152e+00   2.9314487e+00
   3.2669140e+00   3.2668433e+00
   3.3932113e+00   3.1575354e+00
   2.9915339e+00   3.7724155e+00
   3.3354838e+00   3.2047705e+00
   3.9872115e+00   2.7936732e+00
   3.0112336e+00   3.6508061e+00
   3.7838794e+00   2.9014229e+00
   2.9929907e+00   3.7474493e+00
   3.2403838e+00   3.2920700e+00
   3.0875224e+00   3.4806700e+00
   3.0491540e+00   3.5506836e+00
   3.5309296e+00   3.0567267e+00
   3.1896769e+00   3.3465559e+00
   3.2275487e+00   3.3059123e+00
   3.3216319e+00   3.2170962e+00
   3.5153903e+00   3.0676978e+00
   3.0324020e+00   3.5883415e+00
   3.8739333e+00   2.8519303e+00
   3.0774935e+00   3.4983810e+00
   3.2146146e+00   3.3191281e+00
   3.6455012e+00   2.9826876e+00
   3.5889902e+00   3.0193158e+00
   3.8552156e+00   2.8616118e+00
   3.1419127e+00   3.4037594e+00
   3.0052492e+00   3.6733149e+00
   3.0246200e+00   3.6084864e+00
   3.7135626e+00   2.9414897e+00
   3.0176245e+00   3.6289618e+00
   3.4376591e+00   3.1230505e+00
   3.9301509e+00   2.8226789e+00
   3.8196128e+00   2.8814974e+00
   3.1535653e+00   3.3890259e+00
   3.1192194e+00   3.4339782e+00
   3.4080554e+00   3.1459736e+00
   3.8923644e+00   2.8420873e+00
   3.3074852e+00   3.2292255e+00
   3.8377288e+00   2.8714810e+00
   3.1773927e+00   3.3604452e+00
   3.0404810e+00   3.5694334e+00
   3.2938225e+00   3.2415850e+00
   3.6794231e+00   2.9620923e+00
   3.2020513e+00   3.3326392e+00
   3.6334098e+00   2.9903897e+00
   3.5471632e+00   3.0460875e+00
   3.5632734e+00   3.0354573e+00
   3.7094552e+00   2.9453537e+00
   3.4077741e+00   3.1467572e+00
   3.1270011e+00   3.4242368e+00
   3.6933812e+00   2.9538809e+00
   3.7682188e+00   2.9105160e+00
   3.5686666e+00   3.0319049e+00
   3.0744845e+00   3.5042885e+00
   3.1358184e+00   3.4121071e+00
   3.1595009e+00   3.3823753e+00
   3.3541832e+00   3.1902056e+00
   3.2690695e+00   3.2658518e+00
   3.2907741e+00   3.2447002e+00
   3.6288430e+00   2.9931815e+00
   3.4118475e+00   3.1431619e+00
   3.4592871e+00   3.1078520e+00
   3.8906774e+00   2.8432157e+00
   3.3363794e+00   3.2046386e+00
   3.8971934e+00   2.8397178e+00
   3.5480546e+00   3.0459891e+00
   3.5794074e+00   3.0247155e+00
   3.2470569e+00   3.2867810e+00
   3.5906919e+00   3.0177170e+00
   3.8599668e+00   2.8597407e+00
   3.3820519e+00   3.1663892e+00
   3.0485142e+00   3.5498609e+00
   3.2793601e+00   3.2532093e+00
   3.6612191e+00   2.9714547e+00
   3.7649745e+00   2.9103034e+00
   3.4370698e+00   3.1221026e+00
   3.1762851e+00   3.3593957e+00
   3.0765855e+00   3.4971415e+00
   3.5143114e+00   3.0668858e+00
   3.8729526e+00   2.8507787e+00
   3.3778499e+00   3.1683053e+00
   3.6444673e+00   2.9818729e+00
   3.3488838e+00   3.1919143e+00
   3.3345624e+00   3.2038520e+00
   3.8184466e+00   2.8805425e+00
   3.9853481e+00   2.7927050e+00
   3.9100660e+00   2.8314458e+00
   3.3065595e+00   3.2281770e+00
   3.1075810e+00   3.4484602e+00
   3.2658347e+00   3.2657926e+00
   3.0865806e+00   3.4805541e+00
   3.4070687e+00   3.1450960e+00
   3.5460973e+00   3.0451709e+00
   3.9475101e+00   2.8121111e+00
   2.9922479e+00   3.7469541e+00
   3.7296955e+00   2.9304243e+00
   3.5782024e+00   3.0235547e+00
   2.9903292e+00   3.7825940e+00
   3.6782144e+00   2.9610977e+00
   3.7824157e+00   2.9001989e+00
   3.9926995e+00   2.7896284e+00
   3.0103630e+00   3.6497397e+00
   3.3632296e+00   3.1799870e+00
   3.4221435e+00   3.1336767e+00
   3.0575374e+00   3.5318510e+00
   3.0042136e+00   3.6718120e+00
   3.5300761e+00   3.0559692e+00
   3.9667114e+00   2.8022574e+00
   2.9952333e+00   3.7206384e+00
   3.0240026e+00   3.6075867e+00
   3.2394004e+00   3.2915939e+00
   3.1526024e+00   3.3880584e+00
   2.9990592e+00   3.6947540e+00
   3.1187153e+00   3.4331266e+00
   3.4523799e+00   3.1107966e+00
   3.1886725e+00   3.3453863e+00
   3.2526273e+00   3.2786107e+00
   3.0168418e+00   3.6266825e+00
   3.8003989e+00   2.8904098e+00
   3.1643240e+00   3.3736359e+00
   3.7471823e+00   2.9203857e+00
   3.7124732e+00   2.9405813e+00
   3.4675529e+00   3.0997293e+00
   3.3922675e+00   3.1565029e+00
   3.5947884e+00   3.0132400e+00
   3.6951232e+00   2.9508252e+00
   3.3205091e+00   3.2158992e+00
   3.6108283e+00   3.0025792e+00
   3.1293130e+00   3.4175310e+00
   3.0317678e+00   3.5876948e+00
   3.2135944e+00   3.3182156e+00
   3.4829706e+00   3.0886795e+00
   3.0394952e+00   3.5684896e+00
   3.1410806e+00   3.4027295e+00
   2.9905592e+00   3.7717107e+00
   3.8545560e+00   2.8606058e+00
   3.5621394e+00   3.0344736e+00
   3.9288934e+00   2.8215976e+00
   3.0667387e+00   3.5139921e+00
   3.4986604e+00   3.0777712e+00
   3.6277579e+00   2.9922288e+00
   3.0969097e+00   3.4641098e+00
   3.8363746e+00   2.8705425e+00
   3.8915476e+00   2.8412924e+00
   3.2010990e+00   3.3318308e+00
   3.2929432e+00   3.2406394e+00
   3.2263378e+00   3.3047122e+00
   3.3908025e+00   3.1580721e+00
   3.2906406e+00   3.2438824e+00
   3.0577511e+00   3.5315716e+00
   3.7471447e+00   2.9207724e+00
   3.4046336e+00   3.1473645e+00
   3.1464144e+00   3.3958269e+00
   3.3979226e+00   3.1524008e+00
   3.2089789e+00   3.3237578e+00
   3.3291239e+00   3.2094849e+00
   3.2000665e+00   3.3324917e+00
   3.0120591e+00   3.6449177e+00
   3.9602439e+00   2.8057404e+00
   3.3366861e+00   3.2027140e+00
   3.6773114e+00   2.9620892e+00
   3.7850593e+00   2.8997203e+00
   3.7079781e+00   2.9437713e+00
   3.7051342e+00   2.9451104e+00
   3.4897209e+00   3.0843398e+00
   3.2055753e+00   3.3277271e+00
   3.8679480e+00   2.8539252e+00
   3.7508645e+00   2.9187636e+00
   3.4019489e+00   3.1493940e+00
   3.6230174e+00   2.9950458e+00
   3.6036542e+00   3.0074757e+00
   3.2128837e+00   3.3173703e+00
   3.0855469e+00   3.4795839e+00
   3.8720039e+00   2.8503366e+00
   3.4211804e+00   3.1328042e+00
   3.2647666e+00   3.2649540e+00
   3.1518013e+00   3.3869884e+00
   3.9276179e+00   2.8209208e+00
   3.6601835e+00   2.9707262e+00
   3.1176468e+00   3.4320957e+00
   3.7815475e+00   2.8996586e+00
   3.7995295e+00   2.8897249e+00
   3.2516766e+00   3.2778872e+00
   2.9894844e+00   3.7710109e+00
   2.9985654e+00   3.6943301e+00
   3.9465724e+00   2.8112876e+00
   3.1287426e+00   3.4167546e+00
   3.9847286e+00   2.7920587e+00
   3.9089974e+00   2.8306566e+00
   3.1754801e+00   3.3584477e+00
   3.0228633e+00   3.6062298e+00
   3.5131020e+00   3.0658087e+00
   3.0389619e+00   3.5672289e+00
   3.2784622e+00   3.2521780e+00
   3.8171475e+00   2.8797068e+00
   3.6942636e+00   2.9500882e+00
   3.6266646e+00   2.9912634e+00
   3.1635117e+00   3.3724565e+00
   3.0308565e+00   3.5865105e+00
   3.6771865e+00   2.9602978e+00
   3.3767896e+00   3.1673792e+00
   3.0475861e+00   3.5488005e+00
   3.4975047e+00   3.0767833e+00
   3.6431171e+00   2.9809367e+00
   3.8535173e+00   2.8600582e+00
   3.7636275e+00   2.9097525e+00
   3.3622378e+00   3.1791359e+00
   3.4819765e+00   3.0879250e+00
   3.4510715e+00   3.1100770e+00
   2.9943687e+00   3.7195585e+00
   3.9904220e+00   2.7884631e+00
   3.3479974e+00   3.1911420e+00
   3.4062948e+00   3.1441956e+00
   3.6100365e+00   3.0017887e+00
   3.1878389e+00   3.3445332e+00
   3.2385627e+00   3.2907551e+00
   3.0757795e+00   3.4961584e+00
   3.3915084e+00   3.1558204e+00
   3.7112995e+00   2.9399502e+00
   3.0159476e+00   3.6270556e+00
   3.3196814e+00   3.2149411e+00
   3.0961542e+00   3.4634054e+00
   3.8352644e+00   2.8696800e+00
   3.5936108e+00   3.0122885e+00
   3.5610398e+00   3.0337031e+00
   3.1402674e+00   3.4015943e+00
   3.1064842e+00   3.4474922e+00
   3.7288654e+00   2.9298051e+00
   3.2921228e+00   3.2397795e+00
   3.4360936e+00   3.1213253e+00
   3.8902603e+00   2.8403198e+00
   3.9655311e+00   2.8015815e+00
   3.5290725e+00   3.0550527e+00
   3.0660096e+00   3.5132790e+00
   3.0037007e+00   3.6707308e+00
   3.0565274e+00   3.5308456e+00
   3.7461162e+00   2.9196588e+00
   2.9912035e+00   3.7439239e+00
   2.9890435e+00   3.7874793e+00
   3.2256093e+00   3.3039596e+00
   3.2002091e+00   3.3309040e+00
   3.3335906e+00   3.2025973e+00
   3.5449551e+00   3.0442996e+00
   3.4666277e+00   3.0989315e+00
   3.0094038e+00   3.6481228e+00
   3.3057142e+00   3.2273341e+00
   3.5770223e+00   3.0229284e+00
   3.2398335e+00   3.2897152e+00
   3.4845061e+00   3.0863442e+00
   3.8562448e+00   2.8587347e+00
   3.6490056e+00   2.9776345e+00
   3.4158432e+00   3.1369235e+00
   3.6477649e+00   2.9784024e+00
   3.8764999e+00   2.8480928e+00
   3.2882340e+00   3.2435264e+00
   3.6989935e+00   2.9478781e+00
   3.2988055e+00   3.2342366e+00
   3.2500574e+00   3.2794498e+00
   3.5676897e+00   3.0296491e+00
   3.9187400e+00   2.8256535e+00
   3.5146652e+00   3.0648580e+00
   3.1753962e+00   3.3588086e+00
   3.5321317e+00   3.0532915e+00
   3.4163288e+00   3.1365920e+00
   3.3726591e+00   3.1721690e+00
   3.6042176e+00   3.0061765e+00
   3.3279753e+00   3.2085308e+00
   3.4889473e+00   3.0838426e+00
   3.6008416e+00   3.0088610e+00
   3.1985851e+00   3.3327522e+00
   3.2067735e+00   3.3249979e+00
   3.1251188e+00   3.2268004e+00
   3.6530710e+00   2.7781754e+00
   3.0559891e+00   3.3376780e+00
   3.4351781e+00   2.9261922e+00
   3.4199647e+00   2.9374554e+00
   3.8063401e+00   2.6893185e+00
   3.5721526e+00   2.8296120e+00
   2.9887912e+00   3.7731804e+00
   3.4794701e+00   2.8934510e+00
   3.7887106e+00   2.6992847e+00
   3.2946812e+00   3.0414618e+00
   2.9909802e+00   3.5678017e+00
   3.7033792e+00   2.7483812e+00
   3.0171771e+00   3.4300049e+00
   3.0938336e+00   3.2719057e+00
   3.2558637e+00   3.0784632e+00
   3.8409193e+00   2.6687759e+00
   3.3631558e+00   2.9826814e+00
   3.9512959e+00   2.6122920e+00
   3.1696184e+00   3.1692301e+00
   3.2683685e+00   3.0659487e+00
   3.9330049e+00   2.6221200e+00
   3.2816263e+00   3.0533957e+00
   3.1934768e+00   3.1428719e+00
   3.6042135e+00   2.8088819e+00
   3.6699861e+00   2.7685553e+00
   3.4646317e+00   2.9042468e+00
   2.9935414e+00   3.5421814e+00
   3.6859723e+00   2.7588303e+00
   3.0744331e+00   3.3038667e+00
   2.9884348e+00   3.7824648e+00
   3.7367042e+00   2.7285188e+00
   3.2176176e+00   3.1165054e+00
   3.6208239e+00   2.7991173e+00
   3.4495290e+00   2.9152384e+00
   3.9705210e+00   2.6028467e+00
   3.1585312e+00   3.1837451e+00
   3.7198684e+00   2.7384576e+00
   3.3898183e+00   2.9595772e+00
   3.0469733e+00   3.3530197e+00
   3.0318920e+00   3.3914886e+00
   3.3081868e+00   3.0293554e+00
   3.5101972e+00   2.8721751e+00
   2.9961190e+00   3.5143872e+00
   3.5880725e+00   2.8195899e+00
   3.0651823e+00   3.3207633e+00
   3.0388536e+00   3.3717306e+00
   3.8241326e+00   2.6796603e+00
   3.0114102e+00   3.4494264e+00
   3.8784068e+00   2.6508948e+00
   3.0001774e+00   3.4939358e+00
   3.9988617e+00   2.5916840e+00
   3.0052488e+00   3.4715091e+00
   3.0242101e+00   3.4090876e+00
   3.0840228e+00   3.2879731e+00
   3.4060429e+00   2.9484738e+00
   3.3769476e+00   2.9711091e+00
   2.9895973e+00   3.5898784e+00
   3.9141295e+00   2.6313281e+00
   3.7543239e+00   2.7185377e+00
   3.2431252e+00   3.0905051e+00
   3.3356348e+00   3.0057078e+00
   3.1471462e+00   3.1978894e+00
   3.5411407e+00   2.8507539e+00
   3.4943160e+00   2.8824061e+00
   3.1141704e+00   3.2415026e+00
   3.1816586e+00   3.1564025e+00
   3.1039428e+00   3.2567395e+00
   3.6370762e+00   2.7887852e+00
   3.9888983e+00   2.5936929e+00
   3.8598311e+00   2.6602144e+00
   3.2303650e+00   3.1037232e+00
   3.2053911e+00   3.1282094e+00
   3.5244255e+00   2.8612296e+00
   3.3488858e+00   2.9937608e+00
   3.7715900e+00   2.7085942e+00
   3.1361007e+00   3.2116573e+00
   3.5569568e+00   2.8405518e+00
   3.8959328e+00   2.6409055e+00
   3.3212894e+00   3.0172827e+00
   3.2736376e+00   3.0618945e+00
   3.2321010e+00   3.1013151e+00
   3.4591666e+00   2.9098960e+00
   3.7010914e+00   2.7505305e+00
   3.3873406e+00   2.9640406e+00
   3.0215680e+00   3.4165635e+00
   3.9020443e+00   2.6379925e+00
   3.0584504e+00   3.3328904e+00
   3.7688782e+00   2.7114122e+00
   3.3052427e+00   3.0332206e+00
   3.4113200e+00   2.9452131e+00
   3.6645004e+00   2.7717786e+00
   3.6297158e+00   2.7948011e+00
   3.1242186e+00   3.2292161e+00
   3.0334993e+00   3.3862857e+00
   3.2277005e+00   3.1075114e+00
   3.4313345e+00   2.9287535e+00
   3.3756950e+00   2.9730654e+00
   3.2445598e+00   3.0873179e+00
   3.1968620e+00   3.1399589e+00
   3.1810432e+00   2.9591250e+00
   3.4117716e+00   2.7467387e+00
   3.9097606e+00   2.4373408e+00
   3.8916822e+00   2.4465934e+00
   3.9805776e+00   2.3995963e+00
   3.6223293e+00   2.6015489e+00
   3.0279313e+00   3.2031161e+00
   2.9887912e+00   3.7731804e+00
   3.0517109e+00   3.1508001e+00
   3.1929308e+00   2.9472425e+00
   2.9963929e+00   3.3246194e+00
   3.4257856e+00   2.7362998e+00
   3.9945728e+00   2.3936487e+00
   3.0868992e+00   3.0840413e+00
   3.3034467e+00   2.8358644e+00
   3.7861307e+00   2.5033413e+00
   3.0598614e+00   3.1336244e+00
   3.4547244e+00   2.7144033e+00
   2.9918842e+00   3.3737634e+00
   3.2779762e+00   2.8605549e+00
   3.5900727e+00   2.6211286e+00
   3.0155159e+00   3.2398641e+00
   3.1061282e+00   3.0571672e+00
   3.6693223e+00   2.5714906e+00
   3.0687955e+00   3.1174827e+00
   3.4836627e+00   2.6933636e+00
   3.6056534e+00   2.6113925e+00
   3.3165532e+00   2.8253161e+00
   3.3978070e+00   2.7578337e+00
   3.5746072e+00   2.6303682e+00
   2.9884348e+00   3.7824648e+00
   2.9931835e+00   3.3462278e+00
   3.5439408e+00   2.6519153e+00
   3.3696402e+00   2.7790580e+00
   3.7694776e+00   2.5133548e+00
   3.9635097e+00   2.4087868e+00
   3.7027651e+00   2.5516154e+00
   3.1267197e+00   3.0280188e+00
   3.1589714e+00   2.9868063e+00
   3.8561415e+00   2.4650262e+00
   3.0355351e+00   3.1850090e+00
   3.2032129e+00   2.9342225e+00
   3.6541153e+00   2.5814897e+00
   3.0093148e+00   3.2602855e+00
   3.2907644e+00   2.8485306e+00
   3.5591500e+00   2.6415502e+00
   3.0002711e+00   3.3028641e+00
   3.3841738e+00   2.7690361e+00
   3.0966520e+00   3.0714732e+00
   3.5138233e+00   2.6721602e+00
   3.6854738e+00   2.5616087e+00
   3.6369792e+00   2.5912356e+00
   3.3293176e+00   2.8136753e+00
   3.8736654e+00   2.4558542e+00
   3.2525763e+00   2.8844104e+00
   3.9271662e+00   2.4270633e+00
   2.9895973e+00   3.5898784e+00
   3.0430645e+00   3.1671825e+00
   3.7527860e+00   2.5226999e+00
   3.3566081e+00   2.7908989e+00
   3.0779100e+00   3.1022757e+00
   3.5285834e+00   2.6621277e+00
   3.2651289e+00   2.8714091e+00
   3.4695363e+00   2.7036653e+00
   3.3432362e+00   2.8019173e+00
   3.1366004e+00   3.0135579e+00
   3.1698665e+00   2.9732431e+00
   3.9459536e+00   2.4181172e+00
   3.2162887e+00   2.9208818e+00
   3.0213956e+00   3.2209186e+00
   3.1162343e+00   3.0427828e+00
   3.8031974e+00   2.4938476e+00
   3.4984674e+00   2.6827463e+00
   3.7354083e+00   2.5317871e+00
   3.1475845e+00   3.0004248e+00
   3.7180859e+00   2.5415828e+00
   3.0052599e+00   3.2803195e+00
   3.2403899e+00   2.8963586e+00
   2.9897950e+00   3.3874095e+00
   3.8209393e+00   2.4844771e+00
   3.8376681e+00   2.4746222e+00
   3.2279307e+00   2.9086672e+00
   3.4869347e+00   2.6920070e+00
   3.7296949e+00   2.5370799e+00
   3.1745143e+00   2.9675781e+00
   3.6951151e+00   2.5569359e+00
   3.3326126e+00   2.8128802e+00
   3.9581572e+00   2.4135230e+00
   3.3863246e+00   2.7674128e+00
   3.3204843e+00   2.8234439e+00
   3.0929079e+00   3.0775088e+00
   3.8498357e+00   2.4696501e+00
   3.4760360e+00   2.6999569e+00
   3.2337332e+00   2.9030200e+00
   3.4405180e+00   2.7254417e+00
   3.8321353e+00   2.4804415e+00
   3.6832751e+00   2.5621676e+00
   3.6272005e+00   2.5983432e+00
   3.4200786e+00   2.7427983e+00
   3.1604324e+00   2.9866885e+00
   3.4542435e+00   2.7140047e+00
   3.5128074e+00   2.6717585e+00
   3.7183385e+00   2.5412189e+00
   3.4977513e+00   2.6816008e+00
   3.9626602e+00   2.4081489e+00
   3.7685230e+00   2.5121156e+00
   2.9887912e+00   3.7731804e+00
   3.1920836e+00   2.9463443e+00
   3.8726670e+00   2.4552390e+00
   3.5425974e+00   2.6506666e+00
   3.6050841e+00   2.6103731e+00
   3.4395102e+00   2.7243846e+00
   3.6360616e+00   2.5905456e+00
   3.0591183e+00   3.1335915e+00
   2.9908214e+00   3.3720038e+00
   3.3958584e+00   2.7571259e+00
   3.7855908e+00   2.5022944e+00
   3.5587860e+00   2.6411816e+00
   3.4676619e+00   2.7031136e+00
   3.6688323e+00   2.5707002e+00
   3.1693873e+00   2.9724005e+00
   3.7014793e+00   2.5510331e+00
   3.0038524e+00   3.2795791e+00
   3.0769233e+00   3.1014370e+00
   2.9988412e+00   3.3012599e+00
   3.2389568e+00   2.8958466e+00
   3.0679375e+00   3.1173818e+00
   3.2039156e+00   2.9336169e+00
   3.3557296e+00   2.7903042e+00
   2.9884348e+00   3.7824648e+00
   3.1784633e+00   2.9589892e+00
   3.3410964e+00   2.8018596e+00
   3.1364212e+00   3.0130554e+00
   3.3827750e+00   2.7676936e+00
   3.2156116e+00   2.9206689e+00
   3.2766551e+00   2.8592422e+00
   3.7517512e+00   2.5221266e+00
   3.0348869e+00   3.1840811e+00
   3.5281195e+00   2.6616780e+00
   3.8900529e+00   2.4453626e+00
   3.2508224e+00   2.8837980e+00
   2.9895872e+00   3.5880936e+00
   3.9931247e+00   2.3928006e+00
   3.1155503e+00   3.0410308e+00
   3.0149311e+00   3.2394841e+00
   3.3281983e+00   2.8119170e+00
   3.0860788e+00   3.0862367e+00
   3.9268388e+00   2.4272994e+00
   3.0954471e+00   3.0706417e+00
   3.5740258e+00   2.6305758e+00
   3.8026984e+00   2.4928425e+00
   3.0275137e+00   3.2019480e+00
   3.0211870e+00   3.2196775e+00
   3.1576276e+00   2.9857510e+00
   3.6530301e+00   2.5806858e+00
   3.5895121e+00   2.6207499e+00
   3.2643564e+00   2.8710155e+00
   3.6210280e+00   2.6007761e+00
   2.9921473e+00   3.3472987e+00
   3.8371285e+00   2.4737667e+00
   3.9806222e+00   2.3984766e+00
   3.9439582e+00   2.4176716e+00
   3.2273274e+00   2.9080029e+00
   3.8553980e+00   2.4647372e+00
   3.1464200e+00   2.9991874e+00
   3.3149436e+00   2.8242349e+00
   3.2896896e+00   2.8475318e+00
   3.0429109e+00   3.1670514e+00
   3.4109614e+00   2.7452149e+00
   3.3028467e+00   2.8363516e+00
   3.0504403e+00   3.1500534e+00
   3.6848190e+00   2.5608710e+00
   3.1058829e+00   3.0563599e+00
   3.7354083e+00   2.5317871e+00
   3.4248566e+00   2.7351370e+00
   3.1255345e+00   3.0267162e+00
   3.3694073e+00   2.7788113e+00
   2.9958500e+00   3.3233120e+00
   2.9897950e+00   3.3874095e+00
   3.4828632e+00   2.6921037e+00
   3.8197246e+00   2.4836492e+00
   3.9079219e+00   2.4364340e+00
   3.0090787e+00   3.2593951e+00
   2.9993772e+00   3.2996211e+00
   3.5889281e+00   2.6214090e+00
   3.2807665e+00   2.8575216e+00
   3.0711971e+00   3.1117495e+00
   3.2278804e+00   2.9063572e+00
   3.9141637e+00   2.4348310e+00
   3.9855371e+00   2.3968258e+00
   3.0201285e+00   3.2330956e+00
   3.7677487e+00   2.5137366e+00
   3.2022112e+00   2.9364494e+00
   3.1702970e+00   2.9723579e+00
   3.1204003e+00   3.0405653e+00
   3.4852558e+00   2.6919133e+00
   3.6832751e+00   2.5621676e+00
   3.9644871e+00   2.4081132e+00
   3.3986401e+00   2.7565253e+00
   3.9462339e+00   2.4169310e+00
   3.4976255e+00   2.5535344e+00
   2.9496899e+00   2.9972493e+00
   3.6275786e+00   2.4792845e+00
   2.9712720e+00   2.9712733e+00
   3.2042374e+00   2.7515259e+00
   3.4353498e+00   2.5915823e+00
   3.7474456e+00   2.4161878e+00
   2.9092066e+00   3.0523497e+00
   3.1001794e+00   2.8388694e+00
   3.4197837e+00   2.6010925e+00
   2.9192100e+00   3.0380472e+00
   3.0391560e+00   2.8967284e+00
   3.4815091e+00   2.5629769e+00
   3.6171942e+00   2.4853825e+00
   3.4507145e+00   2.5820883e+00
   3.6444517e+00   2.4703643e+00
   3.0043177e+00   2.9332895e+00
   3.0513065e+00   2.8851218e+00
   2.9290407e+00   3.0242938e+00
   2.9821556e+00   2.9582446e+00
   3.6953200e+00   2.4430649e+00
   2.7942201e+00   3.3575630e+00
   2.8328053e+00   3.1940828e+00
   3.5780097e+00   2.5071072e+00
   3.3450112e+00   2.6497779e+00
   3.5294232e+00   2.5348200e+00
   3.6779476e+00   2.4518744e+00
   3.3743438e+00   2.6303089e+00
   2.8474270e+00   3.1598409e+00
   2.8903425e+00   3.0811978e+00
   3.2732772e+00   2.6997826e+00
   3.0754659e+00   2.8617671e+00
   3.0632080e+00   2.8732718e+00
   3.6108482e+00   2.4885536e+00
   3.4664540e+00   2.5726904e+00
   2.9600022e+00   2.9841209e+00
   3.5615544e+00   2.5163921e+00
   2.9932721e+00   2.9457376e+00
   3.3161830e+00   2.6696149e+00
   3.7824922e+00   2.3981301e+00
   3.6610870e+00   2.4612787e+00
   3.7124387e+00   2.4338534e+00
   3.3305481e+00   2.6596642e+00
   2.7930669e+00   3.3798100e+00
   2.8812005e+00   3.0964749e+00
   3.3018517e+00   2.6798724e+00
   3.0159927e+00   2.9210083e+00
   3.1776810e+00   2.7731151e+00
   3.1644046e+00   2.7836166e+00
   3.1908771e+00   2.7623354e+00
   3.2314445e+00   2.7305151e+00
   2.9393119e+00   3.0107949e+00
   2.8259041e+00   3.2123098e+00
   2.8992963e+00   3.0663920e+00
   2.8194353e+00   3.2306909e+00
   2.8397901e+00   3.1767718e+00
   3.2179230e+00   2.7412356e+00
   3.2874738e+00   2.6896350e+00
   3.4048773e+00   2.6107833e+00
   3.5941860e+00   2.4977867e+00
   3.0877468e+00   2.8501471e+00
   3.1255019e+00   2.8165372e+00
   2.7925292e+00   3.3889516e+00
   2.8134888e+00   3.2501535e+00
   3.7299375e+00   2.4250928e+00
   2.8723249e+00   3.1117490e+00
   2.7962019e+00   3.3359960e+00
   2.8553515e+00   3.1434790e+00
   3.5129812e+00   2.5440884e+00
   3.1512751e+00   2.7945371e+00
   3.1379852e+00   2.8054347e+00
   2.8082690e+00   3.2700447e+00
   3.2453515e+00   2.7204598e+00
   3.7945614e+00   2.3924578e+00
   3.7647591e+00   2.4069548e+00
   3.1127110e+00   2.8274017e+00
   3.0276446e+00   2.9088751e+00
   3.2592818e+00   2.7099637e+00
   3.5454424e+00   2.5254707e+00
   3.3899055e+00   2.6204074e+00
   2.8637184e+00   3.1272030e+00
   2.8035166e+00   3.2911426e+00
   2.7996034e+00   3.3087577e+00
   3.3598093e+00   2.6399542e+00
   2.8582196e+00   3.1389127e+00
   3.3733777e+00   2.6313371e+00
   3.5554429e+00   2.5200898e+00
   3.2297297e+00   2.7327261e+00
   3.6340334e+00   2.4765760e+00
   2.8873869e+00   3.0865535e+00
   2.8399311e+00   3.1764759e+00
   3.5566827e+00   2.5194734e+00
   2.8280378e+00   3.2072162e+00
   3.1572980e+00   2.7896049e+00
   3.4601697e+00   2.5762537e+00
   3.0781320e+00   2.8596001e+00
   3.0367708e+00   2.8995252e+00
   3.0349253e+00   2.9015581e+00
   3.1975044e+00   2.7573082e+00
   3.2947814e+00   2.6850561e+00
