   7.1042665e+00   6.0866935e+00
   6.4704297e+00   5.2297675e+00
   7.1536412e+00   4.9510044e+00
   7.3571839e+00   4.8551584e+00
   6.9121233e+00   4.5824051e+00
   9.2626687e+00   6.0159480e+00
   8.3416509e+00   5.7854420e+00
   5.8569512e+00   6.6116092e+00
   7.3868921e+00   5.7221625e+00
   7.7543229e+00   4.8919147e+00
   7.6607664e+00   4.4512987e+00
   6.4126031e+00   6.1144687e+00
   6.3838340e+00   5.2844771e+00
   7.9546987e+00   6.0558828e+00
   7.9241895e+00   5.8087320e+00
   7.4364208e+00   5.2020107e+00
   7.0610724e+00   5.3765161e+00
   6.3490636e+00   4.3953151e+00
   7.6891513e+00   4.5834469e+00
   6.0510567e+00   5.1660132e+00
   6.6733976e+00   5.3062215e+00
   7.1280465e+00   4.5757241e+00
   6.4161866e+00   3.4451263e+00
   8.1439833e+00   5.1348323e+00
   8.0236712e+00   5.5079007e+00
   5.6501060e+00   5.9555416e+00
   7.5499196e+00   7.3640985e+00
   8.6719528e+00   5.3008597e+00
   6.1908807e+00   5.2971547e+00
   6.4155800e+00   6.4211802e+00
   6.3647834e+00   5.2291851e+00
   8.0699096e+00   5.7524391e+00
   7.1416603e+00   5.2575027e+00
   7.2918922e+00   5.2565724e+00
   6.2546541e+00   6.1368335e+00
   6.6667654e+00   4.6283861e+00
   7.0193057e+00   4.9118793e+00
   5.0242030e+00   4.7675812e+00
   6.2033824e+00   5.2831380e+00
   6.4349901e+00   6.2800684e+00
   6.3759537e+00   5.9238813e+00
   8.1608917e+00   6.6573448e+00
   7.5049573e+00   4.9372609e+00
   6.8524964e+00   5.0123125e+00
   5.5818873e+00   5.1465821e+00
   7.2025244e+00   5.6507618e+00
   5.9689405e+00   5.1034311e+00
   6.6201992e+00   5.2728735e+00
   6.3151004e+00   5.2394229e+00
   6.6029803e+00   5.7376485e+00
   6.5055412e+00   4.7672352e+00
   8.1085683e+00   6.4661905e+00
   7.2326125e+00   5.8019796e+00
   6.1114725e+00   5.5055354e+00
   7.7077586e+00   5.3549167e+00
   6.3179163e+00   5.2033289e+00
   7.3003013e+00   6.3365959e+00
   6.8699831e+00   5.8062140e+00
   6.7113693e+00   4.9082668e+00
   9.1006374e+00   5.9448938e+00
   6.5587600e+00   5.2943945e+00
   6.7326091e+00   4.2264252e+00
   7.8370630e+00   4.8605681e+00
   7.0606219e+00   6.1803911e+00
   6.6856210e+00   5.6741682e+00
   6.9093738e+00   3.8345454e+00
   7.6893997e+00   5.9165401e+00
   6.8092665e+00   6.0907674e+00
   8.0601572e+00   4.9534784e+00
   6.7462383e+00   5.3809279e+00
   6.3910866e+00   5.0578215e+00
   7.0229256e+00   5.0615390e+00
   7.8876726e+00   4.8347257e+00
   6.5585468e+00   5.8469023e+00
   7.8292070e+00   5.7423770e+00
   7.1270779e+00   5.7562185e+00
   6.4557227e+00   5.1000560e+00
   6.5554010e+00   5.2992975e+00
   7.5760290e+00   4.5251349e+00
   7.4753215e+00   5.8993467e+00
   7.5552795e+00   4.0271478e+00
   8.2573093e+00   5.3804915e+00
   6.4998605e+00   5.3549782e+00
   8.1170431e+00   5.7502655e+00
   7.0153967e+00   6.0138076e+00
   6.3057267e+00   7.0802051e+00
   6.4599558e+00   5.1339842e+00
   6.1988407e+00   5.3762312e+00
   6.1672340e+00   5.5974817e+00
   6.3468161e+00   4.5957654e+00
   6.6368012e+00   5.5466610e+00
   6.3272199e+00   4.5490521e+00
   6.7047177e+00   6.7944962e+00
   6.4567451e+00   6.1764330e+00
   8.0949219e+00   5.9262232e+00
   6.7527249e+00   6.1001392e+00
   7.3266043e+00   5.6341126e+00
   8.8010862e+00   5.3078257e+00
   6.2818016e+00   5.2883892e+00
   5.8268829e+00   5.1239838e+00
   8.8345031e-01   6.2425768e-02
   5.1518608e-01   2.8488017e-01
   8.0732669e-01   1.0387699e-01
   4.1867695e-01   3.5573053e-01
   6.2182576e-01   2.1397203e-01
   6.3340230e-01   2.0665502e-01
   4.8587123e-01   3.0563776e-01
   9.0390306e-01   5.1597002e-02
   7.6095603e-01   1.3009294e-01
   8.5067930e-01   8.0041767e-02
   8.3175743e-01   9.0368300e-02
   6.6438877e-01   1.8739341e-01
   4.7630087e-01   3.1254988e-01
   5.2468931e-01   2.7827890e-01
   9.5795531e-01   2.3555965e-02
   6.0819645e-01   2.2267464e-01
   5.0250948e-01   2.9378163e-01
   9.7313940e-01   1.5822343e-02
   5.8387900e-01   2.3844837e-01
   5.5605744e-01   2.5690487e-01
   7.3619243e-01   1.4442166e-01
   7.3080919e-01   1.4756832e-01
   5.9923997e-01   2.2844689e-01
   7.9839003e-01   1.0886949e-01
   6.4279179e-01   2.0076944e-01
   7.5537506e-01   1.3330156e-01
   8.4431191e-01   8.3503776e-02
   5.6449438e-01   2.5125993e-01
   5.3315102e-01   2.7245142e-01
   8.7676618e-01   6.5991877e-02
   5.7945887e-01   2.4135069e-01
   6.7421175e-01   1.8138175e-01
   9.1437052e-01   4.6102459e-02
   6.2644100e-01   2.1104682e-01
   5.7520786e-01   2.4415245e-01
   7.2017453e-01   1.5381894e-01
   5.5190831e-01   2.5969672e-01
   7.9249304e-01   1.1217921e-01
   6.1726093e-01   2.1687602e-01
   6.9425602e-01   1.6924940e-01
   7.4434848e-01   1.3967609e-01
   6.3804473e-01   2.0373959e-01
   6.6927490e-01   1.8439757e-01
   5.3706493e-01   2.6977166e-01
   4.7252171e-01   3.1529852e-01
   6.2875242e-01   2.0958587e-01
   6.5471075e-01   1.9336008e-01
   8.6034269e-01   7.4812408e-02
   5.4978904e-01   2.6112678e-01
   8.1942146e-01   9.7164106e-02
   5.4152646e-01   2.6672887e-01
   4.9369921e-01   3.0003471e-01
   7.2546911e-01   1.5070126e-01
   4.9758621e-01   2.9726908e-01
   5.6871641e-01   2.4845096e-01
   7.0709291e-01   1.6157158e-01
   8.3800587e-01   8.6945341e-02
   4.6694180e-01   3.1937714e-01
   6.5230941e-01   1.9484739e-01
   7.1229352e-01   1.5848097e-01
   4.8183308e-01   3.0854587e-01
   7.4983192e-01   1.3650021e-01
   4.6234019e-01   3.2275911e-01
   5.0728439e-01   2.9041563e-01
   5.7305395e-01   2.4557602e-01
   6.4753586e-01   1.9781213e-01
   5.9039770e-01   2.3418814e-01
   8.2558181e-01   9.3764044e-02
   7.8085478e-01   1.1874767e-01
   5.2920738e-01   2.7516154e-01
   7.7509062e-01   1.2201905e-01
   8.7014731e-01   6.9536616e-02
   9.3580783e-01   3.4947163e-02
   6.9936518e-01   1.6618513e-01
   4.3482409e-01   3.4334480e-01
   6.0365967e-01   2.2559313e-01
   7.8665000e-01   1.1547085e-01
   4.5671471e-01   3.2691662e-01
   5.4557376e-01   2.6397945e-01
   9.2500327e-01   4.0553324e-02
   8.1335313e-01   1.0052592e-01
   6.8919169e-01   1.7229797e-01
   1.8102938e-03   1.0013826e+00
   9.4678965e-01   2.9282156e-02
   5.9476586e-01   2.3134656e-01
   6.1270374e-01   2.1978591e-01
   6.5948859e-01   1.9040897e-01
   4.8850325e-01   3.0374882e-01
   5.8603988e-01   2.3703352e-01
   6.8415836e-01   1.7533902e-01
   5.1090141e-01   2.8787643e-01
   5.6026326e-01   2.5408554e-01
   6.7916408e-01   1.7836759e-01
   5.2115897e-01   2.8072414e-01
   1.0018101e+00   1.3827148e-03
   8.9359671e-01   5.7038208e-02
   7.0193082e-01   1.6465059e-01
   7.6658224e-01   1.2687024e-01
   7.1753382e-01   1.5537820e-01
   4.5306188e-01   3.2963002e-01
   4.0953013e-01   3.6024124e-01
   5.6869836e-01   2.4605544e-01
   4.2534247e-01   3.4800253e-01
   5.9251763e-01   2.3042352e-01
   9.0363635e-01   4.9566551e-02
   3.4360149e-01   4.1401758e-01
   8.6974165e-05   1.0001187e+00
   3.7199797e-01   3.9027364e-01
   3.6157133e-01   3.9888300e-01
   1.0000870e+00   1.1869232e-04
   5.9693348e-01   2.2756028e-01
   6.9661962e-01   1.6553338e-01
   4.9181586e-01   2.9888486e-01
   3.6614466e-01   3.9509168e-01
   5.2525114e-01   2.7543658e-01
   4.6159891e-01   3.2077199e-01
   9.5769681e-01   2.1543282e-02
   4.7466938e-01   3.1121928e-01
   4.5055712e-01   3.2894796e-01
   4.7089136e-01   3.1396682e-01
   3.8188584e-01   3.8221994e-01
   4.0429463e-01   3.6434542e-01
   4.8606200e-01   3.0299961e-01
   4.3965591e-01   3.3711874e-01
   6.0584699e-01   2.2181283e-01
   3.9409261e-01   3.7242001e-01
   7.6072583e-01   1.2797257e-01
   6.3327208e-01   2.0438940e-01
   5.6022474e-01   2.5169517e-01
   3.8715242e-01   3.7797286e-01
   7.3597853e-01   1.4227747e-01
   4.3067868e-01   3.4392382e-01
   4.1993818e-01   3.5215943e-01
   4.5605734e-01   3.2486291e-01
   8.6336003e-01   7.0993806e-02
   6.3794737e-01   2.0145706e-01
   3.7703891e-01   3.8615458e-01
   3.9063165e-01   3.7518296e-01
   8.4089097e-01   8.3165041e-02
   5.4150819e-01   2.6430539e-01
   6.5937771e-01   1.8815149e-01
   4.1475520e-01   3.5617131e-01
   6.1034546e-01   2.1892826e-01
   6.1942795e-01   2.1313650e-01
   3.5675988e-01   4.0289770e-01
   6.4739164e-01   1.9556623e-01
   9.3918601e-01   3.1047471e-02
   3.5168652e-01   4.0716039e-01
   4.4508845e-01   3.3303439e-01
   4.3440945e-01   3.4108723e-01
   4.6716526e-01   3.1668743e-01
   6.2401283e-01   2.1022892e-01
   6.6911614e-01   1.8217666e-01
   8.0110531e-01   1.0512242e-01
   6.7899212e-01   1.7616168e-01
   5.1924420e-01   2.7959303e-01
   7.0431366e-01   1.6093654e-01
   7.6634936e-01   1.2475455e-01
   7.5237665e-01   1.3277235e-01
   6.0137647e-01   2.2469011e-01
   6.8398308e-01   1.7313858e-01
   5.8376575e-01   2.3612997e-01
   6.1487230e-01   2.1603622e-01
   5.7511520e-01   2.4181254e-01
   9.7673591e-01   1.1863189e-02
   8.2223610e-01   9.3394301e-02
   5.6444925e-01   2.4887820e-01
   7.3059867e-01   1.4541892e-01
   4.9764151e-01   2.9474323e-01
   6.6423001e-01   1.8516898e-01
   4.8035023e-01   3.0710841e-01
   6.7403662e-01   1.7917433e-01
   5.0345117e-01   2.9063706e-01
   5.8812853e-01   2.3328001e-01
   8.5362143e-01   7.6249409e-02
   6.5216160e-01   1.9260731e-01
   5.3130596e-01   2.7127098e-01
   5.1328413e-01   2.8374089e-01
   6.9153736e-01   1.6858373e-01
   7.2260718e-01   1.5010681e-01
   5.5393288e-01   2.5591045e-01
   7.4686677e-01   1.3595447e-01
   5.7942897e-01   2.3897351e-01
   7.1733070e-01   1.5321627e-01
   7.9224776e-01   1.1008454e-01
   8.7649788e-01   6.3950489e-02
   8.3149890e-01   8.8300768e-02
   6.2862739e-01   2.0731329e-01
   9.2117472e-01   4.0385530e-02
   3.9909123e-01   3.6845086e-01
   5.0736989e-01   2.8788073e-01
   6.4265373e-01   1.9851607e-01
   5.4769375e-01   2.6011411e-01
   5.3740742e-01   2.6709724e-01
   7.0949103e-01   1.5785742e-01
   7.8350463e-01   1.1500985e-01
   7.7487282e-01   1.1989949e-01
   8.1008047e-01   1.0012231e-01
   8.8992956e-01   5.6804014e-02
   7.4140099e-01   1.3912275e-01
   8.0990571e-01   1.0010071e-01
   4.8597340e-01   3.0294446e-01
   7.6618766e-01   1.2472822e-01
   3.6692429e-01   3.9432904e-01
   4.1468633e-01   3.5610610e-01
   8.5022890e-01   7.7968589e-02
   3.2771582e-01   4.2761128e-01
   7.4945932e-01   1.3433705e-01
   3.1512492e-01   4.3871758e-01
   8.6974165e-05   1.0000000e+00
   3.1991235e-01   4.3446895e-01
   8.6313892e-01   7.0994110e-02
   3.0174838e-01   4.5076289e-01
   3.8369568e-01   3.8063847e-01
   3.5207248e-01   4.0671634e-01
   3.3736373e-01   4.1924466e-01
   3.5700005e-01   4.0257798e-01
   3.0612095e-01   4.4679663e-01
   9.7650683e-01   1.1860407e-02
   8.3756242e-01   8.4863153e-02
   3.2320170e-01   4.3156818e-01
   6.8384471e-01   1.7310355e-01
   4.6709408e-01   3.1662082e-01
   3.3261560e-01   4.2334705e-01
   9.3896983e-01   3.1040325e-02
   7.1456066e-01   1.5473455e-01
   4.9172598e-01   2.9883026e-01
   4.4500665e-01   3.3297700e-01
   9.0343202e-01   4.9555343e-02
   7.2777387e-01   1.4695434e-01
   4.7271116e-01   3.1252332e-01
   8.0093327e-01   1.0509984e-01
   9.5747432e-01   2.1538277e-02
   8.7630237e-01   6.3936224e-02
   8.2821675e-01   8.9983638e-02
   4.3957618e-01   3.3706018e-01
   4.2881972e-01   3.4522313e-01
   9.2096459e-01   4.0376318e-02
   3.6194956e-01   3.9844985e-01
   4.0944537e-01   3.6018878e-01
   3.7863082e-01   3.8474083e-01
   8.8972971e-01   5.6791258e-02
   4.1995914e-01   3.5202457e-01
   3.9390708e-01   3.7244912e-01
   4.5047292e-01   3.2889200e-01
   5.3120674e-01   2.7122036e-01
   7.7470861e-01   1.1987408e-01
   7.9207839e-01   1.1006101e-01
   4.2349239e-01   3.4930390e-01
   7.5777215e-01   1.2954887e-01
   5.9903558e-01   2.2608230e-01
   7.4124652e-01   1.3909376e-01
   8.1899905e-01   9.5062390e-02
   3.4228228e-01   4.1502538e-01
   4.8026245e-01   3.0705305e-01
   5.4346097e-01   2.6286094e-01
   6.3314729e-01   2.0434913e-01
   4.6151587e-01   3.2071442e-01
   4.3418074e-01   3.4114207e-01
   5.3730891e-01   2.6704575e-01
   5.6222723e-01   2.5023987e-01
   7.8333786e-01   1.1498537e-01
   3.4717513e-01   4.1085812e-01
   5.7500782e-01   2.4176465e-01
   3.9905639e-01   3.6835974e-01
   4.9752106e-01   2.9470993e-01
   5.0335953e-01   2.9058295e-01
   5.1914789e-01   2.7954117e-01
   5.1318921e-01   2.8368845e-01
   6.2619340e-01   2.0873113e-01
   7.0934560e-01   1.5782506e-01
   6.5203182e-01   1.9256898e-01
   6.0572930e-01   2.2176975e-01
   5.5591902e-01   2.5445856e-01
   5.8801534e-01   2.3323513e-01
   5.4966397e-01   2.5866540e-01
   5.2515341e-01   2.7538532e-01
   4.5597576e-01   3.2480463e-01
   3.1180751e-01   4.4168061e-01
   3.7360501e-01   3.8883878e-01
   4.0423554e-01   3.6427320e-01
   6.1930677e-01   2.1309480e-01
   6.6166709e-01   1.8662425e-01
   5.9460734e-01   2.2894853e-01
   6.9647774e-01   1.6549969e-01
   7.1981551e-01   1.5163184e-01
   5.6858977e-01   2.4600876e-01
   5.8148259e-01   2.3750697e-01
   5.0924226e-01   2.8644882e-01
   7.3313118e-01   1.4381999e-01
   6.7637366e-01   1.7763349e-01
   7.0416968e-01   1.6090364e-01
   6.5683304e-01   1.8960129e-01
   1.0000870e+00   2.3139270e-27
   6.8887034e-01   1.7007026e-01
   6.1248589e-01   2.1744079e-01
   3.8878660e-01   3.7654220e-01
   6.4489083e-01   1.9700320e-01
   6.6898158e-01   1.8214023e-01
   6.4017000e-01   1.9994811e-01
   8.0990571e-01   1.0010071e-01
   8.6974165e-05   1.0000000e+00
   5.3730891e-01   2.6704575e-01
   4.6709408e-01   3.1662082e-01
   2.9547136e-01   4.5650724e-01
   8.5022890e-01   7.7968589e-02
   3.9905639e-01   3.6835974e-01
   4.2881974e-01   3.4522311e-01
   3.1512492e-01   4.3871758e-01
   4.4500665e-01   3.3297700e-01
   3.2303575e-01   4.3171418e-01
   8.6313892e-01   7.0994110e-02
   3.7863248e-01   3.8473948e-01
   9.3896983e-01   3.1040325e-02
   7.4124652e-01   1.3909376e-01
   5.5591902e-01   2.5445856e-01
   5.8801534e-01   2.3323513e-01
   7.9207839e-01   1.1006101e-01
   9.7650683e-01   1.1860407e-02
   8.3756242e-01   8.4863153e-02
   3.8878708e-01   3.7654181e-01
   3.1039497e-01   4.4294705e-01
   4.5597575e-01   3.2480464e-01
   5.0335953e-01   2.9058295e-01
   4.9752106e-01   2.9470993e-01
   5.4966397e-01   2.5866540e-01
   8.1899905e-01   9.5062390e-02
   8.8972971e-01   5.6791258e-02
   9.0343202e-01   4.9555343e-02
   9.5747432e-01   2.1538277e-02
   7.8333786e-01   1.1498537e-01
   7.5777215e-01   1.2954887e-01
   4.7271116e-01   3.1252332e-01
   8.7630237e-01   6.3936224e-02
   4.0423560e-01   3.6427315e-01
   5.6222723e-01   2.5023987e-01
   5.8148259e-01   2.3750697e-01
   9.2096459e-01   4.0376318e-02
   3.6858794e-01   3.9295720e-01
   4.1995913e-01   3.5202457e-01
   7.6618766e-01   1.2472822e-01
   2.8415733e-01   4.6701749e-01
   3.1982881e-01   4.3454281e-01
   6.9393269e-01   1.6702598e-01
   4.8406517e-01   3.0431459e-01
   4.6151587e-01   3.2071442e-01
   7.7470861e-01   1.1987408e-01
   3.4881000e-01   4.0947225e-01
   4.7836791e-01   3.0842142e-01
   7.0934560e-01   1.5782506e-01
   4.3418078e-01   3.4114204e-01
   8.0093327e-01   1.0509984e-01
   5.7500782e-01   2.4176465e-01
   3.6360523e-01   3.9707525e-01
   7.3313118e-01   1.4381999e-01
   6.8635300e-01   1.7158825e-01
   7.0159619e-01   1.6243853e-01
   3.4392656e-01   4.1362163e-01
   3.2782051e-01   4.2751984e-01
   4.5047293e-01   3.2889200e-01
   3.5371662e-01   4.0533232e-01
   4.3957618e-01   3.3706018e-01
   6.7143708e-01   1.8064043e-01
   3.5864814e-01   4.0120023e-01
   5.4346097e-01   2.6286094e-01
   6.4489083e-01   1.9700320e-01
   5.0924230e-01   2.8644879e-01
   7.2511083e-01   1.4851668e-01
   4.0944537e-01   3.6018878e-01
   7.1718307e-01   1.5318473e-01
   3.9390709e-01   3.7244912e-01
   5.9460734e-01   2.2894853e-01
   6.4964344e-01   1.9404934e-01
   8.2821675e-01   8.9983638e-02
   6.5442833e-01   1.9108631e-01
   3.0042604e-01   4.5196801e-01
   4.9172598e-01   2.9883026e-01
   4.2349236e-01   3.4930392e-01
   3.8369575e-01   3.8063841e-01
   4.1468633e-01   3.5610610e-01
   3.7359657e-01   3.8884569e-01
   3.3906991e-01   4.1777759e-01
   5.6858977e-01   2.4600876e-01
   6.6409700e-01   1.8513190e-01
   7.4945932e-01   1.3433705e-01
   3.3423268e-01   4.2194662e-01
   5.3323532e-01   2.6982992e-01
   6.5924601e-01   1.8811390e-01
   5.2114448e-01   2.7815687e-01
   5.1517030e-01   2.8230694e-01
   6.7885511e-01   1.7612614e-01
   3.0564538e-01   4.4722662e-01
   6.3548047e-01   2.0288427e-01
   6.0125992e-01   2.2464656e-01
   5.2716582e-01   2.7399804e-01
   6.2850381e-01   2.0727253e-01
   6.0797444e-01   2.2032861e-01
   1.0000870e+00   8.9139202e-28
   6.2159493e-01   2.1164224e-01
   6.1475230e-01   2.1599405e-01
   8.0990571e-01   1.0010071e-01
   8.6974165e-05   1.0000000e+00
   6.3548047e-01   2.0288427e-01
   7.4124652e-01   1.3909376e-01
   5.0924230e-01   2.8644879e-01
   8.5022890e-01   7.7968589e-02
   3.1510705e-01   4.3873350e-01
   3.7863249e-01   3.8473947e-01
   6.0797444e-01   2.2032861e-01
   8.1899905e-01   9.5062390e-02
   2.8391931e-01   4.6724083e-01
   8.6313892e-01   7.0994110e-02
   7.6618766e-01   1.2472822e-01
   8.8972971e-01   5.6791258e-02
   4.0423560e-01   3.6427315e-01
   3.1985395e-01   4.3452058e-01
   4.9752106e-01   2.9470993e-01
   7.9207839e-01   1.1006101e-01
   3.4880982e-01   4.0947240e-01
   8.3756242e-01   8.4863153e-02
   9.0343202e-01   4.9555343e-02
   4.8406517e-01   3.0431459e-01
   3.1036435e-01   4.4297453e-01
   7.8333786e-01   1.1498537e-01
   7.3313118e-01   1.4381999e-01
   2.9940183e-01   4.5290325e-01
   3.3906737e-01   4.1777977e-01
   3.0566365e-01   4.4721010e-01
   3.8369575e-01   3.8063841e-01
   3.5864845e-01   4.0119997e-01
   3.9390709e-01   3.7244911e-01
   7.5777215e-01   1.2954887e-01
   3.6858783e-01   3.9295729e-01
   8.7630237e-01   6.3936224e-02
   4.1819795e-01   3.5338498e-01
   4.7271116e-01   3.1252332e-01
   3.2454635e-01   4.3038664e-01
   7.0934560e-01   1.5782506e-01
   4.9172598e-01   2.9883026e-01
   4.5597575e-01   3.2480464e-01
   3.9905639e-01   3.6835974e-01
   2.9312984e-01   4.5866566e-01
   6.2850381e-01   2.0727253e-01
   6.9393269e-01   1.6702598e-01
   3.5371680e-01   4.0533217e-01
   4.6151587e-01   3.2071442e-01
   7.7470861e-01   1.1987408e-01
   4.4500665e-01   3.3297700e-01
   3.4392692e-01   4.1362133e-01
   4.5047293e-01   3.2889200e-01
   4.2349236e-01   3.4930392e-01
   3.3423062e-01   4.2194841e-01
   5.4552292e-01   2.6146365e-01
   4.0944537e-01   3.6018878e-01
   9.7265662e-01   1.3810540e-02
   6.8635300e-01   1.7158825e-01
   7.0159619e-01   1.6243853e-01
   5.0335953e-01   2.9058295e-01
   6.7885511e-01   1.7612614e-01
   3.6360528e-01   3.9707521e-01
   4.3418078e-01   3.4114204e-01
   3.7359672e-01   3.8884556e-01
   9.5373213e-01   2.3452429e-02
   8.2821675e-01   8.9983638e-02
   7.1718307e-01   1.5318473e-01
   7.4945932e-01   1.3433705e-01
   6.5683304e-01   1.8960129e-01
   3.8878708e-01   3.7654182e-01
   9.3532972e-01   3.2920508e-02
   6.7143708e-01   1.8064043e-01
   4.7836791e-01   3.0842142e-01
   6.6409700e-01   1.8513190e-01
   4.2881974e-01   3.4522311e-01
   5.9460734e-01   2.2894853e-01
   5.1517030e-01   2.8230694e-01
   5.3935400e-01   2.6565197e-01
   2.8865864e-01   4.6281133e-01
   3.2940489e-01   4.2613772e-01
   4.3957618e-01   3.3706018e-01
   6.1475230e-01   2.1599405e-01
   5.5174315e-01   2.5726440e-01
   4.1297757e-01   3.5743436e-01
   6.0125992e-01   2.2464656e-01
   9.1742107e-01   4.2224401e-02
   5.3323532e-01   2.6982992e-01
   4.6709408e-01   3.1662082e-01
   5.5801579e-01   2.5305367e-01
   8.0093327e-01   1.0509984e-01
   6.5203182e-01   1.9256898e-01
   6.2159493e-01   2.1164224e-01
   5.2114448e-01   2.7815687e-01
   7.2511083e-01   1.4851668e-01
   6.4489083e-01   1.9700320e-01
   5.2716582e-01   2.7399804e-01
   5.7072289e-01   2.4459553e-01
   5.8365373e-01   2.3608459e-01
   5.7715994e-01   2.4034681e-01
   1.0000870e+00   8.9139202e-28
   5.9020601e-01   2.3180794e-01
   5.6434198e-01   2.4883090e-01
   8.0990571e-01   1.0010071e-01
   8.6974165e-05   1.0000000e+00
   3.5864845e-01   4.0119997e-01
   7.4124652e-01   1.3909376e-01
   4.0423560e-01   3.6427315e-01
   8.5022890e-01   7.7968589e-02
   3.8369575e-01   3.8063841e-01
   3.7863249e-01   3.8473947e-01
   4.5597575e-01   3.2480464e-01
   8.1899905e-01   9.5062390e-02
   2.8391931e-01   4.6724083e-01
   8.6313892e-01   7.0994110e-02
   7.6618766e-01   1.2472822e-01
   8.8972971e-01   5.6791258e-02
   2.9312984e-01   4.5866566e-01
   3.1985395e-01   4.3452058e-01
   8.2821675e-01   8.9983638e-02
   7.9207839e-01   1.1006101e-01
   3.4880982e-01   4.0947240e-01
   8.3756242e-01   8.4863153e-02
   9.0343202e-01   4.9555343e-02
   3.8878708e-01   3.7654182e-01
   3.1036435e-01   4.4297453e-01
   7.8333786e-01   1.1498537e-01
   7.3313118e-01   1.4381999e-01
   2.9940183e-01   4.5290325e-01
   3.3906737e-01   4.1777977e-01
   3.0566365e-01   4.4721010e-01
   3.3423096e-01   4.2194811e-01
   4.2881974e-01   3.4522311e-01
   3.9390709e-01   3.7244911e-01
   7.5777215e-01   1.2954887e-01
   3.2462320e-01   4.3031919e-01
   8.7630237e-01   6.3936224e-02
   4.2349236e-01   3.4930392e-01
   4.7271116e-01   3.1252332e-01
   7.1718307e-01   1.5318473e-01
   7.0934560e-01   1.5782506e-01
   3.4392692e-01   4.1362133e-01
   9.1742107e-01   4.2224401e-02
   4.6709408e-01   3.1662082e-01
   4.5047293e-01   3.2889200e-01
   4.8406517e-01   3.0431459e-01
   6.9393269e-01   1.6702598e-01
   3.5371680e-01   4.0533217e-01
   4.6151587e-01   3.2071442e-01
   7.7470861e-01   1.1987408e-01
   5.5174315e-01   2.5726440e-01
   4.4500665e-01   3.3297700e-01
   3.6858784e-01   3.9295728e-01
   6.7143708e-01   1.8064043e-01
   2.8779011e-01   4.6362034e-01
   4.3957618e-01   3.3706018e-01
   5.1517030e-01   2.8230694e-01
   9.7265662e-01   1.3810540e-02
   3.1509820e-01   4.3874139e-01
   7.0159619e-01   1.6243853e-01
   4.3418078e-01   3.4114204e-01
   3.7359671e-01   3.8884557e-01
   5.6434198e-01   2.4883090e-01
   6.6409700e-01   1.8513190e-01
   6.7885511e-01   1.7612614e-01
   9.5373213e-01   2.3452429e-02
   5.5801579e-01   2.5305367e-01
   5.2114448e-01   2.7815687e-01
   7.4945932e-01   1.3433705e-01
   6.5683304e-01   1.8960129e-01
   5.9020602e-01   2.3180794e-01
   9.3532972e-01   3.2920508e-02
   4.1819795e-01   3.5338499e-01
   6.2389045e-01   2.1018769e-01
   5.7072289e-01   2.4459553e-01
   5.3323532e-01   2.6982992e-01
   5.7715971e-01   2.4034696e-01
   3.2941683e-01   4.2612732e-01
   5.2716582e-01   2.7399804e-01
   4.9558459e-01   2.9608408e-01
   4.1293583e-01   3.5746684e-01
   6.4964344e-01   1.9404934e-01
   5.3935400e-01   2.6565197e-01
   3.6360527e-01   3.9707521e-01
   6.1702591e-01   2.1454540e-01
   5.9681807e-01   2.2751628e-01
   6.8635300e-01   1.7158825e-01
   5.4552292e-01   2.6146365e-01
   8.0093327e-01   1.0509984e-01
   3.9905639e-01   3.6835974e-01
   6.0349115e-01   2.2320905e-01
   4.7836791e-01   3.0842142e-01
   5.8365367e-01   2.3608463e-01
   6.3082176e-01   2.0581187e-01
   6.4017001e-01   1.9994811e-01
   5.0727640e-01   2.8782767e-01
   6.1022662e-01   2.1888564e-01
   7.2511083e-01   1.4851668e-01
   5.0140850e-01   2.9195938e-01
   4.8980378e-01   3.0020231e-01
   1.0000870e+00   8.9139202e-28
   2.7632917e-01   4.7441253e-01
   4.0770541e-01   3.6154997e-01
   6.7137671e-01   1.8062419e-01
   8.5015450e-01   7.7961767e-02
   9.1734115e-01   4.2220722e-02
   3.4877222e-01   4.0943060e-01
   7.8326883e-01   1.1497524e-01
   3.1506203e-01   4.3869613e-01
   4.1289466e-01   3.5743120e-01
   2.7624219e-01   4.7441253e-01
   6.9387061e-01   1.6701104e-01
   9.5364914e-01   2.3450389e-02
   2.8304981e-01   4.6797575e-01
   9.7257202e-01   1.3809339e-02
   6.7879419e-01   1.7611033e-01
   3.6854995e-01   3.9291685e-01
   7.5770512e-01   1.2953741e-01
   8.3748905e-01   8.4855719e-02
   7.4118078e-01   1.3908143e-01
   3.8705091e-01   3.7786585e-01
   8.8965208e-01   5.6786303e-02
   5.5796394e-01   2.5303016e-01
   9.3524829e-01   3.2917642e-02
   6.4958473e-01   1.9403180e-01
   3.0559631e-01   4.4719234e-01
   9.0335326e-01   4.9551023e-02
   3.1981760e-01   4.3447582e-01
   7.6611997e-01   1.2471720e-01
   4.2345042e-01   3.4926932e-01
   2.9319400e-01   4.5852608e-01
   7.9200866e-01   1.1005132e-01
   7.7464025e-01   1.1986350e-01
   8.1892718e-01   9.5054047e-02
   3.6356772e-01   3.9703423e-01
   7.1711920e-01   1.5317109e-01
   5.4547200e-01   2.6143924e-01
   8.7622584e-01   6.3930641e-02
   7.0928234e-01   1.5781098e-01
   3.2459040e-01   4.3027164e-01
   4.7832194e-01   3.0839178e-01
   5.3318530e-01   2.6980461e-01
   5.7710644e-01   2.4032478e-01
   4.6147114e-01   3.2068333e-01
   3.5861117e-01   4.0115847e-01
   6.4011201e-01   1.9993000e-01
   2.9936885e-01   4.5285391e-01
   8.0086284e-01   1.0509060e-01
   8.0983457e-01   1.0009191e-01
   3.9729663e-01   3.6968529e-01
   4.8401878e-01   3.0428542e-01
   3.3419475e-01   4.2190420e-01
   6.8629150e-01   1.7157288e-01
   3.2935474e-01   4.2610563e-01
   7.3306608e-01   1.4380722e-01
   4.3413805e-01   3.4110847e-01
   7.2504634e-01   1.4850347e-01
   6.1017088e-01   2.1886564e-01
   3.1031798e-01   4.4293808e-01
   3.5368002e-01   4.0528997e-01
   7.4939295e-01   1.3432515e-01
   4.0246543e-01   3.6559837e-01
   8.6306347e-01   7.0987905e-02
   5.7067010e-01   2.4457290e-01
   7.0153353e-01   1.6242402e-01
   6.2383369e-01   2.1016857e-01
   5.1314068e-01   2.8366162e-01
   8.2814414e-01   8.9975749e-02
   3.4389081e-01   4.1357796e-01
   4.6704893e-01   3.1659022e-01
   3.7859382e-01   3.8470022e-01
   3.7355844e-01   3.8880572e-01
   5.0722830e-01   2.8780038e-01
   5.1909892e-01   2.7951480e-01
   4.4496313e-01   3.3294444e-01
   6.3076447e-01   2.0579318e-01
   2.8841235e-01   4.6295964e-01
   4.0766456e-01   3.6151385e-01
   6.6403719e-01   1.8511523e-01
   3.8365673e-01   3.8059970e-01
   4.5042900e-01   3.2885993e-01
   4.1815639e-01   3.5334987e-01
   4.7266560e-01   3.1249320e-01
   5.5169176e-01   2.5724044e-01
   4.2877741e-01   3.4518903e-01
   5.9676333e-01   2.2749541e-01
   3.3903161e-01   4.1773579e-01
   6.5677379e-01   1.8958419e-01
   6.1696966e-01   2.1452584e-01
   5.0136083e-01   2.9193162e-01
   5.3930354e-01   2.6562711e-01
   5.2510399e-01   2.7535941e-01
   5.6428967e-01   2.4880784e-01
   3.9215754e-01   3.7377516e-01
   4.8975696e-01   3.0017362e-01
   4.3953305e-01   3.3702711e-01
   4.5593142e-01   3.2477306e-01
   6.0343591e-01   2.2318863e-01
   4.9553735e-01   2.9605586e-01
   5.9015178e-01   2.3178663e-01
   3.5267939e-27   1.0000000e+00
   5.8359991e-01   2.3606289e-01
   1.0000000e+00   1.6574091e-27
   8.8965208e-01   5.6786303e-02
   8.5015450e-01   7.7961767e-02
   9.1734115e-01   4.2220722e-02
   8.7622584e-01   6.3930641e-02
   7.8326883e-01   1.1497524e-01
   3.1506203e-01   4.3869613e-01
   7.6611997e-01   1.2471720e-01
   4.0766456e-01   3.6151385e-01
   6.9387061e-01   1.6701104e-01
   9.5364914e-01   2.3450389e-02
   3.9729664e-01   3.6968529e-01
   9.7257202e-01   1.3809339e-02
   4.2345042e-01   3.4926932e-01
   3.6854994e-01   3.9291686e-01
   7.5770512e-01   1.2953741e-01
   8.3748905e-01   8.4855719e-02
   7.4118078e-01   1.3908143e-01
   3.6356773e-01   3.9703422e-01
   2.9936885e-01   4.5285391e-01
   6.5677379e-01   1.8958419e-01
   9.3524829e-01   3.2917642e-02
   6.4958473e-01   1.9403180e-01
   3.4877336e-01   4.0942963e-01
   9.0335326e-01   4.9551023e-02
   3.1981760e-01   4.3447582e-01
   3.1031798e-01   4.4293808e-01
   7.0928234e-01   1.5781098e-01
   2.9319400e-01   4.5852608e-01
   7.9200866e-01   1.1005132e-01
   7.7464025e-01   1.1986350e-01
   7.1711920e-01   1.5317109e-01
   8.1892718e-01   9.5054047e-02
   8.0086284e-01   1.0509060e-01
   7.4939295e-01   1.3432515e-01
   4.2877741e-01   3.4518903e-01
   4.8975696e-01   3.0017362e-01
   3.2459040e-01   4.3027164e-01
   5.0722830e-01   2.8780038e-01
   3.5368002e-01   4.0528997e-01
   4.5042900e-01   3.2885993e-01
   4.0246543e-01   3.6559837e-01
   3.4389081e-01   4.1357796e-01
   6.4011201e-01   1.9993000e-01
   6.7137671e-01   1.8062419e-01
   5.1314068e-01   2.8366162e-01
   8.0983457e-01   1.0009191e-01
   7.0153353e-01   1.6242402e-01
   4.4496313e-01   3.3294444e-01
   4.7266560e-01   3.1249320e-01
   4.3953305e-01   3.3702711e-01
   2.8841235e-01   4.6295964e-01
   7.2504634e-01   1.4850347e-01
   5.5586732e-01   2.5443490e-01
   3.7355844e-01   3.8880573e-01
   3.3419567e-01   4.2190340e-01
   4.7832194e-01   3.0839178e-01
   8.6306347e-01   7.0987905e-02
   7.3306608e-01   1.4380722e-01
   6.8629150e-01   1.7157288e-01
   2.8176148e-01   4.6918791e-01
   3.0561588e-01   4.4717464e-01
   4.5593142e-01   3.2477306e-01
   6.6403719e-01   1.8511523e-01
   8.2814414e-01   8.9975749e-02
   3.8196603e-01   3.8196600e-01
   5.3725860e-01   2.6702074e-01
   4.6704893e-01   3.1659022e-01
   6.7879419e-01   1.7611033e-01
   4.6147114e-01   3.2068333e-01
   6.3076447e-01   2.0579318e-01
   4.8401878e-01   3.0428542e-01
   4.9553735e-01   2.9605586e-01
   5.2510399e-01   2.7535941e-01
   4.1289466e-01   3.5743120e-01
   5.3115687e-01   2.7119490e-01
   5.4961274e-01   2.5864129e-01
   5.4341020e-01   2.6283639e-01
   3.2938197e-01   4.2608192e-01
   3.5861126e-01   4.0115840e-01
   4.1815639e-01   3.5334987e-01
   3.3903174e-01   4.1773568e-01
   4.3413805e-01   3.4110847e-01
   5.9455277e-01   2.2892752e-01
   3.9215755e-01   3.7377516e-01
   3.7691237e-01   3.8606811e-01
   5.0136083e-01   2.9193162e-01
   6.1469622e-01   2.1597435e-01
   5.8796126e-01   2.3321368e-01
   3.8704754e-01   3.7786855e-01
   5.1909892e-01   2.7951480e-01
   5.6217507e-01   2.5021665e-01
   2.7530980e-01   4.7530028e-01
   6.2153834e-01   2.1162297e-01
   6.0120486e-01   2.2462599e-01
   6.0791887e-01   2.2030847e-01
   1.0000000e+00   8.6802741e-28
   5.7495471e-01   2.4174232e-01
   5.8142900e-01   2.3748508e-01
   5.6853714e-01   2.4598598e-01
   2.2205219e-27   1.0000000e+00
   8.8965208e-01   5.6786303e-02
   8.5015450e-01   7.7961767e-02
   9.1734115e-01   4.2220722e-02
   8.7622584e-01   6.3930641e-02
   7.8326883e-01   1.1497524e-01
   4.6704893e-01   3.1659022e-01
   7.6611997e-01   1.2471720e-01
   4.0766456e-01   3.6151385e-01
   6.9387061e-01   1.6701104e-01
   9.5364914e-01   2.3450389e-02
   3.9729664e-01   3.6968529e-01
   9.7257202e-01   1.3809339e-02
   4.2345042e-01   3.4926932e-01
   7.4118078e-01   1.3908143e-01
   7.5770512e-01   1.2953741e-01
   8.3748905e-01   8.4855719e-02
   3.9215755e-01   3.7377516e-01
   4.5593142e-01   3.2477306e-01
   2.9936885e-01   4.5285391e-01
   6.5677379e-01   1.8958419e-01
   9.3524829e-01   3.2917642e-02
   8.0983457e-01   1.0009191e-01
   3.4877336e-01   4.0942963e-01
   9.0335326e-01   4.9551023e-02
   5.5586732e-01   2.5443490e-01
   8.1892718e-01   9.5054047e-02
   7.0928234e-01   1.5781098e-01
   2.9319400e-01   4.5852608e-01
   7.9200866e-01   1.1005132e-01
   7.7464025e-01   1.1986350e-01
   7.1711920e-01   1.5317109e-01
   6.4958473e-01   1.9403180e-01
   8.0086284e-01   1.0509060e-01
   7.4939295e-01   1.3432515e-01
   3.2938197e-01   4.2608192e-01
   5.3725860e-01   2.6702074e-01
   3.2459040e-01   4.3027164e-01
   5.0722830e-01   2.8780038e-01
   3.5368002e-01   4.0528997e-01
   4.5042900e-01   3.2885993e-01
   7.0153353e-01   1.6242402e-01
   3.4389081e-01   4.1357796e-01
   6.8629150e-01   1.7157288e-01
   6.7137671e-01   1.8062419e-01
   5.1314068e-01   2.8366162e-01
   3.0561588e-01   4.4717464e-01
   4.3413805e-01   3.4110847e-01
   3.5861128e-01   4.0115838e-01
   5.4341020e-01   2.6283639e-01
   4.3953305e-01   3.3702711e-01
   4.0246543e-01   3.6559837e-01
   7.2504634e-01   1.4850347e-01
   6.0791887e-01   2.2030847e-01
   2.7530980e-01   4.7530028e-01
   3.3419567e-01   4.2190340e-01
   6.3076447e-01   2.0579318e-01
   8.6306347e-01   7.0987905e-02
   3.8704754e-01   3.7786855e-01
   6.1469622e-01   2.1597435e-01
   5.3115687e-01   2.7119490e-01
   6.6403719e-01   1.8511523e-01
   5.6853714e-01   2.4598598e-01
   4.1815639e-01   3.5334987e-01
   5.8142900e-01   2.3748508e-01
   3.1506574e-01   4.3869283e-01
   3.1981938e-01   4.3447424e-01
   5.4961274e-01   2.5864129e-01
   3.8196601e-01   3.8196601e-01
   5.0136083e-01   2.9193162e-01
   3.3903174e-01   4.1773568e-01
   5.9455277e-01   2.2892752e-01
   4.8401878e-01   3.0428542e-01
   2.8238442e-01   4.6860145e-01
   4.1289466e-01   3.5743120e-01
   3.1033358e-01   4.4292408e-01
   6.4011201e-01   1.9993000e-01
   7.3306608e-01   1.4380722e-01
   5.7495471e-01   2.4174232e-01
   6.0120486e-01   2.2462599e-01
   4.4496313e-01   3.3294444e-01
   6.2153834e-01   2.1162297e-01
   4.2877741e-01   3.4518903e-01
   5.6217507e-01   2.5021665e-01
   4.7832194e-01   3.0839178e-01
   4.8975696e-01   3.0017362e-01
   4.6147114e-01   3.2068333e-01
   4.9553735e-01   2.9605586e-01
   3.7188598e-01   3.9017545e-01
   5.8796126e-01   2.3321368e-01
   6.7879419e-01   1.7611033e-01
   5.1909892e-01   2.7951480e-01
   2.8832727e-01   4.6303886e-01
   4.7266560e-01   3.1249320e-01
   3.6688631e-01   3.9428860e-01
   8.2814414e-01   8.9975749e-02
   1.0000000e+00   8.6802741e-28
   3.7691236e-01   3.8606812e-01
   5.2510399e-01   2.7535941e-01
   2.2205219e-27   1.0000000e+00
   3.6195462e-01   3.9837335e-01
   8.8965208e-01   5.6786303e-02
   8.5015450e-01   7.7961767e-02
   9.1734115e-01   4.2220722e-02
   8.7622584e-01   6.3930641e-02
   7.8326883e-01   1.1497524e-01
   4.6704893e-01   3.1659022e-01
   7.6611997e-01   1.2471720e-01
   4.0766456e-01   3.6151385e-01
   6.9387061e-01   1.6701104e-01
   9.5364914e-01   2.3450389e-02
   5.1909892e-01   2.7951480e-01
   9.7257202e-01   1.3809339e-02
   2.8238442e-01   4.6860145e-01
   7.4118078e-01   1.3908143e-01
   7.5770512e-01   1.2953741e-01
   8.3748905e-01   8.4855719e-02
   3.9215755e-01   3.7377516e-01
   4.5593142e-01   3.2477306e-01
   3.0563235e-01   4.4715974e-01
   2.9319400e-01   4.5852608e-01
   9.3524829e-01   3.2917642e-02
   8.0983457e-01   1.0009191e-01
   4.1815639e-01   3.5334987e-01
   9.0335326e-01   4.9551023e-02
   5.5586732e-01   2.5443490e-01
   8.1892718e-01   9.5054047e-02
   7.0928234e-01   1.5781098e-01
   3.6688630e-01   3.9428860e-01
   7.9200866e-01   1.1005132e-01
   7.7464025e-01   1.1986350e-01
   7.1711920e-01   1.5317109e-01
   3.3419572e-01   4.2190336e-01
   8.0086284e-01   1.0509060e-01
   4.0246543e-01   3.6559837e-01
   3.2938197e-01   4.2608192e-01
   3.9729664e-01   3.6968529e-01
   3.2459040e-01   4.3027164e-01
   5.0722830e-01   2.8780038e-01
   5.6217507e-01   2.5021665e-01
   4.5042900e-01   3.2885993e-01
   7.0153353e-01   1.6242402e-01
   5.1314068e-01   2.8366162e-01
   6.8629150e-01   1.7157288e-01
   6.7137671e-01   1.8062419e-01
   5.3725860e-01   2.6702074e-01
   5.0136083e-01   2.9193162e-01
   4.3413805e-01   3.4110847e-01
   5.4961274e-01   2.5864129e-01
   7.2504634e-01   1.4850347e-01
   4.3953305e-01   3.3702711e-01
   5.3115687e-01   2.7119490e-01
   6.4011201e-01   1.9993000e-01
   5.2510399e-01   2.7535941e-01
   5.6853714e-01   2.4598598e-01
   4.7266560e-01   3.1249320e-01
   6.3076447e-01   2.0579318e-01
   8.6306347e-01   7.0987905e-02
   7.3306608e-01   1.4380722e-01
   6.0120486e-01   2.2462599e-01
   3.6191275e-01   3.9840815e-01
   6.6403719e-01   1.8511523e-01
   4.2877741e-01   3.4518903e-01
   5.9455277e-01   2.2892752e-01
   5.8142900e-01   2.3748508e-01
   4.4496313e-01   3.3294444e-01
   3.1981938e-01   4.3447424e-01
   3.1506945e-01   4.3868952e-01
   2.6710585e-01   4.8317716e-01
   5.8796126e-01   2.3321368e-01
   3.7691235e-01   3.8606812e-01
   5.4341020e-01   2.6283639e-01
   4.9553735e-01   2.9605586e-01
   4.8975696e-01   3.0017362e-01
   4.8401878e-01   3.0428542e-01
   3.1034136e-01   4.4291710e-01
   6.4958473e-01   1.9403180e-01
   3.7188598e-01   3.9017545e-01
   4.6147114e-01   3.2068333e-01
   3.8704754e-01   3.7786855e-01
   6.7879419e-01   1.7611033e-01
   6.2153834e-01   2.1162297e-01
   4.1289466e-01   3.5743120e-01
   4.7832194e-01   3.0839178e-01
   2.9939916e-01   4.5282621e-01
   5.7495471e-01   2.4174232e-01
   2.8832727e-01   4.6303886e-01
   4.2345042e-01   3.4926932e-01
   2.7466785e-01   4.7591237e-01
   8.2814414e-01   8.9975749e-02
   3.5696465e-01   4.0253482e-01
   3.5204175e-01   4.0666894e-01
   7.4939295e-01   1.3432515e-01
   6.1469622e-01   2.1597435e-01
   6.5677379e-01   1.8958419e-01
   3.4714317e-01   4.1081143e-01
   1.0000000e+00   8.6802741e-28
   3.4064900e-01   4.1634856e-01
   6.0791887e-01   2.2030847e-01
   3.8196601e-01   3.8196601e-01
   1.8036673e-27   1.0000000e+00
