   6.4668005e+00   6.3653407e+00
   6.1781853e+00   5.1845911e+00
   6.2461384e+00   5.8112451e+00
   6.2657148e+00   4.7088807e+00
   6.8679574e+00   3.7127212e+00
   8.2208955e+00   5.3160917e+00
   6.9466663e+00   5.0720623e+00
   7.2317883e+00   6.4807895e+00
   7.5601915e+00   6.2038730e+00
   5.9809039e+00   5.7180527e+00
   7.7183947e+00   6.0056809e+00
   4.8818879e+00   6.4298472e+00
   7.8879555e+00   4.8470586e+00
   6.5917980e+00   5.7862619e+00
   6.6219523e+00   5.5166662e+00
   6.0367480e+00   5.7214384e+00
   8.1768089e+00   5.8403685e+00
   7.0611501e+00   4.3310770e+00
   5.6785258e+00   5.9523995e+00
   7.4358532e+00   5.5117969e+00
   7.5490619e+00   4.9609594e+00
   6.7016228e+00   7.2995637e+00
   6.4517736e+00   6.2506969e+00
   6.3315678e+00   5.4116774e+00
   6.3303119e+00   5.4981448e+00
   7.1633522e+00   5.0801994e+00
   6.9678017e+00   5.1300881e+00
   7.1155809e+00   5.3420305e+00
   6.6850590e+00   4.9280661e+00
   7.6634212e+00   5.2484084e+00
   8.1871818e+00   6.8106809e+00
   7.5986308e+00   5.0089974e+00
   6.5340769e+00   3.9149261e+00
   7.3212037e+00   5.0735167e+00
   6.4728928e+00   4.8221646e+00
   6.7561584e+00   4.1144955e+00
   6.3910854e+00   4.2895286e+00
   8.0025556e+00   4.1159558e+00
   6.7646089e+00   5.5837549e+00
   7.0567953e+00   4.7024251e+00
   6.7942714e+00   5.0147561e+00
   5.9499494e+00   5.5331904e+00
   5.9992290e+00   5.0335097e+00
   7.7645609e+00   5.8858324e+00
   6.1420220e+00   4.7568002e+00
   7.0540788e+00   4.8856533e+00
   6.8189402e+00   5.6035776e+00
   8.0994156e+00   7.3137714e+00
   6.8862227e+00   4.7186048e+00
   7.0519570e+00   6.3981276e+00
   7.4421310e+00   5.2124752e+00
   7.0973002e+00   5.3168229e+00
   8.0681948e+00   5.2037123e+00
   6.1464891e+00   6.1246981e+00
   7.9344690e+00   5.3734860e+00
   5.7536601e+00   4.8383459e+00
   7.3881084e+00   5.1540596e+00
   7.3219690e+00   5.0644578e+00
   7.0904748e+00   5.3815160e+00
   7.2185443e+00   5.3376207e+00
   6.9999290e+00   5.1201560e+00
   6.8904980e+00   5.4901911e+00
   8.0658120e+00   5.3756331e+00
   8.2978252e+00   4.6935274e+00
   8.2958483e+00   5.8242098e+00
   7.4738271e+00   5.6947330e+00
   7.1934718e+00   4.9538543e+00
   8.5026104e+00   6.3688142e+00
   5.3011458e+00   5.6637346e+00
   7.0143467e+00   5.5516544e+00
   7.9036860e+00   5.3835987e+00
   6.2503597e+00   5.6410887e+00
   6.6269927e+00   4.9981328e+00
   6.7639239e+00   6.3156858e+00
   7.9149431e+00   4.2897056e+00
   5.9744458e+00   5.4206711e+00
   6.2989436e+00   6.6866018e+00
   7.4013895e+00   6.4359726e+00
   7.1144791e+00   4.7517984e+00
   7.0184380e+00   5.9927417e+00
   7.7100927e+00   5.2768216e+00
   6.2990819e+00   4.8109185e+00
   9.0420854e+00   4.9571747e+00
   7.5362013e+00   5.5432881e+00
   7.1422772e+00   6.1087958e+00
   7.5421193e+00   5.6587738e+00
   7.3172939e+00   6.3909136e+00
   6.7607800e+00   5.4952244e+00
   7.3253815e+00   4.9530266e+00
   8.3392901e+00   4.4921221e+00
   6.5527828e+00   5.1638741e+00
   6.9393391e+00   5.8867568e+00
   6.5246122e+00   5.0936148e+00
   7.8368964e+00   4.4542729e+00
   6.6119971e+00   6.1070250e+00
   6.4681564e+00   5.1675755e+00
   7.7132073e+00   6.0891870e+00
   7.2855303e+00   4.2041185e+00
   7.6394599e+00   5.8484909e+00
   5.6849381e+00   6.1809109e+00
   6.5681565e-01   1.8959627e-01
   6.1445080e-05   1.0000000e+00
   4.3780434e-01   3.3837859e-01
   4.6894042e-01   3.1525262e-01
   4.3053314e-01   3.4389658e-01
   7.2243920e-01   1.5007191e-01
   5.4344606e-01   2.6285373e-01
   4.5229664e-01   3.2751566e-01
   4.7646404e-01   3.0978076e-01
   8.4384413e-01   8.1423556e-02
   4.1356410e-01   3.5695828e-01
   4.8024540e-01   3.0704693e-01
   4.4861533e-01   3.3025834e-01
   4.2531881e-01   3.4788240e-01
   4.4313673e-01   3.3436099e-01
   6.4724595e-01   1.9552221e-01
   6.3313042e-01   2.0434368e-01
   5.1317454e-01   2.8368087e-01
   4.5778309e-01   3.2344871e-01
   6.4250940e-01   1.9847149e-01
   7.4943984e-01   1.3433356e-01
   5.5590384e-01   2.5445161e-01
   7.2775488e-01   1.4695051e-01
   4.6147118e-01   3.2072853e-01
   4.6521082e-01   3.1798140e-01
   5.3525373e-01   2.6843163e-01
   7.8042903e-01   1.1661583e-01
   7.6899619e-01   1.2311076e-01
   4.8978387e-01   3.0019830e-01
   7.5775247e-01   1.2954550e-01
   4.3466242e-01   3.4075727e-01
   6.2387379e-01   2.1018208e-01
   4.0239234e-01   3.6570441e-01
   9.3168554e-01   3.4793236e-02
   8.2510891e-01   9.1678767e-02
   5.6432662e-01   2.4882414e-01
   7.0415123e-01   1.6089942e-01
   5.2112976e-01   2.7814938e-01
   7.4395381e-01   1.3750805e-01
   5.0922789e-01   2.8644100e-01
   5.6010325e-01   2.5164059e-01
   6.1473584e-01   2.1598827e-01
   9.1739761e-01   4.2223321e-02
   5.0529917e-01   2.8919924e-01
   8.6311677e-01   7.0992289e-02
   3.8943787e-01   3.7599966e-01
   8.3441129e-01   8.6572474e-02
   7.7468854e-01   1.1987098e-01
   5.7284669e-01   2.4317423e-01
   5.4757557e-01   2.6005803e-01
   4.9750433e-01   2.9470369e-01
   8.5341128e-01   7.6230637e-02
   6.9901391e-01   1.6396623e-01
   5.9680200e-01   2.2751016e-01
   7.8913154e-01   1.1170383e-01
   6.6164981e-01   1.8661918e-01
   6.3780438e-01   2.0141191e-01
   5.0139445e-01   2.9195127e-01
   5.3933919e-01   2.6564468e-01
   6.6651753e-01   1.8363238e-01
   8.7296480e-01   6.5707028e-02
   7.9794814e-01   1.0675497e-01
   4.1996377e-01   3.5200129e-01
   5.2513893e-01   2.7537769e-01
   5.6857432e-01   2.4600207e-01
   6.0124376e-01   2.2464053e-01
   5.1714211e-01   2.8091679e-01
   8.0688082e-01   1.0176875e-01
   6.2848705e-01   2.0726700e-01
   5.5172806e-01   2.5725737e-01
   7.3851147e-01   1.4066885e-01
   6.0571304e-01   2.2176379e-01
   6.7141936e-01   1.8063566e-01
   9.0340890e-01   4.9554075e-02
   7.6335111e-01   1.2633550e-01
   8.8295975e-01   6.0373316e-02
   4.9363232e-01   2.9745401e-01
   4.7269166e-01   3.1251893e-01
   6.1929021e-01   2.1308910e-01
   5.9238736e-01   2.3037287e-01
   4.8595948e-01   3.0293613e-01
   5.8146686e-01   2.3750055e-01
   5.8799942e-01   2.3322887e-01
   6.7635583e-01   1.7762880e-01
   5.7714408e-01   2.4034045e-01
   6.8132750e-01   1.7461157e-01
   4.0768811e-01   3.6154353e-01
   5.3119187e-01   2.7121304e-01
   7.3311207e-01   1.4381624e-01
   6.5201454e-01   1.9256388e-01
   9.4998656e-01   2.5358983e-02
   1.0000614e+00   4.2610970e-25
   6.8885227e-01   1.7006577e-01
   7.1716432e-01   1.5318073e-01
   6.9391447e-01   1.6702160e-01
   9.6880379e-01   1.5752907e-02
   8.1593327e-01   9.6743766e-02
   8.9310619e-01   5.4989553e-02
   6.1021026e-01   2.1887977e-01
   7.0932703e-01   1.5782093e-01
   8.7291093e-01   6.5702974e-02
   9.4992815e-01   2.5357425e-02
   7.1975144e-01   1.5161834e-01
   9.1734115e-01   4.2220722e-02
   8.2505778e-01   9.1673087e-02
   4.2877718e-01   3.4518920e-01
   9.0335326e-01   4.9551023e-02
   4.0245751e-01   3.6560461e-01
   7.2504634e-01   1.4850347e-01
   6.1925035e-01   2.1307539e-01
   9.3162823e-01   3.4791096e-02
   3.9214293e-01   3.7378683e-01
   7.5492312e-01   1.3113688e-01
   4.2345023e-01   3.4926947e-01
   7.3038240e-01   1.4537587e-01
   4.1815802e-01   3.5334861e-01
   7.8038042e-01   1.1660857e-01
   8.0683073e-01   1.0176243e-01
   8.9305115e-01   5.4986164e-02
   3.5566314e-01   4.0362500e-01
   6.7137671e-01   1.8062419e-01
   4.6518537e-01   3.1795501e-01
   8.3435964e-01   8.6567115e-02
   8.5335854e-01   7.6225926e-02
   9.7257202e-01   1.3809339e-02
   6.8128433e-01   1.7460051e-01
   6.9133503e-01   1.6853441e-01
   5.5377661e-01   2.5583832e-01
   6.3308983e-01   2.0433058e-01
   4.7643203e-01   3.0975944e-01
   5.0526357e-01   2.8918106e-01
   6.5197293e-01   1.9255159e-01
   7.9789854e-01   1.0674833e-01
   7.7178827e-01   1.2148519e-01
   3.5093750e-01   4.0760022e-01
   4.8211528e-01   3.0565478e-01
   4.8783958e-01   3.0154486e-01
   6.3776354e-01   2.0139901e-01
   7.4118078e-01   1.3908143e-01
   8.1588266e-01   9.6737766e-02
   6.6647515e-01   1.8362071e-01
   8.8290530e-01   6.0369593e-02
   3.3726094e-01   4.1925828e-01
   4.4314906e-01   3.3430558e-01
   3.7514175e-01   3.8751183e-01
   8.6306347e-01   7.0987905e-02
   7.6330345e-01   1.2632761e-01
   3.6027996e-01   3.9976675e-01
   6.6160769e-01   1.8660730e-01
   4.5962046e-01   3.2204686e-01
   3.8701060e-01   3.7789824e-01
   6.2383369e-01   2.1016857e-01
   7.8908283e-01   1.1169666e-01
   8.4379194e-01   8.1418520e-02
   3.4065102e-01   4.1634683e-01
   5.9907908e-01   2.2599801e-01
   6.8629150e-01   1.7157288e-01
   4.3773079e-01   3.3838774e-01
   3.9724912e-01   3.6972298e-01
   6.7631292e-01   1.7761753e-01
   6.0567390e-01   2.2174946e-01
   5.7280970e-01   2.4315808e-01
   3.1651446e-01   4.3740382e-01
   5.1512162e-01   2.8228027e-01
   5.4135405e-01   2.6423234e-01
   6.9641550e-01   1.6548487e-01
   3.7023324e-01   3.9153206e-01
   7.0668972e-01   1.5935160e-01
   6.4720460e-01   1.9550972e-01
   3.6502755e-01   3.9582490e-01
   3.8190301e-01   3.8201699e-01
   5.6641034e-01   2.4739762e-01
   3.4745374e-01   4.1054793e-01
   5.3521920e-01   2.6841323e-01
   4.9360581e-01   2.9742914e-01
   4.5409319e-01   3.2613563e-01
   4.4860319e-01   3.3022154e-01
   5.7926452e-01   2.3890571e-01
   5.9234893e-01   2.3035792e-01
   5.0919405e-01   2.8642166e-01
   5.4753953e-01   2.6004086e-01
   4.7078902e-01   3.1385933e-01
   6.2844670e-01   2.0725370e-01
   7.4664457e-01   1.3591402e-01
   6.5677379e-01   1.8958419e-01
   5.2109540e-01   2.7813062e-01
   4.1288523e-01   3.5743854e-01
   7.1188473e-01   1.5626738e-01
   5.8579017e-01   2.3463070e-01
   6.4246830e-01   1.9845880e-01
   6.1465181e-01   2.1600267e-01
   7.6722402e-25   1.0000000e+00
   5.6006713e-01   2.5162367e-01
   1.0000000e+00   4.4779965e-25
   7.3576031e-01   1.4223529e-01
   4.3235141e-01   3.4246566e-01
   5.2716087e-01   2.7394155e-01
   4.0770664e-01   3.6148090e-01
   7.0153353e-01   1.6242402e-01
   4.9941486e-01   2.9330710e-01
   8.7291093e-01   6.5702974e-02
   9.4992815e-01   2.5357425e-02
   7.8038042e-01   1.1660857e-01
   5.5377661e-01   2.5583832e-01
   8.2505778e-01   9.1673087e-02
   7.6330345e-01   1.2632761e-01
   3.4714094e-01   4.1081333e-01
   5.0526753e-01   2.8917827e-01
   3.8704750e-01   3.7786858e-01
   4.4314916e-01   3.3430551e-01
   7.5492312e-01   1.3113688e-01
   4.9941483e-01   2.9330712e-01
   8.1588266e-01   9.6737766e-02
   8.4379194e-01   8.1418520e-02
   8.0683073e-01   1.0176243e-01
   6.1242998e-01   2.1742094e-01
   3.1980881e-01   4.3448359e-01
   3.0129418e-01   4.5109730e-01
   3.5696587e-01   4.0253379e-01
   9.7257202e-01   1.3809339e-02
   3.3255172e-01   4.2332702e-01
   3.6688527e-01   3.9428945e-01
   4.8783959e-01   3.0154486e-01
   3.1506544e-01   4.3869310e-01
   6.7631277e-01   1.7761763e-01
   5.2711625e-01   2.7397228e-01
   3.0889315e-01   4.4421844e-01
   4.3773086e-01   3.3838768e-01
   4.4860302e-01   3.3022167e-01
   7.7178827e-01   1.2148519e-01
   3.3737854e-01   4.1915705e-01
   3.2770217e-01   4.2754724e-01
   7.9789854e-01   1.0674833e-01
   6.1925035e-01   2.1307539e-01
   4.2699804e-01   3.4654913e-01
   4.7078901e-01   3.1385934e-01
   2.8958529e-01   4.6186870e-01
   3.7691226e-01   3.8606819e-01
   5.1710768e-01   2.8089800e-01
   3.2309304e-01   4.3158727e-01
   4.5409317e-01   3.2613564e-01
   4.9360581e-01   2.9742914e-01
   4.3234739e-01   3.4246872e-01
   3.6191268e-01   3.9840821e-01
   5.3930354e-01   2.6562711e-01
   4.2345042e-01   3.4926932e-01
   4.1815639e-01   3.5334987e-01
   4.1289466e-01   3.5743120e-01
   5.8577732e-01   2.3463909e-01
   7.4664457e-01   1.3591402e-01
   4.0246541e-01   3.6559839e-01
   7.8908283e-01   1.1169666e-01
   8.5335854e-01   7.6225926e-02
   2.7614887e-01   4.7450131e-01
   5.6006651e-01   2.5162408e-01
   3.5203441e-01   4.0667512e-01
   6.4011201e-01   1.9993000e-01
   3.8196580e-01   3.8196618e-01
   5.9898068e-01   2.2606158e-01
   9.3162823e-01   3.4791096e-02
   5.7280928e-01   2.4315835e-01
   7.3038240e-01   1.4537587e-01
   5.2309703e-01   2.7674553e-01
   3.7188591e-01   3.9017551e-01
   7.3846518e-01   1.4066003e-01
   7.2239379e-01   1.5006248e-01
   4.5962037e-01   3.2204693e-01
   5.6641034e-01   2.4739762e-01
   6.3308983e-01   2.0433058e-01
   6.8378341e-01   1.7308803e-01
   3.9729664e-01   3.6968529e-01
   4.0766456e-01   3.6151385e-01
   6.0567390e-01   2.2174946e-01
   6.2613646e-01   2.0871215e-01
   8.6306347e-01   7.0987905e-02
   3.9215755e-01   3.7377516e-01
   8.8627019e-01   5.8580759e-02
   5.4547200e-01   2.6143924e-01
   8.3435964e-01   8.6567115e-02
   6.4958473e-01   1.9403180e-01
   5.9234893e-01   2.3035792e-01
   5.3318530e-01   2.6980461e-01
   4.7643203e-01   3.0975944e-01
   2.9706955e-01   4.5495913e-01
   8.9990156e-01   5.1368588e-02
   5.7926452e-01   2.3890571e-01
   3.4226647e-01   4.1496456e-01
   3.2565791e-25   1.0000000e+00
   5.1116484e-01   2.8504207e-01
   4.8211528e-01   3.0565478e-01
   1.0000000e+00   3.9023872e-25
   6.6160768e-01   1.8660730e-01
   4.6518539e-01   3.1795500e-01
   6.9896978e-01   1.6395587e-01
   7.0668972e-01   1.5935160e-01
   6.9133503e-01   1.6853441e-01
   7.1449699e-01   1.5472076e-01
   6.5677182e-01   1.8958540e-01
   9.1381663e-01   4.4062436e-02
   6.6891441e-01   1.8212812e-01
   8.7291093e-01   6.5702974e-02
   9.4992815e-01   2.5357425e-02
   7.8038042e-01   1.1660857e-01
   4.3773086e-01   3.3838768e-01
   8.2505778e-01   9.1673087e-02
   7.6330345e-01   1.2632761e-01
   7.7178827e-01   1.2148519e-01
   4.4860302e-01   3.3022167e-01
   8.8627019e-01   5.8580759e-02
   7.9789854e-01   1.0674833e-01
   7.5492312e-01   1.3113688e-01
   4.9941483e-01   2.9330712e-01
   8.1588266e-01   9.6737766e-02
   3.3741632e-01   4.1912452e-01
   8.0683073e-01   1.0176243e-01
   5.0526753e-01   2.8917827e-01
   3.2299873e-01   4.3167023e-01
   7.2239379e-01   1.5006248e-01
   6.7631292e-01   1.7761753e-01
   9.7257202e-01   1.3809339e-02
   3.1981751e-01   4.3447590e-01
   7.4664457e-01   1.3591402e-01
   2.7614887e-01   4.7450131e-01
   9.1381662e-01   4.4062437e-02
   3.2777903e-01   4.2748011e-01
   3.8196601e-01   3.8196601e-01
   7.1449699e-01   1.5472076e-01
   4.8783959e-01   3.0154486e-01
   7.3038240e-01   1.4537587e-01
   4.7643203e-01   3.0975944e-01
   2.8417696e-01   4.6691750e-01
   8.9990156e-01   5.1368588e-02
   4.2345042e-01   3.4926932e-01
   4.2699804e-01   3.4654913e-01
   4.1289466e-01   3.5743120e-01
   4.0246543e-01   3.6559837e-01
   4.3234739e-01   3.4246872e-01
   6.8378341e-01   1.7308803e-01
   9.3162823e-01   3.4791096e-02
   2.9641445e-01   4.5556043e-01
   3.9215755e-01   3.7377516e-01
   4.7078901e-01   3.1385934e-01
   8.3435964e-01   8.6567115e-02
   7.3846518e-01   1.4066003e-01
   5.1710768e-01   2.8089800e-01
   6.4720460e-01   1.9550972e-01
   3.7188598e-01   3.9017545e-01
   4.1815639e-01   3.5334987e-01
   7.0668972e-01   1.5935160e-01
   8.4696569e-01   7.9692614e-02
   5.4753950e-01   2.6004088e-01
   3.6688628e-01   3.9428862e-01
   6.9133503e-01   1.6853441e-01
   6.2383369e-01   2.1016857e-01
   6.9896978e-01   1.6395587e-01
   8.5981287e-01   7.2739050e-02
   4.5409317e-01   3.2613564e-01
   2.8996095e-01   4.6151977e-01
   4.9360581e-01   2.9742914e-01
   3.7691235e-01   3.8606812e-01
   4.0766456e-01   3.6151385e-01
   6.6892164e-01   1.8212370e-01
   6.0343591e-01   2.2318863e-01
   6.5436926e-01   1.9106906e-01
   5.3521920e-01   2.6841323e-01
   3.1506975e-01   4.3868925e-01
   5.4135405e-01   2.6423234e-01
   3.0252033e-01   4.4998152e-01
   6.6160769e-01   1.8660730e-01
   6.3776354e-01   2.0139901e-01
   4.5962037e-01   3.2204693e-01
   4.4314916e-01   3.3430551e-01
   4.8211528e-01   3.0565478e-01
   7.8908283e-01   1.1169666e-01
   3.8704754e-01   3.7786855e-01
   3.4226839e-01   4.1496292e-01
   3.3258675e-01   4.2329665e-01
   3.6191268e-01   3.9840821e-01
   3.5696475e-01   4.0253473e-01
   3.4714320e-01   4.1081140e-01
   5.9676333e-01   2.2749541e-01
   5.6006651e-01   2.5162408e-01
   5.2913387e-01   2.7258411e-01
   5.5377661e-01   2.5583832e-01
   5.2309703e-01   2.7674553e-01
   3.0877847e-01   4.4432161e-01
   5.7280928e-01   2.4315835e-01
   3.2565791e-25   1.0000000e+00
   6.1696966e-01   2.1452584e-01
   5.8577732e-01   2.3463909e-01
   5.7926452e-01   2.3890571e-01
   4.6518539e-01   3.1795500e-01
   6.1017088e-01   2.1886564e-01
   5.1116484e-01   2.8504207e-01
   5.9234893e-01   2.3035792e-01
   3.9729664e-01   3.6968529e-01
   3.5204174e-01   4.0666894e-01
   5.6641034e-01   2.4739762e-01
   6.3076447e-01   2.0579318e-01
   1.0000000e+00   3.8875529e-25
   8.7291093e-01   6.5702974e-02
   9.4992815e-01   2.5357425e-02
   7.8038042e-01   1.1660857e-01
   2.7614887e-01   4.7450131e-01
   8.2505778e-01   9.1673087e-02
   7.6330345e-01   1.2632761e-01
   7.7178827e-01   1.2148519e-01
   4.4860302e-01   3.3022167e-01
   8.8627019e-01   5.8580759e-02
   7.9789854e-01   1.0674833e-01
   7.5492312e-01   1.3113688e-01
   4.7643203e-01   3.0975944e-01
   8.1588266e-01   9.6737766e-02
   5.2913387e-01   2.7258411e-01
   8.0683073e-01   1.0176243e-01
   5.2309703e-01   2.7674553e-01
   3.2299873e-01   4.3167023e-01
   3.9729664e-01   3.6968529e-01
   6.7631292e-01   1.7761753e-01
   9.7257202e-01   1.3809339e-02
   4.8211528e-01   3.0565478e-01
   7.4664457e-01   1.3591402e-01
   9.1381662e-01   4.4062437e-02
   5.1116484e-01   2.8504207e-01
   6.5436926e-01   1.9106906e-01
   7.3038240e-01   1.4537587e-01
   4.4314916e-01   3.3430551e-01
   4.8783959e-01   3.0154486e-01
   4.6518539e-01   3.1795500e-01
   3.0252033e-01   4.4998152e-01
   2.8417696e-01   4.6691750e-01
   8.9990156e-01   5.1368588e-02
   4.0246543e-01   3.6559837e-01
   6.9133503e-01   1.6853441e-01
   3.1506975e-01   4.3868925e-01
   9.3162823e-01   3.4791096e-02
   4.3234739e-01   3.4246872e-01
   5.8577732e-01   2.3463909e-01
   7.3846518e-01   1.4066003e-01
   7.0668972e-01   1.5935160e-01
   3.9215755e-01   3.7377516e-01
   3.0877847e-01   4.4432161e-01
   4.9941483e-01   2.9330712e-01
   5.1710768e-01   2.8089800e-01
   6.2383369e-01   2.1016857e-01
   2.8997840e-01   4.6150358e-01
   3.7188598e-01   3.9017545e-01
   3.5204174e-01   4.0666894e-01
   3.3258772e-01   4.2329581e-01
   8.4696569e-01   7.9692614e-02
   5.4753950e-01   2.6004088e-01
   3.1981958e-01   4.3447406e-01
   3.4714320e-01   4.1081140e-01
   6.3076447e-01   2.0579318e-01
   6.9896978e-01   1.6395587e-01
   8.5981287e-01   7.2739050e-02
   4.2699804e-01   3.4654913e-01
   7.2239379e-01   1.5006248e-01
   3.6191270e-01   3.9840819e-01
   5.6006651e-01   2.5162408e-01
   5.7280928e-01   2.4315835e-01
   6.6892164e-01   1.8212370e-01
   6.0343591e-01   2.2318863e-01
   6.1696966e-01   2.1452584e-01
   3.6688629e-01   3.9428861e-01
   3.5696475e-01   4.0253473e-01
   7.1449699e-01   1.5472076e-01
   3.8704754e-01   3.7786855e-01
   5.9234893e-01   2.3035792e-01
   4.3773086e-01   3.3838768e-01
   4.5962037e-01   3.2204693e-01
   5.3521920e-01   2.6841323e-01
   5.4135405e-01   2.6423234e-01
   6.8378341e-01   1.7308803e-01
   6.1017088e-01   2.1886564e-01
   4.2168211e-01   3.5062945e-01
   4.7078901e-01   3.1385934e-01
   3.4226846e-01   4.1496285e-01
   6.4720460e-01   1.9550972e-01
   3.2778226e-01   4.2747729e-01
   5.9898068e-01   2.2606158e-01
   4.9360581e-01   2.9742914e-01
   4.1639893e-01   3.5471020e-01
   4.0766456e-01   3.6151385e-01
   8.3435964e-01   8.6567115e-02
   5.7926452e-01   2.3890571e-01
   3.7691235e-01   3.8606812e-01
   2.9624012e-01   4.5572055e-01
   4.5409317e-01   3.2613564e-01
   3.3741725e-01   4.1912372e-01
   4.1114783e-01   3.5879190e-01
   6.3776354e-01   2.0139901e-01
   3.8196601e-01   3.8196601e-01
   5.5377661e-01   2.5583832e-01
   5.0526753e-01   2.8917827e-01
   6.6160769e-01   1.8660730e-01
   5.6641034e-01   2.4739762e-01
   7.8908283e-01   1.1169666e-01
   2.8775677e-25   1.0000000e+00
   1.0000000e+00   2.8314899e-25
   8.7291093e-01   6.5702974e-02
   9.4992815e-01   2.5357425e-02
   7.8038042e-01   1.1660857e-01
   2.7614887e-01   4.7450131e-01
   8.2505778e-01   9.1673087e-02
   7.6330345e-01   1.2632761e-01
   7.7178827e-01   1.2148519e-01
   2.8385242e-01   4.6722198e-01
   8.8627019e-01   5.8580759e-02
   7.9789854e-01   1.0674833e-01
   7.5492312e-01   1.3113688e-01
   4.7643203e-01   3.0975944e-01
   8.1588266e-01   9.6737766e-02
   5.2913387e-01   2.7258411e-01
   8.0683073e-01   1.0176243e-01
   5.2309703e-01   2.7674553e-01
   4.8211528e-01   3.0565478e-01
   6.6892164e-01   1.8212370e-01
   6.7631292e-01   1.7761753e-01
   9.7257202e-01   1.3809339e-02
   5.6006651e-01   2.5162408e-01
   7.4664457e-01   1.3591402e-01
   9.1381662e-01   4.4062437e-02
   5.9234893e-01   2.3035792e-01
   6.5436926e-01   1.9106906e-01
   7.3038240e-01   1.4537587e-01
   4.4314916e-01   3.3430551e-01
   5.1116484e-01   2.8504207e-01
   5.4753950e-01   2.6004088e-01
   3.3741725e-01   4.1912372e-01
   7.0668972e-01   1.5935160e-01
   8.9990156e-01   5.1368588e-02
   5.9898068e-01   2.2606158e-01
   7.3846518e-01   1.4066003e-01
   3.3258899e-01   4.2329471e-01
   8.5981287e-01   7.2739050e-02
   4.3234739e-01   3.4246872e-01
   5.8577732e-01   2.3463909e-01
   2.9004104e-01   4.6144542e-01
   3.4226850e-01   4.1496282e-01
   4.1639893e-01   3.5471020e-01
   2.9626219e-01   4.5570028e-01
   5.4135405e-01   2.6423234e-01
   4.8783959e-01   3.0154486e-01
   3.8704754e-01   3.7786855e-01
   3.4714320e-01   4.1081140e-01
   3.0250532e-01   4.4999517e-01
   5.3521920e-01   2.6841323e-01
   8.4696569e-01   7.9692614e-02
   5.1710768e-01   2.8089800e-01
   3.2140697e-01   4.3307234e-01
   3.6191275e-01   3.9840815e-01
   3.5696475e-01   4.0253473e-01
   4.3773086e-01   3.3838768e-01
   4.2168211e-01   3.5062945e-01
   6.2613644e-01   2.0871216e-01
   6.8378341e-01   1.7308803e-01
   6.4720460e-01   1.9550972e-01
   6.6160769e-01   1.8660730e-01
   8.3435964e-01   8.6567115e-02
   5.7280928e-01   2.4315835e-01
   5.5377661e-01   2.5583832e-01
   4.0592811e-01   3.6287513e-01
   3.0876849e-01   4.4433060e-01
   6.3776354e-01   2.0139901e-01
   3.5204176e-01   4.0666893e-01
   5.6641034e-01   2.4739762e-01
   7.1449699e-01   1.5472076e-01
   3.7188598e-01   3.9017545e-01
   2.5462240e-01   4.9539877e-01
   7.2239379e-01   1.5006248e-01
   3.9215755e-01   3.7377516e-01
   5.7926452e-01   2.3890571e-01
   4.6518539e-01   3.1795500e-01
   4.9360581e-01   2.9742914e-01
   5.0526753e-01   2.8917827e-01
   3.2618544e-01   4.2887354e-01
   6.9896978e-01   1.6395587e-01
   4.1114781e-01   3.5879191e-01
   4.4860302e-01   3.3022167e-01
   4.2699804e-01   3.4654913e-01
   3.7691235e-01   3.8606812e-01
   3.9901624e-01   3.6832268e-01
   3.1507169e-01   4.3868753e-01
   4.9941483e-01   2.9330712e-01
   4.5962037e-01   3.2204693e-01
   4.5409317e-01   3.2613564e-01
   3.6688630e-01   3.9428860e-01
   6.9133503e-01   1.6853441e-01
   7.8908283e-01   1.1169666e-01
   2.6840864e-01   4.8191831e-01
   9.3162823e-01   3.4791096e-02
   1.0000000e+00   2.8065981e-25
   4.7078901e-01   3.1385934e-01
   6.1242998e-01   2.1742094e-01
   3.8196601e-01   3.8196601e-01
   6.1925035e-01   2.1307539e-01
   6.3305848e-01   2.0435028e-01
   6.0567390e-01   2.2174946e-01
   2.8775677e-25   1.0000000e+00
   8.7291093e-01   6.5702974e-02
   9.4992815e-01   2.5357425e-02
   9.7257202e-01   1.3809339e-02
   7.4664457e-01   1.3591402e-01
   7.5492312e-01   1.3113688e-01
   7.6330345e-01   1.2632761e-01
   7.1449699e-01   1.5472076e-01
   5.6641034e-01   2.4739762e-01
   8.8627019e-01   5.8580759e-02
   5.3521920e-01   2.6841323e-01
   5.2309703e-01   2.7674553e-01
   4.7643203e-01   3.0975944e-01
   7.3846518e-01   1.4066003e-01
   5.2913387e-01   2.7258411e-01
   8.5981287e-01   7.2739050e-02
   5.5377661e-01   2.5583832e-01
   5.6006651e-01   2.5162408e-01
   6.6892164e-01   1.8212370e-01
   6.7631292e-01   1.7761753e-01
   2.5462240e-01   4.9539877e-01
   3.2618545e-01   4.2887352e-01
   3.2140822e-01   4.3307124e-01
   9.1381662e-01   4.4062437e-02
   5.9234893e-01   2.3035792e-01
   6.5436926e-01   1.9106906e-01
   7.3038240e-01   1.4537587e-01
   4.4314916e-01   3.3430551e-01
   5.8577732e-01   2.3463909e-01
   5.4753950e-01   2.6004088e-01
   5.1710768e-01   2.8089800e-01
   7.0668972e-01   1.5935160e-01
   8.9990156e-01   5.1368588e-02
   5.9898068e-01   2.2606158e-01
   5.4135405e-01   2.6423234e-01
   4.1114781e-01   3.5879191e-01
   8.4696569e-01   7.9692614e-02
   3.0250532e-01   4.4999517e-01
   3.8196601e-01   3.8196601e-01
   3.3258868e-01   4.2329498e-01
   6.4011201e-01   1.9993000e-01
   3.5696475e-01   4.0253473e-01
   3.7691235e-01   3.8606812e-01
   6.8378341e-01   1.7308803e-01
   4.1639893e-01   3.5471020e-01
   3.7188598e-01   3.9017545e-01
   6.9896978e-01   1.6395587e-01
   3.3741727e-01   4.1912370e-01
   2.9627205e-01   4.5569122e-01
   6.4720460e-01   1.9550972e-01
   3.0877039e-01   4.4432888e-01
   5.0526753e-01   2.8917827e-01
   8.3435964e-01   8.6567115e-02
   2.9009663e-01   4.6139381e-01
   2.6993612e-01   4.8044623e-01
   5.7926452e-01   2.3890571e-01
   4.3234739e-01   3.4246872e-01
   6.0567390e-01   2.2174946e-01
   9.3162823e-01   3.4791096e-02
   4.9360581e-01   2.9742914e-01
   3.4714321e-01   4.1081140e-01
   5.7280928e-01   2.4315835e-01
   2.8389217e-01   4.6718468e-01
   7.9789854e-01   1.0674833e-01
   4.2168211e-01   3.5062945e-01
   4.5409317e-01   3.2613564e-01
   4.4860302e-01   3.3022167e-01
   8.0983457e-01   1.0009191e-01
   3.1507118e-01   4.3868799e-01
   2.5969371e-01   4.9039848e-01
   4.3773086e-01   3.3838768e-01
   4.8783959e-01   3.0154486e-01
   5.1116484e-01   2.8504207e-01
   3.5204176e-01   4.0666893e-01
   2.6462127e-01   4.8558648e-01
   4.9941483e-01   2.9330712e-01
   7.2239379e-01   1.5006248e-01
   8.2198551e-01   9.3365837e-02
   4.2699804e-01   3.4654913e-01
   4.8211528e-01   3.0565478e-01
   4.5962037e-01   3.2204693e-01
   4.6518539e-01   3.1795500e-01
   3.6191275e-01   3.9840815e-01
   4.7078901e-01   3.1385934e-01
   3.6688630e-01   3.9428860e-01
   6.1242998e-01   2.1742094e-01
   6.9133503e-01   1.6853441e-01
   6.2613646e-01   2.0871215e-01
   6.3308983e-01   2.0433058e-01
   4.0073883e-01   3.6696064e-01
   2.7627540e-01   4.7438094e-01
   7.8616959e-01   1.1333795e-01
   4.0592811e-01   3.6287513e-01
   3.4226856e-01   4.1496277e-01
   6.1925035e-01   2.1307539e-01
   3.8874856e-01   3.7650296e-01
   7.7464025e-01   1.1986350e-01
   6.6160769e-01   1.8660730e-01
   3.9558991e-01   3.7104061e-01
   2.8775677e-25   1.0000000e+00
   1.0000000e+00   2.1621250e-25
   8.7291093e-01   6.5702974e-02
   9.4992815e-01   2.5357425e-02
   9.7257202e-01   1.3809339e-02
   7.4664457e-01   1.3591402e-01
   7.5492312e-01   1.3113688e-01
   7.6330345e-01   1.2632761e-01
   5.0526753e-01   2.8917827e-01
   5.6641034e-01   2.4739762e-01
   8.8627019e-01   5.8580759e-02
   5.3521920e-01   2.6841323e-01
   5.2309703e-01   2.7674553e-01
   4.7643203e-01   3.0975944e-01
   7.3846518e-01   1.4066003e-01
   5.2913387e-01   2.7258411e-01
   8.5981287e-01   7.2739050e-02
   8.3435964e-01   8.6567115e-02
   5.6006651e-01   2.5162408e-01
   6.6892164e-01   1.8212370e-01
   6.7631292e-01   1.7761753e-01
   4.2699804e-01   3.4654913e-01
   3.1507124e-01   4.3868793e-01
   4.8211528e-01   3.0565478e-01
   9.1381662e-01   4.4062437e-02
   5.9234893e-01   2.3035792e-01
   6.5436926e-01   1.9106906e-01
   7.3038240e-01   1.4537587e-01
   3.4714321e-01   4.1081140e-01
   5.8577732e-01   2.3463909e-01
   5.7926452e-01   2.3890571e-01
   5.1710768e-01   2.8089800e-01
   7.0668972e-01   1.5935160e-01
   8.9990156e-01   5.1368588e-02
   5.9898068e-01   2.2606158e-01
   5.4135405e-01   2.6423234e-01
   3.7691235e-01   3.8606812e-01
   8.4696569e-01   7.9692614e-02
   3.0250532e-01   4.4999517e-01
   3.5204176e-01   4.0666893e-01
   2.5969371e-01   4.9039848e-01
   6.4011201e-01   1.9993000e-01
   6.0567390e-01   2.2174946e-01
   2.8389217e-01   4.6718468e-01
   3.2140825e-01   4.3307122e-01
   4.6518539e-01   3.1795500e-01
   6.4720460e-01   1.9550972e-01
   6.9896978e-01   1.6395587e-01
   3.3741727e-01   4.1912370e-01
   4.5409317e-01   3.2613564e-01
   5.1116484e-01   2.8504207e-01
   3.0877039e-01   4.4432888e-01
   8.0983457e-01   1.0009191e-01
   4.8783959e-01   3.0154486e-01
   6.2613646e-01   2.0871215e-01
   4.3773086e-01   3.3838768e-01
   7.1449699e-01   1.5472076e-01
   2.6556732e-01   4.8466776e-01
   4.0592811e-01   3.6287513e-01
   4.7078901e-01   3.1385934e-01
   4.9360581e-01   2.9742914e-01
   5.7280928e-01   2.4315835e-01
   8.2198551e-01   9.3365837e-02
   4.3234739e-01   3.4246872e-01
   7.9789854e-01   1.0674833e-01
   6.1925035e-01   2.1307539e-01
   7.8616959e-01   1.1333795e-01
   3.6688630e-01   3.9428860e-01
   3.7188598e-01   3.9017545e-01
   5.4753950e-01   2.6004088e-01
   4.9941483e-01   2.9330712e-01
   3.6191275e-01   3.9840815e-01
   6.8378341e-01   1.7308803e-01
   2.5373804e-01   4.9627583e-01
   4.2168211e-01   3.5062945e-01
   3.3258881e-01   4.2329487e-01
   4.1114781e-01   3.5879191e-01
   3.4226856e-01   4.1496277e-01
   5.5377661e-01   2.5583832e-01
   4.1639893e-01   3.5471020e-01
   2.7161534e-01   4.7883271e-01
   3.8874768e-01   3.7650366e-01
   3.5696476e-01   4.0253472e-01
   7.2239379e-01   1.5006248e-01
   6.1242998e-01   2.1742094e-01
   6.9133503e-01   1.6853441e-01
   4.4314916e-01   3.3430551e-01
   4.0073916e-01   3.6696038e-01
   3.8196601e-01   3.8196601e-01
   9.3162823e-01   3.4791096e-02
   2.9007516e-01   4.6141374e-01
   6.6160769e-01   1.8660730e-01
   6.3308983e-01   2.0433058e-01
   4.4860302e-01   3.3022167e-01
   2.7789461e-01   4.7284290e-01
   3.9558034e-01   3.7104822e-01
   4.5962037e-01   3.2204693e-01
   7.7464025e-01   1.1986350e-01
   3.2777679e-01   4.2748206e-01
   2.9627357e-01   4.5568982e-01
   2.8775677e-25   1.0000000e+00
   1.0000000e+00   2.1621250e-25
   8.7291093e-01   6.5702974e-02
   9.4992815e-01   2.5357425e-02
   9.7257202e-01   1.3809339e-02
   7.4664457e-01   1.3591402e-01
   7.5492312e-01   1.3113688e-01
   7.6330345e-01   1.2632761e-01
   5.0526753e-01   2.8917827e-01
   5.6641034e-01   2.4739762e-01
   8.8627019e-01   5.8580759e-02
   5.3521920e-01   2.6841323e-01
   5.4135405e-01   2.6423234e-01
   6.0567390e-01   2.2174946e-01
   7.3846518e-01   1.4066003e-01
   5.2913387e-01   2.7258411e-01
   8.5981287e-01   7.2739050e-02
   8.3435964e-01   8.6567115e-02
   5.6006651e-01   2.5162408e-01
   6.6892164e-01   1.8212370e-01
   6.7631292e-01   1.7761753e-01
   4.2699804e-01   3.4654913e-01
   8.9990156e-01   5.1368588e-02
   4.3234739e-01   3.4246872e-01
   9.1381662e-01   4.4062437e-02
   5.9234893e-01   2.3035792e-01
   6.5436926e-01   1.9106906e-01
   7.3038240e-01   1.4537587e-01
   7.0668972e-01   1.5935160e-01
   5.8577732e-01   2.3463909e-01
   5.7926452e-01   2.3890571e-01
   5.1710768e-01   2.8089800e-01
   3.3258882e-01   4.2329486e-01
   4.4314916e-01   3.3430551e-01
   5.9898068e-01   2.2606158e-01
   5.2309703e-01   2.7674553e-01
   4.2168211e-01   3.5062945e-01
   8.4696569e-01   7.9692614e-02
   3.0250532e-01   4.4999517e-01
   3.2140825e-01   4.3307122e-01
   2.5969371e-01   4.9039848e-01
   6.4011201e-01   1.9993000e-01
   4.9941483e-01   2.9330712e-01
   2.9627357e-01   4.5568982e-01
   4.7643203e-01   3.0975944e-01
   3.0877076e-01   4.4432855e-01
   6.4720460e-01   1.9550972e-01
   5.1116484e-01   2.8504207e-01
   6.6160769e-01   1.8660730e-01
   5.5377661e-01   2.5583832e-01
   6.2613646e-01   2.0871215e-01
   4.1114781e-01   3.5879191e-01
   8.0983457e-01   1.0009191e-01
   4.8783959e-01   3.0154486e-01
   4.1639893e-01   3.5471020e-01
   3.9558034e-01   3.7104822e-01
   4.9360581e-01   2.9742914e-01
   2.6556732e-01   4.8466776e-01
   4.5962037e-01   3.2204693e-01
   4.5409317e-01   3.2613564e-01
   7.1449699e-01   1.5472076e-01
   5.7280928e-01   2.4315835e-01
   8.2198551e-01   9.3365837e-02
   4.4860302e-01   3.3022167e-01
   7.9789854e-01   1.0674833e-01
   6.1925035e-01   2.1307539e-01
   7.8616959e-01   1.1333795e-01
   4.6518539e-01   3.1795500e-01
   2.7161534e-01   4.7883271e-01
   9.3162823e-01   3.4791096e-02
   6.1242998e-01   2.1742094e-01
   5.4753950e-01   2.6004088e-01
   6.9133503e-01   1.6853441e-01
   2.5373804e-01   4.9627583e-01
   3.7355844e-01   3.8880572e-01
   4.3773086e-01   3.3838768e-01
   4.0073916e-01   3.6696038e-01
   2.7776410e-01   4.7296670e-01
   6.8378341e-01   1.7308803e-01
   4.8211528e-01   3.0565478e-01
   3.1507144e-01   4.3868775e-01
   2.9007516e-01   4.6141374e-01
   7.7464025e-01   1.1986350e-01
   3.3901104e-01   4.1775346e-01
   3.5367789e-01   4.0529176e-01
   3.8026574e-01   3.8334309e-01
   4.0592811e-01   3.6287513e-01
   6.9896978e-01   1.6395587e-01
   3.5861128e-01   4.0115839e-01
   3.9044683e-01   3.7514255e-01
   7.2239379e-01   1.5006248e-01
   3.6356772e-01   3.9703423e-01
   3.2778254e-01   4.2747704e-01
   4.7078901e-01   3.1385934e-01
   6.3308983e-01   2.0433058e-01
   3.6854990e-01   3.9291689e-01
   3.4389072e-01   4.1357803e-01
   2.8390250e-01   4.6717498e-01
   3.8534884e-01   3.7923528e-01
   3.4877322e-01   4.0942975e-01
   1.7786771e-25   1.0000000e+00
   1.0000000e+00   2.1621250e-25
   8.7291093e-01   6.5702974e-02
   9.4992815e-01   2.5357425e-02
   9.7257202e-01   1.3809339e-02
   7.4664457e-01   1.3591402e-01
   7.5492312e-01   1.3113688e-01
   7.6330345e-01   1.2632761e-01
   5.0526753e-01   2.8917827e-01
   5.6641034e-01   2.4739762e-01
   8.8627019e-01   5.8580759e-02
   5.3521920e-01   2.6841323e-01
   5.4135405e-01   2.6423234e-01
   6.0567390e-01   2.2174946e-01
   7.3846518e-01   1.4066003e-01
   5.2913387e-01   2.7258411e-01
   8.5981287e-01   7.2739050e-02
   8.3435964e-01   8.6567115e-02
   5.6006651e-01   2.5162408e-01
   6.6892164e-01   1.8212370e-01
   6.7631292e-01   1.7761753e-01
   4.9360581e-01   2.9742914e-01
   8.9990156e-01   5.1368588e-02
   4.3234739e-01   3.4246872e-01
   9.1381662e-01   4.4062437e-02
   5.9234893e-01   2.3035792e-01
   2.9007516e-01   4.6141374e-01
   7.3038240e-01   1.4537587e-01
   7.0668972e-01   1.5935160e-01
   5.8577732e-01   2.3463909e-01
   5.7926452e-01   2.3890571e-01
   5.1710768e-01   2.8089800e-01
   4.8211528e-01   3.0565478e-01
   4.4314916e-01   3.3430551e-01
   4.0073916e-01   3.6696038e-01
   6.9896978e-01   1.6395587e-01
   4.2168211e-01   3.5062945e-01
   8.4696569e-01   7.9692614e-02
   3.0250532e-01   4.4999517e-01
   3.2140825e-01   4.3307122e-01
   2.5969371e-01   4.9039848e-01
   6.4011201e-01   1.9993000e-01
   4.9941483e-01   2.9330712e-01
   2.9627357e-01   4.5568982e-01
   4.7643203e-01   3.0975944e-01
   3.0877076e-01   4.4432855e-01
   6.4720460e-01   1.9550972e-01
   5.1116484e-01   2.8504207e-01
   6.1242998e-01   2.1742094e-01
   5.5377661e-01   2.5583832e-01
   4.7078901e-01   3.1385934e-01
   4.1114781e-01   3.5879191e-01
   8.0983457e-01   1.0009191e-01
   4.8783959e-01   3.0154486e-01
   7.9789854e-01   1.0674833e-01
   6.1925035e-01   2.1307539e-01
   5.4753950e-01   2.6004088e-01
   2.6556732e-01   4.8466776e-01
   4.5962037e-01   3.2204693e-01
   4.5409317e-01   3.2613564e-01
   7.1449699e-01   1.5472076e-01
   5.7280928e-01   2.4315835e-01
   8.2198551e-01   9.3365837e-02
   4.4860302e-01   3.3022167e-01
   6.8378341e-01   1.7308803e-01
   3.1507138e-01   4.3868781e-01
   7.8616959e-01   1.1333795e-01
   4.0592811e-01   3.6287513e-01
   2.7161534e-01   4.7883271e-01
   9.3162823e-01   3.4791096e-02
   2.8390250e-01   4.6717498e-01
   5.9898068e-01   2.2606158e-01
   7.7464025e-01   1.1986350e-01
   2.5373804e-01   4.9627583e-01
   5.2309703e-01   2.7674553e-01
   4.6518539e-01   3.1795500e-01
   6.2613646e-01   2.0871215e-01
   2.7776410e-01   4.7296670e-01
   4.1639893e-01   3.5471020e-01
   6.3308983e-01   2.0433058e-01
   3.2778267e-01   4.2747693e-01
   3.8535056e-01   3.7923389e-01
   7.2239379e-01   1.5006248e-01
   3.8027839e-01   3.8333284e-01
   3.9045101e-01   3.7513921e-01
   3.6522558e-01   3.9566104e-01
   6.5436926e-01   1.9106906e-01
   3.9558034e-01   3.7104822e-01
   4.3773086e-01   3.3838768e-01
   3.5040622e-01   4.0804880e-01
   6.6160769e-01   1.8660730e-01
   6.9133503e-01   1.6853441e-01
   3.4551569e-01   4.1219417e-01
   3.4064859e-01   4.1634891e-01
   3.7021648e-01   3.9154583e-01
   3.3419684e-01   4.2190240e-01
   3.6026059e-01   3.9978288e-01
   3.5532099e-01   4.0391193e-01
   3.7523389e-01   3.8743662e-01
   4.2699804e-01   3.4654913e-01
   1.7786771e-25   1.0000000e+00
   1.0000000e+00   2.1621250e-25
   6.4668005e+00   6.3653407e+00
   6.1781853e+00   5.1845911e+00
   6.2461384e+00   5.8112451e+00
   6.2657148e+00   4.7088807e+00
   6.8679574e+00   3.7127212e+00
   8.2208955e+00   5.3160917e+00
   6.9466663e+00   5.0720623e+00
   7.2317883e+00   6.4807895e+00
   7.5601915e+00   6.2038730e+00
   5.9809039e+00   5.7180527e+00
   7.7183947e+00   6.0056809e+00
   4.8818879e+00   6.4298472e+00
   7.8879555e+00   4.8470586e+00
   6.5917980e+00   5.7862619e+00
   6.6219523e+00   5.5166662e+00
   6.0367480e+00   5.7214384e+00
   8.1768089e+00   5.8403685e+00
   7.0611501e+00   4.3310770e+00
   5.6785258e+00   5.9523995e+00
   7.4358532e+00   5.5117969e+00
   7.5490619e+00   4.9609594e+00
   6.7016228e+00   7.2995637e+00
   6.4517736e+00   6.2506969e+00
   6.3315678e+00   5.4116774e+00
   6.3303119e+00   5.4981448e+00
   7.1633522e+00   5.0801994e+00
   6.9678017e+00   5.1300881e+00
   7.1155809e+00   5.3420305e+00
   6.6850590e+00   4.9280661e+00
   7.6634212e+00   5.2484084e+00
   8.1871818e+00   6.8106809e+00
   7.5986308e+00   5.0089974e+00
   6.5340769e+00   3.9220905e+00
   7.3212037e+00   5.0735167e+00
   6.4728928e+00   4.8221646e+00
   6.7561584e+00   4.1144955e+00
   6.3910854e+00   4.2895286e+00
   8.0025556e+00   4.1159558e+00
   6.7646089e+00   5.5837549e+00
   7.0567953e+00   4.7024251e+00
   6.7942714e+00   5.0147561e+00
   5.9499494e+00   5.5331904e+00
   5.9992290e+00   5.0335097e+00
   7.7645609e+00   5.8858324e+00
   6.1420220e+00   4.7568002e+00
   7.0540788e+00   4.8856533e+00
   6.8189402e+00   5.6035776e+00
   8.0994156e+00   7.3137714e+00
   6.8862227e+00   4.7186048e+00
   7.0519570e+00   6.3981276e+00
   7.4421310e+00   5.2124752e+00
   7.0973002e+00   5.3168229e+00
   8.0681948e+00   5.2037123e+00
   6.1464891e+00   6.1246981e+00
   7.9344690e+00   5.3734860e+00
   5.7536601e+00   4.8383459e+00
   7.3881084e+00   5.1540596e+00
   7.3219690e+00   5.0644578e+00
   7.0904748e+00   5.3815160e+00
   7.2185443e+00   5.3376207e+00
   6.9999290e+00   5.1201560e+00
   6.8904980e+00   5.4901911e+00
   8.0658120e+00   5.3756331e+00
   8.2978252e+00   4.6935274e+00
   8.2958483e+00   5.8242098e+00
   7.4738271e+00   5.6947330e+00
   7.1934718e+00   4.9538543e+00
   8.5026104e+00   6.3688142e+00
   5.3127999e+00   5.6637346e+00
   7.0143467e+00   5.5516634e+00
   7.9036860e+00   5.3835987e+00
   6.2503597e+00   5.6410887e+00
   6.6269927e+00   4.9981328e+00
   6.7639239e+00   6.3156858e+00
   7.9149431e+00   4.2897056e+00
   5.9744458e+00   5.4206711e+00
   6.2989436e+00   6.6866018e+00
   7.4013895e+00   6.4359726e+00
   7.1144791e+00   4.7517984e+00
   7.0184380e+00   5.9927417e+00
   7.7100927e+00   5.2768216e+00
   6.2990819e+00   4.8109185e+00
   9.0420854e+00   4.9571747e+00
   7.5362013e+00   5.5432881e+00
   7.1422772e+00   6.1087958e+00
   7.5421193e+00   5.6587738e+00
   7.3172939e+00   6.3909136e+00
   6.7607800e+00   5.4952244e+00
   7.3253815e+00   4.9530266e+00
   8.3392901e+00   4.4921221e+00
   6.5527828e+00   5.1638741e+00
   6.9393391e+00   5.8867568e+00
   6.5246122e+00   5.0936148e+00
   7.8368964e+00   4.4542729e+00
   6.6119971e+00   6.1070250e+00
   6.4681564e+00   5.1675755e+00
   7.7132073e+00   6.0891870e+00
   7.2855303e+00   4.2041185e+00
   7.6394599e+00   5.8484909e+00
   5.6849381e+00   6.1809109e+00
   8.7172617e-01   7.1700421e-02
   5.8814738e-04   1.0050482e+00
   6.6519780e-01   1.8981222e-01
   1.0005881e+00   5.0481702e-03
   5.1750866e-01   2.8607633e-01
   5.3163303e-01   2.7631991e-01
   5.2151762e-01   2.8329373e-01
   4.9192966e-01   3.0409060e-01
   6.1105977e-01   2.2372134e-01
   5.6069548e-01   2.5664498e-01
   5.6921059e-01   2.5097759e-01
   9.5986257e-01   2.5622615e-02
   5.0955411e-01   2.9162966e-01
   8.3007771e-01   9.4284996e-02
   7.1327968e-01   1.6083757e-01
   8.8171327e-01   6.6365515e-02
   9.7896634e-01   1.5918152e-02
   7.0287836e-01   1.6702060e-01
   8.3946437e-01   8.9146309e-02
   8.6188471e-01   7.6987523e-02
   6.7010647e-01   1.8680718e-01
   7.2650453e-01   1.5304091e-01
   5.3776702e-01   2.7212329e-01
   4.1085604e-01   3.6452659e-01
   6.0653974e-01   2.2661924e-01
   6.5067323e-01   1.9876963e-01
   5.7350500e-01   2.4813546e-01
   6.0204774e-01   2.2950991e-01
   5.9314617e-01   2.3527027e-01
   8.1168645e-01   1.0443821e-01
   5.2554824e-01   2.8050687e-01
   7.3726956e-01   1.4674670e-01
   6.4589714e-01   2.0173690e-01
   5.4602405e-01   2.6651185e-01
   6.2248488e-01   2.1644388e-01
   5.0362477e-01   2.9579742e-01
   4.4497231e-01   3.3842672e-01
   5.5647394e-01   2.5947068e-01
   3.7695824e-01   3.9155808e-01
   9.0214264e-01   5.5545937e-02
   4.5035154e-01   3.3440416e-01
   5.8873579e-01   2.3814033e-01
   5.5018676e-01   2.6369899e-01
   4.6156688e-01   3.2609403e-01
   3.8753944e-01   3.8299408e-01
   7.9377983e-01   1.1443508e-01
   7.4271574e-01   1.4357989e-01
   5.6494089e-01   2.5381402e-01
   5.8435094e-01   2.4100446e-01
   8.9185053e-01   6.0981233e-02
   4.3975075e-01   3.4235472e-01
   7.1853936e-01   1.5772815e-01
   6.3175817e-01   2.1058608e-01
   5.9758335e-01   2.3239352e-01
   5.4188425e-01   2.6931989e-01
   4.2513573e-01   3.5347501e-01
   7.7346652e-01   1.2591315e-01
   4.7850533e-01   3.1373262e-01
   7.4820534e-01   1.4039958e-01
   8.0566506e-01   1.0778739e-01
   6.5548170e-01   1.9579323e-01
   6.2710670e-01   2.1351892e-01
   4.0542197e-01   3.6878264e-01
   4.1340282e-01   3.6254161e-01
   3.9131510e-01   3.7996661e-01
   4.3588083e-01   3.4528103e-01
   7.3186606e-01   1.4990028e-01
   4.1940912e-01   3.5788438e-01
   4.9972011e-01   2.9855545e-01
   6.1785281e-01   2.1938624e-01
   7.6777192e-01   1.2915789e-01
   8.5218459e-01   8.2228338e-02
   4.6715798e-01   3.2198900e-01
   7.7920893e-01   1.2265326e-01
   4.5599058e-01   3.3021306e-01
   7.9969651e-01   1.1111956e-01
   4.3055174e-01   3.4933208e-01
   6.3644010e-01   2.0764491e-01
   6.6032305e-01   1.9280750e-01
   6.8002779e-01   1.8076688e-01
   9.4496135e-01   3.3259509e-02
   9.3038473e-01   4.0788567e-02
   5.1351544e-01   2.8885874e-01
   6.4115293e-01   2.0469526e-01
   4.8232670e-01   3.1097429e-01
   4.7093712e-01   3.1922824e-01
   4.7468788e-01   3.1649916e-01
   9.1611486e-01   4.8216571e-02
   6.9263017e-01   1.7315754e-01
   7.5373865e-01   1.3720573e-01
   6.9773543e-01   1.7009471e-01
   6.8504155e-01   1.7773118e-01
   4.8805886e-01   3.0685714e-01
   7.0805956e-01   1.6393497e-01
   7.5933137e-01   1.3398949e-01
   7.8791407e-01   1.1773429e-01
   8.2081977e-01   9.9381774e-02
   5.7997746e-01   2.4387190e-01
   6.7504962e-01   1.8379214e-01
   4.9581846e-01   3.0132215e-01
   6.4588080e-01   2.0173180e-01
   4.0920064e-01   3.6580485e-01
   6.7008931e-01   1.8680239e-01
   3.9355766e-01   3.7816009e-01
   9.0211667e-01   5.5544338e-02
   5.0756431e-01   2.9301031e-01
   6.4113674e-01   2.0469010e-01
   7.1064613e-01   1.6238351e-01
   5.5856846e-01   2.5805210e-01
   4.7850187e-01   3.1371985e-01
   4.1977401e-01   3.5758725e-01
   5.9756747e-01   2.3238852e-01
   6.9516009e-01   1.7162306e-01
   6.0486584e-01   2.2767989e-01
   3.7479896e-01   3.9330517e-01
   6.2709091e-01   2.1351362e-01
   3.6162647e-01   4.0416825e-01
   5.1949953e-01   2.8467785e-01
   4.5598776e-01   3.3019987e-01
   3.6638800e-01   4.0021900e-01
   7.5929747e-01   1.3399367e-01
   5.4601104e-01   2.6650538e-01
   7.1852049e-01   1.5772401e-01
   3.8844530e-01   3.8225111e-01
   5.3162021e-01   2.7631343e-01
   8.3944041e-01   8.9144114e-02
   9.1608830e-01   4.8215174e-02
   5.6492715e-01   2.5380789e-01
   3.4691925e-01   4.1653386e-01
   9.4493356e-01   3.3258531e-02
   5.3570621e-01   2.7351525e-01
   3.9875321e-01   3.7402968e-01
   4.0398008e-01   3.6990147e-01
   8.7834279e-01   6.8147286e-02
   4.3950121e-01   3.4252775e-01
   5.5226341e-01   2.6228444e-01
   4.2511642e-01   3.5347456e-01
   4.9581012e-01   3.0131280e-01
   5.4186918e-01   2.6931485e-01
   6.9007360e-01   1.7468029e-01
   5.7134065e-01   2.4955126e-01
   6.6518079e-01   1.8980738e-01
   7.2382021e-01   1.5460238e-01
   5.8814738e-04   1.0050329e+00
   1.0005881e+00   5.0328941e-03
   3.4215121e-01   4.2059892e-01
   4.6717638e-01   3.2196025e-01
   5.7781077e-01   2.4528121e-01
   5.1350862e-01   2.8884823e-01
   8.6840513e-01   7.3465944e-02
   7.2916084e-01   1.5146819e-01
   6.8001028e-01   1.8076223e-01
   8.3005465e-01   9.4282377e-02
   6.5065673e-01   1.9876459e-01
   4.3410918e-01   3.4660975e-01
   6.1105697e-01   2.2370785e-01
   3.5332457e-01   4.1111672e-01
   6.8502386e-01   1.7772659e-01
   7.8497869e-01   1.1937464e-01
   6.6030621e-01   1.9280259e-01
   6.3174230e-01   2.1058078e-01
   7.0544573e-01   1.6547493e-01
   8.4895810e-01   8.3962889e-02
   4.7281585e-01   3.1784464e-01
   7.7631071e-01   1.2428176e-01
   5.0166677e-01   2.9716382e-01
   6.5546503e-01   1.9578826e-01
   6.7503228e-01   1.8378742e-01
   4.6155914e-01   3.2608445e-01
   7.9375818e-01   1.1443196e-01
   6.2246967e-01   2.1643825e-01
   4.8422969e-01   3.0958948e-01
   4.1447448e-01   3.6169291e-01
   8.8842907e-01   6.2779784e-02
   6.1787786e-01   2.1935503e-01
   3.6987429e-01   3.9734372e-01
   9.7893706e-01   1.5917676e-02
   3.5824858e-01   4.0698571e-01
   9.5983413e-01   2.5621856e-02
   8.2079709e-01   9.9379020e-02
   7.3454308e-01   1.4832120e-01
   6.3642358e-01   2.0764000e-01
   8.0265225e-01   1.0945258e-01
   7.6775125e-01   1.2915442e-01
   5.9092317e-01   2.3670027e-01
   7.5371896e-01   1.3720179e-01
   7.4818539e-01   1.4039583e-01
   3.8330893e-01   3.8638858e-01
   3.7825405e-01   3.9048762e-01
   8.1166411e-01   1.0443534e-01
   9.3035625e-01   4.0788061e-02
   5.8433755e-01   2.4099795e-01
   4.4497007e-01   3.3841312e-01
   8.5861165e-01   7.8737313e-02
   4.5045548e-01   3.3431139e-01
   4.8999888e-01   3.0545393e-01
   5.2553537e-01   2.8050048e-01
   7.0028393e-01   1.6855469e-01
   4.3048095e-01   3.4937079e-01
   7.3996762e-01   1.4516112e-01
   3.9358799e-01   3.7513856e-01
   5.3116337e-01   2.7362961e-01
   8.8345054e-01   6.2427982e-02
   1.0005881e+00   2.0355555e-03
   7.6652037e-01   1.2686002e-01
   4.4479500e-01   3.3554711e-01
   4.0393871e-01   3.6693670e-01
   3.9874839e-01   3.7103615e-01
   3.5990511e-01   4.0260503e-01
   5.8814738e-04   1.0020356e+00
   1.9005272e-01   5.6676027e-01
   3.1614658e-01   4.4028968e-01
   3.2092366e-01   4.3605365e-01
   4.7822327e-01   3.1092404e-01
   6.9416338e-01   1.6922391e-01
   3.5495125e-01   4.0675151e-01
   7.3341884e-01   1.4598025e-01
   9.5053817e-01   2.7381758e-02
   6.4267695e-01   2.0073112e-01
   7.2538713e-01   1.5068428e-01
   5.5592098e-01   2.5682899e-01
   5.4965458e-01   2.6104539e-01
   7.7505248e-01   1.2199900e-01
   6.5700572e-01   1.9183955e-01
   7.4154550e-01   1.4124676e-01
   7.5809366e-01   1.3168763e-01
   7.9244441e-01   1.1217250e-01
   7.4976958e-01   1.3648288e-01
   9.7320059e-01   1.5824400e-02
   3.6988345e-01   3.9433883e-01
   7.8369284e-01   1.1710353e-01
   4.3394687e-01   3.4373569e-01
   4.8968156e-01   3.0268342e-01
   4.8393173e-01   3.0680639e-01
   3.8845686e-01   3.7924449e-01
   5.3727685e-01   2.6944515e-01
   5.0130874e-01   2.9441942e-01
   7.1744800e-01   1.5535979e-01
   4.3935339e-01   3.3964198e-01
   8.1029362e-01   1.0219920e-01
   3.3378963e-01   4.2479948e-01
   8.1939779e-01   9.7154547e-02
   1.8487180e-01   5.7275284e-01
   3.2573024e-01   4.3182323e-01
   3.0055018e-01   4.5434766e-01
   5.6224054e-01   2.5260084e-01
   7.0183832e-01   1.6462874e-01
   6.8657226e-01   1.7379398e-01
   3.7828115e-01   3.8746823e-01
   5.1908193e-01   2.8197043e-01
   3.6488141e-01   3.9846844e-01
   3.2898095e-01   4.2897988e-01
   3.8335444e-01   3.8335446e-01
   5.9467829e-01   2.3126312e-01
   4.7255532e-01   3.1503688e-01
   4.0915958e-01   3.6283963e-01
   8.9702709e-01   5.5230961e-02
   5.7504391e-01   2.4410696e-01
   5.0718789e-01   2.9027735e-01
   3.4511487e-01   4.1507156e-01
   5.6861448e-01   2.4836034e-01
   3.1133004e-01   4.4459328e-01
   4.6692706e-01   3.1914543e-01
   5.1311197e-01   2.8612786e-01
   2.9642051e-01   4.5813082e-01
   8.3798253e-01   8.6943000e-02
   8.2862622e-01   9.2069580e-02
   5.2509873e-01   2.7780453e-01
   6.7906292e-01   1.7833976e-01
   3.3862727e-01   4.2062423e-01
   4.5027242e-01   3.3145053e-01
   6.0357671e-01   2.2551218e-01
   5.4344023e-01   2.6525059e-01
   6.1713436e-01   2.1683099e-01
   4.1793465e-01   3.5601195e-01
   4.6133769e-01   3.2325021e-01
   9.2861814e-01   3.8692422e-02
   6.6428188e-01   1.8736155e-01
   4.9547360e-01   2.9855460e-01
   6.7163342e-01   1.8286203e-01
   4.1441164e-01   3.5874442e-01
   9.1088406e-01   4.7941266e-02
   4.2857471e-01   3.4782874e-01
   7.0959914e-01   1.6000765e-01
   4.2323695e-01   3.5192110e-01
   4.5578639e-01   3.2735175e-01
   6.3095327e-01   2.0808019e-01
   3.0650420e-01   4.4893878e-01
   6.3796283e-01   2.0367806e-01
   8.4747046e-01   8.1773465e-02
   6.4980538e-01   1.9629538e-01
   5.8807425e-01   2.3555914e-01
   8.0131027e-01   1.0720478e-01
   3.5001201e-01   4.1091470e-01
   8.6033255e-01   7.4811526e-02
   5.8153008e-01   2.3984008e-01
   6.1032362e-01   2.2117995e-01
   6.2401038e-01   2.1246464e-01
   8.7014308e-01   6.9536260e-02
   3.7323748e-01   3.9158545e-01
   9.1130091e-01   4.5947945e-02
   1.8487180e-01   5.7097794e-01
   5.8814738e-04   1.0002607e+00
   1.0005881e+00   2.6066043e-04
   8.9744012e-01   5.3237973e-02
   9.6981140e-01   1.5769291e-02
   6.9970530e-01   1.6412840e-01
   2.7372312e-01   4.7763750e-01
   7.3924578e-01   1.4080872e-01
   7.6411297e-01   1.2646159e-01
   8.8386059e-01   6.0434912e-02
   9.4726498e-01   2.7287469e-02
   7.5572284e-01   1.3127580e-01
   8.3525441e-01   8.6659949e-02
   8.1675490e-01   9.6841185e-02
   4.1683933e-01   3.5508535e-01
   8.7055087e-01   6.7542740e-02
   5.6487902e-01   2.4906769e-01
   7.8992284e-01   1.1181556e-01
   3.1225758e-01   4.4198704e-01
   4.2212766e-01   3.5099992e-01
   8.0769201e-01   1.0187106e-01
   9.2904098e-01   3.6698085e-02
   8.2594117e-01   9.1771241e-02
   1.9159539e-01   5.6321691e-01
   7.9874909e-01   1.0686212e-01
   7.8121008e-01   1.1673254e-01
   8.5750017e-01   7.4565232e-02
   4.0289231e-01   3.6598614e-01
   5.0579614e-01   2.8948081e-01
   7.4743465e-01   1.3605784e-01
   2.9026027e-01   4.6204869e-01
   6.5746230e-01   1.8978293e-01
   7.7260777e-01   1.2161419e-01
   5.7770923e-01   2.4057580e-01
   5.1169944e-01   2.8534018e-01
   2.7989902e-01   4.7176197e-01
   6.2910429e-01   2.0747056e-01
   3.1699296e-01   4.3776194e-01
   5.3577840e-01   2.6869367e-01
   5.4604178e-01   2.6171233e-01
   7.3115369e-01   1.4552939e-01
   6.9206195e-01   1.6871162e-01
   6.0406661e-01   2.2342190e-01
   6.4788261e-01   1.9571454e-01
   3.5406012e-01   4.0572557e-01
   5.1764833e-01   2.8119169e-01
   3.0598482e-01   4.4763360e-01
   7.0743397e-01   1.5951943e-01
   5.4191958e-01   2.6450837e-01
   2.8576163e-01   4.6624430e-01
   3.0122807e-01   4.5195424e-01
   4.6567376e-01   3.1828880e-01
   5.2364380e-01   2.7703479e-01
   6.3843124e-01   2.0160987e-01
   4.3280336e-01   3.4282990e-01
   3.9771852e-01   3.7007785e-01
   3.9257448e-01   3.7417255e-01
   6.8450187e-01   1.7326990e-01
   2.9503747e-01   4.5762882e-01
   7.1525011e-01   1.5488384e-01
   4.0809647e-01   3.6189687e-01
   4.9993751e-01   2.9361410e-01
   8.4469831e-01   8.1505978e-02
   5.9738692e-01   2.2773314e-01
   3.2813652e-01   4.2794224e-01
   6.1989800e-01   2.1329824e-01
   5.2968682e-01   2.7286897e-01
   3.2175817e-01   4.3354202e-01
   6.7702305e-01   1.7780403e-01
   6.1080879e-01   2.1909446e-01
   4.2744877e-01   3.4691494e-01
   5.7126613e-01   2.4482834e-01
   3.8745951e-01   3.7827082e-01
   3.6064673e-01   4.0021184e-01
   3.3455750e-01   4.2235984e-01
   3.7563650e-01   3.8784874e-01
   4.6195582e-01   3.2102015e-01
   5.5226799e-01   2.5750912e-01
   4.7693162e-01   3.1008425e-01
   7.2315592e-01   1.5022080e-01
   6.6473371e-01   1.8530940e-01
   3.7061227e-01   3.9196458e-01
   3.4751714e-01   4.1125388e-01
   3.4101517e-01   4.1679942e-01
   4.5641061e-01   3.2511441e-01
   4.9412264e-01   2.9774056e-01
   6.6962356e-01   1.8231481e-01
   4.4543149e-01   3.3329489e-01
   4.5090275e-01   3.2920582e-01
   4.3819211e-01   3.3874425e-01
   4.1158311e-01   3.5917177e-01
   5.9076835e-01   2.3202879e-01
   4.8262055e-01   3.0597512e-01
   3.6561619e-01   3.9608515e-01
   5.5854669e-01   2.5329443e-01
   4.8835061e-01   3.0186073e-01
   3.8068423e-01   3.8374133e-01
   4.7128296e-01   3.1418864e-01
   5.8420955e-01   2.3630948e-01
   9.1130091e-01   4.5947945e-02
   1.8487180e-01   5.7097794e-01
   5.8814738e-04   1.0002607e+00
   1.0005881e+00   2.6066043e-04
   8.9744012e-01   5.3237973e-02
   9.6981140e-01   1.5769291e-02
   3.0126949e-01   4.5191648e-01
   7.0743397e-01   1.5951943e-01
   7.3924578e-01   1.4080872e-01
   7.6411297e-01   1.2646159e-01
   8.8386059e-01   6.0434912e-02
   9.4726498e-01   2.7287469e-02
   7.5572284e-01   1.3127580e-01
   8.3525441e-01   8.6659949e-02
   8.1675490e-01   9.6841185e-02
   8.5750017e-01   7.4565232e-02
   7.2315592e-01   1.5022080e-01
   4.7128296e-01   3.1418864e-01
   7.8992284e-01   1.1181556e-01
   6.2910429e-01   2.0747056e-01
   9.2904098e-01   3.6698085e-02
   5.2364380e-01   2.7703479e-01
   5.2968682e-01   2.7286897e-01
   8.2594117e-01   9.1771241e-02
   1.9159539e-01   5.6321691e-01
   7.9874909e-01   1.0686212e-01
   7.8121008e-01   1.1673254e-01
   8.0769201e-01   1.0187106e-01
   7.3115369e-01   1.4552939e-01
   8.4469831e-01   8.1505978e-02
   5.0579614e-01   2.8948081e-01
   3.1699701e-01   4.3775834e-01
   5.9738692e-01   2.2773314e-01
   7.7260777e-01   1.2161419e-01
   6.8450187e-01   1.7326990e-01
   6.6230152e-01   1.8680299e-01
   2.7964966e-01   4.7199793e-01
   7.1525011e-01   1.5488384e-01
   6.4788261e-01   1.9571454e-01
   8.7055087e-01   6.7542740e-02
   6.9970530e-01   1.6412840e-01
   6.3843124e-01   2.0160987e-01
   3.7061236e-01   3.9196451e-01
   6.6962356e-01   1.8231481e-01
   3.4101667e-01   4.1679814e-01
   3.0596755e-01   4.4764922e-01
   6.1080879e-01   2.1909446e-01
   2.7351453e-01   4.7783710e-01
   5.5435501e-01   2.5610553e-01
   5.1764833e-01   2.8119169e-01
   6.1989800e-01   2.1329824e-01
   4.9412264e-01   2.9774056e-01
   4.0635834e-01   3.6325973e-01
   5.3577840e-01   2.6869367e-01
   3.8745955e-01   3.7827079e-01
   4.1683933e-01   3.5508535e-01
   5.1169944e-01   2.8534018e-01
   2.9037411e-01   4.6194294e-01
   4.7693162e-01   3.1008425e-01
   4.8835061e-01   3.0186073e-01
   4.3459577e-01   3.4146811e-01
   4.5090275e-01   3.2920582e-01
   6.5505513e-01   1.9126933e-01
   3.4751712e-01   4.1125389e-01
   3.5406013e-01   4.0572556e-01
   6.7702305e-01   1.7780403e-01
   2.8576163e-01   4.6624430e-01
   5.4191958e-01   2.6450837e-01
   3.2813828e-01   4.2794071e-01
   2.6625423e-01   4.8483261e-01
   7.4743465e-01   1.3605784e-01
   3.6561668e-01   3.9608475e-01
   6.0406661e-01   2.2342190e-01
   5.6065145e-01   2.5188689e-01
   3.6064698e-01   4.0021164e-01
   5.4811142e-01   2.6031250e-01
   3.1225758e-01   4.4198704e-01
   2.9503747e-01   4.5762882e-01
   3.8237314e-01   3.8237314e-01
   3.2175792e-01   4.3354223e-01
   4.1158311e-01   3.5917177e-01
   5.8420955e-01   2.3630948e-01
   4.9993751e-01   2.9361410e-01
   6.9206195e-01   1.6871162e-01
   5.9076835e-01   2.3202879e-01
   4.6195582e-01   3.2102015e-01
   4.3999607e-01   3.3738215e-01
   4.8262055e-01   3.0597512e-01
   3.9428589e-01   3.7280728e-01
   3.9943978e-01   3.6871364e-01
   5.6700191e-01   2.4765601e-01
   5.7340755e-01   2.4341232e-01
   4.4543149e-01   3.3329489e-01
   4.2390630e-01   3.4963162e-01
   3.7563457e-01   3.8785032e-01
   4.2922988e-01   3.4555330e-01
   4.6753916e-01   3.1692252e-01
   4.5641061e-01   3.2511441e-01
   5.7986959e-01   2.3915525e-01
   3.3455750e-01   4.2235984e-01
   9.1130091e-01   4.5947945e-02
   1.8487180e-01   5.7097794e-01
   5.8814738e-04   1.0002607e+00
   1.0005881e+00   2.6066043e-04
   8.9744012e-01   5.3237973e-02
   9.6981140e-01   1.5769291e-02
   7.7260777e-01   1.2161419e-01
   7.0743397e-01   1.5951943e-01
   7.3924578e-01   1.4080872e-01
   7.6411297e-01   1.2646159e-01
   8.8386059e-01   6.0434912e-02
   9.4726498e-01   2.7287469e-02
   7.5572284e-01   1.3127580e-01
   3.0127388e-01   4.5191248e-01
   5.2364380e-01   2.7703479e-01
   8.5750017e-01   7.4565232e-02
   7.2315592e-01   1.5022080e-01
   5.0579614e-01   2.8948081e-01
   7.8992284e-01   1.1181556e-01
   1.9159539e-01   5.6321691e-01
   9.2904098e-01   3.6698085e-02
   2.9503747e-01   4.5762882e-01
   5.2968682e-01   2.7286897e-01
   3.3455746e-01   4.2235988e-01
   5.6065145e-01   2.5188689e-01
   7.9874909e-01   1.0686212e-01
   7.8121008e-01   1.1673254e-01
   8.4469831e-01   8.1505978e-02
   7.3115369e-01   1.4552939e-01
   5.7340755e-01   2.4341232e-01
   5.7986959e-01   2.3915525e-01
   5.1764833e-01   2.8119169e-01
   6.4788261e-01   1.9571454e-01
   5.4191958e-01   2.6450837e-01
   6.8450187e-01   1.7326990e-01
   6.6230152e-01   1.8680299e-01
   5.6700191e-01   2.4765601e-01
   7.1525011e-01   1.5488384e-01
   4.2922988e-01   3.4555330e-01
   8.7055087e-01   6.7542740e-02
   4.9412264e-01   2.9774056e-01
   6.3843124e-01   2.0160987e-01
   6.9970530e-01   1.6412840e-01
   4.8262055e-01   3.0597512e-01
   5.4811142e-01   2.6031250e-01
   3.4751712e-01   4.1125389e-01
   4.3459577e-01   3.4146811e-01
   5.1169944e-01   2.8534018e-01
   6.5505513e-01   1.9126933e-01
   5.3577840e-01   2.6869367e-01
   6.1989800e-01   2.1329824e-01
   2.7351453e-01   4.7783710e-01
   4.8835061e-01   3.0186073e-01
   6.0183317e-01   2.2486075e-01
   3.1225699e-01   4.4198757e-01
   4.5090275e-01   3.2920582e-01
   6.7702305e-01   1.7780403e-01
   3.1699724e-01   4.3775813e-01
   2.5371036e-01   4.9714813e-01
   6.1080879e-01   2.1909446e-01
   6.6962356e-01   1.8231481e-01
   2.9039287e-01   4.6192552e-01
   7.4743465e-01   1.3605784e-01
   5.8638926e-01   2.3488421e-01
   3.8237314e-01   3.8237314e-01
   3.5406013e-01   4.0572556e-01
   5.5435501e-01   2.5610553e-01
   4.3999607e-01   3.3738215e-01
   2.6082660e-01   4.9012494e-01
   3.2175788e-01   4.3354227e-01
   3.0596858e-01   4.4764829e-01
   4.9993751e-01   2.9361410e-01
   2.4678874e-01   5.0407461e-01
   3.4101666e-01   4.1679814e-01
   6.9206195e-01   1.6871162e-01
   4.5641061e-01   3.2511441e-01
   5.9296783e-01   2.3059860e-01
   8.0769201e-01   1.0187106e-01
   3.9600056e-01   3.7144239e-01
   4.2389769e-01   3.4963824e-01
   3.2813828e-01   4.2794071e-01
   4.4543149e-01   3.3329489e-01
   6.2910429e-01   2.0747056e-01
   4.0116437e-01   3.6734975e-01
   2.8576163e-01   4.6624430e-01
   4.6195582e-01   3.2102015e-01
   4.0635834e-01   3.6325973e-01
   3.6064698e-01   4.0021163e-01
   3.6727917e-01   3.9471048e-01
   3.8916133e-01   3.7690428e-01
   2.7960702e-01   4.7203829e-01
   3.7731463e-01   3.8648017e-01
   4.1333165e-01   3.5780949e-01
   8.1980413e-01   9.5155150e-02
   2.6728009e-01   4.8383841e-01
   4.1859850e-01   3.5372346e-01
   4.6940889e-01   3.1555581e-01
   3.7228345e-01   3.9059247e-01
   8.3213434e-01   8.8369113e-02
   4.7504430e-01   3.1145288e-01
   9.1130091e-01   4.5947945e-02
   1.8487180e-01   5.7097794e-01
   5.8814738e-04   1.0002607e+00
   1.0005881e+00   2.6066043e-04
   8.9744012e-01   5.3237973e-02
   9.6981140e-01   1.5769291e-02
   5.1764833e-01   2.8119169e-01
   7.0743397e-01   1.5951943e-01
   7.3924578e-01   1.4080872e-01
   5.0579614e-01   2.8948081e-01
   8.8386059e-01   6.0434912e-02
   9.4726498e-01   2.7287469e-02
   5.2364380e-01   2.7703479e-01
   6.9970530e-01   1.6412840e-01
   8.5750017e-01   7.4565232e-02
   2.4788995e-01   5.0296618e-01
   7.2315592e-01   1.5022080e-01
   5.1169944e-01   2.8534018e-01
   8.3213566e-01   8.8368389e-02
   8.4469831e-01   8.1505978e-02
   9.2904098e-01   3.6698085e-02
   6.7702305e-01   1.7780403e-01
   5.2968682e-01   2.7286897e-01
   6.8450187e-01   1.7326990e-01
   5.6065145e-01   2.5188689e-01
   7.1525011e-01   1.5488384e-01
   5.3577840e-01   2.6869367e-01
   8.0769201e-01   1.0187106e-01
   7.3115369e-01   1.4552939e-01
   5.7340755e-01   2.4341232e-01
   5.7986959e-01   2.3915525e-01
   5.4191958e-01   2.6450837e-01
   3.2175786e-01   4.3354229e-01
   6.4788261e-01   1.9571454e-01
   3.8068390e-01   3.8374160e-01
   6.6230152e-01   1.8680299e-01
   5.6700191e-01   2.4765601e-01
   6.1989800e-01   2.1329824e-01
   4.8835061e-01   3.0186073e-01
   8.7055087e-01   6.7542740e-02
   4.9412264e-01   2.9774056e-01
   6.3843124e-01   2.0160987e-01
   4.3999607e-01   3.3738215e-01
   4.8262055e-01   3.0597512e-01
   5.9296783e-01   2.3059860e-01
   6.5505513e-01   1.9126933e-01
   1.9190141e-01   5.6286694e-01
   5.5435501e-01   2.5610553e-01
   6.9206195e-01   1.6871162e-01
   6.0183317e-01   2.2486075e-01
   8.1980311e-01   9.5155718e-02
   4.2389769e-01   3.4963824e-01
   4.5090275e-01   3.2920582e-01
   3.3455746e-01   4.2235988e-01
   2.4158643e-01   5.0934490e-01
   5.8638926e-01   2.3488421e-01
   7.7260777e-01   1.2161419e-01
   7.6130476e-01   1.2806996e-01
   4.6195582e-01   3.2102015e-01
   7.9579420e-01   1.0851739e-01
   2.7349080e-01   4.7785981e-01
   6.1080879e-01   2.1909446e-01
   4.5641061e-01   3.2511441e-01
   4.7504430e-01   3.1145288e-01
   3.9086630e-01   3.7553820e-01
   3.2813828e-01   4.2794070e-01
   4.3459577e-01   3.4146811e-01
   2.6133054e-01   4.8963125e-01
   4.9993751e-01   2.9361410e-01
   3.0596844e-01   4.4764841e-01
   2.5386619e-01   4.9699329e-01
   3.6064698e-01   4.0021163e-01
   3.6727900e-01   3.9471062e-01
   2.8576214e-01   4.6624381e-01
   3.0127449e-01   4.5191192e-01
   3.9600056e-01   3.7144239e-01
   4.4543149e-01   3.3329489e-01
   3.1225725e-01   4.4198734e-01
   2.3612969e-01   5.1493444e-01
   3.4751712e-01   4.1125389e-01
   4.1333165e-01   3.5780949e-01
   4.6940889e-01   3.1555581e-01
   6.6962356e-01   1.8231481e-01
   3.1699726e-01   4.3775812e-01
   3.5406013e-01   4.0572556e-01
   3.4101666e-01   4.1679814e-01
   7.5018622e-01   1.3446734e-01
   4.2922988e-01   3.4555330e-01
   5.4811142e-01   2.6031250e-01
   3.7395751e-01   3.8922108e-01
   2.6740566e-01   4.8371685e-01
   2.9039443e-01   4.6192408e-01
   2.9504545e-01   4.5762146e-01
   3.8576093e-01   3.7963776e-01
   2.7961237e-01   4.7203323e-01
   4.1859850e-01   3.5372346e-01
   7.8410192e-01   1.1509753e-01
   4.0809633e-01   3.6189698e-01
   4.0116437e-01   3.6734975e-01
   6.2910429e-01   2.0747056e-01
   9.1130091e-01   4.5947945e-02
   1.8487180e-01   5.7097794e-01
   5.8814738e-04   1.0002607e+00
   1.0005881e+00   2.6066043e-04
   8.9744012e-01   5.3237973e-02
   9.6981140e-01   1.5769291e-02
   9.4726498e-01   2.7287469e-02
   7.0743397e-01   1.5951943e-01
   7.3924578e-01   1.4080872e-01
   5.0579614e-01   2.8948081e-01
   8.8386059e-01   6.0434912e-02
   5.9296783e-01   2.3059860e-01
   5.2364380e-01   2.7703479e-01
   6.9970530e-01   1.6412840e-01
   8.5750017e-01   7.4565232e-02
   5.1169944e-01   2.8534018e-01
   7.2315592e-01   1.5022080e-01
   5.8638926e-01   2.3488421e-01
   8.3213566e-01   8.8368389e-02
   8.4469831e-01   8.1505978e-02
   9.2904098e-01   3.6698085e-02
   8.0769201e-01   1.0187106e-01
   2.4778058e-01   5.0307616e-01
   6.8450187e-01   1.7326990e-01
   5.6065145e-01   2.5188689e-01
   7.1525011e-01   1.5488384e-01
   5.3577840e-01   2.6869367e-01
   5.4191958e-01   2.6450837e-01
   7.3115369e-01   1.4552939e-01
   5.7340755e-01   2.4341232e-01
   5.7986959e-01   2.3915525e-01
   8.7055087e-01   6.7542740e-02
   8.1980311e-01   9.5155718e-02
   6.4788261e-01   1.9571454e-01
   7.7260777e-01   1.2161419e-01
   6.6230152e-01   1.8680299e-01
   5.6700191e-01   2.4765601e-01
   6.1989800e-01   2.1329824e-01
   4.8835061e-01   3.0186073e-01
   7.8410192e-01   1.1509753e-01
   3.1699726e-01   4.3775812e-01
   6.3843124e-01   2.0160987e-01
   4.3999607e-01   3.3738215e-01
   4.8262055e-01   3.0597512e-01
   2.3958532e-01   5.1138729e-01
   6.5505513e-01   1.9126933e-01
   1.9190141e-01   5.6286694e-01
   6.0183317e-01   2.2486075e-01
   6.9206195e-01   1.6871162e-01
   2.3288676e-01   5.1828700e-01
   5.1764833e-01   2.8119169e-01
   3.6064698e-01   4.0021163e-01
   4.5090275e-01   3.2920582e-01
   7.5018622e-01   1.3446734e-01
   6.6962356e-01   1.8231481e-01
   3.4101666e-01   4.1679814e-01
   4.1859850e-01   3.5372346e-01
   4.7504430e-01   3.1145288e-01
   4.6195582e-01   3.2102015e-01
   3.0596845e-01   4.4764841e-01
   6.7702305e-01   1.7780403e-01
   4.5641061e-01   3.2511441e-01
   3.8068390e-01   3.8374160e-01
   4.3459577e-01   3.4146811e-01
   3.5406013e-01   4.0572556e-01
   5.2968682e-01   2.7286897e-01
   2.5386619e-01   4.9699330e-01
   6.1080879e-01   2.1909446e-01
   4.9993751e-01   2.9361410e-01
   4.9412264e-01   2.9774056e-01
   2.7961207e-01   4.7203351e-01
   3.4751712e-01   4.1125389e-01
   4.2922988e-01   3.4555330e-01
   3.3455746e-01   4.2235988e-01
   7.6130476e-01   1.2806996e-01
   2.9039471e-01   4.6192381e-01
   4.1333165e-01   3.5780949e-01
   2.6133054e-01   4.8963125e-01
   2.9504543e-01   4.5762148e-01
   3.6727900e-01   3.9471062e-01
   4.2389769e-01   3.4963824e-01
   3.2813828e-01   4.2794070e-01
   3.1225726e-01   4.4198733e-01
   4.4543149e-01   3.3329489e-01
   6.2910429e-01   2.0747056e-01
   3.2175786e-01   4.3354229e-01
   2.7349167e-01   4.7785898e-01
   3.0127456e-01   4.5191185e-01
   7.9579420e-01   1.0851739e-01
   5.4811142e-01   2.6031250e-01
   2.8576224e-01   4.6624372e-01
   4.0289230e-01   3.6598615e-01
   3.8576094e-01   3.7963775e-01
   3.7395751e-01   3.8922108e-01
   4.0809647e-01   3.6189687e-01
   5.5435501e-01   2.5610553e-01
   4.6753917e-01   3.1692251e-01
   3.9257013e-01   3.7417601e-01
   2.6740042e-01   4.8372192e-01
   3.9771846e-01   3.7007790e-01
   9.1130091e-01   4.5947945e-02
   1.8487180e-01   5.7097794e-01
   5.8814738e-04   1.0002607e+00
   1.0005881e+00   2.6066043e-04
   8.9744012e-01   5.3237973e-02
   9.6981140e-01   1.5769291e-02
   9.4726498e-01   2.7287469e-02
   8.8386059e-01   6.0434912e-02
   5.3577840e-01   2.6869367e-01
   5.0579614e-01   2.8948081e-01
   5.4191958e-01   2.6450837e-01
   5.9296783e-01   2.3059860e-01
   5.2364380e-01   2.7703479e-01
   5.5435501e-01   2.5610553e-01
   8.5750017e-01   7.4565232e-02
   5.1169944e-01   2.8534018e-01
   5.1764833e-01   2.8119169e-01
   5.8638926e-01   2.3488421e-01
   8.3213566e-01   8.8368389e-02
   8.4469831e-01   8.1505978e-02
   9.2904098e-01   3.6698085e-02
   8.0769201e-01   1.0187106e-01
   2.2968842e-01   5.2161646e-01
   5.6065145e-01   2.5188689e-01
   3.8745955e-01   3.7827079e-01
   7.5018622e-01   1.3446734e-01
   5.7340755e-01   2.4341232e-01
   3.1699726e-01   4.3775812e-01
   4.4543149e-01   3.3329489e-01
   4.0809647e-01   3.6189687e-01
   5.7986959e-01   2.3915525e-01
   8.7055087e-01   6.7542740e-02
   8.1980311e-01   9.5155718e-02
   6.0183317e-01   2.2486075e-01
   7.7260777e-01   1.2161419e-01
   6.6230152e-01   1.8680299e-01
   5.6700191e-01   2.4765601e-01
   6.1989800e-01   2.1329824e-01
   4.8835061e-01   3.0186073e-01
   7.8410192e-01   1.1509753e-01
   5.2968682e-01   2.7286897e-01
   6.3843124e-01   2.0160987e-01
   4.3999607e-01   3.3738215e-01
   4.2922988e-01   3.4555330e-01
   6.5505513e-01   1.9126933e-01
   7.9579420e-01   1.0851739e-01
   2.9039495e-01   4.6192359e-01
   3.8068390e-01   3.8374160e-01
   4.1859850e-01   3.5372346e-01
   3.6727900e-01   3.9471062e-01
   2.3288658e-01   5.1828718e-01
   2.4013065e-01   5.1082986e-01
   4.5090275e-01   3.2920582e-01
   3.4751712e-01   4.1125389e-01
   5.4811142e-01   2.6031250e-01
   7.6130476e-01   1.2806996e-01
   7.0227194e-01   1.6259498e-01
   4.6195582e-01   3.2102015e-01
   3.2175786e-01   4.3354229e-01
   4.9993751e-01   2.9361410e-01
   3.9771852e-01   3.7007785e-01
   4.5641061e-01   3.2511441e-01
   3.0596845e-01   4.4764841e-01
   4.3459577e-01   3.4146811e-01
   1.9218518e-01   5.6254268e-01
   2.6133054e-01   4.8963125e-01
   4.2389769e-01   3.4963824e-01
   3.1225726e-01   4.4198733e-01
   3.5406013e-01   4.0572556e-01
   4.9412264e-01   2.9774056e-01
   2.7349167e-01   4.7785898e-01
   2.4778060e-01   5.0307614e-01
   6.4788261e-01   1.9571454e-01
   4.7504430e-01   3.1145288e-01
   6.6962356e-01   1.8231481e-01
   2.7961207e-01   4.7203351e-01
   4.8071972e-01   3.0734539e-01
   3.3455746e-01   4.2235988e-01
   2.8576224e-01   4.6624372e-01
   7.1787490e-01   1.5333283e-01
   3.4101666e-01   4.1679814e-01
   3.7395751e-01   3.8922108e-01
   2.5379858e-01   4.9706046e-01
   2.9504543e-01   4.5762148e-01
   3.6064698e-01   4.0021163e-01
   2.6740042e-01   4.8372192e-01
   6.2910429e-01   2.0747056e-01
   4.0289231e-01   3.6598614e-01
   3.9257447e-01   3.7417255e-01
   3.0127457e-01   4.5191185e-01
   6.1080879e-01   2.1909446e-01
   4.1333165e-01   3.5780949e-01
   7.2581151e-01   1.4866019e-01
   3.2813828e-01   4.2794070e-01
   4.6753916e-01   3.1692252e-01
   6.8676766e-01   1.7190113e-01
   6.9459905e-01   1.6718749e-01
   7.1002814e-01   1.5797805e-01
   6.7922812e-01   1.7646458e-01
   7.3653779e-01   1.4238559e-01
   1.0000000e+00   2.6066043e-04
   9.2849444e-01   3.6676496e-02
   6.4748685e-01   1.9559499e-01
   1.8428365e-01   5.7097794e-01
   8.3164295e-01   8.8316065e-02
   9.6924150e-01   1.5760024e-02
   7.8363509e-01   1.1502900e-01
   8.0721253e-01   1.0181059e-01
   8.5699358e-01   7.4521181e-02
   2.8554790e-01   4.6589383e-01
   5.0547186e-01   2.8929522e-01
   8.9691138e-01   5.3206607e-02
   8.7003708e-01   6.7502877e-02
   7.7214707e-01   1.2154167e-01
   6.3804030e-01   2.0148641e-01
   4.3970444e-01   3.3715853e-01
   5.9259994e-01   2.3045553e-01
   8.8333942e-01   6.0399277e-02
   3.6702349e-01   3.9443603e-01
   5.4776605e-01   2.6014848e-01
   9.1076439e-01   4.5920894e-02
   5.2935065e-01   2.7269579e-01
   4.8040789e-01   3.0714603e-01
   8.1931708e-01   9.5099304e-02
   9.4670805e-01   2.7271425e-02
   8.4419874e-01   8.1457774e-02
   3.6039478e-01   3.9993176e-01
   2.6112619e-01   4.8925558e-01
   5.8602468e-01   2.3473818e-01
   6.1951649e-01   2.1316696e-01
   5.1137222e-01   2.8515772e-01
   5.5400651e-01   2.5594453e-01
   5.6029980e-01   2.5172890e-01
   2.2801699e-01   5.2274942e-01
   5.6664707e-01   2.4750102e-01
   2.6719490e-01   4.8335167e-01
   4.7285335e-01   3.1261733e-01
   4.4513716e-01   3.3307466e-01
   1.9186159e-01   5.6224058e-01
   6.2871810e-01   2.0734320e-01
   4.9380416e-01   2.9754866e-01
   5.1731816e-01   2.8101233e-01
   2.1375855e-01   5.3792036e-01
   7.9532112e-01   1.0845288e-01
   4.1831748e-01   3.5348599e-01
   4.5060571e-01   3.2898895e-01
   4.6165330e-01   3.2080992e-01
   5.3543919e-01   2.6852356e-01
   6.1043188e-01   2.1895926e-01
   4.0782066e-01   3.6165228e-01
   3.7369867e-01   3.8895168e-01
   3.9230637e-01   3.7391701e-01
   6.5706163e-01   1.8966728e-01
   2.9327497e-01   4.5871199e-01
   3.4077429e-01   4.1650190e-01
   3.2470901e-01   4.3042822e-01
   4.9961615e-01   2.9342536e-01
   4.3430682e-01   3.4124107e-01
   3.0731162e-01   4.4590372e-01
   7.6085006e-01   1.2799347e-01
   5.2331064e-01   2.7685853e-01
   5.7304950e-01   2.4326033e-01
   4.5611084e-01   3.2490087e-01
   6.9672703e-01   1.6555890e-01
   2.3413789e-01   5.1638269e-01
   4.1305324e-01   3.5756848e-01
   2.5359315e-01   4.9668033e-01
   6.0146080e-01   2.2472162e-01
   2.4758670e-01   5.0267982e-01
   5.4157730e-01   2.6434130e-01
   4.0261908e-01   3.6573794e-01
   7.4973739e-01   1.3438689e-01
   5.7950829e-01   2.3900624e-01
   3.1360632e-01   4.4025502e-01
   4.2361403e-01   3.4940428e-01
   3.1993678e-01   4.3463111e-01
   3.4727149e-01   4.1096321e-01
   2.2028511e-01   5.3091525e-01
   4.6723388e-01   3.1671558e-01
   2.7328302e-01   4.7749588e-01
   3.0105225e-01   4.5157837e-01
   3.2950268e-01   4.2623742e-01
   4.2894358e-01   3.4532281e-01
   2.0798629e-01   5.4420553e-01
   2.4010723e-01   5.1025329e-01
   3.9744786e-01   3.6982600e-01
   2.7940044e-01   4.7167723e-01
   3.5381123e-01   4.0544033e-01
   7.3609614e-01   1.4230021e-01
   7.2537548e-01   1.4857088e-01
   3.3431833e-01   4.2205799e-01
   6.7661234e-01   1.7769617e-01
   3.8042171e-01   3.8347730e-01
   6.8659691e-01   1.7164923e-01
   7.1481959e-01   1.5479062e-01
   4.8803500e-01   3.0166564e-01
   5.4704453e-27   1.0002607e+00
   6.6676872e-01   1.8370159e-01
   7.0442303e-01   1.6096153e-01
   3.8549623e-01   3.7937724e-01
