   6.2567070e+00   4.5393475e+00
   5.9283265e+00   6.0100149e+00
   6.4553191e+00   5.6191493e+00
   6.8488834e+00   4.7382256e+00
   7.1022924e+00   6.6762153e+00
   6.2446151e+00   6.6929532e+00
   6.3096895e+00   5.8823408e+00
   6.8782907e+00   4.3770525e+00
   6.9988283e+00   6.1765053e+00
   7.1130799e+00   6.3527128e+00
   7.4517656e+00   5.3666517e+00
   6.3474340e+00   5.5166724e+00
   7.4489501e+00   4.3664119e+00
   6.1550352e+00   5.1946548e+00
   7.6072093e+00   5.5825202e+00
   7.6815493e+00   5.5766893e+00
   6.2255934e+00   4.6957119e+00
   7.9575475e+00   5.7658322e+00
   7.2940503e+00   4.8897419e+00
   8.1416635e+00   4.8574523e+00
   7.2822860e+00   4.9324535e+00
   6.1377314e+00   6.9732963e+00
   6.5028365e+00   6.6902250e+00
   7.3006665e+00   5.3165762e+00
   8.5526393e+00   5.4499884e+00
   8.3101229e+00   5.8171491e+00
   6.5946179e+00   6.6975134e+00
   6.8435740e+00   4.8945735e+00
   6.6674438e+00   4.9899706e+00
   7.8436351e+00   5.6207711e+00
   7.6645297e+00   6.1198995e+00
   5.7158030e+00   4.7528665e+00
   7.3587728e+00   5.2787805e+00
   7.1630875e+00   5.6763902e+00
   6.0413725e+00   6.4177375e+00
   7.6629161e+00   4.4746855e+00
   8.9262970e+00   4.7706027e+00
   7.3224923e+00   3.8611342e+00
   5.5128789e+00   5.3597882e+00
   6.7053466e+00   6.9447084e+00
   6.5184765e+00   5.9240044e+00
   7.0052132e+00   5.1697191e+00
   5.8284314e+00   4.9604528e+00
   6.2730974e+00   4.5645725e+00
   6.4468038e+00   4.9859763e+00
   6.4427629e+00   5.1155164e+00
   7.1528162e+00   4.9079704e+00
   8.0278366e+00   5.0238064e+00
   6.4838919e+00   6.2092816e+00
   6.2863730e+00   4.2968215e+00
   6.3429962e+00   5.9440678e+00
   7.2301273e+00   5.1795749e+00
   7.4567323e+00   5.7796492e+00
   6.5588556e+00   6.5763421e+00
   7.5139758e+00   4.7676618e+00
   7.4997181e+00   6.3082781e+00
   6.5123250e+00   5.3011803e+00
   7.0311199e+00   5.0473195e+00
   7.4992744e+00   6.2328036e+00
   6.0851182e+00   5.3707724e+00
   6.9290709e+00   4.9372940e+00
   6.5547960e+00   5.1436447e+00
   6.9011946e+00   4.6624797e+00
   7.2736462e+00   4.8843199e+00
   7.0830720e+00   6.8766187e+00
   5.5140443e+00   5.3377898e+00
   5.9482575e+00   6.1135350e+00
   6.3690776e+00   5.2785391e+00
   8.1854901e+00   5.1225577e+00
   7.2491224e+00   4.3707895e+00
   7.9445066e+00   6.5873787e+00
   6.5306945e+00   5.2114355e+00
   6.1888317e+00   4.5697120e+00
   8.9913692e+00   5.6840463e+00
   6.1662494e+00   5.8594683e+00
   6.8534782e+00   6.0271905e+00
   6.0371929e+00   5.1671415e+00
   5.6739955e+00   7.7041897e+00
   8.1519252e+00   6.2589842e+00
   6.6277351e+00   6.1613208e+00
   6.6677820e+00   5.0967346e+00
   6.9430033e+00   5.9121352e+00
   7.2934176e+00   6.6956260e+00
   7.2773335e+00   5.8825280e+00
   6.3550088e+00   7.0989136e+00
   6.7509918e+00   5.2511663e+00
   8.4071046e+00   4.8615826e+00
   5.6144466e+00   6.0095920e+00
   4.9705268e+00   5.5978220e+00
   7.1023489e+00   4.1076561e+00
   6.3963762e+00   5.4003281e+00
   7.7519226e+00   5.6301547e+00
   6.4372112e+00   4.3097812e+00
   6.7275381e+00   6.1804804e+00
   6.5869291e+00   6.1605783e+00
   7.0978144e+00   5.2786135e+00
   7.2494840e+00   3.9855984e+00
   6.5111106e+00   4.3432535e+00
   6.4023771e+00   5.7640170e+00
   7.1262847e+00   4.1347334e+00
   4.2877018e-01   3.4519455e-01
   6.5918658e-01   1.8809694e-01
   5.0526751e-01   2.8917829e-01
   3.8831449e-01   3.7685115e-01
   6.2613646e-01   2.0871215e-01
   4.4133424e-01   3.3567008e-01
   5.3930308e-01   2.6562742e-01
   9.4992815e-01   2.5357425e-02
   6.6403719e-01   1.8511523e-01
   8.9990156e-01   5.1368588e-02
   7.5215243e-01   1.3273278e-01
   5.8359991e-01   2.3606289e-01
   7.1711920e-01   1.5317109e-01
   5.0919405e-01   2.8642166e-01
   7.2239379e-01   1.5006248e-01
   8.8965208e-01   5.6786303e-02
   7.7750427e-01   1.1823798e-01
   9.2088436e-01   4.0372801e-02
   6.2153834e-01   2.1162297e-01
   5.2510398e-01   2.7535941e-01
   4.9747365e-01   2.9468188e-01
   4.1284627e-01   3.5746885e-01
   4.2347770e-01   3.4924836e-01
   4.8975682e-01   3.0017372e-01
   3.9386812e-01   3.7241087e-01
   4.9360569e-01   2.9742923e-01
   6.8629150e-01   1.7157288e-01
   3.8146320e-01   3.8237293e-01
   6.5436926e-01   1.9106906e-01
   8.7955724e-01   6.2152867e-02
   7.5770512e-01   1.2953741e-01
   5.7067010e-01   2.4457290e-01
   5.1710768e-01   2.8089800e-01
   9.1031060e-01   4.5898013e-02
   7.6330345e-01   1.2632761e-01
   7.6894821e-01   1.2310308e-01
   6.3076447e-01   2.0579318e-01
   6.4011201e-01   1.9993000e-01
   4.0806386e-01   3.6120124e-01
   5.6217507e-01   2.5021665e-01
   6.3542283e-01   2.0286586e-01
   4.7643210e-01   3.0975939e-01
   9.6874425e-01   1.5751939e-02
   9.3524829e-01   3.2917642e-02
   4.8021643e-01   3.0702350e-01
   8.4063311e-01   8.3139538e-02
   5.0136081e-01   2.9193164e-01
   4.1820876e-01   3.5330938e-01
   5.6641034e-01   2.4739762e-01
   6.0791887e-01   2.2030848e-01
   5.7495471e-01   2.4174232e-01
   5.7926452e-01   2.3890571e-01
   6.9133503e-01   1.6853441e-01
   5.2109535e-01   2.7813065e-01
   4.4677007e-01   3.3159139e-01
   5.4961299e-01   2.5864112e-01
   8.6961234e-01   6.7469923e-02
   4.3591363e-01   3.3976244e-01
   4.8590837e-01   3.0292872e-01
   8.5981287e-01   7.2739050e-02
   6.4483248e-01   1.9698538e-01
   8.3124471e-01   8.8273775e-02
   5.3517240e-01   2.6844522e-01
   7.1188473e-01   1.5626738e-01
   6.1242998e-01   2.1742094e-01
   4.0420816e-01   3.6422633e-01
   7.4118078e-01   1.3908143e-01
   5.1314067e-01   2.8366163e-01
   6.1696966e-01   2.1452584e-01
   5.8796126e-01   2.3321368e-01
   7.0153353e-01   1.6242402e-01
   7.0668972e-01   1.5935160e-01
   7.2770918e-01   1.4694128e-01
   5.9455276e-01   2.2892752e-01
   5.5377662e-01   2.5583831e-01
   6.7879418e-01   1.7611033e-01
   4.5226222e-01   3.2749556e-01
   5.2913384e-01   2.7258413e-01
   8.5015450e-01   7.7961767e-02
   7.8616959e-01   1.1333795e-01
   6.0343591e-01   2.2318862e-01
   8.0384019e-01   1.0342865e-01
   3.9913542e-01   3.6822835e-01
   6.9641550e-01   1.6548487e-01
   4.6518891e-01   3.1795241e-01
   4.5961704e-01   3.2204938e-01
   6.6892164e-01   1.8212370e-01
   7.4664457e-01   1.3591402e-01
   5.9898063e-01   2.2606161e-01
   8.2198551e-01   9.3365837e-02
   4.7083286e-01   3.1382739e-01
   7.3576031e-01   1.4223529e-01
   5.4547087e-01   2.6144000e-01
   6.4958473e-01   1.9403180e-01
   1.0000000e+00   6.2891084e-25
   6.2801911e-25   1.0000000e+00
   6.7384045e-01   1.7912215e-01
   5.5796390e-01   2.5303018e-01
   7.9494719e-01   1.0840189e-01
   8.1285184e-01   9.8417038e-02
   8.5981287e-01   7.2739050e-02
   8.6961234e-01   6.7469923e-02
   8.7955724e-01   6.2152867e-02
   8.8965208e-01   5.6786303e-02
   4.7643203e-01   3.0975944e-01
   8.4063311e-01   8.3139538e-02
   6.7879419e-01   1.7611033e-01
   7.6894821e-01   1.2310308e-01
   8.5015450e-01   7.7961767e-02
   8.9990156e-01   5.1368588e-02
   6.5436926e-01   1.9106906e-01
   5.1909892e-01   2.7951480e-01
   3.8365654e-01   3.8059985e-01
   9.4622779e-01   2.7257591e-02
   7.9494719e-01   1.0840189e-01
   7.8616959e-01   1.1333795e-01
   8.1285184e-01   9.8417038e-02
   8.3124471e-01   8.8273775e-02
   3.4450166e-01   4.1305736e-01
   5.4961274e-01   2.5864129e-01
   6.6403719e-01   1.8511523e-01
   9.6874425e-01   1.5751939e-02
   6.9387061e-01   1.6701104e-01
   5.6217507e-01   2.5021665e-01
   6.7384045e-01   1.7912215e-01
   3.9386735e-01   3.7241148e-01
   8.2198551e-01   9.3365837e-02
   4.5225906e-01   3.2749791e-01
   7.3846518e-01   1.4066003e-01
   3.7857001e-01   3.8471957e-01
   6.3542283e-01   2.0286586e-01
   9.2802770e-01   3.6658059e-02
   4.3593257e-01   3.3974810e-01
   4.0766388e-01   3.6151439e-01
   3.6188966e-01   3.9842734e-01
   9.1381662e-01   4.4062437e-02
   5.8142900e-01   2.3748508e-01
   3.3526201e-01   4.2098186e-01
   3.5690279e-01   4.0258659e-01
   8.0384019e-01   1.0342865e-01
   7.2770918e-01   1.4694128e-01
   4.2878312e-01   3.4518467e-01
   6.5918658e-01   1.8809694e-01
   6.8880868e-01   1.7005501e-01
   7.3306608e-01   1.4380722e-01
   6.4483248e-01   1.9698538e-01
   5.9455277e-01   2.2892752e-01
   5.6853714e-01   2.4598598e-01
   7.7750427e-01   1.1823798e-01
   4.4678105e-01   3.3158317e-01
   7.5215243e-01   1.3273278e-01
   3.2174585e-01   4.3277355e-01
   4.1289483e-01   3.5743107e-01
   6.4958473e-01   1.9403180e-01
   4.7078901e-01   3.1385934e-01
   6.8378341e-01   1.7308803e-01
   4.2345043e-01   3.4926931e-01
   4.0247477e-01   3.6559101e-01
   4.4133919e-01   3.3566635e-01
   3.7351876e-01   3.8883819e-01
   4.1815669e-01   3.5334964e-01
   7.4390722e-01   1.3749944e-01
   3.8874943e-01   3.7650226e-01
   3.0879478e-01   4.4430693e-01
   3.6690888e-01   3.9426996e-01
   3.4739481e-01   4.1059792e-01
   4.9747368e-01   2.9468186e-01
   3.5199930e-01   4.0670471e-01
   5.0331172e-01   2.9055535e-01
   4.8783959e-01   3.0154486e-01
   6.6892164e-01   1.8212370e-01
   5.4341020e-01   2.6283639e-01
   5.0919051e-01   2.8642414e-01
   6.2153834e-01   2.1162297e-01
   7.0410681e-01   1.6088927e-01
   3.2723625e-01   4.2795433e-01
   5.5586732e-01   2.5443490e-01
   5.7495471e-01   2.4174232e-01
   3.1130907e-01   4.4204922e-01
   2.6601474e-25   1.0000000e+00
   1.0000000e+00   3.5769234e-25
   5.3115687e-01   2.7119490e-01
   3.9730488e-01   3.6967875e-01
   5.3725860e-01   2.6702074e-01
   4.8211528e-01   3.0565478e-01
   6.1469632e-01   2.1597429e-01
   6.9896978e-01   1.6395587e-01
   7.0928234e-01   1.5781098e-01
   5.1509870e-01   2.8229623e-01
   4.5961640e-01   3.2204985e-01
   7.1449699e-01   1.5472076e-01
   5.8796126e-01   2.3321368e-01
   6.2853999e-01   2.0719486e-01
   7.6049853e-01   1.2793433e-01
   4.6518537e-01   3.1795501e-01
   4.9360574e-01   2.9742919e-01
   5.2510399e-01   2.7535941e-01
   7.1975140e-01   1.5161836e-01
   6.0120486e-01   2.2462599e-01
   6.0791887e-01   2.2030847e-01
   8.5981287e-01   7.2739050e-02
   8.6961234e-01   6.7469923e-02
   8.7955724e-01   6.2152867e-02
   8.8965208e-01   5.6786303e-02
   7.8616959e-01   1.1333795e-01
   8.4063311e-01   8.3139538e-02
   5.9455277e-01   2.2892752e-01
   7.6894821e-01   1.2310308e-01
   8.5015450e-01   7.7961767e-02
   8.9990156e-01   5.1368588e-02
   3.0593305e-01   4.4688785e-01
   7.6049853e-01   1.2793433e-01
   8.1285184e-01   9.8417038e-02
   9.4622779e-01   2.7257591e-02
   7.9494719e-01   1.0840189e-01
   8.3124471e-01   8.8273775e-02
   9.2802770e-01   3.6658059e-02
   5.6853714e-01   2.4598598e-01
   4.2345042e-01   3.4926932e-01
   3.5367921e-01   4.0529065e-01
   5.8142900e-01   2.3748508e-01
   9.6874425e-01   1.5751939e-02
   8.0384019e-01   1.0342865e-01
   7.4390722e-01   1.3749944e-01
   3.8365673e-01   3.8059970e-01
   3.1665519e-01   4.3727877e-01
   8.2198551e-01   9.3365837e-02
   9.1381662e-01   4.4062437e-02
   6.0791887e-01   2.2030847e-01
   7.7750427e-01   1.1823798e-01
   3.0059609e-01   4.5173356e-01
   3.2616826e-01   4.2888858e-01
   5.8796126e-01   2.3321368e-01
   7.3576031e-01   1.4223529e-01
   5.3930354e-01   2.6562711e-01
   7.5215243e-01   1.3273278e-01
   3.3741349e-01   4.1912696e-01
   5.1116484e-01   2.8504207e-01
   2.9621622e-01   4.5574251e-01
   3.3098946e-01   4.2468316e-01
   7.2770918e-01   1.4694128e-01
   4.4678107e-01   3.3158316e-01
   6.3542283e-01   2.0286586e-01
   4.9941483e-01   2.9330712e-01
   3.4877334e-01   4.0942965e-01
   5.3318530e-01   2.6980461e-01
   6.2844670e-01   2.0725370e-01
   4.8211528e-01   3.0565478e-01
   7.0410681e-01   1.6088927e-01
   6.2153834e-01   2.1162297e-01
   4.0766456e-01   3.6151385e-01
   4.4133914e-01   3.3566639e-01
   4.5225904e-01   3.2749793e-01
   6.8880868e-01   1.7005501e-01
   2.6328444e-01   4.8688749e-01
   3.4385492e-01   4.1360856e-01
   4.7643203e-01   3.0975944e-01
   4.9360581e-01   2.9742914e-01
   5.7495471e-01   2.4174232e-01
   4.1289466e-01   3.5743120e-01
   3.5861129e-01   4.0115837e-01
   3.7859383e-01   3.8470021e-01
   4.6518539e-01   3.1795500e-01
   4.3593253e-01   3.3974813e-01
   2.9212198e-01   4.5951691e-01
   3.9729663e-01   3.6968529e-01
   3.1186490e-01   4.4155134e-01
   4.7078901e-01   3.1385934e-01
   3.7355841e-01   3.8880575e-01
   3.8704782e-01   3.7786832e-01
   5.0526753e-01   2.8917827e-01
   4.2877741e-01   3.4518903e-01
   6.0120486e-01   2.2462599e-01
   6.4483248e-01   1.9698538e-01
   3.2141414e-01   4.3306602e-01
   3.6854984e-01   3.9291694e-01
   4.1815639e-01   3.5334987e-01
   5.1710768e-01   2.8089800e-01
   7.1975144e-01   1.5161834e-01
   2.6601474e-25   1.0000000e+00
   6.1469622e-01   2.1597435e-01
   3.6356776e-01   3.9703419e-01
   3.9215755e-01   3.7377516e-01
   4.8783959e-01   3.0154486e-01
   5.5796394e-01   2.5303016e-01
   5.4547200e-01   2.6143924e-01
   6.8128433e-01   1.7460051e-01
   5.5169176e-01   2.5724044e-01
   5.2309703e-01   2.7674553e-01
   5.6428968e-01   2.4880783e-01
   7.1188473e-01   1.5626738e-01
   4.0246542e-01   3.6559837e-01
   6.5197262e-01   1.9255178e-01
   6.9641550e-01   1.6548487e-01
   5.2913386e-01   2.7258412e-01
   6.7384038e-01   1.7912219e-01
   1.0000000e+00   3.2922098e-25
   6.5918512e-01   1.8809784e-01
   4.5778986e-01   3.2339830e-01
   6.6647515e-01   1.8362071e-01
   6.9641550e-01   1.6548487e-01
   7.9494719e-01   1.0840189e-01
   7.1975144e-01   1.5161834e-01
   8.1285184e-01   9.8417038e-02
   7.8616959e-01   1.1333795e-01
   8.4063311e-01   8.3139538e-02
   5.6428967e-01   2.4880784e-01
   7.6894821e-01   1.2310308e-01
   8.5015450e-01   7.7961767e-02
   7.1188473e-01   1.5626738e-01
   9.6874425e-01   1.5751939e-02
   7.6049853e-01   1.2793433e-01
   7.2770918e-01   1.4694128e-01
   9.4622779e-01   2.7257591e-02
   8.0384019e-01   1.0342865e-01
   8.3124471e-01   8.8273775e-02
   9.2802770e-01   3.6658059e-02
   5.0526753e-01   2.8917827e-01
   5.1710768e-01   2.8089800e-01
   6.8880868e-01   1.7005501e-01
   4.9941483e-01   2.9330712e-01
   7.7750427e-01   1.1823798e-01
   7.3576031e-01   1.4223529e-01
   7.4390722e-01   1.3749944e-01
   3.2618509e-01   4.2887384e-01
   8.2198551e-01   9.3365837e-02
   6.7384045e-01   1.7912215e-01
   5.4135405e-01   2.6423234e-01
   4.3593253e-01   3.3974813e-01
   2.7570581e-01   4.7492304e-01
   5.1116484e-01   2.8504207e-01
   3.8704754e-01   3.7786855e-01
   8.6306347e-01   7.0987905e-02
   6.4483248e-01   1.9698538e-01
   7.0410681e-01   1.6088927e-01
   7.5215243e-01   1.3273278e-01
   6.5197293e-01   1.9255159e-01
   4.7078901e-01   3.1385934e-01
   6.8128433e-01   1.7460051e-01
   6.5918658e-01   1.8809694e-01
   6.6647515e-01   1.8362071e-01
   2.8689058e-01   4.6437832e-01
   8.7622584e-01   6.3930641e-02
   2.8041654e-01   4.7045629e-01
   5.9015178e-01   2.3178663e-01
   2.5608492e-01   4.9395166e-01
   4.5225904e-01   3.2749793e-01
   6.3542283e-01   2.0286586e-01
   9.1031060e-01   4.5898013e-02
   4.4133914e-01   3.3566639e-01
   2.5965973e-01   4.9043182e-01
   4.9360581e-01   2.9742914e-01
   8.9305115e-01   5.4986164e-02
   4.8211528e-01   3.0565478e-01
   3.1191379e-01   4.4150757e-01
   5.3521920e-01   2.6841323e-01
   3.4389080e-01   4.1357797e-01
   5.2309703e-01   2.7674553e-01
   4.0940445e-01   3.6015279e-01
   2.9625289e-01   4.5570882e-01
   4.1464503e-01   3.5607064e-01
   3.2140816e-01   4.3307129e-01
   3.3098430e-01   4.2468765e-01
   3.7691243e-01   3.8606806e-01
   5.7710644e-01   2.4032478e-01
   2.6758937e-01   4.8270959e-01
   5.7067010e-01   2.4457290e-01
   3.7187097e-01   3.9018776e-01
   3.3741820e-01   4.1912291e-01
   6.2613646e-01   2.0871215e-01
   4.8783959e-01   3.0154486e-01
   4.3056051e-01   3.4382890e-01
   4.0419507e-01   3.6423663e-01
   4.4678107e-01   3.3158316e-01
   4.1991745e-01   3.5198962e-01
   4.2522238e-01   3.4790922e-01
   3.0094757e-01   4.5141311e-01
   3.6025983e-01   3.9978352e-01
   4.7643203e-01   3.0975944e-01
   2.6601474e-25   1.0000000e+00
   4.6332613e-01   3.1931936e-01
   3.9386723e-01   3.7241158e-01
   3.1664987e-01   4.3728349e-01
   3.0719068e-01   4.4575215e-01
   2.9156275e-01   4.6003450e-01
   5.2913387e-01   2.7258411e-01
   4.5777381e-01   3.2341016e-01
   6.0343592e-01   2.2318862e-01
   3.9901626e-01   3.6832266e-01
   6.1017747e-01   2.1886143e-01
   3.5040486e-01   4.0804995e-01
   3.5531983e-01   4.0391290e-01
   5.4961274e-01   2.5864129e-01
   3.6686474e-01   3.9430639e-01
   5.9676333e-01   2.2749541e-01
   5.8359991e-01   2.3606289e-01
   1.0000000e+00   3.2922098e-25
   6.1696974e-01   2.1452579e-01
   3.8196602e-01   3.8196600e-01
   5.5796394e-01   2.5303016e-01
   6.9641550e-01   1.6548487e-01
   7.9494719e-01   1.0840189e-01
   7.1975144e-01   1.5161834e-01
   8.1285184e-01   9.8417038e-02
   7.8616959e-01   1.1333795e-01
   8.4063311e-01   8.3139538e-02
   3.8196601e-01   3.8196601e-01
   7.6894821e-01   1.2310308e-01
   8.5015450e-01   7.7961767e-02
   9.6874425e-01   1.5751939e-02
   4.5777381e-01   3.2341016e-01
   7.6049853e-01   1.2793433e-01
   7.2770918e-01   1.4694128e-01
   9.4622779e-01   2.7257591e-02
   8.0384019e-01   1.0342865e-01
   8.3124471e-01   8.8273775e-02
   9.2802770e-01   3.6658059e-02
   2.8082158e-01   4.7007399e-01
   7.4390722e-01   1.3749944e-01
   6.8880868e-01   1.7005501e-01
   3.3098431e-01   4.2468764e-01
   7.7750427e-01   1.1823798e-01
   7.3576031e-01   1.4223529e-01
   6.8128433e-01   1.7460051e-01
   8.9305115e-01   5.4986164e-02
   8.2198551e-01   9.3365837e-02
   3.5696476e-01   4.0253472e-01
   2.9162018e-01   4.5998131e-01
   3.2140823e-01   4.3307123e-01
   5.4135405e-01   2.6423234e-01
   3.2618547e-01   4.2887351e-01
   4.4133914e-01   3.3566639e-01
   8.6306347e-01   7.0987905e-02
   5.1710768e-01   2.8089800e-01
   7.0410681e-01   1.6088927e-01
   7.5215243e-01   1.3273278e-01
   9.1031060e-01   4.5898013e-02
   5.3521920e-01   2.6841323e-01
   6.3542283e-01   2.0286586e-01
   6.5918658e-01   1.8809694e-01
   5.1116484e-01   2.8504207e-01
   5.2913387e-01   2.7258411e-01
   8.7622584e-01   6.3930641e-02
   2.6219335e-01   4.8795181e-01
   6.4483248e-01   1.9698538e-01
   2.5608492e-01   4.9395166e-01
   3.1665194e-01   4.3728165e-01
   3.0719412e-01   4.4574905e-01
   3.1191672e-01   4.4150495e-01
   4.0940445e-01   3.6015279e-01
   6.6647515e-01   1.8362071e-01
   4.7078901e-01   3.1385934e-01
   5.4753950e-01   2.6004088e-01
   5.2309703e-01   2.7674553e-01
   4.0419507e-01   3.6423662e-01
   4.2522238e-01   3.4790922e-01
   5.0526753e-01   2.8917827e-01
   4.9360581e-01   2.9742914e-01
   6.1696966e-01   2.1452584e-01
   4.4678107e-01   3.3158316e-01
   4.3056051e-01   3.4382890e-01
   4.8783959e-01   3.0154486e-01
   4.8211528e-01   3.0565478e-01
   4.1991745e-01   3.5198962e-01
   2.9627316e-01   4.5569019e-01
   4.6332613e-01   3.1931936e-01
   2.8541441e-01   4.6575810e-01
   3.9901624e-01   3.6832268e-01
   3.7691235e-01   3.8606812e-01
   3.0250340e-01   4.4999691e-01
   3.5040620e-01   4.0804882e-01
   5.5586732e-01   2.5443490e-01
   4.9941483e-01   2.9330712e-01
   3.6688630e-01   3.9428860e-01
   4.1464503e-01   3.5607064e-01
   4.3593253e-01   3.3974813e-01
   3.8704754e-01   3.7786855e-01
   6.7384045e-01   1.7912215e-01
   4.5225904e-01   3.2749793e-01
   2.6601474e-25   1.0000000e+00
   2.6822046e-01   4.8209995e-01
   4.7643203e-01   3.0975944e-01
   3.7188598e-01   3.9017545e-01
   3.6191275e-01   3.9840815e-01
   3.3741738e-01   4.1912361e-01
   7.1188473e-01   1.5626738e-01
   2.7461666e-01   4.7596120e-01
   5.6217507e-01   2.5021665e-01
   6.2613646e-01   2.0871215e-01
   3.9386732e-01   3.7241151e-01
   5.8142900e-01   2.3748508e-01
   6.5197293e-01   1.9255159e-01
   5.8796126e-01   2.3321368e-01
   3.4389084e-01   4.1357793e-01
   6.0120486e-01   2.2462599e-01
   5.9455277e-01   2.2892752e-01
   5.7495471e-01   2.4174232e-01
   5.6853714e-01   2.4598598e-01
   6.0791883e-01   2.2030850e-01
   1.0000000e+00   2.7975968e-25
   6.9641550e-01   1.6548487e-01
   7.9494719e-01   1.0840189e-01
   7.1975144e-01   1.5161834e-01
   8.1285184e-01   9.8417038e-02
   7.8616959e-01   1.1333795e-01
   8.4063311e-01   8.3139538e-02
   4.2522238e-01   3.4790922e-01
   7.6894821e-01   1.2310308e-01
   8.5015450e-01   7.7961767e-02
   9.6874425e-01   1.5751939e-02
   4.5777381e-01   3.2341016e-01
   7.6049853e-01   1.2793433e-01
   7.2770918e-01   1.4694128e-01
   9.4622779e-01   2.7257591e-02
   8.0384019e-01   1.0342865e-01
   8.3124471e-01   8.8273775e-02
   9.2802770e-01   3.6658059e-02
   2.8082158e-01   4.7007399e-01
   7.4390722e-01   1.3749944e-01
   6.8880868e-01   1.7005501e-01
   3.3098431e-01   4.2468764e-01
   7.7750427e-01   1.1823798e-01
   7.3576031e-01   1.4223529e-01
   6.8128433e-01   1.7460051e-01
   8.9305115e-01   5.4986164e-02
   8.2198551e-01   9.3365837e-02
   3.5696476e-01   4.0253472e-01
   2.9162018e-01   4.5998131e-01
   3.2140823e-01   4.3307123e-01
   5.4135405e-01   2.6423234e-01
   3.2618547e-01   4.2887351e-01
   3.9901624e-01   3.6832268e-01
   8.6306347e-01   7.0987905e-02
   5.3521920e-01   2.6841323e-01
   3.3741733e-01   4.1912365e-01
   7.5215243e-01   1.3273278e-01
   9.1031060e-01   4.5898013e-02
   3.9386732e-01   3.7241151e-01
   4.3593253e-01   3.3974813e-01
   4.4678107e-01   3.3158316e-01
   6.5918658e-01   1.8809694e-01
   5.2913387e-01   2.7258411e-01
   8.7622584e-01   6.3930641e-02
   2.6219335e-01   4.8795181e-01
   4.9941483e-01   2.9330712e-01
   2.5608492e-01   4.9395166e-01
   3.1665194e-01   4.3728165e-01
   4.8783959e-01   3.0154486e-01
   7.1188473e-01   1.5626738e-01
   4.7643203e-01   3.0975944e-01
   3.6191275e-01   3.9840815e-01
   6.7384045e-01   1.7912215e-01
   5.4753950e-01   2.6004088e-01
   5.2309703e-01   2.7674553e-01
   4.0419507e-01   3.6423662e-01
   6.0791887e-01   2.2030847e-01
   5.0526753e-01   2.8917827e-01
   4.9360581e-01   2.9742914e-01
   4.5225904e-01   3.2749793e-01
   3.1191656e-01   4.4150510e-01
   5.6641034e-01   2.4739762e-01
   3.8365673e-01   3.8059970e-01
   3.7691235e-01   3.8606812e-01
   6.1696966e-01   2.1452584e-01
   2.9627316e-01   4.5569019e-01
   4.6332613e-01   3.1931936e-01
   6.4483248e-01   1.9698538e-01
   4.0940445e-01   3.6015279e-01
   6.2613646e-01   2.0871215e-01
   3.6688630e-01   3.9428860e-01
   3.5040622e-01   4.0804880e-01
   5.1116484e-01   2.8504207e-01
   5.6006651e-01   2.5162408e-01
   4.1991745e-01   3.5198962e-01
   4.1464503e-01   3.5607064e-01
   3.7188598e-01   3.9017545e-01
   5.5377661e-01   2.5583832e-01
   2.8545526e-01   4.6571987e-01
   5.1710768e-01   2.8089800e-01
   2.6601474e-25   1.0000000e+00
   4.3056051e-01   3.4382890e-01
   2.6847916e-01   4.8185025e-01
   3.0250472e-01   4.4999571e-01
   4.8211528e-01   3.0565478e-01
   3.4389084e-01   4.1357794e-01
   5.9234893e-01   2.3035792e-01
   7.0410681e-01   1.6088927e-01
   4.7078901e-01   3.1385934e-01
   5.8577732e-01   2.3463909e-01
   4.4133914e-01   3.3566639e-01
   6.5197293e-01   1.9255159e-01
   5.7280928e-01   2.4315835e-01
   5.9898068e-01   2.2606158e-01
   3.8874768e-01   3.7650366e-01
   3.0719991e-01   4.4574382e-01
   6.3542283e-01   2.0286586e-01
   5.7926452e-01   2.3890571e-01
   6.6647515e-01   1.8362071e-01
   2.7469953e-01   4.7588215e-01
   1.0000000e+00   2.7975968e-25
   6.9641550e-01   1.6548487e-01
   7.9494719e-01   1.0840189e-01
   7.1975144e-01   1.5161834e-01
   8.1285184e-01   9.8417038e-02
   7.8616959e-01   1.1333795e-01
   8.4063311e-01   8.3139538e-02
   4.2522238e-01   3.4790922e-01
   7.6894821e-01   1.2310308e-01
   8.5015450e-01   7.7961767e-02
   9.6874425e-01   1.5751939e-02
   4.5777381e-01   3.2341016e-01
   7.6049853e-01   1.2793433e-01
   7.2770918e-01   1.4694128e-01
   9.4622779e-01   2.7257591e-02
   8.0384019e-01   1.0342865e-01
   8.3124471e-01   8.8273775e-02
   9.2802770e-01   3.6658059e-02
   2.8082158e-01   4.7007399e-01
   7.4390722e-01   1.3749944e-01
   6.8880868e-01   1.7005501e-01
   3.3098431e-01   4.2468764e-01
   7.7750427e-01   1.1823798e-01
   7.3576031e-01   1.4223529e-01
   6.8128433e-01   1.7460051e-01
   8.9305115e-01   5.4986164e-02
   8.2198551e-01   9.3365837e-02
   3.5696476e-01   4.0253472e-01
   2.9162018e-01   4.5998131e-01
   3.2140823e-01   4.3307123e-01
   5.4135405e-01   2.6423234e-01
   3.2618547e-01   4.2887351e-01
   4.8783959e-01   3.0154486e-01
   8.6306347e-01   7.0987905e-02
   5.3521920e-01   2.6841323e-01
   4.1464503e-01   3.5607064e-01
   7.5215243e-01   1.3273278e-01
   9.1031060e-01   4.5898013e-02
   3.9386732e-01   3.7241151e-01
   4.3593253e-01   3.3974813e-01
   4.4678107e-01   3.3158316e-01
   5.6006651e-01   2.5162408e-01
   4.7078901e-01   3.1385934e-01
   8.7622584e-01   6.3930641e-02
   2.6219335e-01   4.8795181e-01
   2.5608492e-01   4.9395166e-01
   4.5225904e-01   3.2749793e-01
   6.1696966e-01   2.1452584e-01
   5.4753950e-01   2.6004088e-01
   5.1116484e-01   2.8504207e-01
   5.5377661e-01   2.5583832e-01
   6.6647515e-01   1.8362071e-01
   6.7384045e-01   1.7912215e-01
   5.1710768e-01   2.8089800e-01
   5.2309703e-01   2.7674553e-01
   4.0419507e-01   3.6423662e-01
   6.0791887e-01   2.2030847e-01
   5.0526753e-01   2.8917827e-01
   4.9360581e-01   2.9742914e-01
   3.1191656e-01   4.4150510e-01
   5.6641034e-01   2.4739762e-01
   4.6332613e-01   3.1931936e-01
   5.8577732e-01   2.3463909e-01
   3.1665211e-01   4.3728150e-01
   2.9627316e-01   4.5569019e-01
   2.6847916e-01   4.8185025e-01
   5.7280928e-01   2.4315835e-01
   6.4483248e-01   1.9698538e-01
   3.0250472e-01   4.4999571e-01
   6.2613646e-01   2.0871215e-01
   3.0720069e-01   4.4574312e-01
   3.5040622e-01   4.0804880e-01
   4.1991745e-01   3.5198962e-01
   5.2913387e-01   2.7258411e-01
   6.3542283e-01   2.0286586e-01
   5.7926452e-01   2.3890571e-01
   4.9941483e-01   2.9330712e-01
   3.8365673e-01   3.8059970e-01
   2.7469953e-01   4.7588215e-01
   6.5918658e-01   1.8809694e-01
   2.6601474e-25   1.0000000e+00
   4.3056051e-01   3.4382890e-01
   7.0410681e-01   1.6088927e-01
   4.4133914e-01   3.3566639e-01
   4.8211528e-01   3.0565478e-01
   7.1188473e-01   1.5626738e-01
   5.9234893e-01   2.3035792e-01
   4.0940445e-01   3.6015279e-01
   3.3741728e-01   4.1912370e-01
   4.7643203e-01   3.0975944e-01
   3.4389082e-01   4.1357795e-01
   5.9898068e-01   2.2606158e-01
   3.9901624e-01   3.6832268e-01
   6.5197293e-01   1.9255159e-01
   3.8874768e-01   3.7650366e-01
   3.7859385e-01   3.8470020e-01
   2.8698709e-01   4.6428824e-01
   3.6356754e-01   3.9703438e-01
   3.6854989e-01   3.9291690e-01
   3.7355844e-01   3.8880573e-01
   1.0000000e+00   2.7975968e-25
   6.9641550e-01   1.6548487e-01
   7.9494719e-01   1.0840189e-01
   7.1975144e-01   1.5161834e-01
   8.1285184e-01   9.8417038e-02
   7.8616959e-01   1.1333795e-01
   8.4063311e-01   8.3139538e-02
   4.2522238e-01   3.4790922e-01
   7.6894821e-01   1.2310308e-01
   8.5015450e-01   7.7961767e-02
   9.6874425e-01   1.5751939e-02
   4.5777381e-01   3.2341016e-01
   7.6049853e-01   1.2793433e-01
   7.2770918e-01   1.4694128e-01
   9.4622779e-01   2.7257591e-02
   8.0384019e-01   1.0342865e-01
   8.3124471e-01   8.8273775e-02
   9.2802770e-01   3.6658059e-02
   2.8082158e-01   4.7007399e-01
   7.4390722e-01   1.3749944e-01
   6.8880868e-01   1.7005501e-01
   3.3098431e-01   4.2468764e-01
   7.7750427e-01   1.1823798e-01
   7.3576031e-01   1.4223529e-01
   6.8128433e-01   1.7460051e-01
   8.9305115e-01   5.4986164e-02
   8.2198551e-01   9.3365837e-02
   3.5696476e-01   4.0253472e-01
   2.9162018e-01   4.5998131e-01
   3.2140823e-01   4.3307123e-01
   5.4135405e-01   2.6423234e-01
   3.2618547e-01   4.2887351e-01
   4.8783959e-01   3.0154486e-01
   8.6306347e-01   7.0987905e-02
   5.3521920e-01   2.6841323e-01
   4.1464503e-01   3.5607064e-01
   7.5215243e-01   1.3273278e-01
   9.1031060e-01   4.5898013e-02
   4.9360581e-01   2.9742914e-01
   4.3593253e-01   3.3974813e-01
   4.4678107e-01   3.3158316e-01
   5.6006651e-01   2.5162408e-01
   5.6641034e-01   2.4739762e-01
   8.7622584e-01   6.3930641e-02
   2.6219335e-01   4.8795181e-01
   2.5608492e-01   4.9395166e-01
   4.5225904e-01   3.2749793e-01
   4.3056051e-01   3.4382890e-01
   5.4753950e-01   2.6004088e-01
   4.0419507e-01   3.6423662e-01
   5.5377661e-01   2.5583832e-01
   6.6647515e-01   1.8362071e-01
   5.1710768e-01   2.8089800e-01
   6.7384045e-01   1.7912215e-01
   3.3741728e-01   4.1912370e-01
   5.1116484e-01   2.8504207e-01
   6.0791887e-01   2.2030847e-01
   5.0526753e-01   2.8917827e-01
   3.0720069e-01   4.4574312e-01
   3.1191656e-01   4.4150510e-01
   5.2913387e-01   2.7258411e-01
   4.6332613e-01   3.1931936e-01
   5.8577732e-01   2.3463909e-01
   3.1665211e-01   4.3728150e-01
   2.9627316e-01   4.5569019e-01
   2.6847916e-01   4.8185025e-01
   5.7280928e-01   2.4315835e-01
   6.2613646e-01   2.0871215e-01
   3.0250472e-01   4.4999571e-01
   4.1991745e-01   3.5198962e-01
   5.9234893e-01   2.3035792e-01
   3.5040622e-01   4.0804880e-01
   2.8698709e-01   4.6428824e-01
   2.7469953e-01   4.7588215e-01
   4.9941483e-01   2.9330712e-01
   5.7926452e-01   2.3890571e-01
   3.4389082e-01   4.1357795e-01
   6.3542283e-01   2.0286586e-01
   7.0410681e-01   1.6088927e-01
   4.8211528e-01   3.0565478e-01
   2.6601474e-25   1.0000000e+00
   5.2309703e-01   2.7674553e-01
   4.4133914e-01   3.3566639e-01
   6.1696966e-01   2.1452584e-01
   4.0940445e-01   3.6015279e-01
   3.6854993e-01   3.9291687e-01
   6.5197293e-01   1.9255159e-01
   3.8874768e-01   3.7650366e-01
   6.4483248e-01   1.9698538e-01
   3.8365673e-01   3.8059970e-01
   6.5918658e-01   1.8809694e-01
   5.9898068e-01   2.2606158e-01
   3.9386732e-01   3.7241151e-01
   3.6356773e-01   3.9703422e-01
   3.9901624e-01   3.6832268e-01
   3.7859385e-01   3.8470020e-01
   3.7355844e-01   3.8880573e-01
   7.1188473e-01   1.5626738e-01
   4.6891680e-01   3.1522500e-01
   4.7454660e-01   3.1112657e-01
   1.0000000e+00   2.7975968e-25
   6.9641550e-01   1.6548487e-01
   7.9494719e-01   1.0840189e-01
   7.1975144e-01   1.5161834e-01
   8.1285184e-01   9.8417038e-02
   7.8616959e-01   1.1333795e-01
   8.4063311e-01   8.3139538e-02
   4.2522238e-01   3.4790922e-01
   7.6894821e-01   1.2310308e-01
   8.5015450e-01   7.7961767e-02
   9.6874425e-01   1.5751939e-02
   4.5777381e-01   3.2341016e-01
   7.6049853e-01   1.2793433e-01
   7.2770918e-01   1.4694128e-01
   9.4622779e-01   2.7257591e-02
   8.0384019e-01   1.0342865e-01
   8.3124471e-01   8.8273775e-02
   9.2802770e-01   3.6658059e-02
   2.8082158e-01   4.7007399e-01
   7.4390722e-01   1.3749944e-01
   6.8880868e-01   1.7005501e-01
   3.3098431e-01   4.2468764e-01
   7.7750427e-01   1.1823798e-01
   7.3576031e-01   1.4223529e-01
   6.8128433e-01   1.7460051e-01
   8.9305115e-01   5.4986164e-02
   8.2198551e-01   9.3365837e-02
   2.7469953e-01   4.7588215e-01
   2.9162018e-01   4.5998131e-01
   3.2140823e-01   4.3307123e-01
   5.4135405e-01   2.6423234e-01
   3.2618547e-01   4.2887351e-01
   4.0419507e-01   3.6423662e-01
   8.6306347e-01   7.0987905e-02
   5.3521920e-01   2.6841323e-01
   4.1464503e-01   3.5607064e-01
   7.5215243e-01   1.3273278e-01
   9.1031060e-01   4.5898013e-02
   4.9360581e-01   2.9742914e-01
   4.3593253e-01   3.3974813e-01
   4.4678107e-01   3.3158316e-01
   5.2309703e-01   2.7674553e-01
   5.6641034e-01   2.4739762e-01
   8.7622584e-01   6.3930641e-02
   2.6219335e-01   4.8795181e-01
   2.5608492e-01   4.9395166e-01
   4.5225904e-01   3.2749793e-01
   4.3056051e-01   3.4382890e-01
   5.4753950e-01   2.6004088e-01
   2.9627316e-01   4.5569019e-01
   5.5377661e-01   2.5583832e-01
   6.6647515e-01   1.8362071e-01
   5.1710768e-01   2.8089800e-01
   4.1991745e-01   3.5198962e-01
   3.3741728e-01   4.1912370e-01
   5.1116484e-01   2.8504207e-01
   6.0791887e-01   2.2030847e-01
   5.0526753e-01   2.8917827e-01
   3.0250472e-01   4.4999571e-01
   3.1191656e-01   4.4150510e-01
   5.2913387e-01   2.7258411e-01
   4.6332613e-01   3.1931936e-01
   5.8577732e-01   2.3463909e-01
   3.1665211e-01   4.3728150e-01
   5.7926452e-01   2.3890571e-01
   2.6847916e-01   4.8185025e-01
   5.7280928e-01   2.4315835e-01
   3.6854993e-01   3.9291687e-01
   2.8698709e-01   4.6428824e-01
   3.7859385e-01   3.8470020e-01
   5.9234893e-01   2.3035792e-01
   3.5696476e-01   4.0253472e-01
   4.4133914e-01   3.3566639e-01
   4.8783959e-01   3.0154486e-01
   4.9941483e-01   2.9330712e-01
   3.9901624e-01   3.6832268e-01
   5.9898068e-01   2.2606158e-01
   4.0940445e-01   3.6015279e-01
   3.4389082e-01   4.1357795e-01
   6.3542283e-01   2.0286586e-01
   2.6601474e-25   1.0000000e+00
   3.8874768e-01   3.7650366e-01
   3.8365673e-01   3.8059970e-01
   4.6891680e-01   3.1522500e-01
   5.6006651e-01   2.5162408e-01
   3.9386732e-01   3.7241151e-01
   3.5040622e-01   4.0804880e-01
   6.1696966e-01   2.1452584e-01
   3.0720103e-01   4.4574281e-01
   7.1188473e-01   1.5626738e-01
   6.2613646e-01   2.0871215e-01
   3.7355844e-01   3.8880573e-01
   6.5197293e-01   1.9255159e-01
   7.0410681e-01   1.6088927e-01
   4.8021634e-01   3.0702356e-01
   6.7384045e-01   1.7912215e-01
   6.4483248e-01   1.9698538e-01
   3.6356773e-01   3.9703422e-01
   4.7454659e-01   3.1112658e-01
   6.5918658e-01   1.8809694e-01
   1.0000000e+00   2.7975968e-25
   6.9641550e-01   1.6548487e-01
   7.9494719e-01   1.0840189e-01
   7.1975144e-01   1.5161834e-01
   8.1285184e-01   9.8417038e-02
   7.8616959e-01   1.1333795e-01
   8.4063311e-01   8.3139538e-02
   4.2522238e-01   3.4790922e-01
   7.6894821e-01   1.2310308e-01
   8.5015450e-01   7.7961767e-02
   9.6874425e-01   1.5751939e-02
   4.5777381e-01   3.2341016e-01
   7.6049853e-01   1.2793433e-01
   7.2770918e-01   1.4694128e-01
   9.4622779e-01   2.7257591e-02
   8.0384019e-01   1.0342865e-01
   8.3124471e-01   8.8273775e-02
   9.2802770e-01   3.6658059e-02
   2.8082158e-01   4.7007399e-01
   7.4390722e-01   1.3749944e-01
   6.8880868e-01   1.7005501e-01
   5.7926452e-01   2.3890571e-01
   7.7750427e-01   1.1823798e-01
   7.3576031e-01   1.4223529e-01
   6.8128433e-01   1.7460051e-01
   8.9305115e-01   5.4986164e-02
   8.2198551e-01   9.3365837e-02
   2.7469953e-01   4.7588215e-01
   2.9162018e-01   4.5998131e-01
   7.0410681e-01   1.6088927e-01
   5.4135405e-01   2.6423234e-01
   2.6847916e-01   4.8185025e-01
   4.0419507e-01   3.6423662e-01
   8.6306347e-01   7.0987905e-02
   5.3521920e-01   2.6841323e-01
   4.1464503e-01   3.5607064e-01
   7.5215243e-01   1.3273278e-01
   9.1031060e-01   4.5898013e-02
   4.9360581e-01   2.9742914e-01
   4.3593253e-01   3.3974813e-01
   4.4678107e-01   3.3158316e-01
   5.2309703e-01   2.7674553e-01
   5.6641034e-01   2.4739762e-01
   8.7622584e-01   6.3930641e-02
   2.6219335e-01   4.8795181e-01
   2.5608492e-01   4.9395166e-01
   4.5225904e-01   3.2749793e-01
   4.3056051e-01   3.4382890e-01
   5.4753950e-01   2.6004088e-01
   2.9627316e-01   4.5569019e-01
   5.5377661e-01   2.5583832e-01
   4.0940445e-01   3.6015279e-01
   5.1710768e-01   2.8089800e-01
   4.1991745e-01   3.5198962e-01
   5.9234893e-01   2.3035792e-01
   5.1116484e-01   2.8504207e-01
   6.0791887e-01   2.2030847e-01
   5.0526753e-01   2.8917827e-01
   3.0250472e-01   4.4999571e-01
   3.1191656e-01   4.4150510e-01
   5.2913387e-01   2.7258411e-01
   4.6332613e-01   3.1931936e-01
   5.8577732e-01   2.3463909e-01
   3.1665211e-01   4.3728150e-01
   6.3542283e-01   2.0286586e-01
   3.7859385e-01   3.8470020e-01
   5.7280928e-01   2.4315835e-01
   3.7355844e-01   3.8880573e-01
   2.8698709e-01   4.6428824e-01
   6.7384045e-01   1.7912215e-01
   3.0720103e-01   4.4574281e-01
   5.6006651e-01   2.5162408e-01
   4.4133914e-01   3.3566639e-01
   3.6356773e-01   3.9703422e-01
   4.9941483e-01   2.9330712e-01
   3.9901624e-01   3.6832268e-01
   5.9898068e-01   2.2606158e-01
   4.7454659e-01   3.1112658e-01
   4.8021634e-01   3.0702356e-01
   6.6647515e-01   1.8362071e-01
   2.6601474e-25   1.0000000e+00
   3.8874768e-01   3.7650366e-01
   3.8365673e-01   3.8059970e-01
   6.2613646e-01   2.0871215e-01
   6.5918658e-01   1.8809694e-01
   3.9386732e-01   3.7241151e-01
   4.6891680e-01   3.1522500e-01
   3.6854993e-01   3.9291687e-01
   3.2299793e-01   4.3167093e-01
   3.3419563e-01   4.2190345e-01
   6.4483248e-01   1.9698538e-01
   6.5197293e-01   1.9255159e-01
   3.5861083e-01   4.0115876e-01
   3.5367848e-01   4.0529127e-01
   6.1696966e-01   2.1452584e-01
   3.2939690e-01   4.2606891e-01
   4.8592687e-01   3.0291545e-01
   7.1188473e-01   1.5626738e-01
   3.4065455e-01   4.1634381e-01
   3.4714398e-01   4.1081075e-01
   1.0000000e+00   2.7975968e-25
   6.2567070e+00   4.5393475e+00
   5.9283265e+00   6.0100149e+00
   6.4553191e+00   5.6191493e+00
   6.8488834e+00   4.7382256e+00
   7.1022924e+00   6.6762153e+00
   6.2446151e+00   6.6929532e+00
   6.3096895e+00   5.8823408e+00
   6.8782907e+00   4.3770525e+00
   6.9988283e+00   6.1765053e+00
   7.1130799e+00   6.3527128e+00
   7.4517656e+00   5.3666517e+00
   6.3474340e+00   5.5166724e+00
   7.4489501e+00   4.3664119e+00
   6.1550352e+00   5.1946548e+00
   7.6072093e+00   5.5825202e+00
   7.6815493e+00   5.5766893e+00
   6.2255934e+00   4.6957119e+00
   7.9575475e+00   5.7658322e+00
   7.2940503e+00   4.8897419e+00
   8.1416635e+00   4.8574523e+00
   7.2822860e+00   4.9324535e+00
   6.1377314e+00   6.9732963e+00
   6.5028365e+00   6.6902250e+00
   7.3006665e+00   5.3165762e+00
   8.5526393e+00   5.4499884e+00
   8.3101229e+00   5.8171491e+00
   6.5946179e+00   6.6975134e+00
   6.8435740e+00   4.8945735e+00
   6.6674438e+00   4.9899706e+00
   7.8436351e+00   5.6207711e+00
   7.6645297e+00   6.1198995e+00
   5.7158030e+00   4.7528665e+00
   7.3587728e+00   5.2787805e+00
   7.1630875e+00   5.6763902e+00
   6.0413725e+00   6.4177375e+00
   7.6629161e+00   4.4746855e+00
   8.9262970e+00   4.7706027e+00
   7.3224923e+00   3.8611342e+00
   5.5128789e+00   5.3597882e+00
   6.7053466e+00   6.9447084e+00
   6.5184765e+00   5.9240078e+00
   7.0055635e+00   5.1697191e+00
   5.8284314e+00   4.9604528e+00
   6.2730974e+00   4.5645725e+00
   6.4468038e+00   4.9859763e+00
   6.4427629e+00   5.1155164e+00
   7.1528162e+00   4.9079704e+00
   8.0278366e+00   5.0238064e+00
   6.4838919e+00   6.2092816e+00
   6.2863730e+00   4.2968215e+00
   6.3429962e+00   5.9440678e+00
   7.2301273e+00   5.1795749e+00
   7.4567323e+00   5.7796492e+00
   6.5588556e+00   6.5763421e+00
   7.5139758e+00   4.7676618e+00
   7.4997181e+00   6.3082781e+00
   6.5123250e+00   5.3011803e+00
   7.0311199e+00   5.0473195e+00
   7.4992792e+00   6.2328036e+00
   6.0851182e+00   5.3707724e+00
   6.9290709e+00   4.9372940e+00
   6.5547960e+00   5.1436447e+00
   6.9011946e+00   4.6624797e+00
   7.2736462e+00   4.8843199e+00
   7.0830720e+00   6.8766187e+00
   5.5140443e+00   5.3377898e+00
   5.9482575e+00   6.1135350e+00
   6.3690776e+00   5.2785391e+00
   8.1854901e+00   5.1225577e+00
   7.2491224e+00   4.3707895e+00
   7.9445066e+00   6.5873787e+00
   6.5306945e+00   5.2114355e+00
   6.1888317e+00   4.5697120e+00
   8.9913692e+00   5.6840463e+00
   6.1662494e+00   5.8594683e+00
   6.8534782e+00   6.0271905e+00
   6.0371929e+00   5.1671415e+00
   5.6739955e+00   7.7041897e+00
   8.1519252e+00   6.2589842e+00
   6.6277351e+00   6.1613208e+00
   6.6677820e+00   5.0967346e+00
   7.1070678e+00   5.9121352e+00
   7.2934176e+00   6.6956260e+00
   7.2773335e+00   5.8825280e+00
   6.3550088e+00   7.0989136e+00
   6.7509918e+00   5.2511663e+00
   8.4071046e+00   4.8615826e+00
   5.6144466e+00   6.0095920e+00
   4.9705268e+00   5.5978220e+00
   7.1023489e+00   4.1076561e+00
   6.3963762e+00   5.4003281e+00
   7.7519226e+00   5.6301547e+00
   6.4372112e+00   4.3097812e+00
   6.7275381e+00   6.1804804e+00
   6.5869291e+00   6.1605783e+00
   7.0978144e+00   5.2786135e+00
   7.2494840e+00   3.9855984e+00
   6.5111106e+00   4.3432535e+00
   6.4023771e+00   5.7640170e+00
   7.1262847e+00   4.1347334e+00
   7.1450427e-01   1.5472234e-01
   5.3522494e-01   2.6841611e-01
   6.4483915e-01   1.9698742e-01
   5.4341600e-01   2.6283919e-01
   4.2350010e-01   3.4923879e-01
   6.4011864e-01   1.9993207e-01
   4.0277640e-01   3.6536116e-01
   9.3525760e-01   3.2917969e-02
   8.5336708e-01   7.6226689e-02
   8.4380038e-01   8.1419335e-02
   4.6892201e-01   3.1522846e-01
   7.2505372e-01   1.4850498e-01
   8.8291411e-01   6.0370196e-02
   6.7631986e-01   1.7761936e-01
   8.3436800e-01   8.6567982e-02
   6.2614297e-01   2.0871432e-01
   8.7291965e-01   6.5703630e-02
   3.9672257e-01   3.7014873e-01
   3.8492747e-01   3.7958278e-01
   5.0919953e-01   2.8642478e-01
   4.5227089e-01   3.2749651e-01
   4.1457313e-01   3.5613419e-01
   4.4678617e-01   3.3158678e-01
   6.2154481e-01   2.1162518e-01
   7.5771279e-01   1.2953872e-01
   9.9444921e-06   1.0000000e+00
   8.1589085e-01   9.6738737e-02
   9.5365863e-01   2.3450622e-02
   6.1243637e-01   2.1742321e-01
   6.3077102e-01   2.0579532e-01
   5.2310266e-01   2.7674851e-01
   4.5777953e-01   3.2341329e-01
   4.3413875e-01   3.4111548e-01
   8.9306006e-01   5.4986713e-02
   6.1697609e-01   2.1452807e-01
   7.3038982e-01   1.4537735e-01
   5.9015793e-01   2.3178910e-01
   3.9143771e-01   3.7435812e-01
   4.3774865e-01   3.3838176e-01
   8.6307210e-01   7.0988614e-02
   9.0683191e-01   4.7727996e-02
   5.5377788e-01   2.5584414e-01
   4.4135473e-01   3.3566214e-01
   4.1822481e-01   3.5330466e-01
   5.7496078e-01   2.4174487e-01
   5.3930930e-01   2.6562996e-01
   4.0926053e-01   3.6027304e-01
   5.0136619e-01   2.9193486e-01
   7.1975876e-01   1.5161988e-01
   9.7258169e-01   1.3809476e-02
   5.2712188e-01   2.7397525e-01
   7.0928957e-01   1.5781259e-01
   4.6333128e-01   3.1932288e-01
   7.9790657e-01   1.0674941e-01
   6.7138362e-01   1.8062605e-01
   7.4118830e-01   1.3908284e-01
   7.4665214e-01   1.3591540e-01
   9.2089353e-01   4.0373203e-02
   4.7832771e-01   3.0839479e-01
   7.5216004e-01   1.3273413e-01
   4.9747804e-01   2.9468582e-01
   6.5437602e-01   1.9107103e-01
   7.6331116e-01   1.2632889e-01
   6.8629853e-01   1.7157463e-01
   8.2506606e-01   9.1674006e-02
   7.3576777e-01   1.4223673e-01
   6.9897692e-01   1.6395755e-01
   5.1909636e-01   2.7952348e-01
   6.8129131e-01   1.7460230e-01
   4.8402718e-01   3.0428653e-01
   5.9455900e-01   2.2892993e-01
   6.5919337e-01   1.8809888e-01
   5.3116254e-01   2.7119783e-01
   6.3542942e-01   2.0286797e-01
   5.1512917e-01   2.8228193e-01
   4.9361052e-01   2.9743287e-01
   5.6218104e-01   2.5021930e-01
   7.7464807e-01   1.1986471e-01
   6.6648201e-01   1.8362260e-01
   4.8976045e-01   3.0017823e-01
   4.7454970e-01   3.1113154e-01
   7.0411400e-01   1.6089091e-01
   5.0527256e-01   2.8918172e-01
   7.8909078e-01   1.1169778e-01
   5.4754533e-01   2.6004366e-01
   6.0344223e-01   2.2319096e-01
   7.6895598e-01   1.2310432e-01
   6.9134210e-01   1.6853613e-01
   5.6641632e-01   2.4740026e-01
   5.5796593e-01   2.5303549e-01
   5.9898695e-01   2.2606395e-01
   1.0000099e+00   9.4688585e-27
   6.4959145e-01   1.9403381e-01
   6.0792523e-01   2.2031078e-01
   7.8038829e-01   1.1660974e-01
   5.8143320e-01   2.3748885e-01
   8.0683883e-01   1.0176346e-01
   5.8578126e-01   2.3464302e-01
   5.7067607e-01   2.4457554e-01
   4.2874351e-01   3.4522251e-01
   7.8038829e-01   1.1660974e-01
   8.5336708e-01   7.6226689e-02
   9.3525760e-01   3.2917969e-02
   8.8291411e-01   6.0370196e-02
   7.8909078e-01   1.1169778e-01
   9.9444921e-06   1.0000000e+00
   8.3436800e-01   8.6567982e-02
   4.1816132e-01   3.5335375e-01
   9.2089353e-01   4.0373203e-02
   8.4380038e-01   8.1419335e-02
   9.5365863e-01   2.3450622e-02
   7.3038982e-01   1.4537735e-01
   7.3576777e-01   1.4223673e-01
   3.8027805e-01   3.8334117e-01
   8.6307210e-01   7.0988614e-02
   6.8629853e-01   1.7157463e-01
   8.7291965e-01   6.5703630e-02
   6.9642262e-01   1.6548656e-01
   6.3542942e-01   2.0286797e-01
   9.7258169e-01   1.3809476e-02
   7.4665214e-01   1.3591540e-01
   8.2506606e-01   9.1674006e-02
   6.5437602e-01   1.9107103e-01
   9.0683191e-01   4.7727996e-02
   7.9790657e-01   1.0674941e-01
   5.0723380e-01   2.8780350e-01
   8.9306006e-01   5.4986713e-02
   6.5919337e-01   1.8809888e-01
   3.5987564e-01   4.0011193e-01
   3.7524122e-01   3.8743875e-01
   6.6404403e-01   1.8511713e-01
   7.4118830e-01   1.3908284e-01
   4.4134449e-01   3.3566985e-01
   7.7179606e-01   1.2148642e-01
   6.4483915e-01   1.9698742e-01
   6.2154481e-01   2.1162518e-01
   5.6007246e-01   2.5162676e-01
   4.0243559e-01   3.6562973e-01
   3.3373272e-01   4.2231257e-01
   8.1589085e-01   9.6738737e-02
   7.2240114e-01   1.5006400e-01
   3.7015688e-01   3.9160298e-01
   6.2614297e-01   2.0871432e-01
   3.2731729e-01   4.2789219e-01
   8.0683883e-01   1.0176346e-01
   4.2878326e-01   3.4519215e-01
   3.4445869e-01   4.1310244e-01
   7.6331116e-01   1.2632889e-01
   4.4678609e-01   3.3158685e-01
   6.4959145e-01   1.9403381e-01
   3.5445766e-01   4.0464488e-01
   3.5049998e-01   4.0797801e-01
   3.9728787e-01   3.6970013e-01
   4.6333126e-01   3.1932290e-01
   4.7455182e-01   3.1113000e-01
   3.8535597e-01   3.7923754e-01
   3.9214995e-01   3.7378917e-01
   6.9134210e-01   1.6853613e-01
   5.3726435e-01   2.6702360e-01
   3.6513598e-01   3.9574340e-01
   5.1314623e-01   2.8366469e-01
   4.8022162e-01   3.0702693e-01
   4.9554275e-01   2.9605909e-01
   4.0766838e-01   3.6151865e-01
   5.9235515e-01   2.3036034e-01
   6.3077102e-01   2.0579532e-01
   5.1711327e-01   2.8090103e-01
   6.1697609e-01   2.1452807e-01
   6.7384738e-01   1.7912399e-01
   5.0136628e-01   2.9193480e-01
   6.4011864e-01   1.9993207e-01
   4.3593743e-01   3.3975195e-01
   7.0669694e-01   1.5935323e-01
   4.5226404e-01   3.2750160e-01
   5.2310267e-01   2.7674851e-01
   7.0154069e-01   1.6242568e-01
   4.9166901e-01   2.9881596e-01
   5.2913958e-01   2.7258702e-01
   3.3815620e-01   4.1849655e-01
   6.6892852e-01   1.8212558e-01
   7.1712650e-01   1.5317265e-01
   5.7927064e-01   2.3890822e-01
   6.1243637e-01   2.1742321e-01
   7.1189199e-01   1.5626897e-01
   4.5777889e-01   3.2341376e-01
   7.5493076e-01   1.3113821e-01
   4.1289931e-01   3.5743532e-01
   4.6892197e-01   3.1522848e-01
   6.7880115e-01   1.7611214e-01
   5.7281533e-01   2.4316092e-01
   6.0568028e-01   2.2175176e-01
   4.2345523e-01   3.4927326e-01
   1.0000099e+00   9.4688585e-27
   5.4961860e-01   2.5864405e-01
   5.4341600e-01   2.6283919e-01
   5.5587323e-01   2.5443760e-01
   5.8578349e-01   2.3464156e-01
   4.8593238e-01   3.0291863e-01
   5.6641646e-01   2.4740016e-01
   5.9898701e-01   2.2606392e-01
   8.0683073e-01   1.0176243e-01
   9.0682288e-01   4.7727520e-02
   8.4379194e-01   8.1418520e-02
   9.5364914e-01   2.3450389e-02
   9.3524829e-01   3.2917642e-02
   7.9789854e-01   1.0674833e-01
   3.3902821e-01   4.1773871e-01
   7.5492312e-01   1.3113688e-01
   3.1192855e-01   4.4149436e-01
   8.8290530e-01   6.0369593e-02
   3.0596285e-01   4.4686091e-01
   6.1242998e-01   2.1742094e-01
   8.7291093e-01   6.5702974e-02
   3.8027835e-01   3.8333287e-01
   4.1289466e-01   3.5743120e-01
   5.4135405e-01   2.6423234e-01
   7.8038042e-01   1.1660857e-01
   3.7523400e-01   3.8743654e-01
   8.9305115e-01   5.4986164e-02
   4.5777381e-01   3.2341016e-01
   6.4011201e-01   1.9993000e-01
   9.2088436e-01   4.0372801e-02
   6.3308983e-01   2.0433058e-01
   7.4664457e-01   1.3591402e-01
   8.5335854e-01   7.6225926e-02
   3.5040587e-01   4.0804910e-01
   5.0722830e-01   2.8780038e-01
   3.2302569e-01   4.3164651e-01
   7.7178827e-01   1.2148519e-01
   8.2505778e-01   9.1673087e-02
   2.9949268e-01   4.5274076e-01
   9.7257202e-01   1.3809339e-02
   4.3593253e-01   3.3974813e-01
   3.9215756e-01   3.7377516e-01
   7.8908283e-01   1.1169666e-01
   4.9167902e-01   2.9880172e-01
   5.5377661e-01   2.5583832e-01
   3.2778790e-01   4.2747236e-01
   7.6330345e-01   1.2632761e-01
   4.7454659e-01   3.1112658e-01
   8.6306347e-01   7.0987905e-02
   4.5225904e-01   3.2749793e-01
   5.4753950e-01   2.6004088e-01
   8.3435964e-01   8.6567115e-02
   5.7280928e-01   2.4315835e-01
   3.9729663e-01   3.6968530e-01
   8.1588266e-01   9.6737766e-02
   5.1909892e-01   2.7951480e-01
   6.0567390e-01   2.2174946e-01
   3.3416714e-01   4.2192808e-01
   4.2345042e-01   3.4926932e-01
   4.0766456e-01   3.6151386e-01
   5.6006651e-01   2.5162408e-01
   4.2877741e-01   3.4518903e-01
   4.0246543e-01   3.6559837e-01
   3.6522388e-01   3.9566244e-01
   5.9234893e-01   2.3035792e-01
   5.2510399e-01   2.7535941e-01
   4.6332613e-01   3.1931936e-01
   3.8535064e-01   3.7923383e-01
   6.1925035e-01   2.1307539e-01
   7.2239379e-01   1.5006248e-01
   4.9747368e-01   2.9468186e-01
   6.2613646e-01   2.0871215e-01
   3.1810512e-01   4.3599192e-01
   4.8021634e-01   3.0702356e-01
   3.4548177e-01   4.1222303e-01
   4.8592687e-01   3.0291545e-01
   5.0136083e-01   2.9193162e-01
   6.6647515e-01   1.8362071e-01
   6.8378341e-01   1.7308803e-01
   7.3038240e-01   1.4537587e-01
   7.1449699e-01   1.5472076e-01
   7.3846518e-01   1.4066003e-01
   3.5532075e-01   4.0391213e-01
   5.3521920e-01   2.6841323e-01
   5.1314068e-01   2.8366162e-01
   5.3115680e-01   2.7119495e-01
   3.7021581e-01   3.9154638e-01
   6.5677379e-01   1.8958419e-01
   6.8880868e-01   1.7005501e-01
   6.4958473e-01   1.9403180e-01
   3.6026006e-01   3.9978332e-01
   2.4337405e-26   1.0000000e+00
   4.6891680e-01   3.1522500e-01
   4.4678107e-01   3.3158316e-01
   5.9898068e-01   2.2606158e-01
   6.7137671e-01   1.8062419e-01
   5.8577732e-01   2.3463909e-01
   5.6641034e-01   2.4739762e-01
   4.1815639e-01   3.5334987e-01
   6.9896978e-01   1.6395587e-01
   1.0000000e+00   8.2452612e-27
   5.7926452e-01   2.3890571e-01
   4.4133914e-01   3.3566639e-01
   6.6160769e-01   1.8660730e-01
   6.4483248e-01   1.9698538e-01
   7.0668972e-01   1.5935160e-01
   6.7631292e-01   1.7761753e-01
   6.9387061e-01   1.6701104e-01
   8.0683073e-01   1.0176243e-01
   9.0682288e-01   4.7727520e-02
   8.4379194e-01   8.1418520e-02
   9.5364914e-01   2.3450389e-02
   9.3524829e-01   3.2917642e-02
   7.9789854e-01   1.0674833e-01
   6.4011201e-01   1.9993000e-01
   7.5492312e-01   1.3113688e-01
   3.1192855e-01   4.4149436e-01
   8.8290530e-01   6.0369593e-02
   3.0681366e-01   4.4609238e-01
   4.3593253e-01   3.3974813e-01
   8.7291093e-01   6.5702974e-02
   5.1512162e-01   2.8228027e-01
   6.9896978e-01   1.6395587e-01
   3.0278651e-01   4.4973960e-01
   7.8038042e-01   1.1660857e-01
   3.6026040e-01   3.9978304e-01
   8.9305115e-01   5.4986164e-02
   4.8592687e-01   3.0291545e-01
   8.1588266e-01   9.6737766e-02
   9.2088436e-01   4.0372801e-02
   3.5040587e-01   4.0804910e-01
   7.4664457e-01   1.3591402e-01
   7.7178827e-01   1.2148519e-01
   8.6306347e-01   7.0987905e-02
   7.2239379e-01   1.5006248e-01
   4.9167902e-01   2.9880172e-01
   7.6330345e-01   1.2632761e-01
   8.2505778e-01   9.1673087e-02
   7.8908283e-01   1.1169666e-01
   9.7257202e-01   1.3809339e-02
   3.7523390e-01   3.8743661e-01
   4.9747368e-01   2.9468186e-01
   4.6332613e-01   3.1931936e-01
   3.7021652e-01   3.9154580e-01
   7.3846518e-01   1.4066003e-01
   3.3418048e-01   4.2191655e-01
   8.5335854e-01   7.6225926e-02
   5.4341020e-01   2.6283639e-01
   2.9922187e-01   4.5298824e-01
   3.9729664e-01   3.6968529e-01
   3.6522560e-01   3.9566102e-01
   4.4678107e-01   3.3158316e-01
   3.1825364e-01   4.3586026e-01
   4.0246543e-01   3.6559837e-01
   3.4551537e-01   4.1219444e-01
   3.8535058e-01   3.7923387e-01
   7.3038240e-01   1.4537587e-01
   6.8378341e-01   1.7308803e-01
   3.3903478e-01   4.1773306e-01
   7.1449699e-01   1.5472076e-01
   3.5532075e-01   4.0391213e-01
   3.2937838e-01   4.2608504e-01
   4.0766456e-01   3.6151385e-01
   4.4133914e-01   3.3566639e-01
   4.7454659e-01   3.1112658e-01
   4.6891680e-01   3.1522500e-01
   7.0668972e-01   1.5935160e-01
   6.9133503e-01   1.6853441e-01
   4.5777381e-01   3.2341016e-01
   3.2457893e-01   4.3028171e-01
   5.7495471e-01   2.4174232e-01
   5.2711626e-01   2.7397228e-01
   5.0331172e-01   2.9055535e-01
   4.3056052e-01   3.4382889e-01
   3.9215755e-01   3.7377516e-01
   6.6403719e-01   1.8511523e-01
   4.2522238e-01   3.4790922e-01
   8.3435964e-01   8.6567115e-02
   4.8021634e-01   3.0702356e-01
   4.5225904e-01   3.2749793e-01
   5.0919405e-01   2.8642166e-01
   5.6217507e-01   2.5021665e-01
   5.6853714e-01   2.4598598e-01
   5.4961274e-01   2.5864129e-01
   3.8027840e-01   3.8333283e-01
   6.4483248e-01   1.9698538e-01
   5.5586732e-01   2.5443490e-01
   6.5677379e-01   1.8958419e-01
   5.8796126e-01   2.3321368e-01
   5.3930353e-01   2.6562711e-01
   1.3786029e-26   1.0000000e+00
   5.2109538e-01   2.7813064e-01
   6.1469627e-01   2.1597432e-01
   5.8142900e-01   2.3748508e-01
   6.6892164e-01   1.8212370e-01
   6.2153836e-01   2.1162296e-01
   4.1991745e-01   3.5198962e-01
   6.5197293e-01   1.9255159e-01
   5.3318530e-01   2.6980461e-01
   5.9455277e-01   2.2892752e-01
   1.0000000e+00   8.2452612e-27
   6.7631292e-01   1.7761753e-01
   6.3308983e-01   2.0433058e-01
   2.9045223e-01   4.6106379e-01
   6.2844129e-01   2.0725711e-01
   4.1464403e-01   3.5607141e-01
   6.0120486e-01   2.2462599e-01
   6.0791891e-01   2.2030845e-01
   8.0683073e-01   1.0176243e-01
   9.0682288e-01   4.7727520e-02
   8.4379194e-01   8.1418520e-02
   9.5364914e-01   2.3450389e-02
   9.3524829e-01   3.2917642e-02
   7.9789854e-01   1.0674833e-01
   8.7291093e-01   6.5702974e-02
   7.5492312e-01   1.3113688e-01
   6.6892164e-01   1.8212370e-01
   8.8290530e-01   6.0369593e-02
   8.5335854e-01   7.6225926e-02
   8.2505778e-01   9.1673087e-02
   5.5586732e-01   2.5443490e-01
   7.6330345e-01   1.2632761e-01
   6.9896978e-01   1.6395587e-01
   3.0247633e-01   4.5002152e-01
   7.8038042e-01   1.1660857e-01
   9.7257202e-01   1.3809339e-02
   8.9305115e-01   5.4986164e-02
   4.9747368e-01   2.9468186e-01
   8.1588266e-01   9.6737766e-02
   9.2088436e-01   4.0372801e-02
   4.0940445e-01   3.6015279e-01
   7.4664457e-01   1.3591402e-01
   7.7178827e-01   1.2148519e-01
   5.8796126e-01   2.3321368e-01
   7.2239379e-01   1.5006248e-01
   4.6891680e-01   3.1522500e-01
   2.7278249e-01   4.7771417e-01
   6.0791887e-01   2.2030847e-01
   2.9045223e-01   4.6106379e-01
   7.8908283e-01   1.1169666e-01
   5.6853714e-01   2.4598598e-01
   7.1449699e-01   1.5472076e-01
   6.8378341e-01   1.7308803e-01
   4.4678107e-01   3.3158316e-01
   7.3846518e-01   1.4066003e-01
   3.1190701e-01   4.4151364e-01
   4.5777381e-01   3.2341016e-01
   7.3038240e-01   1.4537587e-01
   2.8285486e-01   4.6815899e-01
   6.6160769e-01   1.8660730e-01
   5.7495471e-01   2.4174232e-01
   3.4551554e-01   4.1219430e-01
   3.6852798e-01   3.9293494e-01
   4.7454659e-01   3.1112658e-01
   6.0120486e-01   2.2462599e-01
   5.1512162e-01   2.8228027e-01
   3.6189090e-01   3.9842632e-01
   3.3580523e-01   4.2051296e-01
   2.9632449e-01   4.5564305e-01
   3.0713593e-01   4.4580155e-01
   6.2153834e-01   2.1162297e-01
   4.3056051e-01   3.4382890e-01
   3.1822797e-01   4.3588302e-01
   6.7631292e-01   1.7761753e-01
   4.2522238e-01   3.4790922e-01
   4.4133914e-01   3.3566639e-01
   4.3593253e-01   3.3974813e-01
   5.9455277e-01   2.2892752e-01
   3.4064883e-01   4.1634871e-01
   8.3435964e-01   8.6567115e-02
   5.3318530e-01   2.6980461e-01
   8.6306347e-01   7.0987905e-02
   3.3098450e-01   4.2468747e-01
   4.6332613e-01   3.1931936e-01
   6.9133503e-01   1.6853441e-01
   4.0419507e-01   3.6423662e-01
   3.9901624e-01   3.6832268e-01
   5.0331172e-01   2.9055535e-01
   4.8592687e-01   3.0291545e-01
   5.5166483e-01   2.5725857e-01
   5.0919405e-01   2.8642166e-01
   5.6217507e-01   2.5021665e-01
   4.1991745e-01   3.5198962e-01
   3.8365646e-01   3.8059992e-01
   6.3542283e-01   2.0286586e-01
   5.8142900e-01   2.3748508e-01
   6.2844670e-01   2.0725370e-01
   6.5436926e-01   1.9106906e-01
   4.8021634e-01   3.0702356e-01
   3.8874762e-01   3.7650371e-01
   3.5203801e-01   4.0667209e-01
   6.4483248e-01   1.9698538e-01
   4.1464503e-01   3.5607064e-01
   4.5225904e-01   3.2749793e-01
   3.2458760e-01   4.3027410e-01
   3.9386723e-01   3.7241157e-01
   5.2711625e-01   2.7397228e-01
   3.7857725e-01   3.8471369e-01
   3.5696803e-01   4.0253198e-01
   4.9167902e-01   2.9880172e-01
   5.3930354e-01   2.6562711e-01
   6.1469622e-01   2.1597435e-01
   3.7357134e-01   3.8879518e-01
   1.0000000e+00   5.3061072e-27
   7.0668972e-01   1.5935160e-01
   5.2109536e-01   2.7813065e-01
   5.4548406e-01   2.6143107e-01
   1.0769052e-26   1.0000000e+00
   8.0683073e-01   1.0176243e-01
   5.5796394e-01   2.5303016e-01
   8.4379194e-01   8.1418520e-02
   9.5364914e-01   2.3450389e-02
   9.3524829e-01   3.2917642e-02
   7.9789854e-01   1.0674833e-01
   6.6892164e-01   1.8212370e-01
   7.5492312e-01   1.3113688e-01
   5.3318530e-01   2.6980461e-01
   8.1588266e-01   9.6737766e-02
   6.4483248e-01   1.9698538e-01
   8.2505778e-01   9.1673087e-02
   7.1449699e-01   1.5472076e-01
   7.6330345e-01   1.2632761e-01
   4.2522238e-01   3.4790922e-01
   2.8693034e-01   4.6434121e-01
   7.8038042e-01   1.1660857e-01
   9.7257202e-01   1.3809339e-02
   4.4678107e-01   3.3158316e-01
   4.9747368e-01   2.9468186e-01
   4.9167902e-01   2.9880172e-01
   3.2459093e-01   4.3027118e-01
   5.2711625e-01   2.7397228e-01
   7.4664457e-01   1.3591402e-01
   7.7178827e-01   1.2148519e-01
   3.7859385e-01   3.8470020e-01
   5.0919405e-01   2.8642166e-01
   4.6891680e-01   3.1522500e-01
   2.7278249e-01   4.7771417e-01
   9.1734115e-01   4.2220722e-02
   4.6332613e-01   3.1931936e-01
   7.8908283e-01   1.1169666e-01
   3.8365673e-01   3.8059970e-01
   4.0419507e-01   3.6423662e-01
   5.4547200e-01   2.6143924e-01
   6.8378341e-01   1.7308803e-01
   7.3846518e-01   1.4066003e-01
   6.6160769e-01   1.8660730e-01
   7.3038240e-01   1.4537587e-01
   2.8285486e-01   4.6815899e-01
   4.5777381e-01   3.2341016e-01
   3.6854993e-01   3.9291687e-01
   3.1192664e-01   4.4149607e-01
   4.7454659e-01   3.1112658e-01
   5.1512162e-01   2.8228027e-01
   2.9627708e-01   4.5568660e-01
   4.8021634e-01   3.0702356e-01
   9.0335326e-01   4.9551023e-02
   4.3593253e-01   3.3974813e-01
   3.3740726e-01   4.1913232e-01
   4.0940445e-01   3.6015279e-01
   6.7631292e-01   1.7761753e-01
   4.1464503e-01   3.5607064e-01
   3.3098450e-01   4.2468747e-01
   4.1991745e-01   3.5198962e-01
   2.9153197e-01   4.6006299e-01
   8.5335854e-01   7.6225926e-02
   5.2109536e-01   2.7813065e-01
   3.8874768e-01   3.7650366e-01
   8.3435964e-01   8.6567115e-02
   6.9896978e-01   1.6395587e-01
   8.7622584e-01   6.3930641e-02
   4.8592687e-01   3.0291545e-01
   3.1824449e-01   4.3586838e-01
   6.5436926e-01   1.9106906e-01
   3.7355844e-01   3.8880572e-01
   8.8965208e-01   5.6786303e-02
   2.6730750e-01   4.8298211e-01
   7.0668972e-01   1.5935160e-01
   6.9133503e-01   1.6853441e-01
   5.0331172e-01   2.9055535e-01
   3.6356772e-01   3.9703423e-01
   3.0249356e-01   4.5000586e-01
   4.3056051e-01   3.4382890e-01
   4.5225904e-01   3.2749793e-01
   3.5368003e-01   4.0528996e-01
   7.2239379e-01   1.5006248e-01
   3.5861125e-01   4.0115841e-01
   5.7710644e-01   2.4032478e-01
   3.4877325e-01   4.0942972e-01
   3.9901624e-01   3.6832268e-01
   5.3930354e-01   2.6562711e-01
   6.0567389e-01   2.2174947e-01
   4.4133914e-01   3.3566639e-01
   3.4226850e-01   4.1496283e-01
   3.0720645e-01   4.4573792e-01
   8.6306347e-01   7.0987905e-02
   5.8359991e-01   2.3606289e-01
   3.9386732e-01   3.7241151e-01
   6.1925094e-01   2.1307501e-01
   5.6428967e-01   2.4880784e-01
   5.5169176e-01   2.5724044e-01
   6.3542283e-01   2.0286586e-01
   5.7067010e-01   2.4457290e-01
   6.2613784e-01   2.0871128e-01
   1.0000000e+00   5.3061072e-27
   5.9015178e-01   2.3178663e-01
   5.9678448e-01   2.2748173e-01
   6.1249067e-01   2.1738217e-01
   1.0769052e-26   1.0000000e+00
   8.0683073e-01   1.0176243e-01
   5.5796394e-01   2.5303016e-01
   8.4379194e-01   8.1418520e-02
   9.5364914e-01   2.3450389e-02
   9.3524829e-01   3.2917642e-02
   7.9789854e-01   1.0674833e-01
   6.6892164e-01   1.8212370e-01
   7.5492312e-01   1.3113688e-01
   5.3318530e-01   2.6980461e-01
   8.1588266e-01   9.6737766e-02
   6.4483248e-01   1.9698538e-01
   8.2505778e-01   9.1673087e-02
   9.7257202e-01   1.3809339e-02
   7.6330345e-01   1.2632761e-01
   7.8038042e-01   1.1660857e-01
   3.8365673e-01   3.8059970e-01
   3.8874768e-01   3.7650366e-01
   2.8061338e-01   4.7027046e-01
   4.1991745e-01   3.5198962e-01
   3.5368001e-01   4.0528998e-01
   4.9167902e-01   2.9880172e-01
   3.2459093e-01   4.3027118e-01
   5.2711625e-01   2.7397228e-01
   7.4664457e-01   1.3591402e-01
   7.7178827e-01   1.2148519e-01
   3.6356773e-01   3.9703422e-01
   5.0919405e-01   2.8642166e-01
   6.1696966e-01   2.1452584e-01
   2.8540860e-01   4.6576354e-01
   9.1734115e-01   4.2220722e-02
   4.5225904e-01   3.2749793e-01
   7.0668972e-01   1.5935160e-01
   5.5169176e-01   2.5724044e-01
   2.7519913e-01   4.7540574e-01
   9.0335326e-01   4.9551023e-02
   3.1823623e-01   4.3587569e-01
   7.3846518e-01   1.4066003e-01
   8.7622584e-01   6.3930641e-02
   7.3038240e-01   1.4537587e-01
   4.6891680e-01   3.1522500e-01
   3.3098425e-01   4.2468769e-01
   2.9627708e-01   4.5568660e-01
   2.6730750e-01   4.8298211e-01
   4.7454659e-01   3.1112658e-01
   6.9896978e-01   1.6395587e-01
   8.8965208e-01   5.6786303e-02
   6.2613646e-01   2.0871215e-01
   5.1512162e-01   2.8228027e-01
   5.2109536e-01   2.7813065e-01
   5.4547200e-01   2.6143924e-01
   6.0343591e-01   2.2318863e-01
   6.7631292e-01   1.7761753e-01
   6.1017088e-01   2.1886564e-01
   4.1464503e-01   3.5607064e-01
   3.4877339e-01   4.0942960e-01
   3.3741733e-01   4.1912365e-01
   4.3593253e-01   3.3974813e-01
   4.4133914e-01   3.3566639e-01
   4.9747368e-01   2.9468186e-01
   3.0249980e-01   4.5000018e-01
   6.6160769e-01   1.8660730e-01
   4.6332613e-01   3.1931936e-01
   3.4389080e-01   4.1357797e-01
   3.9386732e-01   3.7241151e-01
   6.5436926e-01   1.9106906e-01
   4.3056051e-01   3.4382890e-01
   8.5335854e-01   7.6225926e-02
   5.9015178e-01   2.3178663e-01
   5.7710644e-01   2.4032478e-01
   6.9133503e-01   1.6853441e-01
   5.0331172e-01   2.9055535e-01
   2.9006875e-01   4.6141969e-01
   3.7355844e-01   3.8880573e-01
   3.1191931e-01   4.4150263e-01
   7.2239379e-01   1.5006248e-01
   3.6854993e-01   3.9291687e-01
   3.9901624e-01   3.6832268e-01
   8.3435964e-01   8.6567115e-02
   4.0419507e-01   3.6423662e-01
   4.5777381e-01   3.2341016e-01
   5.6428967e-01   2.4880784e-01
   5.9676333e-01   2.2749541e-01
   4.4678107e-01   3.3158316e-01
   3.5861128e-01   4.0115838e-01
   5.8359991e-01   2.3606289e-01
   6.3542283e-01   2.0286586e-01
   4.2522238e-01   3.4790922e-01
   5.3930354e-01   2.6562711e-01
   4.8021634e-01   3.0702356e-01
   6.8378341e-01   1.7308803e-01
   5.7067010e-01   2.4457290e-01
   7.8908283e-01   1.1169666e-01
   4.8592687e-01   3.0291545e-01
   4.0940445e-01   3.6015279e-01
   7.1449699e-01   1.5472076e-01
   3.0719683e-01   4.4574660e-01
   1.0000000e+00   5.3061072e-27
   3.7859385e-01   3.8470020e-01
   8.6306347e-01   7.0987905e-02
   7.4184110e-27   1.0000000e+00
   8.0683073e-01   1.0176243e-01
   5.5796394e-01   2.5303016e-01
   8.8965208e-01   5.6786303e-02
   9.5364914e-01   2.3450389e-02
   9.3524829e-01   3.2917642e-02
   7.9789854e-01   1.0674833e-01
   6.6892164e-01   1.8212370e-01
   7.5492312e-01   1.3113688e-01
   5.3318530e-01   2.6980461e-01
   8.1588266e-01   9.6737766e-02
   2.6003862e-01   4.9006018e-01
   8.2505778e-01   9.1673087e-02
   9.7257202e-01   1.3809339e-02
   7.6330345e-01   1.2632761e-01
   7.8038042e-01   1.1660857e-01
   5.0331172e-01   2.9055535e-01
   3.8874768e-01   3.7650366e-01
   2.8540860e-01   4.6576354e-01
   9.0335326e-01   4.9551023e-02
   3.5368001e-01   4.0528998e-01
   4.9167902e-01   2.9880172e-01
   3.6356773e-01   3.9703422e-01
   5.2711625e-01   2.7397228e-01
   7.4664457e-01   1.3591402e-01
   7.7178827e-01   1.2148519e-01
   5.5169176e-01   2.5724044e-01
   4.9747368e-01   2.9468186e-01
   6.1696966e-01   2.1452584e-01
   6.5436926e-01   1.9106906e-01
   9.1734115e-01   4.2220722e-02
   3.7859385e-01   3.8470020e-01
   7.0668972e-01   1.5935160e-01
   3.2459073e-01   4.3027135e-01
   4.4678107e-01   3.3158316e-01
   2.9627708e-01   4.5568660e-01
   7.3038240e-01   1.4537587e-01
   7.3846518e-01   1.4066003e-01
   8.7622584e-01   6.3930641e-02
   3.4389081e-01   4.1357796e-01
   4.3056051e-01   3.4382890e-01
   4.2522238e-01   3.4790922e-01
   6.8378341e-01   1.7308803e-01
   2.6730750e-01   4.8298211e-01
   5.1512162e-01   2.8228027e-01
   6.7631292e-01   1.7761753e-01
   4.0940445e-01   3.6015279e-01
   6.3542283e-01   2.0286586e-01
   4.8021634e-01   3.0702356e-01
   5.2109536e-01   2.7813065e-01
   5.4547200e-01   2.6143924e-01
   3.5861128e-01   4.0115838e-01
   5.7067010e-01   2.4457290e-01
   2.7327447e-01   4.7724339e-01
   4.8592687e-01   3.0291545e-01
   7.2239379e-01   1.5006248e-01
   3.0250137e-01   4.4999875e-01
   3.7355844e-01   3.8880573e-01
   5.0919405e-01   2.8642166e-01
   3.4877338e-01   4.0942962e-01
   8.5015450e-01   7.7961767e-02
   6.6160769e-01   1.8660730e-01
   4.6332613e-01   3.1931936e-01
   3.9901624e-01   3.6832268e-01
   4.1464503e-01   3.5607064e-01
   3.6854993e-01   3.9291687e-01
   4.7454659e-01   3.1112658e-01
   5.6428967e-01   2.4880784e-01
   3.0719976e-01   4.4574396e-01
   6.2613646e-01   2.0871215e-01
   2.9006875e-01   4.6141969e-01
   4.5777381e-01   3.2341016e-01
   5.9015178e-01   2.3178663e-01
   6.0343591e-01   2.2318863e-01
   5.8359991e-01   2.3606289e-01
   6.9896978e-01   1.6395587e-01
   6.4483248e-01   1.9698538e-01
   4.3593253e-01   3.3974813e-01
   8.6306347e-01   7.0987905e-02
   3.9386732e-01   3.7241151e-01
   7.1449699e-01   1.5472076e-01
   4.6891680e-01   3.1522500e-01
   5.9676333e-01   2.2749541e-01
   7.8908283e-01   1.1169666e-01
   2.7935995e-01   4.7145487e-01
   3.8365673e-01   3.8059970e-01
   8.3748905e-01   8.4855719e-02
   3.3098433e-01   4.2468762e-01
   3.1191653e-01   4.4150512e-01
   5.3930354e-01   2.6562711e-01
   4.1991745e-01   3.5198962e-01
   6.9133503e-01   1.6853441e-01
   4.0419507e-01   3.6423662e-01
   5.7710644e-01   2.4032478e-01
   6.1017088e-01   2.1886564e-01
   3.1823480e-01   4.3587697e-01
   3.3741728e-01   4.1912370e-01
   1.0000000e+00   5.3061072e-27
   4.4133914e-01   3.3566639e-01
   4.5225904e-01   3.2749793e-01
   6.9436224e-27   1.0000000e+00
   8.0683073e-01   1.0176243e-01
   5.5796394e-01   2.5303016e-01
   8.8965208e-01   5.6786303e-02
   9.5364914e-01   2.3450389e-02
   9.3524829e-01   3.2917642e-02
   7.9789854e-01   1.0674833e-01
   6.6892164e-01   1.8212370e-01
   7.5492312e-01   1.3113688e-01
   5.3318530e-01   2.6980461e-01
   8.1588266e-01   9.6737766e-02
   2.6003862e-01   4.9006018e-01
   8.2505778e-01   9.1673087e-02
   9.7257202e-01   1.3809339e-02
   7.6330345e-01   1.2632761e-01
   7.8038042e-01   1.1660857e-01
   3.2459073e-01   4.3027135e-01
   5.4547200e-01   2.6143924e-01
   2.8540860e-01   4.6576354e-01
   9.0335326e-01   4.9551023e-02
   3.5368001e-01   4.0528998e-01
   4.9167902e-01   2.9880172e-01
   4.1464503e-01   3.5607064e-01
   5.2711625e-01   2.7397228e-01
   7.4664457e-01   1.3591402e-01
   7.7178827e-01   1.2148519e-01
   5.5169176e-01   2.5724044e-01
   4.9747368e-01   2.9468186e-01
   6.1696966e-01   2.1452584e-01
   6.5436926e-01   1.9106906e-01
   9.1734115e-01   4.2220722e-02
   4.3056051e-01   3.4382890e-01
   7.0668972e-01   1.5935160e-01
   4.1991745e-01   3.5198962e-01
   2.9006875e-01   4.6141969e-01
   4.0419507e-01   3.6423662e-01
   7.3038240e-01   1.4537587e-01
   7.3846518e-01   1.4066003e-01
   8.7622584e-01   6.3930641e-02
   8.3748905e-01   8.4855719e-02
   4.3593253e-01   3.3974813e-01
   4.2522238e-01   3.4790922e-01
   3.9901624e-01   3.6832268e-01
   2.6730750e-01   4.8298211e-01
   5.1512162e-01   2.8228027e-01
   6.7631292e-01   1.7761753e-01
   4.0940445e-01   3.6015279e-01
   3.0250451e-01   4.4999590e-01
   4.8021634e-01   3.0702356e-01
   5.2109536e-01   2.7813065e-01
   2.7327447e-01   4.7724339e-01
   3.5861128e-01   4.0115838e-01
   5.7067010e-01   2.4457290e-01
   4.5777381e-01   3.2341016e-01
   4.8592687e-01   3.0291545e-01
   5.9676333e-01   2.2749541e-01
   6.0343591e-01   2.2318863e-01
   5.0331172e-01   2.9055535e-01
   5.0919405e-01   2.8642166e-01
   3.4877338e-01   4.0942962e-01
   8.5015450e-01   7.7961767e-02
   3.0720050e-01   4.4574329e-01
   4.6332613e-01   3.1931936e-01
   6.2613646e-01   2.0871215e-01
   3.8874768e-01   3.7650366e-01
   3.9386732e-01   3.7241151e-01
   4.7454659e-01   3.1112658e-01
   2.9627272e-01   4.5569060e-01
   5.8359991e-01   2.3606289e-01
   3.8365673e-01   3.8059970e-01
   4.4678107e-01   3.3158316e-01
   6.9133503e-01   1.6853441e-01
   5.9015178e-01   2.3178663e-01
   4.5225904e-01   3.2749793e-01
   3.3098433e-01   4.2468762e-01
   4.4133914e-01   3.3566639e-01
   7.8908283e-01   1.1169666e-01
   7.1449699e-01   1.5472076e-01
   8.6306347e-01   7.0987905e-02
   3.3741728e-01   4.1912370e-01
   3.7355844e-01   3.8880573e-01
   5.3930354e-01   2.6562711e-01
   3.7859385e-01   3.8470020e-01
   3.1981803e-01   4.3447544e-01
   2.7935995e-01   4.7145487e-01
   6.1017088e-01   2.1886564e-01
   6.8378341e-01   1.7308803e-01
   4.6891680e-01   3.1522500e-01
   5.7710644e-01   2.4032478e-01
   3.4389082e-01   4.1357795e-01
   7.2239379e-01   1.5006248e-01
   6.4483248e-01   1.9698538e-01
   3.6356773e-01   3.9703422e-01
   3.1350747e-01   4.4008262e-01
   6.3542283e-01   2.0286586e-01
   5.6428967e-01   2.4880784e-01
   3.6854993e-01   3.9291687e-01
   1.0000000e+00   5.3061072e-27
   6.9896978e-01   1.6395587e-01
   6.6160769e-01   1.8660730e-01
   6.9436224e-27   1.0000000e+00
   8.5015450e-01   7.7961767e-02
   5.5796394e-01   2.5303016e-01
   8.8965208e-01   5.6786303e-02
   7.6330345e-01   1.2632761e-01
   7.9789854e-01   1.0674833e-01
   5.9015178e-01   2.3178663e-01
   6.6892164e-01   1.8212370e-01
   7.5492312e-01   1.3113688e-01
   5.3318530e-01   2.6980461e-01
   8.7622584e-01   6.3930641e-02
   2.6003862e-01   4.9006018e-01
   8.2505778e-01   9.1673087e-02
   7.3038240e-01   1.4537587e-01
   4.2522238e-01   3.4790922e-01
   7.8038042e-01   1.1660857e-01
   9.0335326e-01   4.9551023e-02
   5.4547200e-01   2.6143924e-01
   5.2109536e-01   2.7813065e-01
   3.7355844e-01   3.8880573e-01
   5.0331172e-01   2.9055535e-01
   4.9167902e-01   2.9880172e-01
   4.1464503e-01   3.5607064e-01
   5.2711625e-01   2.7397228e-01
   7.4664457e-01   1.3591402e-01
   7.7178827e-01   1.2148519e-01
   5.5169176e-01   2.5724044e-01
   3.6356773e-01   3.9703422e-01
   6.1696966e-01   2.1452584e-01
   6.5436926e-01   1.9106906e-01
   3.5861128e-01   4.0115838e-01
   4.3056051e-01   3.4382890e-01
   7.0668972e-01   1.5935160e-01
   3.8365673e-01   3.8059970e-01
   3.4877338e-01   4.0942962e-01
   2.7930146e-01   4.7151021e-01
   4.4133914e-01   3.3566639e-01
   7.3846518e-01   1.4066003e-01
   4.5777381e-01   3.2341016e-01
   8.3748905e-01   8.4855719e-02
   4.3593253e-01   3.3974813e-01
   6.1017088e-01   2.1886564e-01
   3.9901624e-01   3.6832268e-01
   4.1991745e-01   3.5198962e-01
   5.1512162e-01   2.8228027e-01
   6.7631292e-01   1.7761753e-01
   4.0940445e-01   3.6015279e-01
   3.3098433e-01   4.2468762e-01
   4.7454659e-01   3.1112658e-01
   8.1588266e-01   9.6737766e-02
   6.9896978e-01   1.6395587e-01
   3.0720124e-01   4.4574262e-01
   5.7067010e-01   2.4457290e-01
   5.6428967e-01   2.4880784e-01
   4.8592687e-01   3.0291545e-01
   5.9676333e-01   2.2749541e-01
   6.0343591e-01   2.2318863e-01
   7.8908283e-01   1.1169666e-01
   3.6854993e-01   3.9291687e-01
   3.1982050e-01   4.3447326e-01
   2.9627272e-01   4.5569060e-01
   5.7710644e-01   2.4032478e-01
   3.2459071e-01   4.3027137e-01
   3.7859385e-01   3.8470020e-01
   5.8359991e-01   2.3606289e-01
   3.9386732e-01   3.7241151e-01
   5.3930354e-01   2.6562711e-01
   6.3542283e-01   2.0286586e-01
   4.6891680e-01   3.1522500e-01
   3.4389082e-01   4.1357795e-01
   2.8544246e-01   4.6573185e-01
   3.3741728e-01   4.1912370e-01
   8.0683073e-01   1.0176243e-01
   4.9747368e-01   2.9468186e-01
   2.5292785e-01   4.9708067e-01
   8.6306347e-01   7.0987905e-02
   4.6332613e-01   3.1931936e-01
   3.0250490e-01   4.4999554e-01
   2.9007182e-01   4.6141684e-01
   4.5225904e-01   3.2749793e-01
   9.2088436e-01   4.0372801e-02
   2.6726526e-01   4.8302296e-01
   5.0919405e-01   2.8642166e-01
   7.1449699e-01   1.5472076e-01
   6.2613646e-01   2.0871215e-01
   9.4254785e-01   2.9150964e-02
   7.2239379e-01   1.5006248e-01
   9.6493832e-01   1.7687260e-02
   4.4678107e-01   3.3158316e-01
   4.8021634e-01   3.0702356e-01
   6.6160769e-01   1.8660730e-01
   3.8874768e-01   3.7650366e-01
   6.9133503e-01   1.6853441e-01
   6.8378341e-01   1.7308803e-01
   4.0419507e-01   3.6423662e-01
   3.1349319e-01   4.4009537e-01
   2.7315913e-01   4.7735372e-01
   1.0000000e+00   5.3061072e-27
   6.4483248e-01   1.9698538e-01
   3.5368001e-01   4.0528997e-01
   6.2149022e-27   1.0000000e+00
