   6.9564801e+00   4.0241474e+00
   7.1011263e+00   5.1082772e+00
   5.4748008e+00   6.6599141e+00
   6.1576020e+00   5.1086846e+00
   5.8837512e+00   7.4369032e+00
   5.3168163e+00   5.1000637e+00
   5.6551664e+00   6.4409730e+00
   8.1666207e+00   4.1302206e+00
   7.7311759e+00   6.5451593e+00
   5.7661519e+00   5.9265176e+00
   6.0915827e+00   5.2926295e+00
   5.7693290e+00   6.4238618e+00
   7.7636354e+00   4.4497291e+00
   6.8807654e+00   5.5092602e+00
   6.4197146e+00   6.2552129e+00
   5.0569501e+00   4.9983410e+00
   6.7250556e+00   5.4589276e+00
   6.6308575e+00   5.7899018e+00
   6.7741969e+00   5.5753608e+00
   6.4048952e+00   6.5893875e+00
   4.8411021e+00   4.2462352e+00
   8.0646811e+00   7.8529942e+00
   7.2044137e+00   5.5926385e+00
   7.3202723e+00   5.4398931e+00
   7.0404276e+00   5.5713088e+00
   5.6560460e+00   6.1426009e+00
   6.5082347e+00   5.9249291e+00
   6.5146445e+00   5.7974435e+00
   6.3650502e+00   5.6548512e+00
   5.8334523e+00   5.2964122e+00
   6.7486376e+00   6.9515827e+00
   5.1243526e+00   6.8940295e+00
   5.4065820e+00   6.6700231e+00
   6.1915603e+00   6.9501659e+00
   7.0324195e+00   4.7212114e+00
   5.5187798e+00   5.5337945e+00
   6.6960204e+00   5.5216368e+00
   7.1022944e+00   5.2255957e+00
   5.9521439e+00   5.4730799e+00
   6.9321209e+00   7.1834217e+00
   6.9369281e+00   4.3097644e+00
   6.9831148e+00   6.0973232e+00
   5.7910194e+00   4.8877742e+00
   5.9160364e+00   5.1518588e+00
   6.7891750e+00   7.3326516e+00
   6.0980329e+00   7.4614077e+00
   6.6338684e+00   6.0601700e+00
   5.7396368e+00   6.0779179e+00
   6.7901210e+00   6.5915268e+00
   5.3701138e+00   5.5043590e+00
   7.6406232e+00   5.0257569e+00
   6.1220461e+00   5.3144936e+00
   7.7071599e+00   5.7730451e+00
   6.1032134e+00   6.7530213e+00
   6.4515555e+00   4.3671415e+00
   6.0391523e+00   5.8815722e+00
   6.4410685e+00   6.0298902e+00
   4.8358316e+00   6.9247286e+00
   7.5417014e+00   5.2494777e+00
   5.6142330e+00   5.0471186e+00
   5.9541844e+00   4.2254345e+00
   5.8635573e+00   5.3514080e+00
   7.1807223e+00   5.0482127e+00
   6.0570586e+00   5.4464733e+00
   6.2592914e+00   4.7588517e+00
   6.7062105e+00   5.9431802e+00
   7.1671777e+00   5.7753241e+00
   6.0582906e+00   6.5310932e+00
   5.9340790e+00   6.8400935e+00
   7.1872598e+00   5.7812701e+00
   8.1031103e+00   6.1049908e+00
   6.1930657e+00   5.4423001e+00
   6.3018654e+00   5.9921176e+00
   7.2318780e+00   4.6063852e+00
   6.4578787e+00   5.6325554e+00
   4.7356655e+00   5.5886534e+00
   6.3741985e+00   5.9169511e+00
   7.1805274e+00   5.8082969e+00
   7.7382620e+00   5.8426110e+00
   8.0305569e+00   5.3806822e+00
   5.2080572e+00   5.2478626e+00
   7.1983259e+00   7.2460716e+00
   5.8007775e+00   5.2551963e+00
   6.6501915e+00   5.8695862e+00
   5.5943713e+00   6.3301148e+00
   6.4045716e+00   5.5872692e+00
   6.3326191e+00   6.6183622e+00
   6.6488673e+00   5.5456244e+00
   7.2469072e+00   5.9770469e+00
   6.3594295e+00   5.6996464e+00
   7.2185023e+00   5.4195453e+00
   6.7121395e+00   4.9001969e+00
   6.7190354e+00   4.5701127e+00
   7.3234832e+00   5.9289733e+00
   4.9096960e+00   6.8057816e+00
   5.5022996e+00   7.0350348e+00
   6.6741757e+00   4.7480616e+00
   6.2693297e+00   5.3828554e+00
   5.9716600e+00   6.7599730e+00
   7.5366279e+00   4.6095797e+00
   6.3546285e-01   2.0287730e-01
   4.4136329e-01   3.3568475e-01
   9.2451152e-01   3.8521310e-02
   4.5228393e-01   3.2751595e-01
   3.7525359e-01   3.8745707e-01
   3.8537109e-01   3.7925389e-01
   1.0000000e+00   3.6533041e-05
   6.4820655e-02   7.4543752e-01
   3.1799086e-01   4.3612975e-01
   3.3742044e-01   4.1915751e-01
   3.5863044e-01   4.0117892e-01
   5.3933467e-01   2.6564245e-01
   4.0942646e-01   3.6017213e-01
   6.4487691e-01   1.9699425e-01
   5.3321599e-01   2.6982014e-01
   3.4879039e-01   4.0945175e-01
   4.6894285e-01   3.1524252e-01
   4.4680558e-01   3.3160136e-01
   4.5779908e-01   3.2342802e-01
   6.9241419e-01   1.6792224e-01
   4.1994014e-01   3.5200865e-01
   8.5987380e-01   7.2742728e-02
   5.8778781e-02   7.5759318e-01
   7.6774013e-02   7.2295529e-01
   4.9170668e-01   2.9881853e-01
   4.1466737e-01   3.5608982e-01
   4.2524543e-01   3.4792808e-01
   3.9731850e-01   3.6970447e-01
   9.6500760e-01   1.7688530e-02
   4.9750175e-01   2.9469849e-01
   9.0688610e-01   4.7730859e-02
   1.8266854e-01   5.7263912e-01
   6.6909214e-01   1.8205601e-01
   5.0334021e-01   2.9057180e-01
   1.8808498e-01   5.6634888e-01
   4.7457304e-01   3.1114391e-01
   5.2714649e-01   2.7398799e-01
   9.9999911e-05   9.9003654e-01
   8.2696924e-02   7.1246580e-01
   3.5369902e-01   4.0531053e-01
   5.8363456e-01   2.3607674e-01
   5.2112515e-01   2.7814655e-01
   3.3089569e-01   4.2480119e-01
   8.4693070e-01   7.9748156e-02
   7.0817023e-02   7.3392185e-01
   8.8590381e-02   7.0239517e-01
   1.1194554e-01   6.6545390e-01
   3.6522584e-01   3.9569736e-01
   6.5435521e-01   1.9111428e-01
   1.6393485e-01   5.9514784e-01
   9.1359051e-03   9.0445460e-01
   4.3595631e-01   3.3976666e-01
   3.8029831e-01   3.8335322e-01
   5.5799648e-01   2.5304491e-01
   5.4550359e-01   2.6145438e-01
   5.1515097e-01   2.8229635e-01
   9.4261477e-01   2.9153034e-02
   1.0613292e-01   6.7425606e-01
   3.9217664e-01   3.7379645e-01
   6.6162579e-01   1.8663270e-01
   3.2461447e-01   4.3028705e-01
   9.4458499e-02   6.9269552e-01
   5.5172383e-01   2.5725539e-01
   5.0922298e-01   2.8643792e-01
   4.8595412e-01   3.0293244e-01
   3.7023582e-01   3.9156647e-01
   4.3058392e-01   3.4384759e-01
   4.8024319e-01   3.0704073e-01
   3.7155140e-02   8.0727985e-01
   1.5740887e-01   6.0328866e-01
   5.9679894e-01   2.2750890e-01
   1.0030489e-01   6.8332706e-01
   1.5096160e-01   6.1149876e-01
   1.7112304e-01   5.8636633e-01
   8.8971439e-01   5.6789803e-02
   1.3077717e-01   6.3840527e-01
   5.9020515e-01   2.3178843e-01
   1.7699954e-01   5.7932340e-01
   5.6432270e-01   2.4882238e-01
   4.0248698e-01   3.6561792e-01
   5.7070361e-01   2.4458726e-01
   6.2653507e-01   2.0849685e-01
   5.7714048e-01   2.4033891e-01
   3.4390598e-01   4.1360156e-01
   6.0347788e-01   2.2319815e-01
   5.2684183e-02   7.7050618e-01
   8.2807436e-01   9.0050623e-02
   1.3654030e-01   6.3052294e-01
   2.9185094e-02   8.2920008e-01
   8.1553963e-01   9.6964207e-02
   6.7871944e-01   1.7619223e-01
   1.1774653e-01   6.5689439e-01
   6.1932275e-01   2.1306592e-01
   1.4374984e-01   6.2089298e-01
   6.1020753e-01   2.1887872e-01
   1.9365335e-02   8.6087715e-01
   4.4978425e-02   7.8795536e-01
   1.2498134e-01   6.4650953e-01
   4.6335179e-01   3.1933705e-01
   8.7285882e-01   6.5767394e-02
   1.7845450e-01   5.7756125e-01
   4.3593253e-01   3.3974813e-01
   6.1696968e-01   2.1452583e-01
   1.6394909e-01   5.9509373e-01
   6.4483297e-01   1.9698507e-01
   3.3103374e-01   4.2464469e-01
   1.9347502e-01   5.6014204e-01
   5.4547200e-01   2.6143924e-01
   3.9901624e-01   3.6832268e-01
   1.4374531e-01   6.2086241e-01
   3.9386746e-01   3.7241140e-01
   3.3740620e-01   4.1913323e-01
   5.0331172e-01   2.9055535e-01
   3.5532103e-01   4.0391189e-01
   3.6191350e-01   3.9840753e-01
   5.3930354e-01   2.6562711e-01
   1.5738990e-01   6.0327604e-01
   4.2522238e-01   3.4790922e-01
   4.0940445e-01   3.6015279e-01
   3.4390473e-01   4.1356609e-01
   5.5796394e-01   2.5303016e-01
   4.3056051e-01   3.4382890e-01
   3.0384836e-01   4.4877558e-01
   5.2109536e-01   2.7813065e-01
   5.2711625e-01   2.7397228e-01
   8.0180966e-01   1.0456175e-01
   3.1191044e-01   4.4151057e-01
   5.5169176e-01   2.5724044e-01
   3.2461447e-01   4.3025052e-01
   4.6332613e-01   3.1931936e-01
   4.9167902e-01   2.9880172e-01
   2.9994486e-01   4.5232778e-01
   6.9489372e-01   1.6639714e-01
   1.8576904e-01   5.6899067e-01
   3.7153637e-02   8.0724721e-01
   8.5657790e-01   7.4485062e-02
   4.5777381e-01   3.2341016e-01
   4.8592687e-01   3.0291545e-01
   7.6770758e-02   7.2292463e-01
   4.4133914e-01   3.3566639e-01
   3.6864002e-01   3.9284267e-01
   6.6642781e-01   1.8364970e-01
   9.0682287e-01   4.7727525e-02
   5.9015179e-01   2.3178663e-01
   6.3542326e-01   2.0286559e-01
   6.4817943e-02   7.4540632e-01
   1.1774031e-01   6.5686692e-01
   4.7454660e-01   3.1112658e-01
   6.0791886e-01   2.2030848e-01
   8.1914972e-01   9.4931095e-02
   4.5225904e-01   3.2749793e-01
   6.8513012e-01   1.7227413e-01
   5.2682009e-02   7.7047438e-01
   6.2613781e-01   2.0871130e-01
   8.7290766e-01   6.5704728e-02
   4.4678107e-01   3.3158316e-01
   3.8365414e-01   3.8060180e-01
   4.1991744e-01   3.5198963e-01
   7.0814037e-02   7.3389093e-01
   5.9898068e-01   2.2606158e-01
   3.1824237e-01   4.3587026e-01
   4.1464499e-01   3.5607066e-01
   3.8874754e-01   3.7650378e-01
   1.7117396e-01   5.8626825e-01
   1.1194062e-01   6.6542471e-01
   5.3318530e-01   2.6980461e-01
   1.0000000e+00   7.8368535e-25
   5.7281412e-01   2.4315515e-01
   1.0612821e-01   6.7422674e-01
   5.8776337e-02   7.5756168e-01
   3.7689961e-01   3.8607850e-01
   4.4976587e-02   7.8792316e-01
   8.8586515e-02   7.0236513e-01
   5.0919405e-01   2.8642166e-01
   1.0000002e-04   9.9000000e-01
   8.8965206e-01   5.6786313e-02
   9.6493832e-01   1.7687260e-02
   1.5095896e-01   6.1146563e-01
   4.6891680e-01   3.1522500e-01
   4.0419481e-01   3.6423683e-01
   4.9747368e-01   2.9468186e-01
   2.9183929e-02   8.2916695e-01
   8.4025960e-01   8.3343250e-02
   5.1512162e-01   2.8228027e-01
   9.4254785e-01   2.9150964e-02
   5.8143030e-01   2.3748423e-01
   3.5040731e-01   4.0804788e-01
   1.2931168e-01   6.4040067e-01
   1.9364574e-02   8.6084335e-01
   5.6641027e-01   2.4739767e-01
   6.7721228e-01   1.7707091e-01
   1.2353019e-01   6.4853138e-01
   1.3653072e-01   6.3049937e-01
   9.2444648e-01   3.8518604e-02
   9.1355546e-03   9.0441990e-01
   6.5436696e-01   1.9107048e-01
   4.8021634e-01   3.0702356e-01
   8.2693476e-02   7.1243527e-01
   1.0030090e-01   6.8329683e-01
   9.4454779e-02   6.9266504e-01
   3.1191044e-01   4.4151057e-01
   5.3930354e-01   2.6562711e-01
   6.4483249e-01   1.9698537e-01
   9.2088436e-01   4.0372801e-02
   1.6395164e-01   5.9509058e-01
   3.6191275e-01   3.9840815e-01
   4.6891680e-01   3.1522500e-01
   6.9877863e-01   1.6407020e-01
   6.5437026e-01   1.9106844e-01
   9.6493832e-01   1.7687260e-02
   1.2931168e-01   6.4040067e-01
   6.0791887e-01   2.2030847e-01
   8.8586580e-02   7.0236502e-01
   9.1355546e-03   9.0441990e-01
   3.8874768e-01   3.7650366e-01
   8.2693395e-02   7.1243541e-01
   5.0331172e-01   2.9055535e-01
   1.1194061e-01   6.6542473e-01
   1.5739104e-01   6.0327461e-01
   4.7454659e-01   3.1112658e-01
   1.0612827e-01   6.7422666e-01
   5.8142900e-01   2.3748508e-01
   6.8630407e-01   1.7156529e-01
   4.0940445e-01   3.6015279e-01
   1.0000001e-04   9.9000000e-01
   4.9167902e-01   2.9880172e-01
   3.5532101e-01   4.0391191e-01
   2.9740680e-01   4.5464983e-01
   4.8592687e-01   3.0291545e-01
   1.9149094e-01   5.6240322e-01
   1.9364574e-02   8.6084335e-01
   5.2682009e-02   7.7047438e-01
   7.9643874e-01   1.0756584e-01
   3.9386732e-01   3.7241151e-01
   4.2522238e-01   3.4790922e-01
   4.0419507e-01   3.6423662e-01
   3.3741940e-01   4.1912187e-01
   1.8422170e-01   5.7078945e-01
   5.7280928e-01   2.4315835e-01
   8.3123353e-01   8.8279909e-02
   3.1824237e-01   4.3587026e-01
   4.5225904e-01   3.2749793e-01
   5.4753950e-01   2.6004088e-01
   6.1696966e-01   2.1452584e-01
   3.3099336e-01   4.2467977e-01
   6.6647423e-01   1.8362127e-01
   4.5777381e-01   3.2341016e-01
   1.7117923e-01   5.8626189e-01
   4.6332613e-01   3.1931936e-01
   5.0919405e-01   2.8642166e-01
   1.4374620e-01   6.2086125e-01
   4.4976586e-02   7.8792316e-01
   3.0437348e-01   4.4829947e-01
   4.1464503e-01   3.5607064e-01
   5.9015178e-01   2.3178663e-01
   9.4454406e-02   6.9266564e-01
   5.2109536e-01   2.7813065e-01
   1.2352987e-01   6.4853183e-01
   2.0692610e-01   5.4510869e-01
   6.7631220e-01   1.7761797e-01
   5.2711625e-01   2.7397228e-01
   4.3056051e-01   3.4382890e-01
   6.0291378e-02   7.5445697e-01
   5.1512162e-01   2.8228027e-01
   2.9183930e-02   8.2916695e-01
   9.4254785e-01   2.9150964e-02
   6.3542283e-01   2.0286586e-01
   4.3593253e-01   3.3974813e-01
   3.7523389e-01   3.8743662e-01
   8.6305714e-01   7.0991312e-02
   5.9898068e-01   2.2606158e-01
   4.9747368e-01   2.9468186e-01
   4.4133914e-01   3.3566639e-01
   8.9990156e-01   5.1368587e-02
   1.0030054e-01   6.8329740e-01
   1.9846986e-01   5.5450044e-01
   7.5284967e-02   7.2561894e-01
   1.3653131e-01   6.3049856e-01
   8.1297653e-01   9.8347889e-02
   3.2458881e-01   4.3027304e-01
   3.9901624e-01   3.6832268e-01
   5.5586732e-01   2.5443490e-01
   3.5040621e-01   4.0804881e-01
   3.7153637e-02   8.0724721e-01
   6.7821272e-02   7.3957482e-01
   4.4678107e-01   3.3158316e-01
   1.1774030e-01   6.5686693e-01
   3.4389092e-01   4.1357787e-01
   1.0000000e+00   3.4278514e-25
   3.8196601e-01   3.8196601e-01
   5.3318530e-01   2.6980461e-01
   5.6428967e-01   2.4880784e-01
   4.1991745e-01   3.5198962e-01
   6.2613646e-01   2.0871215e-01
   8.7940765e-01   6.2232624e-02
   1.5096001e-01   6.1146428e-01
   4.8021634e-01   3.0702356e-01
   1.7838809e-01   5.7763986e-01
   3.6854994e-01   3.9291686e-01
   8.4693335e-01   7.9710182e-02
   4.1464503e-01   3.5607064e-01
   4.9167902e-01   2.9880172e-01
   4.8021634e-01   3.0702356e-01
   4.2522238e-01   3.4790922e-01
   1.9149094e-01   5.6240322e-01
   5.7280928e-01   2.4315835e-01
   1.0000001e-04   9.9000000e-01
   1.9872811e-01   5.5421069e-01
   4.5777381e-01   3.2341016e-01
   5.2682009e-02   7.7047438e-01
   6.6647512e-01   1.8362073e-01
   6.0791887e-01   2.2030847e-01
   3.3098413e-01   4.2468780e-01
   5.8142900e-01   2.3748508e-01
   6.9384646e-01   1.6702554e-01
   2.1133595e-01   5.4028710e-01
   4.1991745e-01   3.5198962e-01
   1.1194061e-01   6.6542473e-01
   2.0573010e-01   5.4642519e-01
   6.5436927e-01   1.9106906e-01
   3.4389080e-01   4.1357797e-01
   5.9015178e-01   2.3178663e-01
   1.5096001e-01   6.1146428e-01
   1.3653131e-01   6.3049856e-01
   6.1696966e-01   2.1452584e-01
   4.6891680e-01   3.1522500e-01
   4.4976586e-02   7.8792316e-01
   1.2931168e-01   6.4040067e-01
   4.8592687e-01   3.0291545e-01
   3.2459202e-01   4.3027022e-01
   3.7691236e-01   3.8606812e-01
   2.8781488e-01   4.6351619e-01
   5.4753950e-01   2.6004088e-01
   5.1512162e-01   2.8228027e-01
   8.7955725e-01   6.2152867e-02
   3.3741741e-01   4.1912359e-01
   2.9545918e-01   4.5643843e-01
   1.6395284e-01   5.9508909e-01
   3.0276158e-01   4.4976225e-01
   3.9729663e-01   3.6968529e-01
   1.7842188e-01   5.7759986e-01
   4.6332613e-01   3.1931936e-01
   6.3542283e-01   2.0286586e-01
   1.8566491e-01   5.6911149e-01
   3.5040621e-01   4.0804881e-01
   8.8586579e-02   7.0236502e-01
   9.4454406e-02   6.9266564e-01
   1.7118210e-01   5.8625841e-01
   4.9747368e-01   2.9468186e-01
   5.5586732e-01   2.5443490e-01
   8.2693395e-02   7.1243541e-01
   1.0612827e-01   6.7422666e-01
   4.0940445e-01   3.6015279e-01
   4.3056051e-01   3.4382890e-01
   3.1823499e-01   4.3587679e-01
   4.3593253e-01   3.3974813e-01
   3.5696476e-01   4.0253472e-01
   6.4483248e-01   1.9698538e-01
   4.4133914e-01   3.3566639e-01
   5.3930354e-01   2.6562711e-01
   5.0919405e-01   2.8642166e-01
   4.4678107e-01   3.3158316e-01
   4.7454659e-01   3.1112658e-01
   1.2352987e-01   6.4853183e-01
   3.1035076e-01   4.4290866e-01
   3.8365677e-01   3.8059967e-01
   6.2613646e-01   2.0871215e-01
   5.0331172e-01   2.9055535e-01
   5.9898068e-01   2.2606158e-01
   1.5739108e-01   6.0327456e-01
   9.2088436e-01   4.0372801e-02
   8.4696567e-01   7.9692623e-02
   1.4374620e-01   6.2086124e-01
   5.2309703e-01   2.7674553e-01
   1.1774030e-01   6.5686694e-01
   7.9365136e-01   1.0912888e-01
   9.1355546e-03   9.0441990e-01
   2.9183930e-02   8.2916695e-01
   4.5225904e-01   3.2749793e-01
   7.5284967e-02   7.2561894e-01
   8.6306347e-01   7.0987904e-02
   3.9045103e-01   3.7513919e-01
   7.0811250e-01   1.5850579e-01
   9.6493832e-01   1.7687260e-02
   3.7021666e-01   3.9154568e-01
   6.0291378e-02   7.5445697e-01
   3.7153637e-02   8.0724721e-01
   1.0030054e-01   6.8329740e-01
   5.6428967e-01   2.4880784e-01
   1.9364574e-02   8.6084335e-01
   6.7879184e-01   1.7611175e-01
   9.4254785e-01   2.9150964e-02
   8.1285418e-01   9.8415739e-02
   4.0419506e-01   3.6423664e-01
   6.7821272e-02   7.3957482e-01
   1.0000000e+00   2.4947509e-25
   8.3124465e-01   8.8273809e-02
   8.9990156e-01   5.1368588e-02
   5.3115687e-01   2.7119490e-01
   3.6356773e-01   3.9703422e-01
   6.3542283e-01   2.0286586e-01
   4.9167902e-01   2.9880172e-01
   1.9877019e-01   5.5416350e-01
   1.0612827e-01   6.7422666e-01
   5.9898068e-01   2.2606158e-01
   5.7280928e-01   2.4315835e-01
   5.3930354e-01   2.6562711e-01
   5.1512162e-01   2.8228027e-01
   8.4696568e-01   7.9692615e-02
   9.6493832e-01   1.7687260e-02
   9.1355546e-03   9.0441990e-01
   4.5225904e-01   3.2749793e-01
   1.9364574e-02   8.6084335e-01
   5.8142900e-01   2.3748508e-01
   1.7118073e-01   5.8626007e-01
   2.1133595e-01   5.4028710e-01
   1.7842112e-01   5.7760076e-01
   3.0252712e-01   4.4997534e-01
   4.0419507e-01   3.6423662e-01
   5.4753950e-01   2.6004088e-01
   5.2682009e-02   7.7047438e-01
   3.1823526e-01   4.3587656e-01
   1.5096001e-01   6.1146428e-01
   5.2309703e-01   2.7674553e-01
   8.8586579e-02   7.0236502e-01
   1.5739108e-01   6.0327456e-01
   4.8021634e-01   3.0702356e-01
   1.2352987e-01   6.4853183e-01
   3.4389081e-01   4.1357796e-01
   4.7454659e-01   3.1112658e-01
   3.5696476e-01   4.0253472e-01
   6.9386561e-01   1.6701404e-01
   5.5586732e-01   2.5443490e-01
   1.4374620e-01   6.2086124e-01
   5.0919405e-01   2.8642166e-01
   1.1194061e-01   6.6542473e-01
   6.6647517e-01   1.8362069e-01
   1.0000001e-04   9.9000000e-01
   8.2693395e-02   7.1243541e-01
   3.7691235e-01   3.8606812e-01
   6.1696966e-01   2.1452584e-01
   4.6332613e-01   3.1931936e-01
   8.3124468e-01   8.8273790e-02
   6.7879390e-01   1.7611051e-01
   2.9183930e-02   8.2916695e-01
   6.5436926e-01   1.9106906e-01
   4.4133914e-01   3.3566639e-01
   3.7021648e-01   3.9154583e-01
   5.9015178e-01   2.3178663e-01
   8.1587963e-01   9.6739444e-02
   4.3593253e-01   3.3974813e-01
   4.5777381e-01   3.2341016e-01
   8.7955724e-01   6.2152867e-02
   4.9747368e-01   2.9468186e-01
   4.8592687e-01   3.0291545e-01
   9.4454406e-02   6.9266564e-01
   3.2459076e-01   4.3027133e-01
   1.0030054e-01   6.8329740e-01
   7.0991181e-01   1.5743736e-01
   5.3115687e-01   2.7119490e-01
   3.3098438e-01   4.2468758e-01
   4.6891680e-01   3.1522500e-01
   6.7821272e-02   7.3957482e-01
   4.2522238e-01   3.4790922e-01
   1.1774030e-01   6.5686694e-01
   1.8567498e-01   5.6909981e-01
   6.4483248e-01   1.9698538e-01
   7.5284967e-02   7.2561894e-01
   2.8451911e-01   4.6659667e-01
   3.7153637e-02   8.0724721e-01
   1.6395301e-01   5.9508889e-01
   5.6428967e-01   2.4880784e-01
   6.0291378e-02   7.5445697e-01
   6.0791887e-01   2.2030847e-01
   3.6356773e-01   3.9703422e-01
   3.3741727e-01   4.1912370e-01
   2.0597559e-01   5.4615466e-01
   2.9471438e-01   4.5712398e-01
   3.9729664e-01   3.6968529e-01
   3.8365673e-01   3.8059970e-01
   1.2931168e-01   6.4040067e-01
   9.2088436e-01   4.0372801e-02
   4.4976586e-02   7.8792316e-01
   8.9990156e-01   5.1368588e-02
   4.4678107e-01   3.3158316e-01
   7.8697422e-01   1.1288432e-01
   4.1815639e-01   3.5334987e-01
   8.0059900e-01   1.0523802e-01
   6.2613646e-01   2.0871215e-01
   8.6306347e-01   7.0987905e-02
   5.0331172e-01   2.9055535e-01
   3.5040622e-01   4.0804880e-01
   1.9294324e-01   5.6074695e-01
   3.1034951e-01   4.4290978e-01
   1.0000000e+00   2.4947509e-25
   4.1114781e-01   3.5879191e-01
   1.3653132e-01   6.3049856e-01
   4.3056051e-01   3.4382890e-01
   3.9045101e-01   3.7513921e-01
   9.4254785e-01   2.9150964e-02
   6.3542283e-01   2.0286586e-01
   5.2682009e-02   7.7047438e-01
   5.3930354e-01   2.6562711e-01
   2.5000000e-01   5.0000000e-01
   4.4678107e-01   3.3158316e-01
   2.8451911e-01   4.6659667e-01
   8.6306347e-01   7.0987905e-02
   3.5696476e-01   4.0253472e-01
   4.5225904e-01   3.2749793e-01
   8.0078446e-01   1.0513439e-01
   9.1355546e-03   9.0441990e-01
   5.3115687e-01   2.7119490e-01
   2.9306158e-01   4.5864838e-01
   4.9941483e-01   2.9330712e-01
   1.5739108e-01   6.0327456e-01
   3.7153637e-02   8.0724721e-01
   1.7842112e-01   5.7760076e-01
   1.3653132e-01   6.3049856e-01
   4.6891680e-01   3.1522500e-01
   5.9015178e-01   2.3178663e-01
   6.0291378e-02   7.5445697e-01
   3.1823526e-01   4.3587656e-01
   4.5777381e-01   3.2341016e-01
   6.7821272e-02   7.3957482e-01
   6.7879394e-01   1.7611048e-01
   8.7955724e-01   6.2152867e-02
   4.0419507e-01   3.6423662e-01
   3.3741727e-01   4.1912370e-01
   3.0250357e-01   4.4999676e-01
   5.9898068e-01   2.2606158e-01
   5.2309703e-01   2.7674553e-01
   1.6395305e-01   5.9508884e-01
   1.1194061e-01   6.6542473e-01
   3.7691235e-01   3.8606812e-01
   4.1114781e-01   3.5879191e-01
   3.1034315e-01   4.4291550e-01
   6.4483248e-01   1.9698538e-01
   8.2693395e-02   7.1243541e-01
   8.1588124e-01   9.6738552e-02
   8.3124470e-01   8.8273780e-02
   6.1696966e-01   2.1452584e-01
   1.9294324e-01   5.6074695e-01
   4.2522238e-01   3.4790922e-01
   9.6493832e-01   1.7687260e-02
   2.9183930e-02   8.2916695e-01
   1.0030054e-01   6.8329740e-01
   1.0000001e-04   9.9000000e-01
   6.0791887e-01   2.2030847e-01
   7.8441821e-01   1.1432613e-01
   5.6428967e-01   2.4880784e-01
   3.6356773e-01   3.9703422e-01
   7.0151132e-01   1.6243727e-01
   5.1512162e-01   2.8228027e-01
   2.0607332e-01   5.4604700e-01
   3.8365673e-01   3.8059970e-01
   3.2459069e-01   4.3027139e-01
   4.9167902e-01   2.9880172e-01
   3.9729664e-01   3.6968529e-01
   1.9364574e-02   8.6084335e-01
   6.5436926e-01   1.9106906e-01
   1.0612827e-01   6.7422666e-01
   1.2352987e-01   6.4853183e-01
   4.4976586e-02   7.8792316e-01
   3.4389082e-01   4.1357795e-01
   2.1679450e-01   5.3438803e-01
   5.5586732e-01   2.5443490e-01
   2.1309398e-01   5.3837897e-01
   7.5284967e-02   7.2561894e-01
   1.5096001e-01   6.1146428e-01
   5.4753950e-01   2.6004088e-01
   8.4696568e-01   7.9692614e-02
   3.7021648e-01   3.9154583e-01
   4.1815639e-01   3.5334987e-01
   9.4454406e-02   6.9266564e-01
   3.3098435e-01   4.2468761e-01
   5.8142900e-01   2.3748508e-01
   9.2088436e-01   4.0372801e-02
   2.0021051e-01   5.5255110e-01
   8.9990156e-01   5.1368588e-02
   6.8880825e-01   1.7005528e-01
   3.5040622e-01   4.0804880e-01
   5.7280928e-01   2.4315835e-01
   1.4374620e-01   6.2086124e-01
   1.8567467e-01   5.6910016e-01
   5.0722830e-01   2.8780038e-01
   6.2613646e-01   2.0871215e-01
   1.2931167e-01   6.4040067e-01
   6.6647516e-01   1.8362070e-01
   4.8401878e-01   3.0428542e-01
   3.9045101e-01   3.7513921e-01
   4.3237012e-01   3.4245144e-01
   4.3953526e-01   3.3702545e-01
   4.6332613e-01   3.1931936e-01
   8.8586579e-02   7.0236502e-01
   1.7118160e-01   5.8625902e-01
   1.0000000e+00   2.4947509e-25
   7.1662069e-01   1.5346548e-01
   1.1774030e-01   6.5686694e-01
   4.7643203e-01   3.0975944e-01
   9.4254785e-01   2.9150964e-02
   2.8850907e-01   4.6286960e-01
   7.9794780e-01   1.0672076e-01
   2.9183930e-02   8.2916695e-01
   2.5000000e-01   5.0000000e-01
   5.1512162e-01   2.8228027e-01
   5.3115687e-01   2.7119490e-01
   3.5040622e-01   4.0804880e-01
   3.7021648e-01   3.9154583e-01
   9.1355546e-03   9.0441990e-01
   6.6647515e-01   1.8362070e-01
   1.5096001e-01   6.1146428e-01
   6.4483248e-01   1.9698538e-01
   4.2522238e-01   3.4790922e-01
   6.7821272e-02   7.3957482e-01
   5.9015178e-01   2.3178663e-01
   7.7997700e-01   1.1683693e-01
   1.0000002e-04   9.9000000e-01
   3.9045101e-01   3.7513921e-01
   5.5586732e-01   2.5443490e-01
   2.1312884e-01   5.3834121e-01
   9.6493832e-01   1.7687260e-02
   2.0023026e-01   5.5252904e-01
   3.8365673e-01   3.8059970e-01
   8.1588255e-01   9.6737827e-02
   8.3124470e-01   8.8273779e-02
   6.0291378e-02   7.5445697e-01
   7.5284967e-02   7.2561894e-01
   7.5000000e-01   1.3397460e-01
   1.9364574e-02   8.6084335e-01
   4.4976586e-02   7.8792316e-01
   3.9729664e-01   3.6968529e-01
   5.7280928e-01   2.4315835e-01
   5.2309703e-01   2.7674553e-01
   5.9898068e-01   2.2606158e-01
   4.8401878e-01   3.0428542e-01
   4.9167902e-01   2.9880172e-01
   1.5739108e-01   6.0327456e-01
   1.7842116e-01   5.7760071e-01
   3.2459069e-01   4.3027139e-01
   4.1114781e-01   3.5879191e-01
   6.1696966e-01   2.1452584e-01
   3.3741728e-01   4.1912370e-01
   6.3542283e-01   2.0286586e-01
   8.6306347e-01   7.0987905e-02
   1.8567462e-01   5.6910022e-01
   4.3953305e-01   3.3702711e-01
   1.7118158e-01   5.8625904e-01
   1.6395305e-01   5.9508884e-01
   2.2124414e-01   5.2963404e-01
   5.6428967e-01   2.4880784e-01
   7.1875000e-01   1.5220875e-01
   6.5436926e-01   1.9106906e-01
   8.7955724e-01   6.2152867e-02
   3.7691235e-01   3.8606812e-01
   3.5696476e-01   4.0253472e-01
   9.4254785e-01   2.9150964e-02
   2.7997700e-01   4.7087147e-01
   1.3653132e-01   6.3049856e-01
   2.9641022e-01   4.5556431e-01
   9.2088436e-01   4.0372801e-02
   3.7153637e-02   8.0724721e-01
   8.4696568e-01   7.9692614e-02
   6.0791887e-01   2.2030847e-01
   5.4753950e-01   2.6004088e-01
   1.2931167e-01   6.4040067e-01
   6.7879419e-01   1.7611033e-01
   4.3234739e-01   3.4246872e-01
   3.3098431e-01   4.2468764e-01
   4.9941483e-01   2.9330712e-01
   2.0754406e-01   5.4442997e-01
   3.6356773e-01   3.9703422e-01
   7.0413809e-01   1.6087063e-01
   5.2682009e-02   7.7047438e-01
   4.6147114e-01   3.2068333e-01
   3.1823523e-01   4.3587658e-01
   4.7643203e-01   3.0975944e-01
   1.2208330e-01   6.5059580e-01
   5.3930354e-01   2.6562711e-01
   5.8142900e-01   2.3748508e-01
   8.2693395e-02   7.1243541e-01
   4.6891680e-01   3.1522500e-01
   4.1815639e-01   3.5334987e-01
   5.0722830e-01   2.8780038e-01
   1.1629142e-01   6.5898472e-01
   6.2613646e-01   2.0871215e-01
   1.0467289e-01   6.7646810e-01
   4.4678107e-01   3.3158316e-01
   1.4374620e-01   6.2086124e-01
   4.0419507e-01   3.6423662e-01
   1.1048881e-01   6.6760142e-01
   1.9294463e-01   5.6074537e-01
   9.7379969e-02   6.8794236e-01
   6.9130953e-01   1.6854974e-01
   3.4389082e-01   4.1357795e-01
   8.9990156e-01   5.1368588e-02
   1.0000000e+00   2.4947509e-25
   3.1192276e-01   4.4149955e-01
   4.5409317e-01   3.2613564e-01
   3.0408755e-01   4.4855866e-01
   9.0055764e-02   6.9990707e-01
   6.4483248e-01   1.9698538e-01
   4.9941483e-01   2.9330712e-01
   2.5000000e-01   5.0000000e-01
   4.3953305e-01   3.3702711e-01
   4.4678107e-01   3.3158316e-01
   5.3115687e-01   2.7119490e-01
   4.6147114e-01   3.2068333e-01
   2.2124414e-01   5.2963404e-01
   3.6356773e-01   3.9703422e-01
   4.6891680e-01   3.1522500e-01
   1.5096001e-01   6.1146428e-01
   3.9729664e-01   3.6968529e-01
   4.2522238e-01   3.4790922e-01
   8.7955724e-01   6.2152867e-02
   5.9015178e-01   2.3178663e-01
   7.7997700e-01   1.1683693e-01
   5.4753950e-01   2.6004088e-01
   7.5284967e-02   7.2561894e-01
   1.6395305e-01   5.9508884e-01
   5.3930354e-01   2.6562711e-01
   9.6493832e-01   1.7687260e-02
   6.7879419e-01   1.7611033e-01
   3.8365673e-01   3.8059970e-01
   2.7875586e-01   4.7202664e-01
   7.5000000e-01   1.3397460e-01
   6.0291378e-02   7.5445697e-01
   3.4389082e-01   4.1357795e-01
   1.9294463e-01   5.6074537e-01
   5.0722830e-01   2.8780038e-01
   9.1355546e-03   9.0441990e-01
   1.7842116e-01   5.7760071e-01
   5.7280928e-01   2.4315835e-01
   5.2309703e-01   2.7674553e-01
   5.9898068e-01   2.2606158e-01
   6.1696966e-01   2.1452584e-01
   2.0754406e-01   5.4442997e-01
   1.5739108e-01   6.0327456e-01
   1.8567461e-01   5.6910023e-01
   3.2459069e-01   4.3027139e-01
   3.5696476e-01   4.0253472e-01
   2.8852678e-01   4.6285311e-01
   3.3741728e-01   4.1912370e-01
   6.3542283e-01   2.0286586e-01
   8.6306347e-01   7.0987905e-02
   1.3653132e-01   6.3049856e-01
   3.7021648e-01   3.9154583e-01
   5.5586732e-01   2.5443490e-01
   9.4254785e-01   2.9150964e-02
   4.1114781e-01   3.5879191e-01
   1.4374620e-01   6.2086124e-01
   8.4696569e-01   7.9692614e-02
   7.0411061e-01   1.6088701e-01
   8.9990156e-01   5.1368588e-02
   6.2613646e-01   2.0871215e-01
   7.2002300e-01   1.5145831e-01
   8.1588262e-01   9.6737788e-02
   3.0407041e-01   4.4857420e-01
   9.2088436e-01   4.0372801e-02
   6.5436926e-01   1.9106906e-01
   6.0791887e-01   2.2030847e-01
   4.4976586e-02   7.8792316e-01
   4.1815639e-01   3.5334987e-01
   8.2693395e-02   7.1243541e-01
   4.7643203e-01   3.0975944e-01
   1.2931167e-01   6.4040067e-01
   5.1512162e-01   2.8228027e-01
   3.7691235e-01   3.8606812e-01
   3.9045101e-01   3.7513921e-01
   4.3234739e-01   3.4246872e-01
   3.5040622e-01   4.0804880e-01
   6.7821272e-02   7.3957482e-01
   4.8401878e-01   3.0428542e-01
   5.6428967e-01   2.4880784e-01
   3.3098432e-01   4.2468764e-01
   4.5409317e-01   3.2613564e-01
   7.9789927e-01   1.0674792e-01
   1.0000001e-04   9.9000000e-01
   6.6647515e-01   1.8362071e-01
   2.1484257e-01   5.3648887e-01
   5.8142900e-01   2.3748508e-01
   4.0419507e-01   3.6423662e-01
   3.1823519e-01   4.3587662e-01
   4.9167902e-01   2.9880172e-01
   3.7153637e-02   8.0724721e-01
   1.1048881e-01   6.6760142e-01
   1.7118158e-01   5.8625904e-01
   5.2682009e-02   7.7047438e-01
   8.3124471e-01   8.8273775e-02
   1.1629142e-01   6.5898472e-01
   1.0467289e-01   6.7646810e-01
   9.0055764e-02   6.9990708e-01
   2.9628041e-01   4.5568354e-01
   6.9133549e-01   1.6853413e-01
   3.1191790e-01   4.4150390e-01
   2.9183930e-02   8.2916695e-01
   1.0000000e+00   2.4947509e-25
   2.0023490e-01   5.5252386e-01
   1.2208330e-01   6.5059580e-01
   1.9364574e-02   8.6084335e-01
   9.7379969e-02   6.8794236e-01
   6.4483248e-01   1.9698538e-01
   4.9941483e-01   2.9330712e-01
   2.5000000e-01   5.0000000e-01
   4.3953305e-01   3.3702711e-01
   4.6891680e-01   3.1522500e-01
   5.3115687e-01   2.7119490e-01
   4.6147114e-01   3.2068333e-01
   1.3653132e-01   6.3049856e-01
   3.6356773e-01   3.9703422e-01
   1.9294463e-01   5.6074537e-01
   1.5096001e-01   6.1146428e-01
   5.3930354e-01   2.6562711e-01
   4.2522238e-01   3.4790922e-01
   8.7955724e-01   6.2152867e-02
   5.9015178e-01   2.3178663e-01
   7.7997700e-01   1.1683693e-01
   5.4753950e-01   2.6004088e-01
   7.5284967e-02   7.2561894e-01
   8.1588262e-01   9.6737788e-02
   3.7153637e-02   8.0724721e-01
   9.6493832e-01   1.7687260e-02
   6.7879419e-01   1.7611033e-01
   3.8365673e-01   3.8059970e-01
   2.7875586e-01   4.7202664e-01
   7.5000000e-01   1.3397460e-01
   6.0291378e-02   7.5445697e-01
   8.2693395e-02   7.1243541e-01
   1.1629142e-01   6.5898472e-01
   5.0722830e-01   2.8780038e-01
   9.1355546e-03   9.0441990e-01
   1.7842116e-01   5.7760071e-01
   5.7280928e-01   2.4315835e-01
   3.5696476e-01   4.0253472e-01
   5.9898068e-01   2.2606158e-01
   6.1696966e-01   2.1452584e-01
   2.0754406e-01   5.4442997e-01
   1.5739108e-01   6.0327456e-01
   1.8567461e-01   5.6910023e-01
   3.2459069e-01   4.3027139e-01
   5.2682009e-02   7.7047438e-01
   3.7691235e-01   3.8606812e-01
   4.1114781e-01   3.5879191e-01
   6.3542283e-01   2.0286586e-01
   8.6306347e-01   7.0987905e-02
   4.7643203e-01   3.0975944e-01
   4.4976586e-02   7.8792316e-01
   5.5586732e-01   2.5443490e-01
   9.4254785e-01   2.9150964e-02
   1.2931167e-01   6.4040067e-01
   1.4374620e-01   6.2086124e-01
   8.4696569e-01   7.9692614e-02
   7.0411061e-01   1.6088701e-01
   4.0419507e-01   3.6423662e-01
   6.2613646e-01   2.0871215e-01
   7.2002300e-01   1.5145831e-01
   3.9045101e-01   3.7513921e-01
   1.9364574e-02   8.6084335e-01
   9.2088436e-01   4.0372801e-02
   6.5436926e-01   1.9106906e-01
   6.0791887e-01   2.2030847e-01
   3.4389082e-01   4.1357795e-01
   5.1512162e-01   2.8228027e-01
   8.3124471e-01   8.8273775e-02
   6.6647515e-01   1.8362071e-01
   2.9472462e-01   4.5711454e-01
   2.8700760e-01   4.6426910e-01
   4.4678107e-01   3.3158316e-01
   5.8142900e-01   2.3748508e-01
   4.9167902e-01   2.9880172e-01
   3.0250785e-01   4.4999287e-01
   6.7821272e-02   7.3957482e-01
   4.8401878e-01   3.0428542e-01
   7.9789927e-01   1.0674792e-01
   3.3098432e-01   4.2468764e-01
   3.7021648e-01   3.9154583e-01
   2.1487989e-01   5.3644861e-01
   4.5409317e-01   3.2613564e-01
   2.9183930e-02   8.2916695e-01
   4.1815639e-01   3.5334987e-01
   5.2309703e-01   2.7674553e-01
   5.6428967e-01   2.4880784e-01
   1.0467289e-01   6.7646810e-01
   9.0055764e-02   6.9990708e-01
   1.7118158e-01   5.8625904e-01
   1.0000001e-04   9.9000000e-01
   3.1035656e-01   4.4290346e-01
   2.0023362e-01   5.5252529e-01
   3.5040622e-01   4.0804880e-01
   6.9133506e-01   1.6853439e-01
   2.2241553e-01   5.2839049e-01
   4.3234739e-01   3.4246872e-01
   9.7379969e-02   6.8794236e-01
   8.9990156e-01   5.1368588e-02
   3.9729664e-01   3.6968529e-01
   1.2208330e-01   6.5059580e-01
   1.0000000e+00   2.4947509e-25
   3.3741728e-01   4.1912370e-01
   1.1048881e-01   6.6760142e-01
   1.6395305e-01   5.9508884e-01
   3.1823453e-01   4.3587720e-01
   6.4483248e-01   1.9698538e-01
   4.9941483e-01   2.9330712e-01
   2.5000000e-01   5.0000000e-01
   2.7875586e-01   4.7202664e-01
   4.6891680e-01   3.1522500e-01
   5.3115687e-01   2.7119490e-01
   2.1487989e-01   5.3644861e-01
   1.3653132e-01   6.3049856e-01
   3.6356773e-01   3.9703422e-01
   1.9294463e-01   5.6074537e-01
   1.5096001e-01   6.1146428e-01
   5.3930354e-01   2.6562711e-01
   4.2522238e-01   3.4790922e-01
   8.7955724e-01   6.2152867e-02
   5.9015178e-01   2.3178663e-01
   7.7997700e-01   1.1683693e-01
   5.4753950e-01   2.6004088e-01
   7.5284967e-02   7.2561894e-01
   5.7280928e-01   2.4315835e-01
   4.4678107e-01   3.3158316e-01
   9.6493832e-01   1.7687260e-02
   8.2693395e-02   7.1243541e-01
   3.8365673e-01   3.8059970e-01
   4.3234739e-01   3.4246872e-01
   7.5000000e-01   1.3397460e-01
   6.0291378e-02   7.5445697e-01
   3.7691235e-01   3.8606812e-01
   7.2002300e-01   1.5145831e-01
   5.0722830e-01   2.8780038e-01
   9.1355546e-03   9.0441990e-01
   1.7842116e-01   5.7760071e-01
   3.1823518e-01   4.3587663e-01
   3.2459069e-01   4.3027139e-01
   5.9898068e-01   2.2606158e-01
   6.1696966e-01   2.1452584e-01
   2.0754406e-01   5.4442997e-01
   1.5739108e-01   6.0327456e-01
   1.8567461e-01   5.6910023e-01
   2.8700760e-01   4.6426910e-01
   5.2682009e-02   7.7047438e-01
   2.9472121e-01   4.5711768e-01
   6.7879419e-01   1.7611033e-01
   6.3542283e-01   2.0286586e-01
   8.6306347e-01   7.0987905e-02
   4.7643203e-01   3.0975944e-01
   4.4976586e-02   7.8792316e-01
   5.5586732e-01   2.5443490e-01
   9.4254785e-01   2.9150964e-02
   1.2931167e-01   6.4040067e-01
   1.4374620e-01   6.2086124e-01
   8.4696569e-01   7.9692614e-02
   3.9729664e-01   3.6968529e-01
   5.8142900e-01   2.3748508e-01
   6.2613646e-01   2.0871215e-01
   1.7118158e-01   5.8625904e-01
   3.9045101e-01   3.7513921e-01
   1.9364574e-02   8.6084335e-01
   9.2088436e-01   4.0372801e-02
   4.8401878e-01   3.0428542e-01
   6.0791887e-01   2.2030847e-01
   3.7153637e-02   8.0724721e-01
   6.6647515e-01   1.8362071e-01
   8.3124471e-01   8.8273775e-02
   4.3953305e-01   3.3702711e-01
   1.6395305e-01   5.9508884e-01
   2.2241553e-01   5.2839049e-01
   4.1815639e-01   3.5334987e-01
   3.3741728e-01   4.1912370e-01
   3.7021648e-01   3.9154583e-01
   6.7821272e-02   7.3957482e-01
   4.9167902e-01   2.9880172e-01
   5.1512162e-01   2.8228027e-01
   7.9789927e-01   1.0674792e-01
   3.3098432e-01   4.2468764e-01
   5.2309703e-01   2.7674553e-01
   2.0023362e-01   5.5252529e-01
   4.5409317e-01   3.2613564e-01
   2.9183930e-02   8.2916695e-01
   4.6147114e-01   3.2068333e-01
   3.5696476e-01   4.0253472e-01
   7.0410606e-01   1.6088972e-01
   1.0467289e-01   6.7646810e-01
   5.6428967e-01   2.4880784e-01
   3.4389082e-01   4.1357795e-01
   8.9990156e-01   5.1368588e-02
   1.1629142e-01   6.5898472e-01
   3.0250522e-01   4.4999525e-01
   1.1048881e-01   6.6760142e-01
   3.1034260e-01   4.4291599e-01
   4.1114781e-01   3.5879191e-01
   6.9133501e-01   1.6853442e-01
   4.0419507e-01   3.6423662e-01
   9.7379969e-02   6.8794236e-01
   1.0000001e-04   9.9000000e-01
   9.0055764e-02   6.9990708e-01
   1.0000000e+00   2.4947509e-25
   3.5040622e-01   4.0804880e-01
   8.1588263e-01   9.6737783e-02
   1.2208330e-01   6.5059580e-01
   6.5436926e-01   1.9106906e-01
   6.9564801e+00   4.0241474e+00
   7.1011263e+00   5.1082772e+00
   5.4748008e+00   6.6599141e+00
   6.1576020e+00   5.1086846e+00
   5.8837512e+00   7.4369032e+00
   5.3168163e+00   5.2909538e+00
   5.6551664e+00   6.4409730e+00
   8.1666207e+00   4.1302206e+00
   7.7311759e+00   6.5451593e+00
   5.7661519e+00   5.9265176e+00
   6.0915827e+00   5.2926295e+00
   5.7693290e+00   6.4238618e+00
   7.7636354e+00   4.4497291e+00
   6.8807654e+00   5.5092602e+00
   6.4197146e+00   6.2552129e+00
   5.0569501e+00   4.9983410e+00
   6.7250556e+00   5.4589276e+00
   6.6308575e+00   5.7899018e+00
   6.7741969e+00   5.5753608e+00
   6.4048952e+00   6.5893875e+00
   4.8411021e+00   4.2462352e+00
   8.0646811e+00   7.8529942e+00
   7.2044137e+00   5.5926385e+00
   7.3202723e+00   5.4398931e+00
   7.0404276e+00   5.5713088e+00
   5.6560460e+00   6.1426009e+00
   6.5082347e+00   5.9249291e+00
   6.5146445e+00   5.7974435e+00
   6.3650502e+00   5.6548512e+00
   5.8334523e+00   5.2964122e+00
   6.7486376e+00   6.9515827e+00
   5.1243526e+00   6.8940295e+00
   5.4065820e+00   6.6700231e+00
   6.1915603e+00   6.9501659e+00
   7.0324195e+00   4.7212114e+00
   5.5187798e+00   5.5337945e+00
   6.6960204e+00   5.5216368e+00
   7.1022944e+00   5.2260851e+00
   5.9521439e+00   5.4730799e+00
   6.9321209e+00   7.1834217e+00
   6.9369281e+00   4.3097644e+00
   6.9831148e+00   6.0973232e+00
   5.7910194e+00   4.8877742e+00
   5.9160364e+00   5.1518588e+00
   6.7891750e+00   7.3326516e+00
   6.0980329e+00   7.4614077e+00
   6.6338684e+00   6.0601700e+00
   5.7396368e+00   6.0779179e+00
   6.7901210e+00   6.5915268e+00
   5.3701138e+00   5.5043590e+00
   7.6406232e+00   5.0257569e+00
   6.1220461e+00   5.3144936e+00
   7.7071599e+00   5.7730451e+00
   6.1032134e+00   6.7530213e+00
   6.4515555e+00   4.3671595e+00
   6.0391523e+00   5.8815722e+00
   6.4410685e+00   6.0298902e+00
   4.8358316e+00   6.9247286e+00
   7.5417014e+00   5.2494777e+00
   5.6142330e+00   5.0471186e+00
   5.9541844e+00   4.2254345e+00
   5.8635573e+00   5.3514080e+00
   7.1807223e+00   5.0482127e+00
   6.0570586e+00   5.4464733e+00
   6.2592914e+00   4.7588517e+00
   6.7062105e+00   5.9431802e+00
   7.1671777e+00   5.7753241e+00
   6.0582906e+00   6.5310932e+00
   5.9340790e+00   6.8400935e+00
   7.1872598e+00   5.7812701e+00
   8.1031103e+00   6.1049908e+00
   6.1930657e+00   5.4423001e+00
   6.3018654e+00   5.9921176e+00
   7.2318780e+00   4.6063852e+00
   6.4578787e+00   5.6325554e+00
   4.7356655e+00   5.5886534e+00
   6.3741985e+00   5.9169511e+00
   7.1805274e+00   5.8082969e+00
   7.7382620e+00   5.8426110e+00
   8.0305569e+00   5.3806822e+00
   5.2080572e+00   5.2478626e+00
   7.1983259e+00   7.2460716e+00
   5.8007775e+00   5.2551963e+00
   6.6501915e+00   5.8695862e+00
   5.5943713e+00   6.3301148e+00
   6.4045716e+00   5.5872692e+00
   6.3326191e+00   6.6183622e+00
   6.6488673e+00   5.5456244e+00
   7.2469072e+00   5.9770469e+00
   6.3594295e+00   5.6996464e+00
   7.2185023e+00   5.4195453e+00
   6.7121395e+00   4.9001969e+00
   6.7190354e+00   4.5701127e+00
   7.3234832e+00   5.9289733e+00
   4.9096960e+00   6.8057816e+00
   5.5022996e+00   7.0350348e+00
   6.6741757e+00   4.7480616e+00
   6.2693297e+00   5.3828554e+00
   5.9716600e+00   6.7599730e+00
   7.5366279e+00   4.6095797e+00
   5.9213722e-01   2.3256556e-01
   5.8556659e-01   2.3685840e-01
   4.9920672e-01   2.9570844e-01
   5.4733485e-01   2.6233209e-01
   4.8190289e-01   3.0810185e-01
   3.4024238e-01   4.1942690e-01
   3.4513380e-01   4.1522957e-01
   5.2892937e-01   2.7491466e-01
   5.4114966e-01   2.6653640e-01
   3.3056007e-01   4.2782606e-01
   1.6469894e-01   5.9809721e-01
   4.8466735e-02   7.8716663e-01
   8.9933129e-01   5.3350369e-02
   1.5175966e-01   6.1453022e-01
   1.7603307e-01   5.8423605e-01
   4.8762880e-01   3.0397639e-01
   6.5892807e-01   1.9021886e-01
   8.2035207e-01   9.6026939e-02
   4.4292112e-01   3.3686958e-01
   5.5986073e-01   2.5389033e-01
   3.9703930e-01   3.7241657e-01
   1.5895840e-01   6.0530331e-01
   5.1095872e-01   2.8741428e-01
   3.8678185e-01   3.8064251e-01
   3.2128357e-03   9.9300463e-01
   6.2131760e-01   2.1378402e-01
   1.4015412e-01   6.2988952e-01
   6.8308331e-02   7.4477725e-01
   4.7621788e-01   3.1222232e-01
   5.2289218e-01   2.7908969e-01
   5.1690230e-01   2.8325606e-01
   3.5501739e-01   4.0683910e-01
   4.2144184e-01   3.5326740e-01
   3.5002212e-01   4.1106479e-01
   1.1066185e-02   9.1111592e-01
   6.8848563e-01   1.7216992e-01
   8.5608268e-01   7.6475529e-02
   3.6660629e-01   3.9714967e-01
   9.4188254e-01   3.1136616e-02
   4.6496723e-01   3.2045039e-01
   1.2712007e-01   6.4793731e-01
   5.0506051e-01   2.9156490e-01
   4.2229524e-02   8.0236097e-01
   1.1549197e-01   6.6485759e-01
   6.1221947e-01   2.1959141e-01
   3.8000588e-01   3.8613694e-01
   3.7327030e-01   3.9164779e-01
   3.5908528e-02   8.1905642e-01
   3.6162371e-01   4.0129636e-01
   5.5357151e-01   2.5811692e-01
   4.0394841e-01   3.6693607e-01
   5.7260169e-01   2.4540051e-01
   8.6910815e-01   6.9450293e-02
   4.4837767e-01   3.3276810e-01
   6.3988223e-01   2.0206521e-01
   4.7057293e-01   3.1633833e-01
   2.1280638e-02   8.6541260e-01
   9.2026856e-01   4.2355735e-02
   4.3211351e-01   3.4506906e-01
   3.1861171e-01   4.3836409e-01
   9.6801415e-01   1.7743640e-02
   5.3501485e-01   2.7073041e-01
   6.3054087e-01   2.0794022e-01
   6.4935030e-01   1.9615433e-01
   7.4298902e-02   7.3329987e-01
   4.1615522e-01   3.5736750e-01
   6.0545809e-01   2.2393538e-01
   6.7853683e-01   1.7820078e-01
   5.9877132e-01   2.2825546e-01
   1.2130520e-01   6.5629451e-01
   6.6869946e-01   1.8420790e-01
   4.5387038e-01   3.2866475e-01
   3.2570374e-01   4.3208558e-01
   1.0031637e+00   1.1634280e-05
   5.7905637e-01   2.4113574e-01
   4.3749997e-01   3.4096973e-01
   4.2676103e-01   3.4916811e-01
   8.0261058e-02   7.2234759e-01
   1.3434926e-01   6.3781621e-01
   2.9486666e-02   8.3776821e-01
   9.7969405e-02   6.9210634e-01
   4.5939997e-01   3.2455902e-01
   4.9339645e-01   2.9984543e-01
   1.4594395e-01   6.2214894e-01
   8.4329835e-01   8.3423061e-02
   3.3549119e-01   4.2353314e-01
   5.4633215e-02   7.7314278e-01
   3.9189627e-01   3.7652744e-01
   8.8237240e-01   6.2350361e-02
   4.0915602e-01   3.6283639e-01
   1.8118039e-01   5.7809144e-01
   1.8943477e-01   5.6842035e-01
   1.0966651e-01   6.7366401e-01
   1.7039238e-01   5.9107565e-01
   5.6620367e-01   2.4965176e-01
   1.0382646e-01   6.8273774e-01
   9.2091851e-02   7.0180346e-01
   6.0739335e-02   7.6006248e-01
   8.3043467e-01   9.0467282e-02
   8.6190450e-02   7.1186807e-01
   8.8292288e-01   6.0371873e-02
   1.1774218e-01   6.5687584e-01
   6.0121630e-01   2.2463024e-01
   6.6161342e-01   1.8661541e-01
   3.2144840e-01   4.3304744e-01
   8.5017331e-01   7.7963201e-02
   1.3509639e-01   6.3245703e-01
   4.8402741e-01   3.0429085e-01
   3.3985802e-02   8.1565925e-01
   8.2503638e-01   9.1696502e-02
   3.8028481e-01   3.8333927e-01
   5.7496550e-01   2.4174684e-01
   1.9348081e-01   5.6014710e-01
   5.6218554e-01   2.5022131e-01
   9.6496038e-01   1.7687665e-02
   1.4951428e-01   6.1334087e-01
   3.4072499e-01   4.1629510e-01
   8.6634759e-01   6.9233687e-02
   1.1194220e-01   6.6543399e-01
   5.9456401e-01   2.2893187e-01
   3.4714528e-01   4.1082127e-01
   1.6388359e-01   5.9518625e-01
   6.7136423e-01   1.8064345e-01
   1.6972624e-01   5.8803319e-01
   1.5674154e-01   6.0410567e-01
   8.1220641e-01   9.8786687e-02
   3.1602071e-01   4.3785444e-01
   5.8797237e-01   2.3321807e-01
   5.6854776e-01   2.4599057e-01
   3.5374068e-01   4.0525060e-01
   6.9253158e-01   1.6782681e-01
   1.7698378e-01   5.7931723e-01
   6.7986267e-01   1.7547378e-01
   3.2785358e-01   4.2742664e-01
   6.4484270e-01   1.9699065e-01
   3.1040888e-01   4.4286813e-01
   6.2615595e-01   2.0871147e-01
   4.2345772e-01   3.4927534e-01
   3.6689245e-01   3.9429516e-01
   4.2878482e-01   3.4519500e-01
   8.3750687e-01   8.4857619e-02
   3.3419187e-01   4.2191833e-01
   1.0176048e-01   6.8101245e-01
   1.0000000e+00   1.1634280e-05
   4.3954070e-01   3.3703298e-01
   6.3543531e-01   2.0286967e-01
   1.8167683e-01   5.7377598e-01
   8.9992147e-01   5.1369725e-02
   9.1356662e-03   9.0443096e-01
   4.1290174e-01   3.5743733e-01
   5.2712588e-01   2.7397728e-01
   6.5392226e-01   1.9135704e-01
   1.0000000e-04   9.9001163e-01
   3.6026674e-01   3.9978939e-01
   6.0292178e-02   7.5446698e-01
   3.9902312e-01   3.6832886e-01
   4.0593525e-01   3.6288115e-01
   1.8805918e-01   5.6635373e-01
   4.5043689e-01   3.2886569e-01
   4.7267398e-01   3.1249874e-01
   5.8143997e-01   2.3748952e-01
   2.5946376e-02   8.3893284e-01
   3.7356502e-01   3.8881198e-01
   4.6147927e-01   3.2068898e-01
   4.6705717e-01   3.1659582e-01
   9.4256916e-01   2.9151623e-02
   7.8255481e-02   7.2026982e-01
   5.5379611e-01   2.5583685e-01
   4.8976573e-01   3.0017899e-01
   4.4497089e-01   3.3295025e-01
   9.5919163e-02   6.9030344e-01
   1.2353124e-01   6.4854152e-01
   4.9554625e-01   2.9606118e-01
   5.4754878e-01   2.6004624e-01
   5.3932558e-01   2.6562374e-01
   9.0056986e-02   6.9991667e-01
   4.1816359e-01   3.5335594e-01
   5.4211694e-02   7.6717759e-01
   9.2090497e-01   4.0373700e-02
   4.1863473e-02   7.9540598e-01
   5.1315160e-01   2.8366563e-01
   5.0136986e-01   2.9193688e-01
   4.5593942e-01   3.2477877e-01
   5.0723746e-01   2.8780558e-01
   1.4229950e-01   6.2278557e-01
   3.9387421e-01   3.7241765e-01
   8.4170936e-02   7.0988936e-01
   6.1699065e-01   2.1452411e-01
   1.2932523e-01   6.4039346e-01
   1.0613000e-01   6.7423565e-01
   7.2307663e-02   7.3111079e-01
   3.8705511e-01   3.7787411e-01
   4.3414558e-01   3.4111439e-01
   6.0796445e-01   2.2029088e-01
   5.2110483e-01   2.7813572e-01
   4.7833044e-01   3.0839726e-01
   1.7693749e-02   8.6699378e-01
   5.3319709e-01   2.6980818e-01
   4.8072151e-02   7.8075801e-01
   6.6321842e-02   7.4248136e-01
   4.5593942e-01   3.2477877e-01
   8.3750687e-01   8.4857619e-02
   6.2614851e-01   2.0871617e-01
   1.6395445e-01   5.9509875e-01
   9.5919158e-02   6.9030345e-01
   6.4484510e-01   1.9698916e-01
   8.2507260e-01   9.1676565e-02
   1.0000000e+00   1.1634280e-05
   5.8143993e-01   2.3748955e-01
   3.8028479e-01   3.8333928e-01
   8.0063383e-01   1.0523019e-01
   2.5946377e-02   8.3893284e-01
   1.9348081e-01   5.6014710e-01
   6.3543512e-01   2.0286979e-01
   4.8402741e-01   3.0429085e-01
   6.9529824e-01   1.6616618e-01
   4.1863473e-02   7.9540598e-01
   1.4230535e-01   6.2277782e-01
   9.1356662e-03   9.0443096e-01
   4.3414558e-01   3.4111439e-01
   8.1283434e-01   9.8438379e-02
   4.2345772e-01   3.4927534e-01
   4.2878482e-01   3.4519500e-01
   1.5673355e-01   6.0411575e-01
   6.1698148e-01   2.1452994e-01
   3.4065454e-01   4.1635546e-01
   9.0056996e-02   6.9991666e-01
   5.9899205e-01   2.2606587e-01
   5.9016293e-01   2.3179101e-01
   4.9554625e-01   2.9606118e-01
   8.9992147e-01   5.1369724e-02
   3.6689245e-01   3.9429516e-01
   3.7356475e-01   3.8881220e-01
   8.8292467e-01   6.0370920e-02
   6.0793047e-01   2.2031268e-01
   1.7118424e-01   5.8626746e-01
   7.8255480e-02   7.2026982e-01
   1.7696114e-01   5.7934414e-01
   1.0758419e-01   6.7201135e-01
   5.0136986e-01   2.9193688e-01
   4.7833044e-01   3.0839726e-01
   8.6634870e-01   6.9233087e-02
   3.4714866e-01   4.1081841e-01
   1.2786863e-01   6.4242439e-01
   4.7267398e-01   3.1249874e-01
   3.9387399e-01   3.7241782e-01
   3.3985802e-02   8.1565925e-01
   4.6147927e-01   3.2068898e-01
   5.6854776e-01   2.4599058e-01
   3.5368599e-01   4.0529658e-01
   9.4256916e-01   2.9151624e-02
   8.5017254e-01   7.7963622e-02
   5.3726846e-01   2.6702564e-01
   9.6496038e-01   1.7687665e-02
   1.7693751e-02   8.6699378e-01
   5.5587763e-01   2.5443962e-01
   6.8382911e-01   1.7307203e-01
   5.0723746e-01   2.8780558e-01
   1.0176048e-01   6.8101245e-01
   7.2307661e-02   7.3111080e-01
   1.8270083e-01   5.7257646e-01
   3.6026664e-01   3.9978948e-01
   4.0074598e-01   3.6696663e-01
   5.7496548e-01   2.4174685e-01
   4.1816358e-01   3.5335594e-01
   5.4962290e-01   2.5864607e-01
   9.2090496e-01   4.0373704e-02
   5.1314998e-01   2.8366676e-01
   1.8832639e-01   5.6604575e-01
   8.4170430e-02   7.0989023e-01
   3.1046664e-01   4.4281630e-01
   1.4951937e-01   6.1333429e-01
   5.1910836e-01   2.7951989e-01
   5.4211693e-02   7.6717759e-01
   4.5043689e-01   3.2886568e-01
   3.0350465e-01   4.4909907e-01
   3.3420852e-01   4.2190392e-01
   6.5438396e-01   1.9107161e-01
   5.6218553e-01   2.5022131e-01
   6.0292178e-02   7.5446698e-01
   3.8705408e-01   3.7787493e-01
   4.8072150e-02   7.8075802e-01
   1.1339320e-01   6.6327256e-01
   5.2511357e-01   2.7536443e-01
   4.0767153e-01   3.6152003e-01
   4.1290174e-01   3.5743733e-01
   1.2063758e-01   6.5268243e-01
   9.9999980e-05   9.9001164e-01
   3.1833628e-01   4.3579866e-01
   4.3954070e-01   3.3703298e-01
   4.8976573e-01   3.0017899e-01
   6.6407472e-01   1.8510384e-01
   1.3508970e-01   6.3246613e-01
   6.6321861e-02   7.4248132e-01
   5.3116660e-01   2.7119986e-01
   3.2748039e-01   4.2775261e-01
   5.4342021e-01   2.6284123e-01
   4.4497089e-01   3.3295025e-01
   4.6705719e-01   3.1659581e-01
   6.7394248e-01   1.7907163e-01
   8.2507260e-01   9.1676565e-02
   8.3750687e-01   8.4857619e-02
   3.0888235e-01   4.4423979e-01
   1.6395445e-01   5.9509875e-01
   9.5919158e-02   6.9030345e-01
   3.1823974e-01   4.3588422e-01
   1.0000000e+00   1.1634280e-05
   6.4484507e-01   1.9698918e-01
   1.7118424e-01   5.8626746e-01
   7.9978170e-01   1.0570649e-01
   7.8255480e-02   7.2026982e-01
   6.5438231e-01   1.9107263e-01
   3.8028479e-01   3.8333928e-01
   6.3543512e-01   2.0286979e-01
   4.8402741e-01   3.0429085e-01
   4.9554625e-01   2.9606118e-01
   5.9016293e-01   2.3179101e-01
   6.2614851e-01   2.0871617e-01
   6.8628465e-01   1.7158864e-01
   4.1290174e-01   3.5743733e-01
   8.1283434e-01   9.8438379e-02
   4.6147927e-01   3.2068898e-01
   4.2878482e-01   3.4519500e-01
   4.6705719e-01   3.1659581e-01
   3.4714895e-01   4.1081816e-01
   3.4065454e-01   4.1635546e-01
   6.0292178e-02   7.5446698e-01
   3.3420149e-01   4.2191001e-01
   5.0136986e-01   2.9193688e-01
   4.3954070e-01   3.3703298e-01
   1.8423966e-01   5.7078016e-01
   7.0152867e-01   1.6243855e-01
   3.8705408e-01   3.7787493e-01
   1.4951930e-01   6.1333437e-01
   9.4256916e-01   2.9151624e-02
   4.1816358e-01   3.5335594e-01
   9.2090496e-01   4.0373704e-02
   7.9129258e-01   1.1046536e-01
   6.6405029e-01   1.8511882e-01
   3.0203111e-01   4.5043806e-01
   8.4170430e-02   7.0989023e-01
   5.0723746e-01   2.8780558e-01
   3.2778436e-01   4.2748709e-01
   2.9184301e-02   8.2917750e-01
   5.1910836e-01   2.7951989e-01
   3.9387399e-01   3.7241782e-01
   1.9143750e-01   5.6247592e-01
   6.1698148e-01   2.1452995e-01
   7.2307661e-02   7.3111080e-01
   5.5587763e-01   2.5443962e-01
   4.4497089e-01   3.3295025e-01
   8.6634876e-01   6.9233055e-02
   1.5673485e-01   6.0411411e-01
   1.1339320e-01   6.6327256e-01
   1.0176048e-01   6.8101245e-01
   6.6321861e-02   7.4248132e-01
   9.1356662e-03   9.0443096e-01
   8.8292467e-01   6.0370919e-02
   1.0000001e-04   9.9001163e-01
   4.5593942e-01   3.2477877e-01
   4.3414558e-01   3.4111439e-01
   5.9899205e-01   2.2606587e-01
   5.1314998e-01   2.8366676e-01
   5.3116660e-01   2.7119986e-01
   5.6430018e-01   2.4881247e-01
   5.2511357e-01   2.7536443e-01
   1.7830734e-01   5.7774710e-01
   4.5043689e-01   3.2886568e-01
   3.7356470e-01   3.8881224e-01
   1.0758419e-01   6.7201135e-01
   2.9743881e-01   4.5463212e-01
   4.7833044e-01   3.0839726e-01
   4.2345772e-01   3.4927534e-01
   1.2786864e-01   6.4242439e-01
   1.9906803e-01   5.5384123e-01
   1.9364816e-02   8.6085411e-01
   6.0793047e-01   2.2031268e-01
   3.5368589e-01   4.0529667e-01
   6.7387365e-01   1.7911356e-01
   5.2682701e-02   7.7048451e-01
   3.6026659e-01   3.9978951e-01
   8.9992147e-01   5.1369725e-02
   3.7154116e-02   8.0725761e-01
   5.8143998e-01   2.3748951e-01
   2.0965949e-01   5.4212574e-01
   1.4230539e-01   6.2277777e-01
   1.3508982e-01   6.3246597e-01
   5.7281987e-01   2.4316299e-01
   4.4977172e-02   7.8793341e-01
   4.0074598e-01   3.6696663e-01
   3.6689242e-01   3.9429518e-01
   4.7267398e-01   3.1249874e-01
   1.2063789e-01   6.5268198e-01
   9.0056996e-02   6.9991666e-01
   5.4749951e-01   2.6007954e-01
   4.0767153e-01   3.6152003e-01
   4.8976573e-01   3.0017899e-01
   9.6496038e-01   1.7687665e-02
   8.5017288e-01   7.7963435e-02
   5.3930226e-01   2.6563962e-01
   5.0723746e-01   2.8780558e-01
   1.7118424e-01   5.8626746e-01
   6.9642804e-01   1.6548899e-01
   8.9992147e-01   5.1369725e-02
   3.4714894e-01   4.1081817e-01
   1.0000000e+00   1.1634280e-05
   2.0965949e-01   5.4212574e-01
   4.9554625e-01   2.9606118e-01
   6.7385680e-01   1.7912382e-01
   3.3420131e-01   4.2191016e-01
   1.3508982e-01   6.3246597e-01
   4.6147927e-01   3.2068898e-01
   7.0993082e-01   1.5743771e-01
   6.6405028e-01   1.8511883e-01
   1.8567691e-01   5.6910920e-01
   9.1356662e-03   9.0443096e-01
   4.1290174e-01   3.5743733e-01
   6.8380528e-01   1.7308644e-01
   5.9899205e-01   2.2606587e-01
   4.7267398e-01   3.1249874e-01
   5.8143993e-01   2.3748955e-01
   5.1314998e-01   2.8366676e-01
   9.5919158e-02   6.9030345e-01
   4.5593942e-01   3.2477877e-01
   5.5587763e-01   2.5443962e-01
   5.3931345e-01   2.6563200e-01
   4.1816358e-01   3.5335594e-01
   2.0035821e-01   5.5239773e-01
   4.8402741e-01   3.0429085e-01
   5.6430018e-01   2.4881247e-01
   8.0679071e-01   1.0179634e-01
   1.6395543e-01   5.9509754e-01
   7.8978701e-01   1.1131202e-01
   5.9016293e-01   2.3179101e-01
   5.3116660e-01   2.7119986e-01
   9.6496038e-01   1.7687665e-02
   6.3543512e-01   2.0286979e-01
   1.5673486e-01   6.0411410e-01
   4.5043689e-01   3.2886568e-01
   8.4170430e-02   7.0989023e-01
   1.4230546e-01   6.2277767e-01
   9.2090496e-01   4.0373704e-02
   3.7356470e-01   3.8881224e-01
   6.2614851e-01   2.0871617e-01
   6.0793047e-01   2.2031268e-01
   8.6634876e-01   6.9233055e-02
   3.8729387e-02   8.0321380e-01
   3.8028479e-01   3.8333928e-01
   3.1194902e-01   4.4148767e-01
   1.1339320e-01   6.6327256e-01
   9.4256916e-01   2.9151624e-02
   8.5017285e-01   7.7963452e-02
   4.0074598e-01   3.6696663e-01
   5.5737001e-02   7.6392478e-01
   2.8790761e-01   4.6344140e-01
   5.2511357e-01   2.7536443e-01
   4.3414558e-01   3.4111439e-01
   1.4951932e-01   6.1333436e-01
   4.2345772e-01   3.4927534e-01
   8.8292468e-01   6.0370918e-02
   4.8072150e-02   7.8075802e-01
   4.2878482e-01   3.4519500e-01
   4.7833044e-01   3.0839726e-01
   6.4484502e-01   1.9698921e-01
   3.0413435e-01   4.4852786e-01
   1.2786864e-01   6.4242438e-01
   3.4065448e-01   4.1635550e-01
   6.5438215e-01   1.9107273e-01
   3.6689242e-01   3.9429518e-01
   5.7282000e-01   2.4316291e-01
   3.8705408e-01   3.7787493e-01
   3.2778805e-01   4.2748387e-01
   4.8976573e-01   3.0017899e-01
   3.9387399e-01   3.7241782e-01
   3.6026659e-01   3.9978951e-01
   1.0758418e-01   6.7201135e-01
   2.9485134e-01   4.5700948e-01
   9.0056996e-02   6.9991666e-01
   8.3437030e-01   8.6572913e-02
   7.8255480e-02   7.2026982e-01
   6.1698148e-01   2.1452995e-01
   8.1894445e-01   9.5056139e-02
   4.0767153e-01   3.6152003e-01
   5.0136986e-01   2.9193688e-01
   4.6705719e-01   3.1659581e-01
   5.1910836e-01   2.7951989e-01
   4.3954070e-01   3.3703298e-01
   3.5368587e-01   4.0529669e-01
   1.2063790e-01   6.5268197e-01
   3.1983022e-01   4.3447629e-01
   1.0000002e-04   9.9001163e-01
   1.7842262e-01   5.7761061e-01
   5.4754961e-01   2.6004568e-01
   1.0176048e-01   6.8101245e-01
   6.3312910e-02   7.4839107e-01
   1.9364816e-02   8.6085411e-01
   1.9294935e-01   5.6075163e-01
   2.9184301e-02   8.2917750e-01
   4.4497089e-01   3.3295025e-01
   7.0814987e-02   7.3390078e-01
   5.7282000e-01   2.4316291e-01
   6.9642804e-01   1.6548899e-01
   8.1894445e-01   9.5056139e-02
   5.6430018e-01   2.4881247e-01
   6.5438203e-01   1.9107280e-01
   1.0000000e+00   1.1634280e-05
   9.0056996e-02   6.9991666e-01
   5.1910836e-01   2.7951989e-01
   1.9294935e-01   5.6075163e-01
   3.3420131e-01   4.2191016e-01
   1.3508982e-01   6.3246597e-01
   6.1698148e-01   2.1452995e-01
   8.9992147e-01   5.1369725e-02
   4.4497089e-01   3.3295025e-01
   1.8567691e-01   5.6910920e-01
   4.8976573e-01   3.0017899e-01
   8.3437750e-01   8.6568968e-02
   5.0723746e-01   2.8780558e-01
   6.6405023e-01   1.8511886e-01
   6.0793047e-01   2.2031268e-01
   8.5017285e-01   7.7963450e-02
   1.0176048e-01   6.8101245e-01
   6.7385673e-01   1.7912387e-01
   4.5593942e-01   3.2477877e-01
   4.8402741e-01   3.0429085e-01
   5.3931345e-01   2.6563200e-01
   9.5919158e-02   6.9030345e-01
   7.8255480e-02   7.2026982e-01
   3.4714894e-01   4.1081817e-01
   7.8978701e-01   1.1131202e-01
   5.2511357e-01   2.7536443e-01
   7.1145564e-01   1.5653334e-01
   6.3312910e-02   7.4839107e-01
   4.3954070e-01   3.3703298e-01
   4.6705719e-01   3.1659581e-01
   1.9364816e-02   8.6085411e-01
   3.6026660e-01   3.9978951e-01
   8.8292468e-01   6.0370918e-02
   5.5587763e-01   2.5443962e-01
   8.4170430e-02   7.0989023e-01
   3.6689242e-01   3.9429518e-01
   4.3414558e-01   3.4111439e-01
   1.7842314e-01   5.7761001e-01
   4.2878482e-01   3.4519500e-01
   6.8380476e-01   1.7308675e-01
   2.1135270e-01   5.4028052e-01
   3.9387399e-01   3.7241782e-01
   4.0074598e-01   3.6696663e-01
   1.0000002e-04   9.9001163e-01
   9.6496038e-01   1.7687665e-02
   3.0252520e-01   4.4998873e-01
   2.9184301e-02   8.2917750e-01
   2.8587980e-01   4.6533435e-01
   3.2778799e-01   4.2748391e-01
   5.3116660e-01   2.7119986e-01
   1.4951932e-01   6.1333435e-01
   3.8028479e-01   3.8333928e-01
   4.0767153e-01   3.6152003e-01
   3.7356470e-01   3.8881224e-01
   1.1339320e-01   6.6327256e-01
   9.4256916e-01   2.9151624e-02
   8.6634876e-01   6.9233055e-02
   5.9899205e-01   2.2606587e-01
   1.6395543e-01   5.9509753e-01
   5.4754961e-01   2.6004568e-01
   5.0136986e-01   2.9193688e-01
   4.6147927e-01   3.2068898e-01
   1.2786864e-01   6.4242438e-01
   4.7267398e-01   3.1249874e-01
   3.5368587e-01   4.0529668e-01
   4.1290174e-01   3.5743733e-01
   1.2063790e-01   6.5268197e-01
   2.9485134e-01   4.5700948e-01
   4.9554625e-01   2.9606118e-01
   4.7833044e-01   3.0839726e-01
   4.5043689e-01   3.2886568e-01
   4.1816358e-01   3.5335594e-01
   3.8729387e-02   8.0321380e-01
   4.2345772e-01   3.4927534e-01
   5.5737001e-02   7.6392478e-01
   8.0383690e-01   1.0344212e-01
   3.8705408e-01   3.7787493e-01
   3.4065451e-01   4.1635548e-01
   5.1314998e-01   2.8366676e-01
   5.8143993e-01   2.3748955e-01
   6.3543512e-01   2.0286979e-01
   3.1041156e-01   4.4286573e-01
   4.8072150e-02   7.8075802e-01
   6.2614851e-01   2.0871617e-01
   9.1356662e-03   9.0443096e-01
   1.4230546e-01   6.2277767e-01
   9.2090496e-01   4.0373704e-02
   1.0758418e-01   6.7201135e-01
   6.4484502e-01   1.9698921e-01
   5.9016293e-01   2.3179101e-01
   1.7118401e-01   5.8626774e-01
   1.5673488e-01   6.0411408e-01
   2.0189226e-01   5.5068740e-01
   7.0814987e-02   7.3390078e-01
   3.1824605e-01   4.3587863e-01
   1.0000000e+00   1.1634280e-05
   4.1816358e-01   3.5335594e-01
   8.1894445e-01   9.5056139e-02
   5.6430018e-01   2.4881247e-01
   7.8861346e-01   1.1197252e-01
   3.4714894e-01   4.1081817e-01
   5.8143993e-01   2.3748955e-01
   5.9016293e-01   2.3179101e-01
   1.9294935e-01   5.6075163e-01
   2.8587980e-01   4.6533435e-01
   1.3508982e-01   6.3246597e-01
   6.1698148e-01   2.1452995e-01
   1.2786864e-01   6.4242438e-01
   3.4065450e-01   4.1635548e-01
   6.3543512e-01   2.0286979e-01
   5.5587763e-01   2.5443962e-01
   8.3437750e-01   8.6568968e-02
   3.2778799e-01   4.2748391e-01
   6.6405023e-01   1.8511886e-01
   6.0793047e-01   2.2031268e-01
   8.5017285e-01   7.7963450e-02
   4.5043689e-01   3.2886568e-01
   8.8292468e-01   6.0370918e-02
   9.5919158e-02   6.9030345e-01
   3.7356470e-01   3.8881224e-01
   5.3931345e-01   2.6563200e-01
   6.9419962e-01   1.6682521e-01
   7.8255480e-02   7.2026982e-01
   4.3954070e-01   3.3703298e-01
   4.6705719e-01   3.1659581e-01
   6.3312910e-02   7.4839107e-01
   6.2614851e-01   2.0871617e-01
   5.9899205e-01   2.2606587e-01
   6.8379677e-01   1.7309158e-01
   1.0000002e-04   9.9001163e-01
   4.7833044e-01   3.0839726e-01
   3.6026660e-01   3.9978951e-01
   9.4256916e-01   2.9151624e-02
   3.5368587e-01   4.0529668e-01
   3.0251295e-01   4.4999986e-01
   3.6689242e-01   3.9429518e-01
   2.1135270e-01   5.4028052e-01
   1.4230546e-01   6.2277767e-01
   5.1513096e-01   2.8228539e-01
   5.0136986e-01   2.9193688e-01
   6.5438205e-01   1.9107279e-01
   8.6634876e-01   6.9233055e-02
   1.4951932e-01   6.1333435e-01
   1.7118401e-01   5.8626774e-01
   7.0397478e-01   1.6097959e-01
   4.3414558e-01   3.4111439e-01
   3.8028479e-01   3.8333928e-01
   7.1391443e-01   1.5507706e-01
   2.9184301e-02   8.2917750e-01
   1.2063790e-01   6.5268197e-01
   2.9470066e-01   4.5714825e-01
   5.4754961e-01   2.6004568e-01
   4.9554625e-01   2.9606118e-01
   4.8072150e-02   7.8075802e-01
   3.1824118e-01   4.3588295e-01
   1.7842352e-01   5.7760955e-01
   4.7267398e-01   3.1249874e-01
   4.6147927e-01   3.2068898e-01
   3.8729387e-02   8.0321380e-01
   5.5737001e-02   7.6392478e-01
   3.1035090e-01   4.4292017e-01
   8.0385328e-01   1.0343298e-01
   4.0767153e-01   3.6152003e-01
   1.1339320e-01   6.6327256e-01
   5.7282000e-01   2.4316291e-01
   5.0723746e-01   2.8780558e-01
   6.4484502e-01   1.9698921e-01
   1.5673488e-01   6.0411407e-01
   7.0814987e-02   7.3390078e-01
   4.4497089e-01   3.3295025e-01
   4.8402741e-01   3.0429085e-01
   8.4170430e-02   7.0989023e-01
   3.8705408e-01   3.7787493e-01
   4.0074598e-01   3.6696663e-01
   9.0056996e-02   6.9991666e-01
   3.9387399e-01   3.7241782e-01
   1.6395544e-01   5.9509752e-01
   1.8567743e-01   5.6910860e-01
   4.5593942e-01   3.2477877e-01
   1.0176048e-01   6.8101245e-01
   1.9364816e-02   8.6085411e-01
   5.3116660e-01   2.7119986e-01
   4.2345772e-01   3.4927534e-01
   4.8976573e-01   3.0017899e-01
   4.2878482e-01   3.4519500e-01
   8.9992147e-01   5.1369725e-02
   1.0758418e-01   6.7201135e-01
   6.7385518e-01   1.7912481e-01
   9.6496038e-01   1.7687665e-02
   9.2090496e-01   4.0373704e-02
   9.1356662e-03   9.0443096e-01
   4.1290174e-01   3.5743733e-01
   5.2310657e-01   2.7675057e-01
   2.0174984e-01   5.5084592e-01
   3.3420125e-01   4.2191021e-01
   1.0000000e+00   1.1634280e-05
   4.1816358e-01   3.5335594e-01
   8.1894445e-01   9.5056139e-02
   5.6430018e-01   2.4881247e-01
   3.7356470e-01   3.8881224e-01
   3.4714894e-01   4.1081817e-01
   3.4065450e-01   4.1635548e-01
   5.9016293e-01   2.3179101e-01
   6.3543512e-01   2.0286979e-01
   2.8587980e-01   4.6533435e-01
   1.3508982e-01   6.3246597e-01
   5.4754961e-01   2.6004568e-01
   1.2786864e-01   6.4242438e-01
   9.2090496e-01   4.0373704e-02
   3.3420126e-01   4.2191021e-01
   5.0723746e-01   2.8780558e-01
   5.7282000e-01   2.4316291e-01
   3.2778799e-01   4.2748391e-01
   8.5017285e-01   7.7963450e-02
   4.8402741e-01   3.0429085e-01
   3.8028479e-01   3.8333928e-01
   8.8292468e-01   6.0370918e-02
   1.9438132e-01   5.5912466e-01
   1.0758418e-01   6.7201135e-01
   4.3954070e-01   3.3703298e-01
   5.3931345e-01   2.6563200e-01
   4.9554625e-01   2.9606118e-01
   4.3414558e-01   3.4111439e-01
   5.9899205e-01   2.2606587e-01
   4.0074598e-01   3.6696663e-01
   6.3312910e-02   7.4839107e-01
   6.2614851e-01   2.0871617e-01
   3.6026660e-01   3.9978951e-01
   3.0251295e-01   4.4999986e-01
   1.0000002e-04   9.9001163e-01
   4.0767153e-01   3.6152003e-01
   8.0166380e-01   1.0465484e-01
   3.9387399e-01   3.7241782e-01
   5.5737001e-02   7.6392478e-01
   9.6496038e-01   1.7687665e-02
   2.9184301e-02   8.2917750e-01
   6.0793047e-01   2.2031268e-01
   4.7267398e-01   3.1249874e-01
   4.7833044e-01   3.0839726e-01
   5.0136986e-01   2.9193688e-01
   7.8255480e-02   7.2026982e-01
   8.6634876e-01   6.9233055e-02
   2.9470066e-01   4.5714825e-01
   1.6395544e-01   5.9509752e-01
   3.1035050e-01   4.4292053e-01
   8.4170430e-02   7.0989023e-01
   6.4484502e-01   1.9698921e-01
   1.7842362e-01   5.7760944e-01
   1.5673488e-01   6.0411407e-01
   1.0176048e-01   6.8101245e-01
   5.3116660e-01   2.7119986e-01
   4.4497089e-01   3.3295025e-01
   6.5438205e-01   1.9107279e-01
   4.6705719e-01   3.1659581e-01
   9.1356662e-03   9.0443096e-01
   3.6689242e-01   3.9429518e-01
   1.2063790e-01   6.5268197e-01
   4.6147927e-01   3.2068898e-01
   1.9364816e-02   8.6085411e-01
   8.9992147e-01   5.1369725e-02
   4.8976573e-01   3.0017899e-01
   5.5587763e-01   2.5443962e-01
   4.2345772e-01   3.4927534e-01
   7.0814987e-02   7.3390078e-01
   6.7385392e-01   1.7912557e-01
   3.5368587e-01   4.0529668e-01
   3.8729387e-02   8.0321380e-01
   5.8143993e-01   2.3748955e-01
   1.4230546e-01   6.2277767e-01
   7.1875000e-01   1.5222039e-01
   5.2310657e-01   2.7675057e-01
   1.4951932e-01   6.1333435e-01
   5.1513096e-01   2.8228539e-01
   2.1188541e-01   5.3970151e-01
   4.8072150e-02   7.8075802e-01
   2.0311833e-01   5.4932513e-01
   3.8705408e-01   3.7787493e-01
   7.0685631e-01   1.5926416e-01
   6.8379700e-01   1.7309145e-01
   6.1698148e-01   2.1452995e-01
   4.5593942e-01   3.2477877e-01
   9.5919158e-02   6.9030345e-01
   9.0056996e-02   6.9991666e-01
   3.1824080e-01   4.3588328e-01
   9.4256916e-01   2.9151624e-02
   4.5043689e-01   3.2886568e-01
   4.2878482e-01   3.4519500e-01
   6.6405023e-01   1.8511886e-01
   7.8461559e-01   1.1422634e-01
   6.9396114e-01   1.6696833e-01
   8.3437750e-01   8.6568969e-02
   1.8716010e-01   5.6739159e-01
   1.1339320e-01   6.6327256e-01
   4.1290174e-01   3.5743733e-01
   1.7118404e-01   5.8626770e-01
   1.0000000e+00   1.1634280e-05
   4.1816358e-01   3.5335594e-01
   5.5587763e-01   2.5443962e-01
   5.6430018e-01   2.4881247e-01
   1.4951932e-01   6.1333435e-01
   5.3116660e-01   2.7119986e-01
   6.6405023e-01   1.8511886e-01
   2.9184301e-02   8.2917750e-01
   6.3543512e-01   2.0286979e-01
   2.8587980e-01   4.6533435e-01
   7.8255480e-02   7.2026982e-01
   3.5368587e-01   4.0529668e-01
   5.8143993e-01   2.3748955e-01
   8.3437750e-01   8.6568969e-02
   6.7385375e-01   1.7912568e-01
   5.0723746e-01   2.8780558e-01
   5.0136986e-01   2.9193688e-01
   3.2778799e-01   4.2748391e-01
   8.5017285e-01   7.7963450e-02
   4.8402741e-01   3.0429085e-01
   6.1698148e-01   2.1452995e-01
   6.0793047e-01   2.2031268e-01
   4.2878482e-01   3.4519500e-01
   1.7118404e-01   5.8626770e-01
   4.3954070e-01   3.3703298e-01
   5.3931345e-01   2.6563200e-01
   4.9554625e-01   2.9606118e-01
   4.3414558e-01   3.4111439e-01
   5.9899205e-01   2.2606587e-01
   4.0074598e-01   3.6696663e-01
   6.3312910e-02   7.4839107e-01
   4.8072150e-02   7.8075802e-01
   3.6026660e-01   3.9978951e-01
   3.0251295e-01   4.4999986e-01
   7.1875000e-01   1.5222039e-01
   4.0767153e-01   3.6152003e-01
   5.9016293e-01   2.3179101e-01
   5.4754961e-01   2.6004568e-01
   5.5737001e-02   7.6392478e-01
   1.5673488e-01   6.0411407e-01
   9.2090496e-01   4.0373704e-02
   6.4484502e-01   1.9698921e-01
   4.7267398e-01   3.1249874e-01
   4.7833044e-01   3.0839726e-01
   6.5438205e-01   1.9107279e-01
   8.9992147e-01   5.1369725e-02
   1.1339320e-01   6.6327256e-01
   4.5593942e-01   3.2477877e-01
   1.0758418e-01   6.7201135e-01
   8.1894459e-01   9.5056060e-02
   8.4170430e-02   7.0989023e-01
   1.2063790e-01   6.5268197e-01
   3.8729387e-02   8.0321380e-01
   6.2614851e-01   2.0871617e-01
   4.4497089e-01   3.3295025e-01
   7.0814987e-02   7.3390078e-01
   5.7282000e-01   2.4316291e-01
   3.9387399e-01   3.7241782e-01
   4.6705719e-01   3.1659581e-01
   9.1356662e-03   9.0443096e-01
   3.6689242e-01   3.9429518e-01
   6.9388535e-01   1.6701382e-01
   4.6147927e-01   3.2068898e-01
   5.1513096e-01   2.8228539e-01
   2.9472292e-01   4.5712774e-01
   4.8976573e-01   3.0017899e-01
   4.1290174e-01   3.5743733e-01
   3.1824076e-01   4.3588332e-01
   1.2786864e-01   6.4242438e-01
   7.8257706e-01   1.1537778e-01
   3.1034897e-01   4.4292190e-01
   5.2310657e-01   2.7675057e-01
   8.8292468e-01   6.0370918e-02
   4.2345772e-01   3.4927534e-01
   3.4714894e-01   4.1081817e-01
   1.6395544e-01   5.9509752e-01
   8.6634876e-01   6.9233055e-02
   9.6496038e-01   1.7687665e-02
   1.0000002e-04   9.9001163e-01
   9.5919158e-02   6.9030345e-01
   1.3508982e-01   6.3246597e-01
   3.4065449e-01   4.1635549e-01
   2.1201406e-01   5.3956179e-01
   6.8379697e-01   1.7309146e-01
   3.8705408e-01   3.7787493e-01
   9.0056996e-02   6.9991666e-01
   3.3420129e-01   4.2191019e-01
   1.9364816e-02   8.6085411e-01
   1.4230546e-01   6.2277767e-01
   1.0176048e-01   6.8101245e-01
   3.8028479e-01   3.8333928e-01
   1.9586282e-01   5.5744771e-01
   4.5043689e-01   3.2886568e-01
   2.0312322e-01   5.4931970e-01
   7.0665975e-01   1.5938107e-01
   3.7356470e-01   3.8881224e-01
   9.4256916e-01   2.9151624e-02
   1.7987297e-01   5.7589730e-01
   1.8713431e-01   5.6742141e-01
   8.0091993e-01   1.0507034e-01
   1.0000000e+00   1.1634280e-05
   5.8143993e-01   2.3748955e-01
   5.5587763e-01   2.5443962e-01
   5.6430018e-01   2.4881247e-01
   1.4951932e-01   6.1333435e-01
   8.4170430e-02   7.0989023e-01
   6.6405023e-01   1.8511886e-01
   2.9184301e-02   8.2917750e-01
   5.4754961e-01   2.6004568e-01
   5.5737001e-02   7.6392478e-01
   7.8255480e-02   7.2026982e-01
   9.4256916e-01   2.9151624e-02
   1.4230546e-01   6.2277767e-01
   8.3437750e-01   8.6568968e-02
   6.7385375e-01   1.7912568e-01
   5.0723746e-01   2.8780558e-01
   4.3414558e-01   3.4111439e-01
   3.2778799e-01   4.2748391e-01
   8.5017285e-01   7.7963450e-02
   4.8402741e-01   3.0429085e-01
   5.9899205e-01   2.2606587e-01
   9.5919158e-02   6.9030345e-01
   4.2878482e-01   3.4519500e-01
   4.4497089e-01   3.3295025e-01
   4.3954070e-01   3.3703298e-01
   5.3931345e-01   2.6563200e-01
   4.9554625e-01   2.9606118e-01
   7.1875000e-01   1.5222039e-01
   6.4484502e-01   1.9698921e-01
   4.0074598e-01   3.6696663e-01
   6.3312910e-02   7.4839107e-01
   4.8072150e-02   7.8075802e-01
   3.6026660e-01   3.9978951e-01
   8.1894459e-01   9.5056060e-02
   1.0000002e-04   9.9001163e-01
   4.0767153e-01   3.6152003e-01
   5.9016293e-01   2.3179101e-01
   3.5368587e-01   4.0529668e-01
   4.1816358e-01   3.5335594e-01
   6.5438205e-01   1.9107279e-01
   9.2090496e-01   4.0373704e-02
   1.2063790e-01   6.5268197e-01
   6.3543512e-01   2.0286979e-01
   4.7833044e-01   3.0839726e-01
   2.0312322e-01   5.4931970e-01
   8.9992147e-01   5.1369725e-02
   1.1339320e-01   6.6327256e-01
   3.9387399e-01   3.7241782e-01
   1.0758418e-01   6.7201135e-01
   4.8976573e-01   3.0017899e-01
   4.6147927e-01   3.2068898e-01
   2.1214993e-01   5.3941427e-01
   3.4714894e-01   4.1081817e-01
   6.2614851e-01   2.0871617e-01
   6.8379697e-01   1.7309146e-01
   3.7356470e-01   3.8881224e-01
   1.3508982e-01   6.3246597e-01
   6.1698148e-01   2.1452995e-01
   4.1290174e-01   3.5743733e-01
   9.1356662e-03   9.0443096e-01
   5.2310657e-01   2.7675057e-01
   6.9388535e-01   1.6701382e-01
   9.0056996e-02   6.9991666e-01
   8.8292468e-01   6.0370918e-02
   5.0136986e-01   2.9193688e-01
   6.0793047e-01   2.2031268e-01
   1.0176048e-01   6.8101245e-01
   7.8257706e-01   1.1537778e-01
   7.0665975e-01   1.5938107e-01
   3.3420129e-01   4.2191019e-01
   5.3116660e-01   2.7119986e-01
   8.0090515e-01   1.0507859e-01
   3.8028479e-01   3.8333928e-01
   5.1513096e-01   2.8228539e-01
   1.7987309e-01   5.7589715e-01
   4.5043689e-01   3.2886568e-01
   8.6634876e-01   6.9233055e-02
   4.7267398e-01   3.1249874e-01
   5.7282000e-01   2.4316291e-01
   3.4065449e-01   4.1635549e-01
   3.0098012e-01   4.5139508e-01
   4.6705719e-01   3.1659581e-01
   1.8858356e-01   5.6574955e-01
   3.0879827e-01   4.4431543e-01
   3.6689242e-01   3.9429518e-01
   4.5593942e-01   3.2477877e-01
   4.2345772e-01   3.4927534e-01
   1.2786864e-01   6.4242438e-01
   3.8705408e-01   3.7787493e-01
   2.9317645e-01   4.5855393e-01
   1.7256868e-01   5.8459777e-01
   1.9586282e-01   5.5744771e-01
   1.5673488e-01   6.0411407e-01
   3.8729387e-02   8.0321380e-01
   7.0814987e-02   7.3390078e-01
   1.6395544e-01   5.9509752e-01
   2.8512011e-01   4.6604524e-01
   1.9364816e-02   8.6085411e-01
   9.6496038e-01   1.7687665e-02
   3.1824061e-01   4.3588344e-01
