   5.1575353e+00   7.0059477e+00
   5.4070509e+00   6.0713592e+00
   7.3925804e+00   5.0480168e+00
   6.5418761e+00   5.9230883e+00
   6.4225211e+00   7.4438343e+00
   6.0603988e+00   6.0654798e+00
   6.3606315e+00   5.8514459e+00
   5.0217056e+00   6.9457721e+00
   6.9505565e+00   6.9084350e+00
   6.5731962e+00   5.7739726e+00
   6.8016281e+00   4.7576156e+00
   6.3315264e+00   4.3939359e+00
   7.7290053e+00   5.1923448e+00
   5.7911373e+00   6.9749861e+00
   6.6565319e+00   4.5718338e+00
   8.2316708e+00   4.1281580e+00
   7.7528095e+00   4.3751054e+00
   5.3502436e+00   5.5304895e+00
   7.0068340e+00   4.8502922e+00
   5.5824901e+00   5.1572391e+00
   6.4616533e+00   5.1045425e+00
   7.2765967e+00   5.9676828e+00
   7.1295191e+00   5.3719348e+00
   6.3501370e+00   7.0130509e+00
   5.6420358e+00   6.2062792e+00
   7.3550098e+00   5.9793269e+00
   7.0789771e+00   6.9172523e+00
   7.1023765e+00   4.9132101e+00
   5.9342211e+00   6.7015828e+00
   5.7162575e+00   6.0512540e+00
   6.6362891e+00   4.7100893e+00
   6.9923555e+00   6.7069305e+00
   7.1480334e+00   6.5435963e+00
   5.2607901e+00   7.9129673e+00
   7.0795870e+00   5.1631475e+00
   5.5782268e+00   6.1744230e+00
   5.1455164e+00   5.2056952e+00
   7.3768935e+00   5.9065145e+00
   5.2030574e+00   5.5633197e+00
   6.6904437e+00   5.9022914e+00
   7.2215395e+00   5.7774128e+00
   6.0844582e+00   6.8656729e+00
   4.8428546e+00   5.7189621e+00
   6.9012662e+00   5.7976898e+00
   6.6974278e+00   6.3569750e+00
   6.9377369e+00   4.9727214e+00
   5.2276231e+00   8.1221892e+00
   5.6518974e+00   5.7721508e+00
   5.2725727e+00   5.5794649e+00
   7.7728219e+00   6.9618649e+00
   7.1068640e+00   5.1758150e+00
   6.8792566e+00   5.4674035e+00
   7.3969309e+00   6.5790057e+00
   5.2528225e+00   8.1545439e+00
   6.2959771e+00   5.0480007e+00
   5.3395050e+00   6.4673739e+00
   7.5703673e+00   7.2041852e+00
   6.5118917e+00   5.0452253e+00
   6.3243184e+00   4.0151155e+00
   6.6248311e+00   6.5910421e+00
   5.8868480e+00   5.5344400e+00
   7.1071850e+00   5.7201508e+00
   5.5014964e+00   5.9174825e+00
   6.5595043e+00   5.1387028e+00
   7.4497327e+00   4.9410571e+00
   5.5537802e+00   5.9897551e+00
   7.3801587e+00   5.6628421e+00
   6.7573198e+00   6.5655285e+00
   4.4320205e+00   7.0486849e+00
   7.2894433e+00   7.0015401e+00
   4.7895628e+00   7.8915565e+00
   5.4397148e+00   5.3174569e+00
   5.5018681e+00   4.9472235e+00
   5.5375646e+00   6.4148965e+00
   6.0146742e+00   5.8739900e+00
   7.0756112e+00   4.5439871e+00
   7.1013258e+00   5.7465665e+00
   5.5003768e+00   7.0055673e+00
   7.4425088e+00   6.8148498e+00
   7.1927877e+00   5.7157687e+00
   7.1389072e+00   6.4408509e+00
   6.4620077e+00   5.3323014e+00
   7.1820310e+00   5.3423320e+00
   7.7580229e+00   6.6670611e+00
   5.8046857e+00   5.4546790e+00
   7.4391062e+00   5.3119523e+00
   5.7309850e+00   4.6390979e+00
   6.3028641e+00   5.9054518e+00
   5.9760913e+00   6.6292505e+00
   7.1803301e+00   6.7393432e+00
   6.4060959e+00   5.6358949e+00
   7.3873121e+00   6.0719953e+00
   6.9639691e+00   5.6737888e+00
   5.6794323e+00   5.7034856e+00
   6.4938010e+00   6.5812328e+00
   5.1798660e+00   6.4535398e+00
   5.2450751e+00   4.6242718e+00
   5.2762775e+00   4.6579154e+00
   5.2307322e+00   6.8709018e+00
   6.1890476e+00   4.6771615e+00
   4.3413806e-01   3.4110846e-01
   8.5014231e-01   7.7968380e-02
   3.8874724e-01   3.7650401e-01
   4.8975696e-01   3.0017362e-01
   4.3953305e-01   3.3702711e-01
   5.3115687e-01   2.7119490e-01
   5.0136083e-01   2.9193162e-01
   3.3755606e-01   4.1900425e-01
   4.3422196e-02   7.9162007e-01
   3.1620158e-01   4.3768196e-01
   3.7858887e-01   3.8470424e-01
   7.3720896e-03   9.1413913e-01
   3.6854087e-01   3.9292433e-01
   5.3725860e-01   2.6702074e-01
   1.5529760e-01   6.0592184e-01
   5.5586732e-01   2.5443490e-01
   9.1734114e-01   4.2220723e-02
   5.7495482e-01   2.4174225e-01
   3.2485626e-01   4.3003837e-01
   1.6976531e-01   5.8797414e-01
   6.7821274e-02   7.3957482e-01
   3.4388143e-01   4.1358596e-01
   5.1909892e-01   2.7951480e-01
   3.7153637e-02   8.0724721e-01
   9.3162823e-01   3.4791096e-02
   6.5439470e-01   1.9105334e-01
   4.8401878e-01   3.0428542e-01
   9.1523386e-02   6.9747168e-01
   3.6356677e-01   3.9703502e-01
   8.2459662e-01   9.1926973e-02
   4.1289462e-01   3.5743123e-01
   8.6306306e-01   7.0988125e-02
   6.4484311e-01   1.9697876e-01
   3.0791398e-02   8.2452522e-01
   6.0121144e-01   2.2462174e-01
   3.4874512e-01   4.0945354e-01
   2.4314722e-02   8.4406821e-01
   4.5593142e-01   3.2477306e-01
   7.3796973e-02   7.2834402e-01
   4.7832194e-01   3.0839177e-01
   5.6217515e-01   2.5021660e-01
   4.7266559e-01   3.1249320e-01
   4.5042900e-01   3.2885992e-01
   6.2844736e-01   2.0725328e-01
   8.8965194e-01   5.6786377e-02
   5.1314068e-01   2.8366162e-01
   5.8142948e-01   2.3748477e-01
   3.5367029e-01   4.0529815e-01
   4.6147114e-01   3.2068333e-01
   6.6399614e-01   1.8514042e-01
   5.4341020e-01   2.6283638e-01
   1.6246071e-01   5.9693584e-01
   3.5860010e-01   4.0116772e-01
   9.4992815e-01   2.5357424e-02
   4.0766452e-01   3.6151389e-01
   7.9736048e-02   7.1762428e-01
   8.7622556e-01   6.3930792e-02
   4.2877741e-01   3.4518903e-01
   8.3750276e-01   8.4848233e-02
   1.6010597e-02   8.7346701e-01
   3.8365559e-01   3.8060062e-01
   1.2642329e-01   6.4443947e-01
   5.5736271e-02   7.6391469e-01
   3.7355966e-01   3.8880473e-01
   4.9553735e-01   2.9605586e-01
   6.1925110e-01   2.1307491e-01
   9.7379973e-02   6.8794236e-01
   5.4961274e-01   2.5864129e-01
   1.3829468e-01   6.2812007e-01
   1.3278321e-01   6.3560570e-01
   8.1216449e-01   9.8798309e-02
   5.0722830e-01   2.8780038e-01
   6.1803247e-02   7.5139741e-01
   6.7614917e-01   1.7771710e-01
   5.8796140e-01   2.3321359e-01
   9.7257202e-01   1.3809339e-02
   5.6853715e-01   2.4598598e-01
   4.9612435e-02   7.7726151e-01
   3.9559381e-01   3.7103752e-01
   1.0903644e-01   6.6979334e-01
   1.7681199e-01   5.7950983e-01
   1.2063876e-01   6.5266909e-01
   3.3080814e-01   4.2484077e-01
   8.5643442e-02   7.0735099e-01
   1.5043853e-01   6.1213594e-01
   3.5999960e-05   9.9400000e-01
   4.2345041e-01   3.4926932e-01
   4.0073917e-01   3.6696038e-01
   5.2510399e-01   2.7535941e-01
   1.0321655e-01   6.7872667e-01
   4.4496313e-01   3.3294444e-01
   5.9455278e-01   2.2892751e-01
   1.1484229e-01   6.6111610e-01
   4.1815639e-01   3.5334987e-01
   1.0000000e+00   1.1102230e-16
   9.0335330e-01   4.9551002e-02
   6.3546797e-01   2.0283755e-01
   6.1016993e-01   2.1886625e-01
   4.6704893e-01   3.1659022e-01
   1.4414235e-01   6.2033916e-01
   4.1289466e-01   3.5743120e-01
   1.0903619e-01   6.6979372e-01
   4.8975696e-01   3.0017362e-01
   6.3542261e-01   2.0286600e-01
   6.0791888e-01   2.2030847e-01
   5.3725860e-01   2.6702074e-01
   8.5643401e-02   7.0735106e-01
   3.5040637e-01   4.0804867e-01
   4.1862930e-02   7.9539567e-01
   3.9729664e-01   3.6968529e-01
   3.9215755e-01   3.7377516e-01
   5.1909892e-01   2.7951480e-01
   3.3744975e-01   4.1909575e-01
   4.3413805e-01   3.4110847e-01
   3.6356788e-01   3.9703410e-01
   4.5593142e-01   3.2477306e-01
   5.2510399e-01   2.7535941e-01
   5.4961274e-01   2.5864129e-01
   4.8401878e-01   3.0428542e-01
   8.0459770e-01   1.0300630e-01
   5.8142900e-01   2.3748508e-01
   3.3985366e-02   8.1564880e-01
   5.6217507e-01   2.5021665e-01
   5.1314068e-01   2.8366162e-01
   9.0682288e-01   4.7727519e-02
   4.5042900e-01   3.2885993e-01
   4.6704893e-01   3.1659022e-01
   7.3796971e-02   7.2834402e-01
   7.9736034e-02   7.1762430e-01
   6.0120486e-01   2.2462599e-01
   4.3953305e-01   3.3702711e-01
   6.6887493e-01   1.8215226e-01
   3.1146706e-01   4.4190766e-01
   8.1893504e-01   9.5049701e-02
   3.4389063e-01   4.1357811e-01
   1.0321652e-01   6.7872673e-01
   4.4496313e-01   3.3294444e-01
   5.5586732e-01   2.5443490e-01
   1.7693530e-02   8.6698297e-01
   4.7832194e-01   3.0839178e-01
   1.4951756e-01   6.1332499e-01
   5.8796126e-01   2.3321368e-01
   4.7266560e-01   3.1249320e-01
   8.8965207e-01   5.6786306e-02
   5.0136083e-01   2.9193162e-01
   3.1828873e-01   4.3582916e-01
   3.7021714e-01   3.9154528e-01
   8.3118704e-01   8.8305403e-02
   6.1803250e-02   7.5139741e-01
   1.0000000e+00   5.1828910e-25
   9.4254785e-01   2.9150964e-02
   5.4341020e-01   2.6283639e-01
   3.2479797e-01   4.3008951e-01
   3.5696761e-01   4.0253233e-01
   9.1355546e-03   9.0441990e-01
   3.7691217e-01   3.8606827e-01
   5.5736266e-02   7.6391471e-01
   4.9553735e-01   2.9605586e-01
   1.4374723e-01   6.2085988e-01
   6.5676928e-01   1.8958697e-01
   4.9612437e-02   7.7726151e-01
   6.4483408e-01   1.9698438e-01
   1.8727368e-01   5.6724870e-01
   5.3115687e-01   2.7119490e-01
   4.1815639e-01   3.5334987e-01
   9.7379970e-02   6.8794236e-01
   3.8704743e-01   3.7786864e-01
   6.9608814e-01   1.6568103e-01
   4.0766456e-01   3.6151385e-01
   9.9999983e-05   9.9000000e-01
   9.6493832e-01   1.7687260e-02
   8.5657887e-01   7.4484540e-02
   1.2642169e-01   6.4444172e-01
   3.3098518e-01   4.2468688e-01
   1.6393269e-01   5.9511398e-01
   6.1696968e-01   2.1452583e-01
   5.9455277e-01   2.2892752e-01
   1.3220064e-01   6.3640594e-01
   8.4379154e-01   8.1418735e-02
   4.6147114e-01   3.2068333e-01
   3.8196584e-01   3.8196615e-01
   4.0246542e-01   3.6559837e-01
   4.2345042e-01   3.4926932e-01
   1.3797528e-01   6.2854976e-01
   5.7495471e-01   2.4174232e-01
   1.1484190e-01   6.6111669e-01
   6.2613640e-01   2.0871219e-01
   1.5666489e-01   6.0419085e-01
   5.0722830e-01   2.8780038e-01
   9.2444648e-01   3.8518602e-02
   6.7821272e-02   7.3957482e-01
   5.6853714e-01   2.4598598e-01
   6.8370514e-01   1.7313536e-01
   1.2063619e-01   6.5267279e-01
   9.1523424e-02   6.9747161e-01
   1.7973922e-01   5.7604337e-01
   4.2877741e-01   3.4518903e-01
   2.5946048e-02   8.3892223e-01
   1.7119063e-01   5.8624810e-01
   8.7291101e-01   6.5702934e-02
   4.7266560e-01   3.1249320e-01
   4.1815639e-01   3.5334987e-01
   3.0156883e-01   4.5084717e-01
   4.7832194e-01   3.0839178e-01
   6.8133291e-01   1.7457108e-01
   5.4341020e-01   2.6283639e-01
   5.2510399e-01   2.7535941e-01
   6.7821272e-02   7.3957482e-01
   8.0459770e-01   1.0300630e-01
   4.6704893e-01   3.1659022e-01
   1.8573630e-01   5.6902865e-01
   6.6891582e-01   1.8212726e-01
   6.1243000e-01   2.1742093e-01
   4.3413805e-01   3.4110847e-01
   6.4483254e-01   1.9698534e-01
   5.5586732e-01   2.5443490e-01
   4.8401878e-01   3.0428542e-01
   5.4961274e-01   2.5864129e-01
   3.5040616e-01   4.0804885e-01
   4.8975696e-01   3.0017362e-01
   5.1909892e-01   2.7951480e-01
   9.4254785e-01   2.9150964e-02
   5.0136083e-01   2.9193162e-01
   5.3725860e-01   2.6702074e-01
   1.3220036e-01   6.3640633e-01
   3.1190483e-01   4.4151559e-01
   5.3115687e-01   2.7119490e-01
   4.4496313e-01   3.3294444e-01
   9.1355546e-03   9.0441990e-01
   6.9608814e-01   1.6568103e-01
   1.3797455e-01   6.2855074e-01
   8.5657808e-01   7.4484967e-02
   3.0544157e-01   4.4733232e-01
   8.1893504e-01   9.5049701e-02
   3.4389063e-01   4.1357811e-01
   4.3953305e-01   3.3702711e-01
   4.0246543e-01   3.6559837e-01
   1.4951756e-01   6.1332499e-01
   4.9553735e-01   2.9605586e-01
   5.9455277e-01   2.2892752e-01
   4.2345042e-01   3.4926932e-01
   9.9999983e-05   9.9000000e-01
   5.1314068e-01   2.8366162e-01
   5.6217507e-01   2.5021665e-01
   3.8704754e-01   3.7786855e-01
   4.5042900e-01   3.2885993e-01
   3.3098518e-01   4.2468688e-01
   3.7021655e-01   3.9154577e-01
   1.2642161e-01   6.4444184e-01
   5.0722830e-01   2.8780038e-01
   8.4379185e-01   8.1418567e-02
   6.5677355e-01   1.8958434e-01
   8.3123887e-01   8.8276979e-02
   1.0321651e-01   6.7872674e-01
   5.7710644e-01   2.4032478e-01
   6.2153836e-01   2.1162296e-01
   8.8965208e-01   5.6786303e-02
   3.2458310e-01   4.3027805e-01
   1.1484188e-01   6.6111672e-01
   3.5696473e-01   4.0253474e-01
   7.3796971e-02   7.2834402e-01
   5.8577731e-01   2.3463910e-01
   3.9729664e-01   3.6968529e-01
   4.0766456e-01   3.6151385e-01
   9.0682288e-01   4.7727520e-02
   1.9204690e-01   5.6176843e-01
   3.1822032e-01   4.3588980e-01
   3.8196601e-01   3.8196601e-01
   9.1523424e-02   6.9747161e-01
   4.4976587e-02   7.8792316e-01
   6.3308983e-01   2.0433058e-01
   6.0343591e-01   2.2318863e-01
   1.6395360e-01   5.9508815e-01
   8.7291093e-01   6.5702974e-02
   9.7379969e-02   6.8794236e-01
   4.5593142e-01   3.2477306e-01
   4.2877741e-01   3.4518903e-01
   5.6853714e-01   2.4598598e-01
   1.5673208e-01   6.0410597e-01
   1.7262700e-01   5.8451595e-01
   3.7691234e-01   3.8606813e-01
   1.0903619e-01   6.6979372e-01
   3.3743092e-01   4.1911195e-01
   1.7845228e-01   5.7756388e-01
   3.6356776e-01   3.9703419e-01
   9.2444648e-01   3.8518603e-02
   6.0291379e-02   7.5445697e-01
   8.5643402e-02   7.0735106e-01
   1.4374626e-01   6.2086116e-01
   1.2063620e-01   6.5267278e-01
   4.6147114e-01   3.2068333e-01
   4.1289466e-01   3.5743120e-01
   7.9736034e-02   7.1762430e-01
   3.9215755e-01   3.7377516e-01
   1.9364574e-02   8.6084335e-01
   2.9183929e-02   8.2916696e-01
   5.2682052e-02   7.7047429e-01
   9.6493832e-01   1.7687260e-02
   3.7153645e-02   8.0724719e-01
   1.0000000e+00   3.5812688e-25
   4.5042900e-01   3.2885993e-01
   3.2459064e-01   4.3027143e-01
   5.1909892e-01   2.7951480e-01
   7.0714678e-01   1.5907980e-01
   1.3797455e-01   6.2855074e-01
   8.7291093e-01   6.5702974e-02
   5.0722830e-01   2.8780038e-01
   7.9736034e-02   7.1762430e-01
   7.9597474e-01   1.0782583e-01
   4.3953305e-01   3.3702711e-01
   4.5593142e-01   3.2477306e-01
   5.0136083e-01   2.9193162e-01
   9.7379969e-02   6.8794236e-01
   5.4341020e-01   2.6283639e-01
   1.7118124e-01   5.8625945e-01
   3.3098447e-01   4.2468750e-01
   5.1314068e-01   2.8366162e-01
   4.2877741e-01   3.4518903e-01
   2.9489986e-01   4.5695317e-01
   3.5696476e-01   4.0253472e-01
   2.0323213e-01   5.4918725e-01
   6.0343591e-01   2.2318863e-01
   4.4496313e-01   3.3294444e-01
   7.3796971e-02   7.2834402e-01
   3.3741718e-01   4.1912379e-01
   3.6356773e-01   3.9703422e-01
   6.3308983e-01   2.0433058e-01
   1.8567631e-01   5.6909826e-01
   8.5643402e-02   7.0735106e-01
   4.8401878e-01   3.0428542e-01
   4.3413805e-01   3.4110847e-01
   4.7266560e-01   3.1249320e-01
   2.9183930e-02   8.2916695e-01
   5.9455277e-01   2.2892752e-01
   5.7710644e-01   2.4032478e-01
   1.6395298e-01   5.9508893e-01
   9.4254785e-01   2.9150964e-02
   1.3220035e-01   6.3640633e-01
   1.2642161e-01   6.4444184e-01
   4.6147114e-01   3.2068333e-01
   3.1823674e-01   4.3587524e-01
   4.1815639e-01   3.5334987e-01
   4.9553735e-01   2.9605586e-01
   1.0321651e-01   6.7872674e-01
   3.9045101e-01   3.7513921e-01
   1.9288527e-01   5.6081294e-01
   3.7021648e-01   3.9154583e-01
   9.0682288e-01   4.7727520e-02
   3.0044287e-01   4.5187331e-01
   4.8975696e-01   3.0017362e-01
   6.6892190e-01   1.8212354e-01
   9.1523425e-02   6.9747161e-01
   5.8577732e-01   2.3463909e-01
   6.8127920e-01   1.7460361e-01
   4.2345042e-01   3.4926932e-01
   8.5657794e-01   7.4485041e-02
   3.5040622e-01   4.0804880e-01
   5.5169176e-01   2.5724044e-01
   3.7153637e-02   8.0724721e-01
   8.8965208e-01   5.6786303e-02
   6.5677380e-01   1.8958418e-01
   6.1242998e-01   2.1742094e-01
   4.7832194e-01   3.0839178e-01
   3.1193089e-01   4.4149227e-01
   5.2682009e-02   7.7047438e-01
   3.7691235e-01   3.8606812e-01
   3.9729664e-01   3.6968529e-01
   5.6006651e-01   2.5162408e-01
   1.2063620e-01   6.5267278e-01
   3.0580661e-01   4.4700216e-01
   3.4389090e-01   4.1357788e-01
   1.9364574e-02   8.6084335e-01
   4.6704893e-01   3.1659022e-01
   1.9879148e-01   5.5413962e-01
   6.7821272e-02   7.3957482e-01
   5.3521920e-01   2.6841323e-01
   8.1282780e-01   9.8430370e-02
   6.0291378e-02   7.5445697e-01
   6.9359052e-01   1.6717918e-01
   1.4951724e-01   6.1332541e-01
   6.2153834e-01   2.1162297e-01
   8.4063101e-01   8.3140680e-02
   1.1484187e-01   6.6111673e-01
   1.5673261e-01   6.0410531e-01
   1.0903619e-01   6.6979372e-01
   4.0419507e-01   3.6423662e-01
   1.7842095e-01   5.7760096e-01
   9.9999986e-05   9.9000000e-01
   4.1114781e-01   3.5879191e-01
   6.4483248e-01   1.9698538e-01
   9.6493832e-01   1.7687260e-02
   5.6853714e-01   2.4598598e-01
   1.4374622e-01   6.2086121e-01
   5.2711625e-01   2.7397228e-01
   4.4976586e-02   7.8792316e-01
   9.1355546e-03   9.0441990e-01
   9.2444648e-01   3.8518603e-02
   3.8365673e-01   3.8059970e-01
   8.2505832e-01   9.1672790e-02
   1.0000000e+00   3.5812688e-25
   4.5042900e-01   3.2885993e-01
   3.2459064e-01   4.3027143e-01
   5.1909892e-01   2.7951480e-01
   7.0714678e-01   1.5907980e-01
   5.4341020e-01   2.6283639e-01
   4.6147114e-01   3.2068333e-01
   4.1114781e-01   3.5879191e-01
   9.2444648e-01   3.8518603e-02
   4.2345042e-01   3.4926932e-01
   3.5696475e-01   4.0253472e-01
   9.0682288e-01   4.7727520e-02
   3.3741718e-01   4.1912379e-01
   9.6493832e-01   1.7687260e-02
   1.7118124e-01   5.8625945e-01
   4.1815639e-01   3.5334987e-01
   4.2877741e-01   3.4518903e-01
   4.8975696e-01   3.0017362e-01
   5.7710644e-01   2.4032478e-01
   5.6006651e-01   2.5162408e-01
   4.4496313e-01   3.3294444e-01
   5.3521920e-01   2.6841323e-01
   6.0343591e-01   2.2318863e-01
   1.8567411e-01   5.6910082e-01
   7.3796971e-02   7.2834402e-01
   8.2505749e-01   9.1673250e-02
   4.6704893e-01   3.1659022e-01
   1.3220035e-01   6.3640634e-01
   3.0557390e-01   4.4721261e-01
   7.9736034e-02   7.1762430e-01
   4.8401878e-01   3.0428542e-01
   5.5169176e-01   2.5724044e-01
   4.7266560e-01   3.1249320e-01
   3.9729664e-01   3.6968529e-01
   1.7842095e-01   5.7760096e-01
   9.1523424e-02   6.9747161e-01
   1.6395298e-01   5.9508893e-01
   9.4254785e-01   2.9150964e-02
   3.1823674e-01   4.3587524e-01
   6.4483248e-01   1.9698538e-01
   4.7832194e-01   3.0839178e-01
   6.3308983e-01   2.0433058e-01
   7.9241322e-01   1.0982405e-01
   1.2642161e-01   6.4444184e-01
   1.5673261e-01   6.0410531e-01
   3.8365673e-01   3.8059970e-01
   3.9045101e-01   3.7513921e-01
   6.7821272e-02   7.3957482e-01
   9.1355546e-03   9.0441990e-01
   6.8128429e-01   1.7460052e-01
   5.2682009e-02   7.7047438e-01
   2.9420615e-01   4.5759226e-01
   6.0291378e-02   7.5445697e-01
   1.2063620e-01   6.5267278e-01
   1.9294611e-01   5.6074368e-01
   3.4389084e-01   4.1357794e-01
   6.6892165e-01   1.8212370e-01
   1.0321651e-01   6.7872674e-01
   8.5657794e-01   7.4485039e-02
   8.5643402e-02   7.0735106e-01
   1.4374620e-01   6.2086124e-01
   7.1875000e-01   1.5220875e-01
   6.1242998e-01   2.1742094e-01
   3.3098427e-01   4.2468767e-01
   1.1484187e-01   6.6111673e-01
   4.4976586e-02   7.8792316e-01
   6.5677379e-01   1.8958419e-01
   2.9183930e-02   8.2916695e-01
   6.9384405e-01   1.6702698e-01
   3.1192289e-01   4.4149942e-01
   1.0903619e-01   6.6979372e-01
   3.7691235e-01   3.8606812e-01
   9.7379969e-02   6.8794236e-01
   5.8577732e-01   2.3463909e-01
   4.5593142e-01   3.2477306e-01
   1.4951717e-01   6.1332550e-01
   3.7153637e-02   8.0724721e-01
   3.0076812e-01   4.5157670e-01
   5.9455277e-01   2.2892752e-01
   8.0974231e-01   1.0014317e-01
   4.3953305e-01   3.3702711e-01
   3.6356773e-01   3.9703422e-01
   1.9364574e-02   8.6084335e-01
   1.3797455e-01   6.2855074e-01
   8.8965208e-01   5.6786303e-02
   4.0419507e-01   3.6423662e-01
   2.0357644e-01   5.4880555e-01
   6.2153834e-01   2.1162297e-01
   4.3413805e-01   3.4110847e-01
   3.5040622e-01   4.0804880e-01
   3.7021648e-01   3.9154583e-01
   1.9872530e-01   5.5421384e-01
   5.2711625e-01   2.7397228e-01
   5.6853714e-01   2.4598598e-01
   5.0331172e-01   2.9055535e-01
   8.7291093e-01   6.5702974e-02
   5.1116484e-01   2.8504207e-01
   4.9553735e-01   2.9605586e-01
   8.4063306e-01   8.3139561e-02
   9.9999986e-05   9.9000000e-01
   1.0000000e+00   3.5812688e-25
   4.5042900e-01   3.2885993e-01
   3.2459064e-01   4.3027143e-01
   5.1909892e-01   2.7951480e-01
   7.0714678e-01   1.5907980e-01
   9.2444648e-01   3.8518603e-02
   1.2063620e-01   6.5267278e-01
   4.1114781e-01   3.5879191e-01
   6.4483248e-01   1.9698538e-01
   3.3098432e-01   4.2468763e-01
   6.9387046e-01   1.6701113e-01
   1.9364574e-02   8.6084335e-01
   1.3797455e-01   6.2855074e-01
   9.6493832e-01   1.7687260e-02
   5.6853714e-01   2.4598598e-01
   4.1815639e-01   3.5334987e-01
   8.2505768e-01   9.1673142e-02
   4.8975696e-01   3.0017362e-01
   9.9999986e-05   9.9000000e-01
   4.4496313e-01   3.3294444e-01
   3.6356773e-01   3.9703422e-01
   8.5657794e-01   7.4485039e-02
   4.7832194e-01   3.0839178e-01
   1.8567411e-01   5.6910082e-01
   5.9455277e-01   2.2892752e-01
   6.6892165e-01   1.8212370e-01
   8.4063307e-01   8.3139555e-02
   1.9872530e-01   5.5421384e-01
   1.0321651e-01   6.7872674e-01
   7.9736034e-02   7.1762430e-01
   3.7021648e-01   3.9154583e-01
   5.5169176e-01   2.5724044e-01
   6.8128429e-01   1.7460052e-01
   7.3796971e-02   7.2834402e-01
   1.7842095e-01   5.7760096e-01
   3.4389082e-01   4.1357795e-01
   3.5040622e-01   4.0804880e-01
   9.4254785e-01   2.9150964e-02
   7.1875000e-01   1.5220875e-01
   5.2711625e-01   2.7397228e-01
   1.5673261e-01   6.0410531e-01
   8.5643402e-02   7.0735106e-01
   7.9241322e-01   1.0982405e-01
   1.2642161e-01   6.4444184e-01
   3.7153637e-02   8.0724721e-01
   5.8577732e-01   2.3463909e-01
   3.9045101e-01   3.7513921e-01
   1.4374620e-01   6.2086124e-01
   5.3521920e-01   2.6841323e-01
   2.9933572e-01   4.5288418e-01
   4.9553735e-01   2.9605586e-01
   4.2345042e-01   3.4926932e-01
   4.0419507e-01   3.6423662e-01
   4.8401878e-01   3.0428542e-01
   1.9294611e-01   5.6074368e-01
   3.7691235e-01   3.8606812e-01
   9.7379969e-02   6.8794236e-01
   3.1192289e-01   4.4149942e-01
   3.8365673e-01   3.8059970e-01
   6.5677379e-01   1.8958419e-01
   8.8965208e-01   5.6786303e-02
   3.0564007e-01   4.4715276e-01
   5.2682009e-02   7.7047438e-01
   4.3953305e-01   3.3702711e-01
   4.3413805e-01   3.4110847e-01
   1.0903619e-01   6.6979372e-01
   2.0494714e-01   5.4728912e-01
   2.9183930e-02   8.2916695e-01
   6.0343591e-01   2.2318863e-01
   4.5593142e-01   3.2477306e-01
   3.3741735e-01   4.1912364e-01
   6.3308983e-01   2.0433058e-01
   6.0291378e-02   7.5445697e-01
   5.6006651e-01   2.5162408e-01
   6.7821272e-02   7.3957482e-01
   1.3220035e-01   6.3640634e-01
   3.5696476e-01   4.0253472e-01
   6.1242998e-01   2.1742094e-01
   5.1116484e-01   2.8504207e-01
   8.0983046e-01   1.0009419e-01
   1.6395304e-01   5.9508884e-01
   9.0682288e-01   4.7727520e-02
   5.4341020e-01   2.6283639e-01
   1.1484187e-01   6.6111673e-01
   4.7266560e-01   3.1249320e-01
   4.6147114e-01   3.2068333e-01
   4.6704893e-01   3.1659022e-01
   8.7291093e-01   6.5702974e-02
   9.1523424e-02   6.9747161e-01
   3.1823600e-01   4.3587590e-01
   4.2877741e-01   3.4518903e-01
   1.4951717e-01   6.1332550e-01
   1.7118147e-01   5.8625917e-01
   5.7710644e-01   2.4032478e-01
   2.9183462e-01   4.5978280e-01
   4.4976586e-02   7.8792316e-01
   3.9729664e-01   3.6968529e-01
   6.2153834e-01   2.1162297e-01
   5.0331172e-01   2.9055535e-01
   9.1355546e-03   9.0441990e-01
   1.0000000e+00   3.3740213e-25
   4.5042900e-01   3.2885993e-01
   3.2459064e-01   4.3027143e-01
   9.1355546e-03   9.0441990e-01
   1.0903619e-01   6.6979372e-01
   9.2444648e-01   3.8518603e-02
   1.2063620e-01   6.5267278e-01
   4.4496313e-01   3.3294444e-01
   4.0419507e-01   3.6423662e-01
   3.3098432e-01   4.2468763e-01
   6.9387046e-01   1.6701113e-01
   1.9364574e-02   8.6084335e-01
   1.3797455e-01   6.2855074e-01
   1.9294611e-01   5.6074368e-01
   6.0343591e-01   2.2318863e-01
   4.8975696e-01   3.0017362e-01
   8.5657794e-01   7.4485039e-02
   9.0682288e-01   4.7727520e-02
   9.9999986e-05   9.9000000e-01
   5.6006651e-01   2.5162408e-01
   3.6356773e-01   3.9703422e-01
   4.7832194e-01   3.0839178e-01
   2.8857915e-01   4.6280436e-01
   1.8567411e-01   5.6910082e-01
   5.9455277e-01   2.2892752e-01
   6.6892165e-01   1.8212370e-01
   7.1875000e-01   1.5220875e-01
   3.1823525e-01   4.3587656e-01
   4.6704893e-01   3.1659022e-01
   7.9736034e-02   7.1762430e-01
   3.7021648e-01   3.9154583e-01
   5.5169176e-01   2.5724044e-01
   6.8128429e-01   1.7460052e-01
   7.3796971e-02   7.2834402e-01
   9.6493832e-01   1.7687260e-02
   5.0331172e-01   2.9055535e-01
   5.1116484e-01   2.8504207e-01
   9.4254785e-01   2.9150964e-02
   8.8965208e-01   5.6786303e-02
   1.3220035e-01   6.3640634e-01
   1.2642161e-01   6.4444184e-01
   4.4976586e-02   7.8792316e-01
   3.5696476e-01   4.0253472e-01
   5.4341020e-01   2.6283639e-01
   5.1909892e-01   2.7951480e-01
   5.7710644e-01   2.4032478e-01
   4.5593142e-01   3.2477306e-01
   1.4374620e-01   6.2086124e-01
   4.1815639e-01   3.5334987e-01
   2.9933572e-01   4.5288418e-01
   4.9553735e-01   2.9605586e-01
   4.2345042e-01   3.4926932e-01
   6.4483248e-01   1.9698538e-01
   2.0052380e-01   5.5220116e-01
   4.6147114e-01   3.2068333e-01
   6.0291378e-02   7.5445697e-01
   8.5643402e-02   7.0735106e-01
   1.1484187e-01   6.6111673e-01
   4.1114781e-01   3.5879191e-01
   6.5677379e-01   1.8958419e-01
   3.9729664e-01   3.6968529e-01
   5.2711625e-01   2.7397228e-01
   1.4951716e-01   6.1332551e-01
   8.7291093e-01   6.5702974e-02
   4.3413805e-01   3.4110847e-01
   3.3741731e-01   4.1912367e-01
   1.5673261e-01   6.0410530e-01
   2.9183930e-02   8.2916695e-01
   1.7842106e-01   5.7760082e-01
   3.5040622e-01   4.0804880e-01
   6.1242998e-01   2.1742094e-01
   3.8365673e-01   3.8059970e-01
   8.0384919e-01   1.0342363e-01
   6.7821272e-02   7.3957482e-01
   6.2153834e-01   2.1162297e-01
   3.4389082e-01   4.1357795e-01
   2.0994997e-01   5.4179702e-01
   5.3521920e-01   2.6841323e-01
   7.0681468e-01   1.5927728e-01
   6.3308983e-01   2.0433058e-01
   1.6395304e-01   5.9508884e-01
   5.8577732e-01   2.3463909e-01
   3.7691235e-01   3.8606812e-01
   4.2877741e-01   3.4518903e-01
   3.1191748e-01   4.4150427e-01
   4.3953305e-01   3.3702711e-01
   4.7266560e-01   3.1249320e-01
   7.8704051e-01   1.1284696e-01
   1.0321651e-01   6.7872674e-01
   9.7379969e-02   6.8794236e-01
   8.4063311e-01   8.3139539e-02
   9.1523424e-02   6.9747161e-01
   5.2682009e-02   7.7047438e-01
   3.9045101e-01   3.7513921e-01
   3.0563807e-01   4.4715457e-01
   5.6853714e-01   2.4598598e-01
   1.7118152e-01   5.8625912e-01
   8.2234942e-01   9.3165162e-02
   3.7153637e-02   8.0724721e-01
   4.8401878e-01   3.0428542e-01
   1.0000000e+00   3.3740213e-25
   1.0903619e-01   6.6979372e-01
   4.1815639e-01   3.5334987e-01
   4.8401878e-01   3.0428542e-01
   5.6006651e-01   2.5162408e-01
   1.2642161e-01   6.4444184e-01
   4.4496313e-01   3.3294444e-01
   3.3098432e-01   4.2468763e-01
   4.7266560e-01   3.1249320e-01
   4.7832194e-01   3.0839178e-01
   6.9387046e-01   1.6701113e-01
   5.0331172e-01   2.9055535e-01
   2.0994997e-01   5.4179702e-01
   7.0671044e-01   1.5933928e-01
   6.0343591e-01   2.2318863e-01
   4.8975696e-01   3.0017362e-01
   5.3521920e-01   2.6841323e-01
   7.1875000e-01   1.5220875e-01
   3.6356773e-01   3.9703422e-01
   4.3953305e-01   3.3702711e-01
   3.5040622e-01   4.0804880e-01
   5.1116484e-01   2.8504207e-01
   4.2877741e-01   3.4518903e-01
   1.8567411e-01   5.6910082e-01
   3.9045101e-01   3.7513921e-01
   2.9485623e-01   4.5699334e-01
   4.1114781e-01   3.5879191e-01
   9.7379969e-02   6.8794236e-01
   4.6704893e-01   3.1659022e-01
   4.6147114e-01   3.2068333e-01
   3.7021648e-01   3.9154583e-01
   5.5169176e-01   2.5724044e-01
   6.8128429e-01   1.7460052e-01
   5.9455277e-01   2.2892752e-01
   6.7821272e-02   7.3957482e-01
   5.4341020e-01   2.6283639e-01
   1.7118157e-01   5.8625906e-01
   3.5696476e-01   4.0253472e-01
   3.4389082e-01   4.1357795e-01
   6.0291378e-02   7.5445697e-01
   3.8365673e-01   3.8059970e-01
   5.6853714e-01   2.4598598e-01
   1.6395304e-01   5.9508884e-01
   5.1909892e-01   2.7951480e-01
   1.7842106e-01   5.7760082e-01
   6.4483248e-01   1.9698538e-01
   4.5593142e-01   3.2477306e-01
   1.4374620e-01   6.2086124e-01
   9.1355546e-03   9.0441990e-01
   4.9553735e-01   2.9605586e-01
   1.5673261e-01   6.0410530e-01
   4.2345042e-01   3.4926932e-01
   9.9999989e-05   9.9000000e-01
   5.8577732e-01   2.3463909e-01
   9.4254785e-01   2.9150964e-02
   6.1242998e-01   2.1742094e-01
   8.5643402e-02   7.0735106e-01
   1.1484187e-01   6.6111673e-01
   6.2153834e-01   2.1162297e-01
   6.5677379e-01   1.8958419e-01
   2.9183930e-02   8.2916695e-01
   3.1823517e-01   4.3587663e-01
   1.3797455e-01   6.2855074e-01
   9.1523424e-02   6.9747161e-01
   5.2682009e-02   7.7047438e-01
   7.8396046e-01   1.1458458e-01
   2.0164844e-01   5.5094718e-01
   4.0419507e-01   3.6423662e-01
   1.2063620e-01   6.5267278e-01
   5.2711625e-01   2.7397228e-01
   3.2459075e-01   4.3027134e-01
   6.6892165e-01   1.8212370e-01
   8.0162621e-01   1.0466419e-01
   1.9364574e-02   8.6084335e-01
   4.5042900e-01   3.2885993e-01
   4.3413805e-01   3.4110847e-01
   2.8761797e-01   4.6369974e-01
   3.7153637e-02   8.0724721e-01
   5.7710644e-01   2.4032478e-01
   7.9736034e-02   7.1762430e-01
   1.0321651e-01   6.7872674e-01
   7.3796971e-02   7.2834402e-01
   8.1897668e-01   9.5026697e-02
   1.4951716e-01   6.1332551e-01
   1.9294574e-01   5.6074411e-01
   9.6493832e-01   1.7687260e-02
   3.1046243e-01   4.4280844e-01
   3.7691235e-01   3.8606812e-01
   6.3308983e-01   2.0433058e-01
   4.4976586e-02   7.8792316e-01
   3.9729664e-01   3.6968529e-01
   8.3747812e-01   8.4861695e-02
   3.0252973e-01   4.4997297e-01
   8.5335486e-01   7.6227920e-02
   3.3741727e-01   4.1912370e-01
   8.8627019e-01   5.8580760e-02
   8.6961230e-01   6.7469946e-02
   9.0335453e-01   4.9550351e-02
   1.3220035e-01   6.3640634e-01
   9.2088529e-01   4.0372316e-02
   1.0000000e+00   3.3740213e-25
   1.0903619e-01   6.6979372e-01
   4.1815639e-01   3.5334987e-01
   4.8401878e-01   3.0428542e-01
   5.6006651e-01   2.5162408e-01
   1.2642161e-01   6.4444184e-01
   4.4496313e-01   3.3294444e-01
   3.3098432e-01   4.2468763e-01
   4.7266560e-01   3.1249320e-01
   4.7832194e-01   3.0839178e-01
   6.9387046e-01   1.6701113e-01
   5.0331172e-01   2.9055535e-01
   2.0994997e-01   5.4179702e-01
   7.0671044e-01   1.5933928e-01
   5.7710644e-01   2.4032478e-01
   5.3521920e-01   2.6841323e-01
   9.2088436e-01   4.0372801e-02
   7.1875000e-01   1.5220875e-01
   3.6356773e-01   3.9703422e-01
   4.3953305e-01   3.3702711e-01
   3.5040622e-01   4.0804880e-01
   6.3308983e-01   2.0433058e-01
   4.2877741e-01   3.4518903e-01
   5.4341020e-01   2.6283639e-01
   3.9045101e-01   3.7513921e-01
   2.9480697e-01   4.5703871e-01
   3.7021648e-01   3.9154583e-01
   5.1909892e-01   2.7951480e-01
   4.6704893e-01   3.1659022e-01
   4.6147114e-01   3.2068333e-01
   3.1823517e-01   4.3587663e-01
   5.5169176e-01   2.5724044e-01
   6.8128429e-01   1.7460052e-01
   5.9455277e-01   2.2892752e-01
   6.7821272e-02   7.3957482e-01
   4.8975696e-01   3.0017362e-01
   1.7118157e-01   5.8625906e-01
   3.5696476e-01   4.0253472e-01
   1.6395304e-01   5.9508884e-01
   9.1523424e-02   6.9747161e-01
   5.2711625e-01   2.7397228e-01
   5.6853714e-01   2.4598598e-01
   1.8567422e-01   5.6910068e-01
   1.1484187e-01   6.6111673e-01
   2.0164844e-01   5.5094718e-01
   6.4483248e-01   1.9698538e-01
   9.4254785e-01   2.9150964e-02
   1.4374620e-01   6.2086124e-01
   3.2459075e-01   4.3027134e-01
   4.9553735e-01   2.9605586e-01
   1.2063620e-01   6.5267278e-01
   9.7379969e-02   6.8794236e-01
   3.3741727e-01   4.1912370e-01
   3.8365673e-01   3.8059970e-01
   4.3413805e-01   3.4110847e-01
   6.1242998e-01   2.1742094e-01
   4.4976586e-02   7.8792316e-01
   3.0250509e-01   4.4999538e-01
   6.5677379e-01   1.8958419e-01
   3.9729664e-01   3.6968529e-01
   8.0087902e-01   1.0508156e-01
   8.5643402e-02   7.0735106e-01
   1.3797455e-01   6.2855074e-01
   1.3220035e-01   6.3640634e-01
   5.2682009e-02   7.7047438e-01
   7.8396046e-01   1.1458458e-01
   2.9183930e-02   8.2916695e-01
   4.0419507e-01   3.6423662e-01
   5.1116484e-01   2.8504207e-01
   2.8761797e-01   4.6369974e-01
   5.8577732e-01   2.3463909e-01
   6.6892165e-01   1.8212370e-01
   7.3796971e-02   7.2834402e-01
   1.9364574e-02   8.6084335e-01
   6.0343591e-01   2.2318863e-01
   8.5335854e-01   7.6225927e-02
   4.2345042e-01   3.4926932e-01
   6.2153834e-01   2.1162297e-01
   3.7691235e-01   3.8606812e-01
   9.1355546e-03   9.0441990e-01
   3.7153637e-02   8.0724721e-01
   3.4389082e-01   4.1357795e-01
   3.1035173e-01   4.4290779e-01
   7.9736034e-02   7.1762430e-01
   1.7842107e-01   5.7760081e-01
   8.1893147e-01   9.5051677e-02
   9.6493832e-01   1.7687260e-02
   4.1114781e-01   3.5879191e-01
   4.5042900e-01   3.2885993e-01
   1.5673261e-01   6.0410530e-01
   8.8627019e-01   5.8580759e-02
   4.5593142e-01   3.2477306e-01
   9.9999995e-05   9.9000000e-01
   6.0291378e-02   7.5445697e-01
   1.0321651e-01   6.7872674e-01
   9.0335326e-01   4.9551023e-02
   1.4951716e-01   6.1332551e-01
   1.9294536e-01   5.6074454e-01
   8.6961234e-01   6.7469924e-02
   1.0000000e+00   3.1943285e-25
   8.3748850e-01   8.4856020e-02
   4.1815639e-01   3.5334987e-01
   6.2153834e-01   2.1162297e-01
   3.2459075e-01   4.3027134e-01
   8.1892809e-01   9.5053545e-02
   1.2642161e-01   6.4444184e-01
   4.4496313e-01   3.3294444e-01
   1.3220035e-01   6.3640634e-01
   4.7266560e-01   3.1249320e-01
   4.7832194e-01   3.0839178e-01
   6.9387046e-01   1.6701113e-01
   5.0331172e-01   2.9055535e-01
   2.0994997e-01   5.4179702e-01
   9.1355546e-03   9.0441990e-01
   5.7710644e-01   2.4032478e-01
   7.1875000e-01   1.5220875e-01
   9.2088436e-01   4.0372801e-02
   5.5169176e-01   2.5724044e-01
   3.6356773e-01   3.9703422e-01
   5.4341020e-01   2.6283639e-01
   3.5040622e-01   4.0804880e-01
   1.6395304e-01   5.9508884e-01
   4.2877741e-01   3.4518903e-01
   3.1823520e-01   4.3587661e-01
   3.8365673e-01   3.8059970e-01
   5.2711625e-01   2.7397228e-01
   3.7021648e-01   3.9154583e-01
   5.1909892e-01   2.7951480e-01
   4.6704893e-01   3.1659022e-01
   4.6147114e-01   3.2068333e-01
   1.2063620e-01   6.5267278e-01
   3.3741727e-01   4.1912370e-01
   3.7153637e-02   8.0724721e-01
   2.8761797e-01   4.6369974e-01
   5.8577732e-01   2.3463909e-01
   1.7118157e-01   5.8625906e-01
   4.5042900e-01   3.2885993e-01
   6.3308983e-01   2.0433058e-01
   1.9440463e-01   5.5908660e-01
   1.7842107e-01   5.7760081e-01
   3.7691235e-01   3.8606812e-01
   5.6853714e-01   2.4598598e-01
   1.0000000e-04   9.9000000e-01
   1.5673261e-01   6.0410530e-01
   2.0164844e-01   5.5094718e-01
   6.5677379e-01   1.8958419e-01
   8.0087902e-01   1.0508156e-01
   1.4374620e-01   6.2086124e-01
   7.8396046e-01   1.1458458e-01
   4.9553735e-01   2.9605586e-01
   6.8128433e-01   1.7460050e-01
   8.5643402e-02   7.0735106e-01
   7.9736034e-02   7.1762430e-01
   2.9183930e-02   8.2916695e-01
   4.3413805e-01   3.4110847e-01
   4.3953305e-01   3.3702711e-01
   4.4976586e-02   7.8792316e-01
   3.0250509e-01   4.4999538e-01
   5.3521920e-01   2.6841323e-01
   3.9729664e-01   3.6968529e-01
   3.9045101e-01   3.7513921e-01
   4.1114781e-01   3.5879191e-01
   4.5593142e-01   3.2477306e-01
   6.7821272e-02   7.3957482e-01
   5.2682009e-02   7.7047438e-01
   4.8975696e-01   3.0017362e-01
   4.0419507e-01   3.6423662e-01
   7.3796971e-02   7.2834402e-01
   5.6006651e-01   2.5162408e-01
   4.8401878e-01   3.0428542e-01
   1.9364574e-02   8.6084335e-01
   8.8627019e-01   5.8580759e-02
   2.9477364e-01   4.5706939e-01
   9.7379969e-02   6.8794236e-01
   4.2345042e-01   3.4926932e-01
   1.0903619e-01   6.6979372e-01
   3.1034894e-01   4.4291030e-01
   8.6961234e-01   6.7469923e-02
   7.0669344e-01   1.5934940e-01
   6.0343591e-01   2.2318863e-01
   9.6493832e-01   1.7687260e-02
   5.9455277e-01   2.2892752e-01
   9.4254785e-01   2.9150964e-02
   6.4483248e-01   1.9698538e-01
   1.4951716e-01   6.1332551e-01
   5.1116484e-01   2.8504207e-01
   3.4389082e-01   4.1357795e-01
   9.0335326e-01   4.9551023e-02
   1.1484187e-01   6.6111673e-01
   6.0291378e-02   7.5445697e-01
   6.6892164e-01   1.8212370e-01
   6.1242998e-01   2.1742094e-01
   1.3797455e-01   6.2855074e-01
   9.1523424e-02   6.9747161e-01
   8.5018773e-01   7.7943749e-02
   3.5696476e-01   4.0253472e-01
   1.8713903e-01   5.6740431e-01
   8.3433305e-01   8.6581667e-02
   1.0000000e+00   3.1943285e-25
   1.0321651e-01   6.7872674e-01
   3.3098432e-01   4.2468763e-01
   5.1575353e+00   7.0059477e+00
   5.4070509e+00   6.0713592e+00
   7.3925804e+00   5.0480168e+00
   6.5418761e+00   5.9230883e+00
   6.4225211e+00   7.4438343e+00
   6.0603988e+00   6.0654798e+00
   6.3606315e+00   5.8514459e+00
   5.0217056e+00   6.9457721e+00
   6.9505565e+00   6.9084350e+00
   6.5731962e+00   5.7739726e+00
   6.8016281e+00   4.7576156e+00
   6.3315264e+00   4.3939359e+00
   7.7290053e+00   5.1923448e+00
   5.7912095e+00   6.9749861e+00
   6.6565319e+00   4.5718338e+00
   8.2316708e+00   4.1281580e+00
   7.7528095e+00   4.3751054e+00
   5.3502436e+00   5.5304895e+00
   7.0068340e+00   4.8502922e+00
   5.5824901e+00   5.1572391e+00
   6.4616533e+00   5.1045425e+00
   7.2765967e+00   5.9676828e+00
   7.1295191e+00   5.3719348e+00
   6.3501370e+00   7.0130509e+00
   5.6420358e+00   6.2062792e+00
   7.3550098e+00   5.9793269e+00
   7.0789771e+00   6.9172523e+00
   7.1023765e+00   4.9132101e+00
   5.9342211e+00   6.7015828e+00
   5.7162575e+00   6.0512540e+00
   6.6362891e+00   4.7100893e+00
   6.9923555e+00   6.7069305e+00
   7.1480334e+00   6.5435963e+00
   5.2607901e+00   7.9129673e+00
   7.0795870e+00   5.1631475e+00
   5.5782268e+00   6.1744230e+00
   5.1455164e+00   5.2056952e+00
   7.3768935e+00   5.9065145e+00
   5.2030574e+00   5.5633197e+00
   6.6904437e+00   5.9022914e+00
   7.2215395e+00   5.7774128e+00
   6.0844582e+00   6.8656729e+00
   4.8428546e+00   5.7189621e+00
   6.9012662e+00   5.7976898e+00
   6.6974278e+00   6.3569750e+00
   6.9377369e+00   4.9727214e+00
   5.2276231e+00   8.1221892e+00
   5.6518974e+00   5.7721508e+00
   5.2725727e+00   5.5794649e+00
   7.7728219e+00   6.9618649e+00
   7.1068640e+00   5.1758150e+00
   6.8792566e+00   5.4675278e+00
   7.3969309e+00   6.5790057e+00
   5.2528225e+00   8.1545439e+00
   6.2959771e+00   5.0480007e+00
   5.3395050e+00   6.4673739e+00
   7.5703673e+00   7.2041852e+00
   6.5118917e+00   5.0452253e+00
   6.3243184e+00   4.0151155e+00
   6.6248311e+00   6.5910421e+00
   5.8868480e+00   5.5344400e+00
   7.1071850e+00   5.7201508e+00
   5.5014964e+00   5.9174825e+00
   6.5595043e+00   5.1387028e+00
   7.4497327e+00   4.9410571e+00
   5.5537802e+00   5.9897551e+00
   7.3801587e+00   5.6628421e+00
   6.7573198e+00   6.5655285e+00
   4.4320205e+00   7.0486849e+00
   7.2894433e+00   7.0015401e+00
   4.7895628e+00   7.8915565e+00
   5.4397148e+00   5.3174569e+00
   5.5018681e+00   4.9472235e+00
   5.5375646e+00   6.4148965e+00
   6.0146742e+00   5.8739900e+00
   7.0756112e+00   4.5439871e+00
   7.1013258e+00   5.7465665e+00
   5.5003768e+00   7.0055673e+00
   7.4425088e+00   6.8148498e+00
   7.1927877e+00   5.7157687e+00
   7.1389072e+00   6.4408509e+00
   6.4620077e+00   5.3323014e+00
   7.1820310e+00   5.3423320e+00
   7.7580229e+00   6.6670611e+00
   5.8046857e+00   5.4546790e+00
   7.4391062e+00   5.3119523e+00
   5.7309850e+00   4.6390979e+00
   6.3028641e+00   5.9054518e+00
   5.9760913e+00   6.6292505e+00
   7.1803301e+00   6.7393432e+00
   6.4060959e+00   5.6358949e+00
   7.3873121e+00   6.0719953e+00
   6.9639691e+00   5.6737888e+00
   5.6794323e+00   5.7034856e+00
   6.4938010e+00   6.5812328e+00
   5.1798660e+00   6.4535398e+00
   5.2450751e+00   4.6242718e+00
   5.2762775e+00   4.6579154e+00
   5.2307322e+00   6.8709018e+00
   6.1890476e+00   4.6771615e+00
   4.1818258e-01   3.5337199e-01
   1.7239101e-01   5.8484241e-01
   9.4630586e-01   2.7259839e-02
   4.4499142e-01   3.3296560e-01
   4.0300468e-02   7.9929261e-01
   1.0467825e-01   6.7650218e-01
   4.2880442e-01   3.4521078e-01
   7.0817500e-02   7.3392680e-01
   1.8245874e-01   5.7289048e-01
   3.4390661e-01   4.1360686e-01
   9.6882507e-01   1.5753253e-02
   8.4387925e-01   8.1413364e-02
   1.2927349e-01   6.4049614e-01
   6.8069027e-01   1.7500282e-01
   4.1292045e-01   3.5745350e-01
   8.8591160e-02   7.0239970e-01
   8.2082671e-01   9.4047500e-02
   4.7269612e-01   3.1251338e-01
   8.3139504e-01   8.8233710e-02
   5.8801343e-01   2.3322203e-01
   8.7297887e-01   6.5708990e-02
   5.0139372e-01   2.9195077e-01
   4.0076401e-01   3.6698312e-01
   4.3956091e-01   3.3704847e-01
   3.3096646e-01   4.2474553e-01
   6.4488176e-01   1.9699707e-01
   4.5596058e-01   3.2479384e-01
   4.9556975e-01   2.9607522e-01
   6.5440028e-01   1.9109226e-01
   8.5664776e-01   7.4489694e-02
   1.7793562e-01   5.7821821e-01
   1.0000000e+00   4.2372108e-05
   3.2381341e-01   4.3099632e-01
   5.4964974e-01   2.5865870e-01
   6.3546730e-01   2.0288034e-01
   2.5947244e-02   8.3896089e-01
   3.5042104e-01   4.0807865e-01
   5.6221318e-01   2.5023361e-01
   9.0689622e-01   4.7731384e-02
   5.0726168e-01   2.8781932e-01
   1.7694333e-02   8.6702232e-01
   3.1584035e-01   4.3804562e-01
   8.1113182e-01   9.9413801e-02
   4.6150075e-01   3.2070391e-01
   6.1708036e-01   2.1449775e-01
   1.1049606e-01   6.6763290e-01
   4.7835292e-01   3.0841175e-01
   4.0768997e-01   3.6153633e-01
   9.1359612e-03   9.0446015e-01
   5.4344666e-01   2.6285402e-01
   4.5045772e-01   3.2888090e-01
   5.2513888e-01   2.7537771e-01
   1.5531566e-01   6.0594129e-01
   4.8405023e-01   3.0430519e-01
   3.8198974e-01   3.8198919e-01
   1.4665502e-01   6.1708674e-01
   9.2452191e-01   3.8521746e-02
   1.0000008e-04   9.9004237e-01
   5.1317455e-01   2.8368034e-01
   5.1913330e-01   2.7953332e-01
   6.6398364e-01   1.8519046e-01
   7.6774545e-02   7.2296017e-01
   6.2618806e-01   2.0872192e-01
   1.6680025e-01   5.9163051e-01
   5.3729453e-01   2.6703860e-01
   1.5097814e-01   6.1148332e-01
   5.2684531e-02   7.7051126e-01
   6.7141812e-01   1.8064130e-01
   9.8845971e-02   6.8564458e-01
   3.7525684e-01   3.8746026e-01
   4.3416548e-01   3.4113002e-01
   3.3747180e-01   4.1911914e-01
   8.8972341e-01   5.6790863e-02
   1.1629743e-01   6.5901828e-01
   3.5698787e-01   4.0255775e-01
   4.8978888e-01   3.0019319e-01
   8.2697184e-02   7.1247119e-01
   5.8779172e-02   7.5759821e-01
   6.1021313e-01   2.1888098e-01
   4.6707900e-01   3.1661059e-01
   6.4821089e-02   7.4544251e-01
   3.8877175e-01   3.7652674e-01
   4.6528508e-02   7.8433770e-01
   1.6102727e-01   5.9876034e-01
   3.3986953e-02   8.1568687e-01
   5.9461161e-01   2.2893174e-01
   5.5590487e-01   2.5445209e-01
   1.2209475e-01   6.5062178e-01
   1.4098742e-01   6.2455945e-01
   9.4459566e-02   6.9269962e-01
   1.3510091e-01   6.3248162e-01
   5.6857580e-01   2.4600272e-01
   4.2347702e-01   3.4929126e-01
   5.7499457e-01   2.4175841e-01
   3.9560474e-01   3.7107120e-01
   6.0137469e-01   2.2455885e-01
   3.7023201e-01   3.9157544e-01
   5.3119228e-01   2.7121298e-01
   5.8146965e-01   2.3750080e-01
   3.6359085e-01   3.9705742e-01
   5.5586748e-01   2.5443479e-01
   4.5593139e-01   3.2477308e-01
   3.1707990e-01   4.3690152e-01
   3.7021637e-01   3.9154592e-01
   2.9183930e-02   8.2916695e-01
   1.8408111e-01   5.7095325e-01
   1.1194215e-01   6.6542242e-01
   4.4976586e-02   7.8792316e-01
   1.4232633e-01   6.2273838e-01
   1.6683727e-01   5.9154282e-01
   4.9553737e-01   2.9605584e-01
   6.3541984e-01   2.0286774e-01
   5.0136083e-01   2.9193162e-01
   1.0000000e+00   8.8151708e-14
   1.7261660e-01   5.8452846e-01
   4.3413758e-01   3.4110882e-01
   3.5041823e-01   4.0803866e-01
   5.8142900e-01   2.3748508e-01
   5.6217509e-01   2.5021664e-01
   1.3652921e-01   6.3050140e-01
   4.0245880e-01   3.6560359e-01
   3.0602148e-01   4.4680791e-01
   9.0682280e-01   4.7727558e-02
   1.1774060e-01   6.5686649e-01
   5.0722830e-01   2.8780038e-01
   1.4812377e-01   6.1513150e-01
   1.6105394e-01   5.9868474e-01
   9.4622813e-01   2.7257418e-02
   5.7495515e-01   2.4174203e-01
   4.2345050e-01   3.4926926e-01
   5.4961279e-01   2.5864126e-01
   3.2460448e-01   4.3025928e-01
   3.3741592e-01   4.1912486e-01
   8.2802987e-01   9.0038532e-02
   6.5441959e-01   1.9103796e-01
   1.9585650e-01   5.5744322e-01
   4.4496313e-01   3.3294444e-01
   1.2931354e-01   6.4039808e-01
   1.0000002e-04   9.9000000e-01
   8.4067365e-01   8.3117429e-02
   6.1697110e-01   2.1452492e-01
   8.8586742e-02   7.0236475e-01
   4.5042903e-01   3.2885990e-01
   6.4817940e-02   7.4540632e-01
   7.6770266e-02   7.2292552e-01
   5.3725905e-01   2.6702043e-01
   5.6853716e-01   2.4598597e-01
   5.1909892e-01   2.7951480e-01
   3.8365887e-01   3.8059797e-01
   9.4455632e-02   6.9266365e-01
   8.7291364e-01   6.5701525e-02
   6.4483580e-01   1.9698331e-01
   3.0895384e-01   4.4416384e-01
   6.0793834e-01   2.2029599e-01
   5.8967190e-01   2.3209903e-01
   6.2613658e-01   2.0871207e-01
   4.1815609e-01   3.5335010e-01
   3.5698515e-01   4.0251765e-01
   5.3115687e-01   2.7119490e-01
   9.2444650e-01   3.8518591e-02
   5.1314068e-01   2.8366162e-01
   8.8961616e-01   5.6805341e-02
   5.8776287e-02   7.5756179e-01
   3.7691430e-01   3.8606653e-01
   4.6704894e-01   3.1659021e-01
   1.7803267e-01   5.7806082e-01
   4.8975697e-01   3.0017362e-01
   4.2877768e-01   3.4518882e-01
   3.6356705e-01   3.9703479e-01
   1.2353436e-01   6.4852545e-01
   3.3098784e-01   4.2468457e-01
   6.7914578e-01   1.7589698e-01
   4.7266561e-01   3.1249319e-01
   3.9729757e-01   3.6968455e-01
   5.2682023e-02   7.7047435e-01
   1.0612850e-01   6.7422630e-01
   4.8401878e-01   3.0428542e-01
   5.9901112e-01   2.2604191e-01
   8.5657857e-01   7.4484701e-02
   8.1113182e-01   9.9371429e-02
   4.6147114e-01   3.2068333e-01
   4.0766733e-01   3.6151168e-01
   4.1289405e-01   3.5743168e-01
   5.4341042e-01   2.6283623e-01
   3.9045105e-01   3.7513918e-01
   4.3953304e-01   3.3702712e-01
   4.7832194e-01   3.0839177e-01
   6.6651767e-01   1.8359467e-01
   1.5395930e-01   6.0762352e-01
   7.0814039e-02   7.3389093e-01
   1.8987624e-01   5.6425209e-01
   5.2510401e-01   2.7535940e-01
   3.4390661e-01   4.1356449e-01
   1.0030060e-01   6.8329731e-01
   8.2693842e-02   7.1243463e-01
   9.6874425e-01   1.5751938e-02
   6.9253178e-01   1.6781506e-01
   9.1355544e-03   9.0441991e-01
   3.7153633e-02   8.0724722e-01
   1.9364574e-02   8.6084335e-01
   6.3542283e-01   2.0286586e-01
   3.0185801e-01   4.5058394e-01
   5.8142900e-01   2.3748508e-01
   1.7262832e-01   5.8451436e-01
   4.3953305e-01   3.3702711e-01
   2.8679986e-01   4.6446301e-01
   1.6683727e-01   5.9154282e-01
   3.1823570e-01   4.3587617e-01
   1.4663174e-01   6.1707476e-01
   1.7841638e-01   5.7760636e-01
   8.7291093e-01   6.5702978e-02
   2.0173068e-01   5.5085561e-01
   4.3413805e-01   3.4110847e-01
   3.5696477e-01   4.0253471e-01
   9.6874425e-01   1.5751939e-02
   1.0030054e-01   6.8329740e-01
   3.7021648e-01   3.9154583e-01
   7.6770758e-02   7.2292464e-01
   1.9003621e-01   5.6406857e-01
   4.5042900e-01   3.2885993e-01
   2.9183930e-02   8.2916695e-01
   3.6356773e-01   3.9703422e-01
   3.2459043e-01   4.3027162e-01
   1.5384565e-01   6.0776837e-01
   5.0722830e-01   2.8780038e-01
   8.2505723e-01   9.1673388e-02
   5.3930354e-01   2.6562711e-01
   3.5040624e-01   4.0804878e-01
   5.5586732e-01   2.5443490e-01
   9.4454406e-02   6.9266564e-01
   4.1815639e-01   3.5334987e-01
   5.7280928e-01   2.4315835e-01
   1.0000001e-04   9.9000000e-01
   1.9570686e-01   5.5761231e-01
   1.6106389e-01   5.9867234e-01
   3.0717341e-01   4.4576773e-01
   3.8728887e-02   8.0320344e-01
   9.4622779e-01   2.7257591e-02
   6.1696966e-01   2.1452584e-01
   8.5657794e-01   7.4485040e-02
   6.4483249e-01   1.9698538e-01
   2.9664338e-01   4.5535023e-01
   8.8586579e-02   7.0236502e-01
   3.8365673e-01   3.8059970e-01
   4.6147114e-01   3.2068333e-01
   4.7832194e-01   3.0839178e-01
   6.5436943e-01   1.9106896e-01
   6.9318928e-02   7.3671512e-01
   1.1194061e-01   6.6542473e-01
   7.0273546e-01   1.6170682e-01
   4.2345042e-01   3.4926932e-01
   5.6428967e-01   2.4880784e-01
   6.6404229e-01   1.8511210e-01
   6.1803250e-02   7.5139741e-01
   3.4389085e-01   4.1357793e-01
   9.2444648e-01   3.8518603e-02
   9.1355546e-03   9.0441990e-01
   3.3741726e-01   4.1912371e-01
   6.8884819e-01   1.7003121e-01
   4.4496313e-01   3.3294444e-01
   1.2931168e-01   6.4040066e-01
   8.2693395e-02   7.1243541e-01
   8.4063223e-01   8.3140014e-02
   5.4753950e-01   2.6004088e-01
   1.9364574e-02   8.6084335e-01
   5.9015178e-01   2.3178663e-01
   5.4210979e-02   7.6716749e-01
   7.9536385e-01   1.0816826e-01
   8.8965208e-01   5.6786303e-02
   1.8417619e-01   5.7084247e-01
   6.2613646e-01   2.0871215e-01
   4.9941483e-01   2.9330712e-01
   1.1774030e-01   6.5686694e-01
   5.3115687e-01   2.7119490e-01
   1.3508874e-01   6.3245580e-01
   1.2352988e-01   6.4853183e-01
   4.9167902e-01   2.9880172e-01
   9.0682288e-01   4.7727520e-02
   4.8401878e-01   3.0428542e-01
   3.7691235e-01   3.8606812e-01
   3.9045139e-01   3.7513891e-01
   4.7266560e-01   3.1249320e-01
   4.1114789e-01   3.5879185e-01
   6.7630268e-01   1.7762376e-01
   3.1322642e-01   4.4033365e-01
   5.1512162e-01   2.8228027e-01
   8.0978732e-01   1.0011816e-01
   4.6704893e-01   3.1659022e-01
   5.9898068e-01   2.2606158e-01
   4.6526298e-02   7.8430045e-01
   4.2877741e-01   3.4518903e-01
   4.5593142e-01   3.2477306e-01
   1.0612827e-01   6.7422666e-01
   3.3098641e-01   4.2468582e-01
   4.0419521e-01   3.6423652e-01
   6.0791887e-01   2.2030847e-01
   1.0000000e+00   6.3946353e-26
   1.4086066e-01   6.2468592e-01
   5.2309703e-01   2.7674553e-01
   3.9729940e-01   3.6968309e-01
   5.3115687e-01   2.7119490e-01
   3.0719911e-01   4.4574454e-01
   5.3930354e-01   2.6562711e-01
   2.9306775e-01   4.5864268e-01
   4.6147114e-01   3.2068333e-01
   2.8679986e-01   4.6446301e-01
   6.2613646e-01   2.0871215e-01
   7.6770758e-02   7.2292464e-01
   4.8401878e-01   3.0428542e-01
   1.0000001e-04   9.9000000e-01
   1.2931168e-01   6.4040067e-01
   3.5040623e-01   4.0804879e-01
   4.1114781e-01   3.5879191e-01
   6.0791887e-01   2.2030847e-01
   3.9045101e-01   3.7513921e-01
   1.0030054e-01   6.8329740e-01
   3.6356773e-01   3.9703422e-01
   1.0612827e-01   6.7422666e-01
   1.5384600e-01   6.0776792e-01
   3.3098420e-01   4.2468774e-01
   8.8586579e-02   7.0236502e-01
   8.2505723e-01   9.1673388e-02
   5.5586732e-01   2.5443490e-01
   9.2444648e-01   3.8518603e-02
   1.1774030e-01   6.5686694e-01
   5.8142900e-01   2.3748508e-01
   8.0685489e-01   1.0174898e-01
   4.6526298e-02   7.8430045e-01
   8.8965208e-01   5.6786303e-02
   8.4063310e-01   8.3139541e-02
   9.6874425e-01   1.5751939e-02
   4.7266560e-01   3.1249320e-01
   8.7291093e-01   6.5702973e-02
   5.0722830e-01   2.8780038e-01
   4.5593142e-01   3.2477306e-01
   8.5657794e-01   7.4485039e-02
   1.9734732e-01   5.5576209e-01
   9.1355546e-03   9.0441990e-01
   6.1696966e-01   2.1452584e-01
   3.5696476e-01   4.0253472e-01
   3.1347763e-01   4.4010927e-01
   6.1803250e-02   7.5139741e-01
   3.7691235e-01   3.8606812e-01
   1.9364574e-02   8.6084335e-01
   1.4663166e-01   6.1707487e-01
   3.7021648e-01   3.9154583e-01
   5.4753950e-01   2.6004088e-01
   3.2459065e-01   4.3027143e-01
   1.7262848e-01   5.8451417e-01
   7.8861346e-01   1.1196089e-01
   5.9898068e-01   2.2606158e-01
   4.9941483e-01   2.9330712e-01
   7.1008822e-01   1.5733268e-01
   9.0682288e-01   4.7727520e-02
   6.7631332e-01   1.7761729e-01
   5.7280928e-01   2.4315835e-01
   3.4389084e-01   4.1357793e-01
   9.4622779e-01   2.7257591e-02
   5.2309703e-01   2.7674553e-01
   3.3741728e-01   4.1912370e-01
   4.1815639e-01   3.5334987e-01
   8.2693395e-02   7.1243541e-01
   9.4454406e-02   6.9266564e-01
   1.4086058e-01   6.2468603e-01
   2.0530020e-01   5.4689934e-01
   2.9183930e-02   8.2916695e-01
   4.6704893e-01   3.1659022e-01
   6.4483248e-01   1.9698538e-01
   4.3234739e-01   3.4246872e-01
   5.9015178e-01   2.3178663e-01
   2.9937867e-01   4.5284493e-01
   4.7832194e-01   3.0839178e-01
   3.9729664e-01   3.6968529e-01
   1.7842096e-01   5.7760094e-01
   4.4496313e-01   3.3294444e-01
   3.8728887e-02   8.0320344e-01
   6.5436930e-01   1.9106904e-01
   1.6684316e-01   5.9153561e-01
   4.0419507e-01   3.6423662e-01
   6.9318928e-02   7.3671512e-01
   6.6403743e-01   1.8511508e-01
   4.9167902e-01   2.9880172e-01
   1.2352987e-01   6.4853183e-01
   1.9003300e-01   5.6407225e-01
   1.8421667e-01   5.7079531e-01
   6.9908320e-01   1.6388805e-01
   6.3542283e-01   2.0286586e-01
   4.5042900e-01   3.2885993e-01
   4.3953305e-01   3.3702711e-01
   5.1512162e-01   2.8228027e-01
   5.4210979e-02   7.6716749e-01
   1.1194061e-01   6.6542473e-01
   5.6428967e-01   2.4880784e-01
   1.6106404e-01   5.9867216e-01
   3.1980678e-01   4.3448538e-01
   1.3508789e-01   6.3245695e-01
   1.0000000e+00   6.3946353e-26
   6.8628614e-01   1.7157611e-01
   4.2522238e-01   3.4790922e-01
   3.8365673e-01   3.8059970e-01
   6.1803250e-02   7.5139741e-01
   3.0719911e-01   4.4574454e-01
   3.9045101e-01   3.7513921e-01
   2.9306775e-01   4.5864268e-01
   4.6147114e-01   3.2068333e-01
   2.8679986e-01   4.6446301e-01
   6.2613646e-01   2.0871215e-01
   7.6770758e-02   7.2292464e-01
   4.8401878e-01   3.0428542e-01
   4.4496313e-01   3.3294444e-01
   4.0419507e-01   3.6423662e-01
   9.4622779e-01   2.7257591e-02
   4.1114781e-01   3.5879191e-01
   3.3741728e-01   4.1912370e-01
   5.9015178e-01   2.3178663e-01
   5.4753950e-01   2.6004088e-01
   4.9941483e-01   2.9330712e-01
   1.0612827e-01   6.7422666e-01
   1.9003300e-01   5.6407225e-01
   6.4483248e-01   1.9698538e-01
   8.8586579e-02   7.0236502e-01
   4.7266560e-01   3.1249320e-01
   1.6684322e-01   5.9153554e-01
   4.6704893e-01   3.1659022e-01
   1.1194061e-01   6.6542473e-01
   8.5657794e-01   7.4485039e-02
   1.7842116e-01   5.7760071e-01
   1.5384601e-01   6.0776791e-01
   8.8965208e-01   5.6786303e-02
   8.4063310e-01   8.3139541e-02
   3.1350353e-01   4.4008614e-01
   3.8365673e-01   3.8059970e-01
   8.7291093e-01   6.5702973e-02
   5.0722830e-01   2.8780038e-01
   4.5593142e-01   3.2477306e-01
   3.8728887e-02   8.0320344e-01
   1.9734732e-01   5.5576209e-01
   3.2618558e-01   4.2887341e-01
   5.3115687e-01   2.7119490e-01
   3.7691235e-01   3.8606812e-01
   4.3953305e-01   3.3702711e-01
   8.0683099e-01   1.0176229e-01
   1.2352987e-01   6.4853183e-01
   1.9364574e-02   8.6084335e-01
   3.5696476e-01   4.0253472e-01
   5.5586732e-01   2.5443490e-01
   1.7262848e-01   5.8451417e-01
   7.1008822e-01   1.5733268e-01
   1.3508789e-01   6.3245695e-01
   7.8861346e-01   1.1196089e-01
   5.1512162e-01   2.8228027e-01
   5.6428967e-01   2.4880784e-01
   1.8422066e-01   5.7079065e-01
   4.2522238e-01   3.4790922e-01
   3.9729664e-01   3.6968529e-01
   6.3542283e-01   2.0286586e-01
   3.6356773e-01   3.9703422e-01
   3.5040622e-01   4.0804880e-01
   2.9183930e-02   8.2916695e-01
   4.5042900e-01   3.2885993e-01
   9.1355546e-03   9.0441990e-01
   3.4389083e-01   4.1357795e-01
   3.7021648e-01   3.9154583e-01
   1.4086058e-01   6.2468603e-01
   5.9898068e-01   2.2606158e-01
   5.3930354e-01   2.6562711e-01
   2.9937867e-01   4.5284493e-01
   9.2444648e-01   3.8518603e-02
   3.1981937e-01   4.3447425e-01
   6.5436929e-01   1.9106904e-01
   6.8629415e-01   1.7157127e-01
   1.4663165e-01   6.1707487e-01
   1.2931167e-01   6.4040067e-01
   4.3234739e-01   3.4246872e-01
   8.2693395e-02   7.1243541e-01
   5.7280928e-01   2.4315835e-01
   9.6874425e-01   1.5751939e-02
   5.2309703e-01   2.7674553e-01
   9.0682288e-01   4.7727520e-02
   6.1696966e-01   2.1452584e-01
   1.1774030e-01   6.5686694e-01
   1.6106405e-01   5.9867214e-01
   6.6403727e-01   1.8511518e-01
   4.1815639e-01   3.5334987e-01
   6.9899063e-01   1.6394341e-01
   6.9318928e-02   7.3671512e-01
   8.2505763e-01   9.1673170e-02
   9.4454406e-02   6.9266564e-01
   5.8142900e-01   2.3748508e-01
   3.3258882e-01   4.2329486e-01
   1.0000001e-04   9.9000000e-01
   1.0030054e-01   6.8329740e-01
   4.6526298e-02   7.8430045e-01
   6.0791887e-01   2.2030847e-01
   5.4210979e-02   7.6716749e-01
   4.9167902e-01   2.9880172e-01
   4.7832194e-01   3.0839178e-01
   6.7384843e-01   1.7911728e-01
   2.0722448e-01   5.4478085e-01
   1.0000000e+00   4.2173499e-26
   6.1803250e-02   7.5139741e-01
   3.0719911e-01   4.4574454e-01
   3.9729664e-01   3.6968529e-01
   2.9153157e-01   4.6006336e-01
   4.6147114e-01   3.2068333e-01
   5.7280928e-01   2.4315835e-01
   4.4496313e-01   3.3294444e-01
   5.3930354e-01   2.6562711e-01
   1.1194061e-01   6.6542473e-01
   5.3115687e-01   2.7119490e-01
   4.6526298e-02   7.8430045e-01
   9.4622779e-01   2.7257591e-02
   4.1114781e-01   3.5879191e-01
   3.9045101e-01   3.7513921e-01
   5.9015178e-01   2.3178663e-01
   7.1363659e-01   1.5522986e-01
   4.9941483e-01   2.9330712e-01
   1.4086058e-01   6.2468603e-01
   1.2931167e-01   6.4040067e-01
   5.1512162e-01   2.8228027e-01
   3.2618556e-01   4.2887343e-01
   4.7266560e-01   3.1249320e-01
   2.0722448e-01   5.4478085e-01
   4.6704893e-01   3.1659022e-01
   1.9299749e-01   5.6068520e-01
   1.2352987e-01   6.4853183e-01
   4.9167902e-01   2.9880172e-01
   6.5436928e-01   1.9106905e-01
   5.4753950e-01   2.6004088e-01
   2.9939561e-01   4.5282945e-01
   5.8142900e-01   2.3748508e-01
   3.8365673e-01   3.8059970e-01
   3.1349237e-01   4.4009611e-01
   4.0419507e-01   3.6423662e-01
   4.5593142e-01   3.2477306e-01
   5.2309703e-01   2.7674553e-01
   6.9899063e-01   1.6394341e-01
   3.8728887e-02   8.0320344e-01
   6.8629146e-01   1.7157290e-01
   3.7691235e-01   3.8606812e-01
   1.0000001e-04   9.9000000e-01
   6.4483248e-01   1.9698538e-01
   6.6403723e-01   1.8511521e-01
   9.4454406e-02   6.9266564e-01
   3.5696476e-01   4.0253472e-01
   1.1774030e-01   6.5686694e-01
   4.7832194e-01   3.0839178e-01
   6.3542283e-01   2.0286586e-01
   6.0791887e-01   2.2030847e-01
   4.1815639e-01   3.5334987e-01
   5.4210979e-02   7.6716749e-01
   3.6356773e-01   3.9703422e-01
   7.6770758e-02   7.2292464e-01
   7.8608557e-01   1.1338533e-01
   3.3258882e-01   4.2329486e-01
   9.6874425e-01   1.5751939e-02
   4.2522238e-01   3.4790922e-01
   3.1982090e-01   4.3447290e-01
   2.9183930e-02   8.2916695e-01
   4.5042900e-01   3.2885993e-01
   8.8586579e-02   7.0236502e-01
   4.8401878e-01   3.0428542e-01
   8.6961232e-01   6.7469934e-02
   1.7407455e-01   5.8277757e-01
   4.3953305e-01   3.3702711e-01
   1.6106407e-01   5.9867212e-01
   8.2693395e-02   7.1243541e-01
   5.9898068e-01   2.2606158e-01
   3.7021648e-01   3.9154583e-01
   6.9318928e-02   7.3671512e-01
   9.2444648e-01   3.8518603e-02
   6.2613646e-01   2.0871215e-01
   5.6428967e-01   2.4880784e-01
   3.3902783e-01   4.1773903e-01
   2.0021671e-01   5.5254418e-01
   2.8368946e-01   4.6737493e-01
   3.4546617e-01   4.1223629e-01
   6.1696966e-01   2.1452584e-01
   1.5384601e-01   6.0776791e-01
   3.5040622e-01   4.0804880e-01
   8.0386256e-01   1.0341617e-01
   1.0030054e-01   6.8329740e-01
   1.0612827e-01   6.7422666e-01
   1.3508789e-01   6.3245695e-01
   4.3234739e-01   3.4246872e-01
   5.5586732e-01   2.5443490e-01
   8.8627019e-01   5.8580758e-02
   1.8565272e-01   5.6912564e-01
   6.7384153e-01   1.7912149e-01
   1.9364574e-02   8.6084335e-01
   8.2196614e-01   9.3376518e-02
   8.3747691e-01   8.4862354e-02
   5.0722830e-01   2.8780038e-01
   1.6828847e-01   5.8977023e-01
   1.4663165e-01   6.1707487e-01
   1.7986433e-01   5.7589585e-01
   8.5335854e-01   7.6225926e-02
   9.1355546e-03   9.0441990e-01
   9.0335326e-01   4.9551022e-02
   1.0000000e+00   2.9539929e-26
   6.1803250e-02   7.5139741e-01
   3.0719911e-01   4.4574454e-01
   3.1982055e-01   4.3447321e-01
   2.9153157e-01   4.6006336e-01
   4.6147114e-01   3.2068333e-01
   8.2198473e-01   9.3366264e-02
   4.4496313e-01   3.3294444e-01
   5.3930354e-01   2.6562711e-01
   2.8368946e-01   4.6737493e-01
   3.3258882e-01   4.2329486e-01
   4.6526298e-02   7.8430045e-01
   4.3953305e-01   3.3702711e-01
   1.6828854e-01   5.8977014e-01
   4.5593142e-01   3.2477306e-01
   5.9015178e-01   2.3178663e-01
   6.4483248e-01   1.9698538e-01
   4.9941483e-01   2.9330712e-01
   5.4753950e-01   2.6004088e-01
   5.1512162e-01   2.8228027e-01
   8.0385811e-01   1.0341865e-01
   1.1774030e-01   6.5686694e-01
   9.4622779e-01   2.7257591e-02
   1.9364574e-02   8.6084335e-01
   4.6704893e-01   3.1659022e-01
   6.8629146e-01   1.7157290e-01
   1.5384601e-01   6.0776791e-01
   3.7859385e-01   3.8470020e-01
   5.5586732e-01   2.5443490e-01
   9.2444648e-01   3.8518603e-02
   2.9939561e-01   4.5282945e-01
   5.0722830e-01   2.8780038e-01
   6.3542283e-01   2.0286586e-01
   3.1349237e-01   4.4009611e-01
   7.8257706e-01   1.1536615e-01
   1.2931167e-01   6.4040067e-01
   5.2309703e-01   2.7674553e-01
   9.1355546e-03   9.0441990e-01
   9.6874425e-01   1.5751939e-02
   6.9318928e-02   7.3671512e-01
   1.9291009e-01   5.6078469e-01
   1.0000001e-04   9.9000000e-01
   1.8565880e-01   5.6911857e-01
   9.4454406e-02   6.9266564e-01
   1.7986562e-01   5.7589433e-01
   2.0023170e-01   5.5252743e-01
   4.5042900e-01   3.2885993e-01
   1.0030054e-01   6.8329740e-01
   5.7280928e-01   2.4315835e-01
   5.9898068e-01   2.2606158e-01
   6.7384149e-01   1.7912151e-01
   3.7188598e-01   3.9017545e-01
   5.6428967e-01   2.4880784e-01
   8.3748892e-01   8.4855794e-02
   8.8586579e-02   7.0236502e-01
   1.4663165e-01   6.1707487e-01
   1.3508789e-01   6.3245695e-01
   3.6522558e-01   3.9566104e-01
   6.2613646e-01   2.0871215e-01
   6.0791887e-01   2.2030847e-01
   6.6403720e-01   1.8511523e-01
   2.1058545e-01   5.4110409e-01
   3.3903186e-01   4.1773557e-01
   1.2352987e-01   6.4853183e-01
   4.3234739e-01   3.4246872e-01
   8.5335854e-01   7.6225926e-02
   5.8142900e-01   2.3748508e-01
   7.1487989e-01   1.5449430e-01
   5.3115687e-01   2.7119490e-01
   7.6770758e-02   7.2292464e-01
   1.1194061e-01   6.6542473e-01
   3.9215757e-01   3.7377514e-01
   1.7407528e-01   5.8277670e-01
   4.7443983e-01   3.1120407e-01
   6.9898021e-01   1.6394963e-01
   5.4210979e-02   7.6716749e-01
   4.0592823e-01   3.6287503e-01
   1.0612827e-01   6.7422666e-01
   3.4551570e-01   4.1219417e-01
   3.5204177e-01   4.0666892e-01
   1.6106407e-01   5.9867212e-01
   2.9183930e-02   8.2916695e-01
   8.2693395e-02   7.1243541e-01
   3.2618548e-01   4.2887350e-01
   8.6961234e-01   6.7469923e-02
   9.0335326e-01   4.9551023e-02
   3.8728887e-02   8.0320344e-01
   4.1290410e-01   3.5742385e-01
   3.9902265e-01   3.6831760e-01
   6.1696966e-01   2.1452584e-01
   8.8627019e-01   5.8580759e-02
   4.2700835e-01   3.4654124e-01
   6.5436927e-01   1.9106906e-01
   4.1991323e-01   3.5199288e-01
   4.9166802e-01   2.9880957e-01
   2.1875000e-01   5.3229283e-01
   1.4086058e-01   6.2468603e-01
   4.8211717e-01   3.0565342e-01
   3.8535057e-01   3.7923388e-01
   3.5861138e-01   4.0115830e-01
   1.0000000e+00   2.9539929e-26
   2.1047669e-01   5.4122261e-01
   2.5000000e-01   5.0000000e-01
   3.1982055e-01   4.3447321e-01
   5.6428967e-01   2.4880784e-01
   4.6147114e-01   3.2068333e-01
   5.2309703e-01   2.7674553e-01
   3.8535056e-01   3.7923389e-01
   1.9364574e-02   8.6084335e-01
   3.3258882e-01   4.2329486e-01
   3.6522558e-01   3.9566104e-01
   1.8567452e-01   5.6910033e-01
   2.7875586e-01   4.7202664e-01
   5.1512162e-01   2.8228027e-01
   5.4753950e-01   2.6004088e-01
   5.3930354e-01   2.6562711e-01
   5.3115687e-01   2.7119490e-01
   2.9183930e-02   8.2916695e-01
   5.9898068e-01   2.2606158e-01
   7.5000000e-01   1.3397460e-01
   4.0592811e-01   3.6287513e-01
   1.2931167e-01   6.4040067e-01
   3.5204176e-01   4.0666893e-01
   6.1803250e-02   7.5139741e-01
   7.7997700e-01   1.1683693e-01
   6.8629146e-01   1.7157290e-01
   1.5384601e-01   6.0776791e-01
   1.0000001e-04   9.9000000e-01
   9.0335326e-01   4.9551023e-02
   3.9901624e-01   3.6832268e-01
   3.9215755e-01   3.7377516e-01
   4.9941483e-01   2.9330712e-01
   2.9167970e-01   4.5992621e-01
   6.0791887e-01   2.2030847e-01
   2.9939489e-01   4.5283011e-01
   5.8142900e-01   2.3748508e-01
   4.1991745e-01   3.5198962e-01
   6.2613646e-01   2.0871215e-01
   5.4210979e-02   7.6716749e-01
   1.4663165e-01   6.1707487e-01
   3.3903181e-01   4.1773562e-01
   6.1696966e-01   2.1452584e-01
   3.8728887e-02   8.0320344e-01
   5.0722830e-01   2.8780038e-01
   8.5015412e-01   7.7961972e-02
   1.0612827e-01   6.7422666e-01
   6.9318928e-02   7.3671512e-01
   6.6403720e-01   1.8511523e-01
   9.1355546e-03   9.0441990e-01
   6.3542283e-01   2.0286586e-01
   4.6891680e-01   3.1522500e-01
   6.5436926e-01   1.9106906e-01
   3.0720128e-01   4.4574259e-01
   4.1289466e-01   3.5743120e-01
   7.1875000e-01   1.5220875e-01
   5.9015178e-01   2.3178663e-01
   3.1349306e-01   4.4009549e-01
   4.4133914e-01   3.3566639e-01
   1.1194061e-01   6.6542473e-01
   5.7280928e-01   2.4315835e-01
   1.7987019e-01   5.7588895e-01
   7.9864247e-01   1.0633201e-01
   1.2352987e-01   6.4853183e-01
   8.1588446e-01   9.6736774e-02
   8.4169285e-02   7.0988057e-01
   4.8401878e-01   3.0428542e-01
   2.1928478e-01   5.3172148e-01
   3.7188598e-01   3.9017545e-01
   4.9167902e-01   2.9880172e-01
   6.7384047e-01   1.7912214e-01
   1.1774030e-01   6.5686694e-01
   1.3508789e-01   6.3245695e-01
   1.7407588e-01   5.8277598e-01
   5.5586732e-01   2.5443490e-01
   3.5861128e-01   4.0115838e-01
   1.9298394e-01   5.6070062e-01
   1.6828869e-01   5.8976996e-01
   3.4551570e-01   4.1219417e-01
   3.7859385e-01   3.8470020e-01
   1.6106407e-01   5.9867212e-01
   8.3436012e-01   8.6566852e-02
   9.5739101e-01   2.1536402e-02
   8.6632980e-01   6.9231608e-02
   4.5409317e-01   3.2613564e-01
   8.8290528e-01   6.0369602e-02
   4.2699804e-01   3.4654913e-01
   3.2618548e-01   4.2887350e-01
   2.0196798e-01   5.5059152e-01
   4.6526298e-02   7.8430045e-01
   4.4678107e-01   3.3158316e-01
   7.0155002e-01   1.6241417e-01
   1.4086058e-01   6.2468603e-01
   6.4483248e-01   1.9698538e-01
   4.7643203e-01   3.0975944e-01
   2.8546805e-01   4.6570790e-01
   9.2802781e-01   3.6658001e-02
   4.3413805e-01   3.4110847e-01
   9.1523424e-02   6.9747161e-01
   9.8840852e-02   6.8561035e-01
   7.6770758e-02   7.2292464e-01
   1.0000000e+00   2.9539929e-26
   6.1803250e-02   7.5139741e-01
   2.5000000e-01   5.0000000e-01
   7.7997700e-01   1.1683693e-01
   5.5586732e-01   2.5443490e-01
   3.1982055e-01   4.3447321e-01
   1.1774030e-01   6.5686694e-01
   6.2613646e-01   2.0871215e-01
   1.9364574e-02   8.6084335e-01
   5.1512162e-01   2.8228027e-01
   4.3413805e-01   3.4110847e-01
   3.2618548e-01   4.2887350e-01
   2.7875586e-01   4.7202664e-01
   5.4210979e-02   7.6716749e-01
   6.8629148e-01   1.7157289e-01
   1.9003077e-01   5.6407481e-01
   5.3115687e-01   2.7119490e-01
   5.9898068e-01   2.2606158e-01
   3.3903181e-01   4.1773562e-01
   7.5000000e-01   1.3397460e-01
   1.3508789e-01   6.3245695e-01
   2.8546805e-01   4.6570790e-01
   7.0153254e-01   1.6242460e-01
   5.0722830e-01   2.8780038e-01
   9.1523424e-02   6.9747161e-01
   9.0335326e-01   4.9551023e-02
   6.7384045e-01   1.7912215e-01
   3.3258882e-01   4.2329486e-01
   5.6428967e-01   2.4880784e-01
   7.1875000e-01   1.5220875e-01
   5.7280928e-01   2.4315835e-01
   4.9941483e-01   2.9330712e-01
   3.1349283e-01   4.4009570e-01
   1.4663165e-01   6.1707487e-01
   6.0791887e-01   2.2030847e-01
   5.8142900e-01   2.3748508e-01
   2.9320003e-01   4.5852052e-01
   5.3930354e-01   2.6562711e-01
   8.4169284e-02   7.0988057e-01
   3.9215755e-01   3.7377516e-01
   1.0612827e-01   6.7422666e-01
   6.3542283e-01   2.0286586e-01
   1.4086058e-01   6.2468603e-01
   5.2309703e-01   2.7674553e-01
   9.1355546e-03   9.0441990e-01
   4.9167902e-01   2.9880172e-01
   6.5436926e-01   1.9106906e-01
   7.9790160e-01   1.0674662e-01
   3.7188598e-01   3.9017545e-01
   6.4483248e-01   1.9698538e-01
   4.7643203e-01   3.0975944e-01
   2.0463274e-01   5.4763650e-01
   8.8290530e-01   6.0369593e-02
   5.4753950e-01   2.6004088e-01
   1.6828899e-01   5.8976959e-01
   3.7859385e-01   3.8470020e-01
   3.5861128e-01   4.0115838e-01
   4.0592811e-01   3.6287513e-01
   4.4133914e-01   3.3566639e-01
   4.6147114e-01   3.2068333e-01
   1.1194061e-01   6.6542473e-01
   2.9183930e-02   8.2916695e-01
   2.9938733e-01   4.5283702e-01
   3.0720121e-01   4.4574265e-01
   8.5015450e-01   7.7961767e-02
   1.2352987e-01   6.4853183e-01
   6.9318928e-02   7.3671512e-01
   2.2124414e-01   5.2963404e-01
   5.9015178e-01   2.3178663e-01
   8.6632991e-01   6.9231548e-02
   3.8728887e-02   8.0320344e-01
   7.6770758e-02   7.2292464e-01
   3.8535056e-01   3.7923389e-01
   3.4551570e-01   4.1219417e-01
   4.1289466e-01   3.5743120e-01
   9.8840851e-02   6.8561035e-01
   1.0000001e-04   9.9000000e-01
   4.1991745e-01   3.5198962e-01
   8.3435961e-01   8.6567129e-02
   2.1199214e-01   5.3957396e-01
   1.9724028e-01   5.5588258e-01
   3.6522558e-01   3.9566104e-01
   1.6106407e-01   5.9867211e-01
   1.5384601e-01   6.0776791e-01
   4.8401878e-01   3.0428542e-01
   4.6526298e-02   7.8430045e-01
   4.4678107e-01   3.3158316e-01
   6.6403719e-01   1.8511523e-01
   6.1696966e-01   2.1452584e-01
   4.2699804e-01   3.4654913e-01
   3.9901624e-01   3.6832268e-01
   4.5409317e-01   3.2613564e-01
   9.5739101e-01   2.1536403e-02
   1.2931167e-01   6.4040067e-01
   3.5204176e-01   4.0666893e-01
   1.8277130e-01   5.7248240e-01
   4.6891680e-01   3.1522500e-01
   9.2802770e-01   3.6658059e-02
   1.7552359e-01   5.8104465e-01
   8.1588269e-01   9.6737753e-02
   1.0000000e+00   2.9539929e-26
   5.4753950e-01   2.6004088e-01
   2.5000000e-01   5.0000000e-01
   7.7997700e-01   1.1683693e-01
   5.5586732e-01   2.5443490e-01
   3.1982055e-01   4.3447321e-01
   5.3930354e-01   2.6562711e-01
   6.2613646e-01   2.0871215e-01
   1.9364574e-02   8.6084335e-01
   3.1349283e-01   4.4009570e-01
   6.6403719e-01   1.8511523e-01
   3.2618548e-01   4.2887350e-01
   2.7875586e-01   4.7202664e-01
   5.4210979e-02   7.6716749e-01
   5.6428967e-01   2.4880784e-01
   4.6526298e-02   7.8430045e-01
   5.3115687e-01   2.7119490e-01
   5.9898068e-01   2.2606158e-01
   3.3903181e-01   4.1773562e-01
   7.5000000e-01   1.3397460e-01
   4.9167902e-01   2.9880172e-01
   2.8546805e-01   4.6570790e-01
   1.4086058e-01   6.2468603e-01
   5.0722830e-01   2.8780038e-01
   3.6522558e-01   3.9566104e-01
   4.9941483e-01   2.9330712e-01
   6.7384045e-01   1.7912215e-01
   3.3258882e-01   4.2329486e-01
   5.8142900e-01   2.3748508e-01
   7.1875000e-01   1.5220875e-01
   5.7280928e-01   2.4315835e-01
   2.9319415e-01   4.5852594e-01
   4.6891680e-01   3.1522500e-01
   3.0720110e-01   4.4574275e-01
   6.0791887e-01   2.2030847e-01
   2.2241553e-01   5.2839049e-01
   1.6106407e-01   5.9867211e-01
   5.2309703e-01   2.7674553e-01
   7.6770758e-02   7.2292464e-01
   4.5409317e-01   3.2613564e-01
   1.0612827e-01   6.7422666e-01
   6.3542283e-01   2.0286586e-01
   4.4678107e-01   3.3158316e-01
   7.0153351e-01   1.6242403e-01
   1.1774030e-01   6.5686694e-01
   1.2931167e-01   6.4040067e-01
   2.9183930e-02   8.2916695e-01
   4.6147114e-01   3.2068333e-01
   5.9015178e-01   2.3178663e-01
   6.4483248e-01   1.9698538e-01
   8.5015450e-01   7.7961767e-02
   8.1588269e-01   9.6737753e-02
   3.4551570e-01   4.1219417e-01
   1.2352987e-01   6.4853183e-01
   3.7859385e-01   3.8470020e-01
   6.9318928e-02   7.3671512e-01
   4.7643203e-01   3.0975944e-01
   4.4133914e-01   3.3566639e-01
   5.1512162e-01   2.8228027e-01
   9.5739101e-01   2.1536403e-02
   7.9789927e-01   1.0674792e-01
   1.0000001e-04   9.9000000e-01
   6.1803250e-02   7.5139741e-01
   1.5384601e-01   6.0776791e-01
   3.9901624e-01   3.6832268e-01
   6.8629150e-01   1.7157288e-01
   2.1350923e-01   5.3792941e-01
   9.0335326e-01   4.9551023e-02
   4.8401878e-01   3.0428542e-01
   4.3413805e-01   3.4110847e-01
   9.1523424e-02   6.9747161e-01
   9.1355546e-03   9.0441990e-01
   1.8277141e-01   5.7248227e-01
   3.9215755e-01   3.7377516e-01
   1.4663165e-01   6.1707487e-01
   1.9731541e-01   5.5579801e-01
   6.1696966e-01   2.1452584e-01
   2.0464230e-01   5.4762593e-01
   3.5861128e-01   4.0115838e-01
   9.2802770e-01   3.6658059e-02
   8.3435962e-01   8.6567122e-02
   1.3508789e-01   6.3245695e-01
   8.4169284e-02   7.0988057e-01
   9.8840851e-02   6.8561035e-01
   4.1991745e-01   3.5198962e-01
   8.6632991e-01   6.9231548e-02
   6.5436926e-01   1.9106906e-01
   3.8535056e-01   3.7923389e-01
   3.7188598e-01   3.9017545e-01
   2.9938553e-01   4.5283866e-01
   4.0592811e-01   3.6287513e-01
   3.8728887e-02   8.0320344e-01
   8.8290530e-01   6.0369593e-02
   3.5204176e-01   4.0666893e-01
   4.2699804e-01   3.4654913e-01
   1.1194061e-01   6.6542473e-01
   1.6828900e-01   5.8976957e-01
   4.1289466e-01   3.5743120e-01
   1.7552383e-01   5.8104436e-01
   1.9003396e-01   5.6407115e-01
   1.0000000e+00   2.9539929e-26
