   5.8372761e+00   6.4738237e+00
   7.2644169e+00   5.5388875e+00
   7.6914579e+00   5.1718512e+00
   6.4418207e+00   6.3623262e+00
   4.9589256e+00   6.0077533e+00
   7.0126032e+00   4.3458664e+00
   5.9115051e+00   6.3717576e+00
   7.2145699e+00   6.9057521e+00
   5.9329276e+00   5.9679224e+00
   6.4945863e+00   6.2910383e+00
   6.2176474e+00   6.2422937e+00
   8.5021034e+00   5.4643878e+00
   6.3564898e+00   5.2408312e+00
   6.0594170e+00   6.4429336e+00
   6.1261119e+00   5.9509702e+00
   7.4495049e+00   5.9088325e+00
   6.1135944e+00   5.5009955e+00
   5.8801437e+00   5.4858895e+00
   6.5216699e+00   5.3366293e+00
   6.0669429e+00   5.9079016e+00
   7.2683959e+00   4.9281203e+00
   6.1999028e+00   6.7417325e+00
   6.8762613e+00   4.6070324e+00
   6.2169501e+00   6.7523860e+00
   5.9711485e+00   5.9920623e+00
   8.2996639e+00   7.1200705e+00
   6.5763012e+00   6.2820035e+00
   5.5255568e+00   6.3314022e+00
   6.2290795e+00   5.2259540e+00
   7.1444168e+00   7.6955617e+00
   6.3407918e+00   7.0469328e+00
   6.7554007e+00   7.3251662e+00
   5.7081121e+00   7.4236056e+00
   6.6578255e+00   7.5491536e+00
   6.1049074e+00   5.5379934e+00
   6.2548187e+00   4.9103069e+00
   5.4323760e+00   5.6360033e+00
   6.6252089e+00   5.0047693e+00
   7.2561232e+00   5.8264891e+00
   8.4046800e+00   5.9660486e+00
   5.7228969e+00   6.2402606e+00
   7.5428180e+00   6.3267223e+00
   7.0156260e+00   7.3909393e+00
   8.2072675e+00   5.5415253e+00
   7.0715858e+00   6.7755046e+00
   6.4588122e+00   5.0802628e+00
   6.4197514e+00   6.6737858e+00
   6.8308449e+00   5.2583277e+00
   7.0313568e+00   7.1962796e+00
   5.7556534e+00   6.3739664e+00
   6.2786385e+00   6.2907536e+00
   6.6630746e+00   6.7204277e+00
   7.2423475e+00   6.4070492e+00
   5.7714360e+00   5.5118052e+00
   6.3601096e+00   5.4874508e+00
   6.6173277e+00   5.3808293e+00
   7.1402789e+00   5.8323380e+00
   5.6913613e+00   6.1429508e+00
   5.3203794e+00   5.1985851e+00
   7.7012009e+00   4.6399201e+00
   7.7834368e+00   5.5217428e+00
   5.9307245e+00   5.0084943e+00
   7.8085600e+00   4.7967504e+00
   6.8374889e+00   6.1092149e+00
   5.0312638e+00   6.4978781e+00
   7.3375642e+00   6.2930196e+00
   7.9430742e+00   5.2041352e+00
   6.3054311e+00   6.3409720e+00
   6.0697347e+00   5.3121080e+00
   4.6927060e+00   5.0499780e+00
   5.9854314e+00   4.4496110e+00
   6.9105750e+00   5.5946354e+00
   6.8492494e+00   6.1163795e+00
   6.2669973e+00   6.3664082e+00
   6.5512676e+00   4.8821023e+00
   6.7672746e+00   6.2200922e+00
   6.7785422e+00   4.7933728e+00
   5.5045443e+00   7.4473508e+00
   5.2568658e+00   6.7374939e+00
   6.8715286e+00   5.0893310e+00
   7.4697741e+00   5.6436794e+00
   7.7905799e+00   6.3421008e+00
   5.5888862e+00   8.0649831e+00
   6.5889716e+00   5.4390324e+00
   5.5484523e+00   5.2011174e+00
   5.5621897e+00   5.8333080e+00
   4.3787814e+00   6.5771791e+00
   6.2573313e+00   6.3987480e+00
   5.9393386e+00   6.2884727e+00
   6.7068763e+00   5.8155788e+00
   6.3377688e+00   6.8388950e+00
   6.8131362e+00   5.8690171e+00
   6.2794550e+00   5.1562718e+00
   6.5583621e+00   5.3560077e+00
   5.0100011e+00   6.2526650e+00
   5.7471183e+00   6.6247062e+00
   8.4268923e+00   5.6977493e+00
   7.8679707e+00   6.7522376e+00
   6.0405542e+00   5.5514618e+00
   5.4207433e+00   5.7841871e+00
   7.8152303e-01   6.9803762e-02
   5.2269267e-01   3.5430681e-01
   5.4650541e-02   9.5714844e-01
   2.5536950e-01   8.0888629e-01
   5.3092314e-01   3.0649247e-01
   3.1161146e-01   5.2158890e-01
   5.1174534e-01   4.2893033e-01
   2.7999967e-01   6.6592965e-01
   5.5310045e-01   2.2811562e-01
   5.6214215e-01   2.2061289e-01
   6.2162043e-02   9.4043051e-01
   5.1681855e-01   3.9306408e-01
   5.1513824e-01   4.0473078e-01
   1.0231872e+00   1.6805245e-03
   3.3099991e-01   4.9334204e-01
   3.2202751e-01   4.9945067e-01
   5.2100902e-01   3.6506059e-01
   7.6995688e-01   1.0103427e-01
   3.8976355e-02   9.8686714e-01
   2.6764123e-01   7.3844684e-01
   7.3135420e-02   9.1530832e-01
   5.4502482e-01   2.4716198e-01
   5.5697026e-01   2.2310968e-01
   5.1891283e-01   3.7886024e-01
   3.0184519e-01   5.5566840e-01
   5.2438912e-01   3.4377879e-01
   7.9561575e-01   5.6142436e-02
   5.0698070e-01   4.6408709e-01
   5.2609378e-01   3.3353029e-01
   2.9860969e-01   5.6943094e-01
   1.0050989e-01   8.6583641e-01
   9.4866284e-02   8.7318951e-01
   2.5114462e-01   8.3157956e-01
   3.0785419e-01   5.3328119e-01
   9.9681302e-01   1.2097910e-02
   7.7744396e-01   7.8754740e-02
   2.7106303e-01   7.1822079e-01
   7.7343990e-01   8.9740428e-02
   2.8621100e-01   6.3113113e-01
   5.3609559e-01   2.8112261e-01
   2.9235482e-01   5.9897805e-01
   5.3274892e-01   2.9709223e-01
   2.9003900e-01   6.1077608e-01
   7.6389480e-01   1.2435987e-01
   7.4743483e-01   2.0831042e-01
   5.1002486e-01   4.4148690e-01
   7.5184295e-01   1.8327101e-01
   3.0021077e-01   5.6247695e-01
   8.9372404e-02   8.8205603e-01
   5.0426944e-01   4.8451936e-01
   7.5637971e-01   1.5931580e-01
   7.8722944e-01   6.1074353e-02
   9.8422307e-01   2.8350910e-02
   2.8230820e-01   6.5277614e-01
   4.6913563e-02   9.7294835e-01
   2.5937251e-01   7.8649482e-01
   2.6128310e-01   7.7556511e-01
   5.5022540e-01   2.3357146e-01
   7.8565531e-02   9.0332704e-01
   3.1577881e-01   5.1086310e-01
   5.1344763e-01   4.1669511e-01
   2.8467088e-01   6.3957578e-01
   5.2782342e-01   3.2350201e-01
   3.1808897e-01   5.0597525e-01
   2.9702098e-01   5.7658448e-01
   8.3947985e-02   8.9219729e-01
   7.6681577e-01   1.1255196e-01
   1.1673729e-01   8.5648179e-01
   2.7355877e-01   7.0348007e-01
   3.2608269e-01   4.9516740e-01
   5.4780615e-01   2.3929876e-01
   2.8774935e-01   6.2283407e-01
   5.0827799e-01   4.5439765e-01
   1.0834390e-01   8.5901102e-01
   2.9467199e-01   5.8761310e-01
   3.1362503e-01   5.1610329e-01
   2.7761274e-01   6.7971868e-01
   2.5741169e-01   7.9755764e-01
   5.2913957e-01   3.1612150e-01
   2.6936287e-01   7.2827481e-01
   2.7585356e-02   1.0016323e+00
   2.4891267e-01   8.4310099e-01
   5.4252996e-01   2.5531831e-01
   7.5893992e-01   1.4670611e-01
   2.5331057e-01   8.2008018e-01
   6.7699220e-02   9.2771900e-01
   2.6585797e-01   7.4893798e-01
   3.0604199e-01   5.3957118e-01
   5.4025247e-01   2.6369379e-01
   7.4983219e-01   1.9448811e-01
   7.5429860e-01   1.7005675e-01
   7.6114434e-01   1.3642255e-01
   9.7648269e-01   4.2808780e-02
   5.0563268e-01   4.7421987e-01
   3.0350925e-01   5.4903946e-01
   2.6314969e-01   7.6477314e-01
   5.3463675e-01   2.8788082e-01
   5.3812086e-01   2.7229197e-01
   3.0968713e-01   5.2734504e-01
   2.7601104e-01   6.8906718e-01
   2.3601678e-01   7.6407857e-01
   2.3217563e-01   7.8618019e-01
   2.2916533e-01   8.0309354e-01
   7.3105522e-01   1.4972655e-01
   2.5702740e-01   6.4173443e-01
   2.2705017e-01   8.1470879e-01
   2.9534340e-01   4.9853733e-01
   5.2013609e-01   2.4028684e-01
   2.8298067e-01   5.2556469e-01
   2.6789925e-01   5.8528600e-01
   4.9439692e-01   3.6096035e-01
   4.7923449e-01   4.6785715e-01
   5.1809364e-01   2.4607462e-01
   4.9772915e-01   3.4019235e-01
   5.1393963e-01   2.6006575e-01
   7.3361226e-01   1.3765430e-01
   7.4209125e-01   1.0310021e-01
   7.3627297e-01   1.2587612e-01
   4.8943735e-01   3.9400245e-01
   7.2899350e-01   1.5997740e-01
   3.5091880e-02   9.3988787e-01
   2.7935450e-01   5.3748654e-01
   5.2240418e-01   2.3469992e-01
   5.0977914e-01   2.7691401e-01
   5.2842476e-01   2.2431691e-01
   2.6169328e-01   6.1647184e-01
   3.7022165e-04   1.0014203e+00
   7.2259476e-01   1.9440238e-01
   4.8270866e-01   4.4201651e-01
   4.9274182e-01   3.7172089e-01
   5.0418075e-01   3.0380188e-01
   2.4906879e-01   6.8726380e-01
   2.6556348e-01   5.9665523e-01
   2.5546667e-01   6.5045927e-01
   2.2492173e-01   8.2613783e-01
   6.0506446e-02   8.8479889e-01
   2.9847150e-01   4.9526482e-01
   5.1180034e-01   2.6838008e-01
   5.3497030e-01   2.2040141e-01
   5.1623257e-01   2.5197947e-01
   2.4144606e-01   7.3220917e-01
   7.3908177e-01   1.1435745e-01
   2.5149180e-01   6.7316081e-01
   7.6173521e-01   5.9095170e-02
   4.8441296e-01   4.2957026e-01
   2.7024183e-01   5.7438458e-01
   5.2505626e-01   2.2933248e-01
   2.7185273e-01   5.6720032e-01
   4.2477464e-02   9.2293104e-01
   4.9108897e-01   3.8273611e-01
   2.9263487e-01   5.0256275e-01
   5.0285444e-01   3.1083451e-01
   5.0598962e-01   2.9461648e-01
   9.5735427e-01   2.7576462e-02
   2.8113945e-01   5.3140665e-01
   7.2025114e-01   2.0790415e-01
   2.7557285e-02   9.5667505e-01
   2.4319249e-01   7.2188539e-01
   2.2158041e-01   8.4348490e-01
   7.6858322e-01   5.5925747e-02
   2.4740086e-01   6.9704357e-01
   8.8789429e-02   8.5628793e-01
   7.2496204e-01   1.8122565e-01
   4.9605745e-01   3.5045490e-01
   9.9579221e-01   1.4752066e-03
   9.4973383e-01   4.1632484e-02
   9.6972590e-01   1.1765504e-02
   1.7892547e-02   9.7613347e-01
   2.5309159e-01   6.6395046e-01
   4.7745700e-01   4.8126888e-01
   2.4490976e-01   7.1174048e-01
   4.8777595e-01   4.0555280e-01
   5.0785285e-01   2.8564154e-01
   2.8491277e-01   5.1992031e-01
   2.5936733e-01   6.2889831e-01
   7.8897619e-02   8.6031951e-01
   4.8098593e-01   4.5476431e-01
   2.7426506e-01   5.5694949e-01
   4.9941308e-01   3.3017686e-01
   2.3967443e-01   7.4266006e-01
   5.3168273e-01   2.2140895e-01
   5.5115231e-02   8.9523390e-01
   6.5910496e-02   8.7561772e-01
   2.3787026e-01   7.5325889e-01
   4.8610162e-01   4.1741319e-01
   2.7593691e-01   5.5022214e-01
   7.2695744e-01   1.7051214e-01
   2.3412759e-01   7.7501468e-01
   7.4538335e-01   9.2111052e-02
   2.8692269e-01   5.1458517e-01
   3.0372502e-01   4.9313129e-01
   7.5201206e-01   7.4355893e-02
   4.9728394e-02   9.0663102e-01
   5.0112165e-01   3.2038724e-01
   2.7762446e-01   5.4375779e-01
   7.4845481e-01   8.3144159e-02
   2.6323818e-01   6.0842417e-01
   7.5646119e-01   6.5777295e-02
   7.1398156e-02   8.6788251e-01
   2.8910566e-01   5.0943495e-01
   2.8104584e-01   5.3122812e-01
   2.9516176e-01   4.9828557e-01
   2.3012737e-01   7.9724650e-01
   8.8791073e-02   8.5580056e-01
   4.9598685e-01   3.5040631e-01
   1.7885108e-02   9.7565988e-01
   4.9891598e-01   3.3260912e-01
   7.3896232e-01   1.1433982e-01
   7.3616417e-01   1.2585469e-01
   7.6124744e-01   5.9062717e-02
   5.5093848e-02   8.9479006e-01
   2.7585439e-01   5.5005863e-01
   7.4827586e-01   8.3141947e-02
   5.3496746e-01   2.1991415e-01
   4.9704556e-02   9.0619581e-01
   7.1349163e-02   8.6745645e-01
   9.9575641e-01   9.8904717e-04
   9.4951427e-01   4.1596836e-02
   5.1861104e-01   2.4405208e-01
   7.3351059e-01   1.3763209e-01
   7.5617886e-01   6.5749280e-02
   2.6317417e-01   6.0826678e-01
   9.6920719e-01   1.1769108e-02
   5.1610842e-01   2.5190784e-01
   3.5082140e-02   9.3942273e-01
   7.4522706e-01   9.2107592e-02
   2.7926868e-01   5.3730283e-01
   2.8288724e-01   5.2536304e-01
   7.3095581e-01   1.4971961e-01
   5.1382446e-01   2.6000102e-01
   5.0409763e-01   3.0375009e-01
   5.2304491e-01   2.3279970e-01
   2.5697484e-01   6.4153883e-01
   2.7754002e-01   5.4358585e-01
   2.4818896e-01   6.9192658e-01
   7.6855987e-01   5.5438992e-02
   4.8435309e-01   4.2951518e-01
   2.4140073e-01   7.3198952e-01
   5.0967944e-01   2.7686286e-01
   5.0233962e-01   3.1314273e-01
   9.5706686e-01   2.7555056e-02
   4.9723815e-01   3.4268380e-01
   2.6085470e-01   6.2042349e-01
   7.2017222e-01   2.0787851e-01
   2.7544897e-02   9.5621440e-01
   4.8603764e-01   4.1737786e-01
   7.2212033e-01   1.9661096e-01
   4.8264948e-01   4.4196479e-01
   2.4313974e-01   7.2171000e-01
   5.1169441e-01   2.6832251e-01
   5.0775407e-01   2.8561244e-01
   2.8480489e-01   5.1973273e-01
   2.6782899e-01   5.8513357e-01
   2.4653167e-01   7.0167352e-01
   7.2606741e-01   1.7475611e-01
   2.3212553e-01   7.8597753e-01
   5.2069472e-01   2.3833481e-01
   3.0375308e-01   4.9264396e-01
   2.5852780e-01   6.3298016e-01
   7.2408384e-01   1.8556830e-01
   2.2149991e-01   8.4340580e-01
   6.5875395e-02   8.7518531e-01
   2.8682108e-01   5.1435489e-01
   5.2583161e-01   2.2750697e-01
   2.5143925e-01   6.7297744e-01
   2.2807522e-01   8.0862385e-01
   2.6549421e-01   5.9651146e-01
   2.9126073e-01   5.0453465e-01
   2.3596454e-01   7.6389490e-01
   5.0061452e-01   3.2276299e-01
   4.8092448e-01   4.5472864e-01
   2.4484944e-01   7.1160206e-01
   2.7017999e-01   5.7417823e-01
   2.5304000e-01   6.6375964e-01
   7.2848229e-01   1.6208743e-01
   3.7021019e-04   1.0009329e+00
   2.2487169e-01   8.2591582e-01
   7.4195408e-01   1.0309545e-01
   6.0461733e-02   8.8439327e-01
   5.0589796e-01   2.9457601e-01
   7.5179347e-01   7.4350739e-02
   4.2454349e-02   9.2249660e-01
   2.3962570e-01   7.4245958e-01
   4.7739433e-01   4.8124505e-01
   4.8770930e-01   4.0552882e-01
   2.7257794e-01   5.6356584e-01
   4.7917157e-01   4.6783802e-01
   7.8852280e-02   8.5986665e-01
   2.7420377e-01   5.5671607e-01
   5.2952740e-01   2.2263166e-01
   2.8895641e-01   5.0927815e-01
   4.9102460e-01   3.8268414e-01
   4.9432866e-01   3.6091087e-01
   2.4982454e-01   6.8235798e-01
   2.9837504e-01   4.9485619e-01
   2.3406936e-01   7.7485892e-01
   2.5462046e-01   6.5475106e-01
   2.3781383e-01   7.5310208e-01
   4.9267547e-01   3.7167057e-01
   4.8936943e-01   3.9397315e-01
   2.5619346e-01   6.4589391e-01
   2.5144062e-01   6.7296951e-01
   2.7420377e-01   5.5671472e-01
   2.5303835e-01   6.6376810e-01
   2.6782899e-01   5.8513357e-01
   2.7585439e-01   5.5005863e-01
   2.6317417e-01   6.0826678e-01
   2.9516176e-01   4.9828557e-01
   2.3212662e-01   7.8597133e-01
   2.4140073e-01   7.3198952e-01
   2.6549535e-01   5.9650578e-01
   7.1349163e-02   8.6745645e-01
   4.7739592e-01   4.8123300e-01
   4.9705195e-02   9.0619441e-01
   4.2458459e-02   9.2248719e-01
   2.9126125e-01   5.0453367e-01
   2.5853131e-01   6.3296096e-01
   2.2807522e-01   8.0862265e-01
   2.8288724e-01   5.2536304e-01
   2.7754002e-01   5.4358585e-01
   2.7544897e-02   9.5621440e-01
   2.2149991e-01   8.4340580e-01
   2.6085623e-01   6.2041530e-01
   3.5082140e-02   9.3942273e-01
   4.9557095e-01   3.5301256e-01
   2.5462160e-01   6.5474459e-01
   1.7885108e-02   9.7565988e-01
   2.4818923e-01   6.9192499e-01
   2.4982454e-01   6.8235798e-01
   2.8895921e-01   5.0927190e-01
   2.3596454e-01   7.6389490e-01
   5.0967932e-01   2.7686248e-01
   4.8222037e-01   4.4512522e-01
   2.7018644e-01   5.7414890e-01
   7.8852280e-02   8.5986665e-01
   2.8682106e-01   5.1435400e-01
   4.8729252e-01   4.0846337e-01
   2.4314016e-01   7.2170753e-01
   6.5874197e-02   8.7518718e-01
   2.2487169e-01   8.2591582e-01
   8.8791073e-02   8.5580056e-01
   4.9226192e-01   3.7440486e-01
   7.3616417e-01   1.2585410e-01
   4.9723668e-01   3.4268942e-01
   7.3896232e-01   1.1433827e-01
   2.7926701e-01   5.3730751e-01
   5.2069390e-01   2.3833608e-01
   2.8480566e-01   5.1973058e-01
   2.4485048e-01   7.1159596e-01
   2.8104629e-01   5.3122662e-01
   7.3095768e-01   1.4971052e-01
   2.7257996e-01   5.6355716e-01
   5.5093541e-02   8.9479068e-01
   5.3497554e-01   2.1991404e-01
   7.2606602e-01   1.7476138e-01
   7.5617428e-01   6.5754578e-02
   5.1382262e-01   2.6000653e-01
   2.3406936e-01   7.7485892e-01
   7.3350923e-01   1.3763723e-01
   3.0374891e-01   4.9264396e-01
   4.9891598e-01   3.3260826e-01
   7.2017222e-01   2.0787743e-01
   5.2304406e-01   2.3280068e-01
   5.0061428e-01   3.2276382e-01
   7.4195408e-01   1.0309507e-01
   7.5179223e-01   7.4353015e-02
   4.8392823e-01   4.3260252e-01
   5.2583134e-01   2.2750637e-01
   2.3962709e-01   7.4245144e-01
   7.6855705e-01   5.5439061e-02
   7.2408384e-01   1.8556763e-01
   4.8895551e-01   3.9683331e-01
   7.4522706e-01   9.2107592e-02
   7.6124744e-01   5.9062717e-02
   5.0775407e-01   2.8561244e-01
   2.9837504e-01   4.9485619e-01
   6.0469069e-02   8.8437986e-01
   2.3781660e-01   7.5308586e-01
   9.5706327e-01   2.7559868e-02
   5.0409709e-01   3.0375091e-01
   2.3012924e-01   7.9723604e-01
   3.7021012e-04   1.0009329e+00
   5.1861051e-01   2.4405257e-01
   2.4653228e-01   7.0166997e-01
   4.7873351e-01   4.7113286e-01
   9.4950259e-01   4.1620407e-02
   9.6920455e-01   1.1770977e-02
   4.8049169e-01   4.5795332e-01
   4.9391585e-01   3.6357132e-01
   7.2848229e-01   1.6208743e-01
   5.2952105e-01   2.2263793e-01
   7.4827586e-01   8.3141947e-02
   5.1610823e-01   2.5190762e-01
   5.0589853e-01   2.9457317e-01
   7.2212248e-01   1.9659872e-01
   5.0233932e-01   3.1314331e-01
   5.1169309e-01   2.6832653e-01
   9.9591637e-01   9.8410766e-04
   4.9061093e-01   3.8548196e-01
   4.8561757e-01   4.2038624e-01
   7.4155660e-01   1.0304161e-01
   5.0935467e-01   2.7668694e-01
   2.4797747e-01   6.9133246e-01
   5.1346934e-01   2.5982720e-01
   2.6371351e-01   6.0377965e-01
   4.9640810e-02   9.0507573e-01
   3.0359123e-01   4.9172628e-01
   2.3192661e-01   7.8530169e-01
   2.3941832e-01   7.4184238e-01
   2.4961118e-01   6.8177276e-01
   7.8746330e-02   8.5891067e-01
   5.1135695e-01   2.6814482e-01
   7.2816266e-01   1.6200818e-01
   5.0032891e-01   3.2258126e-01
   5.0204789e-01   3.1296476e-01
   2.5908370e-01   6.2818328e-01
   7.3316779e-01   1.3757110e-01
   7.1987608e-01   2.0777940e-01
   4.9696045e-01   3.4250409e-01
   6.5801424e-02   8.7413887e-01
   2.8864362e-01   5.0871029e-01
   7.2377699e-01   1.8548473e-01
   9.9672664e-01   4.2484695e-05
   2.3386791e-01   7.7420074e-01
   4.9863537e-01   3.3242490e-01
   2.9957995e-01   4.9295975e-01
   5.2025583e-01   2.3814713e-01
   5.5020757e-02   8.9370296e-01
   2.2468166e-01   8.2517661e-01
   5.0380423e-01   3.0354736e-01
   2.5282172e-01   6.6319593e-01
   2.2787472e-01   8.0794728e-01
   2.6139482e-01   6.1581562e-01
   4.8536500e-01   4.2015941e-01
   5.0560385e-01   2.9434375e-01
   5.1573415e-01   2.5172376e-01
   9.5758389e-01   2.5541705e-02
   4.8703640e-01   4.0825019e-01
   4.8024224e-01   4.5773037e-01
   9.4893083e-01   4.1567660e-02
   7.5552083e-01   6.5680586e-02
   2.4464163e-01   7.1098842e-01
   4.7848513e-01   4.7090815e-01
   5.2878119e-01   2.2232738e-01
   2.7899413e-01   5.3680193e-01
   2.1385524e-04   1.0000153e+00
   2.8077011e-01   5.3070582e-01
   2.8260701e-01   5.2482597e-01
   2.8550285e-01   5.1646735e-01
   3.5036613e-02   9.3825215e-01
   2.7233046e-01   5.6304059e-01
   2.5597186e-01   6.4534127e-01
   2.3575999e-01   7.6325738e-01
   2.9624742e-01   4.9585669e-01
   2.6603397e-01   5.9215201e-01
   4.9364691e-01   3.6338234e-01
   4.9035196e-01   3.8526099e-01
   4.9529908e-01   3.5282223e-01
   1.7864681e-02   9.7449102e-01
   5.2256774e-01   2.3257925e-01
   7.5125815e-01   7.4299037e-02
   4.9199877e-01   3.7419594e-01
   6.0393042e-02   8.8331548e-01
   7.4479851e-01   9.2050356e-02
   2.5440202e-01   6.5418526e-01
   7.2181817e-01   1.9652613e-01
   2.5122472e-01   6.7239636e-01
   2.4632136e-01   7.0107384e-01
   7.3063318e-01   1.4961327e-01
   2.9214612e-01   5.0172706e-01
   5.3480152e-01   2.1899662e-01
   8.8695807e-02   8.5487998e-01
   9.7017751e-01   9.7970912e-03
   2.3761187e-01   7.5245148e-01
   2.7394991e-01   5.5619979e-01
   7.6839704e-01   5.4521471e-02
   5.0744081e-01   2.8543269e-01
   2.5753140e-01   6.3667558e-01
   2.4293515e-01   7.2107757e-01
   2.4119552e-01   7.3136040e-01
   7.3858750e-01   1.1428542e-01
   2.7727459e-01   5.4307685e-01
   7.1269509e-02   8.6644294e-01
   4.8197175e-01   4.4488855e-01
   2.6837099e-01   5.8090720e-01
   7.6027574e-01   5.8986070e-02
   7.3581109e-01   1.2578135e-01
   4.8869685e-01   3.9662478e-01
   2.7559545e-01   5.4954561e-01
   4.7715512e-01   4.8095483e-01
   5.2527101e-01   2.2727006e-01
   2.2130989e-01   8.4265868e-01
   2.7501081e-02   9.5505398e-01
   5.1820711e-01   2.4386269e-01
   4.2399205e-02   9.2134706e-01
   4.8367694e-01   4.3237660e-01
   2.7073393e-01   5.7005603e-01
   2.2992508e-01   7.9658577e-01
   7.2575505e-01   1.7467371e-01
   7.4780593e-01   8.3089101e-02
   7.4155660e-01   1.0304161e-01
   5.0935467e-01   2.7668694e-01
   2.4797747e-01   6.9133246e-01
   2.5440202e-01   6.5418526e-01
   2.4119489e-01   7.3136412e-01
   2.4961118e-01   6.8177276e-01
   3.0359123e-01   4.9172628e-01
   2.3192661e-01   7.8530169e-01
   2.4464163e-01   7.1098842e-01
   5.0380141e-01   3.0356213e-01
   4.9642872e-02   9.0507123e-01
   2.8550234e-01   5.1646871e-01
   2.7233046e-01   5.6304059e-01
   5.0032891e-01   3.2258126e-01
   5.0204789e-01   3.1296476e-01
   6.5792143e-02   8.7415335e-01
   7.3316779e-01   1.3757110e-01
   7.4780593e-01   8.3089101e-02
   4.9696045e-01   3.4250409e-01
   2.2993045e-01   7.9655574e-01
   5.2256426e-01   2.3258692e-01
   5.0744025e-01   2.8543534e-01
   2.5282172e-01   6.6319593e-01
   2.7394957e-01   5.5620120e-01
   2.5597240e-01   6.4533825e-01
   2.9957995e-01   4.9295975e-01
   2.6371527e-01   6.0377067e-01
   7.3062725e-01   1.4964228e-01
   2.5753140e-01   6.3667558e-01
   2.7073393e-01   5.7005603e-01
   5.1820711e-01   2.4386269e-01
   2.7727657e-01   5.4306941e-01
   2.2467752e-01   8.2519852e-01
   2.2787759e-01   8.0793156e-01
   7.2816260e-01   1.6200846e-01
   5.3481557e-01   2.1899641e-01
   4.2405168e-02   9.2133341e-01
   7.6027549e-01   5.8986340e-02
   4.8024224e-01   4.5773037e-01
   5.2878119e-01   2.2232738e-01
   2.1385524e-04   1.0000153e+00
   2.6837099e-01   5.8090720e-01
   6.0397043e-02   8.8330819e-01
   2.2130746e-01   8.4267100e-01
   8.8695807e-02   8.5487998e-01
   4.9530010e-01   3.5281584e-01
   2.8077011e-01   5.3070582e-01
   2.7899826e-01   5.3678727e-01
   2.4632213e-01   7.0106934e-01
   2.5122472e-01   6.7239636e-01
   2.6603464e-01   5.9214875e-01
   1.7863908e-02   9.7449245e-01
   5.1346926e-01   2.5982750e-01
   4.9199877e-01   3.7419594e-01
   7.2377580e-01   1.8549131e-01
   2.6140089e-01   6.1578363e-01
   4.9034998e-01   3.8527443e-01
   4.7715038e-01   4.8099074e-01
   4.8869703e-01   3.9662352e-01
   5.2025935e-01   2.3813794e-01
   5.1135606e-01   2.6814846e-01
   2.9214559e-01   5.0172799e-01
   7.5125762e-01   7.4300258e-02
   4.8367694e-01   4.3237660e-01
   2.3942199e-01   7.4182074e-01
   4.9364724e-01   3.6338023e-01
   7.1265664e-02   8.6644774e-01
   7.2181848e-01   1.9652437e-01
   7.8758713e-02   8.5890129e-01
   7.3858759e-01   1.1428507e-01
   7.4479721e-01   9.2054482e-02
   5.5025571e-02   8.9369317e-01
   7.2575359e-01   1.7468158e-01
   2.5908212e-01   6.2819186e-01
   7.5551072e-01   6.5698084e-02
   3.5037780e-02   9.3824949e-01
   2.8864252e-01   5.0871275e-01
   5.1573329e-01   2.5172665e-01
   4.8703639e-01   4.0825028e-01
   9.5757932e-01   2.5549047e-02
   7.1987339e-01   2.0779517e-01
   9.7017669e-01   9.7978363e-03
   9.9672018e-01   4.2613523e-05
   4.9863558e-01   3.3242368e-01
   2.3386904e-01   7.7419422e-01
   4.8536483e-01   4.2016058e-01
   4.8197081e-01   4.4489551e-01
   2.3576076e-01   7.6325291e-01
   2.3761340e-01   7.5244256e-01
   2.7510743e-02   9.5503312e-01
   7.6840487e-01   5.4521279e-02
   4.7848768e-01   4.7088897e-01
   2.4293422e-01   7.2108309e-01
   9.4891521e-01   4.1600371e-02
   5.0559216e-01   2.9440201e-01
   7.3580822e-01   1.2579374e-01
   2.7559632e-01   5.4954216e-01
   2.9624605e-01   4.9585823e-01
   2.8260445e-01   5.2483387e-01
   5.2527264e-01   2.2726726e-01
   7.4155660e-01   1.0304161e-01
   5.0935467e-01   2.7668694e-01
   2.4797747e-01   6.9133246e-01
   2.6371527e-01   6.0377067e-01
   2.4119489e-01   7.3136412e-01
   2.4961118e-01   6.8177276e-01
   3.0359123e-01   4.9172628e-01
   2.3192661e-01   7.8530169e-01
   2.4464163e-01   7.1098842e-01
   2.1385524e-04   1.0000153e+00
   7.3062725e-01   1.4964228e-01
   2.8550234e-01   5.1646871e-01
   2.7233046e-01   5.6304059e-01
   5.0032891e-01   3.2258126e-01
   5.0204789e-01   3.1296476e-01
   2.7510743e-02   9.5503312e-01
   5.0379943e-01   3.0357255e-01
   7.4780593e-01   8.3089101e-02
   4.8024224e-01   4.5773037e-01
   2.7073393e-01   5.7005603e-01
   5.2256426e-01   2.3258692e-01
   5.0744025e-01   2.8543534e-01
   7.1265664e-02   8.6644774e-01
   2.7394957e-01   5.5620120e-01
   2.5597240e-01   6.4533825e-01
   2.9957995e-01   4.9295975e-01
   5.1346926e-01   2.5982750e-01
   9.4891521e-01   4.1600371e-02
   2.5753140e-01   6.3667558e-01
   4.9863558e-01   3.3242368e-01
   5.1820711e-01   2.4386269e-01
   9.9671556e-01   4.2705762e-05
   7.3580822e-01   1.2579374e-01
   7.3858759e-01   1.1428507e-01
   2.6140089e-01   6.1578363e-01
   5.3481557e-01   2.1899641e-01
   7.1987335e-01   2.0779544e-01
   7.6027549e-01   5.8986340e-02
   9.5757027e-01   2.5563578e-02
   5.2878119e-01   2.2232738e-01
   4.2404819e-02   9.2133421e-01
   2.6837099e-01   5.8090720e-01
   6.0397043e-02   8.8330819e-01
   2.2130746e-01   8.4267100e-01
   8.8695807e-02   8.5487998e-01
   4.9530010e-01   3.5281584e-01
   2.9214559e-01   5.0172799e-01
   2.7899826e-01   5.3678727e-01
   2.4632213e-01   7.0106934e-01
   2.5122472e-01   6.7239636e-01
   5.2527264e-01   2.2726726e-01
   5.1573329e-01   2.5172665e-01
   2.9624605e-01   4.9585823e-01
   4.9199877e-01   3.7419594e-01
   7.2816206e-01   1.6201125e-01
   7.3316763e-01   1.3757187e-01
   4.9034998e-01   3.8527443e-01
   7.6840487e-01   5.4521279e-02
   4.8869703e-01   3.9662352e-01
   5.2025935e-01   2.3813794e-01
   5.1135606e-01   2.6814846e-01
   7.5551323e-01   6.5693745e-02
   7.5125762e-01   7.4300258e-02
   4.8367694e-01   4.3237660e-01
   2.3942199e-01   7.4182074e-01
   7.2377639e-01   1.8548806e-01
   9.7017669e-01   9.7978363e-03
   7.2181848e-01   1.9652437e-01
   2.7559632e-01   5.4954216e-01
   3.5037780e-02   9.3824949e-01
   2.4293388e-01   7.2108511e-01
   5.5025571e-02   8.9369317e-01
   2.8864252e-01   5.0871275e-01
   2.5908212e-01   6.2819186e-01
   4.8703639e-01   4.0825028e-01
   2.8260408e-01   5.2483501e-01
   1.7860128e-02   9.7449945e-01
   6.5796950e-02   8.7414585e-01
   2.3761340e-01   7.5244256e-01
   4.7848753e-01   4.7089010e-01
   4.8197078e-01   4.4489567e-01
   2.5440270e-01   6.5418136e-01
   4.8536404e-01   4.2016628e-01
   2.2993135e-01   7.9655069e-01
   4.9364740e-01   3.6337918e-01
   7.4479827e-01   9.2051133e-02
   7.2575282e-01   1.7468570e-01
   4.9643350e-02   9.0507018e-01
   4.9696080e-01   3.4250192e-01
   2.2787764e-01   8.0793129e-01
   7.8759604e-02   8.5890061e-01
   2.6603551e-01   5.9214446e-01
   2.7727678e-01   5.4306863e-01
   5.0559387e-01   2.9439352e-01
   2.5282122e-01   6.6319878e-01
   4.7715095e-01   4.8098638e-01
   2.8077040e-01   5.3070487e-01
   2.3576468e-01   7.6323008e-01
   2.3386967e-01   7.7419062e-01
   2.2467577e-01   8.2520781e-01
   7.4155660e-01   1.0304161e-01
   5.0935467e-01   2.7668694e-01
   4.9863558e-01   3.3242368e-01
   2.6371527e-01   6.0377067e-01
   2.4119489e-01   7.3136412e-01
   7.6840487e-01   5.4521279e-02
   3.0359123e-01   4.9172628e-01
   2.3942246e-01   7.4181798e-01
   2.4464163e-01   7.1098842e-01
   2.1385524e-04   1.0000153e+00
   5.1135606e-01   2.6814846e-01
   2.8550234e-01   5.1646871e-01
   2.7233046e-01   5.6304059e-01
   5.0032891e-01   3.2258126e-01
   5.0204789e-01   3.1296476e-01
   2.7510743e-02   9.5503312e-01
   5.0379943e-01   3.0357255e-01
   2.4632213e-01   7.0106934e-01
   4.8024224e-01   4.5773037e-01
   2.8260408e-01   5.2483501e-01
   5.2256426e-01   2.3258692e-01
   5.0744025e-01   2.8543534e-01
   7.1265664e-02   8.6644774e-01
   2.7394957e-01   5.5620120e-01
   2.5597240e-01   6.4533825e-01
   2.9957995e-01   4.9295975e-01
   5.1346926e-01   2.5982750e-01
   9.4891521e-01   4.1600371e-02
   2.5753140e-01   6.3667558e-01
   4.8536404e-01   4.2016628e-01
   2.3761340e-01   7.5244256e-01
   9.9671556e-01   4.2705762e-05
   7.3580822e-01   1.2579374e-01
   7.3858759e-01   1.1428507e-01
   2.6140089e-01   6.1578363e-01
   5.3481557e-01   2.1899641e-01
   7.1987335e-01   2.0779544e-01
   2.5908308e-01   6.2818665e-01
   7.2181848e-01   1.9652437e-01
   5.2878119e-01   2.2232738e-01
   7.2816206e-01   1.6201125e-01
   2.6837099e-01   5.8090720e-01
   6.0397043e-02   8.8330819e-01
   2.2130746e-01   8.4267100e-01
   8.8695807e-02   8.5487998e-01
   4.9530010e-01   3.5281584e-01
   2.9214559e-01   5.0172799e-01
   2.7899826e-01   5.3678727e-01
   4.9199877e-01   3.7419594e-01
   5.0559387e-01   2.9439352e-01
   5.2527264e-01   2.2726726e-01
   5.1573329e-01   2.5172665e-01
   2.5282122e-01   6.6319878e-01
   2.8077040e-01   5.3070487e-01
   7.2377639e-01   1.8548806e-01
   7.3316763e-01   1.3757187e-01
   4.9034998e-01   3.8527443e-01
   2.3386967e-01   7.7419062e-01
   4.8869703e-01   3.9662352e-01
   2.2993135e-01   7.9655069e-01
   4.8197078e-01   4.4489567e-01
   7.5551231e-01   6.5695345e-02
   2.3576468e-01   7.6323008e-01
   7.8759604e-02   8.5890061e-01
   4.7848753e-01   4.7089010e-01
   2.4293361e-01   7.2108667e-01
   6.5796950e-02   8.7414585e-01
   2.8864252e-01   5.0871275e-01
   2.7559632e-01   5.4954216e-01
   7.3062680e-01   1.4964451e-01
   2.3192745e-01   7.8529694e-01
   5.5025571e-02   8.9369317e-01
   2.6603551e-01   5.9214446e-01
   7.4479807e-01   9.2051763e-02
   4.8703639e-01   4.0825028e-01
   2.7073393e-01   5.7005602e-01
   2.2787764e-01   8.0793129e-01
   7.5125762e-01   7.4300258e-02
   1.7860362e-02   9.7449902e-01
   4.9364740e-01   3.6337918e-01
   4.9643350e-02   9.0507018e-01
   4.2404395e-02   9.2133518e-01
   9.7017466e-01   9.7996739e-03
   7.6027518e-01   5.8986675e-02
   3.5038155e-02   9.3824863e-01
   7.2575282e-01   1.7468570e-01
   5.1820738e-01   2.4386189e-01
   2.7727678e-01   5.4306863e-01
   5.2026024e-01   2.3813562e-01
   2.5122478e-01   6.7239604e-01
   2.5440271e-01   6.5418130e-01
   4.7715187e-01   4.8097941e-01
   2.2467577e-01   8.2520781e-01
   7.4780574e-01   8.3089624e-02
   9.5757136e-01   2.5561835e-02
   4.9696098e-01   3.4250084e-01
   2.4961116e-01   6.8177286e-01
   4.8367692e-01   4.3237681e-01
   2.4797757e-01   6.9133183e-01
   2.9624644e-01   4.9585780e-01
   7.4155660e-01   1.0304161e-01
   5.0935467e-01   2.7668694e-01
   4.9863558e-01   3.3242368e-01
   2.6371527e-01   6.0377067e-01
   5.0032891e-01   3.2258126e-01
   7.6840487e-01   5.4521279e-02
   3.0359123e-01   4.9172628e-01
   5.1573329e-01   2.5172665e-01
   2.4464163e-01   7.1098842e-01
   2.1385524e-04   1.0000153e+00
   5.1135606e-01   2.6814846e-01
   2.8550234e-01   5.1646871e-01
   2.7233046e-01   5.6304059e-01
   2.7899826e-01   5.3678727e-01
   5.0204789e-01   3.1296476e-01
   2.7510743e-02   9.5503312e-01
   5.0379943e-01   3.0357255e-01
   2.4632213e-01   7.0106934e-01
   4.8024224e-01   4.5773037e-01
   2.8260408e-01   5.2483501e-01
   7.5551231e-01   6.5695345e-02
   5.0744025e-01   2.8543534e-01
   7.1265664e-02   8.6644774e-01
   2.7394957e-01   5.5620120e-01
   2.5597240e-01   6.4533825e-01
   2.9957995e-01   4.9295975e-01
   5.1346926e-01   2.5982750e-01
   2.6140089e-01   6.1578363e-01
   7.2816206e-01   1.6201125e-01
   2.7559632e-01   5.4954216e-01
   2.3761340e-01   7.5244256e-01
   9.9671556e-01   4.2705762e-05
   7.3580822e-01   1.2579374e-01
   7.3858759e-01   1.1428507e-01
   2.2993155e-01   7.9654961e-01
   5.3481557e-01   2.1899641e-01
   7.1987335e-01   2.0779544e-01
   2.5908308e-01   6.2818665e-01
   2.7727678e-01   5.4306863e-01
   5.2878119e-01   2.2232738e-01
   4.9199877e-01   3.7419594e-01
   5.5025571e-02   8.9369317e-01
   6.0397043e-02   8.8330819e-01
   2.2130746e-01   8.4267100e-01
   2.5282122e-01   6.6319878e-01
   4.9530010e-01   3.5281584e-01
   2.9214555e-01   5.0172806e-01
   2.8864252e-01   5.0871275e-01
   7.2575282e-01   1.7468570e-01
   5.0559387e-01   2.9439352e-01
   2.2467577e-01   8.2520781e-01
   2.5122478e-01   6.7239604e-01
   3.5038155e-02   9.3824863e-01
   2.8077040e-01   5.3070487e-01
   7.2377639e-01   1.8548806e-01
   7.3316763e-01   1.3757187e-01
   4.9034998e-01   3.8527443e-01
   2.3386967e-01   7.7419062e-01
   4.8869703e-01   3.9662352e-01
   7.8759604e-02   8.5890061e-01
   2.4293361e-01   7.2108667e-01
   4.9643350e-02   9.0507018e-01
   2.3576468e-01   7.6323008e-01
   7.4780574e-01   8.3089624e-02
   4.7848753e-01   4.7089010e-01
   9.4891518e-01   4.1600429e-02
   6.5796950e-02   8.7414585e-01
   7.6027518e-01   5.8986675e-02
   2.6603551e-01   5.9214446e-01
   7.3062680e-01   1.4964451e-01
   4.9696107e-01   3.4250030e-01
   4.8703639e-01   4.0825028e-01
   4.2404395e-02   9.2133518e-01
   8.8695998e-02   8.5487997e-01
   9.5757136e-01   2.5561835e-02
   4.9364740e-01   3.6337918e-01
   2.2787764e-01   8.0793129e-01
   7.5125762e-01   7.4300258e-02
   2.6837104e-01   5.8090696e-01
   2.5440271e-01   6.5418130e-01
   5.2527277e-01   2.2726702e-01
   2.5753153e-01   6.3667487e-01
   9.7017466e-01   9.7996739e-03
   1.7862079e-02   9.7449584e-01
   4.8536405e-01   4.2016622e-01
   5.2026024e-01   2.3813562e-01
   2.9624644e-01   4.9585780e-01
   2.7073407e-01   5.7005538e-01
   4.8367692e-01   4.3237681e-01
   4.7715187e-01   4.8097941e-01
   2.4961091e-01   6.8177436e-01
   7.4479784e-01   9.2052503e-02
   5.1820736e-01   2.4386194e-01
   2.3942255e-01   7.4181746e-01
   2.4119460e-01   7.3136587e-01
   4.8197076e-01   4.4489588e-01
   2.3192704e-01   7.8529930e-01
   5.2256430e-01   2.3258681e-01
   7.2181830e-01   1.9652543e-01
   2.4797763e-01   6.9133151e-01
   7.4155660e-01   1.0304161e-01
   5.0935467e-01   2.7668694e-01
   4.9863558e-01   3.3242368e-01
   2.6371527e-01   6.0377067e-01
   5.0032891e-01   3.2258126e-01
   7.6840487e-01   5.4521279e-02
   3.0359123e-01   4.9172628e-01
   5.1573329e-01   2.5172665e-01
   2.4464163e-01   7.1098842e-01
   2.1385524e-04   1.0000153e+00
   5.1135606e-01   2.6814846e-01
   2.8550234e-01   5.1646871e-01
   2.7233046e-01   5.6304059e-01
   2.7899826e-01   5.3678727e-01
   5.0204789e-01   3.1296476e-01
   2.7510743e-02   9.5503312e-01
   2.5753153e-01   6.3667487e-01
   2.4632213e-01   7.0106934e-01
   4.8024224e-01   4.5773037e-01
   2.8260408e-01   5.2483501e-01
   7.5551231e-01   6.5695345e-02
   5.0744025e-01   2.8543534e-01
   7.1265664e-02   8.6644774e-01
   2.7394957e-01   5.5620120e-01
   2.5597240e-01   6.4533825e-01
   2.9957995e-01   4.9295975e-01
   5.1346926e-01   2.5982750e-01
   2.6140089e-01   6.1578363e-01
   7.2816206e-01   1.6201125e-01
   2.7559632e-01   5.4954216e-01
   2.3761340e-01   7.5244256e-01
   9.9671556e-01   4.2705762e-05
   7.3580822e-01   1.2579374e-01
   5.0559387e-01   2.9439352e-01
   2.2993155e-01   7.9654961e-01
   5.3481557e-01   2.1899641e-01
   7.1987335e-01   2.0779544e-01
   2.5908308e-01   6.2818665e-01
   2.7727678e-01   5.4306863e-01
   8.8695998e-02   8.5487997e-01
   4.9199877e-01   3.7419594e-01
   5.5025571e-02   8.9369317e-01
   6.0397043e-02   8.8330819e-01
   2.2130746e-01   8.4267100e-01
   2.5282122e-01   6.6319878e-01
   4.9530010e-01   3.5281584e-01
   2.9214555e-01   5.0172806e-01
   2.8864252e-01   5.0871275e-01
   7.2575282e-01   1.7468570e-01
   4.9643350e-02   9.0507018e-01
   2.2467577e-01   8.2520781e-01
   2.5122478e-01   6.7239604e-01
   3.5038155e-02   9.3824863e-01
   2.8077040e-01   5.3070487e-01
   7.2377639e-01   1.8548806e-01
   7.3316763e-01   1.3757187e-01
   4.9034998e-01   3.8527443e-01
   2.3386967e-01   7.7419062e-01
   4.8869703e-01   3.9662352e-01
   7.8759604e-02   8.5890061e-01
   2.4293361e-01   7.2108667e-01
   5.2527277e-01   2.2726702e-01
   2.3576468e-01   7.6323008e-01
   7.4780574e-01   8.3089624e-02
   4.7848753e-01   4.7089010e-01
   9.4891518e-01   4.1600429e-02
   6.5796950e-02   8.7414585e-01
   9.7017466e-01   9.7996739e-03
   2.6603551e-01   5.9214446e-01
   7.3062680e-01   1.4964451e-01
   4.9696107e-01   3.4250030e-01
   4.8703639e-01   4.0825028e-01
   4.2404395e-02   9.2133518e-01
   2.7073407e-01   5.7005538e-01
   9.5757136e-01   2.5561835e-02
   4.9364740e-01   3.6337918e-01
   2.2787764e-01   8.0793129e-01
   7.5125762e-01   7.4300258e-02
   2.6837104e-01   5.8090696e-01
   1.7862079e-02   9.7449584e-01
   4.8367692e-01   4.3237681e-01
   5.1820736e-01   2.4386194e-01
   5.2026024e-01   2.3813562e-01
   2.9624644e-01   4.9585780e-01
   7.3858771e-01   1.1428460e-01
   2.3192704e-01   7.8529930e-01
   5.0379945e-01   3.0357242e-01
   5.2878118e-01   2.2232738e-01
   2.4797763e-01   6.9133151e-01
   2.4961091e-01   6.8177436e-01
   7.2181830e-01   1.9652543e-01
   7.4479784e-01   9.2052503e-02
   2.4119460e-01   7.3136587e-01
   4.8197076e-01   4.4489588e-01
   2.3942255e-01   7.4181746e-01
   5.2256430e-01   2.3258681e-01
   2.5440289e-01   6.5418029e-01
   7.6027516e-01   5.8986695e-02
   4.8536413e-01   4.2016565e-01
   4.7715183e-01   4.8097977e-01
   5.8372761e+00   6.4738237e+00
   7.2644169e+00   5.5388875e+00
   7.6914579e+00   5.1718512e+00
   6.4418207e+00   6.3623262e+00
   4.9589256e+00   6.0077533e+00
   7.0126032e+00   4.3458664e+00
   5.9115051e+00   6.3717576e+00
   7.2145699e+00   6.9057521e+00
   5.9329276e+00   5.9679224e+00
   6.4945863e+00   6.2910383e+00
   6.2176474e+00   6.2422937e+00
   8.5021034e+00   5.4643878e+00
   6.3564898e+00   5.2408312e+00
   6.0594170e+00   6.4429336e+00
   6.1261119e+00   5.9509702e+00
   7.4495049e+00   5.9088325e+00
   6.1135944e+00   5.5009955e+00
   5.8801437e+00   5.4858895e+00
   6.5216699e+00   5.3366293e+00
   6.0669429e+00   5.9079016e+00
   7.2683959e+00   4.9281203e+00
   6.1999028e+00   6.7417325e+00
   6.8762613e+00   4.6070324e+00
   6.2169501e+00   6.7523860e+00
   5.9711485e+00   5.9920623e+00
   8.2996639e+00   7.1200705e+00
   6.5763376e+00   6.2820035e+00
   5.5255568e+00   6.3314022e+00
   6.2290795e+00   5.2259540e+00
   7.1444168e+00   7.6955617e+00
   6.3407918e+00   7.0469328e+00
   6.7554007e+00   7.3251662e+00
   5.7081121e+00   7.4236056e+00
   6.6578255e+00   7.5491536e+00
   6.1049074e+00   5.5379934e+00
   6.2548187e+00   4.9103069e+00
   5.4323760e+00   5.6360033e+00
   6.6252089e+00   5.0047693e+00
   7.2561232e+00   5.8264891e+00
   8.4046800e+00   5.9660486e+00
   5.7228969e+00   6.2402606e+00
   7.5428180e+00   6.3267223e+00
   7.0156260e+00   7.3909393e+00
   8.2072675e+00   5.5415253e+00
   7.0715858e+00   6.7755046e+00
   6.4588122e+00   5.0802628e+00
   6.4197514e+00   6.6737858e+00
   6.8308449e+00   5.2583277e+00
   7.0313568e+00   7.1962796e+00
   5.7556534e+00   6.3739664e+00
   6.2786385e+00   6.2907536e+00
   6.6630746e+00   6.7204277e+00
   7.2423475e+00   6.4070492e+00
   5.7714360e+00   5.5118052e+00
   6.3601096e+00   5.4874508e+00
   6.6173277e+00   5.3808293e+00
   7.1402789e+00   5.8323380e+00
   5.6913613e+00   6.1429508e+00
   5.3203794e+00   5.1985851e+00
   7.7012009e+00   4.6399201e+00
   7.7834368e+00   5.5217461e+00
   5.9307245e+00   5.0084943e+00
   7.8085600e+00   4.7967504e+00
   6.8374889e+00   6.1092149e+00
   5.0312638e+00   6.4978781e+00
   7.3375642e+00   6.2930196e+00
   7.9430742e+00   5.2041352e+00
   6.3054311e+00   6.3409720e+00
   6.0697347e+00   5.3121080e+00
   4.6927060e+00   5.0499780e+00
   5.9854314e+00   4.4496110e+00
   6.9105750e+00   5.5946354e+00
   6.8492494e+00   6.1163795e+00
   6.2669973e+00   6.3664082e+00
   6.5512676e+00   4.8821023e+00
   6.7672746e+00   6.2200922e+00
   6.7785422e+00   4.7933728e+00
   5.5045443e+00   7.4473508e+00
   5.2568658e+00   6.7374939e+00
   6.8715286e+00   5.0893310e+00
   7.4697741e+00   5.6436794e+00
   7.7905799e+00   6.3421008e+00
   5.5888862e+00   8.0649831e+00
   6.5889716e+00   5.4390324e+00
   5.5484523e+00   5.2011174e+00
   5.5621897e+00   5.8333080e+00
   4.3787814e+00   6.5771791e+00
   6.2573313e+00   6.3987480e+00
   5.9393386e+00   6.2884727e+00
   6.7068763e+00   5.8155788e+00
   6.3377688e+00   6.8388950e+00
   6.8131362e+00   5.8690171e+00
   6.2794550e+00   5.1562718e+00
   6.5583621e+00   5.3560077e+00
   5.0100011e+00   6.2526650e+00
   5.7471183e+00   6.6247062e+00
   8.4268923e+00   5.6977493e+00
   7.8679707e+00   6.7522376e+00
   6.0405542e+00   5.5514618e+00
   5.4207433e+00   5.7841871e+00
   3.2703450e-01   6.1815120e-01
   1.0180813e+00   1.2072375e-01
   1.1340463e-01   9.7707905e-01
   3.1871241e-01   6.3550845e-01
   3.3348076e-02   1.1192586e+00
   5.3157503e-01   4.5282184e-01
   2.9821205e-01   7.1613310e-01
   9.4217116e-02   1.0013108e+00
   5.1476344e-01   5.6667048e-01
   2.6120841e-01   9.2610076e-01
   2.5366803e-01   9.6581509e-01
   7.8005268e-01   2.0485672e-01
   3.0008537e-01   7.0692411e-01
   2.9264561e-01   7.4511197e-01
   2.7742774e-01   8.3228914e-01
   5.4000665e-01   4.0737995e-01
   3.0881574e-01   6.6844932e-01
   7.6713900e-01   2.5299444e-01
   5.3766207e-01   4.1903469e-01
   5.2576978e-01   4.8922942e-01
   2.5877944e-01   9.3928503e-01
   5.5357475e-01   3.5691111e-01
   5.2420616e-01   4.9963593e-01
   5.6196544e-01   3.4151624e-01
   9.9883162e-01   1.3363145e-01
   5.5659916e-01   3.4991621e-01
   5.4779710e-02   1.0864690e+00
   5.1315041e-01   5.7866211e-01
   2.8327353e-01   7.9793916e-01
   5.1794215e-01   5.4341445e-01
   2.7126323e-01   8.6866362e-01
   5.5899564e-01   3.4552793e-01
   7.8635421e-01   1.8926860e-01
   3.2258055e-01   6.2619578e-01
   2.6355778e-01   9.1303823e-01
   1.0678985e-01   9.8288781e-01
   2.8706021e-01   7.7613212e-01
   7.8342364e-01   1.9584824e-01
   3.3071336e-01   6.1373935e-01
   5.2733880e-01   4.7903192e-01
   9.8622139e-01   1.5258977e-01
   2.9079282e-01   7.5522431e-01
   5.1152158e-01   5.9089370e-01
   5.2944373e-01   4.6575310e-01
   5.1635787e-01   5.5493016e-01
   3.3671178e-01   6.1096961e-01
   2.7337583e-01   8.5624407e-01
   7.5919054e-01   2.9230418e-01
   7.7706994e-01   2.1408619e-01
   2.9542342e-01   7.3036975e-01
   2.7541885e-01   8.4416963e-01
   5.2108287e-01   5.2108267e-01
   5.0987287e-01   6.0336302e-01
   1.0042107e-01   9.9112355e-01
   7.6439908e-01   2.6579000e-01
   8.8092527e-02   1.0130733e+00
   3.0484760e-01   6.8496416e-01
   5.4439369e-01   3.8778930e-01
   8.1992151e-02   1.0260359e+00
   7.5320642e-01   3.2587964e-01
   2.6583758e-01   9.0012037e-01
   4.5938837e-02   1.1025662e+00
   5.4860349e-01   3.7187171e-01
   7.5717062e-01   3.0329192e-01
   5.4643048e-01   3.7972473e-01
   6.9671307e-02   1.0540620e+00
   1.0326715e+00   1.1925915e-01
   7.9481434e-01   1.7683889e-01
   1.2249315e-01   9.7410938e-01
   7.6175722e-01   2.7889448e-01
   5.4246114e-01   3.9605304e-01
   5.5095874e-01   3.6425394e-01
   2.8135197e-01   8.0916620e-01
   2.7940555e-01   8.2061322e-01
   3.0681438e-01   6.7656504e-01
   5.2264590e-01   5.1024969e-01
   9.8131171e-01   1.6240690e-01
   2.8893164e-01   7.6556297e-01
   2.6914439e-01   8.8104585e-01
   5.1951560e-01   5.3213712e-01
   5.6792200e-01   3.3824018e-01
   2.6805470e-01   8.8736972e-01
   5.3319596e-01   4.4335352e-01
   7.7181667e-01   2.3315215e-01
   7.5859683e-02   1.0398435e+00
   3.1298992e-01   6.5303820e-01
   2.8517635e-01   7.8691960e-01
   9.9186487e-01   1.4298281e-01
   7.7434874e-01   2.2352374e-01
   3.0263248e-01   6.9490616e-01
   6.3374778e-02   1.0683019e+00
   5.3539823e-01   4.3102665e-01
   7.6942685e-01   2.4296955e-01
   1.0058971e+00   1.2686981e-01
   7.5517719e-01   3.1448611e-01
   3.1087070e-01   6.6059960e-01
   8.0163580e-01   1.7376286e-01
   7.8989610e-01   1.8288217e-01
   2.5625959e-01   9.5258647e-01
   3.1520633e-01   6.4573604e-01
   2.8213028e-01   6.1070674e-01
   5.2016749e-01   3.2152609e-01
   5.4428098e-01   2.3326245e-01
   7.8679427e-01   6.1529433e-02
   2.9413981e-01   5.5598812e-01
   7.5701687e-01   1.2118988e-01
   3.2182854e-01   4.9873619e-01
   5.2617736e-01   2.9086799e-01
   4.9558838e-01   4.8772011e-01
   3.1397154e-01   5.0365918e-01
   2.6796493e-01   6.8905593e-01
   8.4924939e-02   8.8003302e-01
   5.3894442e-01   2.4441106e-01
   2.4304881e-01   8.3236962e-01
   4.9873186e-01   4.6407647e-01
   2.6383275e-01   7.1332916e-01
   5.0819940e-01   3.9604609e-01
   5.3246110e-01   2.6463901e-01
   7.3775172e-01   2.1788389e-01
   3.0638968e-01   5.1722065e-01
   2.3852367e-01   8.5562762e-01
   2.7747090e-01   6.3526567e-01
   3.0988794e-01   5.0991215e-01
   7.4176668e-01   1.9479563e-01
   2.4082547e-01   8.4397677e-01
   2.4726733e-01   8.0948686e-01
   2.6549844e-01   7.0351115e-01
   2.5503909e-01   7.6515138e-01
   7.3987404e-02   8.9956605e-01
   2.5125993e-01   7.8700102e-01
   5.3896723e-02   9.4421130e-01
   7.6062904e-01   1.0766697e-01
   5.1453440e-01   3.5461140e-01
   9.7370923e-01   3.6359842e-02
   9.0520373e-02   8.7241321e-01
   2.5686757e-01   7.5444654e-01
   5.4137553e-01   2.3870495e-01
   1.8614790e-02   1.0070233e+00
   2.4929398e-01   7.9815952e-01
   2.8921048e-01   5.7672570e-01
   2.9940868e-01   5.3692839e-01
   2.7038127e-01   6.7504023e-01
   7.5368056e-01   1.3509485e-01
   2.9584975e-01   5.4943399e-01
   1.0167428e+00   7.0289736e-03
   5.4821725e-01   2.2830021e-01
   5.0223046e-01   4.3827560e-01
   5.0480418e-01   4.1974631e-01
   7.4379870e-01   1.8361986e-01
   4.0548950e-02   9.7322991e-01
   5.2426596e-01   3.0005449e-01
   5.0352085e-01   4.2892977e-01
   3.1727472e-01   5.0044002e-01
   7.7877568e-01   6.5887070e-02
   5.2196154e-01   3.1184271e-01
   7.9424791e-02   8.8918137e-01
   5.3484989e-01   2.5635247e-01
   5.1624416e-01   3.4416185e-01
   1.0770708e-01   8.6187386e-01
   5.1840795e-01   3.3143577e-01
   5.0650791e-01   4.0774388e-01
   7.0372960e-02   9.0705665e-01
   2.9163820e-01   5.6618304e-01
   9.8258456e-02   8.6511886e-01
   5.3680559e-01   2.5029936e-01
   4.8248450e-02   9.5693628e-01
   5.0946269e-01   3.8747731e-01
   3.0654273e-02   9.9122525e-01
   5.2816553e-01   2.8190133e-01
   3.0324538e-01   5.2527574e-01
   2.8682801e-01   5.8765131e-01
   2.5317406e-01   7.7598873e-01
   2.7276943e-01   6.6138324e-01
   2.4518842e-01   8.2088901e-01
   2.9760080e-01   5.4308332e-01
   9.8185863e-01   2.4113187e-02
   7.4838089e-01   1.5984459e-01
   7.5098180e-01   1.4731575e-01
   4.9739658e-01   4.7407865e-01
   2.7512685e-01   6.4814333e-01
   5.3024503e-01   2.7317055e-01
   2.7980216e-01   6.2278980e-01
   7.3975153e-01   2.0621981e-01
   3.0128148e-01   5.3099614e-01
   2.5865584e-01   7.4392030e-01
   5.1283932e-01   3.6530295e-01
   7.4585521e-01   1.7268528e-01
   7.6406478e-01   9.6367654e-02
   9.6725538e-01   4.8744219e-02
   5.9450704e-02   9.3145123e-01
   2.8446985e-01   5.9898824e-01
   2.6213741e-01   7.2334695e-01
   7.6799841e-01   8.5334175e-02
   5.1114827e-01   3.7626116e-01
   9.9190195e-01   1.4077245e-02
   6.4937069e-02   9.1896322e-01
   2.6041237e-01   7.3354697e-01
   5.0049267e-01   4.5101088e-01
   5.5320175e-01   2.2600450e-01
   7.7287456e-01   7.4576112e-02
   2.4006224e-01   7.4379658e-01
   5.2433552e-01   2.3556895e-01
   2.9598067e-02   9.5701476e-01
   4.8647066e-01   4.1774984e-01
   7.3636770e-02   8.7043958e-01
   7.3720205e-01   1.2603174e-01
   4.7823146e-01   4.7821801e-01
   7.1963358e-01   2.1495540e-01
   5.3067616e-01   2.2743038e-01
   5.1165012e-01   2.7309046e-01
   4.8815627e-01   4.0590297e-01
   2.2851981e-01   8.1022170e-01
   4.9485413e-01   3.6129233e-01
   3.0321737e-01   4.9873610e-01
   5.0574837e-01   2.9957869e-01
   2.8491250e-01   5.2449750e-01
   7.6820486e-01   6.1528820e-02
   7.2762875e-01   1.7066859e-01
   4.8983332e-01   3.9434376e-01
   5.1617746e-01   2.5654219e-01
   7.2969736e-01   1.6017798e-01
   2.7085572e-01   5.7556837e-01
   2.5351490e-01   6.6501964e-01
   2.3450248e-01   7.7631515e-01
   7.4329163e-01   1.0328178e-01
   6.8072425e-02   8.7743715e-01
   2.3824993e-01   7.5446320e-01
   2.5510822e-01   6.5599592e-01
   5.2761672e-01   2.3045537e-01
   2.7837890e-01   5.4524216e-01
   2.7664836e-01   5.5164260e-01
   2.3056771e-01   7.9878678e-01
   2.9154921e-01   5.0941127e-01
   9.5434657e-01   3.7669242e-02
   2.8805598e-01   5.1656822e-01
   5.1383123e-01   2.6469523e-01
   4.8476983e-01   4.2991114e-01
   8.9113782e-02   8.6187386e-01
   1.7979138e-02   9.8088925e-01
   4.7687640e-01   4.8845503e-01
   2.6530440e-01   6.0170575e-01
   2.8200564e-01   5.3303757e-01
   4.9150612e-01   3.8305948e-01
   5.1876287e-01   2.4863805e-01
   2.6295533e-01   6.1357720e-01
   2.3639899e-01   7.6529904e-01
   2.8016359e-01   5.3902784e-01
   7.2559504e-01   1.8139322e-01
   2.3256252e-01   7.8746782e-01
   7.3182207e-01   1.4987360e-01
   2.6925308e-01   5.8281481e-01
   2.2197326e-01   8.4519475e-01
   2.5826341e-01   6.3849211e-01
   9.9814361e-01   7.0288511e-03
   2.2532735e-01   8.2760669e-01
   2.4864342e-01   6.9318567e-01
   7.5520541e-01   7.2870519e-02
   5.1772658e-02   9.0702585e-01
   3.7130361e-02   9.3997380e-01
   2.4358028e-01   7.2300685e-01
   2.7247550e-01   5.6850808e-01
   4.9653806e-01   3.5079478e-01
   9.6204417e-01   2.5669292e-02
   4.4507917e-02   9.2305801e-01
   4.9995045e-01   3.3053104e-01
   7.4681274e-01   9.2303520e-02
   7.5092444e-01   8.1585541e-02
   2.4529148e-01   7.1289508e-01
   4.9823341e-01   3.4054797e-01
   2.5669072e-01   6.4715114e-01
   4.7956487e-01   4.6820270e-01
   9.4809193e-01   4.9895917e-02
   5.0763419e-01   2.9053300e-01
   5.0391643e-01   3.0885373e-01
   2.4698005e-01   7.0294404e-01
   7.5997782e-01   6.6085721e-02
   9.7363166e-01   1.3824195e-02
   7.4012791e-01   1.1451996e-01
   2.9561586e-01   5.0334677e-01
   5.3458691e-01   2.2600449e-01
   2.5190730e-01   6.7422904e-01
   7.3444830e-01   1.3781574e-01
   5.0213311e-01   3.1834208e-01
   2.6061288e-01   6.2583094e-01
   4.8305818e-01   4.4234084e-01
   2.7425665e-01   5.6106955e-01
   5.7189178e-02   8.9596674e-01
   2.9888963e-01   5.0027797e-01
   8.1298004e-02   8.6408817e-01
   7.2160590e-01   2.0352744e-01
   6.2606162e-02   8.8602948e-01
   7.2358962e-01   1.9234650e-01
   2.4183786e-01   7.3330989e-01
   5.0959582e-01   2.8170042e-01
   2.5028512e-01   6.8361424e-01
   4.9317800e-01   3.7204634e-01
   5.2171728e-01   2.4102698e-01
   1.0381541e-09   1.0070231e+00
   4.8132652e-01   4.5509188e-01
   2.6766432e-01   5.9024526e-01
   5.0391664e-01   3.0885262e-01
   4.7823036e-01   4.7822548e-01
   2.8016359e-01   5.3902752e-01
   9.9814359e-01   7.0288504e-03
   4.8477180e-01   4.2989691e-01
   2.8491250e-01   5.2449750e-01
   2.5351490e-01   6.6501964e-01
   2.3639989e-01   7.6529388e-01
   4.7687596e-01   4.8845852e-01
   4.8305818e-01   4.4234084e-01
   7.2762678e-01   1.7067762e-01
   2.6766532e-01   5.9024050e-01
   2.8805558e-01   5.1656913e-01
   5.0959503e-01   2.8170185e-01
   7.2358962e-01   1.9234620e-01
   1.7979110e-02   9.8088925e-01
   2.4183685e-01   7.3331484e-01
   5.1382981e-01   2.6470006e-01
   9.7363166e-01   1.3824384e-02
   8.9104926e-02   8.6187385e-01
   4.4507890e-02   9.2305801e-01
   5.2761672e-01   2.3045537e-01
   2.6295693e-01   6.1356896e-01
   7.3720205e-01   1.2603124e-01
   4.9995001e-01   3.3053259e-01
   9.6203840e-01   2.5676240e-02
   2.4864307e-01   6.9318693e-01
   7.3444830e-01   1.3781541e-01
   5.1876287e-01   2.4863805e-01
   5.0213255e-01   3.1834321e-01
   7.5092444e-01   8.1586000e-02
   8.1299559e-02   8.6408729e-01
   2.9154921e-01   5.0941127e-01
   7.5520294e-01   7.2869576e-02
   5.3067332e-01   2.2743197e-01
   2.4358028e-01   7.2300729e-01
   2.5669072e-01   6.4715114e-01
   7.5997782e-01   6.6085720e-02
   2.3057068e-01   7.9877005e-01
   2.3256525e-01   7.8745254e-01
   3.7130360e-02   9.3997379e-01
   2.6061288e-01   6.2583094e-01
   2.5028512e-01   6.8361391e-01
   7.1963358e-01   2.1495548e-01
   2.5510863e-01   6.5599360e-01
   7.4681274e-01   9.2303519e-02
   2.7652869e-11   1.0070231e+00
   4.9823341e-01   3.4054797e-01
   2.7247760e-01   5.6849992e-01
   2.4529185e-01   7.1289295e-01
   5.1774925e-02   9.0702101e-01
   7.4012659e-01   1.1452126e-01
   2.7424686e-01   5.6110945e-01
   7.6820485e-01   6.1528819e-02
   2.9598059e-02   9.5701476e-01
   2.5190760e-01   6.7422731e-01
   2.4006211e-01   7.4379785e-01
   3.0320707e-01   4.9873636e-01
   5.7189164e-02   8.9596674e-01
   2.9561586e-01   5.0334677e-01
   2.5826341e-01   6.3849211e-01
   4.9317800e-01   3.7204611e-01
   2.2852178e-01   8.1021117e-01
   4.7956630e-01   4.6819291e-01
   9.4808993e-01   4.9899137e-02
   7.3181825e-01   1.4988856e-01
   7.4329163e-01   1.0327882e-01
   4.8132461e-01   4.5510140e-01
   2.9888963e-01   5.0027797e-01
   7.2160590e-01   2.0352773e-01
   4.8815627e-01   4.0590297e-01
   2.3450668e-01   7.7629265e-01
   2.2532735e-01   8.2760668e-01
   9.5433040e-01   3.7696842e-02
   7.2559504e-01   1.8139312e-01
   4.9485361e-01   3.6129403e-01
   2.7838112e-01   5.4523416e-01
   4.8983332e-01   3.9434376e-01
   7.3637483e-02   8.7043880e-01
   4.9150612e-01   3.8305982e-01
   5.0574764e-01   2.9957780e-01
   6.8075354e-02   8.7743297e-01
   5.1617688e-01   2.5654300e-01
   2.2197326e-01   8.4519475e-01
   4.8647066e-01   4.1774958e-01
   2.3825026e-01   7.5446128e-01
   5.2171727e-01   2.4102653e-01
   5.1165036e-01   2.7308947e-01
   2.6530440e-01   6.0170575e-01
   4.9653782e-01   3.5079430e-01
   2.4698005e-01   7.0294403e-01
   2.8200564e-01   5.3303757e-01
   2.6925308e-01   5.8281481e-01
   5.2433397e-01   2.3557060e-01
   5.0763419e-01   2.9053300e-01
   2.7085567e-01   5.7556781e-01
   5.3460088e-01   2.2600428e-01
   7.2969736e-01   1.6017798e-01
   6.2609884e-02   8.8602310e-01
   2.7664836e-01   5.5164260e-01
   2.8491250e-01   5.2449750e-01
   5.1165036e-01   2.7308947e-01
   2.5669072e-01   6.4715114e-01
   2.4183722e-01   7.3331268e-01
   2.6530440e-01   6.0170575e-01
   2.6925319e-01   5.8281431e-01
   2.6766532e-01   5.9024050e-01
   2.7664836e-01   5.5164260e-01
   2.4698005e-01   7.0294403e-01
   7.2969736e-01   1.6017798e-01
   2.7247760e-01   5.6849909e-01
   2.6295693e-01   6.1356896e-01
   2.8016359e-01   5.3902716e-01
   5.7189164e-02   8.9596674e-01
   5.1876287e-01   2.4863805e-01
   2.9154921e-01   5.0941127e-01
   2.5826413e-01   6.3848819e-01
   9.6203517e-01   2.5680068e-02
   2.5190760e-01   6.7422731e-01
   2.8200564e-01   5.3303757e-01
   5.2761764e-01   2.3045420e-01
   2.9888840e-01   5.0027881e-01
   4.9150612e-01   3.8305931e-01
   7.3720205e-01   1.2603089e-01
   7.3637483e-02   8.7043880e-01
   4.4507890e-02   9.2305801e-01
   7.1963358e-01   2.1495540e-01
   2.5351490e-01   6.6501964e-01
   2.7085567e-01   5.7556745e-01
   2.3256460e-01   7.8745592e-01
   5.3460088e-01   2.2600428e-01
   5.0391664e-01   3.0885262e-01
   4.8815627e-01   4.0590297e-01
   2.5510863e-01   6.5599360e-01
   7.3444830e-01   1.3781477e-01
   7.2358962e-01   1.9234549e-01
   5.1382981e-01   2.6469950e-01
   7.5092395e-01   8.1586151e-02
   1.7979110e-02   9.8088925e-01
   5.0959503e-01   2.8170185e-01
   2.2852178e-01   8.1021082e-01
   9.7363166e-01   1.3824077e-02
   2.4864307e-01   6.9318693e-01
   5.1774925e-02   9.0702101e-01
   4.8983345e-01   3.9434286e-01
   2.3825026e-01   7.5446128e-01
   2.4529320e-01   7.1288498e-01
   2.3639961e-01   7.6529540e-01
   3.7129859e-02   9.3997495e-01
   8.1304157e-02   8.6408470e-01
   2.9561586e-01   5.0334677e-01
   5.0213255e-01   3.1834243e-01
   6.8075354e-02   8.7743297e-01
   4.9653782e-01   3.5079142e-01
   2.9598059e-02   9.5701476e-01
   5.0763419e-01   2.9053300e-01
   2.3450529e-01   7.7629888e-01
   2.2532735e-01   8.2760668e-01
   7.5997895e-01   6.6084482e-02
   4.7956630e-01   4.6819196e-01
   2.7838112e-01   5.4523416e-01
   4.9995001e-01   3.3053259e-01
   2.6061333e-01   6.2582854e-01
   7.4681310e-01   9.2302463e-02
   5.1617688e-01   2.5654300e-01
   2.2197299e-01   8.4519610e-01
   7.4012659e-01   1.1452111e-01
   4.9317800e-01   3.7204590e-01
   4.8647066e-01   4.1774874e-01
   2.8805569e-01   5.1656889e-01
   5.2433397e-01   2.3557060e-01
   9.5433040e-01   3.7696482e-02
   2.4358028e-01   7.2300597e-01
   3.0320707e-01   4.9873636e-01
   2.7424936e-01   5.6109924e-01
   4.8477180e-01   4.2989691e-01
   4.7687596e-01   4.8845738e-01
   9.9813854e-01   7.0288878e-03
   7.2762678e-01   1.7067742e-01
   2.3057068e-01   7.9877005e-01
   5.3067366e-01   2.2743173e-01
   9.4808993e-01   4.9898868e-02
   2.5028453e-01   6.8361594e-01
   7.2559466e-01   1.8139434e-01
   8.9102603e-02   8.6187385e-01
   7.2160516e-01   2.0352921e-01
   7.5520243e-01   7.2870168e-02
   7.4329163e-01   1.0327840e-01
   4.8132461e-01   4.5510021e-01
   5.0574739e-01   2.9957905e-01
   4.8305823e-01   4.4234042e-01
   7.6819308e-01   6.1529090e-02
   4.9485345e-01   3.6129396e-01
   5.2171727e-01   2.4102628e-01
   4.9823365e-01   3.4054656e-01
   4.7823006e-01   4.7822652e-01
   2.4006178e-01   7.4379799e-01
   6.2609789e-02   8.8602326e-01
   7.3181820e-01   1.4988800e-01
   9.4495213e-28   1.0070231e+00
   2.8491250e-01   5.2449750e-01
   5.1165036e-01   2.7308947e-01
   2.4864307e-01   6.9318693e-01
   2.4183722e-01   7.3331268e-01
   2.6530440e-01   6.0170575e-01
   2.6925319e-01   5.8281431e-01
   2.3450529e-01   7.7629888e-01
   2.7664836e-01   5.5164260e-01
   2.4698005e-01   7.0294403e-01
   7.2969736e-01   1.6017798e-01
   2.4529320e-01   7.1288498e-01
   2.4358028e-01   7.2300597e-01
   2.8016359e-01   5.3902716e-01
   5.7189164e-02   8.9596674e-01
   5.1876287e-01   2.4863805e-01
   2.9154921e-01   5.0941127e-01
   2.5826413e-01   6.3848819e-01
   9.6203517e-01   2.5680068e-02
   2.5190760e-01   6.7422731e-01
   2.8200564e-01   5.3303757e-01
   2.5510863e-01   6.5599360e-01
   2.9888840e-01   5.0027881e-01
   4.9150612e-01   3.8305931e-01
   7.3720205e-01   1.2603089e-01
   7.3637483e-02   8.7043880e-01
   4.4507890e-02   9.2305801e-01
   7.1963358e-01   2.1495540e-01
   2.5351490e-01   6.6501964e-01
   2.7085567e-01   5.7556745e-01
   2.3256460e-01   7.8745592e-01
   5.3460088e-01   2.2600428e-01
   5.0391664e-01   3.0885262e-01
   4.8815627e-01   4.0590297e-01
   7.5520243e-01   7.2870168e-02
   7.3444830e-01   1.3781477e-01
   7.2358962e-01   1.9234549e-01
   5.1382981e-01   2.6469950e-01
   5.0213255e-01   3.1834243e-01
   1.7979110e-02   9.8088925e-01
   5.0959503e-01   2.8170185e-01
   5.1774925e-02   9.0702101e-01
   9.7363166e-01   1.3824077e-02
   4.9317800e-01   3.7204590e-01
   3.7129859e-02   9.3997495e-01
   4.8983345e-01   3.9434286e-01
   2.3825026e-01   7.5446128e-01
   7.5092395e-01   8.1586151e-02
   2.2532735e-01   8.2760668e-01
   2.6766587e-01   5.9023791e-01
   8.1304157e-02   8.6408470e-01
   2.9561586e-01   5.0334677e-01
   4.9653707e-01   3.5079600e-01
   6.8075354e-02   8.7743297e-01
   3.0320707e-01   4.9873636e-01
   2.9598059e-02   9.5701476e-01
   5.0763419e-01   2.9053300e-01
   2.8805569e-01   5.1656889e-01
   2.3057068e-01   7.9877005e-01
   7.5997895e-01   6.6084482e-02
   4.7956630e-01   4.6819196e-01
   2.7838144e-01   5.4523304e-01
   2.6295701e-01   6.1356854e-01
   2.2852074e-01   8.1021658e-01
   7.4681310e-01   9.2302463e-02
   5.1617688e-01   2.5654300e-01
   5.2171727e-01   2.4102628e-01
   7.4012659e-01   1.1452111e-01
   4.8132392e-01   4.5510533e-01
   4.8647066e-01   4.1774874e-01
   2.6061339e-01   6.2582823e-01
   5.2433397e-01   2.3557060e-01
   9.5433040e-01   3.7696482e-02
   7.2762667e-01   1.7067795e-01
   2.5669079e-01   6.4715071e-01
   2.5028490e-01   6.8361379e-01
   2.7425079e-01   5.6109345e-01
   4.7687596e-01   4.8845738e-01
   6.2609789e-02   8.8602326e-01
   4.9995024e-01   3.3053127e-01
   4.9485345e-01   3.6129396e-01
   5.3067366e-01   2.2743173e-01
   9.4808993e-01   4.9898868e-02
   7.2559466e-01   1.8139434e-01
   4.8305823e-01   4.4234042e-01
   7.2160516e-01   2.0352921e-01
   7.6819367e-01   6.1529076e-02
   8.9102105e-02   8.6187385e-01
   7.4329163e-01   1.0327840e-01
   2.2197270e-01   8.4519758e-01
   2.3639987e-01   7.6529387e-01
   9.9811102e-01   7.0290942e-03
   5.2761769e-01   2.3045414e-01
   2.4006178e-01   7.4379799e-01
   4.9823392e-01   3.4054498e-01
   4.7823006e-01   4.7822652e-01
   2.7247640e-01   5.6850422e-01
   7.3181807e-01   1.4988863e-01
   5.0574727e-01   2.9957966e-01
   4.8477310e-01   4.2988752e-01
   4.1761422e-28   1.0070231e+00
   5.1774925e-02   9.0702101e-01
   5.1165036e-01   2.7308947e-01
   2.4864307e-01   6.9318693e-01
   2.4183722e-01   7.3331268e-01
   2.6530440e-01   6.0170575e-01
   2.6925319e-01   5.8281431e-01
   2.3450529e-01   7.7629888e-01
   9.7363166e-01   1.3824077e-02
   2.4698005e-01   7.0294403e-01
   7.2969736e-01   1.6017798e-01
   2.4529320e-01   7.1288498e-01
   2.4358028e-01   7.2300597e-01
   2.7085567e-01   5.7556745e-01
   5.7189164e-02   8.9596674e-01
   5.1876287e-01   2.4863805e-01
   3.7129859e-02   9.3997495e-01
   2.5826413e-01   6.3848819e-01
   9.6203517e-01   2.5680068e-02
   2.5190760e-01   6.7422731e-01
   2.8200564e-01   5.3303757e-01
   2.5510863e-01   6.5599360e-01
   2.9888840e-01   5.0027881e-01
   4.9150612e-01   3.8305931e-01
   7.3720205e-01   1.2603089e-01
   7.3637483e-02   8.7043880e-01
   4.4507890e-02   9.2305801e-01
   7.1963358e-01   2.1495540e-01
   2.5351490e-01   6.6501964e-01
   2.7838144e-01   5.4523304e-01
   2.3256460e-01   7.8745592e-01
   2.6061339e-01   6.2582823e-01
   5.0391664e-01   3.0885262e-01
   4.8815627e-01   4.0590297e-01
   7.5520243e-01   7.2870168e-02
   7.3444830e-01   1.3781477e-01
   7.2358962e-01   1.9234549e-01
   5.1382981e-01   2.6469950e-01
   4.9823392e-01   3.4054498e-01
   1.7979110e-02   9.8088925e-01
   5.0959503e-01   2.8170185e-01
   2.7664892e-01   5.5164046e-01
   7.5997895e-01   6.6084482e-02
   4.9317800e-01   3.7204590e-01
   2.9154956e-01   5.0941064e-01
   4.8983345e-01   3.9434286e-01
   2.3825026e-01   7.5446128e-01
   7.5092395e-01   8.1586151e-02
   2.2532735e-01   8.2760668e-01
   2.6766587e-01   5.9023791e-01
   2.9598059e-02   9.5701476e-01
   2.9561586e-01   5.0334677e-01
   4.9653707e-01   3.5079600e-01
   6.8075354e-02   8.7743297e-01
   2.4006178e-01   7.4379799e-01
   2.7247640e-01   5.6850422e-01
   5.0763419e-01   2.9053300e-01
   2.8805569e-01   5.1656889e-01
   7.2762667e-01   1.7067795e-01
   9.5433040e-01   3.7696482e-02
   4.7956630e-01   4.6819196e-01
   2.2197270e-01   8.4519758e-01
   4.8132392e-01   4.5510533e-01
   2.2852074e-01   8.1021658e-01
   7.4681310e-01   9.2302463e-02
   5.1617688e-01   2.5654300e-01
   4.9485345e-01   3.6129396e-01
   3.0320709e-01   4.9873636e-01
   2.6295709e-01   6.1356814e-01
   4.8647066e-01   4.1774874e-01
   7.4329163e-01   1.0327840e-01
   5.2433397e-01   2.3557060e-01
   7.6819435e-01   6.1529060e-02
   5.0574727e-01   2.9957966e-01
   2.5669079e-01   6.4715071e-01
   2.5028490e-01   6.8361379e-01
   2.7425079e-01   5.6109345e-01
   8.9100632e-02   8.6187385e-01
   6.2609789e-02   8.8602326e-01
   2.3639987e-01   7.6529387e-01
   2.8491245e-01   5.2449764e-01
   5.3067366e-01   2.2743173e-01
   9.4808993e-01   4.9898868e-02
   2.8016295e-01   5.3902934e-01
   4.8305823e-01   4.4234042e-01
   7.2160516e-01   2.0352921e-01
   4.9995017e-01   3.3053162e-01
   5.0213182e-01   3.1834643e-01
   7.3181807e-01   1.4988863e-01
   5.3459935e-01   2.2600430e-01
   7.2559444e-01   1.8139552e-01
   9.9811102e-01   7.0290942e-03
   4.7822995e-01   4.7822730e-01
   5.2171652e-01   2.4102803e-01
   4.8477277e-01   4.2988993e-01
   7.4012656e-01   1.1452122e-01
   4.7687569e-01   4.8845938e-01
   5.2761785e-01   2.3045394e-01
   2.3057111e-01   7.9876765e-01
   8.1302364e-02   8.6408571e-01
   4.1761422e-28   1.0070231e+00
   5.1774925e-02   9.0702101e-01
   5.1165036e-01   2.7308947e-01
   2.4864307e-01   6.9318693e-01
   2.4183722e-01   7.3331268e-01
   2.6530440e-01   6.0170575e-01
   2.6925319e-01   5.8281431e-01
   2.3450529e-01   7.7629888e-01
   9.7363166e-01   1.3824077e-02
   2.4698005e-01   7.0294403e-01
   7.2969736e-01   1.6017798e-01
   2.4529320e-01   7.1288498e-01
   2.4358028e-01   7.2300597e-01
   2.7085567e-01   5.7556745e-01
   5.7189164e-02   8.9596674e-01
   5.1876287e-01   2.4863805e-01
   3.7129859e-02   9.3997495e-01
   2.5826413e-01   6.3848819e-01
   9.6203517e-01   2.5680068e-02
   2.5190760e-01   6.7422731e-01
   2.8200564e-01   5.3303757e-01
   2.5510863e-01   6.5599360e-01
   2.9888840e-01   5.0027881e-01
   4.9150612e-01   3.8305931e-01
   7.3720205e-01   1.2603089e-01
   5.0391664e-01   3.0885262e-01
   4.4507890e-02   9.2305801e-01
   7.1963358e-01   2.1495540e-01
   2.5351490e-01   6.6501964e-01
   2.7838144e-01   5.4523304e-01
   2.3256460e-01   7.8745592e-01
   2.6061339e-01   6.2582823e-01
   2.7425074e-01   5.6109365e-01
   4.8815627e-01   4.0590297e-01
   8.9100632e-02   8.6187385e-01
   2.5669079e-01   6.4715071e-01
   7.2358962e-01   1.9234549e-01
   5.1382981e-01   2.6469950e-01
   4.9823392e-01   3.4054498e-01
   1.7979110e-02   9.8088925e-01
   5.0959503e-01   2.8170185e-01
   2.7664892e-01   5.5164046e-01
   7.5997895e-01   6.6084482e-02
   4.9317800e-01   3.7204590e-01
   2.9154956e-01   5.0941064e-01
   4.8983345e-01   3.9434286e-01
   2.3825026e-01   7.5446128e-01
   7.5092395e-01   8.1586151e-02
   2.2532735e-01   8.2760668e-01
   2.6766587e-01   5.9023791e-01
   2.9598059e-02   9.5701476e-01
   2.9561586e-01   5.0334677e-01
   4.9653707e-01   3.5079600e-01
   6.8075354e-02   8.7743297e-01
   2.4006178e-01   7.4379799e-01
   5.2761785e-01   2.3045394e-01
   5.0763419e-01   2.9053300e-01
   2.8805569e-01   5.1656889e-01
   7.2762667e-01   1.7067795e-01
   9.5433040e-01   3.7696482e-02
   4.7956630e-01   4.6819196e-01
   2.2197270e-01   8.4519758e-01
   4.8132392e-01   4.5510533e-01
   2.2852074e-01   8.1021658e-01
   7.4681310e-01   9.2302463e-02
   5.1617688e-01   2.5654300e-01
   4.9485345e-01   3.6129396e-01
   7.3181807e-01   1.4988863e-01
   2.6295709e-01   6.1356814e-01
   4.8647066e-01   4.1774874e-01
   7.4329163e-01   1.0327840e-01
   5.2433397e-01   2.3557060e-01
   7.6819435e-01   6.1529060e-02
   5.0574727e-01   2.9957966e-01
   2.7247685e-01   5.6850227e-01
   2.5028490e-01   6.8361379e-01
   2.8016295e-01   5.3902934e-01
   5.2171652e-01   2.4102803e-01
   6.2609789e-02   8.8602326e-01
   2.3639987e-01   7.6529387e-01
   2.8491245e-01   5.2449764e-01
   5.3067366e-01   2.2743173e-01
   9.4808993e-01   4.9898868e-02
   4.7822995e-01   4.7822730e-01
   4.8305823e-01   4.4234042e-01
   7.2160516e-01   2.0352921e-01
   4.9995017e-01   3.3053162e-01
   3.0320742e-01   4.9873635e-01
   7.2559444e-01   1.8139552e-01
   5.3459935e-01   2.2600430e-01
   5.0169174e-01   3.2075389e-01
   9.9811721e-01   7.0290474e-03
   7.5520229e-01   7.2870414e-02
   2.3057111e-01   7.9876765e-01
   4.8477277e-01   4.2988993e-01
   7.4012656e-01   1.1452122e-01
   4.7687565e-01   4.8845973e-01
   7.3444781e-01   1.3781692e-01
   7.3637584e-02   8.7043869e-01
   8.1302684e-02   8.6408553e-01
   4.1761422e-28   1.0070231e+00
   5.1737457e-01   2.4571748e-01
   2.5027264e-01   6.7666326e-01
   5.0867630e-01   2.7874422e-01
   2.5187702e-01   6.6738158e-01
   2.4700669e-01   6.9576556e-01
   6.5775100e-02   8.7383320e-01
   5.8583106e-02   8.8626825e-01
   5.0494721e-01   2.9655148e-01
   3.0337978e-01   4.9171235e-01
   7.5435179e-01   6.7382414e-02
   2.8154026e-01   5.2748747e-01
   7.1966742e-01   2.0773500e-01
   7.3125539e-01   1.4554973e-01
   5.2238044e-01   2.3250683e-01
   7.6818679e-01   5.4507455e-02
   2.4865040e-01   6.8612225e-01
   2.6124991e-01   6.1543824e-01
   7.2161219e-01   1.9646722e-01
   2.7628797e-01   5.4599882e-01
   2.3655101e-01   7.5739009e-01
   5.0677894e-01   2.8754609e-01
   8.8691541e-02   8.5485818e-01
   5.2862053e-01   2.2225557e-01
   5.1495896e-01   2.5363854e-01
   4.9970933e-01   3.2489279e-01
   4.8135066e-01   4.4788557e-01
   2.7457840e-01   5.5274146e-01
   5.2509451e-01   2.2719191e-01
   2.4533965e-01   7.0558900e-01
   2.8341411e-01   5.2173605e-01
   4.9469269e-01   3.5529094e-01
   4.9802111e-01   3.3479005e-01
   8.0676003e-02   8.5743130e-01
   2.7799000e-01   5.3962709e-01
   5.3459998e-01   2.1898251e-01
   2.3276829e-01   7.7926937e-01
   7.2876835e-01   1.5781295e-01
   7.3095831e-02   8.6401406e-01
   2.9331990e-01   4.9944513e-01
   4.7819589e-02   9.0860053e-01
   2.5503983e-01   6.4935915e-01
   4.7696138e-01   4.8078853e-01
   2.4017062e-01   7.3613420e-01
   5.1065522e-01   2.7015396e-01
   2.6588527e-01   5.9181808e-01
   4.9635170e-01   3.4491447e-01
   5.2007330e-01   2.3805149e-01
   7.2396250e-01   1.8325986e-01
   7.4239185e-01   9.9321879e-02
   7.6006330e-01   5.8970601e-02
   5.0142173e-01   3.1522201e-01
   7.4959905e-01   7.7768806e-02
   9.6791332e-01   1.1750632e-02
   2.5590761e-02   9.5866594e-01
   2.6822087e-01   5.8059352e-01
   4.9304212e-01   3.6590884e-01
   2.2669568e-01   8.1320441e-01
   9.4870132e-01   4.1586510e-02
   7.2634351e-01   1.7037722e-01
   7.3934404e-01   1.1047526e-01
   4.9139307e-01   3.7679199e-01
   2.2454557e-01   8.2475042e-01
   2.2877873e-01   8.0176551e-01
   4.8974406e-01   3.8793112e-01
   2.4192406e-01   7.2577755e-01
   7.3650877e-01   1.2189090e-01
   5.3210265e-02   8.9697705e-01
   4.7961559e-01   4.6080138e-01
   5.0316444e-01   3.0577846e-01
   2.7973785e-01   5.3345167e-01
   2.5660380e-01   6.4061185e-01
   3.3155396e-02   9.4202980e-01
   2.5893118e-01   6.2783671e-01
   7.3382641e-01   1.3357699e-01
   9.9554846e-01   5.2431726e-05
   2.2231644e-01   8.3640844e-01
   2.2002254e-01   8.4803958e-01
   2.6356572e-01   6.0342871e-01
   2.3079986e-01   7.9045635e-01
   4.0556561e-02   9.2507135e-01
   5.1273682e-01   2.6178840e-01
   2.7218355e-01   5.6273830e-01
   2.8638855e-01   5.1358014e-01
   7.4575097e-01   8.8418465e-02
   4.8808956e-01   3.9934576e-01
   2.3838105e-01   7.4667127e-01
   2.8964210e-01   5.0607734e-01
   2.9951704e-01   4.9285475e-01
   4.8306030e-01   4.3530349e-01
   4.8642644e-01   4.1104065e-01
   2.9615784e-01   4.9570440e-01
   2.4364645e-01   7.1559294e-01
   2.5346436e-01   6.5828584e-01
   4.7829606e-01   4.7070755e-01
   1.5895604e-02   9.7766340e-01
   2.3468198e-01   7.6825513e-01
   2.7058525e-01   5.6975058e-01
   4.8475152e-01   4.2302136e-01
   9.5614661e-01   2.7535758e-02
   6.7524048e-28   1.0000013e+00
   7.3650877e-01   1.2189090e-01
   2.5027264e-01   6.7666326e-01
   5.1737527e-01   2.4571533e-01
   2.5187702e-01   6.6738158e-01
   2.4700669e-01   6.9576556e-01
   4.8808956e-01   3.9934576e-01
   5.0142173e-01   3.1522201e-01
   7.4575097e-01   8.8418465e-02
   7.6006330e-01   5.8970601e-02
   7.5435179e-01   6.7382414e-02
   2.7457531e-01   5.5275393e-01
   7.1966742e-01   2.0773500e-01
   7.3125539e-01   1.4554973e-01
   5.2238044e-01   2.3250683e-01
   7.6818679e-01   5.4507455e-02
   2.4865040e-01   6.8612225e-01
   5.2007330e-01   2.3805149e-01
   4.9802111e-01   3.3479005e-01
   2.7628797e-01   5.4599882e-01
   2.7058642e-01   5.6974533e-01
   7.2634351e-01   1.7037722e-01
   2.5346574e-01   6.5827795e-01
   2.5504015e-01   6.4935734e-01
   4.9139297e-01   3.7679268e-01
   4.9970933e-01   3.2489279e-01
   4.8135066e-01   4.4788557e-01
   2.7218355e-01   5.6273830e-01
   5.2509451e-01   2.2719191e-01
   2.4533965e-01   7.0558900e-01
   2.8341411e-01   5.2173605e-01
   2.5590761e-02   9.5866594e-01
   2.8154098e-01   5.2748519e-01
   5.2861900e-01   2.2225723e-01
   2.7799000e-01   5.3962709e-01
   5.3459998e-01   2.1898251e-01
   2.3276829e-01   7.7926937e-01
   7.2396250e-01   1.8325986e-01
   7.3095831e-02   8.6401406e-01
   2.8964210e-01   5.0607734e-01
   5.1495974e-01   2.5363584e-01
   5.0316431e-01   3.0577914e-01
   4.7696138e-01   4.8078853e-01
   7.4239185e-01   9.9321879e-02
   7.3934404e-01   1.1047526e-01
   2.6588527e-01   5.9181808e-01
   2.2877962e-01   8.0176058e-01
   9.9554699e-01   5.2475669e-05
   7.4959758e-01   7.7772488e-02
   4.8642644e-01   4.1104065e-01
   4.0556561e-02   9.2507135e-01
   2.2002254e-01   8.4803958e-01
   5.0494695e-01   2.9655281e-01
   2.3079986e-01   7.9045635e-01
   7.3382641e-01   1.3357699e-01
   9.6791020e-01   1.1753798e-02
   2.5660380e-01   6.4061185e-01
   2.2669568e-01   8.1320441e-01
   9.4870132e-01   4.1586510e-02
   4.8475126e-01   4.2302323e-01
   2.5893308e-01   6.2782644e-01
   9.5614362e-01   2.7540760e-02
   2.2454557e-01   8.2475042e-01
   2.6356590e-01   6.0342780e-01
   2.9615702e-01   4.9570531e-01
   8.8693946e-02   8.5485811e-01
   2.4364645e-01   7.1559294e-01
   5.3210265e-02   8.9697705e-01
   5.1273682e-01   2.6178840e-01
   7.2161193e-01   1.9646871e-01
   5.0677912e-01   2.8754523e-01
   2.7973672e-01   5.3345555e-01
   3.3155396e-02   9.4202980e-01
   2.4192418e-01   7.2577680e-01
   2.3468198e-01   7.6825513e-01
   2.3655468e-01   7.5736867e-01
   2.2232448e-01   8.3636703e-01
   4.8306030e-01   4.3530349e-01
   3.0337701e-01   4.9171235e-01
   5.8579190e-02   8.8627566e-01
   2.6822242e-01   5.8058624e-01
   4.9469214e-01   3.5529441e-01
   4.9635075e-01   3.4492030e-01
   4.7829685e-01   4.7070162e-01
   5.0867574e-01   2.7874675e-01
   2.8638871e-01   5.1357974e-01
   7.2876965e-01   1.5780637e-01
   2.9951679e-01   4.9285489e-01
   2.4017079e-01   7.3613316e-01
   1.5896078e-02   9.7766256e-01
   2.9332118e-01   4.9944317e-01
   6.5771413e-02   8.7383892e-01
   4.8974385e-01   3.8793256e-01
   2.3838123e-01   7.4667019e-01
   4.7961523e-01   4.6080406e-01
   2.6125026e-01   6.1543639e-01
   8.0677551e-02   8.5743035e-01
   4.9304044e-01   3.6591979e-01
   4.7820690e-02   9.0859808e-01
   5.1065383e-01   2.7015977e-01
   5.3275633e-28   1.0000013e+00
