   5.7250039e+00   6.7073101e+00
   8.5199574e+00   6.9346136e+00
   7.0573235e+00   5.4177248e+00
   6.1207579e+00   6.8697978e+00
   5.4856868e+00   6.7339283e+00
   8.2714457e+00   5.2283636e+00
   6.1672431e+00   5.7826620e+00
   7.0670205e+00   5.3903707e+00
   6.6538547e+00   6.4308695e+00
   6.9738582e+00   5.3244248e+00
   4.9249327e+00   5.0882633e+00
   7.7192725e+00   5.9023984e+00
   5.5846126e+00   7.2458628e+00
   7.1525576e+00   6.4864369e+00
   6.7987664e+00   7.7322740e+00
   8.0822600e+00   5.2722909e+00
   6.4798433e+00   6.9435507e+00
   6.7223988e+00   5.7578842e+00
   6.1926391e+00   6.9002780e+00
   6.8887696e+00   5.0867560e+00
   7.6117884e+00   8.1152178e+00
   6.9916211e+00   7.3936713e+00
   6.1126150e+00   6.7874054e+00
   7.0571226e+00   6.1691439e+00
   5.2694327e+00   7.8490288e+00
   6.8283454e+00   5.0539013e+00
   6.7777181e+00   6.6551473e+00
   5.6177579e+00   6.2244458e+00
   7.0946367e+00   6.8584530e+00
   7.6129507e+00   6.6593864e+00
   5.9374918e+00   5.5761382e+00
   6.1181527e+00   7.2467155e+00
   6.5846828e+00   6.2462080e+00
   5.1261018e+00   5.2314488e+00
   5.5236685e+00   5.9869481e+00
   7.8935103e+00   4.9153864e+00
   6.8092316e+00   6.2742061e+00
   7.3059938e+00   6.5325960e+00
   5.2518846e+00   5.1472942e+00
   5.9288539e+00   7.0167641e+00
   5.9868391e+00   5.3948842e+00
   7.9656498e+00   6.3059534e+00
   6.2825080e+00   6.0780392e+00
   5.4445310e+00   5.5158985e+00
   7.3870385e+00   5.5160165e+00
   7.0373221e+00   7.2090282e+00
   5.8400079e+00   6.3029728e+00
   5.9735790e+00   6.5093071e+00
   6.5834896e+00   6.1107504e+00
   6.0054585e+00   6.8611287e+00
   7.5164559e+00   5.2384664e+00
   6.6063614e+00   7.3936294e+00
   7.5380549e+00   6.3550509e+00
   6.4597338e+00   6.0535451e+00
   6.7856699e+00   7.5886519e+00
   6.1609730e+00   6.6929311e+00
   6.0544100e+00   6.6390165e+00
   5.0913698e+00   6.2179190e+00
   7.5101557e+00   5.8714618e+00
   5.6821313e+00   6.0265926e+00
   7.1879457e+00   4.9524232e+00
   9.3689697e+00   5.3170889e+00
   6.7021800e+00   5.2688959e+00
   8.1407450e+00   5.0899849e+00
   8.3441224e+00   5.0192277e+00
   6.2915675e+00   6.0240440e+00
   6.0876939e+00   5.5946728e+00
   7.3990126e+00   4.6461198e+00
   6.6018131e+00   7.2636608e+00
   6.1601374e+00   5.6127527e+00
   6.2853684e+00   4.5301501e+00
   6.5056260e+00   7.6819706e+00
   6.2362288e+00   6.0514027e+00
   7.6884684e+00   7.3865850e+00
   6.5616470e+00   6.3845654e+00
   5.6831538e+00   7.6016792e+00
   5.4726982e+00   6.0490675e+00
   5.8842064e+00   4.7654204e+00
   4.8918906e+00   6.2118345e+00
   7.3570184e+00   5.6200174e+00
   6.1437261e+00   5.9634627e+00
   6.0964341e+00   5.2448743e+00
   7.2996382e+00   5.8565560e+00
   6.4110831e+00   5.6854331e+00
   6.2345751e+00   5.6532470e+00
   4.7912165e+00   5.5004906e+00
   7.4698559e+00   6.1373621e+00
   7.3999215e+00   6.2268206e+00
   5.4084912e+00   6.5135800e+00
   6.1550554e+00   5.3851359e+00
   6.8026363e+00   6.3950217e+00
   6.3330259e+00   6.4601973e+00
   6.0496066e+00   4.5681411e+00
   8.4785158e+00   4.7190214e+00
   6.3675922e+00   6.5775636e+00
   6.9350572e+00   6.6144191e+00
   6.4336369e+00   6.8840557e+00
   7.2490471e+00   5.9255410e+00
   5.7350190e+00   6.0705354e+00
   7.0061421e+00   5.2491685e+00
   2.6327923e-01   6.3841164e-01
   5.1316679e-01   2.8865572e-01
   2.4330990e-01   7.5384914e-01
   2.8272253e-01   5.4875780e-01
   1.0024553e+00   1.0424028e-02
   2.9966015e-02   9.6908674e-01
   2.4510840e-01   7.4324245e-01
   2.4687716e-01   7.3279118e-01
   7.2395000e-01   2.1870744e-01
   2.7352740e-01   5.8668369e-01
   4.8822750e-01   4.3996153e-01
   4.9461666e-01   3.9498016e-01
   3.7616060e-02   9.5225743e-01
   2.7759844e-01   5.6874646e-01
   5.3897163e-01   2.2939905e-01
   7.4469071e-01   1.1721979e-01
   2.3155780e-01   8.2097960e-01
   7.2554839e-01   2.0941423e-01
   2.5366284e-01   6.9283161e-01
   7.0609987e-02   8.8354576e-01
   9.5819611e-01   4.2009260e-02
   7.5087851e-01   9.6607877e-02
   2.8828729e-01   5.3070879e-01
   7.5827892e-01   7.8653744e-02
   7.5423629e-01   8.7540419e-02
   7.3203139e-01   1.7393340e-01
   5.1121989e-01   2.9766072e-01
   2.3568219e-01   7.9801765e-01
   3.0772726e-01   5.0212887e-01
   7.2754347e-01   1.9809849e-01
   4.5090030e-02   9.3512880e-01
   2.9136819e-01   5.2249415e-01
   4.9334967e-01   4.0364527e-01
   2.5530221e-01   6.8330226e-01
   4.8649111e-01   4.5267095e-01
   2.2937659e-01   8.3275384e-01
   2.7594906e-01   5.7580742e-01
   5.2217739e-01   2.5484634e-01
   4.8294815e-01   4.7906058e-01
   3.0231884e-01   5.0439341e-01
   5.2933976e-01   2.3783653e-01
   7.6385228e-01   7.0049283e-02
   4.8472650e-01   4.6574021e-01
   5.3290994e-01   2.3276788e-01
   4.9165106e-01   4.1547227e-01
   7.2956848e-01   1.8696405e-01
   2.7114426e-01   5.9793987e-01
   7.3714198e-01   1.4884824e-01
   5.0267349e-01   3.4357313e-01
   7.3984500e-01   1.3674507e-01
   5.1848398e-01   2.6708962e-01
   2.5032104e-01   7.1244593e-01
   5.0616634e-01   3.2361397e-01
   2.2602020e-01   8.5027996e-01
   4.8112711e-01   4.9281086e-01
   5.1681200e-01   2.7338233e-01
   4.3772908e-03   1.0104178e+00
   7.7241008e-01   6.4929184e-02
   2.4860908e-01   7.2254917e-01
   2.3364553e-01   8.0946089e-01
   2.5692430e-01   6.7395481e-01
   2.0166414e-02   9.8826921e-01
   5.0095964e-01   3.5391775e-01
   2.6091442e-01   6.5139856e-01
   5.2425361e-01   2.4898461e-01
   8.3823544e-02   8.6864932e-01
   5.0750909e-01   3.1636846e-01
   9.7708165e-01   1.7909638e-02
   5.1520387e-01   2.7985605e-01
   5.2025988e-01   2.6091004e-01
   2.6642590e-01   6.2166830e-01
   2.5200191e-01   7.0255073e-01
   2.8097149e-01   5.5524715e-01
   2.6485782e-01   6.2993170e-01
   6.5131239e-02   8.9267673e-01
   9.6585040e-01   2.9840456e-02
   2.3765631e-01   7.8675855e-01
   4.9756834e-01   3.7535737e-01
   4.9588352e-01   3.8645460e-01
   2.3958247e-01   7.7563979e-01
   5.2430876e-02   9.1849855e-01
   5.2659162e-01   2.4329113e-01
   2.8542606e-01   5.3948881e-01
   2.9863723e-01   5.0848833e-01
   7.6163224e-02   8.7595128e-01
   5.0933538e-01   3.0691289e-01
   5.0440464e-01   3.3348461e-01
   2.7926503e-01   5.6191292e-01
   2.9475493e-01   5.1500849e-01
   7.3454667e-01   1.6124171e-01
   5.9694641e-02   9.0307199e-01
   7.4791313e-01   1.0586522e-01
   2.6877844e-01   6.0961281e-01
   4.8994828e-01   4.2755347e-01
   7.4220165e-01   1.2688825e-01
   2.5852712e-01   6.6480500e-01
   9.3481749e-02   8.6526855e-01
   2.4146634e-01   7.6466233e-01
   9.5198711e-01   5.4323532e-02
   4.9926029e-01   3.6450557e-01
   3.0603966e-01   4.9420026e-01
   2.2972499e-01   8.1464069e-01
   5.1268552e-01   2.7606485e-01
   2.9819829e-01   4.9911666e-01
   5.3417960e-01   2.2245725e-01
   3.0140759e-01   4.9596855e-01
   4.8109712e-01   4.7346042e-01
   2.7449134e-01   5.6751374e-01
   2.4320364e-01   7.3745964e-01
   7.3620805e-01   1.3812885e-01
   4.9178057e-01   3.9590973e-01
   5.1856316e-02   9.0843840e-01
   2.3771978e-01   7.6957462e-01
   5.0350579e-01   3.2191312e-01
   2.4496051e-01   7.2708415e-01
   7.2671063e-01   1.8623712e-01
   4.9676420e-01   3.6267546e-01
   5.2751411e-01   2.3040834e-01
   2.6431239e-01   6.1673427e-01
   9.9988663e-01   2.5047421e-03
   7.7091907e-01   5.6996277e-02
   5.0524623e-01   3.1230419e-01
   2.7611242e-01   5.6058826e-01
   4.7975425e-01   4.8360668e-01
   9.6043384e-01   2.7655731e-02
   7.4171784e-01   1.1475840e-01
   7.2434572e-01   1.9954427e-01
   2.3958556e-01   7.5871856e-01
   2.5168860e-01   6.8743139e-01
   2.5965263e-01   6.4191891e-01
   2.9418525e-01   5.0523746e-01
   9.1028399e-02   8.5736782e-01
   2.6198272e-01   6.2915739e-01
   7.4474963e-01   1.0348121e-01
   9.5167878e-01   4.3780801e-02
   5.2485513e-01   2.3580419e-01
   2.7289510e-01   5.7460492e-01
   5.2257338e-01   2.4142345e-01
   2.6663171e-01   6.0474572e-01
   5.0010687e-01   3.4179072e-01
   5.1474620e-01   2.6751507e-01
   7.5389883e-02   8.6711618e-01
   2.4837380e-01   7.0691003e-01
   3.7201731e-02   9.4176689e-01
   2.9073855e-01   5.1238768e-01
   2.2758967e-01   8.2613309e-01
   7.2870309e-01   1.7540081e-01
   5.0702178e-01   3.0292524e-01
   4.9011653e-01   4.0750096e-01
   5.0179262e-01   3.3175000e-01
   4.9510084e-01   3.7349657e-01
   7.5649970e-01   7.1181901e-02
   2.6896610e-01   5.9310630e-01
   2.3580689e-01   7.8060112e-01
   2.8291707e-01   5.3477085e-01
   2.7943132e-01   5.4730978e-01
   4.9842749e-01   3.5212490e-01
   9.7331619e-01   1.1813353e-02
   4.8242960e-01   4.6346067e-01
   2.2424032e-01   8.4356726e-01
   2.8364066e-03   1.0024869e+00
   5.1073048e-01   2.8479691e-01
   5.1636645e-01   2.6127194e-01
   2.8474893e-01   5.2879359e-01
   2.9643248e-02   9.5855970e-01
   4.8546034e-01   4.4098987e-01
   4.8843632e-01   4.1941741e-01
   7.3113727e-01   1.6267535e-01
   7.2238569e-01   2.1092046e-01
   5.1866483e-01   2.5316095e-01
   2.5571437e-01   6.6412133e-01
   5.2053256e-01   2.4722352e-01
   2.8115381e-01   5.4093314e-01
   2.7775803e-01   5.5384960e-01
   5.3090556e-01   2.2536987e-01
   8.3013898e-02   8.6022905e-01
   2.7131345e-01   5.8187831e-01
   4.8716698e-01   4.2855093e-01
   1.9956405e-02   9.7793944e-01
   2.5004130e-01   6.9708572e-01
   2.5329574e-01   6.7806472e-01
   2.5729862e-01   6.5510780e-01
   4.8374026e-01   4.5368793e-01
   7.3889117e-01   1.2630084e-01
   5.3747847e-01   2.2146766e-01
   7.4808487e-01   9.2443820e-02
   7.5187022e-01   8.1693874e-02
   7.6186044e-01   6.2662668e-02
   5.0884542e-01   2.9375705e-01
   6.4437831e-02   8.8323781e-01
   2.4667930e-01   7.1691711e-01
   2.4141407e-01   7.4800141e-01
   4.9344115e-01   3.8457194e-01
   4.4592926e-02   9.2480156e-01
   7.3363090e-01   1.5026126e-01
   2.8762347e-01   5.2030620e-01
   2.3383959e-01   7.9179388e-01
   2.3180215e-01   8.0321290e-01
   6.9878749e-02   8.7439728e-01
   5.9023631e-02   8.9340085e-01
   7.3008088e-01   1.5374548e-01
   4.2477065e-02   9.2315086e-01
   7.8939376e-02   8.6107957e-01
   2.8594293e-01   5.1720994e-01
   4.9005693e-01   3.8828450e-01
   2.7503661e-01   5.5338690e-01
   5.1067311e-01   2.7256472e-01
   2.7013867e-01   5.7424215e-01
   2.6700440e-01   5.8886425e-01
   9.5764835e-01   2.7568647e-02
   2.4132673e-01   7.3179359e-01
   2.5846377e-01   6.3286290e-01
   5.0868563e-01   2.8118794e-01
   2.3955739e-01   7.4223530e-01
   7.3482443e-01   1.3161656e-01
   2.6078675e-01   6.2037196e-01
   5.2016459e-01   2.4030018e-01
   7.6075356e-01   6.0738553e-02
   2.9277169e-01   5.0279255e-01
   7.4480862e-09   1.0024869e+00
   2.8390093e-01   5.2280408e-01
   7.4719371e-01   8.6678511e-02
   2.7560460e-02   9.5693504e-01
   2.8915414e-01   5.0959161e-01
   7.2559500e-01   1.7685640e-01
   5.3458138e-01   2.2146838e-01
   2.4477080e-01   7.1143350e-01
   2.5135232e-01   6.7289371e-01
   4.7725018e-01   4.8108824e-01
   2.3206456e-01   7.8577234e-01
   7.2360828e-01   1.8770579e-01
   2.3774457e-01   7.5289247e-01
   5.0052767e-01   3.2270950e-01
   8.8920097e-02   8.5733883e-01
   2.3006892e-01   7.9705410e-01
   5.0676948e-01   2.9007695e-01
   7.6814002e-01   5.6994319e-02
   5.0447823e-01   3.0142087e-01
   5.2335104e-01   2.3294103e-01
   2.5612543e-01   6.4576000e-01
   2.4646434e-01   7.0144328e-01
   4.8036657e-01   4.5768016e-01
   4.8207765e-01   4.4500200e-01
   2.3496990e-01   7.6907335e-01
   3.5087124e-02   9.4012014e-01
   2.7176752e-01   5.6702360e-01
   4.9421437e-01   3.6082411e-01
   2.6467662e-01   6.0029872e-01
   2.5375554e-01   6.5911357e-01
   3.0317384e-01   4.9420110e-01
   9.7053528e-01   1.1759580e-02
   5.2630569e-01   2.2773030e-01
   5.1500641e-01   2.5595921e-01
   2.2372506e-01   8.3156585e-01
   2.4812992e-01   6.9165577e-01
   5.1276119e-01   2.6418023e-01
   2.9554343e-01   4.9889687e-01
   2.6235322e-01   6.1215301e-01
   2.7671792e-01   5.4684230e-01
   6.5950090e-02   8.7604826e-01
   7.1967883e-01   2.1015366e-01
   4.9755443e-01   3.4007293e-01
   4.9743566e-02   9.0685692e-01
   2.7338930e-01   5.6011232e-01
   7.5057880e-01   7.7861829e-02
   4.8548118e-01   4.2026413e-01
   2.9877766e-01   4.9581974e-01
   4.8379662e-01   4.3242035e-01
   7.1391029e-02   8.6849986e-01
   7.5469923e-01   6.9229516e-02
   6.0523781e-02   8.8516110e-01
   2.2590740e-01   8.1995559e-01
   7.4047547e-01   1.0868308e-01
   7.4365799e-01   9.7524387e-02
   4.9588105e-01   3.5031277e-01
   2.8204387e-01   5.2838183e-01
   7.2162986e-01   1.9885180e-01
   4.8841003e-01   3.9960273e-01
   7.2801257e-01   1.6415210e-01
   4.8673826e-01   4.1131762e-01
   9.9724281e-01   2.5019719e-03
   2.8021089e-01   5.3433194e-01
   1.7904074e-02   9.7649278e-01
   2.4306745e-01   7.2150226e-01
   5.5125607e-02   8.9552831e-01
   2.2799486e-01   8.0858307e-01
   7.3218197e-01   1.4363586e-01
   5.1742972e-01   2.4803382e-01
   2.4975408e-01   6.8216518e-01
   7.3755067e-01   1.2006749e-01
   2.7844102e-01   5.4048303e-01
   4.7903038e-01   4.6767221e-01
   4.9881934e-01   3.3255219e-01
   2.2146297e-01   8.4326667e-01
   5.0226157e-01   3.1310536e-01
   9.4889163e-01   4.3674522e-02
   5.2992139e-01   2.2348390e-01
   2.6858468e-01   5.8137564e-01
   4.9297105e-01   3.6885809e-01
   4.9131259e-01   3.7981547e-01
   4.9635015e-01   3.4492265e-01
   7.6828196e-01   5.4504345e-02
   4.8306099e-01   4.3529779e-01
   5.1495917e-01   2.5363659e-01
   9.5614361e-01   2.7539977e-02
   2.2979802e-01   7.9608530e-01
   2.2455116e-01   8.2471942e-01
   7.3515235e-01   1.2769456e-01
   5.1273668e-01   2.6178809e-01
   4.9620062e-02   9.0463905e-01
   4.8808919e-01   3.9934702e-01
   2.7299054e-01   5.5929845e-01
   4.8475164e-01   4.2301944e-01
   7.5632003e-01   6.3982355e-02
   4.9304061e-01   3.6591737e-01
   2.7462389e-01   5.5255647e-01
   5.0677889e-01   2.8754513e-01
   5.8581137e-02   8.8627063e-01
   2.2774606e-01   8.0746430e-01
   2.6279357e-01   6.0738744e-01
   5.0142219e-01   3.1521858e-01
   2.9951651e-01   4.9285372e-01
   2.5582214e-01   6.4496716e-01
   5.5000672e-02   8.9329432e-01
   6.3965408e-02   8.7672427e-01
   2.9615714e-01   4.9570384e-01
   9.4870029e-01   4.1587865e-02
   2.6979423e-01   5.7331598e-01
   4.4202412e-02   9.1672851e-01
   9.6791102e-01   1.1751844e-02
   2.8638884e-01   5.1357807e-01
   5.2412911e-01   2.2893064e-01
   7.2356835e-01   1.8544046e-01
   2.3178987e-01   7.8484822e-01
   4.8642646e-01   4.1103924e-01
   2.8964322e-01   5.0607368e-01
   5.0867577e-01   2.7874573e-01
   2.5346329e-01   6.5829062e-01
   7.6174279e-01   5.7334860e-02
   7.4759492e-01   8.3066097e-02
   3.6875533e-02   9.3353595e-01
   2.4449625e-01   7.1056856e-01
   2.4278966e-01   7.2065843e-01
   2.9332648e-01   4.9943373e-01
   2.4617547e-01   7.0065804e-01
   7.4083620e-01   1.0486647e-01
   2.4946283e-01   6.8137550e-01
   4.9802094e-01   3.3478991e-01
   7.3790448e-01   1.1614782e-01
   2.6744146e-01   5.8428326e-01
   2.3373242e-01   7.7373486e-01
   2.7973745e-01   5.3345210e-01
   7.8749387e-02   8.5873257e-01
   7.2554577e-01   1.7463436e-01
   2.4783081e-01   6.9092288e-01
   5.2157674e-01   2.3433115e-01
   2.3747294e-01   7.5199750e-01
   2.8341343e-01   5.2173671e-01
   8.8698908e-02   8.5485662e-01
   2.6511118e-01   5.9564225e-01
   4.8134928e-01   4.4789526e-01
   2.5815792e-01   6.3204541e-01
   7.2754985e-01   1.6405360e-01
   2.3928074e-01   7.4137799e-01
   2.7138320e-01   5.6621579e-01
   2.2118434e-01   8.4219581e-01
   2.8153713e-01   5.2749612e-01
   7.3252831e-01   1.3952884e-01
   2.1362345e-11   1.0000000e+00
   4.9139297e-01   3.7679165e-01
   7.4402491e-01   9.3835516e-02
   2.7798894e-01   5.3962962e-01
   2.6047892e-01   6.1952017e-01
   9.9552675e-01   5.1743228e-05
   4.7961318e-01   4.6081804e-01
   5.3018105e-01   2.2078272e-01
   4.7829449e-01   4.7071806e-01
   5.1737504e-01   2.4571482e-01
   5.3460311e-01   2.1898112e-01
   2.4104976e-01   7.3094296e-01
   1.7855137e-02   9.7409684e-01
   7.5181432e-01   7.2543577e-02
   4.9469208e-01   3.5529408e-01
   2.9394499e-02   9.5044072e-01
   4.7696011e-01   4.8079687e-01
   2.7628800e-01   5.4599760e-01
   2.3562291e-01   7.6279580e-01
   5.0494678e-01   2.9655244e-01
   5.1065233e-01   2.7016471e-01
   5.0316353e-01   3.0578193e-01
   7.3000299e-01   1.5164276e-01
   5.2730081e-01   2.2384043e-01
   4.9970943e-01   3.2489123e-01
   3.0338169e-01   4.9171101e-01
   7.1966790e-01   2.0773109e-01
   4.8974344e-01   3.8793407e-01
   7.2161098e-01   1.9647280e-01
   5.1936557e-01   2.3993885e-01
   2.5107735e-01   6.7199704e-01
   7.1246163e-02   8.6619123e-01
   4.7829623e-01   4.7070495e-01
   5.0142082e-01   3.1522572e-01
   4.8475148e-01   4.2302030e-01
   2.8154046e-01   5.2748548e-01
   7.2356989e-01   1.8543195e-01
   4.9635015e-01   3.4492265e-01
   7.2754985e-01   1.6405270e-01
   2.5582214e-01   6.4496716e-01
   2.6279357e-01   6.0738744e-01
   5.3460311e-01   2.1898112e-01
   2.9394499e-02   9.5044072e-01
   2.2455116e-01   8.2471942e-01
   4.4202412e-02   9.1672851e-01
   3.6875533e-02   9.3353595e-01
   7.4402391e-01   9.3838391e-02
   1.7855137e-02   9.7409684e-01
   4.9469208e-01   3.5529347e-01
   8.8682095e-02   8.5485712e-01
   2.4946283e-01   6.8137550e-01
   5.0677889e-01   2.8754497e-01
   5.1065288e-01   2.7016241e-01
   2.5346329e-01   6.5829062e-01
   2.3928074e-01   7.4137799e-01
   2.8964122e-01   5.0607781e-01
   2.4617589e-01   7.0065555e-01
   4.8974344e-01   3.8793407e-01
   2.9615714e-01   4.9570384e-01
   5.1737504e-01   2.4571469e-01
   5.2157608e-01   2.3433205e-01
   5.1495917e-01   2.5363645e-01
   7.4759492e-01   8.3065928e-02
   1.7108537e-14   1.0000000e+00
   7.2161098e-01   1.9647280e-01
   3.0337730e-01   4.9171101e-01
   4.8134928e-01   4.4789440e-01
   2.4278906e-01   7.2066159e-01
   2.6047892e-01   6.1952017e-01
   4.9970943e-01   3.2489088e-01
   2.6979423e-01   5.7331598e-01
   2.6744146e-01   5.8428326e-01
   9.5614361e-01   2.7539438e-02
   4.7961678e-01   4.6079112e-01
   4.9802094e-01   3.3478973e-01
   4.9621159e-02   9.0463666e-01
   2.7628800e-01   5.4599734e-01
   7.1966790e-01   2.0773081e-01
   2.4449640e-01   7.1056769e-01
   2.4783088e-01   6.9092244e-01
   7.6828196e-01   5.4504345e-02
   2.8638884e-01   5.1357807e-01
   4.8642644e-01   4.1103929e-01
   4.8808919e-01   3.9934702e-01
   7.3515114e-01   1.2769905e-01
   2.4104976e-01   7.3094296e-01
   2.5107735e-01   6.7199642e-01
   4.9304061e-01   3.6591737e-01
   2.2118399e-01   8.4219758e-01
   2.9332155e-01   4.9944127e-01
   4.7696055e-01   4.8079350e-01
   2.3747294e-01   7.5199737e-01
   7.6174240e-01   5.7334671e-02
   7.5181432e-01   7.2543577e-02
   7.3790370e-01   1.1615035e-01
   7.2554577e-01   1.7463386e-01
   4.9139297e-01   3.7679128e-01
   5.5000672e-02   8.9329432e-01
   2.3562418e-01   7.6278844e-01
   2.9951651e-01   4.9285372e-01
   2.2774606e-01   8.0746430e-01
   7.3252831e-01   1.3952864e-01
   2.7299054e-01   5.5929845e-01
   5.0494678e-01   2.9655230e-01
   2.7973745e-01   5.3345171e-01
   2.8341304e-01   5.2173785e-01
   7.3000299e-01   1.5164244e-01
   9.6790727e-01   1.1755425e-02
   5.0867521e-01   2.7874779e-01
   5.0316353e-01   3.0578193e-01
   9.4870029e-01   4.1587328e-02
   2.5815792e-01   6.3204541e-01
   5.3018105e-01   2.2078240e-01
   6.3965408e-02   8.7672427e-01
   5.2412940e-01   2.2893009e-01
   2.7462389e-01   5.5255637e-01
   5.8580818e-02   8.8627123e-01
   7.5632003e-01   6.3981555e-02
   4.8305989e-01   4.3530521e-01
   5.1936505e-01   2.3993966e-01
   2.2979802e-01   7.9608492e-01
   2.7798934e-01   5.3962819e-01
   7.1244706e-02   8.6619303e-01
   7.4083620e-01   1.0486605e-01
   2.7138232e-01   5.6621914e-01
   2.3179125e-01   7.8484039e-01
   9.9552675e-01   5.1743226e-05
   2.3373238e-01   7.7373467e-01
   5.2730081e-01   2.2384043e-01
   2.6511118e-01   5.9564225e-01
   7.8747528e-02   8.5873396e-01
   5.1273635e-01   2.6178888e-01
   7.2754985e-01   1.6405270e-01
   7.2356989e-01   1.8543195e-01
   2.9951651e-01   4.9285372e-01
   5.0316353e-01   3.0578193e-01
   4.7829623e-01   4.7070495e-01
   5.1495917e-01   2.5363645e-01
   5.2412940e-01   2.2893009e-01
   2.5107688e-01   6.7199909e-01
   2.3179125e-01   7.8484039e-01
   2.3928074e-01   7.4137799e-01
   2.7798934e-01   5.3962819e-01
   2.5815792e-01   6.3204541e-01
   7.5181432e-01   7.2543577e-02
   2.7462389e-01   5.5255637e-01
   7.3000299e-01   1.5164244e-01
   2.7299054e-01   5.5929845e-01
   4.8475148e-01   4.2302030e-01
   2.5582214e-01   6.4496716e-01
   2.6511118e-01   5.9564225e-01
   2.7628800e-01   5.4599734e-01
   3.6875533e-02   9.3353595e-01
   2.3747294e-01   7.5199737e-01
   4.8642644e-01   4.1103929e-01
   2.8341304e-01   5.2173785e-01
   5.0867521e-01   2.7874779e-01
   7.4759492e-01   8.3065928e-02
   2.4449640e-01   7.1056769e-01
   5.0494678e-01   2.9655230e-01
   4.7696055e-01   4.8079350e-01
   5.2730081e-01   2.2384043e-01
   2.5346360e-01   6.5828884e-01
   5.1273635e-01   2.6178888e-01
   2.4278906e-01   7.2066159e-01
   4.8305989e-01   4.3530521e-01
   2.4946349e-01   6.8137162e-01
   2.6744146e-01   5.8428326e-01
   7.3252831e-01   1.3952864e-01
   5.1737504e-01   2.4571469e-01
   4.8808919e-01   3.9934702e-01
   2.8154046e-01   5.2748548e-01
   5.8580818e-02   8.8627123e-01
   4.9970943e-01   3.2489088e-01
   2.7138232e-01   5.6621914e-01
   5.1065288e-01   2.7016241e-01
   7.4402391e-01   9.3838391e-02
   2.6047899e-01   6.1951979e-01
   1.7855137e-02   9.7409684e-01
   2.6979423e-01   5.7331598e-01
   4.9802094e-01   3.3478973e-01
   7.6828735e-01   5.4504279e-02
   4.8974344e-01   3.8793407e-01
   3.0337730e-01   4.9171101e-01
   2.9394499e-02   9.5044072e-01
   2.4783088e-01   6.9092244e-01
   2.8638884e-01   5.1357807e-01
   5.0142082e-01   3.1522572e-01
   5.0677889e-01   2.8754497e-01
   7.2554577e-01   1.7463386e-01
   5.5000672e-02   8.9329432e-01
   9.9554593e-01   5.1166419e-05
   2.3562418e-01   7.6278844e-01
   2.9615584e-01   4.9570527e-01
   4.4202412e-02   9.1672851e-01
   4.9304061e-01   3.6591737e-01
   7.6174137e-01   5.7335563e-02
   7.3790370e-01   1.1615035e-01
   7.5632003e-01   6.3981555e-02
   4.9635015e-01   3.4492265e-01
   4.9621159e-02   9.0463666e-01
   7.2161241e-01   1.9646462e-01
   7.3515114e-01   1.2769905e-01
   9.5614341e-01   2.7539768e-02
   2.4617604e-01   7.0065467e-01
   2.2118399e-01   8.4219758e-01
   2.2774606e-01   8.0746430e-01
   5.2157649e-01   2.3433110e-01
   4.9469208e-01   3.5529347e-01
   2.2455030e-01   8.2472401e-01
   4.9139270e-01   3.7679314e-01
   2.8964181e-01   5.0607660e-01
   4.7961465e-01   4.6080706e-01
   9.4870029e-01   4.1587328e-02
   9.6790694e-01   1.1755763e-02
   2.6279391e-01   6.0738569e-01
   5.3460091e-01   2.1898115e-01
   4.8134928e-01   4.4789440e-01
   2.3373238e-01   7.7373467e-01
   6.3965408e-02   8.7672427e-01
   2.7973722e-01   5.3345250e-01
   7.1245081e-02   8.6619256e-01
   7.8748340e-02   8.5873335e-01
   8.8691544e-02   8.5485684e-01
   5.1936499e-01   2.3993982e-01
   7.1966741e-01   2.0773369e-01
   5.3017792e-01   2.2078492e-01
   2.9332191e-01   4.9944071e-01
   2.2979780e-01   7.9608617e-01
   2.4105142e-01   7.3093310e-01
   5.5511151e-17   1.0000000e+00
   7.4083591e-01   1.0486711e-01
   2.2979790e-01   7.9608561e-01
   4.9802094e-01   3.3478973e-01
   2.9951651e-01   4.9285372e-01
   4.8305989e-01   4.3530521e-01
   4.7829623e-01   4.7070495e-01
   5.1495917e-01   2.5363645e-01
   5.2412940e-01   2.2893009e-01
   2.5107688e-01   6.7199909e-01
   2.3179125e-01   7.8484039e-01
   2.3928074e-01   7.4137799e-01
   2.7798934e-01   5.3962819e-01
   2.5346360e-01   6.5828884e-01
   7.5181432e-01   7.2543577e-02
   2.7462389e-01   5.5255637e-01
   2.4278916e-01   7.2066099e-01
   2.7299054e-01   5.5929845e-01
   4.8134928e-01   4.4789440e-01
   2.3373238e-01   7.7373467e-01
   2.6511118e-01   5.9564225e-01
   4.8642644e-01   4.1103929e-01
   3.6875533e-02   9.3353595e-01
   9.6790694e-01   1.1755763e-02
   5.0494678e-01   2.9655230e-01
   5.1737501e-01   2.4571478e-01
   5.0867521e-01   2.7874779e-01
   7.4759492e-01   8.3065928e-02
   2.4449640e-01   7.1056769e-01
   7.3515114e-01   1.2769905e-01
   4.7696055e-01   4.8079350e-01
   5.2730081e-01   2.2384043e-01
   3.0337730e-01   4.9171101e-01
   5.1273635e-01   2.6178888e-01
   2.6744146e-01   5.8428326e-01
   4.9469208e-01   3.5529347e-01
   2.7973722e-01   5.3345250e-01
   2.2118399e-01   8.4219758e-01
   7.3252831e-01   1.3952864e-01
   5.5000672e-02   8.9329432e-01
   2.6047899e-01   6.1951979e-01
   2.8154046e-01   5.2748548e-01
   5.8580818e-02   8.8627123e-01
   4.9970943e-01   3.2489088e-01
   2.9615584e-01   4.9570527e-01
   5.1065288e-01   2.7016241e-01
   7.4402391e-01   9.3838391e-02
   9.5614310e-01   2.7540301e-02
   1.7855137e-02   9.7409684e-01
   7.6174137e-01   5.7335563e-02
   7.4083591e-01   1.0486713e-01
   5.0677889e-01   2.8754497e-01
   2.8964181e-01   5.0607660e-01
   2.5815801e-01   6.3204491e-01
   2.8638884e-01   5.1357807e-01
   2.4783088e-01   6.9092244e-01
   4.7961465e-01   4.6080706e-01
   5.0142082e-01   3.1522572e-01
   2.6979448e-01   5.7331485e-01
   7.2554577e-01   1.7463386e-01
   7.5632003e-01   6.3981555e-02
   7.3790370e-01   1.1615035e-01
   8.8691544e-02   8.5485684e-01
   2.7628794e-01   5.4599759e-01
   4.4202412e-02   9.1672851e-01
   4.8974350e-01   3.8793361e-01
   2.7138248e-01   5.6621845e-01
   4.9635015e-01   3.4492265e-01
   2.6279401e-01   6.0738516e-01
   2.2454706e-01   8.2474120e-01
   5.1936499e-01   2.3993982e-01
   7.2161241e-01   1.9646462e-01
   7.2754946e-01   1.6405470e-01
   2.4946351e-01   6.8137149e-01
   2.4617604e-01   7.0065467e-01
   2.3562439e-01   7.6278718e-01
   2.2774606e-01   8.0746430e-01
   6.3965408e-02   8.7672427e-01
   7.8748381e-02   8.5873332e-01
   4.8475120e-01   4.2302231e-01
   4.9139270e-01   3.7679314e-01
   5.3460119e-01   2.1898115e-01
   4.9621376e-02   9.0463619e-01
   9.4870029e-01   4.1587328e-02
   4.9304128e-01   3.6591298e-01
   7.3000281e-01   1.5164330e-01
   2.5582251e-01   6.4496511e-01
   4.8808937e-01   3.9934575e-01
   7.2356933e-01   1.8543503e-01
   7.1245201e-02   8.6619242e-01
   2.4105142e-01   7.3093310e-01
   2.8341308e-01   5.2173773e-01
   2.9332208e-01   4.9944045e-01
   2.9395007e-02   9.5043960e-01
   7.6828719e-01   5.4504281e-02
   7.1966732e-01   2.0773426e-01
   2.3747290e-01   7.5199762e-01
   5.3017948e-01   2.2078366e-01
   5.2157638e-01   2.3433135e-01
   9.9554577e-01   5.1171282e-05
   5.0316368e-01   3.0578113e-01
   5.5511151e-17   1.0000000e+00
   2.2979790e-01   7.9608561e-01
   4.9802094e-01   3.3478973e-01
   2.9951651e-01   4.9285372e-01
   4.8305989e-01   4.3530521e-01
   7.5181432e-01   7.2543577e-02
   5.1495917e-01   2.5363645e-01
   5.2412940e-01   2.2893009e-01
   2.5107688e-01   6.7199909e-01
   4.7961465e-01   4.6080706e-01
   2.3928074e-01   7.4137799e-01
   2.7798934e-01   5.3962819e-01
   2.5346360e-01   6.5828884e-01
   2.9615584e-01   4.9570527e-01
   2.7462389e-01   5.5255637e-01
   2.4278916e-01   7.2066099e-01
   2.7299054e-01   5.5929845e-01
   4.8134928e-01   4.4789440e-01
   2.3373238e-01   7.7373467e-01
   2.6511118e-01   5.9564225e-01
   4.8642644e-01   4.1103929e-01
   3.6875533e-02   9.3353595e-01
   7.3000281e-01   1.5164330e-01
   5.0494678e-01   2.9655230e-01
   2.5582251e-01   6.4496511e-01
   5.0867521e-01   2.7874779e-01
   7.4759492e-01   8.3065928e-02
   2.4449640e-01   7.1056769e-01
   7.3515114e-01   1.2769905e-01
   4.9970943e-01   3.2489088e-01
   5.2730081e-01   2.2384043e-01
   3.0337730e-01   4.9171101e-01
   5.1273635e-01   2.6178888e-01
   2.6744146e-01   5.8428326e-01
   4.9469208e-01   3.5529347e-01
   2.7973722e-01   5.3345250e-01
   2.2118399e-01   8.4219758e-01
   7.3252831e-01   1.3952864e-01
   5.5000672e-02   8.9329432e-01
   2.6047899e-01   6.1951979e-01
   2.8154046e-01   5.2748548e-01
   5.8580818e-02   8.8627123e-01
   5.1065288e-01   2.7016241e-01
   7.5632003e-01   6.3981555e-02
   2.7138248e-01   5.6621845e-01
   7.4402391e-01   9.3838391e-02
   9.5614310e-01   2.7540301e-02
   1.7855137e-02   9.7409684e-01
   7.1245201e-02   8.6619242e-01
   7.4083591e-01   1.0486713e-01
   5.0677889e-01   2.8754497e-01
   2.8964181e-01   5.0607660e-01
   2.5815801e-01   6.3204491e-01
   2.8638884e-01   5.1357807e-01
   2.4783088e-01   6.9092244e-01
   9.4870029e-01   4.1587328e-02
   5.0142082e-01   3.1522572e-01
   2.6979448e-01   5.7331485e-01
   7.2554577e-01   1.7463386e-01
   6.3965408e-02   8.7672427e-01
   7.3790370e-01   1.1615035e-01
   8.8691544e-02   8.5485684e-01
   2.7628794e-01   5.4599759e-01
   4.4202412e-02   9.1672851e-01
   4.8974350e-01   3.8793361e-01
   4.8475120e-01   4.2302231e-01
   4.9635015e-01   3.4492265e-01
   2.6279401e-01   6.0738516e-01
   7.2161241e-01   1.9646462e-01
   5.1936499e-01   2.3993982e-01
   2.2454712e-01   8.2474088e-01
   7.2754946e-01   1.6405470e-01
   2.4946351e-01   6.8137149e-01
   7.8748381e-02   8.5873332e-01
   7.2356933e-01   1.8543503e-01
   2.2774606e-01   8.0746430e-01
   2.9332208e-01   4.9944045e-01
   5.2157638e-01   2.3433135e-01
   2.3747290e-01   7.5199762e-01
   4.7696059e-01   4.8079324e-01
   5.3460119e-01   2.1898115e-01
   4.9304128e-01   3.6591298e-01
   2.8341308e-01   5.2173773e-01
   4.8808937e-01   3.9934575e-01
   5.0316368e-01   3.0578113e-01
   2.4105142e-01   7.3093310e-01
   9.6790690e-01   1.1755802e-02
   5.1737493e-01   2.4571504e-01
   5.3017948e-01   2.2078366e-01
   7.1966730e-01   2.0773437e-01
   2.4617599e-01   7.0065499e-01
   7.6174161e-01   5.7335356e-02
   2.9395007e-02   9.5043960e-01
   2.3179165e-01   7.8483812e-01
   9.9554577e-01   5.1171282e-05
   2.3562469e-01   7.6278546e-01
   4.9621395e-02   9.0463615e-01
   4.7829630e-01   4.7070440e-01
   7.6828570e-01   5.4504299e-02
   4.9139280e-01   3.7679245e-01
   5.5511151e-17   1.0000000e+00
   2.2979790e-01   7.9608561e-01
   4.9802094e-01   3.3478973e-01
   2.9951651e-01   4.9285372e-01
   4.8305989e-01   4.3530521e-01
   7.5181432e-01   7.2543577e-02
   5.1495917e-01   2.5363645e-01
   5.2412940e-01   2.2893009e-01
   2.5107688e-01   6.7199909e-01
   4.7961465e-01   4.6080706e-01
   2.3928074e-01   7.4137799e-01
   2.7798934e-01   5.3962819e-01
   2.5346360e-01   6.5828884e-01
   2.9615584e-01   4.9570527e-01
   2.7462389e-01   5.5255637e-01
   2.4278916e-01   7.2066099e-01
   2.7299054e-01   5.5929845e-01
   4.8134928e-01   4.4789440e-01
   2.3373238e-01   7.7373467e-01
   2.6511118e-01   5.9564225e-01
   4.8642644e-01   4.1103929e-01
   3.6875533e-02   9.3353595e-01
   7.3000281e-01   1.5164330e-01
   5.0494678e-01   2.9655230e-01
   5.0142082e-01   3.1522572e-01
   5.0867521e-01   2.7874779e-01
   7.4759492e-01   8.3065928e-02
   2.4449640e-01   7.1056769e-01
   2.6744146e-01   5.8428326e-01
   4.9970943e-01   3.2489088e-01
   5.2730081e-01   2.2384043e-01
   3.0337730e-01   4.9171101e-01
   5.1273635e-01   2.6178888e-01
   2.5582294e-01   6.4496271e-01
   4.9469208e-01   3.5529347e-01
   7.8748381e-02   8.5873332e-01
   2.2118399e-01   8.4219758e-01
   7.3252831e-01   1.3952864e-01
   5.5000672e-02   8.9329432e-01
   2.6047899e-01   6.1951979e-01
   2.8154046e-01   5.2748548e-01
   5.8580818e-02   8.8627123e-01
   5.1065288e-01   2.7016241e-01
   7.5632003e-01   6.3981555e-02
   2.7138248e-01   5.6621845e-01
   7.4402391e-01   9.3838391e-02
   9.5614310e-01   2.7540301e-02
   1.7855137e-02   9.7409684e-01
   7.1245201e-02   8.6619242e-01
   7.4083591e-01   1.0486713e-01
   5.0677889e-01   2.8754497e-01
   2.8964181e-01   5.0607660e-01
   2.7628794e-01   5.4599759e-01
   2.8638884e-01   5.1357807e-01
   2.4783088e-01   6.9092244e-01
   9.4870029e-01   4.1587328e-02
   4.9635061e-01   3.4491981e-01
   2.7973724e-01   5.3345244e-01
   7.2554577e-01   1.7463386e-01
   7.6174161e-01   5.7335356e-02
   7.3790370e-01   1.1615035e-01
   8.8691544e-02   8.5485684e-01
   2.2774606e-01   8.0746430e-01
   4.4202412e-02   9.1672851e-01
   4.8974350e-01   3.8793361e-01
   4.8475120e-01   4.2302231e-01
   2.3179165e-01   7.8483812e-01
   2.6279401e-01   6.0738516e-01
   7.2161241e-01   1.9646462e-01
   5.1936499e-01   2.3993982e-01
   2.2454712e-01   8.2474088e-01
   7.2754946e-01   1.6405470e-01
   2.4946351e-01   6.8137149e-01
   5.3017948e-01   2.2078366e-01
   2.8341308e-01   5.2173773e-01
   7.1966730e-01   2.0773437e-01
   2.9332208e-01   4.9944045e-01
   5.2157638e-01   2.3433135e-01
   2.3747290e-01   7.5199762e-01
   4.7696059e-01   4.8079324e-01
   5.3460119e-01   2.1898115e-01
   4.9304128e-01   3.6591298e-01
   4.8808937e-01   3.9934575e-01
   2.6979458e-01   5.7331441e-01
   5.0316368e-01   3.0578113e-01
   2.4105142e-01   7.3093310e-01
   9.6790690e-01   1.1755802e-02
   5.1737493e-01   2.4571504e-01
   7.3515110e-01   1.2769920e-01
   2.5815804e-01   6.3204473e-01
   2.3562469e-01   7.6278546e-01
   4.9139280e-01   3.7679245e-01
   2.9395007e-02   9.5043960e-01
   4.7829630e-01   4.7070440e-01
   6.3965675e-02   8.7672383e-01
   9.9554434e-01   5.1214146e-05
   4.9621395e-02   9.0463615e-01
   7.6828570e-01   5.4504299e-02
   2.4617602e-01   7.0065478e-01
   7.2356887e-01   1.8543760e-01
   5.5511151e-17   1.0000000e+00
   2.2979790e-01   7.9608561e-01
   4.9802094e-01   3.3478973e-01
   2.9951651e-01   4.9285372e-01
   4.8305989e-01   4.3530521e-01
   7.5181432e-01   7.2543577e-02
   5.1495917e-01   2.5363645e-01
   5.2412940e-01   2.2893009e-01
   2.5107688e-01   6.7199909e-01
   4.7961465e-01   4.6080706e-01
   2.3928074e-01   7.4137799e-01
   2.7798934e-01   5.3962819e-01
   2.5346360e-01   6.5828884e-01
   2.9615584e-01   4.9570527e-01
   2.7462389e-01   5.5255637e-01
   2.4278916e-01   7.2066099e-01
   2.7299054e-01   5.5929845e-01
   4.8134928e-01   4.4789440e-01
   2.3373238e-01   7.7373467e-01
   2.6511118e-01   5.9564225e-01
   4.8642644e-01   4.1103929e-01
   3.6875533e-02   9.3353595e-01
   7.3000281e-01   1.5164330e-01
   5.0494678e-01   2.9655230e-01
   5.0142082e-01   3.1522572e-01
   5.0867521e-01   2.7874779e-01
   7.4759492e-01   8.3065928e-02
   2.4449640e-01   7.1056769e-01
   2.6744146e-01   5.8428326e-01
   4.9970943e-01   3.2489088e-01
   5.2730081e-01   2.2384043e-01
   2.2118399e-01   8.4219758e-01
   5.1273635e-01   2.6178888e-01
   2.5582294e-01   6.4496271e-01
   2.7138254e-01   5.6621819e-01
   7.8748381e-02   8.5873332e-01
   2.7628794e-01   5.4599759e-01
   7.3252831e-01   1.3952864e-01
   5.5000672e-02   8.9329432e-01
   5.3460119e-01   2.1898115e-01
   2.8154046e-01   5.2748548e-01
   5.8580818e-02   8.8627123e-01
   5.1065288e-01   2.7016241e-01
   7.5632003e-01   6.3981555e-02
   1.7855137e-02   9.7409684e-01
   5.0677889e-01   2.8754497e-01
   9.5614310e-01   2.7540301e-02
   2.8341308e-01   5.2173773e-01
   4.9469206e-01   3.5529356e-01
   7.4083591e-01   1.0486713e-01
   2.3747290e-01   7.5199762e-01
   2.8964181e-01   5.0607660e-01
   5.0316368e-01   3.0578113e-01
   2.8638884e-01   5.1357807e-01
   2.4783088e-01   6.9092244e-01
   9.4870029e-01   4.1587328e-02
   2.6047901e-01   6.1951970e-01
   2.7973724e-01   5.3345244e-01
   7.2554577e-01   1.7463386e-01
   7.6174161e-01   5.7335356e-02
   7.3790370e-01   1.1615035e-01
   8.8691544e-02   8.5485684e-01
   2.2774606e-01   8.0746430e-01
   4.4202412e-02   9.1672851e-01
   4.8974350e-01   3.8793361e-01
   4.8475120e-01   4.2302231e-01
   2.3179165e-01   7.8483812e-01
   2.6279401e-01   6.0738516e-01
   7.2161241e-01   1.9646462e-01
   5.1936499e-01   2.3993982e-01
   2.2454712e-01   8.2474088e-01
   7.2754946e-01   1.6405470e-01
   2.4946351e-01   6.8137149e-01
   4.9304128e-01   3.6591298e-01
   2.3562469e-01   7.6278546e-01
   7.1966730e-01   2.0773437e-01
   2.9332208e-01   4.9944045e-01
   5.2157638e-01   2.3433135e-01
   4.8808937e-01   3.9934575e-01
   4.7696059e-01   4.8079324e-01
   5.1737493e-01   2.4571504e-01
   4.7829630e-01   4.7070440e-01
   2.4105142e-01   7.3093310e-01
   7.2356887e-01   1.8543760e-01
   3.0337746e-01   4.9171101e-01
   7.3515093e-01   1.2769994e-01
   9.6790690e-01   1.1755802e-02
   6.3965835e-02   8.7672357e-01
   2.9395007e-02   9.5043960e-01
   2.5815809e-01   6.3204447e-01
   5.3017951e-01   2.2078364e-01
   4.9139280e-01   3.7679245e-01
   4.9621395e-02   9.0463615e-01
   2.6979472e-01   5.7331376e-01
   4.9635060e-01   3.4491990e-01
   2.4617602e-01   7.0065478e-01
   9.9554394e-01   5.1226116e-05
   7.6828570e-01   5.4504299e-02
   7.4402334e-01   9.3840246e-02
   7.1245230e-02   8.6619238e-01
   5.5511151e-17   1.0000000e+00
