   5.8372761e+00   6.4738237e+00
   7.2644169e+00   5.5388875e+00
   7.6914579e+00   5.1718512e+00
   6.4418207e+00   6.3623262e+00
   4.9589256e+00   6.0077533e+00
   7.0126032e+00   4.3458664e+00
   5.9115051e+00   6.3717576e+00
   7.2145699e+00   6.9057521e+00
   5.9329276e+00   5.9679224e+00
   6.4945863e+00   6.2910383e+00
   6.2176474e+00   6.2422937e+00
   8.5021034e+00   5.4643878e+00
   6.3564898e+00   5.2408312e+00
   6.0594170e+00   6.4429336e+00
   6.1261119e+00   5.9509702e+00
   7.4495049e+00   5.9088325e+00
   6.1135944e+00   5.5009955e+00
   5.8801437e+00   5.4858895e+00
   6.5216699e+00   5.3366293e+00
   6.0669429e+00   5.9079016e+00
   7.2683959e+00   4.9281203e+00
   6.1999028e+00   6.7417325e+00
   6.8762613e+00   4.6070324e+00
   6.2169501e+00   6.7523860e+00
   5.9711485e+00   5.9920623e+00
   8.2996639e+00   7.1200705e+00
   6.5763012e+00   6.2820035e+00
   5.5255568e+00   6.3314022e+00
   6.2290795e+00   5.2259540e+00
   7.1444168e+00   7.6955617e+00
   6.3407918e+00   7.0469328e+00
   6.7554007e+00   7.3251662e+00
   5.7081121e+00   7.4236056e+00
   6.6578255e+00   7.5491536e+00
   6.1049074e+00   5.5379934e+00
   6.2548187e+00   4.9103069e+00
   5.4323760e+00   5.6360033e+00
   6.6252089e+00   5.0047693e+00
   7.2561232e+00   5.8264891e+00
   8.4046800e+00   5.9660486e+00
   5.7228969e+00   6.2402606e+00
   7.5428180e+00   6.3267223e+00
   7.0156260e+00   7.3909393e+00
   8.2072675e+00   5.5415253e+00
   7.0715858e+00   6.7755046e+00
   6.4588122e+00   5.0802628e+00
   6.4197514e+00   6.6737858e+00
   6.8308449e+00   5.2583277e+00
   7.0313568e+00   7.1962796e+00
   5.7556534e+00   6.3739664e+00
   6.2786385e+00   6.2907536e+00
   6.6630746e+00   6.7204277e+00
   7.2423475e+00   6.4070492e+00
   5.7714360e+00   5.5118052e+00
   6.3601096e+00   5.4874508e+00
   6.6173277e+00   5.3808293e+00
   7.1402789e+00   5.8323380e+00
   5.6913613e+00   6.1429508e+00
   5.3203794e+00   5.1985851e+00
   7.7012009e+00   4.6399201e+00
   7.7834368e+00   5.5217428e+00
   5.9307245e+00   5.0084943e+00
   7.8085600e+00   4.7967504e+00
   6.8374889e+00   6.1092149e+00
   5.0312638e+00   6.4978781e+00
   7.3375642e+00   6.2930196e+00
   7.9430742e+00   5.2041352e+00
   6.3054311e+00   6.3409720e+00
   6.0697347e+00   5.3121080e+00
   4.6927060e+00   5.0499780e+00
   5.9854314e+00   4.4496110e+00
   6.9105750e+00   5.5946354e+00
   6.8492494e+00   6.1163795e+00
   6.2669973e+00   6.3664082e+00
   6.5512676e+00   4.8821023e+00
   6.7672746e+00   6.2200922e+00
   6.7785422e+00   4.7933728e+00
   5.5045443e+00   7.4473508e+00
   5.2568658e+00   6.7374939e+00
   6.8715286e+00   5.0893310e+00
   7.4697741e+00   5.6436794e+00
   7.7905799e+00   6.3421008e+00
   5.5888862e+00   8.0649831e+00
   6.5889716e+00   5.4390324e+00
   5.5484523e+00   5.2011174e+00
   5.5621897e+00   5.8333080e+00
   4.3787814e+00   6.5771791e+00
   6.2573313e+00   6.3987480e+00
   5.9393386e+00   6.2884727e+00
   6.7068763e+00   5.8155788e+00
   6.3377688e+00   6.8388950e+00
   6.8131362e+00   5.8690171e+00
   6.2794550e+00   5.1562718e+00
   6.5583621e+00   5.3560077e+00
   5.0100011e+00   6.2526650e+00
   5.7471183e+00   6.6247062e+00
   8.4268923e+00   5.6977493e+00
   7.8679707e+00   6.7522376e+00
   6.0405542e+00   5.5514618e+00
   5.4207433e+00   5.7841871e+00
   7.8152303e-01   6.9803762e-02
   5.2269267e-01   3.5430681e-01
   5.4650541e-02   9.5714844e-01
   2.5536950e-01   8.0888629e-01
   5.3092314e-01   3.0649247e-01
   3.1161146e-01   5.2158890e-01
   5.1174534e-01   4.2893033e-01
   2.7999967e-01   6.6592965e-01
   5.5310045e-01   2.2811562e-01
   5.6214215e-01   2.2061289e-01
   6.2162043e-02   9.4043051e-01
   5.1681855e-01   3.9306408e-01
   5.1513824e-01   4.0473078e-01
   1.0231872e+00   1.6805245e-03
   3.3099991e-01   4.9334204e-01
   3.2202751e-01   4.9945067e-01
   5.2100902e-01   3.6506059e-01
   7.6995688e-01   1.0103427e-01
   3.8976355e-02   9.8686714e-01
   2.6764123e-01   7.3844684e-01
   7.3135420e-02   9.1530832e-01
   5.4502482e-01   2.4716198e-01
   5.5697026e-01   2.2310968e-01
   5.1891283e-01   3.7886024e-01
   3.0184519e-01   5.5566840e-01
   5.2438912e-01   3.4377879e-01
   7.9561575e-01   5.6142436e-02
   5.0698070e-01   4.6408709e-01
   5.2609378e-01   3.3353029e-01
   2.9860969e-01   5.6943094e-01
   1.0050989e-01   8.6583641e-01
   9.4866284e-02   8.7318951e-01
   2.5114462e-01   8.3157956e-01
   3.0785419e-01   5.3328119e-01
   9.9681302e-01   1.2097910e-02
   7.7744396e-01   7.8754740e-02
   2.7106303e-01   7.1822079e-01
   7.7343990e-01   8.9740428e-02
   2.8621100e-01   6.3113113e-01
   5.3609559e-01   2.8112261e-01
   2.9235482e-01   5.9897805e-01
   5.3274892e-01   2.9709223e-01
   2.9003900e-01   6.1077608e-01
   7.6389480e-01   1.2435987e-01
   7.4743483e-01   2.0831042e-01
   5.1002486e-01   4.4148690e-01
   7.5184295e-01   1.8327101e-01
   3.0021077e-01   5.6247695e-01
   8.9372404e-02   8.8205603e-01
   5.0426944e-01   4.8451936e-01
   7.5637971e-01   1.5931580e-01
   7.8722944e-01   6.1074353e-02
   9.8422307e-01   2.8350910e-02
   2.8230820e-01   6.5277614e-01
   4.6913563e-02   9.7294835e-01
   2.5937251e-01   7.8649482e-01
   2.6128310e-01   7.7556511e-01
   5.5022540e-01   2.3357146e-01
   7.8565531e-02   9.0332704e-01
   3.1577881e-01   5.1086310e-01
   5.1344763e-01   4.1669511e-01
   2.8467088e-01   6.3957578e-01
   5.2782342e-01   3.2350201e-01
   3.1808897e-01   5.0597525e-01
   2.9702098e-01   5.7658448e-01
   8.3947985e-02   8.9219729e-01
   7.6681577e-01   1.1255196e-01
   1.1673729e-01   8.5648179e-01
   2.7355877e-01   7.0348007e-01
   3.2608269e-01   4.9516740e-01
   5.4780615e-01   2.3929876e-01
   2.8774935e-01   6.2283407e-01
   5.0827799e-01   4.5439765e-01
   1.0834390e-01   8.5901102e-01
   2.9467199e-01   5.8761310e-01
   3.1362503e-01   5.1610329e-01
   2.7761274e-01   6.7971868e-01
   2.5741169e-01   7.9755764e-01
   5.2913957e-01   3.1612150e-01
   2.6936287e-01   7.2827481e-01
   2.7585356e-02   1.0016323e+00
   2.4891267e-01   8.4310099e-01
   5.4252996e-01   2.5531831e-01
   7.5893992e-01   1.4670611e-01
   2.5331057e-01   8.2008018e-01
   6.7699220e-02   9.2771900e-01
   2.6585797e-01   7.4893798e-01
   3.0604199e-01   5.3957118e-01
   5.4025247e-01   2.6369379e-01
   7.4983219e-01   1.9448811e-01
   7.5429860e-01   1.7005675e-01
   7.6114434e-01   1.3642255e-01
   9.7648269e-01   4.2808780e-02
   5.0563268e-01   4.7421987e-01
   3.0350925e-01   5.4903946e-01
   2.6314969e-01   7.6477314e-01
   5.3463675e-01   2.8788082e-01
   5.3812086e-01   2.7229197e-01
   3.0968713e-01   5.2734504e-01
   2.7601104e-01   6.8906718e-01
   2.3601678e-01   7.6407857e-01
   2.3217563e-01   7.8618019e-01
   2.2916533e-01   8.0309354e-01
   7.3105522e-01   1.4972655e-01
   2.5702740e-01   6.4173443e-01
   2.2705017e-01   8.1470879e-01
   2.9534340e-01   4.9853733e-01
   5.2013609e-01   2.4028684e-01
   2.8298067e-01   5.2556469e-01
   2.6789925e-01   5.8528600e-01
   4.9439692e-01   3.6096035e-01
   4.7923449e-01   4.6785715e-01
   5.1809364e-01   2.4607462e-01
   4.9772915e-01   3.4019235e-01
   5.1393963e-01   2.6006575e-01
   7.3361226e-01   1.3765430e-01
   7.4209125e-01   1.0310021e-01
   7.3627297e-01   1.2587612e-01
   4.8943735e-01   3.9400245e-01
   7.2899350e-01   1.5997740e-01
   3.5091880e-02   9.3988787e-01
   2.7935450e-01   5.3748654e-01
   5.2240418e-01   2.3469992e-01
   5.0977914e-01   2.7691401e-01
   5.2842476e-01   2.2431691e-01
   2.6169328e-01   6.1647184e-01
   3.7022165e-04   1.0014203e+00
   7.2259476e-01   1.9440238e-01
   4.8270866e-01   4.4201651e-01
   4.9274182e-01   3.7172089e-01
   5.0418075e-01   3.0380188e-01
   2.4906879e-01   6.8726380e-01
   2.6556348e-01   5.9665523e-01
   2.5546667e-01   6.5045927e-01
   2.2492173e-01   8.2613783e-01
   6.0506446e-02   8.8479889e-01
   2.9847150e-01   4.9526482e-01
   5.1180034e-01   2.6838008e-01
   5.3497030e-01   2.2040141e-01
   5.1623257e-01   2.5197947e-01
   2.4144606e-01   7.3220917e-01
   7.3908177e-01   1.1435745e-01
   2.5149180e-01   6.7316081e-01
   7.6173521e-01   5.9095170e-02
   4.8441296e-01   4.2957026e-01
   2.7024183e-01   5.7438458e-01
   5.2505626e-01   2.2933248e-01
   2.7185273e-01   5.6720032e-01
   4.2477464e-02   9.2293104e-01
   4.9108897e-01   3.8273611e-01
   2.9263487e-01   5.0256275e-01
   5.0285444e-01   3.1083451e-01
   5.0598962e-01   2.9461648e-01
   9.5735427e-01   2.7576462e-02
   2.8113945e-01   5.3140665e-01
   7.2025114e-01   2.0790415e-01
   2.7557285e-02   9.5667505e-01
   2.4319249e-01   7.2188539e-01
   2.2158041e-01   8.4348490e-01
   7.6858322e-01   5.5925747e-02
   2.4740086e-01   6.9704357e-01
   8.8789429e-02   8.5628793e-01
   7.2496204e-01   1.8122565e-01
   4.9605745e-01   3.5045490e-01
   9.9579221e-01   1.4752066e-03
   9.4973383e-01   4.1632484e-02
   9.6972590e-01   1.1765504e-02
   1.7892547e-02   9.7613347e-01
   2.5309159e-01   6.6395046e-01
   4.7745700e-01   4.8126888e-01
   2.4490976e-01   7.1174048e-01
   4.8777595e-01   4.0555280e-01
   5.0785285e-01   2.8564154e-01
   2.8491277e-01   5.1992031e-01
   2.5936733e-01   6.2889831e-01
   7.8897619e-02   8.6031951e-01
   4.8098593e-01   4.5476431e-01
   2.7426506e-01   5.5694949e-01
   4.9941308e-01   3.3017686e-01
   2.3967443e-01   7.4266006e-01
   5.3168273e-01   2.2140895e-01
   5.5115231e-02   8.9523390e-01
   6.5910496e-02   8.7561772e-01
   2.3787026e-01   7.5325889e-01
   4.8610162e-01   4.1741319e-01
   2.7593691e-01   5.5022214e-01
   7.2695744e-01   1.7051214e-01
   2.3412759e-01   7.7501468e-01
   7.4538335e-01   9.2111052e-02
   2.8692269e-01   5.1458517e-01
   3.0372502e-01   4.9313129e-01
   7.5201206e-01   7.4355893e-02
   4.9728394e-02   9.0663102e-01
   5.0112165e-01   3.2038724e-01
   2.7762446e-01   5.4375779e-01
   7.4845481e-01   8.3144159e-02
   2.6323818e-01   6.0842417e-01
   7.5646119e-01   6.5777295e-02
   7.1398156e-02   8.6788251e-01
   2.8910566e-01   5.0943495e-01
   2.8104584e-01   5.3122812e-01
   2.9516176e-01   4.9828557e-01
   2.3012737e-01   7.9724650e-01
   8.8791073e-02   8.5580056e-01
   4.9598685e-01   3.5040631e-01
   1.7885108e-02   9.7565988e-01
   4.9891598e-01   3.3260912e-01
   7.3896232e-01   1.1433982e-01
   7.3616417e-01   1.2585469e-01
   7.6124744e-01   5.9062717e-02
   5.5093848e-02   8.9479006e-01
   2.7585439e-01   5.5005863e-01
   7.4827586e-01   8.3141947e-02
   5.3496746e-01   2.1991415e-01
   4.9704556e-02   9.0619581e-01
   7.1349163e-02   8.6745645e-01
   9.9575641e-01   9.8904717e-04
   9.4951427e-01   4.1596836e-02
   5.1861104e-01   2.4405208e-01
   7.3351059e-01   1.3763209e-01
   7.5617886e-01   6.5749280e-02
   2.6317417e-01   6.0826678e-01
   9.6920719e-01   1.1769108e-02
   5.1610842e-01   2.5190784e-01
   3.5082140e-02   9.3942273e-01
   7.4522706e-01   9.2107592e-02
   2.7926868e-01   5.3730283e-01
   2.8288724e-01   5.2536304e-01
   7.3095581e-01   1.4971961e-01
   5.1382446e-01   2.6000102e-01
   5.0409763e-01   3.0375009e-01
   5.2304491e-01   2.3279970e-01
   2.5697484e-01   6.4153883e-01
   2.7754002e-01   5.4358585e-01
   2.4818896e-01   6.9192658e-01
   7.6855987e-01   5.5438992e-02
   4.8435309e-01   4.2951518e-01
   2.4140073e-01   7.3198952e-01
   5.0967944e-01   2.7686286e-01
   5.0233962e-01   3.1314273e-01
   9.5706686e-01   2.7555056e-02
   4.9723815e-01   3.4268380e-01
   2.6085470e-01   6.2042349e-01
   7.2017222e-01   2.0787851e-01
   2.7544897e-02   9.5621440e-01
   4.8603764e-01   4.1737786e-01
   7.2212033e-01   1.9661096e-01
   4.8264948e-01   4.4196479e-01
   2.4313974e-01   7.2171000e-01
   5.1169441e-01   2.6832251e-01
   5.0775407e-01   2.8561244e-01
   2.8480489e-01   5.1973273e-01
   2.6782899e-01   5.8513357e-01
   2.4653167e-01   7.0167352e-01
   7.2606741e-01   1.7475611e-01
   2.3212553e-01   7.8597753e-01
   5.2069472e-01   2.3833481e-01
   3.0375308e-01   4.9264396e-01
   2.5852780e-01   6.3298016e-01
   7.2408384e-01   1.8556830e-01
   2.2149991e-01   8.4340580e-01
   6.5875395e-02   8.7518531e-01
   2.8682108e-01   5.1435489e-01
   5.2583161e-01   2.2750697e-01
   2.5143925e-01   6.7297744e-01
   2.2807522e-01   8.0862385e-01
   2.6549421e-01   5.9651146e-01
   2.9126073e-01   5.0453465e-01
   2.3596454e-01   7.6389490e-01
   5.0061452e-01   3.2276299e-01
   4.8092448e-01   4.5472864e-01
   2.4484944e-01   7.1160206e-01
   2.7017999e-01   5.7417823e-01
   2.5304000e-01   6.6375964e-01
   7.2848229e-01   1.6208743e-01
   3.7021019e-04   1.0009329e+00
   2.2487169e-01   8.2591582e-01
   7.4195408e-01   1.0309545e-01
   6.0461733e-02   8.8439327e-01
   5.0589796e-01   2.9457601e-01
   7.5179347e-01   7.4350739e-02
   4.2454349e-02   9.2249660e-01
   2.3962570e-01   7.4245958e-01
   4.7739433e-01   4.8124505e-01
   4.8770930e-01   4.0552882e-01
   2.7257794e-01   5.6356584e-01
   4.7917157e-01   4.6783802e-01
   7.8852280e-02   8.5986665e-01
   2.7420377e-01   5.5671607e-01
   5.2952740e-01   2.2263166e-01
   2.8895641e-01   5.0927815e-01
   4.9102460e-01   3.8268414e-01
   4.9432866e-01   3.6091087e-01
   2.4982454e-01   6.8235798e-01
   2.9837504e-01   4.9485619e-01
   2.3406936e-01   7.7485892e-01
   2.5462046e-01   6.5475106e-01
   2.3781383e-01   7.5310208e-01
   4.9267547e-01   3.7167057e-01
   4.8936943e-01   3.9397315e-01
   2.5619346e-01   6.4589391e-01
   2.5144062e-01   6.7296951e-01
   2.7420377e-01   5.5671472e-01
   2.5303835e-01   6.6376810e-01
   2.6782899e-01   5.8513357e-01
   2.7585439e-01   5.5005863e-01
   2.6317417e-01   6.0826678e-01
   2.9516176e-01   4.9828557e-01
   2.3212662e-01   7.8597133e-01
   2.4140073e-01   7.3198952e-01
   2.6549535e-01   5.9650578e-01
   7.1349163e-02   8.6745645e-01
   4.7739592e-01   4.8123300e-01
   4.9705195e-02   9.0619441e-01
   4.2458459e-02   9.2248719e-01
   2.9126125e-01   5.0453367e-01
   2.5853131e-01   6.3296096e-01
   2.2807522e-01   8.0862265e-01
   2.8288724e-01   5.2536304e-01
   2.7754002e-01   5.4358585e-01
   2.7544897e-02   9.5621440e-01
   2.2149991e-01   8.4340580e-01
   2.6085623e-01   6.2041530e-01
   3.5082140e-02   9.3942273e-01
   4.9557095e-01   3.5301256e-01
   2.5462160e-01   6.5474459e-01
   1.7885108e-02   9.7565988e-01
   2.4818923e-01   6.9192499e-01
   2.4982454e-01   6.8235798e-01
   2.8895921e-01   5.0927190e-01
   2.3596454e-01   7.6389490e-01
   5.0967932e-01   2.7686248e-01
   4.8222037e-01   4.4512522e-01
   2.7018644e-01   5.7414890e-01
   7.8852280e-02   8.5986665e-01
   2.8682106e-01   5.1435400e-01
   4.8729252e-01   4.0846337e-01
   2.4314016e-01   7.2170753e-01
   6.5874197e-02   8.7518718e-01
   2.2487169e-01   8.2591582e-01
   8.8791073e-02   8.5580056e-01
   4.9226192e-01   3.7440486e-01
   7.3616417e-01   1.2585410e-01
   4.9723668e-01   3.4268942e-01
   7.3896232e-01   1.1433827e-01
   2.7926701e-01   5.3730751e-01
   5.2069390e-01   2.3833608e-01
   2.8480566e-01   5.1973058e-01
   2.4485048e-01   7.1159596e-01
   2.8104629e-01   5.3122662e-01
   7.3095768e-01   1.4971052e-01
   2.7257996e-01   5.6355716e-01
   5.5093541e-02   8.9479068e-01
   5.3497554e-01   2.1991404e-01
   7.2606602e-01   1.7476138e-01
   7.5617428e-01   6.5754578e-02
   5.1382262e-01   2.6000653e-01
   2.3406936e-01   7.7485892e-01
   7.3350923e-01   1.3763723e-01
   3.0374891e-01   4.9264396e-01
   4.9891598e-01   3.3260826e-01
   7.2017222e-01   2.0787743e-01
   5.2304406e-01   2.3280068e-01
   5.0061428e-01   3.2276382e-01
   7.4195408e-01   1.0309507e-01
   7.5179223e-01   7.4353015e-02
   4.8392823e-01   4.3260252e-01
   5.2583134e-01   2.2750637e-01
   2.3962709e-01   7.4245144e-01
   7.6855705e-01   5.5439061e-02
   7.2408384e-01   1.8556763e-01
   4.8895551e-01   3.9683331e-01
   7.4522706e-01   9.2107592e-02
   7.6124744e-01   5.9062717e-02
   5.0775407e-01   2.8561244e-01
   2.9837504e-01   4.9485619e-01
   6.0469069e-02   8.8437986e-01
   2.3781660e-01   7.5308586e-01
   9.5706327e-01   2.7559868e-02
   5.0409709e-01   3.0375091e-01
   2.3012924e-01   7.9723604e-01
   3.7021012e-04   1.0009329e+00
   5.1861051e-01   2.4405257e-01
   2.4653228e-01   7.0166997e-01
   4.7873351e-01   4.7113286e-01
   9.4950259e-01   4.1620407e-02
   9.6920455e-01   1.1770977e-02
   4.8049169e-01   4.5795332e-01
   4.9391585e-01   3.6357132e-01
   7.2848229e-01   1.6208743e-01
   5.2952105e-01   2.2263793e-01
   7.4827586e-01   8.3141947e-02
   5.1610823e-01   2.5190762e-01
   5.0589853e-01   2.9457317e-01
   7.2212248e-01   1.9659872e-01
   5.0233932e-01   3.1314331e-01
   5.1169309e-01   2.6832653e-01
   9.9591637e-01   9.8410766e-04
   4.9061093e-01   3.8548196e-01
   4.8561757e-01   4.2038624e-01
   7.4155660e-01   1.0304161e-01
   5.0935467e-01   2.7668694e-01
   2.4797747e-01   6.9133246e-01
   5.1346934e-01   2.5982720e-01
   2.6371351e-01   6.0377965e-01
   4.9640810e-02   9.0507573e-01
   3.0359123e-01   4.9172628e-01
   2.3192661e-01   7.8530169e-01
   2.3941832e-01   7.4184238e-01
   2.4961118e-01   6.8177276e-01
   7.8746330e-02   8.5891067e-01
   5.1135695e-01   2.6814482e-01
   7.2816266e-01   1.6200818e-01
   5.0032891e-01   3.2258126e-01
   5.0204789e-01   3.1296476e-01
   2.5908370e-01   6.2818328e-01
   7.3316779e-01   1.3757110e-01
   7.1987608e-01   2.0777940e-01
   4.9696045e-01   3.4250409e-01
   6.5801424e-02   8.7413887e-01
   2.8864362e-01   5.0871029e-01
   7.2377699e-01   1.8548473e-01
   9.9672664e-01   4.2484695e-05
   2.3386791e-01   7.7420074e-01
   4.9863537e-01   3.3242490e-01
   2.9957995e-01   4.9295975e-01
   5.2025583e-01   2.3814713e-01
   5.5020757e-02   8.9370296e-01
   2.2468166e-01   8.2517661e-01
   5.0380423e-01   3.0354736e-01
   2.5282172e-01   6.6319593e-01
   2.2787472e-01   8.0794728e-01
   2.6139482e-01   6.1581562e-01
   4.8536500e-01   4.2015941e-01
   5.0560385e-01   2.9434375e-01
   5.1573415e-01   2.5172376e-01
   9.5758389e-01   2.5541705e-02
   4.8703640e-01   4.0825019e-01
   4.8024224e-01   4.5773037e-01
   9.4893083e-01   4.1567660e-02
   7.5552083e-01   6.5680586e-02
   2.4464163e-01   7.1098842e-01
   4.7848513e-01   4.7090815e-01
   5.2878119e-01   2.2232738e-01
   2.7899413e-01   5.3680193e-01
   2.1385524e-04   1.0000153e+00
   2.8077011e-01   5.3070582e-01
   2.8260701e-01   5.2482597e-01
   2.8550285e-01   5.1646735e-01
   3.5036613e-02   9.3825215e-01
   2.7233046e-01   5.6304059e-01
   2.5597186e-01   6.4534127e-01
   2.3575999e-01   7.6325738e-01
   2.9624742e-01   4.9585669e-01
   2.6603397e-01   5.9215201e-01
   4.9364691e-01   3.6338234e-01
   4.9035196e-01   3.8526099e-01
   4.9529908e-01   3.5282223e-01
   1.7864681e-02   9.7449102e-01
   5.2256774e-01   2.3257925e-01
   7.5125815e-01   7.4299037e-02
   4.9199877e-01   3.7419594e-01
   6.0393042e-02   8.8331548e-01
   7.4479851e-01   9.2050356e-02
   2.5440202e-01   6.5418526e-01
   7.2181817e-01   1.9652613e-01
   2.5122472e-01   6.7239636e-01
   2.4632136e-01   7.0107384e-01
   7.3063318e-01   1.4961327e-01
   2.9214612e-01   5.0172706e-01
   5.3480152e-01   2.1899662e-01
   8.8695807e-02   8.5487998e-01
   9.7017751e-01   9.7970912e-03
   2.3761187e-01   7.5245148e-01
   2.7394991e-01   5.5619979e-01
   7.6839704e-01   5.4521471e-02
   5.0744081e-01   2.8543269e-01
   2.5753140e-01   6.3667558e-01
   2.4293515e-01   7.2107757e-01
   2.4119552e-01   7.3136040e-01
   7.3858750e-01   1.1428542e-01
   2.7727459e-01   5.4307685e-01
   7.1269509e-02   8.6644294e-01
   4.8197175e-01   4.4488855e-01
   2.6837099e-01   5.8090720e-01
   7.6027574e-01   5.8986070e-02
   7.3581109e-01   1.2578135e-01
   4.8869685e-01   3.9662478e-01
   2.7559545e-01   5.4954561e-01
   4.7715512e-01   4.8095483e-01
   5.2527101e-01   2.2727006e-01
   2.2130989e-01   8.4265868e-01
   2.7501081e-02   9.5505398e-01
   5.1820711e-01   2.4386269e-01
   4.2399205e-02   9.2134706e-01
   4.8367694e-01   4.3237660e-01
   2.7073393e-01   5.7005603e-01
   2.2992508e-01   7.9658577e-01
   7.2575505e-01   1.7467371e-01
   7.4780593e-01   8.3089101e-02
   7.4155660e-01   1.0304161e-01
   5.0935467e-01   2.7668694e-01
   2.4797747e-01   6.9133246e-01
   2.5440202e-01   6.5418526e-01
   2.4119489e-01   7.3136412e-01
   2.4961118e-01   6.8177276e-01
   3.0359123e-01   4.9172628e-01
   2.3192661e-01   7.8530169e-01
   2.4464163e-01   7.1098842e-01
   5.0380141e-01   3.0356213e-01
   4.9642872e-02   9.0507123e-01
   2.8550234e-01   5.1646871e-01
   2.7233046e-01   5.6304059e-01
   5.0032891e-01   3.2258126e-01
   5.0204789e-01   3.1296476e-01
   6.5792143e-02   8.7415335e-01
   7.3316779e-01   1.3757110e-01
   7.4780593e-01   8.3089101e-02
   4.9696045e-01   3.4250409e-01
   2.2993045e-01   7.9655574e-01
   5.2256426e-01   2.3258692e-01
   5.0744025e-01   2.8543534e-01
   2.5282172e-01   6.6319593e-01
   2.7394957e-01   5.5620120e-01
   2.5597240e-01   6.4533825e-01
   2.9957995e-01   4.9295975e-01
   2.6371527e-01   6.0377067e-01
   7.3062725e-01   1.4964228e-01
   2.5753140e-01   6.3667558e-01
   2.7073393e-01   5.7005603e-01
   5.1820711e-01   2.4386269e-01
   2.7727657e-01   5.4306941e-01
   2.2467752e-01   8.2519852e-01
   2.2787759e-01   8.0793156e-01
   7.2816260e-01   1.6200846e-01
   5.3481557e-01   2.1899641e-01
   4.2405168e-02   9.2133341e-01
   7.6027549e-01   5.8986340e-02
   4.8024224e-01   4.5773037e-01
   5.2878119e-01   2.2232738e-01
   2.1385524e-04   1.0000153e+00
   2.6837099e-01   5.8090720e-01
   6.0397043e-02   8.8330819e-01
   2.2130746e-01   8.4267100e-01
   8.8695807e-02   8.5487998e-01
   4.9530010e-01   3.5281584e-01
   2.8077011e-01   5.3070582e-01
   2.7899826e-01   5.3678727e-01
   2.4632213e-01   7.0106934e-01
   2.5122472e-01   6.7239636e-01
   2.6603464e-01   5.9214875e-01
   1.7863908e-02   9.7449245e-01
   5.1346926e-01   2.5982750e-01
   4.9199877e-01   3.7419594e-01
   7.2377580e-01   1.8549131e-01
   2.6140089e-01   6.1578363e-01
   4.9034998e-01   3.8527443e-01
   4.7715038e-01   4.8099074e-01
   4.8869703e-01   3.9662352e-01
   5.2025935e-01   2.3813794e-01
   5.1135606e-01   2.6814846e-01
   2.9214559e-01   5.0172799e-01
   7.5125762e-01   7.4300258e-02
   4.8367694e-01   4.3237660e-01
   2.3942199e-01   7.4182074e-01
   4.9364724e-01   3.6338023e-01
   7.1265664e-02   8.6644774e-01
   7.2181848e-01   1.9652437e-01
   7.8758713e-02   8.5890129e-01
   7.3858759e-01   1.1428507e-01
   7.4479721e-01   9.2054482e-02
   5.5025571e-02   8.9369317e-01
   7.2575359e-01   1.7468158e-01
   2.5908212e-01   6.2819186e-01
   7.5551072e-01   6.5698084e-02
   3.5037780e-02   9.3824949e-01
   2.8864252e-01   5.0871275e-01
   5.1573329e-01   2.5172665e-01
   4.8703639e-01   4.0825028e-01
   9.5757932e-01   2.5549047e-02
   7.1987339e-01   2.0779517e-01
   9.7017669e-01   9.7978363e-03
   9.9672018e-01   4.2613523e-05
   4.9863558e-01   3.3242368e-01
   2.3386904e-01   7.7419422e-01
   4.8536483e-01   4.2016058e-01
   4.8197081e-01   4.4489551e-01
   2.3576076e-01   7.6325291e-01
   2.3761340e-01   7.5244256e-01
   2.7510743e-02   9.5503312e-01
   7.6840487e-01   5.4521279e-02
   4.7848768e-01   4.7088897e-01
   2.4293422e-01   7.2108309e-01
   9.4891521e-01   4.1600371e-02
   5.0559216e-01   2.9440201e-01
   7.3580822e-01   1.2579374e-01
   2.7559632e-01   5.4954216e-01
   2.9624605e-01   4.9585823e-01
   2.8260445e-01   5.2483387e-01
   5.2527264e-01   2.2726726e-01
   7.4155660e-01   1.0304161e-01
   5.0935467e-01   2.7668694e-01
   2.4797747e-01   6.9133246e-01
   2.6371527e-01   6.0377067e-01
   2.4119489e-01   7.3136412e-01
   2.4961118e-01   6.8177276e-01
   3.0359123e-01   4.9172628e-01
   2.3192661e-01   7.8530169e-01
   2.4464163e-01   7.1098842e-01
   2.1385524e-04   1.0000153e+00
   7.3062725e-01   1.4964228e-01
   2.8550234e-01   5.1646871e-01
   2.7233046e-01   5.6304059e-01
   5.0032891e-01   3.2258126e-01
   5.0204789e-01   3.1296476e-01
   2.7510743e-02   9.5503312e-01
   5.0379943e-01   3.0357255e-01
   7.4780593e-01   8.3089101e-02
   4.8024224e-01   4.5773037e-01
   2.7073393e-01   5.7005603e-01
   5.2256426e-01   2.3258692e-01
   5.0744025e-01   2.8543534e-01
   7.1265664e-02   8.6644774e-01
   2.7394957e-01   5.5620120e-01
   2.5597240e-01   6.4533825e-01
   2.9957995e-01   4.9295975e-01
   5.1346926e-01   2.5982750e-01
   9.4891521e-01   4.1600371e-02
   2.5753140e-01   6.3667558e-01
   4.9863558e-01   3.3242368e-01
   5.1820711e-01   2.4386269e-01
   9.9671556e-01   4.2705762e-05
   7.3580822e-01   1.2579374e-01
   7.3858759e-01   1.1428507e-01
   2.6140089e-01   6.1578363e-01
   5.3481557e-01   2.1899641e-01
   7.1987335e-01   2.0779544e-01
   7.6027549e-01   5.8986340e-02
   9.5757027e-01   2.5563578e-02
   5.2878119e-01   2.2232738e-01
   4.2404819e-02   9.2133421e-01
   2.6837099e-01   5.8090720e-01
   6.0397043e-02   8.8330819e-01
   2.2130746e-01   8.4267100e-01
   8.8695807e-02   8.5487998e-01
   4.9530010e-01   3.5281584e-01
   2.9214559e-01   5.0172799e-01
   2.7899826e-01   5.3678727e-01
   2.4632213e-01   7.0106934e-01
   2.5122472e-01   6.7239636e-01
   5.2527264e-01   2.2726726e-01
   5.1573329e-01   2.5172665e-01
   2.9624605e-01   4.9585823e-01
   4.9199877e-01   3.7419594e-01
   7.2816206e-01   1.6201125e-01
   7.3316763e-01   1.3757187e-01
   4.9034998e-01   3.8527443e-01
   7.6840487e-01   5.4521279e-02
   4.8869703e-01   3.9662352e-01
   5.2025935e-01   2.3813794e-01
   5.1135606e-01   2.6814846e-01
   7.5551323e-01   6.5693745e-02
   7.5125762e-01   7.4300258e-02
   4.8367694e-01   4.3237660e-01
   2.3942199e-01   7.4182074e-01
   7.2377639e-01   1.8548806e-01
   9.7017669e-01   9.7978363e-03
   7.2181848e-01   1.9652437e-01
   2.7559632e-01   5.4954216e-01
   3.5037780e-02   9.3824949e-01
   2.4293388e-01   7.2108511e-01
   5.5025571e-02   8.9369317e-01
   2.8864252e-01   5.0871275e-01
   2.5908212e-01   6.2819186e-01
   4.8703639e-01   4.0825028e-01
   2.8260408e-01   5.2483501e-01
   1.7860128e-02   9.7449945e-01
   6.5796950e-02   8.7414585e-01
   2.3761340e-01   7.5244256e-01
   4.7848753e-01   4.7089010e-01
   4.8197078e-01   4.4489567e-01
   2.5440270e-01   6.5418136e-01
   4.8536404e-01   4.2016628e-01
   2.2993135e-01   7.9655069e-01
   4.9364740e-01   3.6337918e-01
   7.4479827e-01   9.2051133e-02
   7.2575282e-01   1.7468570e-01
   4.9643350e-02   9.0507018e-01
   4.9696080e-01   3.4250192e-01
   2.2787764e-01   8.0793129e-01
   7.8759604e-02   8.5890061e-01
   2.6603551e-01   5.9214446e-01
   2.7727678e-01   5.4306863e-01
   5.0559387e-01   2.9439352e-01
   2.5282122e-01   6.6319878e-01
   4.7715095e-01   4.8098638e-01
   2.8077040e-01   5.3070487e-01
   2.3576468e-01   7.6323008e-01
   2.3386967e-01   7.7419062e-01
   2.2467577e-01   8.2520781e-01
   7.4155660e-01   1.0304161e-01
   5.0935467e-01   2.7668694e-01
   4.9863558e-01   3.3242368e-01
   2.6371527e-01   6.0377067e-01
   2.4119489e-01   7.3136412e-01
   7.6840487e-01   5.4521279e-02
   3.0359123e-01   4.9172628e-01
   2.3942246e-01   7.4181798e-01
   2.4464163e-01   7.1098842e-01
   2.1385524e-04   1.0000153e+00
   5.1135606e-01   2.6814846e-01
   2.8550234e-01   5.1646871e-01
   2.7233046e-01   5.6304059e-01
   5.0032891e-01   3.2258126e-01
   5.0204789e-01   3.1296476e-01
   2.7510743e-02   9.5503312e-01
   5.0379943e-01   3.0357255e-01
   2.4632213e-01   7.0106934e-01
   4.8024224e-01   4.5773037e-01
   2.8260408e-01   5.2483501e-01
   5.2256426e-01   2.3258692e-01
   5.0744025e-01   2.8543534e-01
   7.1265664e-02   8.6644774e-01
   2.7394957e-01   5.5620120e-01
   2.5597240e-01   6.4533825e-01
   2.9957995e-01   4.9295975e-01
   5.1346926e-01   2.5982750e-01
   9.4891521e-01   4.1600371e-02
   2.5753140e-01   6.3667558e-01
   4.8536404e-01   4.2016628e-01
   2.3761340e-01   7.5244256e-01
   9.9671556e-01   4.2705762e-05
   7.3580822e-01   1.2579374e-01
   7.3858759e-01   1.1428507e-01
   2.6140089e-01   6.1578363e-01
   5.3481557e-01   2.1899641e-01
   7.1987335e-01   2.0779544e-01
   2.5908308e-01   6.2818665e-01
   7.2181848e-01   1.9652437e-01
   5.2878119e-01   2.2232738e-01
   7.2816206e-01   1.6201125e-01
   2.6837099e-01   5.8090720e-01
   6.0397043e-02   8.8330819e-01
   2.2130746e-01   8.4267100e-01
   8.8695807e-02   8.5487998e-01
   4.9530010e-01   3.5281584e-01
   2.9214559e-01   5.0172799e-01
   2.7899826e-01   5.3678727e-01
   4.9199877e-01   3.7419594e-01
   5.0559387e-01   2.9439352e-01
   5.2527264e-01   2.2726726e-01
   5.1573329e-01   2.5172665e-01
   2.5282122e-01   6.6319878e-01
   2.8077040e-01   5.3070487e-01
   7.2377639e-01   1.8548806e-01
   7.3316763e-01   1.3757187e-01
   4.9034998e-01   3.8527443e-01
   2.3386967e-01   7.7419062e-01
   4.8869703e-01   3.9662352e-01
   2.2993135e-01   7.9655069e-01
   4.8197078e-01   4.4489567e-01
   7.5551231e-01   6.5695345e-02
   2.3576468e-01   7.6323008e-01
   7.8759604e-02   8.5890061e-01
   4.7848753e-01   4.7089010e-01
   2.4293361e-01   7.2108667e-01
   6.5796950e-02   8.7414585e-01
   2.8864252e-01   5.0871275e-01
   2.7559632e-01   5.4954216e-01
   7.3062680e-01   1.4964451e-01
   2.3192745e-01   7.8529694e-01
   5.5025571e-02   8.9369317e-01
   2.6603551e-01   5.9214446e-01
   7.4479807e-01   9.2051763e-02
   4.8703639e-01   4.0825028e-01
   2.7073393e-01   5.7005602e-01
   2.2787764e-01   8.0793129e-01
   7.5125762e-01   7.4300258e-02
   1.7860362e-02   9.7449902e-01
   4.9364740e-01   3.6337918e-01
   4.9643350e-02   9.0507018e-01
   4.2404395e-02   9.2133518e-01
   9.7017466e-01   9.7996739e-03
   7.6027518e-01   5.8986675e-02
   3.5038155e-02   9.3824863e-01
   7.2575282e-01   1.7468570e-01
   5.1820738e-01   2.4386189e-01
   2.7727678e-01   5.4306863e-01
   5.2026024e-01   2.3813562e-01
   2.5122478e-01   6.7239604e-01
   2.5440271e-01   6.5418130e-01
   4.7715187e-01   4.8097941e-01
   2.2467577e-01   8.2520781e-01
   7.4780574e-01   8.3089624e-02
   9.5757136e-01   2.5561835e-02
   4.9696098e-01   3.4250084e-01
   2.4961116e-01   6.8177286e-01
   4.8367692e-01   4.3237681e-01
   2.4797757e-01   6.9133183e-01
   2.9624644e-01   4.9585780e-01
   7.4155660e-01   1.0304161e-01
   5.0935467e-01   2.7668694e-01
   4.9863558e-01   3.3242368e-01
   2.6371527e-01   6.0377067e-01
   5.0032891e-01   3.2258126e-01
   7.6840487e-01   5.4521279e-02
   3.0359123e-01   4.9172628e-01
   5.1573329e-01   2.5172665e-01
   2.4464163e-01   7.1098842e-01
   2.1385524e-04   1.0000153e+00
   5.1135606e-01   2.6814846e-01
   2.8550234e-01   5.1646871e-01
   2.7233046e-01   5.6304059e-01
   2.7899826e-01   5.3678727e-01
   5.0204789e-01   3.1296476e-01
   2.7510743e-02   9.5503312e-01
   5.0379943e-01   3.0357255e-01
   2.4632213e-01   7.0106934e-01
   4.8024224e-01   4.5773037e-01
   2.8260408e-01   5.2483501e-01
   7.5551231e-01   6.5695345e-02
   5.0744025e-01   2.8543534e-01
   7.1265664e-02   8.6644774e-01
   2.7394957e-01   5.5620120e-01
   2.5597240e-01   6.4533825e-01
   2.9957995e-01   4.9295975e-01
   5.1346926e-01   2.5982750e-01
   2.6140089e-01   6.1578363e-01
   7.2816206e-01   1.6201125e-01
   2.7559632e-01   5.4954216e-01
   2.3761340e-01   7.5244256e-01
   9.9671556e-01   4.2705762e-05
   7.3580822e-01   1.2579374e-01
   7.3858759e-01   1.1428507e-01
   2.2993155e-01   7.9654961e-01
   5.3481557e-01   2.1899641e-01
   7.1987335e-01   2.0779544e-01
   2.5908308e-01   6.2818665e-01
   2.7727678e-01   5.4306863e-01
   5.2878119e-01   2.2232738e-01
   4.9199877e-01   3.7419594e-01
   5.5025571e-02   8.9369317e-01
   6.0397043e-02   8.8330819e-01
   2.2130746e-01   8.4267100e-01
   2.5282122e-01   6.6319878e-01
   4.9530010e-01   3.5281584e-01
   2.9214555e-01   5.0172806e-01
   2.8864252e-01   5.0871275e-01
   7.2575282e-01   1.7468570e-01
   5.0559387e-01   2.9439352e-01
   2.2467577e-01   8.2520781e-01
   2.5122478e-01   6.7239604e-01
   3.5038155e-02   9.3824863e-01
   2.8077040e-01   5.3070487e-01
   7.2377639e-01   1.8548806e-01
   7.3316763e-01   1.3757187e-01
   4.9034998e-01   3.8527443e-01
   2.3386967e-01   7.7419062e-01
   4.8869703e-01   3.9662352e-01
   7.8759604e-02   8.5890061e-01
   2.4293361e-01   7.2108667e-01
   4.9643350e-02   9.0507018e-01
   2.3576468e-01   7.6323008e-01
   7.4780574e-01   8.3089624e-02
   4.7848753e-01   4.7089010e-01
   9.4891518e-01   4.1600429e-02
   6.5796950e-02   8.7414585e-01
   7.6027518e-01   5.8986675e-02
   2.6603551e-01   5.9214446e-01
   7.3062680e-01   1.4964451e-01
   4.9696107e-01   3.4250030e-01
   4.8703639e-01   4.0825028e-01
   4.2404395e-02   9.2133518e-01
   8.8695998e-02   8.5487997e-01
   9.5757136e-01   2.5561835e-02
   4.9364740e-01   3.6337918e-01
   2.2787764e-01   8.0793129e-01
   7.5125762e-01   7.4300258e-02
   2.6837104e-01   5.8090696e-01
   2.5440271e-01   6.5418130e-01
   5.2527277e-01   2.2726702e-01
   2.5753153e-01   6.3667487e-01
   9.7017466e-01   9.7996739e-03
   1.7862079e-02   9.7449584e-01
   4.8536405e-01   4.2016622e-01
   5.2026024e-01   2.3813562e-01
   2.9624644e-01   4.9585780e-01
   2.7073407e-01   5.7005538e-01
   4.8367692e-01   4.3237681e-01
   4.7715187e-01   4.8097941e-01
   2.4961091e-01   6.8177436e-01
   7.4479784e-01   9.2052503e-02
   5.1820736e-01   2.4386194e-01
   2.3942255e-01   7.4181746e-01
   2.4119460e-01   7.3136587e-01
   4.8197076e-01   4.4489588e-01
   2.3192704e-01   7.8529930e-01
   5.2256430e-01   2.3258681e-01
   7.2181830e-01   1.9652543e-01
   2.4797763e-01   6.9133151e-01
   7.4155660e-01   1.0304161e-01
   5.0935467e-01   2.7668694e-01
   4.9863558e-01   3.3242368e-01
   2.6371527e-01   6.0377067e-01
   5.0032891e-01   3.2258126e-01
   7.6840487e-01   5.4521279e-02
   3.0359123e-01   4.9172628e-01
   5.1573329e-01   2.5172665e-01
   2.4464163e-01   7.1098842e-01
   2.1385524e-04   1.0000153e+00
   5.1135606e-01   2.6814846e-01
   2.8550234e-01   5.1646871e-01
   2.7233046e-01   5.6304059e-01
   2.7899826e-01   5.3678727e-01
   5.0204789e-01   3.1296476e-01
   2.7510743e-02   9.5503312e-01
   2.5753153e-01   6.3667487e-01
   2.4632213e-01   7.0106934e-01
   4.8024224e-01   4.5773037e-01
   2.8260408e-01   5.2483501e-01
   7.5551231e-01   6.5695345e-02
   5.0744025e-01   2.8543534e-01
   7.1265664e-02   8.6644774e-01
   2.7394957e-01   5.5620120e-01
   2.5597240e-01   6.4533825e-01
   2.9957995e-01   4.9295975e-01
   5.1346926e-01   2.5982750e-01
   2.6140089e-01   6.1578363e-01
   7.2816206e-01   1.6201125e-01
   2.7559632e-01   5.4954216e-01
   2.3761340e-01   7.5244256e-01
   9.9671556e-01   4.2705762e-05
   7.3580822e-01   1.2579374e-01
   5.0559387e-01   2.9439352e-01
   2.2993155e-01   7.9654961e-01
   5.3481557e-01   2.1899641e-01
   7.1987335e-01   2.0779544e-01
   2.5908308e-01   6.2818665e-01
   2.7727678e-01   5.4306863e-01
   8.8695998e-02   8.5487997e-01
   4.9199877e-01   3.7419594e-01
   5.5025571e-02   8.9369317e-01
   6.0397043e-02   8.8330819e-01
   2.2130746e-01   8.4267100e-01
   2.5282122e-01   6.6319878e-01
   4.9530010e-01   3.5281584e-01
   2.9214555e-01   5.0172806e-01
   2.8864252e-01   5.0871275e-01
   7.2575282e-01   1.7468570e-01
   4.9643350e-02   9.0507018e-01
   2.2467577e-01   8.2520781e-01
   2.5122478e-01   6.7239604e-01
   3.5038155e-02   9.3824863e-01
   2.8077040e-01   5.3070487e-01
   7.2377639e-01   1.8548806e-01
   7.3316763e-01   1.3757187e-01
   4.9034998e-01   3.8527443e-01
   2.3386967e-01   7.7419062e-01
   4.8869703e-01   3.9662352e-01
   7.8759604e-02   8.5890061e-01
   2.4293361e-01   7.2108667e-01
   5.2527277e-01   2.2726702e-01
   2.3576468e-01   7.6323008e-01
   7.4780574e-01   8.3089624e-02
   4.7848753e-01   4.7089010e-01
   9.4891518e-01   4.1600429e-02
   6.5796950e-02   8.7414585e-01
   9.7017466e-01   9.7996739e-03
   2.6603551e-01   5.9214446e-01
   7.3062680e-01   1.4964451e-01
   4.9696107e-01   3.4250030e-01
   4.8703639e-01   4.0825028e-01
   4.2404395e-02   9.2133518e-01
   2.7073407e-01   5.7005538e-01
   9.5757136e-01   2.5561835e-02
   4.9364740e-01   3.6337918e-01
   2.2787764e-01   8.0793129e-01
   7.5125762e-01   7.4300258e-02
   2.6837104e-01   5.8090696e-01
   1.7862079e-02   9.7449584e-01
   4.8367692e-01   4.3237681e-01
   5.1820736e-01   2.4386194e-01
   5.2026024e-01   2.3813562e-01
   2.9624644e-01   4.9585780e-01
   7.3858771e-01   1.1428460e-01
   2.3192704e-01   7.8529930e-01
   5.0379945e-01   3.0357242e-01
   5.2878118e-01   2.2232738e-01
   2.4797763e-01   6.9133151e-01
   2.4961091e-01   6.8177436e-01
   7.2181830e-01   1.9652543e-01
   7.4479784e-01   9.2052503e-02
   2.4119460e-01   7.3136587e-01
   4.8197076e-01   4.4489588e-01
   2.3942255e-01   7.4181746e-01
   5.2256430e-01   2.3258681e-01
   2.5440289e-01   6.5418029e-01
   7.6027516e-01   5.8986695e-02
   4.8536413e-01   4.2016565e-01
   4.7715183e-01   4.8097977e-01
   5.8372761e+00   6.4738237e+00
   7.2644169e+00   5.5388875e+00
   7.6914579e+00   5.1718512e+00
   6.4418207e+00   6.3623262e+00
   4.9589256e+00   6.0077533e+00
   7.0126032e+00   4.3458664e+00
   5.9115051e+00   6.3717576e+00
   7.2145699e+00   6.9057521e+00
   5.9329276e+00   5.9679224e+00
   6.4945863e+00   6.2910383e+00
   6.2176474e+00   6.2422937e+00
   8.5021034e+00   5.4643878e+00
   6.3564898e+00   5.2408312e+00
   6.0594170e+00   6.4429336e+00
   6.1261119e+00   5.9509702e+00
   7.4495049e+00   5.9088325e+00
   6.1135944e+00   5.5009955e+00
   5.8801437e+00   5.4858895e+00
   6.5216699e+00   5.3366293e+00
   6.0669429e+00   5.9079016e+00
   7.2683959e+00   4.9281203e+00
   6.1999028e+00   6.7417325e+00
   6.8762613e+00   4.6070324e+00
   6.2169501e+00   6.7523860e+00
   5.9711485e+00   5.9920623e+00
   8.2996639e+00   7.1200705e+00
   6.5763376e+00   6.2820035e+00
   5.5255568e+00   6.3314022e+00
   6.2290795e+00   5.2259540e+00
   7.1444168e+00   7.6955617e+00
   6.3407918e+00   7.0469328e+00
   6.7554007e+00   7.3251662e+00
   5.7081121e+00   7.4236056e+00
   6.6578255e+00   7.5491536e+00
   6.1049074e+00   5.5379934e+00
   6.2548187e+00   4.9103069e+00
   5.4323760e+00   5.6360033e+00
   6.6252089e+00   5.0047693e+00
   7.2561232e+00   5.8264891e+00
   8.4046800e+00   5.9660486e+00
   5.7228969e+00   6.2402606e+00
   7.5428180e+00   6.3267223e+00
   7.0156260e+00   7.3909393e+00
   8.2072675e+00   5.5415253e+00
   7.0715858e+00   6.7755046e+00
   6.4588122e+00   5.0802628e+00
   6.4197514e+00   6.6737858e+00
   6.8308449e+00   5.2583277e+00
   7.0313568e+00   7.1962796e+00
   5.7556534e+00   6.3739664e+00
   6.2786385e+00   6.2907536e+00
   6.6630746e+00   6.7204277e+00
   7.2423475e+00   6.4070492e+00
   5.7714360e+00   5.5118052e+00
   6.3601096e+00   5.4874508e+00
   6.6173277e+00   5.3808293e+00
   7.1402789e+00   5.8323380e+00
   5.6913613e+00   6.1429508e+00
   5.3203794e+00   5.1985851e+00
   7.7012009e+00   4.6399201e+00
   7.7834368e+00   5.5217461e+00
   5.9307245e+00   5.0084943e+00
   7.8085600e+00   4.7967504e+00
   6.8374889e+00   6.1092149e+00
   5.0312638e+00   6.4978781e+00
   7.3375642e+00   6.2930196e+00
   7.9430742e+00   5.2041352e+00
   6.3054311e+00   6.3409720e+00
   6.0697347e+00   5.3121080e+00
   4.6927060e+00   5.0499780e+00
   5.9854314e+00   4.4496110e+00
   6.9105750e+00   5.5946354e+00
   6.8492494e+00   6.1163795e+00
   6.2669973e+00   6.3664082e+00
   6.5512676e+00   4.8821023e+00
   6.7672746e+00   6.2200922e+00
   6.7785422e+00   4.7933728e+00
   5.5045443e+00   7.4473508e+00
   5.2568658e+00   6.7374939e+00
   6.8715286e+00   5.0893310e+00
   7.4697741e+00   5.6436794e+00
   7.7905799e+00   6.3421008e+00
   5.5888862e+00   8.0649831e+00
   6.5889716e+00   5.4390324e+00
   5.5484523e+00   5.2011174e+00
   5.5621897e+00   5.8333080e+00
   4.3787814e+00   6.5771791e+00
   6.2573313e+00   6.3987480e+00
   5.9393386e+00   6.2884727e+00
   6.7068763e+00   5.8155788e+00
   6.3377688e+00   6.8388950e+00
   6.8131362e+00   5.8690171e+00
   6.2794550e+00   5.1562718e+00
   6.5583621e+00   5.3560077e+00
   5.0100011e+00   6.2526650e+00
   5.7471183e+00   6.6247062e+00
   8.4268923e+00   5.6977493e+00
   7.8679707e+00   6.7522376e+00
   6.0405542e+00   5.5514618e+00
   5.4207433e+00   5.7841871e+00
   6.2887961e-01   9.0497390e-01
   5.9956000e-01   1.0385383e+00
   5.7112809e-01   1.2025588e+00
   6.2563400e-01   9.1532115e-01
   6.1702073e-01   9.4901400e-01
   3.9405938e-01   1.2899611e+00
   6.4466966e-01   8.7577883e-01
   1.0952418e+00   4.6046629e-01
   3.5233106e-01   1.3747774e+00
   4.0757783e-01   1.2628291e+00
   1.2951672e+00   4.2255623e-01
   1.3036480e+00   4.0717331e-01
   6.1437406e-01   9.6099255e-01
   3.9935715e-01   1.2786109e+00
   1.2914855e+00   4.3048586e-01
   1.0765168e+00   5.3018102e-01
   8.2267981e-01   8.6312681e-01
   5.8218438e-01   1.1402809e+00
   8.6395089e-01   6.2563445e-01
   8.3455652e-01   7.7651357e-01
   3.5858149e-01   1.3653947e+00
   4.0204728e-01   1.2731562e+00
   5.7955907e-01   1.1555099e+00
   5.6811621e-01   1.2184067e+00
   5.8981440e-01   1.0953382e+00
   8.4019283e-01   7.3905607e-01
   1.0704727e+00   5.6132625e-01
   8.6128860e-01   6.3401654e-01
   5.9227441e-01   1.0808108e+00
   6.0439393e-01   1.0116325e+00
   6.4880521e-01   8.7430447e-01
   1.0679993e+00   5.7506239e-01
   3.6451224e-01   1.3548610e+00
   1.3448369e+00   3.8258932e-01
   3.8620819e-01   1.3077361e+00
   4.3470888e-01   1.2374393e+00
   6.0683812e-01   9.9853786e-01
   1.0984810e+00   4.5304382e-01
   1.0730204e+00   5.4776790e-01
   8.2665888e-01   8.3327890e-01
   5.7680877e-01   1.1712159e+00
   4.2665586e-01   1.2398422e+00
   6.3246826e-01   8.9517793e-01
   8.5453628e-01   6.6054945e-01
   4.1341857e-01   1.2534886e+00
   1.0852662e+00   4.9215391e-01
   3.4568542e-01   1.3825884e+00
   3.9143277e-01   1.2958209e+00
   6.4004093e-01   8.8052672e-01
   8.4609153e-01   7.0349988e-01
   3.7830644e-01   1.3258252e+00
   1.3151624e+00   3.9281720e-01
   3.8359809e-01   1.3137408e+00
   1.3238753e+00   3.8658124e-01
   6.0931519e-01   9.8568932e-01
   8.4183122e-01   7.2877255e-01
   8.2428618e-01   8.5100690e-01
   5.8477442e-01   1.1250951e+00
   3.8098182e-01   1.3197457e+00
   6.3652107e-01   8.8629404e-01
   8.4876247e-01   6.8882999e-01
   8.5253860e-01   6.6977951e-01
   1.0924121e+00   4.6814597e-01
   1.0821704e+00   5.0457800e-01
   3.7564919e-01   1.3317966e+00
   5.8731347e-01   1.1101181e+00
   1.0792660e+00   5.1728103e-01
   1.0886428e+00   4.7997281e-01
   8.6699278e-01   6.1755786e-01
   1.1024191e+00   4.4592259e-01
   8.3614928e-01   7.6562789e-01
   3.9672252e-01   1.2841820e+00
   8.3059808e-01   8.0444743e-01
   1.3304406e+00   3.8404764e-01
   8.7063112e-01   6.1003629e-01
   1.1079391e+00   4.3950006e-01
   1.1138422e+00   4.3709529e-01
   6.1975203e-01   9.3741224e-01
   1.2991805e+00   4.1476877e-01
   8.3297130e-01   7.8755868e-01
   8.5886620e-01   6.4268208e-01
   6.0196790e-01   1.0249860e+00
   4.1965947e-01   1.2456425e+00
   8.3855624e-01   7.4961763e-01
   6.1180772e-01   9.7324388e-01
   5.9471364e-01   1.0665005e+00
   1.3088363e+00   3.9978628e-01
   3.8882529e-01   1.3017373e+00
   5.7404028e-01   1.1867169e+00
   3.7293172e-01   1.3377297e+00
   8.5061006e-01   6.7925585e-01
   8.8016977e-01   6.0157234e-01
   1.0655728e+00   5.8903784e-01
   8.4351885e-01   7.1851026e-01
   8.5664953e-01   6.5146751e-01
   8.7565441e-01   6.0354511e-01
   6.2260732e-01   9.2617215e-01
   8.2902576e-01   8.1585571e-01
   3.7017963e-01   1.3435575e+00
   5.9714223e-01   1.0523918e+00
   6.8148561e-01   5.5307251e-01
   1.8498480e-01   1.2090692e+00
   9.2808440e-01   3.0597448e-01
   9.4203397e-01   2.7192489e-01
   1.1391757e+00   2.3999092e-01
   1.1445950e+00   2.3114116e-01
   4.7099255e-01   7.2362428e-01
   4.3346452e-01   8.9618582e-01
   9.1071331e-01   3.8271983e-01
   7.0396122e-01   4.5008258e-01
   4.3550275e-01   8.8430484e-01
   2.2791276e-01   1.1287016e+00
   6.9642660e-01   4.7597762e-01
   1.1302330e+00   2.5820452e-01
   2.3015134e-01   1.1236114e+00
   9.3752920e-01   2.8003822e-01
   6.6773576e-01   6.4664525e-01
   2.0965031e-01   1.1696786e+00
   2.0486281e-01   1.1793276e+00
   4.2284320e-01   9.5880563e-01
   2.5833143e-01   1.0728030e+00
   4.3754573e-01   8.7251658e-01
   6.8746146e-01   5.1852177e-01
   4.1827510e-01   9.8534229e-01
   9.2162597e-01   3.3040224e-01
   4.5828861e-01   7.6705284e-01
   6.6270350e-01   6.8412589e-01
   1.1717677e+00   2.1004807e-01
   6.7704143e-01   5.8144528e-01
   4.2504447e-01   9.4586150e-01
   6.6585402e-01   6.6052330e-01
   9.5318792e-01   2.6357526e-01
   9.0509874e-01   4.1418698e-01
   4.6056420e-01   7.5782210e-01
   4.2059974e-01   9.7191192e-01
   1.9991088e-01   1.1884360e+00
   4.3956956e-01   8.6099123e-01
   4.0838292e-01   1.0398584e+00
   4.7551872e-01   7.1335380e-01
   4.2925334e-01   9.2098089e-01
   9.4618515e-01   2.6689038e-01
   1.1539426e+00   2.1978854e-01
   4.5277226e-01   7.9170470e-01
   1.1344723e+00   2.4902547e-01
   6.9399498e-01   4.8631787e-01
   4.4360600e-01   8.3858510e-01
   9.1334640e-01   3.6894869e-01
   6.9173337e-01   4.9676426e-01
   6.7145860e-01   6.1977165e-01
   4.6288866e-01   7.4900905e-01
   2.2342391e-01   1.1390096e+00
   7.0898923e-01   4.3823738e-01
   4.7930104e-01   7.0706117e-01
   7.1955446e-01   4.2805121e-01
   4.6537731e-01   7.4030359e-01
   6.9901198e-01   4.6602250e-01
   7.0183382e-01   4.5642286e-01
   9.1591276e-01   3.5619217e-01
   4.4160064e-01   8.4961241e-01
   9.2469208e-01   3.1815110e-01
   4.4564400e-01   8.2762837e-01
   4.8835927e-01   7.0078068e-01
   2.7303863e-01   1.0639604e+00
   2.1431061e-01   1.1596603e+00
   6.6960917e-01   6.3300289e-01
   6.7957564e-01   5.6500264e-01
   6.6458776e-01   6.6995974e-01
   4.0574602e-01   1.0534034e+00
   6.8543068e-01   5.2975503e-01
   7.1294080e-01   4.3208275e-01
   2.5324634e-01   1.0792146e+00
   4.4975580e-01   8.0640775e-01
   4.4765096e-01   8.1711193e-01
   1.1606625e+00   2.1449437e-01
   2.3909894e-01   1.1041728e+00
   6.8344196e-01   5.4126762e-01
   6.8955108e-01   5.0755164e-01
   4.5499435e-01   7.8140582e-01
   9.3398574e-01   2.8836382e-01
   6.7520419e-01   5.9377438e-01
   1.9219719e-01   1.2004858e+00
   4.6799167e-01   7.3201281e-01
   4.1593388e-01   9.9868681e-01
   7.0629270e-01   4.4403456e-01
   4.2715714e-01   9.3337435e-01
   6.7331348e-01   6.0674643e-01
   4.1094648e-01   1.0262423e+00
   2.6364688e-01   1.0678670e+00
   9.3084961e-01   2.9714180e-01
   2.4833295e-01   1.0868180e+00
   1.1489340e+00   2.2527025e-01
   9.0821101e-01   3.9641271e-01
   2.4367232e-01   1.0951381e+00
   2.3463394e-01   1.1136444e+00
   4.3139621e-01   9.0833588e-01
   9.1867660e-01   3.4325107e-01
   4.8398604e-01   7.0224834e-01
   4.1346876e-01   1.0124632e+00
   2.1891202e-01   1.1493455e+00
   1.1845473e+00   2.0907014e-01
   5.5607881e-01   5.4288522e-01
   8.1273362e-01   2.5384543e-01
   3.5695213e-01   6.7470992e-01
   3.3957178e-01   7.2158869e-01
   5.4511268e-01   6.1964264e-01
   7.8753338e-01   3.5713028e-01
   1.2301761e-01   1.0598766e+00
   8.0661503e-01   2.7175631e-01
   5.7999035e-01   4.2345429e-01
   7.9328090e-01   3.2717115e-01
   1.0457673e+00   1.7804103e-01
   3.4666023e-01   6.9751241e-01
   1.1438908e-01   1.0771617e+00
   3.2207397e-01   8.0405809e-01
   3.6084697e-01   6.7014175e-01
   3.0787197e-01   8.8544252e-01
   5.3976400e-01   6.5971043e-01
   5.4334960e-01   6.3272217e-01
   8.1593578e-01   2.4648105e-01
   3.3315159e-01   7.4851419e-01
   2.9681624e-01   9.5031520e-01
   5.5840218e-01   5.2798254e-01
   5.6687221e-01   4.7901607e-01
   3.6635231e-01   6.6762947e-01
   1.0310853e+00   1.8769194e-01
   5.9776608e-01   3.9489633e-01
   5.5377191e-01   5.5821863e-01
   5.7081039e-01   4.5953331e-01
   5.7744675e-01   4.3207335e-01
   9.4860899e-02   1.1213118e+00
   3.3737935e-01   7.3027490e-01
   5.4859540e-01   5.9430357e-01
   1.0152072e+00   2.1087578e-01
   8.0994022e-01   2.6140327e-01
   7.9569485e-01   3.1559727e-01
   3.1808762e-01   8.2612768e-01
   5.9024486e-01   4.0009833e-01
   1.2962033e-01   1.0487565e+00
   5.4156740e-01   6.4608045e-01
   3.4928818e-01   6.9026054e-01
   7.9036582e-01   3.4196275e-01
   8.0360791e-01   2.8236003e-01
   5.6880755e-01   4.6915981e-01
   1.3643904e-01   1.0397672e+00
   8.8136369e-02   1.1359568e+00
   7.9819767e-01   3.0428228e-01
   2.8552034e-01   1.0122995e+00
   2.9074346e-01   9.8448831e-01
   1.1869069e-01   1.0682190e+00
   7.8530995e-01   3.6954237e-01
   1.0196424e+00   2.0295506e-01
   3.2008421e-01   8.1496765e-01
   3.2406292e-01   7.9339384e-01
   1.0247732e+00   1.9519578e-01
   5.5204607e-01   5.7000854e-01
   5.5032258e-01   5.8203018e-01
   8.0082472e-01   2.9319219e-01
   5.7289980e-01   4.5013637e-01
   1.1009370e-01   1.0865741e+00
   1.5131632e-01   1.0308007e+00
   5.6075598e-01   5.1348874e-01
   7.8311083e-01   3.8221961e-01
   1.4361121e-01   1.0335079e+00
   3.2705509e-01   7.7786764e-01
   5.7510032e-01   4.4097786e-01
   1.0145054e-01   1.1062888e+00
   5.6499099e-01   4.8909789e-01
   3.4418950e-01   7.0517754e-01
   5.9412135e-01   3.9615143e-01
   3.3109490e-01   7.5804173e-01
   2.9322755e-01   9.7071141e-01
   3.2906629e-01   7.6782250e-01
   1.0578699e-01   1.0963261e+00
   5.6315217e-01   4.9940928e-01
   7.4152638e-02   1.1618380e+00
   2.8817921e-01   9.9835568e-01
   8.2545480e-01   2.3282510e-01
   3.3524328e-01   7.3925453e-01
   2.9912464e-01   9.3695256e-01
   8.3144294e-01   2.3041952e-01
   3.0575164e-01   8.9797769e-01
   5.8493970e-01   4.0986488e-01
   3.1608408e-01   8.3751081e-01
   8.1984505e-01   2.3938494e-01
   3.0138269e-01   9.2374707e-01
   5.8281552e-01   4.1517494e-01
   6.3199586e-02   1.1759146e+00
   3.1202621e-01   8.6100484e-01
   1.0112041e+00   2.1897219e-01
   1.0365501e+00   1.8292043e-01
   8.1233878e-02   1.1496778e+00
   3.5211972e-01   6.8352477e-01
   3.0994989e-01   8.7318720e-01
   1.0629155e+00   1.7591469e-01
   3.1406104e-01   8.4916078e-01
   5.4685969e-01   6.0684105e-01
   3.0358560e-01   9.1077654e-01
   2.9563766e-01   9.5707011e-01
   5.8735236e-01   4.0480059e-01
   3.4183232e-01   7.1322546e-01
   3.0155716e-01   6.4674881e-01
   2.8684105e-01   7.3030530e-01
   3.2581678e-01   5.4524518e-01
   5.4758022e-01   3.1611581e-01
   2.8247987e-01   7.5607815e-01
   7.6074759e-01   2.3493750e-01
   3.1125170e-01   5.9884693e-01
   2.9915256e-01   6.5972764e-01
   5.5350297e-01   2.9026050e-01
   1.0189792e+00   3.1490510e-02
   3.4443131e-01   5.1907123e-01
   2.6580974e-01   8.5099069e-01
   5.1924238e-01   4.9887397e-01
   1.0398225e+00   2.7362398e-02
   5.3411426e-01   3.9314635e-01
   3.2374690e-01   5.5125197e-01
   2.9674043e-01   6.7308424e-01
   2.7410894e-01   8.0498376e-01
   7.6287849e-01   2.2261134e-01
   5.6622172e-01   2.5442479e-01
   1.0118965e-01   9.1073903e-01
   2.8937309e-01   7.1541776e-01
   5.1185225e-02   1.0145481e+00
   5.5124215e-01   2.9948298e-01
   7.6715200e-01   1.9903753e-01
   2.7978022e-01   7.7199846e-01
   5.2064699e-01   4.8832568e-01
   3.2910575e-01   5.3691393e-01
   2.9513365e-01   6.8214288e-01
   8.0228136e-01   8.5155726e-02
   5.7555921e-01   2.4634349e-01
   5.4559202e-01   3.2598602e-01
   5.9318031e-02   1.0006929e+00
   7.7159941e-01   1.7634039e-01
   1.2958024e-01   8.8222298e-01
   5.3101425e-01   4.1381244e-01
   7.6977999e-02   9.6307762e-01
   2.7211136e-01   8.1635818e-01
   3.0633118e-01   6.2217546e-01
   5.3768084e-01   3.7057934e-01
   1.2068193e-01   8.8546632e-01
   8.2560527e-02   9.5024720e-01
   5.4226111e-01   3.4376937e-01
   3.1543490e-01   5.8089881e-01
   7.8263224e-01   1.2954069e-01
   5.2611711e-01   4.4813347e-01
   7.9784705e-01   9.0602731e-02
   1.0064357e+00   4.1849564e-02
   2.7792507e-01   7.8287657e-01
   2.6792837e-01   8.3958872e-01
   5.6326034e-01   2.6025027e-01
   5.2250010e-01   4.7453446e-01
   5.5592373e-01   2.8130719e-01
   5.4367050e-01   3.3605959e-01
   5.7016320e-01   2.4910601e-01
   1.0691102e-01   9.0106447e-01
   6.5368959e-02   9.8870028e-01
   5.3904724e-01   3.6231234e-01
   5.6076505e-01   2.6636456e-01
   7.7683142e-01   1.5235015e-01
   2.9350434e-01   6.9144166e-01
   7.8967775e-01   1.0763722e-01
   8.0921127e-01   8.1867099e-02
   9.8929764e-01   6.9908573e-02
   2.6242761e-01   8.6859225e-01
   7.7439621e-01   1.6313193e-01
   5.4911531e-01   3.0889405e-01
   3.0394815e-01   6.3422674e-01
   9.9731078e-01   5.4709485e-02
   2.7603739e-01   7.9386564e-01
   2.8424925e-01   7.4561692e-01
   1.1268231e-01   8.9308329e-01
   9.0063475e-02   9.3333351e-01
   7.7989342e-01   1.3979177e-01
   7.1202279e-02   9.7613291e-01
   3.2179757e-01   5.5742958e-01
   5.3589707e-01   3.8169372e-01
   3.1292143e-01   5.9146092e-01
   5.2924181e-01   4.2601716e-01
   3.1805898e-01   5.7062940e-01
   5.1781451e-01   5.0966557e-01
   3.3280836e-01   5.2938258e-01
   5.4041317e-01   3.5427262e-01
   7.9370316e-01   9.8107354e-02
   2.9186940e-01   7.0087041e-01
   8.6312635e-02   9.4169417e-01
   7.6499028e-01   2.1076078e-01
   7.8624750e-01   1.1748270e-01
   5.2745344e-01   4.3858764e-01
   2.7006838e-01   8.2781327e-01
   5.3234569e-01   4.0482526e-01
   7.6936244e-01   1.8750746e-01
   9.5662238e-02   9.2145153e-01
   3.4094360e-01   5.2000351e-01
   3.1990560e-01   5.6389272e-01
   4.1055985e-02   1.0273577e+00
   3.0879335e-01   6.1022382e-01
   5.5857325e-01   2.7263200e-01
   3.3726174e-01   5.2300785e-01
   5.2432079e-01   4.6115007e-01
   3.0206352e-01   6.3023190e-01
   9.5154796e-02   9.1713126e-01
   3.4176652e-01   5.1907123e-01
   5.7298278e-01   2.4634147e-01
   5.1687872e-01   4.9660648e-01
   5.5627816e-01   2.7151665e-01
   5.3394309e-01   3.7722222e-01
   7.7630493e-01   1.4346017e-01
   5.4888844e-01   2.9816561e-01
   5.4674612e-01   3.0754432e-01
   4.6808503e-02   1.0170791e+00
   2.7886546e-01   7.6168674e-01
   5.3893618e-01   3.4747100e-01
   7.9985265e-01   8.4939907e-02
   2.7704949e-01   7.7238622e-01
   5.4272411e-01   3.2702645e-01
   7.7952437e-01   1.3113479e-01
   7.8946125e-01   1.0157878e-01
   3.3144435e-01   5.2721388e-01
   7.6032279e-01   2.2199000e-01
   7.7329162e-01   1.5614502e-01
   3.1909771e-01   5.5754523e-01
   1.0371315e+00   2.7362507e-02
   5.3573901e-01   3.6617793e-01
   5.2328428e-01   4.4934246e-01
   9.8672275e-01   6.9718292e-02
   3.1191780e-01   5.8440318e-01
   5.5932549e-01   2.6322551e-01
   5.5359705e-01   2.8013407e-01
   3.8388727e-02   1.0273602e+00
   5.2011634e-01   4.7245711e-01
   5.3038895e-01   4.0011306e-01
   7.5820691e-01   2.3420996e-01
   2.9966240e-01   6.4267189e-01
   3.2755803e-01   5.3443240e-01
   8.4037098e-02   9.4081576e-01
   5.4080776e-01   3.3712635e-01
   2.8064711e-01   7.5115979e-01
   1.0164264e+00   3.1431913e-02
   5.1546523e-01   5.0727574e-01
   7.6288020e-01   2.0771205e-01
   2.7136154e-01   8.0545720e-01
   7.8570222e-01   1.1121348e-01
   7.6548602e-01   1.9376849e-01
   2.9726320e-01   6.5550309e-01
   8.0667299e-01   8.1864535e-02
   2.5963979e-01   8.6921745e-01
   3.2308647e-01   5.4542643e-01
   2.6732264e-01   8.2826308e-01
   2.8582488e-01   7.2060005e-01
   3.0938961e-01   5.9526057e-01
   6.6977240e-02   9.7957090e-01
   7.7044071e-01   1.6912061e-01
   5.4469799e-01   3.1716718e-01
   2.6936933e-01   8.1679472e-01
   3.2104677e-01   5.5135954e-01
   3.3813744e-01   5.2008063e-01
   3.0691341e-01   6.0652898e-01
   5.6675527e-01   2.4989539e-01
   2.7329982e-01   7.9428739e-01
   5.3216103e-01   3.8853547e-01
   3.0447511e-01   6.1819142e-01
   3.1540888e-01   5.7057421e-01
   5.2506959e-01   4.3659689e-01
   5.2148042e-01   4.6243288e-01
   5.1873773e-01   4.8268428e-01
   2.8997959e-01   6.9638992e-01
   1.0037971e+00   4.1819431e-02
   9.1448186e-02   9.2465062e-01
   2.6303930e-01   8.5155205e-01
   7.8245368e-01   1.2106521e-01
   1.2717656e-01   8.8221451e-01
   7.2754540e-02   9.6663906e-01
   2.6521572e-01   8.3984926e-01
   3.1722352e-01   5.6395386e-01
   5.2684666e-01   4.2414353e-01
   1.0075326e-01   9.0678172e-01
   5.6303775e-01   2.5533304e-01
   5.3709913e-01   3.5806551e-01
   2.9243306e-01   6.8234608e-01
   1.1231006e-01   8.9047053e-01
   2.8412396e-01   7.3061380e-01
   1.1842845e-01   8.8519167e-01
   3.2523978e-01   5.3978085e-01
   2.8240143e-01   7.4078656e-01
   5.5051865e-02   1.0036443e+00
   5.5115862e-01   2.8902001e-01
   7.9419239e-01   9.2182527e-02
   1.0644918e-01   8.9779127e-01
   6.1079988e-02   9.9203880e-01
   2.8750415e-01   7.1076300e-01
   3.3447265e-01   5.2314529e-01
   2.9485645e-01   6.6872693e-01
   3.1364492e-01   5.7738683e-01
   7.6770274e-01   1.8242581e-01
   7.8436011e-02   9.5360128e-01
   5.2861822e-01   4.1198537e-01
   2.7519627e-01   7.8325069e-01
   9.9474806e-01   5.4539324e-02
   8.7747264e-02   9.3257019e-01
   2.4725414e-02   1.0055954e+00
   5.1452386e-01   3.2895040e-01
   3.0759088e-01   5.1925536e-01
   2.4835626e-01   7.7789641e-01
   5.0688406e-01   3.7311664e-01
   3.0460887e-01   5.2313613e-01
   7.3598914e-01   2.0275192e-01
   5.2720103e-01   2.7401659e-01
   5.0820057e-01   3.6499615e-01
   2.6892992e-01   6.5841789e-01
   5.0997283e-01   3.5438469e-01
   5.5748995e-02   9.3980706e-01
   2.6405579e-01   6.8579916e-01
   2.4448670e-01   8.0033618e-01
   7.3102379e-01   2.3086231e-01
   1.0099527e+00   2.3754146e-02
   3.4732981e-02   9.8681318e-01
   2.3266163e-01   8.6479344e-01
   2.4247773e-01   8.1178936e-01
   5.2039700e-01   3.0039662e-01
   7.3349418e-01   2.1662128e-01
   5.3788834e-01   2.4850650e-01
   5.1641466e-01   3.1920793e-01
   5.1313444e-01   3.3642585e-01
   7.7933809e-02   8.9619696e-01
   5.4584563e-01   2.4273292e-01
   5.0513873e-01   3.8417836e-01
   5.2988194e-01   2.6573956e-01
   2.6731508e-01   6.6736227e-01
   2.5205273e-01   7.5615438e-01
   2.9738747e-01   5.3797213e-01
   5.2476883e-01   2.8257818e-01
   2.7133847e-01   6.4535572e-01
   7.4110941e-01   1.7610405e-01
   9.7636131e-01   3.8555187e-02
   5.1836964e-01   3.0967660e-01
   2.5734319e-01   7.2489544e-01
   2.6240697e-01   6.9528830e-01
   2.6569238e-01   6.7648260e-01
   4.8826566e-01   5.0412892e-01
   4.9861222e-01   4.2818559e-01
   2.5905417e-01   7.1483165e-01
   7.5000471e-01   1.3651773e-01
   7.4377854e-01   1.6327991e-01
   2.9430470e-01   5.4655380e-01
   6.1303627e-02   9.2744800e-01
   2.8184718e-01   5.9344818e-01
   2.7615094e-01   6.2044229e-01
   9.9800763e-02   8.7861346e-01
   9.6761591e-01   5.0920072e-02
   7.6149658e-01   9.9923575e-02
   2.5384666e-01   7.4555182e-01
   9.5982370e-01   6.5604859e-02
   7.2352500e-02   9.0538664e-01
   7.5374845e-01   1.2270407e-01
   7.3851856e-01   1.8926681e-01
   5.0339725e-01   3.9553300e-01
   2.9049412e-01   5.5890840e-01
   5.3214049e-01   2.5973109e-01
   3.0076673e-01   5.3008897e-01
   2.9235561e-01   5.5263828e-01
   2.3935980e-01   8.2921534e-01
   2.8351120e-01   5.8615532e-01
   5.4085026e-01   2.4503088e-01
   7.7943244e-01   7.8257911e-02
   5.2251609e-01   2.9137774e-01
   9.1453350e-02   8.8147726e-01
   5.3472580e-01   2.5395452e-01
   7.6578356e-01   9.0796907e-02
   2.8692609e-01   5.7212421e-01
   2.8868646e-01   5.6541202e-01
   5.0166061e-01   4.0715014e-01
   4.9686102e-01   4.4060050e-01
   7.5733460e-01   1.1116739e-01
   9.8812074e-01   2.8460986e-02
   2.7374212e-01   6.3269810e-01
   2.4644435e-01   7.8903733e-01
   4.9240584e-01   4.7308021e-01
   8.3603584e-02   8.8861303e-01
   5.0139737e-02   9.5265644e-01
   1.1250135e-02   1.0237517e+00
   4.9992897e-01   4.1900448e-01
   4.2524663e-02   9.7001566e-01
   4.8966187e-01   4.9358689e-01
   2.5560836e-01   7.3513583e-01
   2.6074036e-01   7.0496745e-01
   2.3609950e-01   8.4688664e-01
   3.1115692e-01   5.1638607e-01
   6.6823837e-02   9.1589023e-01
   7.4656291e-01   1.5074767e-01
   2.8520154e-01   5.7904809e-01
   5.1176832e-01   3.4402788e-01
   4.9104193e-01   4.8323402e-01
   2.8020171e-01   6.0093507e-01
   4.9375131e-01   4.6315146e-01
   3.1462447e-01   5.1546269e-01
   2.5022251e-01   7.6694480e-01
   2.7856669e-01   6.0863162e-01
   7.7202454e-01   8.1982612e-02
   4.9553533e-01   4.5014068e-01
   5.1639676e-01   2.9554607e-01
   7.7934584e-01   5.4508873e-02
   6.3521249e-02   8.9894643e-01
   5.2429978e-01   2.6059051e-01
   2.4756333e-01   7.5877630e-01
   5.0149289e-01   3.8453520e-01
   7.7059741e-01   5.9781414e-02
   6.7106192e-02   8.9157327e-01
   5.1110819e-01   3.2403661e-01
   1.1250135e-02   1.0000000e+00
   2.3561902e-01   8.2568516e-01
   3.1010712e-01   4.9327737e-01
   2.7754864e-01   5.8979545e-01
   7.7928491e-02   8.7245326e-01
   3.0276328e-01   5.0245293e-01
   5.2218157e-01   2.6900256e-01
   7.4779628e-01   1.2173274e-01
   2.7523202e-01   6.0131213e-01
   1.0034913e-01   8.5485072e-01
   4.7180638e-02   9.3570361e-01
   5.0940739e-01   3.3397762e-01
   2.6439937e-01   6.6008259e-01
   2.9616394e-01   5.1747079e-01
   3.0682022e-01   4.9637809e-01
   2.9056442e-01   5.3491195e-01
   2.5796748e-01   6.9746661e-01
   5.2017429e-01   2.7763360e-01
   2.5290821e-01   7.2734844e-01
   5.1459516e-01   3.0482221e-01
   5.8126579e-02   9.1069901e-01
   4.9521651e-01   4.2870024e-01
   5.3184388e-01   2.3671760e-01
   2.9235815e-01   5.2887834e-01
   2.5960103e-01   6.8787408e-01
   2.7292569e-01   6.1320021e-01
   9.1110921e-02   8.5794949e-01
   9.6070295e-01   4.0026675e-02
   7.2497749e-02   8.8137646e-01
   2.9928573e-01   5.0959204e-01
   2.3226740e-01   8.4304223e-01
   5.2690599e-02   9.2303970e-01
   5.4585073e-01   2.1898116e-01
   2.4569615e-01   7.6961840e-01
   2.8224978e-01   5.6790584e-01
   5.1283590e-01   3.1431440e-01
   9.6842553e-01   2.5840143e-02
   9.8107463e-01   9.9083756e-03
   2.6830174e-01   6.3812895e-01
   7.5376136e-01   9.8907846e-02
   2.9421644e-01   5.2306677e-01
   3.1446122e-01   4.9171313e-01
   4.9983359e-01   3.9591313e-01
   2.6122159e-01   6.7841293e-01
   4.9648438e-01   4.1954741e-01
   5.0772480e-01   3.4415629e-01
   5.3515896e-01   2.2935101e-01
   2.5116166e-01   7.3766097e-01
   7.5067060e-01   1.1017990e-01
   5.3830706e-01   2.2416782e-01
   7.3078278e-01   2.0852521e-01
   7.4508218e-01   1.3355023e-01
   2.8630207e-01   5.5083884e-01
   2.5462136e-01   7.1721900e-01
   2.5630837e-01   7.0724898e-01
   5.0439440e-01   3.6524225e-01
   2.6281768e-01   6.6916422e-01
   4.8958846e-01   4.7038795e-01
   4.8825200e-01   4.8048062e-01
   5.0315043e-01   3.7341497e-01
   7.6111189e-01   7.7113147e-02
   5.4113377e-01   2.2102917e-01
   7.4248354e-01   1.4565390e-01
   2.8466076e-01   5.5753631e-01
   2.4938083e-01   7.4814012e-01
   5.2905319e-01   2.4441492e-01
   7.5717738e-01   8.7885968e-02
   5.0605454e-01   3.5458136e-01
   2.4182464e-01   7.9172541e-01
   7.3511905e-01   1.8377536e-01
   2.4151357e-02   9.8279781e-01
   2.3879660e-01   8.0855950e-01
   2.7988307e-01   5.7866365e-01
   2.6596926e-01   6.5116606e-01
   5.2657265e-01   2.5238200e-01
   3.9689497e-02   9.5253674e-01
   7.3997060e-01   1.5805405e-01
   4.9091149e-01   4.6045769e-01
   4.9816310e-01   4.0759637e-01
   7.3752424e-01   1.7074396e-01
   8.3467103e-02   8.6502113e-01
   4.9393871e-01   4.3802451e-01
   1.0077486e+00   2.7502636e-05
   2.8821810e-01   5.4341027e-01
   4.9221732e-01   4.5072693e-01
   5.1825223e-01   2.8648139e-01
   3.2017898e-02   9.6852346e-01
   2.7061788e-01   6.2547452e-01
   2.4379887e-01   7.8052343e-01
   7.3274714e-01   1.9712492e-01
   7.6510316e-01   6.8326453e-02
   2.3561410e-01   8.2571116e-01
   5.2218157e-01   2.6900256e-01
   2.7988327e-01   5.7866270e-01
   3.1446122e-01   4.9171313e-01
   2.7292599e-01   6.1319866e-01
   7.4248354e-01   1.4565390e-01
   7.5066962e-01   1.1018366e-01
   6.7106192e-02   8.9157327e-01
   5.1110819e-01   3.2403661e-01
   1.1250135e-02   1.0000000e+00
   2.6596926e-01   6.5116606e-01
   3.1010712e-01   4.9327737e-01
   2.4379360e-01   7.8055355e-01
   5.0107789e-01   3.8735855e-01
   4.9351156e-01   4.4116214e-01
   5.0772371e-01   3.4416301e-01
   7.4779628e-01   1.2173274e-01
   2.6122131e-01   6.7841455e-01
   5.1459516e-01   3.0482221e-01
   4.9941574e-01   3.9881487e-01
   5.2657265e-01   2.5238200e-01
   2.9928573e-01   5.0959204e-01
   2.9616394e-01   5.1747079e-01
   3.0682022e-01   4.9637809e-01
   2.3879844e-01   8.0854940e-01
   2.8630207e-01   5.5083884e-01
   7.7059441e-01   5.9784959e-02
   7.3997060e-01   1.5805405e-01
   2.3226740e-01   8.4304223e-01
   2.7523330e-01   6.0130565e-01
   5.0940666e-01   3.3398196e-01
   5.3184388e-01   2.3671760e-01
   5.1283509e-01   3.1431885e-01
   4.8958846e-01   4.7038795e-01
   7.5717738e-01   8.7885968e-02
   5.8127335e-02   9.1069731e-01
   9.6070295e-01   4.0026675e-02
   4.9221732e-01   4.5072693e-01
   5.1639633e-01   2.9554821e-01
   4.8825200e-01   4.8048062e-01
   2.5462136e-01   7.1721900e-01
   7.5376136e-01   9.8907846e-02
   1.0034981e-01   8.5485072e-01
   4.9479314e-01   4.3177898e-01
   7.2494913e-02   8.8138150e-01
   7.3078278e-01   2.0852521e-01
   2.9422000e-01   5.2305606e-01
   4.9091149e-01   4.6045769e-01
   2.6440039e-01   6.6007673e-01
   2.5630757e-01   7.0725374e-01
   5.4585073e-01   2.1898116e-01
   9.1109899e-02   8.5795017e-01
   7.6111056e-01   7.7116435e-02
   8.3467103e-02   8.6502113e-01
   7.3511905e-01   1.8377536e-01
   5.3515896e-01   2.2935101e-01
   2.6281768e-01   6.6916422e-01
   9.6841980e-01   2.5849414e-02
   5.3830706e-01   2.2416782e-01
   3.9689497e-02   9.5253674e-01
   5.0439374e-01   3.6524655e-01
   7.6509520e-01   6.8341809e-02
   5.2689063e-02   9.2304322e-01
   2.9056614e-01   5.3490597e-01
   2.7061841e-01   6.2547165e-01
   4.9774588e-01   4.1054780e-01
   2.8466091e-01   5.5753570e-01
   5.1825118e-01   2.8648634e-01
   1.0077486e+00   2.7502636e-05
   5.2430231e-01   2.6058089e-01
   2.4938062e-01   7.4814139e-01
   2.4756165e-01   7.5878612e-01
   2.8821810e-01   5.4341027e-01
   2.5290714e-01   7.2735480e-01
   5.2905235e-01   2.4441741e-01
   2.5116137e-01   7.3766265e-01
   7.7934459e-01   5.4508919e-02
   5.4113501e-01   2.2102811e-01
   2.6830235e-01   6.3812554e-01
   4.7175269e-02   9.3571591e-01
   2.4161206e-02   9.8278157e-01
   3.2017750e-02   9.6852375e-01
   2.5796726e-01   6.9746787e-01
   2.5960268e-01   6.8786442e-01
   2.9235932e-01   5.2887453e-01
   3.0276144e-01   5.0245625e-01
   7.3752282e-01   1.7075148e-01
   2.7754914e-01   5.8979306e-01
   5.2017334e-01   2.7763784e-01
   6.3521686e-02   8.9894551e-01
   4.9606422e-01   4.2256903e-01
   2.8225028e-01   5.6790361e-01
   5.0273543e-01   3.7617502e-01
   7.3274550e-01   1.9713431e-01
   5.0605444e-01   3.5458200e-01
   9.8107309e-01   9.9097785e-03
   7.7930409e-02   8.7245038e-01
   2.4570031e-01   7.6959434e-01
   2.4183614e-01   7.9166060e-01
   7.4508216e-01   1.3355032e-01
   4.8824876e-01   4.8050519e-01
   5.2218157e-01   2.6900256e-01
   8.3466991e-02   8.6502126e-01
   3.1446122e-01   4.9171313e-01
   2.7292599e-01   6.1319866e-01
   7.4248354e-01   1.4565390e-01
   5.0940666e-01   3.3398196e-01
   6.7106192e-02   8.9157327e-01
   2.3879844e-01   8.0854940e-01
   1.1250135e-02   1.0000000e+00
   2.6596926e-01   6.5116606e-01
   2.5796726e-01   6.9746787e-01
   5.1459516e-01   3.0482221e-01
   5.0107789e-01   3.8735855e-01
   5.8127335e-02   9.1069731e-01
   5.0772371e-01   3.4416301e-01
   7.4779628e-01   1.2173274e-01
   5.2017312e-01   2.7763882e-01
   7.5717738e-01   8.7885968e-02
   4.9941574e-01   3.9881487e-01
   5.2657265e-01   2.5238200e-01
   5.3830706e-01   2.2416782e-01
   2.3226738e-01   8.4304231e-01
   2.4183614e-01   7.9166060e-01
   4.9221732e-01   4.5072693e-01
   2.8630207e-01   5.5083884e-01
   7.7059441e-01   5.9784959e-02
   9.6841980e-01   2.5849414e-02
   5.1825118e-01   2.8648634e-01
   2.4938062e-01   7.4814139e-01
   2.5630749e-01   7.0725421e-01
   5.3184388e-01   2.3671760e-01
   2.8466091e-01   5.5753570e-01
   4.8958846e-01   4.7038795e-01
   4.9774588e-01   4.1054780e-01
   5.4113587e-01   2.2102737e-01
   9.6070295e-01   4.0026675e-02
   2.5462169e-01   7.1721705e-01
   2.9056614e-01   5.3490597e-01
   2.3561432e-01   8.2571001e-01
   1.0035121e-01   8.5485072e-01
   7.5376136e-01   9.8907846e-02
   2.7061841e-01   6.2547165e-01
   4.9479314e-01   4.3177898e-01
   7.2494913e-02   8.8138150e-01
   2.4756151e-01   7.5878692e-01
   3.2016831e-02   9.6852556e-01
   4.9091149e-01   4.6045769e-01
   2.6440039e-01   6.6007673e-01
   2.4165665e-02   9.8277421e-01
   5.4585073e-01   2.1898116e-01
   9.1109899e-02   8.5795017e-01
   7.6111056e-01   7.7116435e-02
   4.9351065e-01   4.4116881e-01
   7.3511905e-01   1.8377536e-01
   5.3515896e-01   2.2935101e-01
   2.6281768e-01   6.6916422e-01
   2.8821810e-01   5.4341027e-01
   5.1283521e-01   3.1431819e-01
   5.2689063e-02   9.2304322e-01
   2.9235932e-01   5.2887453e-01
   7.6509520e-01   6.8341809e-02
   2.9616372e-01   5.1747139e-01
   7.3274550e-01   1.9713431e-01
   3.1010685e-01   4.9327756e-01
   2.5290714e-01   7.2735480e-01
   5.2430231e-01   2.6058089e-01
   1.0077486e+00   2.7502636e-05
   7.3997092e-01   1.5805243e-01
   3.0276175e-01   5.0245570e-01
   2.4570031e-01   7.6959434e-01
   2.9928509e-01   5.0959351e-01
   2.7988351e-01   5.7866161e-01
   4.9606392e-01   4.2257122e-01
   7.7934459e-01   5.4508919e-02
   2.5116133e-01   7.3766292e-01
   5.1639636e-01   2.9554806e-01
   7.3752216e-01   1.7075499e-01
   2.6830235e-01   6.3812554e-01
   6.3521686e-02   8.9894551e-01
   2.8225057e-01   5.6790235e-01
   2.4379390e-01   7.8055183e-01
   2.5960363e-01   6.8785887e-01
   3.9688622e-02   9.5253865e-01
   5.0273619e-01   3.7616994e-01
   7.4508216e-01   1.3355032e-01
   4.7176499e-02   9.3571309e-01
   7.5066790e-01   1.1019027e-01
   7.3078274e-01   2.0852548e-01
   2.9421927e-01   5.2305826e-01
   2.6121998e-01   6.7842227e-01
   2.7523329e-01   6.0130573e-01
   5.0605444e-01   3.5458200e-01
   7.7931493e-02   8.7244875e-01
   2.7754920e-01   5.8979273e-01
   9.8107309e-01   9.9097785e-03
   5.1110838e-01   3.2403552e-01
   5.2905252e-01   2.4441692e-01
   5.0439298e-01   3.6525147e-01
   3.0682147e-01   4.9637659e-01
   7.7059441e-01   5.9784959e-02
   5.2218157e-01   2.6900256e-01
   8.3466991e-02   8.6502126e-01
   3.1446122e-01   4.9171313e-01
   2.7292599e-01   6.1319866e-01
   7.4248354e-01   1.4565390e-01
   5.0940666e-01   3.3398196e-01
   6.7106192e-02   8.9157327e-01
   4.9606392e-01   4.2257122e-01
   1.1250135e-02   1.0000000e+00
   2.6596926e-01   6.5116606e-01
   2.5796726e-01   6.9746787e-01
   5.1459516e-01   3.0482221e-01
   5.0107789e-01   3.8735855e-01
   2.4183614e-01   7.9166060e-01
   2.7523329e-01   6.0130573e-01
   7.4779628e-01   1.2173274e-01
   5.2017312e-01   2.7763882e-01
   7.5717738e-01   8.7885968e-02
   4.9941574e-01   3.9881487e-01
   5.2657265e-01   2.5238200e-01
   5.3830706e-01   2.2416782e-01
   2.3226738e-01   8.4304231e-01
   5.2689063e-02   9.2304322e-01
   4.9221732e-01   4.5072693e-01
   2.8630207e-01   5.5083884e-01
   2.6830235e-01   6.3812554e-01
   9.6841980e-01   2.5849414e-02
   5.1825118e-01   2.8648634e-01
   2.4938062e-01   7.4814139e-01
   2.5630749e-01   7.0725421e-01
   5.3184388e-01   2.3671760e-01
   2.8466091e-01   5.5753570e-01
   4.8958846e-01   4.7038795e-01
   3.0276175e-01   5.0245570e-01
   5.4113587e-01   2.2102737e-01
   9.6070295e-01   4.0026675e-02
   2.5462169e-01   7.1721705e-01
   2.9056614e-01   5.3490597e-01
   2.3561432e-01   8.2571001e-01
   1.0035121e-01   8.5485072e-01
   2.5960363e-01   6.8785887e-01
   2.7061841e-01   6.2547165e-01
   5.1110838e-01   3.2403552e-01
   7.2494913e-02   8.8138150e-01
   2.4756151e-01   7.5878692e-01
   2.9421942e-01   5.2305781e-01
   4.9091149e-01   4.6045769e-01
   2.6440039e-01   6.6007673e-01
   3.1010685e-01   4.9327756e-01
   5.4585073e-01   2.1898116e-01
   9.1109899e-02   8.5795017e-01
   7.6111056e-01   7.7116435e-02
   4.9351065e-01   4.4116881e-01
   7.3511905e-01   1.8377536e-01
   7.5376129e-01   9.8908061e-02
   2.9616372e-01   5.1747139e-01
   2.8821779e-01   5.4341143e-01
   5.1283521e-01   3.1431819e-01
   7.3078274e-01   2.0852548e-01
   2.9235932e-01   5.2887453e-01
   7.6509520e-01   6.8341809e-02
   2.5116133e-01   7.3766292e-01
   7.3274550e-01   1.9713431e-01
   7.7934459e-01   5.4508919e-02
   4.7178824e-02   9.3570777e-01
   5.2430231e-01   2.6058089e-01
   2.8225057e-01   5.6790235e-01
   7.3997092e-01   1.5805243e-01
   7.7931493e-02   8.7244875e-01
   2.4570031e-01   7.6959434e-01
   2.9928509e-01   5.0959351e-01
   6.3522736e-02   8.9894329e-01
   2.7754920e-01   5.8979273e-01
   5.8129661e-02   9.1069212e-01
   5.0439310e-01   3.6525068e-01
   5.1639636e-01   2.9554806e-01
   7.3752216e-01   1.7075499e-01
   9.8107309e-01   9.9097785e-03
   5.0605444e-01   3.5458200e-01
   3.9688622e-02   9.5253865e-01
   2.4379390e-01   7.8055183e-01
   4.9774575e-01   4.1054868e-01
   5.0273619e-01   3.7616994e-01
   2.6121998e-01   6.7842227e-01
   7.5066790e-01   1.1019027e-01
   2.6281781e-01   6.6916348e-01
   3.0682147e-01   4.9637659e-01
   5.0772371e-01   3.4416301e-01
   2.3879713e-01   8.0855656e-01
   5.2905273e-01   2.4441629e-01
   2.4165974e-02   9.8277370e-01
   4.9479290e-01   4.3178073e-01
   2.5290741e-01   7.2735321e-01
   2.7988403e-01   5.7865916e-01
   7.4508171e-01   1.3355234e-01
   5.3515524e-01   2.2935817e-01
   4.8824909e-01   4.8050267e-01
   1.0077520e+00   2.7434358e-05
   3.2017067e-02   9.6852509e-01
