   1.2425400e+01   1.6415016e+01
   1.9361292e+01   2.3995703e+01
   2.0585278e+01   2.3424317e+01
   2.8110157e+01   1.9074983e+01
   2.1446994e+01   2.0516151e+01
   1.4298342e+01   1.3931135e+01
   1.5290940e+01   2.0978957e+01
   2.7320107e+01   1.9746463e+01
   3.0083870e+01   1.6943417e+01
   1.7503145e+01   1.1549004e+01
   1.0442878e+01   5.3184141e+00
   1.3775961e+01   2.1120851e+01
   1.2382731e+01   1.5104087e+01
   1.2069737e+01   1.5519809e+01
   7.9906383e+00   7.7681587e+00
   8.8256300e+00   7.4138950e+00
   2.5884731e+01   1.9327179e+01
   6.4304920e+00   7.7030147e+00
   1.2621557e+01   1.1634516e+01
   2.7649817e+01   2.0131178e+01
   1.8833759e+01   1.7251012e+01
   1.0542394e+01   1.2918941e+01
   1.8406105e+01   1.7920787e+01
   2.5257635e+01   2.3439320e+01
   2.7602183e+01   1.8009853e+01
   1.4784678e+01   1.8070048e+01
   1.3551589e+01   1.3137879e+01
   8.9059669e+00   7.1230047e+00
   1.1423018e+01   1.2741259e+01
   1.5034208e+01   1.0013962e+01
   2.0705203e+01   1.0878550e+01
   2.3227066e+01   2.0934424e+01
   1.1325286e+01   8.9180708e+00
   1.6503314e+01   1.2266444e+01
   1.8703550e+01   1.4047045e+01
   1.0715249e+01   7.6432059e+00
   1.5319530e+01   1.2646207e+01
   1.3261086e+01   1.1417976e+01
   2.7007181e+01   2.3409956e+01
   9.0082782e+00   6.1788445e+00
   7.6733726e+00   8.5070251e+00
   2.3277949e+01   1.8337809e+01
   1.0550566e+01   6.2539174e+00
   8.5940659e+00   1.0003830e+01
   1.9539736e+01   2.1186152e+01
   3.1692553e+01   2.5583770e+01
   9.4250964e+00   9.0774170e+00
   2.1430233e+01   1.8179248e+01
   1.9613445e+01   2.3331929e+01
   1.7322262e+01   1.1016786e+01
   1.7223776e+01   1.9981203e+01
   2.0012558e+01   1.7365929e+01
   1.1752933e+01   1.2362627e+01
   1.0518314e+01   1.4019950e+01
   1.6150210e+01   1.5259906e+01
   1.4996962e+01   1.9830088e+01
   1.6643015e+01   7.9937529e+00
   2.4941993e+01   1.3578221e+01
   2.3199617e+01   1.4761339e+01
   1.6231353e+01   1.5030466e+01
   2.0875504e+01   1.2375068e+01
   2.3213794e+01   2.3479195e+01
   1.5785199e+01   1.7793437e+01
   1.6039340e+01   1.6149686e+01
   1.7575383e+01   1.5227110e+01
   1.5203880e+01   1.0513378e+01
   9.4577776e+00   9.5510056e+00
   1.2942548e+01   1.8003154e+01
   1.6465896e+01   1.7236198e+01
   1.5795688e+01   1.4049630e+01
   1.6562771e+01   1.4686130e+01
   1.1672030e+01   9.9383833e+00
   1.1561186e+01   7.3682559e+00
   1.8045376e+01   1.6125339e+01
   1.3174465e+01   1.7319287e+01
   1.1892998e+01   1.2250035e+01
   7.8549998e+00   9.2541334e+00
   8.3272171e+00   1.3070642e+01
   1.6877264e+01   1.9278953e+01
   8.6543756e+00   6.5314121e+00
   1.3417219e+01   2.1949715e+01
   1.2844500e+01   1.2343352e+01
   2.1124050e+01   2.1360782e+01
   2.5512286e+01   2.4010954e+01
   9.8191162e+00   8.8453171e+00
   1.5157494e+01   1.2484511e+01
   8.3156600e+00   7.2451898e+00
   2.0168710e+01   1.6198340e+01
   8.2893964e+00   9.1950713e+00
   1.1485120e+01   1.0853992e+01
   1.0856499e+01   1.0686688e+01
   2.9863722e+01   2.2703214e+01
   1.8769579e+01   1.4702102e+01
   1.5154025e+01   1.9434003e+01
   2.4273033e+01   3.0078597e+01
   6.7047624e+00   9.3651154e+00
   2.1845206e+01   1.7847241e+01
   2.5199403e+01   1.8579770e+01
   9.5794270e+00   1.7885080e+01
   9.2352638e+00   7.8891676e+00
   6.6715421e-01   2.4477046e-01
   1.6406646e+00   1.8359964e-01
   7.0523387e-01   1.8360991e-01
   1.8567890e+00   1.8359901e-01
   1.3346096e+00   1.8360091e-01
   3.0860824e+00   1.8359805e-01
   8.9778087e-01   1.8360331e-01
   8.0213215e-01   1.8360500e-01
   6.6711281e-01   1.9115272e-01
   6.7986301e-01   1.8362551e-01
   1.5472533e+00   1.8359900e-01
   6.7241052e-01   1.8367188e-01
   6.6735858e-01   2.0261882e-01
   2.1524006e+00   1.8359853e-01
   6.6837326e-01   1.8399372e-01
   7.3821234e-01   1.8360594e-01
   1.1863635e+00   1.8360035e-01
   6.6693312e-01   4.6685834e-01
   6.7906249e-01   1.8363131e-01
   1.2487570e+00   1.8360082e-01
   1.5853206e+00   1.8359848e-01
   1.1175738e+00   1.8360126e-01
   6.6702082e-01   2.1665932e-01
   6.8317407e-01   1.8360692e-01
   6.6752928e-01   1.8396868e-01
   9.4790377e-01   1.8360276e-01
   6.6740129e-01   1.8852195e-01
   1.9331405e+00   1.8359883e-01
   9.8522165e-01   1.8360210e-01
   6.6789623e-01   1.8417781e-01
   9.3345914e-01   1.8360256e-01
   2.1033027e+00   1.8359842e-01
   1.0184385e+00   1.8360146e-01
   1.4371635e+00   1.8359965e-01
   1.4557410e+00   1.8359986e-01
   6.6705900e-01   4.1305314e-01
   1.2378736e+00   1.8359960e-01
   6.6830049e-01   1.8393224e-01
   7.0141269e-01   1.8360886e-01
   6.8276667e-01   1.8361090e-01
   1.8970174e+00   1.8359865e-01
   6.6864451e-01   1.8382769e-01
   6.7425066e-01   1.8366797e-01
   1.1147221e+00   1.8360141e-01
   6.6901889e-01   1.8378892e-01
   9.1433893e-01   1.8360262e-01
   1.3910621e+00   1.8359943e-01
   1.5338886e+00   1.8359913e-01
   6.8334471e-01   1.8361030e-01
   1.9314305e+00   1.8359806e-01
   6.7786534e-01   1.8363008e-01
   6.7304386e-01   1.8361859e-01
   6.6747855e-01   1.8532748e-01
   8.8706530e-01   1.8360347e-01
   1.6971509e+00   1.8359915e-01
   6.6955459e-01   1.8378412e-01
   6.7371642e-01   1.8363381e-01
   9.1356688e-01   1.8360299e-01
   7.0318408e-01   1.8360573e-01
   2.4865494e+00   1.8359792e-01
   1.2428916e+00   1.8360087e-01
   1.2643956e+00   1.8360004e-01
   6.6724157e-01   1.8539644e-01
   6.6747303e-01   1.8933990e-01
   7.3484241e-01   1.8360232e-01
   6.6727331e-01   2.1886088e-01
   9.0452341e-01   1.8360482e-01
   6.6731748e-01   1.8944630e-01
   6.6683935e-01   6.0525223e-01
   6.6716375e-01   2.2505551e-01
   6.6706047e-01   3.1244514e-01
   1.1362456e+00   1.8360096e-01
   6.6995678e-01   1.8370815e-01
   1.0667323e+00   1.8360176e-01
   2.7388492e+00   1.8359826e-01
   1.5329899e+00   1.8359941e-01
   6.7320580e-01   1.8366029e-01
   6.7239116e-01   1.8366196e-01
   7.7009018e-01   1.8360711e-01
   7.8914577e-01   1.8360607e-01
   6.9838595e-01   1.8360922e-01
   6.6878542e-01   1.8383887e-01
   6.6683212e-01   1.9174532e-01
   1.3385971e+00   1.8359968e-01
   6.6747121e-01   1.8637099e-01
   9.5876177e-01   1.8360187e-01
   1.3469545e+00   1.8359996e-01
   6.6808286e-01   1.8593249e-01
   2.6689075e+00   1.8359798e-01
   6.6681946e-01   3.8732669e-01
   6.6895966e-01   1.8369962e-01
   6.6697771e-01   2.3665779e-01
   6.8840611e-01   1.8361315e-01
   6.6755325e-01   1.8809948e-01
   1.1849183e+00   1.8360135e-01
   6.6674836e-01   2.4275968e-01
   6.7241011e-01   1.8364267e-01
   6.6785202e-01   1.8391093e-01
   7.0919178e-01   1.8360824e-01
   8.8109910e-01   1.8360087e-01
   6.6658431e-01   1.8359672e-01
   6.6651437e-01   1.8359672e-01
   6.6651432e-01   1.8359672e-01
   6.6651431e-01   1.8359672e-01
   6.6651431e-01   7.9686256e-01
   6.6651431e-01   3.8502254e-01
   6.6651431e-01   1.8359677e-01
   6.6651431e-01   1.8359689e-01
   6.6653202e-01   1.8359672e-01
   6.6651431e-01   1.8359672e-01
   6.6651431e-01   1.8359677e-01
   6.6651431e-01   1.8365497e-01
   6.6651469e-01   1.8359672e-01
   6.6651431e-01   1.8359673e-01
   6.6651531e-01   1.8359672e-01
   6.6651431e-01   1.8361220e-01
   6.6668237e-01   1.8359672e-01
   6.6651431e-01   1.8359672e-01
   6.6651431e-01   1.8359672e-01
   6.6651432e-01   1.8359672e-01
   6.6651431e-01   1.8737295e-01
   6.6651431e-01   1.8359850e-01
   6.6651431e-01   1.8723429e-01
   6.6651431e-01   1.8359802e-01
   6.6651431e-01   9.9521681e-01
   6.6651447e-01   1.8359672e-01
   6.6651431e-01   1.8359673e-01
   6.6670011e-01   1.8359672e-01
   6.6651432e-01   1.8359672e-01
   6.6651431e-01   1.8368883e-01
   6.6651561e-01   1.8359672e-01
   6.6651431e-01   1.8359673e-01
   6.6651431e-01   1.8359686e-01
   6.6651485e-01   1.8359672e-01
   6.6651431e-01   1.8359672e-01
   6.6651431e-01   1.8360025e-01
   6.6651431e-01   7.9300027e-01
   6.6651431e-01   1.8360051e-01
   8.8083447e-01   1.8359672e-01
   6.6778526e-01   1.8359672e-01
   6.6651431e-01   1.8359672e-01
   6.6651431e-01   1.8359672e-01
   6.6651492e-01   1.8359672e-01
   6.6651431e-01   1.8470088e-01
   6.6651431e-01   1.8359674e-01
   6.6651431e-01   1.8359674e-01
   6.6651432e-01   1.8359672e-01
   6.6651440e-01   1.8359672e-01
   6.6651431e-01   3.9530319e-01
   6.6651456e-01   1.8359672e-01
   6.6651431e-01   1.8365287e-01
   6.6651431e-01   1.8359676e-01
   6.6651432e-01   1.8359672e-01
   6.6651431e-01   1.8454268e-01
   6.6651433e-01   1.8359672e-01
   6.6651431e-01   1.8359672e-01
   6.6651431e-01   5.7314663e-01
   6.6651431e-01   1.8359700e-01
   6.6651431e-01   1.8543714e-01
   6.6651431e-01   1.8359672e-01
   6.6651449e-01   1.8359672e-01
   6.6651431e-01   1.8573395e-01
   6.6651431e-01   5.8802427e-01
   6.6651431e-01   1.8359672e-01
   6.6970549e-01   1.8359672e-01
   6.6651431e-01   5.8377453e-01
   6.6651431e-01   5.9030447e-01
   6.6651431e-01   1.8359672e-01
   6.6651547e-01   1.8359672e-01
   6.6651431e-01   1.8359988e-01
   6.6651431e-01   1.8359672e-01
   6.6651431e-01   1.8359672e-01
   6.6651431e-01   1.8360718e-01
   6.6651431e-01   5.8120678e-01
   6.6658383e-01   1.8359672e-01
   6.6651433e-01   1.8359672e-01
   6.6651431e-01   1.8361601e-01
   6.6651431e-01   1.8359975e-01
   6.6651441e-01   1.8359672e-01
   6.6935153e-01   1.8359672e-01
   6.6651431e-01   1.8360351e-01
   6.6651433e-01   1.8359672e-01
   6.6651431e-01   1.8667740e-01
   6.6651435e-01   1.8359672e-01
   6.6651431e-01   1.8359673e-01
   6.6651431e-01   1.8383639e-01
   6.6651431e-01   9.1440251e-01
   6.6651431e-01   7.9492823e-01
   6.6651436e-01   1.8359672e-01
   6.6651431e-01   1.8359673e-01
   6.6651475e-01   1.8359672e-01
   6.6651431e-01   1.8361016e-01
   6.6651431e-01   1.8367839e-01
   6.6651433e-01   1.8359672e-01
   6.6651431e-01   9.3138115e-01
   6.6651443e-01   1.8359672e-01
   6.6651431e-01   1.8359689e-01
   6.6651431e-01   1.8360778e-01
   6.6651431e-01   9.2189025e-01
   6.6651431e-01   1.8359942e-01
   6.6651431e-01   1.8359672e-01
   6.6651431e-01   1.8359672e-01
   6.6651431e-01   6.3897183e-01
   6.6651431e-01   1.8359846e-01
   6.6651431e-01   1.8359672e-01
   6.6651431e-01   1.8360218e-01
   6.6651431e-01   1.8359673e-01
   6.6651431e-01   1.8359672e-01
   6.6651431e-01   1.8359677e-01
   6.6651431e-01   1.8359673e-01
   6.6651431e-01   7.3048689e-01
   6.6651431e-01   1.8359684e-01
   6.6651431e-01   1.8360113e-01
   6.6651431e-01   1.8359785e-01
   6.6651431e-01   1.8359672e-01
   7.3413592e-01   1.8359672e-01
   6.6651444e-01   1.8359672e-01
   6.6651431e-01   1.8359673e-01
   6.7517364e-01   1.8359672e-01
   6.6651431e-01   1.8359673e-01
   6.6651431e-01   1.8359674e-01
   6.6651431e-01   1.8359672e-01
   6.6651431e-01   1.8359672e-01
   6.6651431e-01   1.8359672e-01
   6.6651431e-01   1.8359672e-01
   6.6651431e-01   1.8359672e-01
   6.6651431e-01   1.8360297e-01
   6.6651431e-01   1.8359672e-01
   6.6651431e-01   1.8359673e-01
   7.2333697e-01   1.8359672e-01
   9.5474720e-01   1.8359672e-01
   6.6651443e-01   1.8359672e-01
   6.6651431e-01   1.8359719e-01
   6.6651431e-01   1.8359672e-01
   6.6651431e-01   1.8359673e-01
   6.6651431e-01   1.8359673e-01
   6.9996387e-01   1.8359672e-01
   6.6651431e-01   1.8359672e-01
   6.6651431e-01   1.8359675e-01
   6.6651431e-01   1.8359700e-01
   6.6651431e-01   1.8359672e-01
   6.6651431e-01   1.8359677e-01
   6.6651431e-01   1.8359672e-01
   6.6651431e-01   1.8359672e-01
   6.6651431e-01   1.8359672e-01
   6.6651443e-01   1.8359672e-01
   6.6651431e-01   1.8359672e-01
   6.6651431e-01   1.8359676e-01
   6.6651431e-01   1.8359676e-01
   6.6651431e-01   1.8359675e-01
   6.6651431e-01   1.8359731e-01
   6.6651431e-01   1.8359672e-01
   7.2333643e-01   1.8359672e-01
   6.6651431e-01   1.8359956e-01
   6.6651431e-01   1.8359712e-01
   6.6651431e-01   1.8359672e-01
   6.6651431e-01   1.8359674e-01
   6.6651431e-01   1.8359674e-01
   6.6651431e-01   1.8359707e-01
   6.6651431e-01   1.8360132e-01
   6.6651431e-01   1.8359672e-01
   6.6651431e-01   1.8359675e-01
   6.6651431e-01   1.8359672e-01
   6.6651431e-01   1.8364894e-01
   6.6651431e-01   1.8359672e-01
   6.6651431e-01   1.8359672e-01
   6.6651431e-01   1.8359672e-01
   6.6651431e-01   1.8359672e-01
   6.6651431e-01   1.8568630e-01
   6.6651431e-01   1.8359677e-01
   6.6651431e-01   1.8359672e-01
   6.6651431e-01   7.3456900e-01
   6.6651431e-01   1.8359672e-01
   6.6651431e-01   1.8360121e-01
   6.6651431e-01   1.8359751e-01
   6.6651431e-01   1.8359672e-01
   6.6651432e-01   1.8359672e-01
   6.6651431e-01   1.8360127e-01
   6.6651431e-01   1.8359672e-01
   6.6651431e-01   1.8359672e-01
   6.6651431e-01   1.8359672e-01
   6.6651431e-01   1.8359705e-01
   6.6651431e-01   1.8359672e-01
   6.6651431e-01   1.8359672e-01
   6.6651431e-01   1.8360267e-01
   6.6651431e-01   1.8359672e-01
   6.6651431e-01   1.8359686e-01
   6.6651431e-01   1.8359675e-01
   6.6651431e-01   1.8360022e-01
   6.6651431e-01   1.8359700e-01
   6.6651431e-01   1.8359672e-01
   6.6651431e-01   1.8359715e-01
   6.6651431e-01   1.8359685e-01
   6.6651431e-01   1.8359672e-01
   6.6651431e-01   1.8359673e-01
   6.6651431e-01   1.8359672e-01
   6.6651431e-01   1.8359672e-01
   6.6651431e-01   1.8391628e-01
   6.6651431e-01   1.8359865e-01
   6.6651431e-01   1.8359672e-01
   6.6651431e-01   1.8359672e-01
   1.3535716e+00   1.8359672e-01
   6.6651431e-01   1.8359672e-01
   6.6651431e-01   1.8359672e-01
   6.6651431e-01   1.8359672e-01
   6.6651431e-01   1.8359672e-01
   6.6651431e-01   1.8359677e-01
   6.6651431e-01   1.8359672e-01
   6.6651431e-01   3.8320134e-01
   6.6651431e-01   1.8359672e-01
   6.6651431e-01   1.8359672e-01
   6.6651431e-01   1.8359672e-01
   6.6651431e-01   1.8359672e-01
   6.6651431e-01   1.8359672e-01
   6.6651431e-01   1.8359672e-01
   6.6651431e-01   1.8359672e-01
   6.6651431e-01   1.8359672e-01
   6.6651435e-01   1.8359672e-01
   6.6651431e-01   1.8359672e-01
   6.6651431e-01   1.8359672e-01
   6.6651431e-01   1.8359672e-01
   6.6651431e-01   1.8359672e-01
   6.6651431e-01   1.8359672e-01
   8.4540049e-01   1.8359672e-01
   6.6651431e-01   1.8359672e-01
   6.6651431e-01   1.8359672e-01
   6.6651431e-01   1.8359672e-01
   6.6651431e-01   1.8359672e-01
   6.6651431e-01   1.8359672e-01
   6.6651431e-01   1.8359672e-01
   6.6651431e-01   1.8359672e-01
   6.6651431e-01   1.8359672e-01
   6.6651431e-01   1.8359672e-01
   1.2239034e+00   1.8359672e-01
   6.6651431e-01   1.8359672e-01
   6.6651431e-01   1.8359672e-01
   6.6651431e-01   1.8359672e-01
   6.6651431e-01   1.8359672e-01
   6.6651431e-01   1.8359672e-01
   1.2289109e+00   1.8359672e-01
   6.6651431e-01   1.8359672e-01
   6.6651431e-01   1.8359672e-01
   6.6651431e-01   1.8359672e-01
   6.6651431e-01   1.8359672e-01
   6.6651431e-01   1.8359679e-01
   6.6651431e-01   1.8359672e-01
   1.0487022e+00   1.8359672e-01
   6.6651431e-01   1.8359672e-01
   6.6651431e-01   1.8359672e-01
   6.6651431e-01   1.8359672e-01
   6.6651431e-01   1.8359672e-01
   6.6651431e-01   1.8359672e-01
   6.6651431e-01   1.8359672e-01
   6.6651431e-01   1.8359672e-01
   6.6651431e-01   1.8359672e-01
   6.6651431e-01   1.8359672e-01
   6.6651431e-01   3.8389914e-01
   6.6651431e-01   1.8359672e-01
   6.6651431e-01   1.8359672e-01
   6.6651431e-01   1.8359672e-01
   6.6651431e-01   1.8359672e-01
   6.6651431e-01   1.8359672e-01
   6.6651435e-01   1.8359672e-01
   6.6651431e-01   1.8359672e-01
   6.6651431e-01   1.8359672e-01
   6.6651431e-01   1.8359672e-01
   6.6651433e-01   1.8359672e-01
   1.4310505e+00   1.8359672e-01
   6.6651431e-01   1.8359672e-01
   6.6651431e-01   1.8359672e-01
   6.6651431e-01   1.8359672e-01
   6.6651431e-01   1.8359672e-01
   6.6651431e-01   1.8359672e-01
   6.6651431e-01   1.8360903e-01
   6.6651431e-01   1.8359672e-01
   6.6651431e-01   1.8359672e-01
   6.6651431e-01   1.8359672e-01
   6.6651431e-01   1.8359672e-01
   6.6651431e-01   1.8359672e-01
   6.6651431e-01   1.8359672e-01
   8.6668301e-01   1.8359672e-01
   6.6651431e-01   3.8656520e-01
   6.6651431e-01   1.8359672e-01
   6.6651431e-01   1.8359672e-01
   6.6651431e-01   1.8359672e-01
   6.6651431e-01   1.8359672e-01
   6.6651431e-01   1.8359672e-01
   6.6651431e-01   1.8359672e-01
   6.6651431e-01   1.8359674e-01
   6.6651431e-01   1.8359672e-01
   6.8882944e-01   1.8359672e-01
   6.6651431e-01   1.8359672e-01
   6.6651431e-01   1.8359672e-01
   6.9573289e-01   1.8359672e-01
   6.6651431e-01   1.8359684e-01
   6.6651431e-01   1.8359672e-01
   6.6651431e-01   1.8359672e-01
   6.6651431e-01   1.8359672e-01
   6.6651431e-01   1.8359672e-01
   9.5332744e-01   1.8359672e-01
   6.6651431e-01   1.8359672e-01
   6.6651431e-01   1.8359672e-01
   6.6651431e-01   1.8359672e-01
   6.6651431e-01   1.8359672e-01
   6.6651431e-01   1.8359672e-01
   6.6651431e-01   1.8359672e-01
   6.6651431e-01   1.8359672e-01
   6.6651431e-01   1.8359672e-01
   6.6651431e-01   1.8359672e-01
   6.6651431e-01   1.8359672e-01
   6.6651431e-01   1.8359672e-01
   6.6651431e-01   1.8359672e-01
   6.6651431e-01   1.8359672e-01
   6.6651431e-01   1.8359672e-01
   6.6651431e-01   1.8359672e-01
   6.6651431e-01   1.8359672e-01
   6.6651431e-01   1.8359672e-01
   6.6651431e-01   1.8359672e-01
   6.6651431e-01   1.8359672e-01
   6.6651431e-01   1.8359672e-01
   6.6651431e-01   1.8359672e-01
   6.6651431e-01   1.8359672e-01
   6.6651431e-01   1.8359672e-01
   6.6651431e-01   1.8359672e-01
   6.6651431e-01   1.8359672e-01
   6.6651431e-01   1.8359672e-01
   6.6651431e-01   1.8359672e-01
   6.6651431e-01   1.8359672e-01
   6.6651431e-01   1.8359672e-01
   6.6651431e-01   1.8359672e-01
   6.6651431e-01   1.8359672e-01
   6.6651431e-01   1.8359672e-01
   6.6651431e-01   1.8359672e-01
   6.6651431e-01   1.8359672e-01
   6.6651431e-01   1.8359672e-01
   6.6651431e-01   1.8359672e-01
   6.6651431e-01   1.8359672e-01
   6.6651431e-01   1.8359672e-01
   6.6651431e-01   1.8359672e-01
   6.6651431e-01   1.8359672e-01
   6.6651431e-01   1.8359672e-01
   6.6651431e-01   1.8359672e-01
   6.6651431e-01   1.8359672e-01
   6.6651431e-01   1.8359672e-01
   6.6651431e-01   1.8359672e-01
   6.6651431e-01   1.8359672e-01
   6.6651431e-01   1.8359672e-01
   6.6651431e-01   1.8359672e-01
   6.6651431e-01   1.8359672e-01
   6.6651431e-01   1.8359672e-01
   6.6651431e-01   1.8359672e-01
   6.6651431e-01   1.8359672e-01
   6.6651431e-01   1.8359672e-01
   6.6651431e-01   1.8359672e-01
   6.6651431e-01   1.8359672e-01
   6.6651431e-01   1.8359672e-01
   6.6651431e-01   1.8359672e-01
   6.6651431e-01   1.8359672e-01
   6.6651431e-01   1.8359672e-01
   6.6651431e-01   1.8359672e-01
   6.6651431e-01   1.8359672e-01
   6.6651431e-01   1.8359672e-01
   6.6651431e-01   1.8359672e-01
   6.6651431e-01   1.8359672e-01
   6.6651431e-01   1.8359672e-01
   6.6651431e-01   1.8359672e-01
   6.6651431e-01   1.8359672e-01
   6.6651431e-01   1.8359672e-01
   6.6651431e-01   1.8359672e-01
   6.6651431e-01   1.8359672e-01
   6.6651431e-01   1.8359672e-01
   6.6651431e-01   1.8359672e-01
   6.6651431e-01   1.8359672e-01
   6.6651431e-01   1.8359672e-01
   6.6651431e-01   1.8359672e-01
   6.6651431e-01   1.8359672e-01
   6.6651431e-01   1.8359672e-01
   6.6651431e-01   1.8359672e-01
   6.6651431e-01   1.8359672e-01
   6.6651431e-01   1.8359672e-01
   6.6651431e-01   1.8359672e-01
   6.6651431e-01   1.8359672e-01
   6.6651431e-01   1.8359672e-01
   6.6651431e-01   1.8359672e-01
   6.6651431e-01   1.8359672e-01
   6.6651431e-01   1.8359672e-01
   6.6651431e-01   1.8359672e-01
   6.6651431e-01   1.8359672e-01
   6.6651431e-01   1.8359672e-01
   6.6651431e-01   1.8359672e-01
   6.6651431e-01   1.8359672e-01
   6.6651431e-01   1.8359672e-01
   6.6651431e-01   1.8359672e-01
   6.6651431e-01   1.8359672e-01
   6.6651431e-01   1.8359672e-01
   6.6651431e-01   1.8359672e-01
   6.6651431e-01   1.8359672e-01
   6.6651431e-01   1.8359672e-01
   6.6651431e-01   1.8359672e-01
   6.6651431e-01   1.8359672e-01
   6.6651431e-01   1.8359672e-01
   6.6651431e-01   1.8359672e-01
   6.6651431e-01   1.8359672e-01
   6.6651431e-01   1.8359672e-01
   6.6651431e-01   1.8359672e-01
   6.6651431e-01   1.8359672e-01
   6.6651431e-01   1.8359672e-01
   6.6651431e-01   1.8359672e-01
   6.6651431e-01   1.8359672e-01
   6.6651431e-01   1.8359672e-01
   6.6651431e-01   1.8359672e-01
   6.6651431e-01   1.8359672e-01
   6.6651431e-01   1.8359672e-01
   6.6651431e-01   1.8359672e-01
   6.6651431e-01   1.8359672e-01
   6.6651431e-01   1.8359672e-01
   6.6651431e-01   1.8359672e-01
   6.6651431e-01   1.8359672e-01
   6.6651431e-01   1.8359672e-01
   6.6651431e-01   1.8359672e-01
   6.6651431e-01   1.8359672e-01
   6.6651431e-01   1.8359672e-01
   6.6651431e-01   1.8359672e-01
   6.6651431e-01   1.8359672e-01
   6.6651431e-01   1.8359672e-01
   6.6651431e-01   1.8359672e-01
   6.6651431e-01   1.8359672e-01
   6.6651431e-01   1.8359672e-01
   6.6651431e-01   1.8359672e-01
   6.6651431e-01   1.8359672e-01
   6.6651431e-01   1.8359672e-01
   6.6651431e-01   1.8359672e-01
   6.6651431e-01   1.8359672e-01
   6.6651431e-01   1.8359672e-01
   6.6651431e-01   1.8359672e-01
   6.6651431e-01   1.8359672e-01
   6.6651431e-01   1.8359672e-01
   6.6651431e-01   1.8359672e-01
   6.6651431e-01   1.8359672e-01
   6.6651431e-01   1.8359672e-01
   6.6651431e-01   1.8359672e-01
   6.6651431e-01   1.8359672e-01
   6.6651431e-01   1.8359672e-01
   6.6651431e-01   1.8359672e-01
   6.6651431e-01   1.8359672e-01
   6.6651431e-01   1.8359672e-01
   6.6651431e-01   1.8359672e-01
   6.6651431e-01   1.8359672e-01
   6.6651431e-01   1.8359672e-01
   6.6651431e-01   1.8359672e-01
   6.6651431e-01   1.8359672e-01
   6.6651431e-01   1.8359672e-01
   6.6651431e-01   1.8359672e-01
   6.6651431e-01   1.8359672e-01
   6.6651431e-01   1.8359672e-01
   6.6651431e-01   1.8359672e-01
   6.6651431e-01   1.8359672e-01
   6.6651431e-01   1.8359672e-01
   6.6651431e-01   1.8359672e-01
   6.6651431e-01   1.8359672e-01
   6.6651431e-01   1.8359672e-01
   6.6651431e-01   1.8359672e-01
   6.6651431e-01   1.8359672e-01
   6.6651431e-01   1.8359672e-01
   6.6651431e-01   1.8359672e-01
   6.6651431e-01   1.8359672e-01
   6.6651431e-01   1.8359672e-01
   6.6651431e-01   1.8359672e-01
   6.6651431e-01   1.8359672e-01
   6.6651431e-01   1.8359672e-01
   6.6651431e-01   1.8359672e-01
   6.6651431e-01   1.8359672e-01
   6.6651431e-01   1.8359672e-01
   6.6651431e-01   1.8359672e-01
   6.6651431e-01   1.8359672e-01
   6.6651431e-01   1.8359672e-01
   6.6651431e-01   1.8359672e-01
   6.6651431e-01   1.8359672e-01
   6.6651431e-01   1.8359672e-01
   6.6651431e-01   1.8359672e-01
   6.6651431e-01   1.8359672e-01
   6.6651431e-01   1.8359672e-01
   6.6651431e-01   1.8359672e-01
   6.6651431e-01   1.8359672e-01
   6.6651431e-01   1.8359672e-01
   6.6651431e-01   1.8359672e-01
   6.6651431e-01   1.8359672e-01
   6.6651431e-01   1.8359672e-01
   6.6651431e-01   1.8359672e-01
   6.6651431e-01   1.8359672e-01
   6.6651431e-01   1.8359672e-01
   6.6651431e-01   1.8359672e-01
   6.6651431e-01   1.8359672e-01
   6.6651431e-01   1.8359672e-01
   6.6651431e-01   1.8359672e-01
   6.6651431e-01   1.8359672e-01
   6.6651431e-01   1.8359672e-01
   6.6651431e-01   1.8359672e-01
   6.6651431e-01   1.8359672e-01
   6.6651431e-01   1.8359672e-01
   6.6651431e-01   1.8359672e-01
   6.6651431e-01   1.8359672e-01
   6.6651431e-01   1.8359672e-01
   6.6651431e-01   1.8359672e-01
   6.6651431e-01   1.8359672e-01
   6.6651431e-01   1.8359672e-01
   6.6651431e-01   1.8359672e-01
   6.6651431e-01   1.8359672e-01
   6.6651431e-01   1.8359672e-01
   6.6651431e-01   1.8359672e-01
   6.6651431e-01   1.8359672e-01
   6.6651431e-01   1.8359672e-01
   6.6651431e-01   1.8359672e-01
   6.6651431e-01   1.8359672e-01
   6.6651431e-01   1.8359672e-01
   6.6651431e-01   1.8359672e-01
   6.6651431e-01   1.8359672e-01
   6.6651431e-01   1.8359672e-01
   6.6651431e-01   1.8359672e-01
   6.6651431e-01   1.8359672e-01
   6.6651431e-01   1.8359672e-01
   6.6651431e-01   1.8359672e-01
   6.6651431e-01   1.8359672e-01
   6.6651431e-01   1.8359672e-01
   6.6651431e-01   1.8359672e-01
   6.6651431e-01   1.8359672e-01
   6.6651431e-01   1.8359672e-01
   6.6651431e-01   1.8359672e-01
   6.6651431e-01   1.8359672e-01
   6.6651431e-01   1.8359672e-01
   6.6651431e-01   1.8359672e-01
   6.6651431e-01   1.8359672e-01
   6.6651431e-01   1.8359672e-01
   6.6651431e-01   1.8359672e-01
   6.6651431e-01   1.8359672e-01
   6.6651431e-01   1.8359672e-01
   6.6651431e-01   1.8359672e-01
   6.6651431e-01   1.8359672e-01
   6.6651431e-01   1.8359672e-01
   6.6651431e-01   1.8359672e-01
   6.6651431e-01   1.8359672e-01
   6.6651431e-01   1.8359672e-01
   6.6651431e-01   1.8359672e-01
   6.6651431e-01   1.8359672e-01
   6.6651431e-01   1.8359672e-01
   6.6651431e-01   1.8359672e-01
   6.6651431e-01   1.8359672e-01
   6.6651431e-01   1.8359672e-01
   6.6651431e-01   1.8359672e-01
   6.6651431e-01   1.8359672e-01
   6.6651431e-01   1.8359672e-01
   6.6651431e-01   1.8359672e-01
   6.6651431e-01   1.8359672e-01
   6.6651431e-01   1.8359672e-01
   6.6651431e-01   1.8359672e-01
   6.6651431e-01   1.8359672e-01
   6.6651431e-01   1.8359672e-01
   6.6651431e-01   1.8359672e-01
   6.6651431e-01   1.8359672e-01
   6.6651431e-01   1.8359672e-01
   6.6651431e-01   1.8359672e-01
   6.6651431e-01   1.8359672e-01
   6.6651431e-01   1.8359672e-01
   6.6651431e-01   1.8359672e-01
   6.6651431e-01   1.8359672e-01
   6.6651431e-01   1.8359672e-01
   6.6651431e-01   1.8359672e-01
   6.6651431e-01   1.8359672e-01
   6.6651431e-01   1.8359672e-01
   6.6651431e-01   1.8359672e-01
   6.6651431e-01   1.8359672e-01
   6.6651431e-01   1.8359672e-01
   6.6651431e-01   1.8359672e-01
   6.6651431e-01   1.8359672e-01
   6.6651431e-01   1.8359672e-01
   6.6651431e-01   1.8359672e-01
   6.6651431e-01   1.8359672e-01
   6.6651431e-01   1.8359672e-01
   6.6651431e-01   1.8359672e-01
   6.6651431e-01   1.8359672e-01
   6.6651431e-01   1.8359672e-01
   6.6651431e-01   1.8359672e-01
   6.6651431e-01   1.8359672e-01
   6.6651431e-01   1.8359672e-01
   6.6651431e-01   1.8359672e-01
   6.6651431e-01   1.8359672e-01
   6.6651431e-01   1.8359672e-01
   6.6651431e-01   1.8359672e-01
   6.6651431e-01   1.8359672e-01
   6.6651431e-01   1.8359672e-01
   6.6651431e-01   1.8359672e-01
   6.6651431e-01   1.8359672e-01
   6.6651431e-01   1.8359672e-01
   6.6651431e-01   1.8359672e-01
   6.6651431e-01   1.8359672e-01
   6.6651431e-01   1.8359672e-01
   6.6651431e-01   1.8359672e-01
   6.6651431e-01   1.8359672e-01
   6.6651431e-01   1.8359672e-01
   6.6651431e-01   1.8359672e-01
   6.6651431e-01   1.8359672e-01
   6.6651431e-01   1.8359672e-01
   6.6651431e-01   1.8359672e-01
   6.6651431e-01   1.8359672e-01
   6.6651431e-01   1.8359672e-01
   6.6651431e-01   1.8359672e-01
   6.6651431e-01   1.8359672e-01
   6.6651431e-01   1.8359672e-01
   6.6651431e-01   1.8359672e-01
   6.6651431e-01   1.8359672e-01
   6.6651431e-01   1.8359672e-01
   6.6651431e-01   1.8359672e-01
   6.6651431e-01   1.8359672e-01
   6.6651431e-01   1.8359672e-01
   6.6651431e-01   1.8359672e-01
   6.6651431e-01   1.8359672e-01
   6.6651431e-01   1.8359672e-01
   6.6651431e-01   1.8359672e-01
   6.6651431e-01   1.8359672e-01
   6.6651431e-01   1.8359672e-01
   6.6651431e-01   1.8359672e-01
   6.6651431e-01   1.8359672e-01
   6.6651431e-01   1.8359672e-01
   6.6651431e-01   1.8359672e-01
   6.6651431e-01   1.8359672e-01
   6.6651431e-01   1.8359672e-01
   6.6651431e-01   1.8359672e-01
   6.6651431e-01   1.8359672e-01
   6.6651431e-01   1.8359672e-01
   6.6651431e-01   1.8359672e-01
   6.6651431e-01   1.8359672e-01
   6.6651431e-01   1.8359672e-01
   6.6651431e-01   1.8359672e-01
   6.6651431e-01   1.8359672e-01
   6.6651431e-01   1.8359672e-01
   6.6651431e-01   1.8359672e-01
   6.6651431e-01   1.8359672e-01
   6.6651431e-01   1.8359672e-01
   6.6651431e-01   1.8359672e-01
   6.6651431e-01   1.8359672e-01
   6.6651431e-01   1.8359672e-01
   6.6651431e-01   1.8359672e-01
   6.6651431e-01   1.8359672e-01
   6.6651431e-01   1.8359672e-01
   6.6651431e-01   1.8359672e-01
   6.6651431e-01   1.8359672e-01
   6.6651431e-01   1.8359672e-01
   6.6651431e-01   1.8359672e-01
   6.6651431e-01   1.8359672e-01
   6.6651431e-01   1.8359672e-01
   6.6651431e-01   1.8359672e-01
   6.6651431e-01   1.8359672e-01
   6.6651431e-01   1.8359672e-01
   6.6651431e-01   1.8359672e-01
   6.6651431e-01   1.8359672e-01
   6.6651431e-01   1.8359672e-01
   6.6651431e-01   1.8359672e-01
   6.6651431e-01   1.8359672e-01
   6.6651431e-01   1.8359672e-01
   6.6651431e-01   1.8359672e-01
   6.6651431e-01   1.8359672e-01
   6.6651431e-01   1.8359672e-01
   6.6651431e-01   1.8359672e-01
   6.6651431e-01   1.8359672e-01
   6.6651431e-01   1.8359672e-01
   6.6651431e-01   1.8359672e-01
   6.6651431e-01   1.8359672e-01
   6.6651431e-01   1.8359672e-01
   6.6651431e-01   1.8359672e-01
   6.6651431e-01   1.8359672e-01
   6.6651431e-01   1.8359672e-01
   6.6651431e-01   1.8359672e-01
   6.6651431e-01   1.8359672e-01
   6.6651431e-01   1.8359672e-01
   6.6651431e-01   1.8359672e-01
   6.6651431e-01   1.8359672e-01
   6.6651431e-01   1.8359672e-01
   6.6651431e-01   1.8359672e-01
   6.6651431e-01   1.8359672e-01
   6.6651431e-01   1.8359672e-01
   6.6651431e-01   1.8359672e-01
   6.6651431e-01   1.8359672e-01
   6.6651431e-01   1.8359672e-01
   6.6651431e-01   1.8359672e-01
   6.6651431e-01   1.8359672e-01
   6.6651431e-01   1.8359672e-01
   6.6651431e-01   1.8359672e-01
   6.6651431e-01   1.8359672e-01
   6.6651431e-01   1.8359672e-01
   6.6651431e-01   1.8359672e-01
   6.6651431e-01   1.8359672e-01
   6.6651431e-01   1.8359672e-01
   6.6651431e-01   1.8359672e-01
   6.6651431e-01   1.8359672e-01
   6.6651431e-01   1.8359672e-01
   6.6651431e-01   1.8359672e-01
   6.6651431e-01   1.8359672e-01
   6.6651431e-01   1.8359672e-01
   6.6651431e-01   1.8359672e-01
   6.6651431e-01   1.8359672e-01
   6.6651431e-01   1.8359672e-01
   6.6651431e-01   1.8359672e-01
   6.6651431e-01   1.8359672e-01
   6.6651431e-01   1.8359672e-01
   6.6651431e-01   1.8359672e-01
   6.6651431e-01   1.8359672e-01
   6.6651431e-01   1.8359672e-01
   6.6651431e-01   1.8359672e-01
   6.6651431e-01   1.8359672e-01
   6.6651431e-01   1.8359672e-01
   6.6651431e-01   1.8359672e-01
   6.6651431e-01   1.8359672e-01
   6.6651431e-01   1.8359672e-01
   6.6651431e-01   1.8359672e-01
   6.6651431e-01   1.8359672e-01
   6.6651431e-01   1.8359672e-01
   6.6651431e-01   1.8359672e-01
   6.6651431e-01   1.8359672e-01
   6.6651431e-01   1.8359672e-01
   6.6651431e-01   1.8359672e-01
   6.6651431e-01   1.8359672e-01
   6.6651431e-01   1.8359672e-01
   6.6651431e-01   1.8359672e-01
   6.6651431e-01   1.8359672e-01
   6.6651431e-01   1.8359672e-01
   6.6651431e-01   1.8359672e-01
   6.6651431e-01   1.8359672e-01
   6.6651431e-01   1.8359672e-01
   6.6651431e-01   1.8359672e-01
   6.6651431e-01   1.8359672e-01
   6.6651431e-01   1.8359672e-01
   6.6651431e-01   1.8359672e-01
   6.6651431e-01   1.8359672e-01
   6.6651431e-01   1.8359672e-01
   6.6651431e-01   1.8359672e-01
   6.6651431e-01   1.8359672e-01
   6.6651431e-01   1.8359672e-01
   6.6651431e-01   1.8359672e-01
   6.6651431e-01   1.8359672e-01
   6.6651431e-01   1.8359672e-01
   6.6651431e-01   1.8359672e-01
   6.6651431e-01   1.8359672e-01
   6.6651431e-01   1.8359672e-01
   6.6651431e-01   1.8359672e-01
   6.6651431e-01   1.8359672e-01
   6.6651431e-01   1.8359672e-01
   6.6651431e-01   1.8359672e-01
   6.6651431e-01   1.8359672e-01
   6.6651431e-01   1.8359672e-01
   6.6651431e-01   1.8359672e-01
   6.6651431e-01   1.8359672e-01
   6.6651431e-01   1.8359672e-01
   6.6651431e-01   1.8359672e-01
   6.6651431e-01   1.8359672e-01
   6.6651431e-01   1.8359672e-01
   6.6651431e-01   1.8359672e-01
   6.6651431e-01   1.8359672e-01
   6.6651431e-01   1.8359672e-01
   6.6651431e-01   1.8359672e-01
   6.6651431e-01   1.8359672e-01
   6.6651431e-01   1.8359672e-01
   6.6651431e-01   1.8359672e-01
   6.6651431e-01   1.8359672e-01
   6.6651431e-01   1.8359672e-01
   6.6651431e-01   1.8359672e-01
   6.6651431e-01   1.8359672e-01
   6.6651431e-01   1.8359672e-01
   6.6651431e-01   1.8359672e-01
   6.6651431e-01   1.8359672e-01
   6.6651431e-01   1.8359672e-01
   6.6651431e-01   1.8359672e-01
   6.6651431e-01   1.8359672e-01
   6.6651431e-01   1.8359672e-01
   6.6651431e-01   1.8359672e-01
   6.6651431e-01   1.8359672e-01
   6.6651431e-01   1.8359672e-01
   6.6651431e-01   1.8359672e-01
   6.6651431e-01   1.8359672e-01
   6.6651431e-01   1.8359672e-01
   6.6651431e-01   1.8359672e-01
   6.6651431e-01   1.8359672e-01
   6.6651431e-01   1.8359672e-01
   6.6651431e-01   1.8359672e-01
   6.6651431e-01   1.8359672e-01
   6.6651431e-01   1.8359672e-01
   6.6651431e-01   1.8359672e-01
   6.6651431e-01   1.8359672e-01
   6.6651431e-01   1.8359672e-01
   6.6651431e-01   1.8359672e-01
   6.6651431e-01   1.8359672e-01
   6.6651431e-01   1.8359672e-01
   6.6651431e-01   1.8359672e-01
   6.6651431e-01   1.8359672e-01
   6.6651431e-01   1.8359672e-01
   6.6651431e-01   1.8359672e-01
   6.6651431e-01   1.8359672e-01
   6.6651431e-01   1.8359672e-01
   6.6651431e-01   1.8359672e-01
   6.6651431e-01   1.8359672e-01
   6.6651431e-01   1.8359672e-01
   6.6651431e-01   1.8359672e-01
   6.6651431e-01   1.8359672e-01
   6.6651431e-01   1.8359672e-01
   6.6651431e-01   1.8359672e-01
   6.6651431e-01   1.8359672e-01
   6.6651431e-01   1.8359672e-01
   6.6651431e-01   1.8359672e-01
   6.6651431e-01   1.8359672e-01
   6.6651431e-01   1.8359672e-01
   6.6651431e-01   1.8359672e-01
   6.6651431e-01   1.8359672e-01
   6.6651431e-01   1.8359672e-01
   6.6651431e-01   1.8359672e-01
   6.6651431e-01   1.8359672e-01
   6.6651431e-01   1.8359672e-01
   6.6651431e-01   1.8359672e-01
   6.6651431e-01   1.8359672e-01
   6.6651431e-01   1.8359672e-01
   6.6651431e-01   1.8359672e-01
   6.6651431e-01   1.8359672e-01
   6.6651431e-01   1.8359672e-01
   6.6651431e-01   1.8359672e-01
   6.6651431e-01   1.8359672e-01
   6.6651431e-01   1.8359672e-01
   6.6651431e-01   1.8359672e-01
   6.6651431e-01   1.8359672e-01
   6.6651431e-01   1.8359672e-01
   6.6651431e-01   1.8359672e-01
   6.6651431e-01   1.8359672e-01
   6.6651431e-01   1.8359672e-01
   6.6651431e-01   1.8359672e-01
   6.6651431e-01   1.8359672e-01
   6.6651431e-01   1.8359672e-01
   6.6651431e-01   1.8359672e-01
   6.6651431e-01   1.8359672e-01
   6.6651431e-01   1.8359672e-01
   6.6651431e-01   1.8359672e-01
   6.6651431e-01   1.8359672e-01
   6.6651431e-01   1.8359672e-01
   6.6651431e-01   1.8359672e-01
   6.6651431e-01   1.8359672e-01
   6.6651431e-01   1.8359672e-01
   6.6651431e-01   1.8359672e-01
   6.6651431e-01   1.8359672e-01
   6.6651431e-01   1.8359672e-01
   6.6651431e-01   1.8359672e-01
   6.6651431e-01   1.8359672e-01
   6.6651431e-01   1.8359672e-01
   6.6651431e-01   1.8359672e-01
   6.6651431e-01   1.8359672e-01
   6.6651431e-01   1.8359672e-01
   6.6651431e-01   1.8359672e-01
   6.6651431e-01   1.8359672e-01
   6.6651431e-01   1.8359672e-01
   6.6651431e-01   1.8359672e-01
   6.6651431e-01   1.8359672e-01
   6.6651431e-01   1.8359672e-01
   6.6651431e-01   1.8359672e-01
   6.6651431e-01   1.8359672e-01
   6.6651431e-01   1.8359672e-01
   6.6651431e-01   1.8359672e-01
   6.6651431e-01   1.8359672e-01
   6.6651431e-01   1.8359672e-01
   6.6651431e-01   1.8359672e-01
   6.6651431e-01   1.8359672e-01
   6.6651431e-01   1.8359672e-01
   6.6651431e-01   1.8359672e-01
   6.6651431e-01   1.8359672e-01
   6.6651431e-01   1.8359672e-01
   6.6651431e-01   1.8359672e-01
   6.6651431e-01   1.8359672e-01
   6.6651431e-01   1.8359672e-01
   6.6651431e-01   1.8359672e-01
   6.6651431e-01   1.8359672e-01
   6.6651431e-01   1.8359672e-01
   6.6651431e-01   1.8359672e-01
   6.6651431e-01   1.8359672e-01
   6.6651431e-01   1.8359672e-01
   6.6651431e-01   1.8359672e-01
   6.6651431e-01   1.8359672e-01
   6.6651431e-01   1.8359672e-01
   6.6651431e-01   1.8359672e-01
   6.6651431e-01   1.8359672e-01
   6.6651431e-01   1.8359672e-01
   6.6651431e-01   1.8359672e-01
   6.6651431e-01   1.8359672e-01
   6.6651431e-01   1.8359672e-01
   6.6651431e-01   1.8359672e-01
   6.6651431e-01   1.8359672e-01
   6.6651431e-01   1.8359672e-01
   6.6651431e-01   1.8359672e-01
   6.6651431e-01   1.8359672e-01
   6.6651431e-01   1.8359672e-01
   6.6651431e-01   1.8359672e-01
   6.6651431e-01   1.8359672e-01
   6.6651431e-01   1.8359672e-01
   6.6651431e-01   1.8359672e-01
   6.6651431e-01   1.8359672e-01
   6.6651431e-01   1.8359672e-01
   6.6651431e-01   1.8359672e-01
