   1.8691788e+01   1.3728802e+01
   1.2315712e+01   7.5207025e+00
   2.9787088e+01   1.7961086e+01
   1.0708998e+01   6.9974825e+00
   2.6540860e+01   2.4755984e+01
   1.7449626e+01   1.2997362e+01
   1.2487188e+01   1.1161174e+01
   7.9596987e+00   7.9766647e+00
   1.1409671e+01   1.1039005e+01
   2.7164842e+01   2.1274711e+01
   9.8838985e+00   7.8978389e+00
   1.4959258e+01   2.2972723e+01
   1.4008006e+01   9.8581787e+00
   3.0558758e+01   1.8130439e+01
   7.8427484e+00   1.1663421e+01
   8.9839733e+00   7.3784671e+00
   2.2022140e+01   1.3407900e+01
   7.9620184e+00   6.7256613e+00
   1.1563155e+01   1.5212586e+01
   1.9959895e+01   2.5418622e+01
   2.2281247e+01   2.3975910e+01
   2.3098989e+01   2.6110610e+01
   3.1401757e+01   1.2924907e+01
   2.2097462e+01   1.3742479e+01
   2.8047520e+01   1.8593570e+01
   9.2259844e+00   9.6861730e+00
   7.1806657e+00   7.4273732e+00
   1.4934877e+01   2.0013598e+01
   7.1034375e+00   7.8865720e+00
   1.4439004e+01   2.4654216e+01
   9.5152236e+00   9.5466300e+00
   9.5481858e+00   6.0671743e+00
   1.0457542e+01   7.4466817e+00
   1.5489979e+01   1.8497554e+01
   2.2192085e+01   1.3548200e+01
   2.1867499e+01   2.9042371e+01
   9.5302980e+00   7.7402141e+00
   9.6894405e+00   7.8613918e+00
   1.9185632e+01   1.8518547e+01
   1.7326752e+01   2.2921162e+01
   9.4114041e+00   7.8612677e+00
   6.7958226e+00   1.2083709e+01
   1.2508511e+01   1.6517035e+01
   1.5681076e+01   1.8453138e+01
   1.2737519e+01   1.5104539e+01
   9.2429405e+00   7.4346811e+00
   2.0868661e+01   2.4720006e+01
   2.7117641e+01   2.0318519e+01
   1.2606387e+01   1.3356744e+01
   1.8323240e+01   1.7582323e+01
   1.9370625e+01   1.2844794e+01
   8.4174760e+00   8.2022764e+00
   1.6161501e+01   1.3491011e+01
   8.8055094e+00   9.0777770e+00
   1.4463091e+01   9.3478780e+00
   1.2043199e+01   9.4558238e+00
   1.5695253e+01   1.0214095e+01
   7.2167368e+00   8.3777950e+00
   2.1583869e+01   1.5685299e+01
   1.1470532e+01   1.1153440e+01
   1.2898976e+01   9.4486372e+00
   1.7010677e+01   1.1653380e+01
   1.9043899e+01   1.9610505e+01
   1.8213545e+01   1.6417754e+01
   1.3738579e+01   8.0403436e+00
   1.0002364e+01   8.7605537e+00
   2.3557654e+01   1.7867357e+01
   1.1320763e+01   8.2098481e+00
   8.2485383e+00   7.9063954e+00
   1.0603935e+01   9.7225730e+00
   2.3569674e+01   1.1607969e+01
   8.9748837e+00   1.1927110e+01
   6.9122993e+00   5.9730927e+00
   1.0397073e+01   6.0180684e+00
   2.3561984e+01   1.7643842e+01
   1.3709671e+01   1.3792158e+01
   1.0019983e+01   9.5034027e+00
   1.6824268e+01   2.4312972e+01
   7.0202138e+00   8.3010477e+00
   1.9281767e+01   1.0988907e+01
   2.3021293e+01   2.0724096e+01
   1.2691056e+01   1.1566204e+01
   2.5830077e+01   2.2390525e+01
   2.1254612e+01   2.0026192e+01
   1.7611918e+01   2.2965067e+01
   2.6157971e+01   1.2783676e+01
   1.3370316e+01   1.4947886e+01
   2.0476591e+01   1.9780142e+01
   7.8952839e+00   9.7943488e+00
   1.8527841e+01   1.2956119e+01
   2.1580273e+01   1.3854066e+01
   1.0726773e+01   1.0315729e+01
   1.2191483e+01   1.2116374e+01
   1.1955917e+01   1.9085234e+01
   1.5430030e+01   1.8917376e+01
   1.1822427e+01   1.0880552e+01
   7.1396449e+00   4.9959674e+00
   1.6840117e+01   1.1452667e+01
   2.2878490e+01   2.3918041e+01
   9.0517579e+00   8.4557122e+00
   8.3339716e-01   8.7130127e-02
   9.9939710e-01   4.5478862e-03
   8.5950541e-01   8.7129529e-02
   1.6845642e-01   5.9174752e-01
   1.0008571e+00   1.8953850e-06
   6.7684174e-01   1.8343376e-01
   1.0234311e-03   9.7987963e-01
   6.6610725e-01   1.8933023e-01
   4.0505428e-03   9.6869576e-01
   6.6661907e-01   1.8363912e-01
   9.9962103e-01   3.3042693e-03
   9.9979905e-01   8.8924242e-04
   6.6627606e-01   1.8777839e-01
   5.0931032e-01   2.9289187e-01
   1.6684345e-01   5.9175088e-01
   8.3333341e-01   8.7177217e-02
   3.7204590e-03   9.6958295e-01
   3.3271417e-01   4.2918488e-01
   3.3678443e-01   4.2257504e-01
   2.4409635e-06   9.9940950e-01
   3.3295073e-01   4.2685004e-01
   5.0000001e-01   2.9291361e-01
   3.4907210e-01   4.2250527e-01
   6.8655501e-01   1.8342643e-01
   1.6666634e-01   5.9180129e-01
   8.3333396e-01   8.7138846e-02
   6.6636170e-01   1.8535598e-01
   4.9807945e-05   9.9375454e-01
   5.0179220e-01   2.9289260e-01
   8.8202923e-01   8.7129001e-02
   9.9938390e-01   1.1694069e-02
   4.8357978e-05   9.9404953e-01
   5.0003906e-01   2.9289581e-01
   8.3333933e-01   8.7135742e-02
   5.0000627e-01   2.9289738e-01
   8.4484974e-01   8.7129819e-02
   3.3312051e-01   4.2361010e-01
   6.6628402e-01   1.8676023e-01
   1.6752484e-01   5.9175080e-01
   2.1128659e-05   9.9626066e-01
   5.7101887e-05   9.9292772e-01
   3.3445380e-01   4.2259520e-01
   6.6668767e-01   1.8351134e-01
   4.3455460e-05   9.9452838e-01
   3.3333874e-01   4.2265715e-01
   1.6181510e-05   9.9684789e-01
   6.6628551e-01   1.8555742e-01
   3.3331377e-01   4.2275974e-01
   3.4447136e-01   4.2251027e-01
   7.9472769e-05   9.9207645e-01
   3.4375036e-05   9.9495387e-01
   8.3333378e-01   8.7145930e-02
   5.1186207e-01   2.9289180e-01
   3.3333414e-01   4.2269268e-01
   1.6667119e-01   5.9175797e-01
   9.9988349e-01   3.8618353e-04
   1.2800981e-04   9.9000017e-01
   1.8599743e-05   9.9673264e-01
   6.7172647e-01   1.8345508e-01
   5.1015976e-05   9.9373327e-01
   4.9123358e-05   9.9398404e-01
   3.3325819e-01   4.2287875e-01
   8.5906956e-05   9.9205692e-01
   1.6666831e-01   5.9176564e-01
   5.0011937e-01   2.9289510e-01
   8.3415793e-04   9.8118993e-01
   3.3327041e-01   4.2282274e-01
   9.9938977e-01   6.4815805e-03
   4.0757600e-06   9.9914577e-01
   9.9997743e-01   1.2910551e-04
   6.6667268e-01   1.8352275e-01
   3.3334089e-01   4.2265444e-01
   6.6646996e-01   1.8463983e-01
   4.3876164e-06   9.9857734e-01
   6.7157535e-01   1.8346257e-01
   1.2082087e-05   9.9757304e-01
   6.6670175e-01   1.8350723e-01
   1.0371267e-05   9.9758561e-01
   1.0176273e-04   9.9099164e-01
   3.3330472e-01   4.2277401e-01
   6.7163587e-01   1.8345625e-01
   3.3333783e-01   4.2266076e-01
   5.0082784e-01   2.9289331e-01
   8.3333684e-01   8.7137294e-02
   8.3335194e-01   8.7132728e-02
   9.9981215e-01   5.5115035e-04
   1.0000044e+00   1.1277641e-05
   3.3293015e-01   4.2895580e-01
   3.3270665e-01   4.3097528e-01
   6.6647132e-01   1.8435320e-01
   3.3351176e-01   4.2261541e-01
   1.6799889e-01   5.9174927e-01
   8.3335410e-01   8.7132454e-02
   1.6667415e-01   5.9175573e-01
   5.0000221e-01   2.9289896e-01
   1.8333820e-01   5.9174711e-01
   8.3334420e-01   8.7134938e-02
   5.0001366e-01   2.9289656e-01
   8.3333351e-01   8.7150716e-02
   6.6668847e-01   1.8350840e-01
   6.8533890e-01   1.8323203e-01
   3.3225045e-01   4.2927931e-01
   3.3810224e-01   4.2213756e-01
   6.6591475e-01   1.8665634e-01
   6.6596028e-01   1.8555112e-01
   1.7365752e-03   9.7152457e-01
   2.6336331e-03   9.6739738e-01
   1.6868408e-01   5.9173579e-01
   3.3438190e-01   4.2233264e-01
   8.3333254e-01   8.7177598e-02
   3.4113702e-01   4.2210481e-01
   6.6567223e-01   1.8856875e-01
   3.3296423e-01   4.2376198e-01
   3.3236636e-01   4.2652026e-01
   6.6598381e-01   1.8550037e-01
   9.9931321e-01   2.1734161e-03
   3.3515509e-01   4.2225214e-01
   3.3334015e-01   4.2267582e-01
   9.9935185e-01   2.0721338e-03
   2.4409635e-06   9.9940950e-01
   5.1078341e-03   9.6047001e-01
   9.9903418e-01   3.6093609e-03
   3.3226174e-01   4.2797689e-01
   9.9886995e-01   4.8417088e-03
   1.6666634e-01   5.9180129e-01
   6.6768410e-01   1.8327528e-01
   5.0169611e-01   2.9288941e-01
   3.3289620e-01   4.2413567e-01
   6.6557663e-01   1.8935510e-01
   1.0286933e+00   1.7432377e-06
   6.6840696e-01   1.8325478e-01
   5.0130016e-01   2.9289261e-01
   1.6798976e-01   5.9174295e-01
   6.7021521e-01   1.8325412e-01
   5.3719012e-05   9.9366704e-01
   6.6592489e-01   1.8663012e-01
   1.6671714e-01   5.9175326e-01
   3.3259248e-01   4.2611031e-01
   6.6602890e-01   1.8530235e-01
   6.6600484e-01   1.8532835e-01
   9.9942271e-01   1.5703022e-03
   4.9999982e-01   2.9293323e-01
   6.6668578e-01   1.8350775e-01
   1.6704916e-01   5.9174654e-01
   6.7232163e-01   1.8325191e-01
   1.0000557e+00   3.4562124e-06
   6.1290561e-02   9.5934946e-01
   6.6667027e-01   1.8351046e-01
   1.6669353e-01   5.9175822e-01
   3.4541711e-01   4.2185630e-01
   3.4375036e-05   9.9495387e-01
   1.6670459e-01   5.9175654e-01
   3.9288772e-05   9.9407368e-01
   3.3333414e-01   4.2269268e-01
   3.4572080e-06   9.9939193e-01
   1.2929618e-04   9.8917398e-01
   1.6666670e-01   5.9179113e-01
   8.3354425e-01   8.7130337e-02
   1.6667006e-01   5.9178962e-01
   5.1015976e-05   9.9373327e-01
   6.6552163e-01   1.9188806e-01
   1.3663690e-03   9.7517285e-01
   9.9906327e-01   3.1155473e-03
   6.6673474e-01   1.8348960e-01
   8.3334880e-01   8.7131156e-02
   8.3480593e-01   8.7127087e-02
   1.0044804e-05   9.9882962e-01
   1.6673082e-01   5.9174956e-01
   2.4776638e-05   9.9643820e-01
   1.6340662e-05   9.9670783e-01
   6.6657360e-01   1.8370815e-01
   3.3286468e-01   4.2429772e-01
   7.6125289e-06   9.9883634e-01
   8.3333432e-01   8.7137028e-02
   9.9991190e-01   2.1237903e-04
   1.0000338e+00   8.7627434e-06
   3.3236080e-01   4.2755074e-01
   1.0371267e-05   9.9758561e-01
   9.4013719e-05   9.9087769e-01
   3.3334527e-01   4.2265399e-01
   5.0000778e-01   2.9289578e-01
   3.3334051e-01   4.2266881e-01
   8.4159070e-01   8.7126303e-02
   3.3341194e-01   4.2262785e-01
   2.2083272e-05   9.9647108e-01
   9.9894072e-01   4.0588093e-03
   1.0000044e+00   1.1277641e-05
   1.0008144e+00   1.9471451e-06
   1.0655208e-03   9.7563468e-01
   1.6666636e-01   5.9179188e-01
   8.3345276e-01   8.7131141e-02
   6.6657473e-01   1.8364791e-01
   9.9960430e-01   7.1998987e-04
   5.0652619e-01   2.9288638e-01
   5.0000221e-01   2.9289896e-01
   3.3257625e-01   4.2619209e-01
   3.3325355e-01   4.2281494e-01
   3.3340889e-01   4.2263092e-01
   3.3275619e-01   4.2516516e-01
   9.9991499e-01   1.2600347e-04
   5.5387370e-01   2.9288377e-01
   5.0490951e-01   2.9288549e-01
   2.2480475e-01   5.9173039e-01
   3.4374056e-01   4.2086928e-01
   3.3419109e-01   4.2225452e-01
   1.0001320e+00   1.3713039e-06
   9.9754535e-01   3.0489301e-03
   1.7029373e-01   5.9173514e-01
   1.6868408e-01   5.9173579e-01
   1.8428258e-03   9.6078432e-01
   6.6299496e-01   1.9049205e-01
   6.6957368e-01   1.8251016e-01
   3.3275382e-01   4.2346106e-01
   5.1757070e-01   2.9288378e-01
   3.3953132e-01   4.2087225e-01
   3.5621221e-01   4.2083301e-01
   2.0816113e-06   1.0068593e+00
   3.3183120e-01   4.2535508e-01
   3.5049755e-01   4.2086647e-01
   3.3581156e-01   4.2133788e-01
   4.9999931e-01   2.9293539e-01
   6.0568799e-01   2.9288290e-01
   1.6666602e-01   5.9176674e-01
   9.9852272e-01   1.6745732e-03
   3.2967437e-01   4.2893003e-01
   9.9633838e-01   5.8080566e-03
   1.6670271e-01   5.9174583e-01
   1.0776785e-04   9.9075451e-01
   3.2949129e-01   4.8582858e-01
   2.2605066e-01   5.9173031e-01
   6.7307735e-01   1.8224246e-01
   1.7258714e-01   5.9173185e-01
   3.2962873e-01   4.3579691e-01
   3.3085521e-01   4.2629206e-01
   5.0250894e-01   2.9288642e-01
   8.9192276e-01   8.7124005e-02
   6.6657418e-01   1.8360823e-01
   8.3956639e-01   8.7124433e-02
   6.6423241e-01   1.8676564e-01
   8.3333230e-01   1.1383673e-01
   3.3757377e-01   4.2106025e-01
   3.2954726e-01   4.7945116e-01
   2.4711132e-01   5.9172306e-01
   6.6747980e-01   1.8326089e-01
   1.0000013e+00   2.2119661e-05
   3.3536250e-01   4.2174278e-01
   6.6722494e-01   1.8342704e-01
   6.6667027e-01   1.8351046e-01
   7.6188671e-06   9.9895984e-01
   9.0837338e-01   8.7122571e-02
   1.0000433e+00   3.0342907e-06
   3.3707178e-01   4.2110419e-01
   3.9288772e-05   9.9407368e-01
   8.3333240e-01   8.7169065e-02
   7.2402525e-06   9.9897865e-01
   1.2929618e-04   9.8917398e-01
   2.5602026e-04   9.8834628e-01
   3.3323984e-01   4.2277352e-01
   8.3429217e-01   8.7128086e-02
   3.3340737e-01   4.2262821e-01
   3.3666604e-01   4.2111137e-01
   6.6476633e-01   1.8608688e-01
   6.7514796e-05   9.9240314e-01
   2.1613617e-03   9.5620314e-01
   8.3334880e-01   8.7131156e-02
   8.3480593e-01   8.7127087e-02
   6.6422507e-01   1.8753014e-01
   8.3335187e-01   8.7130643e-02
   5.0001339e-01   2.9289475e-01
   1.6340662e-05   9.9670783e-01
   1.0000066e+00   1.0101615e-05
   6.6656790e-01   1.8372779e-01
   3.3334419e-01   4.2265714e-01
   8.3333432e-01   8.7137028e-02
   2.4194185e-05   9.9580861e-01
   3.3317227e-06   9.9898834e-01
   1.6669051e-01   5.9175492e-01
   9.9926205e-01   5.9076244e-04
   9.4013719e-05   9.9087769e-01
   8.3427930e-01   8.7128492e-02
   3.3335200e-01   4.2265586e-01
   6.6516786e-01   1.8504910e-01
   1.0000132e+00   6.1502187e-06
   9.0206969e-06   9.9758215e-01
   3.3333396e-01   4.2267115e-01
   2.4738455e-06   1.0057506e+00
   1.0000044e+00   1.1277641e-05
   9.1024036e-04   9.7877460e-01
   2.2366060e-01   5.9173170e-01
   9.9805440e-01   2.3226783e-03
   3.3001768e-01   4.2815052e-01
   4.3248010e-05   9.9404080e-01
   3.3339737e-01   4.2263841e-01
   9.9782018e-01   2.3641666e-03
   5.0000221e-01   2.9289896e-01
   3.3323363e-01   4.2284464e-01
   5.8297969e-03   9.3988125e-01
   9.9762473e-01   2.7693972e-03
   3.5369256e-03   9.4702572e-01
   6.6318049e-01   1.8896575e-01
   3.2954877e-01   4.2631149e-01
   9.9435540e-01   4.4891154e-03
   3.5840632e-03   9.4325819e-01
   1.2108324e+00   1.1302164e-06
   3.3419109e-01   4.2225452e-01
   9.9765591e-01   1.6337520e-03
   1.6666428e-01   5.9180197e-01
   5.5912883e-01   2.9286354e-01
   3.3106063e-01   4.2502542e-01
   3.4073352e-01   4.1801370e-01
   1.6764035e-01   5.9170266e-01
   6.6100895e-01   1.8857318e-01
   4.8498088e-03   9.3794625e-01
   6.7370245e-01   1.8065913e-01
   8.3332437e-01   8.7210511e-02
   3.3257433e-01   4.2339256e-01
   6.6929281e-01   1.8228730e-01
   1.4194959e-02   9.0631723e-01
   3.3993859e-01   4.1865049e-01
   1.1960720e-02   9.0635839e-01
   8.3505466e-01   8.7120397e-02
   3.3765350e-01   4.1945233e-01
   5.0145355e-01   2.9286887e-01
   6.6247690e-01   1.8691260e-01
   9.9476525e-01   3.3184308e-03
   7.3050320e-03   9.2129622e-01
   1.2732080e-06   1.2208525e+00
   3.2870776e-01   4.2819456e-01
   6.3804200e-05   9.9269562e-01
   3.2962863e-01   4.2627463e-01
   3.3792442e-01   4.1943627e-01
   3.3333586e-01   4.2266011e-01
   5.0006880e-01   2.9288741e-01
   1.9169761e-05   9.9667039e-01
   9.9538461e-01   3.0564349e-03
   3.2745494e-01   4.2994483e-01
   6.6657418e-01   1.8360823e-01
   5.0003620e-01   2.9288973e-01
   3.3333394e-01   4.2266781e-01
   6.6609304e-01   1.8429037e-01
   8.3345681e-01   8.7127799e-02
   3.3256507e-01   4.2348872e-01
   6.1306843e-03   9.3001920e-01
   6.4434493e-06   9.9816924e-01
   3.3604557e-01   4.2087970e-01
   3.3331345e-01   4.2271749e-01
   1.0000089e+00   2.0704669e-06
   6.6667027e-01   1.8351046e-01
   3.3339568e-01   4.2261842e-01
   6.6437553e-05   9.9266480e-01
   5.9919468e-06   9.9909409e-01
   6.7335191e-01   1.8083010e-01
   3.9288772e-05   9.9407368e-01
   3.3339728e-01   4.2261475e-01
   1.6666676e-01   5.9177062e-01
   1.2929618e-04   9.8917398e-01
   6.5946954e-01   1.9456677e-01
   3.3323984e-01   4.2277352e-01
   1.6666695e-01   5.9176094e-01
   1.6586003e-05   9.9670185e-01
   6.6040271e-04   9.7833929e-01
   3.3398601e-01   4.2229630e-01
   6.7514796e-05   9.9240314e-01
   1.1406863e-05   9.9754297e-01
   8.3334880e-01   8.7131156e-02
   8.8962259e-01   8.7119810e-02
   1.7870829e-05   9.9668661e-01
   8.3335187e-01   8.7130643e-02
   5.0001339e-01   2.9289475e-01
   1.6340662e-05   9.9670783e-01
   1.6666898e-01   5.9176002e-01
   6.6656790e-01   1.8372779e-01
   9.9619667e-01   2.6176241e-03
   8.3333432e-01   8.7137028e-02
   8.8231678e-06   9.9755271e-01
   6.6668189e-01   1.8350849e-01
   1.8644389e-03   9.5886134e-01
   3.3339499e-01   4.2262043e-01
   9.4013719e-05   9.9087769e-01
   4.9999876e-01   2.9291515e-01
   1.7463773e-03   9.6044402e-01
   6.6423644e-01   1.8518106e-01
   6.6667574e-01   1.8350887e-01
   3.3086163e-01   4.2537954e-01
   6.6672292e-01   1.8349071e-01
   3.3507445e-01   4.2152610e-01
   1.6675945e-01   5.9171234e-01
   6.6287880e-01   1.8643053e-01
   1.0000690e+00   1.7342669e-06
   3.3182958e-01   4.2454772e-01
   3.0994073e-06   9.9935964e-01
   6.6341649e-01   1.8606261e-01
   6.5972447e-01   1.9059091e-01
   3.3334125e-01   4.2265060e-01
   5.0000221e-01   2.9289896e-01
   5.6405961e-04   9.7844556e-01
   3.3714665e-01   4.2042782e-01
   3.3194227e-01   4.2434202e-01
   3.3784051e-01   4.1944787e-01
   2.7135716e-05   9.9578518e-01
   3.2954877e-01   4.2631149e-01
   3.4330565e-01   4.1598998e-01
   3.2594037e-01   4.2975883e-01
   1.2108324e+00   1.1302164e-06
   9.9236229e-01   5.0050803e-03
   6.5741793e-01   1.9201217e-01
   6.5734952e-01   1.9465559e-01
   5.5912883e-01   2.9286354e-01
   3.3097671e-01   4.2494145e-01
   8.7676462e-03   9.1025163e-01
   3.3923512e-01   4.1833515e-01
   8.3722366e-01   8.7108840e-02
   9.9056562e-01   8.9567178e-03
   6.7227682e-01   1.8079062e-01
   1.0799054e-02   9.0376827e-01
   6.6097169e-01   1.8839877e-01
   1.6692626e-01   5.9169776e-01
   9.9757441e-01   1.4049212e-03
   6.6937032e-01   1.8228145e-01
   3.4498339e-01   4.1497803e-01
   6.5739424e-01   1.9267148e-01
   3.2562185e-01   4.3341999e-01
   6.7610414e-01   1.7884147e-01
   3.3257401e-01   4.2335905e-01
   6.6247690e-01   1.8691260e-01
   1.8309570e-03   9.5878160e-01
   7.3050320e-03   9.2129622e-01
   1.2732080e-06   1.2208525e+00
   8.2267342e-01   1.7871958e-01
   3.7129960e-03   9.4273699e-01
   6.5901820e-01   1.8988601e-01
   5.6207251e-03   9.2812919e-01
   8.9172822e-01   8.7106520e-02
   9.9636080e-01   2.1169048e-03
   3.3437884e-01   4.2193544e-01
   1.6664911e-01   5.9182525e-01
   4.9998825e-01   2.9297461e-01
   6.6657418e-01   1.8360823e-01
   3.3764791e-01   4.1928638e-01
   3.2511805e-01   4.3775720e-01
   6.7549111e-01   1.7902555e-01
   3.4014486e-01   4.1758799e-01
   3.2563195e-01   4.3125919e-01
   1.2521739e-02   9.0075970e-01
   3.3604557e-01   4.2087970e-01
   8.3330419e-01   8.7276672e-02
   9.9437621e-01   3.3952320e-03
   8.3329923e-01   8.8163380e-02
   3.3334125e-01   4.2265923e-01
   4.5465620e-03   9.3785693e-01
   6.6111966e-01   1.8726568e-01
   6.7377072e-01   1.8030259e-01
   3.9288772e-05   9.9407368e-01
   3.3339728e-01   4.2261475e-01
   1.6666676e-01   5.9177062e-01
   1.2929618e-04   9.8917398e-01
   3.3336440e-01   4.2264390e-01
   3.3323984e-01   4.2277352e-01
   1.6666695e-01   5.9176094e-01
   6.7541702e-06   9.9816395e-01
   1.6677957e-01   5.9170037e-01
   3.3398601e-01   4.2229630e-01
   6.6671049e-01   1.8360783e-01
   6.7231282e-01   1.8074876e-01
   6.1298454e-03   9.2798119e-01
   6.6739634e-01   1.8348316e-01
   6.6336460e-01   1.8595181e-01
   6.7107516e-01   1.8132825e-01
   5.0001339e-01   2.9289475e-01
   8.3701582e-01   8.7131919e-02
   1.6666898e-01   5.9176002e-01
   6.6656790e-01   1.8372779e-01
   9.9619667e-01   2.6176241e-03
   8.3333432e-01   8.7137028e-02
   3.3333769e-01   4.2266233e-01
   5.0000184e-01   2.9290566e-01
   4.5690664e-03   9.3701563e-01
   3.2763125e-01   4.2821460e-01
   9.4013719e-05   9.9087769e-01
   4.9999876e-01   2.9291515e-01
   6.5903911e-01   1.8966505e-01
   3.9398849e-03   9.3805339e-01
   3.3734423e-01   4.1952074e-01
   3.3086163e-01   4.2537954e-01
   6.6672292e-01   1.8349071e-01
   3.3507445e-01   4.2152610e-01
   3.3336374e-01   4.2264894e-01
   6.7364276e-01   1.8038299e-01
   5.0025604e-01   2.9286584e-01
   3.3182958e-01   4.2454772e-01
   3.0994073e-06   9.9935964e-01
   6.5776863e-01   1.9171308e-01
   6.5912845e-01   1.8958700e-01
   3.3334125e-01   4.2265060e-01
   5.0000221e-01   2.9289896e-01
   6.6423496e-01   1.8516361e-01
   9.9069755e-01   8.7267954e-03
   3.3498058e-01   4.2157111e-01
   3.2776171e-01   4.2797858e-01
   9.9823134e-03   9.0392396e-01
   5.4013912e-01   2.9285677e-01
   6.5705149e-01   1.9332905e-01
   3.2371640e-01   4.3240841e-01
   1.2108324e+00   1.1302164e-06
   2.3165277e-01   5.9164752e-01
   8.6914614e-03   9.1012628e-01
   1.6802004e-01   5.9167288e-01
   3.2953012e-01   4.2611388e-01
   3.4390692e-01   4.1485370e-01
   3.2508187e-01   4.3089368e-01
   3.3754980e-01   4.1929726e-01
   8.4515973e-01   8.7090347e-02
   1.7710749e-01   5.9166504e-01
   5.5472072e-03   9.2793729e-01
   6.5801268e-01   1.8978959e-01
   9.9038715e-01   6.1313234e-03
   6.7817966e-01   1.7761281e-01
   6.7214792e-01   1.8052769e-01
   6.6937032e-01   1.8228145e-01
   4.9998277e-01   2.9297160e-01
   1.0618365e-02   8.9988694e-01
   3.3094965e-01   4.2492244e-01
   5.0010061e-01   2.9286419e-01
   3.3257401e-01   4.2335905e-01
   9.9031885e-01   2.2108120e-02
   9.9026588e-01   4.0808770e-02
   3.4074563e-01   4.1721473e-01
   1.2732080e-06   1.2208525e+00
   3.4315217e-01   4.1603632e-01
   3.7129960e-03   9.4273699e-01
   3.3915584e-01   4.1828832e-01
   6.7753564e-01   1.7774088e-01
   6.6418887e-01   1.8514514e-01
   9.9045389e-01   5.5582880e-03
   3.3433504e-01   4.2199308e-01
   9.9431211e-01   3.5241475e-03
   3.2581678e-01   4.2975879e-01
   6.6657298e-01   1.8359618e-01
   1.6664177e-01   5.9184155e-01
   6.6091577e-01   1.8763300e-01
   6.7520078e-01   1.7879253e-01
   3.2779122e-01   4.2793283e-01
   6.5704026e-01   1.9438145e-01
   8.3777027e-01   8.7092032e-02
   3.4662573e-01   4.1383457e-01
   3.3600136e-01   4.2085729e-01
   1.6688163e-01   5.9168364e-01
   7.0152093e-03   9.1849949e-01
   6.6667050e-01   1.8351197e-01
   6.6093443e-01   1.8752795e-01
   6.5914598e-01   1.8898614e-01
   1.3854294e-02   8.8994371e-01
   3.9288772e-05   9.9407368e-01
   3.3339728e-01   4.2261475e-01
   5.0000913e-01   2.9289631e-01
   1.2929618e-04   9.8917398e-01
   3.3336440e-01   4.2264390e-01
   3.3323984e-01   4.2277352e-01
   1.6666695e-01   5.9176094e-01
   6.7541702e-06   9.9816395e-01
   1.6677957e-01   5.9170037e-01
   3.3398601e-01   4.2229630e-01
   3.3611393e-01   4.2083566e-01
   3.3729324e-01   4.1958756e-01
   3.3085192e-01   4.2508942e-01
   6.7750382e-01   1.7812583e-01
   6.6336460e-01   1.8595181e-01
   3.3734798e-01   4.1949542e-01
   5.0001339e-01   2.9289475e-01
   6.6255726e-01   1.8661486e-01
   1.6666898e-01   5.9176002e-01
   6.6656790e-01   1.8372779e-01
   9.9619667e-01   2.6176241e-03
   8.3333432e-01   8.7137028e-02
   3.3333769e-01   4.2266233e-01
   9.9039532e-01   6.1135305e-03
   3.2937528e-01   4.2696009e-01
   8.3328702e-01   8.7364516e-02
   9.4013719e-05   9.9087769e-01
   4.9999876e-01   2.9291515e-01
   5.0000893e-01   2.9289828e-01
   2.9194120e-05   9.9768809e-01
   3.3734423e-01   4.1952074e-01
   4.4440677e-03   9.3639086e-01
   6.6672292e-01   1.8349071e-01
   3.2768068e-01   4.2808732e-01
   3.3336374e-01   4.2264894e-01
   6.5705909e-01   1.9126003e-01
   8.3333854e-01   8.7134734e-02
   3.3182958e-01   4.2454772e-01
   3.0994073e-06   9.9935964e-01
   6.5913397e-01   1.8905560e-01
   9.9729069e-01   1.5586708e-03
   3.3334125e-01   4.2265060e-01
   5.0000221e-01   2.9289896e-01
   3.3093723e-01   4.2505317e-01
   6.5901763e-01   1.8941121e-01
   3.3498058e-01   4.2157111e-01
   3.2776171e-01   4.2797858e-01
   1.8450059e-03   9.5875334e-01
   3.3747443e-01   4.1921945e-01
   6.6205008e-01   1.8654703e-01
   3.2371640e-01   4.3240841e-01
   1.2108324e+00   1.1302164e-06
   6.5606624e-01   1.9174409e-01
   9.8950427e-01   7.2348952e-03
   7.7218027e-01   1.7719829e-01
   3.2953012e-01   4.2611388e-01
   4.9996680e-01   2.9296211e-01
   3.2508187e-01   4.3089368e-01
   6.6920738e-01   1.8219100e-01
   8.9666879e-01   8.6971754e-02
   2.5024065e-01   5.9118201e-01
   1.6748326e-01   5.9155010e-01
   6.5801268e-01   1.8978959e-01
   6.7507561e-01   1.7879326e-01
   1.6679664e-01   5.9165033e-01
   6.7214792e-01   1.8052769e-01
   1.8794295e-03   9.5871797e-01
   9.1043914e-03   9.1008459e-01
   8.3790186e-01   8.7015856e-02
   1.7353560e-01   5.9134934e-01
   3.4126270e-01   4.1655129e-01
   3.3257401e-01   4.2335905e-01
   3.4232922e-01   4.1561640e-01
   3.4523130e-01   4.1355448e-01
   2.1767293e-01   5.9133929e-01
   1.2732080e-06   1.2208525e+00
   2.4736984e-01   5.9118953e-01
   9.9725349e-01   1.5217394e-03
   3.3915584e-01   4.1828832e-01
   6.7753564e-01   1.7774088e-01
   6.6418887e-01   1.8514514e-01
   3.4697632e-01   4.1299609e-01
   3.3433504e-01   4.2199308e-01
   5.0160360e-01   2.9277965e-01
   3.2581678e-01   4.2975879e-01
   6.6657298e-01   1.8359618e-01
   1.6664177e-01   5.9184155e-01
   6.5618689e-01   1.9144099e-01
   5.5472839e-03   9.2772885e-01
   3.4418356e-01   4.1434490e-01
   5.1623498e-01   2.9276486e-01
   3.3581978e-01   4.2056890e-01
   3.7847158e-03   9.4256416e-01
   1.0735844e-02   8.9807974e-01
   9.9428976e-01   3.7091834e-03
   3.2255567e-01   4.3314668e-01
   1.7094504e-01   5.9150897e-01
   3.2768995e-01   4.2791137e-01
   1.6666884e-01   5.9175676e-01
   6.9290354e-03   9.1840950e-01
   3.3218276e-01   4.2425214e-01
   6.5904479e-01   1.8851466e-01
   1.1930990e-02   8.9581784e-01
   3.3090609e-01   4.2491477e-01
   6.8011398e-01   1.7725111e-01
   5.2141013e-01   2.9276037e-01
   1.6666695e-01   5.9176094e-01
   6.7541702e-06   9.9816395e-01
   1.6677957e-01   5.9170037e-01
   9.8948614e-01   8.5323298e-03
   3.2573417e-01   4.3059913e-01
   9.8951323e-01   5.9056484e-03
   3.3085192e-01   4.2508942e-01
   6.7750382e-01   1.7812583e-01
   1.1986383e-02   8.9581209e-01
   8.3333656e-01   8.7134791e-02
   5.0001339e-01   2.9289475e-01
   1.2851931e-02   8.8978406e-01
   6.6116006e-01   1.8733573e-01
   6.6656790e-01   1.8372779e-01
   9.9619667e-01   2.6176241e-03
   8.3333432e-01   8.7137028e-02
   5.8664649e-01   2.9265437e-01
   3.4192300e-01   4.1618477e-01
   1.6662923e-01   7.7732934e-01
   6.5625279e-01   1.9079018e-01
   9.4013719e-05   9.9087769e-01
   5.0109008e-01   2.9279878e-01
   5.0000893e-01   2.9289828e-01
   3.3398055e-01   4.2248072e-01
   8.3328699e-01   8.7189335e-02
   4.4440677e-03   9.3639086e-01
   6.6672292e-01   1.8349071e-01
   3.2768068e-01   4.2808732e-01
   3.3336374e-01   4.2264894e-01
   3.3726754e-01   4.1951712e-01
   8.3333854e-01   8.7134734e-02
   3.3182958e-01   4.2454772e-01
   3.0994073e-06   9.9935964e-01
   6.6290251e-01   1.8593828e-01
   8.3494656e-01   8.7068394e-02
   3.3334125e-01   4.2265060e-01
   5.0000221e-01   2.9289896e-01
   9.9434493e-01   3.6223461e-03
   4.8174590e-04   9.8897710e-01
   3.3498058e-01   4.2157111e-01
   9.8975900e-01   5.8428666e-03
   3.3399620e-01   4.2236858e-01
   4.9986097e-01   2.9325108e-01
   6.6205008e-01   1.8654703e-01
   3.2371640e-01   4.3240841e-01
   1.2108324e+00   1.1302164e-06
   1.1444301e-02   8.9502027e-01
   8.9251365e-01   8.6880469e-02
   6.7200190e-01   1.8070031e-01
   3.2953012e-01   4.2611388e-01
   6.5599045e-01   1.9068826e-01
   2.0725424e-01   5.9087272e-01
   6.6920738e-01   1.8219100e-01
   9.8939249e-01   5.9786670e-03
   1.8784891e-03   9.5867375e-01
   3.4611766e-01   4.1290993e-01
   6.5801268e-01   1.8978959e-01
   3.4079171e-01   4.1654920e-01
   1.6679664e-01   5.9165033e-01
   3.4628008e-01   4.1259174e-01
   9.9344997e-01   3.9012393e-03
   9.1043914e-03   9.1008459e-01
   3.2666631e-01   4.2932559e-01
   5.0379390e-01   2.9246025e-01
   3.3884714e-01   4.1826229e-01
   3.3257401e-01   4.2335905e-01
   9.4724407e-01   8.6872926e-02
   6.7855575e-01   1.7717605e-01
   1.2732080e-06   1.2208525e+00
   3.2497583e-01   4.3072336e-01
   1.6654900e-01   5.9232552e-01
   8.3321754e-01   8.7433854e-02
   9.9722950e-01   1.5280602e-03
   6.6418887e-01   1.8514514e-01
   5.3781752e-01   2.9239304e-01
   3.3433504e-01   4.2199308e-01
   3.4257182e-01   4.1536898e-01
   3.3747019e-01   4.1919348e-01
   6.6657298e-01   1.8359618e-01
   8.3467158e-01   8.6890385e-02
   1.3758474e-02   8.8767383e-01
   5.5472839e-03   9.2772885e-01
   3.4418356e-01   4.1434490e-01
   9.8944413e-01   5.9587726e-03
   3.3581978e-01   4.2056890e-01
   5.1087725e-01   2.9243662e-01
   1.0735844e-02   8.9807974e-01
   4.9980149e-01   2.9770867e-01
   3.2255567e-01   4.3314668e-01
   3.2603172e-01   4.2974156e-01
   3.2768995e-01   4.2791137e-01
   1.0008701e+00   1.0865628e-03
   6.7501007e-01   1.7898096e-01
   6.9290354e-03   9.1840950e-01
   3.4076458e-01   4.1709703e-01
   5.0106583e-01   2.9258394e-01
   6.7737437e-01   1.7765669e-01
   3.3090609e-01   4.2491477e-01
   3.4589719e-03   9.4218263e-01
   9.8954016e-01   5.8883216e-03
   1.8529126e-01   5.9090328e-01
   3.4234787e-01   4.1582422e-01
   1.3358973e-04   9.9069526e-01
   1.8152540e-03   9.5980958e-01
   3.2573417e-01   4.3059913e-01
   3.3524224e-01   4.2127289e-01
   3.3085192e-01   4.2508942e-01
   1.3135293e-02   8.8977783e-01
   3.3333735e-01   4.2265316e-01
   8.3333656e-01   8.7134791e-02
   5.0001339e-01   2.9289475e-01
   1.2851931e-02   8.8978406e-01
   6.6116006e-01   1.8733573e-01
   6.6656790e-01   1.8372779e-01
   9.9619667e-01   2.6176241e-03
   8.3333432e-01   8.7137028e-02
   1.6670054e-01   5.9175743e-01
   1.6658196e-01   5.9211476e-01
   6.5810885e-01   1.8948623e-01
   1.6796710e-01   5.9096846e-01
   9.4013719e-05   9.9087769e-01
   6.6016467e-01   1.8797243e-01
   8.5891652e-03   9.1013004e-01
   3.5016963e-05   1.0068260e+00
   8.3328699e-01   8.7189335e-02
   8.3347853e-01   8.7125957e-02
   6.6672292e-01   1.8349071e-01
   5.0000534e-01   2.9289745e-01
   3.3336374e-01   4.2264894e-01
   3.3726754e-01   4.1951712e-01
   8.3333854e-01   8.7134734e-02
   3.3182958e-01   4.2454772e-01
   4.9987501e-01   2.9315160e-01
   6.6290251e-01   1.8593828e-01
   3.3385574e-01   4.2230398e-01
   3.3334125e-01   4.2265060e-01
   5.0000221e-01   2.9289896e-01
   9.8928411e-01   1.1153912e-02
   3.3085521e-01   4.2494855e-01
   3.3498058e-01   4.2157111e-01
   6.7717237e-01   1.7795319e-01
   3.2249488e-01   5.3435612e-01
   3.4624275e-01   4.1251618e-01
   6.6205008e-01   1.8654703e-01
   3.2371640e-01   4.3240841e-01
   1.2108324e+00   1.1302164e-06
   9.9707236e-01   1.8114707e-03
   6.5775447e-01   1.8977405e-01
   6.7200190e-01   1.8070031e-01
   3.2953012e-01   4.2611388e-01
   3.3371686e-01   4.2296514e-01
   5.2698639e-01   2.9215113e-01
   6.6920738e-01   1.8219100e-01
   6.9142195e-01   1.7608360e-01
   1.0861524e-02   8.9787698e-01
   9.8940593e-01   5.9497623e-03
   3.2202642e-01   4.3446447e-01
   3.4079171e-01   4.1654920e-01
   1.6679664e-01   5.9165033e-01
   1.3546804e-02   8.8706262e-01
   1.8763292e-03   9.5857086e-01
   8.3321426e-01   8.7981997e-02
   1.6510595e-01   6.1198754e-01
   9.1327109e-03   9.1001114e-01
   3.3884714e-01   4.1826229e-01
   3.3257401e-01   4.2335905e-01
   9.9292645e-01   3.8588824e-03
   6.6011531e-01   1.8799835e-01
   1.6576738e-01   5.9335721e-01
   1.2732080e-06   1.2208525e+00
   3.2497583e-01   4.3072336e-01
   3.2664602e-01   4.2948876e-01
   5.0134393e-01   2.9230321e-01
   6.6418887e-01   1.8514514e-01
   4.9985780e-01   2.9341343e-01
   3.3433504e-01   4.2199308e-01
   3.4257182e-01   4.1536898e-01
   3.3747019e-01   4.1919348e-01
   6.6657298e-01   1.8359618e-01
   1.0000476e+00   2.4046994e-04
   6.8099928e-01   1.7628555e-01
   5.5472839e-03   9.2772885e-01
   3.4418356e-01   4.1434490e-01
   6.5530040e-01   1.9121041e-01
   3.3581978e-01   4.2056890e-01
   6.7711450e-01   1.7771422e-01
   8.3316872e-01   9.0686181e-02
   8.3421662e-01   8.6790335e-02
   1.7418310e-02   8.8700494e-01
   9.9710011e-01   1.7922938e-03
   3.2768995e-01   4.2791137e-01
   1.6815222e-01   5.9026900e-01
   6.7501007e-01   1.7898096e-01
   6.9290354e-03   9.1840950e-01
   3.2233223e-01   4.3360337e-01
   1.2495664e-02   8.9048505e-01
   1.6670090e-01   5.9192329e-01
   3.3090609e-01   4.2491477e-01
   3.4589719e-03   9.4218263e-01
   3.4589182e-01   4.1266077e-01
   9.9173085e-01   4.5335766e-03
   9.4259355e-04   9.7694194e-01
   4.3313069e-03   9.3725890e-01
   3.3257272e-01   4.2345778e-01
   6.6700451e-01   1.8348329e-01
   6.6848292e-01   1.8322028e-01
   3.3085192e-01   4.2508942e-01
   9.0179247e-04   9.7972381e-01
   3.3333735e-01   4.2265316e-01
   3.2496614e-01   4.3083974e-01
   5.0001339e-01   2.9289475e-01
   9.8930034e-01   7.0080723e-03
   6.6116006e-01   1.8733573e-01
   6.6656790e-01   1.8372779e-01
   6.7970813e-01   1.7683873e-01
   8.3333432e-01   8.7137028e-02
   6.5599498e-01   1.9046398e-01
   4.9908917e-01   2.9401443e-01
   1.6651900e-01   5.9225011e-01
   9.9484094e-01   3.8438280e-03
   9.4013719e-05   9.9087769e-01
   6.6016467e-01   1.8797243e-01
   8.5891652e-03   9.1013004e-01
   1.2108324e+00   6.2251320e-06
   8.3328699e-01   8.7189335e-02
   8.3347853e-01   8.7125957e-02
   6.6672292e-01   1.8349071e-01
   5.0000534e-01   2.9289745e-01
   3.3336374e-01   4.2264894e-01
   3.3726754e-01   4.1951712e-01
   4.9957609e-01   2.9388659e-01
   3.3182958e-01   4.2454772e-01
   4.9987501e-01   2.9315160e-01
   6.6290251e-01   1.8593828e-01
   3.3385574e-01   4.2230398e-01
   3.3334125e-01   4.2265060e-01
   5.0000221e-01   2.9289896e-01
   9.8928411e-01   1.1153912e-02
   3.3085521e-01   4.2494855e-01
   3.3498058e-01   4.2157111e-01
   4.9985968e-01   2.9326520e-01
   8.3304657e-01   1.0184061e-01
   6.5997589e-01   1.8807594e-01
   6.6205008e-01   1.8654703e-01
   3.2371640e-01   4.3240841e-01
   1.2108324e+00   1.1302164e-06
   9.9707236e-01   1.8114707e-03
   6.5775447e-01   1.8977405e-01
   2.3602312e-01   5.8879736e-01
   3.2953012e-01   4.2611388e-01
   1.6529609e-01   5.9415733e-01
   9.0236323e-03   9.0713963e-01
   6.6920738e-01   1.8219100e-01
   6.8003446e-01   1.7628568e-01
   1.0861524e-02   8.9787698e-01
   9.8940593e-01   5.9497623e-03
   7.3397279e-01   1.7604409e-01
   3.4079171e-01   4.1654920e-01
   1.6679664e-01   5.9165033e-01
   1.3546804e-02   8.8706262e-01
   1.8763292e-03   9.5857086e-01
   6.8041588e-01   1.7607501e-01
   5.0130150e-01   2.9203409e-01
   6.5517484e-01   1.9119846e-01
   4.9906562e-01   2.9380647e-01
   3.3257401e-01   4.2335905e-01
   9.9292645e-01   3.8588824e-03
   8.2953225e-01   8.9577391e-02
   3.2192918e-01   4.3412977e-01
   1.2732080e-06   1.2208525e+00
   3.2497583e-01   4.3072336e-01
   9.8848942e-01   6.9463042e-03
   3.2664602e-01   4.2948876e-01
   3.9334170e-02   8.8632611e-01
   6.6418887e-01   1.8514514e-01
   4.9985780e-01   2.9341343e-01
   3.3433504e-01   4.2199308e-01
   3.4257182e-01   4.1536898e-01
   3.3747019e-01   4.1919348e-01
   6.6657298e-01   1.8359618e-01
   1.6509786e-01   5.9416788e-01
   6.9884079e-02   8.8631265e-01
   5.5472839e-03   9.2772885e-01
   3.4709934e-01   4.1211774e-01
   1.5107156e-02   8.8639739e-01
   3.3581978e-01   4.2056890e-01
   3.2208116e-01   4.3351178e-01
   3.3894705e-01   4.1824777e-01
   4.9845142e-01   2.9696865e-01
   5.3536046e-01   2.9126635e-01
   3.2768995e-01   4.2791137e-01
   1.6815222e-01   5.9026900e-01
   6.7501007e-01   1.7898096e-01
   6.9290354e-03   9.1840950e-01
   5.0290440e-01   2.9137066e-01
   1.2495664e-02   8.9048505e-01
   8.3249790e-01   8.7957786e-02
   3.3090609e-01   4.2491477e-01
   3.4589719e-03   9.4218263e-01
   3.4589182e-01   4.1266077e-01
   5.5243262e-01   2.9125235e-01
   1.6922351e-01   5.8888524e-01
   3.4421330e-01   4.1416235e-01
   8.3778905e-01   8.6366239e-02
   4.9808456e-01   3.6370827e-01
   8.3523612e-01   8.6640426e-02
   6.1638719e-01   2.9083920e-01
   6.7707459e-01   1.7765868e-01
   3.3333735e-01   4.2265316e-01
   3.2496614e-01   4.3083974e-01
   5.0001339e-01   2.9289475e-01
   6.7198487e-01   1.8068801e-01
   6.6116006e-01   1.8733573e-01
   6.6656790e-01   1.8372779e-01
   3.3257352e-01   4.2369051e-01
   8.3333432e-01   8.7137028e-02
   6.5599498e-01   1.9046398e-01
   3.4039086e-01   4.1817905e-01
   1.6651900e-01   5.9225011e-01
   6.7227299e-01   1.8057979e-01
   9.4013719e-05   9.9087769e-01
   1.6804316e-01   5.9033256e-01
   1.1910490e-03   9.6937940e-01
   1.2108324e+00   6.2251320e-06
   8.3328699e-01   8.7189335e-02
   8.3347853e-01   8.7125957e-02
   6.6672292e-01   1.8349071e-01
   5.0000534e-01   2.9289745e-01
   3.3336374e-01   4.2264894e-01
   3.3726754e-01   4.1951712e-01
   6.6907250e-01   1.8249034e-01
   3.3561627e-01   4.2174452e-01
   4.9987501e-01   2.9315160e-01
   6.6290251e-01   1.8593828e-01
   3.3385574e-01   4.2230398e-01
   3.3334125e-01   4.2265060e-01
   5.0000221e-01   2.9289896e-01
   3.3876465e-01   4.1865252e-01
   3.3085521e-01   4.2494855e-01
   6.7124565e-01   1.8134366e-01
   4.9985968e-01   2.9326520e-01
   6.7155137e-01   1.8132797e-01
   1.8746565e+01   1.4072038e+01
   1.2505859e+01   7.5207052e+00
   2.9787088e+01   1.8222196e+01
   1.0708998e+01   7.0067240e+00
   2.6606743e+01   2.4756127e+01
   1.7449626e+01   1.2998271e+01
   1.2487188e+01   1.1166550e+01
   7.9620818e+00   7.9766647e+00
   1.1591375e+01   1.1039005e+01
   2.7227870e+01   2.1344122e+01
   9.8839015e+00   7.9255567e+00
   1.5116226e+01   2.2975243e+01
   1.4188528e+01   9.8750924e+00
   3.0558758e+01   1.8298710e+01
   7.9973102e+00   1.1814930e+01
   8.9839733e+00   7.5041709e+00
   2.2197479e+01   1.3407900e+01
   7.9620184e+00   6.7256613e+00
   1.1684341e+01   1.5212586e+01
   1.9959895e+01   2.5676538e+01
   2.2449147e+01   2.3975910e+01
   2.3245995e+01   2.6110610e+01
   3.1572412e+01   1.3216989e+01
   2.2097462e+01   1.3928461e+01
   2.8047520e+01   1.8682966e+01
   9.2268662e+00   9.7969364e+00
   7.5372701e+00   7.4287027e+00
   1.5000716e+01   2.0058539e+01
   7.1034380e+00   8.0258197e+00
   1.4439004e+01   2.4654216e+01
   9.6719868e+00   9.5582607e+00
   9.5706493e+00   6.1470776e+00
   1.0457702e+01   7.5775147e+00
   1.5490135e+01   1.8497554e+01
   2.2192085e+01   1.3548239e+01
   2.1867499e+01   2.9042371e+01
   9.5302980e+00   7.9023013e+00
   9.8604507e+00   7.8613918e+00
   1.9356321e+01   1.8518547e+01
   1.7459864e+01   2.2921236e+01
   9.4549377e+00   7.8612677e+00
   7.1402646e+00   1.2211711e+01
   1.2508511e+01   1.6727976e+01
   1.5707157e+01   1.8454699e+01
   1.3011586e+01   1.5282734e+01
   9.2456192e+00   7.4371786e+00
   2.0868713e+01   2.4918099e+01
   2.7142945e+01   2.0373121e+01
   1.2796908e+01   1.3546434e+01
   1.8474964e+01   1.7797181e+01
   1.9370625e+01   1.3215281e+01
   8.5268704e+00   8.2256328e+00
   1.6164931e+01   1.3651935e+01
   8.8172677e+00   9.1794100e+00
   1.4631102e+01   9.3490136e+00
   1.2043199e+01   9.4650242e+00
   1.5892339e+01   1.0383669e+01
   7.3489922e+00   8.3777950e+00
   2.1583869e+01   1.5767655e+01
   1.1470607e+01   1.1153445e+01
   1.2905203e+01   9.4487393e+00
   1.7010677e+01   1.1854793e+01
   1.9045431e+01   1.9806567e+01
   1.8258805e+01   1.6570443e+01
   1.3738586e+01   8.1301953e+00
   1.0005774e+01   8.9573425e+00
   2.3559704e+01   1.7867404e+01
   1.1364157e+01   8.2098481e+00
   8.2485431e+00   7.9063954e+00
   1.0797485e+01   9.7933853e+00
   2.3569720e+01   1.1645245e+01
   9.1687769e+00   1.1927110e+01
   6.9123542e+00   6.1165012e+00
   1.0592790e+01   6.2241942e+00
   2.3561984e+01   1.8069855e+01
   1.4210730e+01   1.3792158e+01
   1.0081086e+01   9.5037953e+00
   1.6833024e+01   2.4313368e+01
   7.1938188e+00   8.4898003e+00
   1.9281767e+01   1.1094406e+01
   2.3310373e+01   2.0724100e+01
   1.2697468e+01   1.1566204e+01
   2.5830077e+01   2.2390525e+01
   2.1254612e+01   2.0170207e+01
   1.7611918e+01   2.2965067e+01
   2.6198857e+01   1.2985930e+01
   1.3394946e+01   1.5073514e+01
   2.0476591e+01   1.9780251e+01
   7.8957941e+00   9.7970918e+00
   1.8761538e+01   1.3133178e+01
   2.1645855e+01   1.4205761e+01
   1.0727023e+01   1.0315729e+01
   1.2229493e+01   1.2205043e+01
   1.2258467e+01   1.9085678e+01
   1.5793915e+01   1.8917376e+01
   1.1823178e+01   1.0880562e+01
   7.1795754e+00   5.2133074e+00
   1.6879748e+01   1.1452667e+01
   2.2878545e+01   2.3918041e+01
   9.0531489e+00   8.4557122e+00
   3.3738423e+00   1.1919357e-01
   8.3967936e-01   2.5544475e+00
   8.1608916e-01   2.3420223e+00
   3.4317091e+00   1.0407333e-01
   3.3707263e+00   1.1471544e-01
   3.8923027e+00   9.9224914e-02
   1.1609982e+00   1.6643864e+00
   1.5452994e+00   7.4270047e-01
   9.8414292e-01   2.0200974e+00
   1.7594899e+00   6.9693540e-01
   3.4117151e+00   1.0343024e-01
   3.4288391e+00   1.1111202e-01
   1.2565768e+00   1.3316799e+00
   2.4395997e+00   4.4163261e-01
   2.1488082e+00   4.5472561e-01
   2.5669408e+00   4.3729960e-01
   7.8396976e-01   2.8538480e+00
   1.6136735e+00   6.6936149e-01
   3.4173287e+00   1.1517901e-01
   1.0676623e+00   1.6812246e+00
   1.0230553e+00   1.8611399e+00
   1.4743042e+00   8.9049783e-01
   1.2820751e+00   1.3698989e+00
   8.0240944e-01   2.5692177e+00
   2.0378333e+00   4.5075955e-01
   1.2069055e+00   1.6583291e+00
   3.9338455e+00   9.6416905e-02
   1.0794241e+00   1.8202776e+00
   2.2197543e+00   4.4415429e-01
   1.6679564e+00   7.0438619e-01
   2.8430379e+00   4.3291807e-01
   1.0638483e+00   1.8278872e+00
   1.4793804e+00   9.4423785e-01
   1.5330216e+00   7.2487913e-01
   3.0868028e+00   3.8711674e-01
   2.4570318e+00   4.3227239e-01
   8.2807474e-01   2.5689895e+00
   1.1440680e+00   1.5777368e+00
   1.3243288e+00   1.2039727e+00
   9.7457256e-01   1.9695124e+00
   3.0098794e+00   1.2530161e-01
   2.0422328e+00   4.6361990e-01
   1.1935267e+00   1.3386251e+00
   1.2368251e+00   1.4901786e+00
   3.1222529e+00   1.2468725e-01
   3.1724270e+00   1.2856427e-01
   1.3596812e+00   1.2977807e+00
   1.0450745e+00   1.8286887e+00
   2.8211900e+00   4.2963272e-01
   7.9083589e-01   2.6211268e+00
   2.3437790e+00   4.4588114e-01
   3.6004158e+00   9.9137971e-02
   1.5696227e+00   8.5946098e-01
   1.8421288e+00   6.7445966e-01
   1.0265734e+00   1.8711134e+00
   1.2029691e+00   1.5830268e+00
   3.0872437e+00   1.8656063e-01
   8.5838175e-01   2.2975113e+00
   2.3360215e+00   4.4603607e-01
   8.5176343e-01   2.2604831e+00
   1.1460596e+00   1.5631638e+00
   6.9041781e-01   2.5723368e+00
   8.2398282e-01   2.5772079e+00
   1.1134668e+00   1.7076726e+00
   2.6830882e+00   4.3149749e-01
   2.3780153e+00   4.4461862e-01
   3.1313434e+00   1.3603407e-01
   2.0514908e+00   4.9092715e-01
   2.2983404e+00   4.4021222e-01
   4.1271432e+00   9.8197414e-02
   1.9558070e+00   4.7744416e-01
   3.7699626e+00   9.8704665e-02
   1.2773970e+00   1.3933632e+00
   3.3003016e+00   1.2608330e-01
   1.3285674e+00   1.3421947e+00
   1.1017348e+00   1.8182214e+00
   1.9106372e+00   5.7518810e-01
   9.3538116e-01   1.8413437e+00
   3.2309194e+00   1.3966466e-01
   2.4162486e+00   4.3953313e-01
   8.4061264e-01   2.0484830e+00
   3.4137478e+00   9.7571498e-02
   1.0528416e+00   1.6817967e+00
   1.9651831e+00   5.3636803e-01
   1.0523709e+00   1.7616650e+00
   9.0042765e-01   2.0814809e+00
   1.4579479e+00   1.1606076e+00
   2.9047633e+00   4.3106378e-01
   3.2735252e+00   1.1979169e-01
   1.4025824e+00   7.7546712e-01
   2.7833194e+00   4.3617307e-01
   3.4565280e+00   1.0223613e-01
   6.4229832e-01   2.6482026e+00
   1.7209556e+00   6.9444425e-01
   3.3297520e+00   1.1503968e-01
   2.3567382e+00   4.4747990e-01
   1.3177977e+00   1.3866805e+00
   8.2674864e-01   2.1334571e+00
   8.5143403e-01   2.3826873e+00
   8.1614417e-01   2.7328223e+00
   3.3871577e-01   4.2307384e-01
   1.0559648e+00   8.7305824e-02
   3.3295656e-01   4.2405867e-01
   3.3293202e-01   4.4152409e-01
   8.3313095e-01   8.9606766e-02
   8.3772894e-01   8.7319658e-02
   1.0437910e+00   8.7312185e-02
   8.3458247e-01   8.7330530e-02
   1.4429816e+00   8.7301348e-02
   8.3631084e-01   8.7314293e-02
   3.3298645e-01   4.2412690e-01
   8.3322583e-01   8.7584084e-02
   3.3294058e-01   4.2584866e-01
   1.2355682e+00   8.7300902e-02
   3.3371565e-01   4.2311029e-01
   3.3324411e-01   4.2321512e-01
   8.3319497e-01   8.7614746e-02
   8.3768628e-01   8.7308480e-02
   3.3440504e-01   4.2308451e-01
   8.3333782e-01   8.7515840e-02
   3.3318078e-01   4.2331191e-01
   3.3456079e-01   4.2307329e-01
   8.3327669e-01   8.7540262e-02
   3.3294423e-01   4.2644397e-01
   1.0363443e+00   8.7302886e-02
   8.3314572e-01   8.8683430e-02
   3.3301799e-01   4.2356652e-01
   3.3308037e-01   4.2368020e-01
   8.3372263e-01   8.7337139e-02
   8.3417249e-01   8.7318191e-02
   3.3292146e-01   4.2719290e-01
   8.3437091e-01   8.7340219e-02
   8.3987552e-01   8.7316655e-02
   8.3310618e-01   1.0329431e-01
   3.3301653e-01   4.2363308e-01
   8.3334431e-01   8.7508836e-02
   3.3309262e-01   4.2323282e-01
   1.6395059e+00   8.7300664e-02
   3.3356134e-01   4.2314520e-01
   8.3311428e-01   2.9354190e-01
   3.3300115e-01   4.2382692e-01
   8.3351156e-01   8.7373073e-02
   3.3300097e-01   4.2374916e-01
   8.3335373e-01   8.7415412e-02
   3.3289130e-01   4.6075799e-01
   8.3345606e-01   8.7441741e-02
   3.3294090e-01   4.2661372e-01
   8.3317129e-01   8.7684970e-02
   3.3305491e-01   4.2338356e-01
   8.3330806e-01   8.7526240e-02
   3.3384961e-01   4.2310472e-01
   8.3325222e-01   8.7482164e-02
   3.3327969e-01   4.2317021e-01
   8.3313084e-01   8.8429937e-02
   5.3890758e-01   4.2307014e-01
   3.3293145e-01   4.4738591e-01
   3.3333239e-01   4.2318321e-01
   3.3324160e-01   4.2322060e-01
   7.3587675e-01   4.2305716e-01
   8.3339567e-01   8.7388020e-02
   3.3310614e-01   4.2317789e-01
   3.3793376e-01   4.2306991e-01
   3.3346178e-01   4.2313619e-01
   3.3725098e-01   4.2307553e-01
   3.3310977e-01   4.2323274e-01
   3.3359270e-01   4.2312951e-01
   3.3562388e-01   4.2308000e-01
   8.3332190e-01   8.7451407e-02
   8.3336620e-01   8.7470226e-02
   8.3328071e-01   8.7473463e-02
   8.3320095e-01   8.7514623e-02
   8.3314788e-01   8.7538411e-02
   3.3291873e-01   4.6820918e-01
   3.3411745e-01   4.2307357e-01
   3.3334722e-01   4.2316411e-01
   3.3297545e-01   4.2593068e-01
   3.3381290e-01   4.2309717e-01
   8.3337350e-01   8.7443084e-02
   8.3539689e-01   8.7320926e-02
   3.3361033e-01   4.2311275e-01
   8.3350531e-01   8.7402624e-02
   3.3297656e-01   4.2440991e-01
   8.3326891e-01   8.7568854e-02
   8.3346286e-01   8.7348280e-02
   3.3297259e-01   4.2625403e-01
   3.3305449e-01   4.2345990e-01
   3.3302488e-01   4.2378847e-01
   3.3313595e-01   4.2322626e-01
   8.3414306e-01   8.7346572e-02
   8.3315618e-01   8.8174231e-02
   3.3291106e-01   6.4411029e-01
   8.3369659e-01   8.7347139e-02
   3.3384675e-01   4.2311289e-01
   1.2383502e+00   8.7304951e-02
   8.3362628e-01   8.7338142e-02
   8.3404841e-01   8.7335213e-02
   3.3308516e-01   4.2341350e-01
   3.3343360e-01   4.2314044e-01
   3.3354500e-01   4.2316704e-01
   1.0340062e+00   8.7315141e-02
   6.3473194e-01   4.2304859e-01
   3.3287294e-01   6.2311558e-01
   8.3304824e-01   8.7285328e-02
   3.3287294e-01   4.2304859e-01
   1.0267811e+00   8.7285328e-02
   1.0267841e+00   8.7285328e-02
   3.3287294e-01   4.2304859e-01
   3.3287294e-01   4.2304860e-01
   8.3304811e-01   8.7285328e-02
   8.3304808e-01   8.7285335e-02
   3.3287294e-01   4.2304859e-01
   3.3287305e-01   4.2304859e-01
   1.1434965e+00   8.7285328e-02
   3.3287305e-01   4.2304859e-01
   8.3304809e-01   8.7285329e-02
   3.3287294e-01   8.2795142e-01
   3.3287293e-01   6.2311556e-01
   8.3304808e-01   8.7285331e-02
   8.3304829e-01   8.7285328e-02
   3.3287298e-01   4.2304859e-01
   8.3304812e-01   8.7285328e-02
   8.3304810e-01   8.7285328e-02
   8.3304808e-01   8.7285331e-02
   8.3304840e-01   8.7285328e-02
   8.3304808e-01   8.7285330e-02
   8.3304817e-01   8.7285328e-02
   8.3304808e-01   8.7285329e-02
   3.3287293e-01   1.0277695e+00
   3.3287296e-01   4.2304859e-01
   3.3287293e-01   8.2795142e-01
   8.3304809e-01   8.7285328e-02
   3.3287294e-01   4.2304859e-01
   3.3287294e-01   4.2304860e-01
   3.3287294e-01   4.2304859e-01
   1.0338716e+00   8.7285328e-02
   3.3287294e-01   4.2304860e-01
   7.3707624e-01   4.2304859e-01
   8.3304816e-01   8.7285328e-02
   1.4214007e+00   8.7285328e-02
   3.3287298e-01   4.2304859e-01
   8.3304808e-01   8.7285340e-02
   1.0332540e+00   8.7285328e-02
   8.3304820e-01   8.7285328e-02
   5.3307901e-01   4.2304859e-01
   3.3287294e-01   6.2308627e-01
   3.3287294e-01   4.2304859e-01
   8.3304807e-01   2.8828672e-01
   1.2331958e+00   8.7285328e-02
   3.3287293e-01   1.0287992e+00
   8.3304808e-01   8.7285332e-02
   8.3304810e-01   8.7285328e-02
   3.3287294e-01   4.2304862e-01
   8.3304815e-01   8.7285328e-02
   8.3304830e-01   8.7285328e-02
   3.3287311e-01   4.2304859e-01
   3.3287294e-01   4.2304861e-01
   1.0270306e+00   8.7285328e-02
   8.3304808e-01   8.7285357e-02
   3.3287300e-01   4.2304859e-01
   3.3287294e-01   4.2304859e-01
   8.3304808e-01   8.7285331e-02
   8.3304811e-01   8.7285328e-02
   8.3304816e-01   8.7285328e-02
   3.3287294e-01   4.2304859e-01
   5.3616660e-01   4.2304859e-01
   7.3523872e-01   4.2304859e-01
   1.2337093e+00   8.7285328e-02
   8.3304809e-01   8.7285329e-02
   3.3287296e-01   4.2304859e-01
   3.3287294e-01   4.2304859e-01
   3.3287294e-01   4.2304862e-01
   8.3304816e-01   8.7285328e-02
   3.3287294e-01   4.2304859e-01
   8.3304811e-01   8.7285328e-02
   3.3287294e-01   6.2733218e-01
   8.3304808e-01   8.7285353e-02
   8.3304808e-01   8.7285332e-02
   8.3304808e-01   8.7285358e-02
   1.0336787e+00   8.7285328e-02
   3.3287294e-01   4.2304859e-01
   3.3287318e-01   4.2304859e-01
   3.3453047e-01   4.2304859e-01
   3.3287296e-01   4.2304859e-01
   3.3287294e-01   4.2304859e-01
   8.3304811e-01   8.7285328e-02
   3.3287294e-01   4.2304859e-01
   5.2686330e-01   4.2304859e-01
   8.3304808e-01   8.7285338e-02
   8.3304808e-01   8.7285329e-02
   8.3304836e-01   8.7285328e-02
   8.3304808e-01   8.7285336e-02
   5.3616634e-01   4.2304859e-01
   3.3287297e-01   4.2304859e-01
   5.3373450e-01   4.2304859e-01
   8.3304841e-01   8.7285328e-02
   8.3304808e-01   2.8733183e-01
   8.3304808e-01   8.7285332e-02
   3.3287317e-01   4.2304859e-01
   8.3304814e-01   8.7285328e-02
   3.3287317e-01   4.2304859e-01
   8.3304808e-01   8.7285328e-02
   8.3304807e-01   8.7285328e-02
   3.3287293e-01   6.2316986e-01
   3.3287293e-01   4.2304859e-01
   3.3287293e-01   4.2304859e-01
   3.3287293e-01   4.2304859e-01
   8.3304807e-01   8.7285329e-02
   8.3304807e-01   8.7285328e-02
   8.3304807e-01   8.7285328e-02
   8.3304807e-01   8.7285328e-02
   3.3287293e-01   4.2304859e-01
   3.3287294e-01   4.2304859e-01
   3.3287293e-01   4.2304859e-01
   8.3304807e-01   8.7285328e-02
   1.0377543e+00   8.7285328e-02
   3.3287293e-01   4.2304859e-01
   1.2342037e+00   8.7285328e-02
   8.3304807e-01   8.7285328e-02
   3.3287293e-01   4.2304859e-01
   8.3304807e-01   8.7285328e-02
   3.3287293e-01   4.2304859e-01
   7.3570255e-01   4.2304859e-01
   3.3287293e-01   4.2304859e-01
   1.3407915e+00   8.7285328e-02
   3.3287293e-01   4.2304859e-01
   3.3287293e-01   4.2304859e-01
   3.3287293e-01   4.2304859e-01
   8.3304807e-01   2.8740660e-01
   3.3287293e-01   4.2304859e-01
   3.3287293e-01   4.2304859e-01
   8.3304807e-01   8.7285328e-02
   8.3304807e-01   8.7285328e-02
   3.3287293e-01   4.2304859e-01
   8.3304807e-01   8.7285328e-02
   3.3287293e-01   4.2304859e-01
   1.0355899e+00   8.7285328e-02
   8.3304807e-01   8.7285328e-02
   3.3287293e-01   4.2304859e-01
   3.3287293e-01   4.2304859e-01
   8.3304807e-01   8.7285328e-02
   1.2933326e+00   8.7285328e-02
   3.3287299e-01   4.2304859e-01
   3.3287293e-01   6.2324102e-01
   7.3386877e-01   4.2304859e-01
   3.3287293e-01   4.2304859e-01
   3.3287293e-01   4.2304859e-01
   3.3287293e-01   4.2304859e-01
   3.3287294e-01   4.2304859e-01
   3.3287293e-01   5.4266077e-01
   3.3288762e-01   4.2304859e-01
   3.3287293e-01   4.2304859e-01
   8.8886283e-01   8.7285328e-02
   4.7916638e-01   4.2304859e-01
   1.0227833e+00   8.7285328e-02
   8.3304807e-01   8.7285328e-02
   8.3304808e-01   8.7285328e-02
   8.3304807e-01   8.7285328e-02
   1.0330699e+00   8.7285328e-02
   8.3304807e-01   8.7285328e-02
   3.3287293e-01   8.1807650e-01
   3.3287293e-01   4.2304859e-01
   3.3287293e-01   4.2304859e-01
   8.3304807e-01   8.7285328e-02
   8.3304807e-01   8.7285329e-02
   8.3304807e-01   8.7285328e-02
   8.3304807e-01   8.7285328e-02
   3.3287293e-01   6.2329036e-01
   8.8358758e-01   8.7285328e-02
   3.3287293e-01   4.2304859e-01
   4.1723263e-01   4.2304859e-01
   3.3287293e-01   4.2304859e-01
   3.3287293e-01   4.2304859e-01
   7.3461372e-01   4.2304859e-01
   8.3304807e-01   8.7285328e-02
   1.1380423e+00   8.7285328e-02
   8.3304808e-01   8.7285328e-02
   1.4404208e+00   8.7285328e-02
   3.3287293e-01   1.4185021e+00
   8.3304807e-01   8.7285328e-02
   8.3304808e-01   8.7285328e-02
   8.3304807e-01   8.7285328e-02
   8.3304807e-01   8.7285328e-02
   3.3287293e-01   4.2304859e-01
   8.3304811e-01   8.7285328e-02
   8.3304807e-01   8.7285328e-02
   8.3304807e-01   8.7285328e-02
   1.0344630e+00   8.7285328e-02
   8.3304808e-01   8.7285328e-02
   8.3304807e-01   8.7285328e-02
   7.3487794e-01   4.2304859e-01
   1.0670100e+00   8.7285328e-02
   3.3287293e-01   4.2304859e-01
   3.3287293e-01   4.2304859e-01
   8.3304807e-01   8.7285328e-02
   8.3304807e-01   8.7285328e-02
   8.3304807e-01   8.7285328e-02
   8.3304808e-01   8.7285328e-02
   3.3287293e-01   4.2304859e-01
   4.6345803e-01   4.2304859e-01
   3.3293172e-01   4.2304859e-01
   8.3304807e-01   8.7285328e-02
   3.3287293e-01   4.2304859e-01
   8.3304807e-01   8.7285328e-02
   3.3307975e-01   4.2304859e-01
   3.3287293e-01   4.2304859e-01
   3.3287293e-01   4.2304859e-01
   3.3287293e-01   4.2304859e-01
   5.3294861e-01   4.2304859e-01
   5.3756336e-01   4.2304859e-01
   3.3287293e-01   4.2304859e-01
   3.3287293e-01   4.2304859e-01
   3.3287293e-01   4.2304859e-01
   5.3206167e-01   4.2304859e-01
   3.3287303e-01   4.2304859e-01
   8.3304807e-01   8.7285328e-02
   3.3287293e-01   4.2304930e-01
   3.3287293e-01   4.2304859e-01
   8.3304807e-01   8.7285328e-02
   3.3287293e-01   4.2304859e-01
   8.3304807e-01   8.7285328e-02
   3.3287293e-01   4.2304859e-01
   8.3304807e-01   8.7285328e-02
   3.3287325e-01   4.2304859e-01
   8.3304807e-01   8.7286924e-02
   8.3304807e-01   8.7285328e-02
   1.2483446e+00   8.7285328e-02
   3.3287293e-01   4.2305856e-01
   3.3287293e-01   4.2304859e-01
   8.3304807e-01   8.7285328e-02
   3.3287293e-01   4.2305993e-01
   1.0483045e+00   8.7285328e-02
   3.3287293e-01   4.2304859e-01
   3.3287293e-01   4.2304859e-01
   3.3287293e-01   4.2304859e-01
   3.3287293e-01   4.2304859e-01
   3.3287293e-01   4.2304930e-01
   3.3287293e-01   4.2304859e-01
   8.3304807e-01   8.7285328e-02
   8.3304807e-01   8.7285328e-02
   3.3287293e-01   6.2609326e-01
   3.3287293e-01   4.2304859e-01
   5.3349862e-01   4.2304859e-01
   8.3490342e-01   8.7285328e-02
   8.3304807e-01   8.7286924e-02
   8.3304807e-01   8.7285328e-02
   8.3304807e-01   8.7285328e-02
   3.3287295e-01   4.2304859e-01
   8.3304807e-01   8.7285328e-02
   8.3304807e-01   2.1695055e-01
   3.3287293e-01   6.2308567e-01
   5.4284538e-01   4.2304859e-01
   8.3304807e-01   8.7285328e-02
   8.3304815e-01   8.7285328e-02
   8.3304807e-01   8.7285328e-02
   7.3230407e-01   4.2304859e-01
   3.3287293e-01   4.2304859e-01
   3.3287293e-01   4.2304859e-01
   1.0505955e+00   8.7285328e-02
   3.3287293e-01   4.2304859e-01
   3.3287293e-01   4.2304859e-01
   3.3287293e-01   4.2304859e-01
   8.3304807e-01   8.7285328e-02
   3.3287293e-01   4.2304930e-01
   8.3304807e-01   8.7285328e-02
   8.3304807e-01   8.7285328e-02
   3.3287293e-01   4.2305856e-01
   8.3304807e-01   8.7285328e-02
   8.3304807e-01   8.7285328e-02
   8.3304807e-01   8.7285328e-02
   8.3304807e-01   8.7285328e-02
   8.3304807e-01   8.7285328e-02
   8.3304807e-01   8.7285328e-02
   8.3304807e-01   8.7285328e-02
   8.3304807e-01   8.7285328e-02
   8.3304807e-01   8.7285328e-02
   3.3287293e-01   4.2304859e-01
   3.3287293e-01   4.2304859e-01
   8.3304807e-01   8.7285328e-02
   3.3287300e-01   4.2304859e-01
   8.3304807e-01   8.7285328e-02
   3.3287293e-01   4.2304859e-01
   3.3287293e-01   4.2304859e-01
   3.3287293e-01   4.2304859e-01
   3.3287293e-01   4.2304859e-01
   3.3287293e-01   4.2304859e-01
   3.3287293e-01   4.2304859e-01
   3.3287293e-01   4.2304859e-01
   3.3287293e-01   4.2304859e-01
   3.3287293e-01   8.2304650e-01
   8.3304807e-01   8.7285328e-02
   8.3304807e-01   8.7285328e-02
   3.3287293e-01   4.2304859e-01
   8.3304807e-01   8.7285328e-02
   3.3287293e-01   4.2304859e-01
   8.3304807e-01   8.7285328e-02
   8.3304807e-01   8.7285871e-02
   3.3287293e-01   4.2304859e-01
   3.3287293e-01   4.2304859e-01
   3.3287293e-01   4.2304859e-01
   8.3304807e-01   8.7285328e-02
   5.3593380e-01   4.2304859e-01
   8.3304807e-01   8.7285328e-02
   3.3287293e-01   8.2241700e-01
   3.3287293e-01   4.2304859e-01
   8.3304807e-01   8.7285328e-02
   8.3304807e-01   8.7285328e-02
   3.3287293e-01   4.2462260e-01
   8.3304807e-01   8.7285328e-02
   3.3287293e-01   9.5465283e-01
   3.3287293e-01   4.2304859e-01
   3.3287293e-01   4.2304859e-01
   8.3304807e-01   8.7285328e-02
   3.3287293e-01   4.2304859e-01
   8.3304807e-01   8.7285328e-02
   3.3287302e-01   4.2304859e-01
   3.3287293e-01   4.2304859e-01
   3.3287293e-01   4.2304859e-01
   8.3304807e-01   8.7285328e-02
   3.3287293e-01   4.2304859e-01
   3.3287293e-01   4.2304859e-01
   8.3304807e-01   9.7435204e-02
   3.3287293e-01   4.2304859e-01
   3.3287293e-01   4.2304859e-01
   8.3304807e-01   8.7285328e-02
   8.3304807e-01   8.7285328e-02
   8.3304807e-01   8.7285328e-02
   3.3287382e-01   4.2304859e-01
   8.3304807e-01   8.7285328e-02
   8.3304807e-01   8.7285328e-02
   3.3287293e-01   4.2304859e-01
   3.3287293e-01   4.2304859e-01
   8.3304807e-01   8.7285328e-02
   8.3304807e-01   8.7285328e-02
   8.3304807e-01   8.7285328e-02
   3.3287293e-01   4.2304859e-01
   3.3287293e-01   4.2304859e-01
   3.3287293e-01   4.2304859e-01
   3.3287293e-01   4.2304859e-01
   3.3287293e-01   4.2304859e-01
   8.3304807e-01   8.7285328e-02
   3.3287293e-01   6.2318666e-01
   3.3287299e-01   4.2304859e-01
   8.3304807e-01   8.7285328e-02
   3.3287293e-01   4.2304859e-01
   8.3304807e-01   8.7285328e-02
   8.3304807e-01   8.7285328e-02
   3.3287293e-01   4.2304859e-01
   8.3304807e-01   9.7435200e-02
   8.3304807e-01   8.7285328e-02
   3.9398896e-01   4.2304859e-01
   3.3287293e-01   4.2304859e-01
   8.3304807e-01   8.7285328e-02
   8.3304807e-01   8.7285328e-02
   8.3304807e-01   8.7285328e-02
   8.3304807e-01   8.7285328e-02
   8.3304807e-01   8.7285328e-02
   8.3304807e-01   8.7285328e-02
   8.3304807e-01   1.0070574e-01
   3.3287293e-01   4.2304859e-01
   3.3287293e-01   4.2304859e-01
   3.3287293e-01   4.2304859e-01
   8.3304807e-01   8.7285328e-02
   8.3304807e-01   8.7285328e-02
   8.3304807e-01   8.7285328e-02
   3.3287293e-01   6.2231434e-01
   3.3287293e-01   4.2304859e-01
   3.3287293e-01   4.2304859e-01
   8.3304807e-01   8.7285328e-02
   8.3304807e-01   8.7285328e-02
   3.3287293e-01   4.2304859e-01
   3.3287293e-01   4.2304859e-01
   8.3304807e-01   8.7285328e-02
   8.3304807e-01   1.3876738e-01
   8.3304807e-01   8.7285328e-02
   9.8355771e-01   8.7285328e-02
   8.3304807e-01   8.7285328e-02
   8.3304807e-01   8.7285328e-02
   3.3287293e-01   4.2304859e-01
   3.3287293e-01   4.2304859e-01
   8.3304807e-01   8.7285328e-02
   8.3304807e-01   8.7285328e-02
   3.3287293e-01   4.2304859e-01
   3.3287293e-01   4.2304859e-01
   3.3287293e-01   4.2304859e-01
   8.3304807e-01   8.7285328e-02
   8.3304807e-01   8.7285328e-02
   3.3287293e-01   4.2304859e-01
   3.3287293e-01   6.2024028e-01
   8.3304807e-01   8.7285328e-02
   3.3287293e-01   4.2304859e-01
   8.3367112e-01   8.7285328e-02
   8.3304807e-01   8.7285328e-02
   3.3287293e-01   4.2304859e-01
   8.3304807e-01   8.7679999e-02
   3.3287293e-01   4.2304859e-01
   8.3304807e-01   8.7285328e-02
   3.3287293e-01   4.2304859e-01
   8.3304807e-01   8.7285328e-02
   8.3304807e-01   8.7285328e-02
   8.3304807e-01   8.7285328e-02
   3.3287293e-01   4.2304859e-01
   3.3287293e-01   4.2304859e-01
   3.3287293e-01   4.2304859e-01
   8.3304807e-01   8.7285328e-02
   3.3287293e-01   4.2304859e-01
   3.3287293e-01   4.2304859e-01
   8.3304807e-01   8.7285328e-02
   8.3304807e-01   8.7285328e-02
   3.3287293e-01   4.2304859e-01
   3.3287293e-01   4.2304859e-01
   8.3304807e-01   8.7285328e-02
   3.3287293e-01   4.2304859e-01
   3.3287293e-01   4.2304859e-01
   8.3304807e-01   8.7285328e-02
   3.3287293e-01   4.2304859e-01
   8.3304807e-01   8.7285328e-02
   8.3304807e-01   8.7285328e-02
   3.3287293e-01   4.2304859e-01
   3.3287293e-01   4.2304859e-01
   8.3304807e-01   8.7285328e-02
   3.3287293e-01   4.2304859e-01
   3.3287293e-01   4.2304859e-01
   3.3287293e-01   4.2304859e-01
   3.3287293e-01   4.2304859e-01
   3.3287293e-01   4.2304859e-01
   3.3287293e-01   4.2304859e-01
   8.3304807e-01   8.7285328e-02
   8.3304807e-01   8.7285328e-02
   3.3287293e-01   4.2304859e-01
   8.3304807e-01   8.7285328e-02
   3.3287293e-01   4.2304859e-01
   3.3287293e-01   4.2304859e-01
   3.3287293e-01   4.2304859e-01
   3.3287293e-01   4.2304859e-01
   3.3287293e-01   4.2304859e-01
   3.3287293e-01   4.2304859e-01
   3.3287293e-01   4.2304859e-01
   3.3287293e-01   4.2304859e-01
   8.3304807e-01   8.7285328e-02
   3.3287293e-01   4.2304859e-01
   8.3304807e-01   8.7285328e-02
   8.3304807e-01   8.7285328e-02
   8.3304807e-01   8.7285328e-02
   3.3287293e-01   4.2304859e-01
   3.3287293e-01   4.2304859e-01
   8.3304807e-01   8.7285328e-02
   3.3287293e-01   4.2304859e-01
   3.3287293e-01   4.2304859e-01
   3.3287293e-01   4.2304859e-01
   8.3304807e-01   8.7285328e-02
   8.3304807e-01   8.7285328e-02
   3.3287293e-01   4.2304859e-01
   8.3304807e-01   8.7285328e-02
   3.3287293e-01   4.2304859e-01
   8.3304807e-01   8.7285328e-02
   8.3304807e-01   8.7285328e-02
   8.3304807e-01   8.7285328e-02
   8.3304807e-01   8.7285328e-02
   8.3304807e-01   8.7285328e-02
   3.3287293e-01   4.2304859e-01
   8.3304807e-01   8.7285328e-02
   8.3304807e-01   8.7285328e-02
   3.3287293e-01   4.2304859e-01
   3.3287293e-01   4.2304859e-01
   8.3304807e-01   8.7285328e-02
   8.3304807e-01   8.7285328e-02
   8.3304807e-01   8.7285328e-02
   8.3304807e-01   8.7285328e-02
   3.3287293e-01   4.2304859e-01
   8.3304807e-01   8.7285328e-02
   3.3287293e-01   4.2304859e-01
   8.3304807e-01   8.7285328e-02
   3.3287293e-01   4.2304859e-01
   3.3287293e-01   4.2304859e-01
   8.3304807e-01   8.7285328e-02
   8.3304807e-01   8.7285328e-02
   3.3287293e-01   4.2304859e-01
   8.3304807e-01   8.7285328e-02
   3.3287293e-01   4.2304859e-01
   3.3287293e-01   4.2304859e-01
   3.3287293e-01   4.2304859e-01
   8.3304807e-01   8.7285328e-02
   3.3287293e-01   4.2304859e-01
   3.3287293e-01   4.2304859e-01
   8.3304807e-01   8.7285328e-02
   3.3287293e-01   4.2304859e-01
   3.3287293e-01   4.2304859e-01
   8.3304807e-01   8.7285328e-02
   8.3304807e-01   8.7285328e-02
   8.3304807e-01   8.7285328e-02
   8.3304807e-01   8.7285328e-02
   8.3304807e-01   8.7285328e-02
   8.3304807e-01   8.7285328e-02
   8.3304807e-01   8.7285328e-02
   8.3304807e-01   8.7285328e-02
   8.3304807e-01   8.7285328e-02
   8.3304807e-01   8.7285328e-02
   8.3304807e-01   8.7285328e-02
   8.3304807e-01   8.7285328e-02
   8.3304807e-01   8.7285328e-02
   3.3287293e-01   4.2304859e-01
   1.0332456e+00   8.7285326e-02
   8.3342127e-01   8.7285326e-02
   8.3304807e-01   8.7285552e-02
   3.3287293e-01   4.2304859e-01
   3.3287293e-01   4.2304859e-01
   3.3287296e-01   4.2304858e-01
   3.3287293e-01   4.2304859e-01
   3.3287293e-01   4.2304859e-01
   3.3287293e-01   4.2304859e-01
   3.3287293e-01   4.2304859e-01
   3.3287293e-01   4.2304859e-01
   3.3287293e-01   4.2304859e-01
   3.3287293e-01   4.2304859e-01
   3.3287293e-01   4.2304859e-01
   3.3287293e-01   4.2304859e-01
   3.3287293e-01   4.2304859e-01
   3.3287293e-01   4.2304859e-01
   3.3287293e-01   4.2304859e-01
   3.3287293e-01   4.2304859e-01
   3.3287293e-01   4.2304859e-01
   3.3287293e-01   4.2304859e-01
   3.3287293e-01   4.2304859e-01
   3.3287293e-01   4.2304859e-01
   3.3287293e-01   4.2304859e-01
   3.3287293e-01   4.2304859e-01
   8.3304807e-01   8.7285328e-02
   3.3287293e-01   4.2304859e-01
   3.3287293e-01   4.2304859e-01
   3.3287293e-01   4.2304859e-01
   3.3287293e-01   4.2304859e-01
   3.3287293e-01   4.2304859e-01
   3.3287293e-01   4.2304859e-01
   3.3287294e-01   4.2304859e-01
   3.3287293e-01   4.2304859e-01
   3.3287293e-01   4.2304859e-01
   3.3287293e-01   4.2304859e-01
   8.3304807e-01   8.7285327e-02
   3.3287293e-01   4.2304859e-01
   3.3287293e-01   4.2304859e-01
   3.3287293e-01   4.2304859e-01
   3.3287293e-01   4.2304859e-01
   3.3287293e-01   4.2304859e-01
   3.3287293e-01   4.2304859e-01
   3.3287293e-01   4.2304859e-01
   3.3287293e-01   4.2304859e-01
   3.3287293e-01   4.2304859e-01
   3.3287293e-01   4.2304859e-01
   3.3287293e-01   4.2304859e-01
   3.3287293e-01   4.2304859e-01
   3.3287293e-01   4.2304859e-01
   3.3287293e-01   4.2304859e-01
   3.3287293e-01   4.2304859e-01
   3.3287293e-01   4.2304859e-01
   3.3287293e-01   4.2304859e-01
   3.3287293e-01   4.2304859e-01
   3.3287293e-01   4.2304859e-01
   3.3287293e-01   4.2304859e-01
   3.3287293e-01   4.2304859e-01
   3.3287293e-01   4.2304859e-01
   3.3287293e-01   4.2304859e-01
   3.3287293e-01   4.2304859e-01
   3.3287294e-01   4.2304859e-01
   3.3287293e-01   4.2304859e-01
   3.3287293e-01   4.2304859e-01
   3.3287293e-01   4.2304859e-01
   3.3287293e-01   4.2304859e-01
   3.3287293e-01   4.2304859e-01
   3.3287293e-01   4.2304859e-01
   3.3287293e-01   4.2304859e-01
   3.3287293e-01   4.2304859e-01
   3.3287293e-01   4.2304859e-01
   3.3287293e-01   4.2304859e-01
   3.3287293e-01   4.2304859e-01
   3.3287293e-01   4.2304859e-01
   3.3287293e-01   4.2304859e-01
   3.3287293e-01   4.2304859e-01
   8.3304807e-01   8.7285328e-02
   3.3287293e-01   4.2304859e-01
   3.3287293e-01   4.2304859e-01
   3.3287293e-01   4.2304859e-01
   3.3287293e-01   4.2304859e-01
   3.3287293e-01   4.2304859e-01
   3.3287294e-01   4.2304859e-01
   3.3287293e-01   4.2304859e-01
   3.3287294e-01   4.2304859e-01
   3.3287293e-01   4.2304859e-01
   3.3287293e-01   4.2304859e-01
   3.3287293e-01   4.2304859e-01
   3.3287293e-01   4.2304859e-01
   3.3287293e-01   4.2304859e-01
   3.3287293e-01   4.2304859e-01
   3.3287293e-01   4.2304859e-01
   3.3287293e-01   4.2304859e-01
   3.3287293e-01   4.2304859e-01
   3.3287293e-01   4.2304859e-01
   3.3287293e-01   4.2304859e-01
   3.3287293e-01   4.2304859e-01
   3.3287293e-01   4.2304859e-01
   3.3287293e-01   4.2304859e-01
   3.3287293e-01   6.2320080e-01
   1.2348944e+00   8.7285326e-02
   8.3399634e-01   8.7285326e-02
   3.3325994e-01   4.2304858e-01
   1.8354871e+00   8.7285326e-02
   2.6357742e+00   8.7285326e-02
   8.3304807e-01   8.7285439e-02
   3.3287293e-01   4.2304859e-01
   3.3287293e-01   4.2304859e-01
   1.0346969e+00   8.7285326e-02
   3.3287293e-01   4.2304859e-01
   3.3287293e-01   4.2304859e-01
   3.3287293e-01   4.2304859e-01
   3.3287293e-01   4.2304859e-01
   3.3287293e-01   4.2304859e-01
   3.3287293e-01   4.2304859e-01
   3.3287293e-01   4.2304859e-01
   3.3287293e-01   4.2304859e-01
   3.3287293e-01   4.2304859e-01
   3.3287293e-01   4.2304859e-01
   3.3287293e-01   4.2304859e-01
   3.3287293e-01   4.2304859e-01
   3.3287293e-01   4.2304859e-01
   3.3287293e-01   4.2304859e-01
   3.3287293e-01   4.2304859e-01
   3.3287293e-01   4.2304859e-01
   3.3287293e-01   4.2304859e-01
   3.3287293e-01   4.2304859e-01
   3.3287293e-01   4.2304859e-01
   3.3287293e-01   4.2304859e-01
   3.3287293e-01   4.2304859e-01
   3.3287293e-01   4.2304859e-01
   3.3287293e-01   4.2304859e-01
   3.3287293e-01   4.2304859e-01
   3.3287293e-01   4.2304859e-01
   3.3287293e-01   4.2304859e-01
   3.3287293e-01   4.2304859e-01
   3.3287293e-01   4.2304859e-01
   3.3287293e-01   4.2304859e-01
   3.3287293e-01   4.2304859e-01
   3.3287293e-01   4.2304859e-01
   3.3287293e-01   4.2304859e-01
   3.3287293e-01   4.2304859e-01
   3.3287293e-01   4.2304859e-01
   3.3287293e-01   4.2304859e-01
   3.3287293e-01   4.2304859e-01
   3.3287293e-01   4.2304859e-01
   3.3287293e-01   4.2304859e-01
   3.3287293e-01   4.2304859e-01
   3.3287293e-01   4.2304859e-01
   3.3287293e-01   4.2304859e-01
   3.3287293e-01   4.2304859e-01
   3.3287293e-01   4.2304859e-01
   3.3287293e-01   4.2304859e-01
   3.3287293e-01   4.2304859e-01
   3.3287293e-01   4.2304859e-01
   3.3287293e-01   4.2304859e-01
   3.3287293e-01   4.2304859e-01
   3.3287293e-01   4.2304859e-01
   3.3287293e-01   4.2304859e-01
   3.3287294e-01   4.2304859e-01
   3.3287293e-01   4.2304859e-01
   3.3287293e-01   4.2304859e-01
   3.3287293e-01   4.2304859e-01
   3.3287293e-01   4.2304859e-01
   3.3287293e-01   4.2304859e-01
   3.3287293e-01   4.2304859e-01
   3.3287293e-01   4.2304859e-01
   3.3287293e-01   4.2304859e-01
   3.3287293e-01   4.2304859e-01
   3.3287293e-01   4.2304859e-01
   3.3287293e-01   4.2304859e-01
   3.3287293e-01   4.2304859e-01
   3.3287293e-01   4.2304859e-01
   3.3287293e-01   4.2304859e-01
   3.3287293e-01   4.2304859e-01
   3.3287293e-01   4.2304859e-01
   8.3304807e-01   8.7285328e-02
   3.3287293e-01   4.2304859e-01
   3.3287293e-01   4.2304859e-01
   3.3287293e-01   4.2304859e-01
   3.3287293e-01   4.2304859e-01
   3.3287293e-01   4.2304859e-01
   3.3287293e-01   4.2304859e-01
   3.3287293e-01   4.2304859e-01
   3.3287293e-01   4.2304859e-01
   3.3287293e-01   4.2304859e-01
   3.3287293e-01   4.2304859e-01
   3.3287293e-01   4.2304859e-01
   3.3287293e-01   4.2304859e-01
   3.3287293e-01   4.2304859e-01
   3.3287293e-01   4.2304859e-01
   3.3287293e-01   4.2304859e-01
   3.3287293e-01   4.2304859e-01
   3.3287293e-01   4.2304859e-01
   3.3287293e-01   4.2304859e-01
   3.3287293e-01   4.2304859e-01
   3.3287293e-01   4.2304859e-01
   3.3287293e-01   4.2304859e-01
   3.3287293e-01   4.2304859e-01
   3.3287293e-01   5.8278382e-01
   3.3287293e-01   4.2304859e-01
   8.3304811e-01   8.7285325e-02
   5.3307650e-01   4.2304858e-01
   3.3287293e-01   4.2304859e-01
   1.0332457e+00   8.7285325e-02
   6.1812322e-01   4.2304858e-01
   8.3304807e-01   8.7285364e-02
   3.3287293e-01   4.2304859e-01
   3.3287304e-01   4.2304858e-01
   3.3287293e-01   4.2304859e-01
   3.3287293e-01   4.2304859e-01
   3.3287293e-01   4.2304859e-01
   3.3287294e-01   4.2304859e-01
   3.3287293e-01   4.2304859e-01
   3.3287293e-01   4.2304859e-01
   3.3287293e-01   4.2304859e-01
   3.3287293e-01   4.2304859e-01
   3.3287293e-01   4.2304859e-01
   3.3287293e-01   4.2304859e-01
   3.3287293e-01   4.2304859e-01
   3.3287293e-01   4.2304859e-01
   3.3287293e-01   4.2304859e-01
   3.3287293e-01   4.2304859e-01
   3.3287293e-01   4.2304859e-01
   3.3287293e-01   4.2304859e-01
   3.3287293e-01   4.2304859e-01
   3.3287293e-01   4.2304859e-01
   3.3287293e-01   4.2304859e-01
   3.3287293e-01   4.2304859e-01
   3.3287293e-01   4.2304859e-01
   3.3287293e-01   4.2304859e-01
   3.3287293e-01   4.2304859e-01
   3.3287293e-01   4.2304859e-01
   3.3287293e-01   4.2304859e-01
   3.3287293e-01   4.2304859e-01
   3.3287293e-01   4.2304859e-01
   3.3287293e-01   4.2304859e-01
   3.3287293e-01   4.2304859e-01
   3.3287293e-01   4.2304859e-01
   3.3287293e-01   4.2304859e-01
   3.3287293e-01   4.2304859e-01
   3.3287293e-01   4.2304859e-01
   3.3287293e-01   4.2304859e-01
   3.3287293e-01   4.2304859e-01
   3.3287293e-01   4.2304859e-01
   3.3287293e-01   4.2304859e-01
   3.3287293e-01   4.2304859e-01
   3.3287293e-01   4.2304859e-01
   3.3287293e-01   4.2304859e-01
   3.3287293e-01   4.2304859e-01
   3.3287293e-01   4.2304859e-01
   3.3287293e-01   4.2304859e-01
   3.3287293e-01   4.2304859e-01
   3.3287293e-01   4.2304859e-01
   3.3287293e-01   4.2304859e-01
   3.3287293e-01   4.2304859e-01
   3.3287293e-01   4.2304859e-01
   3.3287293e-01   4.2304859e-01
   3.3287293e-01   4.2304859e-01
   3.3287293e-01   4.2304859e-01
   3.3287293e-01   4.2304859e-01
   3.3287293e-01   4.2304859e-01
   3.3287293e-01   4.2304859e-01
   3.3287293e-01   4.2304859e-01
   3.3287293e-01   4.2304859e-01
   3.3287293e-01   4.2304859e-01
   3.3287293e-01   4.2304859e-01
   3.3287293e-01   4.2304859e-01
   3.3287293e-01   4.2304859e-01
   3.3287293e-01   4.2304859e-01
   3.3287293e-01   4.2304859e-01
   3.3287293e-01   4.2304859e-01
   3.3287293e-01   4.2304859e-01
   3.3287293e-01   4.2304859e-01
   3.3287293e-01   4.2304859e-01
   3.3287293e-01   4.2304859e-01
   8.3304807e-01   8.7285328e-02
   3.3287293e-01   4.2304859e-01
   3.3287293e-01   4.2304859e-01
   3.3287293e-01   4.2304859e-01
   3.3287293e-01   4.2304859e-01
   3.3287293e-01   4.2304859e-01
   3.3287293e-01   4.2304859e-01
   3.3287293e-01   4.2304859e-01
   3.3287293e-01   4.2304859e-01
   3.3287293e-01   4.2304859e-01
   3.3287293e-01   4.2304859e-01
   3.3287293e-01   4.2304859e-01
   3.3287293e-01   4.2304859e-01
   3.3287293e-01   4.2304859e-01
   3.3287293e-01   4.2304859e-01
   3.3287293e-01   4.2304859e-01
   3.3287293e-01   4.2304859e-01
   3.3287293e-01   4.2304859e-01
   3.3287293e-01   4.2304859e-01
   3.3287293e-01   4.2304859e-01
   3.3287293e-01   4.2304859e-01
   3.3287293e-01   4.2304859e-01
   3.3287293e-01   4.2304859e-01
