   1.9629147e+01   1.2302475e+01
   1.7559501e+01   1.5967873e+01
   1.9134148e+01   1.2212034e+01
   1.8602551e+01   3.5450145e+01
   1.0766224e+01   1.1646436e+01
   7.9362172e+00   7.6163147e+00
   2.5420801e+01   2.4512765e+01
   1.0414503e+01   1.0028294e+01
   1.8953649e+01   1.9396872e+01
   1.4137532e+01   2.6028538e+01
   1.5005664e+01   2.1465348e+01
   9.8799628e+00   6.9729396e+00
   1.5543134e+01   1.7546915e+01
   2.2725497e+01   2.4511239e+01
   1.3385507e+01   7.3025259e+00
   9.9024606e+00   7.3170946e+00
   2.4607352e+01   1.8378286e+01
   1.0362487e+01   7.7195969e+00
   1.6067408e+01   1.8032429e+01
   7.3098089e+00   9.5763663e+00
   1.5274816e+01   1.8414192e+01
   2.2843022e+01   2.5703698e+01
   9.8098062e+00   8.1447825e+00
   9.8117575e+00   7.8989534e+00
   1.3514010e+01   1.4226077e+01
   1.0324478e+01   9.3429014e+00
   1.0207738e+01   6.0717785e+00
   1.6242107e+01   1.4715082e+01
   1.4374074e+01   1.9857717e+01
   1.7607932e+01   1.2184802e+01
   2.0998677e+01   2.3180932e+01
   9.9600547e+00   1.1607940e+01
   9.8151433e+00   9.2089567e+00
   6.3316446e+00   9.3436234e+00
   1.8318626e+01   1.7274730e+01
   1.0469202e+01   1.1694868e+01
   7.3616227e+00   7.3762868e+00
   9.2501006e+00   1.4669557e+01
   1.0863092e+01   9.6494145e+00
   1.0587744e+01   7.2166370e+00
   1.4874108e+01   1.5209434e+01
   1.0252866e+01   8.6582175e+00
   1.5619905e+01   1.1796984e+01
   1.5810724e+01   1.5833235e+01
   1.6329040e+01   1.3872547e+01
   2.1493520e+01   1.5834697e+01
   1.0658888e+01   1.1114022e+01
   1.3379422e+01   7.0583117e+00
   1.3318636e+01   1.8442461e+01
   9.4091334e+00   7.4561343e+00
   8.1444287e+00   9.4752956e+00
   1.2978349e+01   1.4122886e+01
   1.8353399e+01   1.1555441e+01
   1.6883167e+01   1.1334058e+01
   1.2301479e+01   7.5423371e+00
   2.9295642e+01   2.8562999e+01
   1.6243185e+01   2.0124741e+01
   1.7497626e+01   2.5920924e+01
   8.2763195e+00   7.5229953e+00
   1.4894596e+01   2.8115050e+01
   1.8146674e+01   2.4061920e+01
   2.8781382e+01   2.2419742e+01
   1.2487718e+01   1.2200115e+01
   1.5991576e+01   1.6275552e+01
   1.8062097e+01   1.4107528e+01
   2.5314269e+01   2.6840962e+01
   1.0317241e+01   1.1608195e+01
   2.0338950e+01   1.4627245e+01
   1.0691825e+01   9.2938803e+00
   1.3074692e+01   1.5695758e+01
   7.5833088e+00   1.2416260e+01
   1.7051062e+01   1.7511278e+01
   1.3780805e+01   1.0140679e+01
   1.6677480e+01   2.7735715e+01
   8.1214456e+00   1.0029847e+01
   1.9419619e+01   1.4355563e+01
   1.7813374e+01   2.5265647e+01
   1.6258127e+01   1.2832113e+01
   2.4806095e+01   1.2520418e+01
   8.2240709e+00   8.3249723e+00
   2.3236135e+01   1.9111103e+01
   2.1087571e+01   2.2705056e+01
   1.3852758e+01   2.4483532e+01
   1.7010371e+01   1.4371812e+01
   2.3149046e+01   2.4113092e+01
   1.3772489e+01   1.8373439e+01
   2.0044986e+01   2.3579391e+01
   9.1104491e+00   7.0733386e+00
   2.8561914e+01   2.2439313e+01
   1.3524886e+01   1.6688895e+01
   2.8430624e+01   1.2406780e+01
   2.1793703e+01   2.3859090e+01
   8.7616218e+00   1.1446046e+01
   2.4285838e+01   2.2082401e+01
   2.4424856e+01   2.9342964e+01
   1.4392134e+01   1.8164637e+01
   2.3595879e+01   2.6118199e+01
   6.9367718e+00   7.2470752e+00
   8.8890794e+00   9.0792489e+00
   1.0144541e+01   9.1572942e+00
   6.6992144e-01   1.8457582e-01
   3.3161774e-01   4.2416692e-01
   1.0310300e+00   8.7525340e-04
   5.0284917e-01   2.9165319e-01
   6.9768553e-01   1.8457572e-01
   1.6848350e-01   5.8960833e-01
   6.6491355e-01   1.8459502e-01
   7.1188726e-01   1.8457570e-01
   1.6841410e-01   6.5705483e-01
   8.3508168e-01   8.6231552e-02
   8.3515614e-01   8.6168631e-02
   7.2698824e-01   1.8457566e-01
   8.3508129e-01   1.1094030e-01
   5.0174814e-01   2.9180189e-01
   6.8411657e-01   1.8457573e-01
   9.9824637e-01   9.4500673e-04
   1.6842243e-01   5.8960977e-01
   6.6491460e-01   1.8457742e-01
   8.3508975e-01   8.6169843e-02
   3.3158247e-01   4.2416836e-01
   1.6841530e-01   5.8995910e-01
   3.3158196e-01   4.2416868e-01
   5.0175221e-01   2.9165545e-01
   3.3158107e-01   4.2416945e-01
   5.0175168e-01   2.9165582e-01
   6.6492516e-01   1.8457593e-01
   5.0175234e-01   2.9165538e-01
   1.6841870e-01   5.8961175e-01
   9.9824803e-01   8.7649180e-04
   4.0045653e-01   4.2416673e-01
   1.6841901e-01   5.8961146e-01
   1.6841828e-01   5.8961221e-01
   5.0175244e-01   2.9165528e-01
   5.0175302e-01   2.9165499e-01
   1.6841831e-01   5.8961214e-01
   1.6841872e-01   5.8961162e-01
   1.6841874e-01   5.8961160e-01
   9.9824738e-01   8.7690662e-04
   5.0175272e-01   2.9165517e-01
   6.6491473e-01   1.8457721e-01
   3.3158021e-01   4.2417228e-01
   1.6841854e-01   5.8961189e-01
   9.9824858e-01   8.7621483e-04
   1.6841866e-01   5.8961179e-01
   6.6491492e-01   1.8457707e-01
   6.6491475e-01   1.8457709e-01
   3.3158143e-01   4.2416904e-01
   1.6841792e-01   5.8961295e-01
   8.3508493e-01   8.6170314e-02
   3.3158182e-01   4.2416871e-01
   1.6841950e-01   5.8961125e-01
   5.0175145e-01   2.9165600e-01
   1.6841970e-01   5.8961103e-01
   9.9824874e-01   8.7616992e-04
   9.9824822e-01   8.7641653e-04
   8.3508427e-01   8.6171358e-02
   8.3508508e-01   8.6170230e-02
   1.6841888e-01   5.8961155e-01
   8.3508561e-01   8.6169933e-02
   1.6841683e-01   5.8962250e-01
   5.0175240e-01   2.9165532e-01
   8.3508555e-01   8.6169951e-02
   5.0174872e-01   2.9167503e-01
   8.3508518e-01   8.6170208e-02
   3.3158156e-01   4.2416896e-01
   5.0175188e-01   2.9165567e-01
   1.6842239e-01   5.8961079e-01
   5.0175134e-01   2.9165614e-01
   1.6841829e-01   5.8961220e-01
   9.9824801e-01   8.7653461e-04
   1.6841855e-01   5.8961183e-01
   6.6491508e-01   1.8457688e-01
   1.6841860e-01   5.8961179e-01
   5.0175238e-01   2.9165532e-01
   1.6841862e-01   5.8961179e-01
   3.3158123e-01   4.2416933e-01
   5.0175191e-01   2.9165565e-01
   5.0187539e-01   2.9165381e-01
   1.6841810e-01   5.8961258e-01
   5.0175204e-01   2.9165560e-01
   9.9824829e-01   8.7633668e-04
   3.3158160e-01   4.2416891e-01
   3.3158208e-01   4.2416857e-01
   5.0175181e-01   2.9165569e-01
   9.9824823e-01   8.7635237e-04
   8.3508526e-01   8.6170098e-02
   8.3508232e-01   8.6220007e-02
   5.0175157e-01   2.9165589e-01
   3.3158094e-01   4.2417227e-01
   1.6841706e-01   5.8961759e-01
   9.9824855e-01   8.7623561e-04
   3.3158163e-01   4.2416886e-01
   5.0175328e-01   2.9165488e-01
   1.6841840e-01   5.8961205e-01
   9.9824731e-01   8.7695698e-04
   1.6841797e-01   5.8961263e-01
   9.9824825e-01   8.7634417e-04
   5.0179330e-01   2.9165400e-01
   8.3508562e-01   8.6169920e-02
   5.0175180e-01   2.9165581e-01
   8.3507677e-01   8.6496609e-02
   6.6490852e-01   1.8547204e-01
   5.0733292e-01   2.9164696e-01
   3.3284078e-01   4.2416156e-01
   1.1928516e+00   8.7208000e-04
   5.0172052e-01   3.0488789e-01
   1.7007375e-01   5.8960015e-01
   5.0519658e-01   2.9164819e-01
   1.6836875e-01   6.2444804e-01
   1.6841055e-01   5.9018358e-01
   5.0173627e-01   2.9372337e-01
   9.9824217e-01   1.8331919e-03
   8.3505641e-01   9.4748008e-02
   1.6837449e-01   6.1725998e-01
   5.0174375e-01   2.9210011e-01
   8.3505319e-01   9.6091950e-02
   1.6838611e-01   6.0380246e-01
   5.0171054e-01   3.1539455e-01
   1.6835340e-01   6.5603838e-01
   1.6835237e-01   8.6750067e-01
   5.0171466e-01   3.0544139e-01
   8.3503026e-01   1.2897900e-01
   5.0171021e-01   3.1742208e-01
   8.3504381e-01   1.0980288e-01
   1.6834931e-01   1.0628834e+00
   8.3504950e-01   1.0163965e-01
   1.6838980e-01   5.9632713e-01
   1.7208742e-01   5.8959707e-01
   3.3157346e-01   4.2478429e-01
   8.3506136e-01   9.1029461e-02
   6.6743078e-01   1.8457084e-01
   5.0170395e-01   3.2336242e-01
   5.0172202e-01   3.0086628e-01
   1.6837834e-01   6.1018922e-01
   8.4103064e-01   8.6164121e-02
   8.3504104e-01   1.1241356e-01
   8.3506553e-01   8.9814660e-02
   3.3157183e-01   4.2714794e-01
   6.6490871e-01   1.8506217e-01
   1.6836308e-01   6.3854890e-01
   5.0167692e-01   3.9551514e-01
   1.6833742e-01   1.0826230e+00
   5.0172861e-01   2.9659072e-01
   5.0170932e-01   3.1855887e-01
   3.3430403e-01   4.2416057e-01
   8.3506948e-01   8.8549566e-02
   5.0172288e-01   2.9840793e-01
   6.6498539e-01   1.8457500e-01
   8.3508493e-01   8.6170314e-02
   3.3158182e-01   4.2416871e-01
   8.3508464e-01   8.6170523e-02
   9.9830294e-01   8.7486350e-04
   1.6841593e-01   5.8961942e-01
   1.6874909e-01   5.8960634e-01
   5.0175164e-01   2.9165587e-01
   5.0175307e-01   2.9165490e-01
   8.3508514e-01   8.6170159e-02
   5.0170479e-01   3.2218296e-01
   3.3250513e-01   4.2416361e-01
   8.3508213e-01   8.6201521e-02
   3.3157981e-01   4.2417516e-01
   8.3508555e-01   8.6169951e-02
   8.3508586e-01   8.6169839e-02
   8.3508549e-01   8.6169969e-02
   3.3158156e-01   4.2416896e-01
   8.3508515e-01   8.6170147e-02
   1.6838365e-01   6.0832338e-01
   1.6841836e-01   5.8961203e-01
   3.3158159e-01   4.2416893e-01
   8.3508659e-01   8.6169589e-02
   1.6841855e-01   5.8961183e-01
   1.6841867e-01   5.8961173e-01
   6.6491511e-01   1.8464268e-01
   8.3508520e-01   8.6170144e-02
   5.0175183e-01   2.9165567e-01
   6.6492604e-01   1.8457566e-01
   6.6587322e-01   1.8457262e-01
   1.7884501e-01   5.8958968e-01
   1.6841872e-01   5.8961161e-01
   1.7339276e-01   5.8959216e-01
   8.3508417e-01   8.6171106e-02
   1.6842015e-01   5.8961029e-01
   1.6840606e-01   5.9116605e-01
   5.0175181e-01   2.9165569e-01
   9.9824823e-01   8.7635237e-04
   3.3419247e-01   4.2416060e-01
   8.3508503e-01   8.6170254e-02
   5.0175182e-01   2.9165568e-01
   8.3508439e-01   8.6170702e-02
   6.6491514e-01   1.8457684e-01
   5.0570244e-01   2.9164780e-01
   1.6936441e-01   5.8960070e-01
   5.0175328e-01   2.9165488e-01
   1.6841771e-01   5.8961338e-01
   5.0237608e-01   2.9165201e-01
   1.6841823e-01   5.8961225e-01
   6.6571459e-01   1.8457415e-01
   1.6841955e-01   5.8961121e-01
   8.3508562e-01   8.6169920e-02
   9.9824869e-01   8.7619927e-04
   8.3507677e-01   8.6496609e-02
   8.3987097e-01   8.6163894e-02
   5.0733292e-01   2.9164696e-01
   3.3284078e-01   4.2416156e-01
   1.1928516e+00   8.7208000e-04
   8.3506885e-01   8.8143072e-02
   5.0169095e-01   2.9765574e-01
   5.0158892e-01   3.1589922e-01
   8.3490865e-01   1.1317691e-01
   8.3501637e-01   9.3973453e-02
   5.0152806e-01   3.8560722e-01
   9.9824217e-01   1.8331919e-03
   5.0160739e-01   3.1421630e-01
   1.6830538e-01   5.9666643e-01
   1.6818275e-01   7.5836408e-01
   5.0163008e-01   3.0227076e-01
   1.6821049e-01   6.3951076e-01
   5.0160178e-01   3.1431127e-01
   8.3495154e-01   1.0177029e-01
   3.3157139e-01   4.2568900e-01
   1.6801720e-01   1.5469493e+00
   1.7206638e-01   5.8959333e-01
   1.6826843e-01   6.0991745e-01
   8.3485888e-01   1.4073684e-01
   8.3501803e-01   9.2082112e-02
   1.6841031e-01   5.9015703e-01
   5.0169309e-01   2.9471792e-01
   1.7720751e-01   5.8958693e-01
   8.3494468e-01   1.0816719e-01
   5.0161326e-01   3.0743790e-01
   1.6802643e-01   1.4593134e+00
   5.0166773e-01   3.0188566e-01
   3.3380818e-01   4.2415974e-01
   1.6796006e-01   1.6629767e+00
   3.3164644e-01   4.2467158e-01
   1.6803097e-01   1.3948691e+00
   1.6956970e-01   5.8960001e-01
   1.6825864e-01   6.2515479e-01
   1.6826269e-01   6.2189075e-01
   5.1993607e-01   2.9164505e-01
   3.3176386e-01   4.2417076e-01
   3.3157155e-01   4.2510938e-01
   1.6983755e-01   5.8959904e-01
   8.8636490e-01   8.6161927e-02
   1.6814404e-01   7.9376562e-01
   8.3501010e-01   9.7798945e-02
   6.6544313e-01   1.8465154e-01
   1.6804916e-01   1.0319183e+00
   1.6834703e-01   5.9561096e-01
   5.0155764e-01   3.2674001e-01
   3.3174426e-01   4.2417139e-01
   5.0174301e-01   2.9210344e-01
   1.0037004e+00   8.7446722e-04
   5.0157720e-01   3.2403638e-01
   9.9824856e-01   8.7629485e-04
   1.6824760e-01   6.3120573e-01
   5.0154366e-01   3.4084955e-01
   1.6825034e-01   6.2968630e-01
   6.6490836e-01   1.8513997e-01
   1.6838696e-01   5.9327914e-01
   8.3501181e-01   9.6036591e-02
   6.6733736e-01   1.8457061e-01
   1.6825911e-01   6.2254351e-01
   3.3161466e-01   4.2418228e-01
   1.6857104e-01   5.8987850e-01
   8.3507211e-01   8.6998878e-02
   5.0519383e-01   2.9164815e-01
   1.6799565e-01   1.6165896e+00
   8.3495100e-01   1.0673129e-01
   1.6793256e-01   1.7509953e+00
   1.6822818e-01   6.3389134e-01
   5.0158479e-01   3.1717915e-01
   8.3501492e-01   9.5288267e-02
   1.6803095e-01   1.3979647e+00
   5.0167957e-01   2.9778103e-01
   5.0173246e-01   2.9460553e-01
   1.6811518e-01   9.5108095e-01
   8.3508502e-01   8.6170461e-02
   3.3187800e-01   4.2416665e-01
   1.7339276e-01   5.8959216e-01
   9.9825988e-01   1.1240730e-03
   3.3258157e-01   4.2416571e-01
   3.3160274e-01   4.2447171e-01
   8.3504248e-01   8.8339988e-02
   5.0397612e-01   2.9165079e-01
   1.6835304e-01   5.9411772e-01
   8.3508503e-01   8.6170254e-02
   5.0175182e-01   2.9165568e-01
   8.3508439e-01   8.6170702e-02
   6.6491514e-01   1.8457684e-01
   8.3500284e-01   9.8666020e-02
   1.6936441e-01   5.8960070e-01
   5.0175328e-01   2.9165488e-01
   1.6840270e-01   5.9148814e-01
   8.3512435e-01   8.6169132e-02
   1.6841823e-01   5.8961225e-01
   6.6571459e-01   1.8457415e-01
   1.6841955e-01   5.8961121e-01
   8.3508562e-01   8.6169920e-02
   9.9824869e-01   8.7619927e-04
   1.6781885e-01   1.0955553e+00
   8.3499641e-01   8.8506546e-02
   5.0136376e-01   3.2759240e-01
   3.3284078e-01   4.2416156e-01
   3.3415065e-01   4.2415740e-01
   1.8395406e-01   5.8958402e-01
   5.0133705e-01   3.9383614e-01
   1.6726303e-01   2.1083533e+00
   1.6853324e-01   5.8960728e-01
   6.3131483e-01   2.9163971e-01
   1.7202579e-01   5.8959111e-01
   9.9824217e-01   1.8331919e-03
   1.4202652e+00   8.6799651e-04
   1.6789926e-01   9.2729125e-01
   5.1400113e-01   2.9163991e-01
   2.0784136e-01   5.8957237e-01
   5.0719662e-01   2.9164434e-01
   5.0150185e-01   2.9726092e-01
   1.6683104e-01   2.7525152e+00
   3.3157139e-01   4.2568900e-01
   1.7471572e-01   5.8958703e-01
   8.4005001e-01   8.6161843e-02
   1.6745689e-01   1.6512669e+00
   1.6766245e-01   1.4288274e+00
   1.7335236e-01   5.8958853e-01
   5.0148080e-01   3.0056001e-01
   1.6732627e-01   1.8878861e+00
   1.6750127e-01   1.4843565e+00
   1.6801116e-01   6.9663407e-01
   1.6840945e-01   5.9002625e-01
   1.6724356e-01   2.6026685e+00
   5.0151626e-01   2.9649694e-01
   3.3213594e-01   4.2428585e-01
   1.9814439e-02   3.5168383e+00
   8.3478312e-01   9.1020113e-02
   2.9760171e-02   3.0778456e+00
   1.6822233e-01   5.9565795e-01
   5.0222137e-01   2.9165137e-01
   8.3527717e-01   8.6168827e-02
   1.6806315e-01   6.2601347e-01
   5.0479782e-01   2.9164620e-01
   3.3157155e-01   4.2510938e-01
   1.6983755e-01   5.8959904e-01
   1.6764336e-01   1.4667509e+00
   1.7673105e-01   5.8958687e-01
   1.2060268e+00   8.7023604e-04
   8.3708354e-01   8.6164843e-02
   1.6773544e-01   1.1050918e+00
   5.0325458e-01   2.9165051e-01
   1.7171579e-01   5.8959384e-01
   5.0174301e-01   2.9210344e-01
   5.0161142e-01   2.9422815e-01
   1.6826545e-01   5.9477038e-01
   9.9824856e-01   8.7629485e-04
   1.6912485e-01   5.8960463e-01
   8.3503246e-01   8.8251955e-02
   1.6828504e-01   5.9190654e-01
   6.6490836e-01   1.8513997e-01
   3.3178595e-01   4.2504858e-01
   1.7163520e-01   5.8959659e-01
   6.6733736e-01   1.8457061e-01
   1.6803427e-01   6.4170379e-01
   1.6874195e-01   5.8960537e-01
   1.6800625e-01   7.0264932e-01
   1.6702073e-01   2.6588387e+00
   8.3507211e-01   8.6998878e-02
   8.3493834e-01   8.9260107e-02
   5.1046721e-01   2.9164417e-01
   1.7255235e-01   5.8959071e-01
   1.6921868e-01   5.8960370e-01
   1.9059610e-01   5.8957474e-01
   5.0292211e-01   2.9165065e-01
   5.0146661e-01   3.2451683e-01
   1.6812949e-01   5.9842862e-01
   1.8526923e-01   5.8958085e-01
   1.0002697e+00   8.7101397e-04
   3.3373444e-01   4.2415861e-01
   8.3508502e-01   8.6170461e-02
   3.3187800e-01   4.2416665e-01
   5.0160597e-01   2.9463290e-01
   1.6812445e-01   6.2388188e-01
   5.0182118e-01   2.9165460e-01
   6.6862347e-01   1.8456929e-01
   3.3255419e-01   4.2416223e-01
   3.3157459e-01   4.2508651e-01
   1.8980995e-01   5.8957788e-01
   8.3508503e-01   8.6170254e-02
   5.0175182e-01   2.9165568e-01
   8.3508439e-01   8.6170702e-02
   6.6491514e-01   1.8457684e-01
   8.3507588e-01   8.6484511e-02
   1.6936441e-01   5.8960070e-01
   5.0175328e-01   2.9165488e-01
   5.0174816e-01   2.9196130e-01
   8.3512435e-01   8.6169132e-02
   1.6841823e-01   5.8961225e-01
   6.6571459e-01   1.8457415e-01
   1.6841955e-01   5.8961121e-01
   8.3508562e-01   8.6169920e-02
   9.9824869e-01   8.7619927e-04
   6.6904279e-01   1.8456806e-01
   6.0980859e-01   2.9160241e-01
   5.0168284e-01   2.9198493e-01
   3.3284078e-01   4.2416156e-01
   3.3415065e-01   4.2415740e-01
   2.4235957e-01   5.8952388e-01
   5.0115992e-01   3.8082104e-01
   5.0120207e-01   3.0909446e-01
   5.2261661e-01   2.9163003e-01
   5.0117251e-01   3.2727018e-01
   1.7202579e-01   5.8959111e-01
   9.9824217e-01   1.8331919e-03
   1.4202652e+00   8.6799651e-04
   5.0800594e-01   2.9163872e-01
   5.2952761e-01   2.9162550e-01
   1.7973308e-01   5.8957617e-01
   2.6808759e-01   5.8951240e-01
   1.8714058e-01   5.8956565e-01
   9.8452361e-01   8.6131088e-02
   3.3157139e-01   4.2568900e-01
   1.7740396e-01   5.8957742e-01
   2.0726411e-01   5.8954278e-01
   1.6989597e-01   5.8959764e-01
   1.9051465e-01   5.8955949e-01
   8.1681898e-04   1.0069693e+00
   1.6766237e-01   6.7115966e-01
   8.3477687e-01   9.1650131e-02
   1.6742878e-01   8.0423769e-01
   8.4688627e-01   8.6157116e-02
   6.2947655e-01   2.9160096e-01
   5.7842995e-01   2.9161101e-01
   5.0142707e-01   3.0127713e-01
   1.7345919e-01   5.8958574e-01
   2.2840356e-01   5.8953546e-01
   8.3453729e-01   1.1581425e-01
   1.9905882e-01   5.8954907e-01
   5.8551593e-01   2.9160897e-01
   8.3462758e-01   9.6199980e-02
   5.0137831e-01   3.0383003e-01
   1.7562277e-01   5.8958511e-01
   8.3450776e-01   1.3477163e-01
   3.3157155e-01   4.2510938e-01
   1.9000677e-01   5.8956280e-01
   5.2718318e-01   2.9162812e-01
   2.0455087e-01   5.8954287e-01
   5.6013214e-01   2.9161410e-01
   8.3482697e-01   8.8661425e-02
   2.6342154e-01   5.8952064e-01
   5.0072552e-01   4.1739370e-01
   5.0145843e-01   2.9697496e-01
   8.3693446e-01   8.6166536e-02
   2.7746677e-03   1.0061843e+00
   1.6834620e-01   5.9015510e-01
   8.3460809e-01   1.0226587e-01
   5.1442746e-01   2.9163425e-01
   2.2656821e-01   5.8953623e-01
   5.5514644e-04   1.0260650e+00
   1.9406910e-01   5.8955762e-01
   5.9705538e-01   2.9160746e-01
   5.4047208e-01   2.9162131e-01
   8.6424736e-01   8.6145511e-02
   1.8183044e-01   5.8957014e-01
   5.0488683e-01   2.9164590e-01
   1.6781700e-01   6.0262514e-01
   5.0144978e-01   2.9727699e-01
   1.6811076e-01   5.9538619e-01
   5.0390906e-01   2.9165209e-01
   5.1168259e-01   2.9163605e-01
   1.8100897e-01   5.8957602e-01
   1.6755828e-01   7.6349752e-01
   5.4030644e-01   2.9162362e-01
   6.6490613e-01   1.8534633e-01
   2.2154882e-01   5.8953959e-01
   5.0146169e-01   2.9413960e-01
   3.3231862e-01   4.2449139e-01
   3.0448821e-01   5.8950028e-01
   8.3478520e-01   9.0689806e-02
   9.2878485e-01   8.6136775e-02
   5.3817838e-01   2.9162404e-01
   8.4184627e-01   8.6160045e-02
   8.3703300e-01   8.6164024e-02
   1.9713205e-01   5.8955021e-01
   6.6862347e-01   1.8456929e-01
   9.9916655e-01   8.7494814e-04
   1.6828773e-01   5.9164279e-01
   8.6389082e-01   8.6150851e-02
   8.3508503e-01   8.6170254e-02
   5.0175182e-01   2.9165568e-01
   8.3508439e-01   8.6170702e-02
   6.6491514e-01   1.8457684e-01
   8.3507588e-01   8.6484511e-02
   1.6936441e-01   5.8960070e-01
   5.0175328e-01   2.9165488e-01
   3.3171779e-01   4.2490191e-01
   8.3512435e-01   8.6169132e-02
   1.6841823e-01   5.8961225e-01
   6.6571459e-01   1.8457415e-01
   1.6841955e-01   5.8961121e-01
   8.3508562e-01   8.6169920e-02
   9.9824869e-01   8.7619927e-04
   6.6904279e-01   1.8456806e-01
   2.1526788e-01   5.8945354e-01
   5.0168284e-01   2.9198493e-01
   3.3284078e-01   4.2416156e-01
   3.3415065e-01   4.2415740e-01
   9.0776029e-01   8.6104363e-02
   1.7353324e-01   5.8958227e-01
   5.0120207e-01   3.0909446e-01
   5.0113704e-01   3.1843771e-01
   5.0144789e-01   2.9538121e-01
   9.9824217e-01   1.8331919e-03
   1.4202652e+00   8.6799651e-04
   5.0131225e-01   3.0695963e-01
   2.6381362e-01   5.8943879e-01
   5.2485966e-01   2.9160657e-01
   1.8095879e-03   1.0018919e+00
   5.5445003e-04   1.2148767e+00
   1.6726989e-01   9.3984419e-01
   3.3157139e-01   4.2568900e-01
   8.4650648e-01   8.6142064e-02
   5.3298257e-01   2.9160024e-01
   2.3404616e-01   5.8945237e-01
   2.0270788e-01   5.8950607e-01
   1.8045565e-01   5.8953521e-01
   5.2724954e-01   2.9160162e-01
   8.3477687e-01   9.1650131e-02
   1.9517518e-01   5.8951325e-01
   8.3478837e-01   8.7897449e-02
   1.6964885e-01   5.8959289e-01
   3.3178667e-01   4.2428878e-01
   5.1926272e-01   2.9161063e-01
   6.6490505e-01   1.8550900e-01
   8.3440667e-01   1.0864077e-01
   5.1285881e-01   2.9162030e-01
   5.6014035e-01   2.9156326e-01
   1.6769321e-01   6.4562469e-01
   8.3462758e-01   9.6199980e-02
   9.1958846e-01   8.6102033e-02
   5.0144067e-01   2.9538933e-01
   5.0110667e-01   3.2363635e-01
   3.3157155e-01   4.2510938e-01
   1.7156395e-01   5.8958953e-01
   8.3432182e-01   1.2862190e-01
   1.6810788e-01   5.9413860e-01
   1.7545346e-01   5.8956973e-01
   9.3184106e-01   8.6098169e-02
   3.3226135e-01   4.2423799e-01
   5.0072552e-01   4.1739370e-01
   9.3668397e-01   8.6093774e-02
   2.8028358e-01   5.8942986e-01
   5.2386569e-01   2.9160859e-01
   5.0105186e-01   3.8528326e-01
   1.6834620e-01   5.9015510e-01
   8.3460809e-01   1.0226587e-01
   5.1784435e-01   2.9161666e-01
   8.8224046e-01   8.6118448e-02
   6.6500917e-01   1.8497906e-01
   8.9170209e-01   8.6106164e-02
   1.6729761e-01   7.1762904e-01
   2.1372947e-01   5.8947979e-01
   7.0419802e-04   1.0099383e+00
   5.9530537e-01   2.9155336e-01
   1.4863672e-02   1.0015968e+00
   1.6781700e-01   6.0262514e-01
   5.0900967e-01   2.9163417e-01
   8.7175082e-01   8.6129721e-02
   1.6804352e-01   6.0180607e-01
   1.7960503e-01   5.8955002e-01
   6.2327704e-01   2.9154272e-01
   5.0145756e-01   2.9376636e-01
   1.8318470e-01   5.8952249e-01
   6.6490613e-01   1.8534633e-01
   9.9824256e-01   1.0936600e-03
   5.0110010e-01   3.4525642e-01
   8.3430552e-01   1.3213843e-01
   5.0137166e-01   3.0035784e-01
   8.3478520e-01   9.0689806e-02
   1.7310274e-01   5.8958671e-01
   8.3461164e-01   9.8372186e-02
   1.6760430e-01   6.6181417e-01
   6.6556873e-01   1.8474327e-01
   8.8469192e-01   8.6117768e-02
   1.7793487e-01   5.8955872e-01
   5.3774820e-01   2.9159805e-01
   5.1183108e-01   2.9162633e-01
   5.3962001e-01   2.9158501e-01
   8.5931270e-01   8.6130894e-02
   1.6812091e-01   5.9223873e-01
   5.0456611e-01   2.9164291e-01
   8.5649927e-01   8.6135565e-02
   8.3507588e-01   8.6484511e-02
   1.6936441e-01   5.8960070e-01
   5.0175328e-01   2.9165488e-01
   2.4121443e-01   5.8945117e-01
   8.3512435e-01   8.6169132e-02
   1.6841823e-01   5.8961225e-01
   6.6571459e-01   1.8457415e-01
   1.6841955e-01   5.8961121e-01
   8.3508562e-01   8.6169920e-02
   9.9824869e-01   8.7619927e-04
   6.6904279e-01   1.8456806e-01
   5.3407959e-01   2.9154879e-01
   5.0168284e-01   2.9198493e-01
   3.3284078e-01   4.2416156e-01
   3.3415065e-01   4.2415740e-01
   1.6699627e-01   8.3541683e-01
   1.7353324e-01   5.8958227e-01
   5.0120207e-01   3.0909446e-01
   8.3462578e-01   9.4440991e-02
   1.6710963e-01   6.1528831e-01
   1.7833028e-01   5.8954233e-01
   9.9824217e-01   1.8331919e-03
   1.4202652e+00   8.6799651e-04
   1.8393575e-01   5.8950656e-01
   9.1401174e-01   8.6068229e-02
   1.9606945e-01   5.8948449e-01
   1.6729659e-01   6.0597077e-01
   5.7143820e-01   2.9151573e-01
   5.0075593e-01   3.2209751e-01
   3.3157139e-01   4.2568900e-01
   5.0721792e-01   2.9162692e-01
   1.9094999e-01   5.8949143e-01
   8.3394445e-01   1.5579565e-01
   5.0070299e-01   3.3187672e-01
   5.2108308e-01   2.9157568e-01
   9.1858558e-01   8.6061410e-02
   1.6731479e-01   6.0093491e-01
   6.3824212e-01   2.9149763e-01
   8.3478837e-01   8.7897449e-02
   1.6964885e-01   5.8959289e-01
   5.0065357e-01   3.8448490e-01
   5.0125032e-01   3.0202133e-01
   2.0677706e-01   5.8942853e-01
   5.1285881e-01   2.9162030e-01
   9.9906755e-02   9.9725435e-01
   8.3477254e-01   9.0132767e-02
   5.0106438e-01   3.1068522e-01
   1.8876598e-01   5.8950123e-01
   5.0144067e-01   2.9538933e-01
   8.9052743e-01   8.6096670e-02
   3.3157155e-01   4.2510938e-01
   3.3158979e-01   4.2492957e-01
   5.5145433e-01   2.9154574e-01
   1.6810788e-01   5.9413860e-01
   1.7200729e-01   5.8958425e-01
   8.3459532e-01   9.5658656e-02
   8.3436654e-01   1.0195896e-01
   5.0145038e-01   2.9381637e-01
   8.4881042e-01   8.6140404e-02
   1.8163714e-01   5.8951522e-01
   1.7440413e-01   5.8955582e-01
   6.6490452e-01   1.8529819e-01
   1.6834620e-01   5.9015510e-01
   2.7826310e-01   5.8933857e-01
   4.4254999e-04   1.2155821e+00
   2.3636185e-01   5.8937077e-01
   8.3448315e-01   9.9369489e-02
   5.1673982e-01   2.9160362e-01
   2.3609701e-01   5.8939683e-01
   9.6615061e-01   8.6054190e-02
   8.6451298e-01   8.6112428e-02
   1.8704373e-03   9.9732025e-01
   8.1862633e-04   1.0007518e+00
   1.9851635e-01   5.8945887e-01
   1.7755776e-01   5.8954514e-01
   3.3180970e-01   4.2433690e-01
   8.3411132e-01   1.1494214e-01
   5.0074631e-01   3.2571951e-01
   2.1630420e-01   5.8940441e-01
   5.0145756e-01   2.9376636e-01
   8.3451090e-01   9.8456756e-02
   9.9823851e-01   2.2626323e-03
   8.3433165e-01   1.0598033e-01
   3.3159845e-01   4.2467692e-01
   8.3444916e-01   9.9684721e-02
   8.3478395e-01   8.9872362e-02
   8.5341176e-01   8.6134582e-02
   8.4281860e-01   8.6147741e-02
   8.3435300e-01   1.0500722e-01
   5.0102161e-01   3.1703814e-01
   5.6614439e-01   2.9152418e-01
   6.6520568e-01   1.8495971e-01
   4.8546456e-04   1.0033647e+00
   6.1723210e-01   2.9151376e-01
   8.5761939e-01   8.6124821e-02
   1.7432024e-01   5.8956723e-01
   5.0064568e-01   3.9537261e-01
   1.6812091e-01   5.9223873e-01
   5.0456611e-01   2.9164291e-01
   5.1710859e-01   2.9159231e-01
   8.3507588e-01   8.6484511e-02
   8.5581062e-01   8.6129142e-02
   5.0175328e-01   2.9165488e-01
   9.0437489e-01   8.6080329e-02
   8.3512435e-01   8.6169132e-02
   1.6841823e-01   5.8961225e-01
   6.6571459e-01   1.8457415e-01
   1.6841955e-01   5.8961121e-01
   8.3508562e-01   8.6169920e-02
   9.9824869e-01   8.7619927e-04
   3.3596914e-01   4.2192223e-01
   1.7556553e+00   5.5613706e-04
   5.0168284e-01   2.9198493e-01
   3.3284078e-01   4.2416156e-01
   5.6292807e-01   2.9149875e-01
   1.7969320e-01   5.8942786e-01
   9.5959705e-01   8.6028163e-02
   8.4916646e-01   8.6132524e-02
   5.5978034e-01   2.9150208e-01
   5.8070321e-01   2.9146606e-01
   5.0011496e-01   2.9360032e-01
   9.9824217e-01   1.8331919e-03
   8.6211217e-01   8.6091155e-02
   1.6694353e-01   5.9228249e-01
   8.3257477e-01   9.1909584e-02
   5.1941284e-01   2.9157285e-01
   1.0092154e-04   9.9451248e-01
   9.2625587e-01   8.6045913e-02
   5.3762548e-01   2.9150942e-01
   3.3157139e-01   4.2568900e-01
   5.1314698e-01   2.9159529e-01
   4.9930996e-01   2.9532576e-01
   8.3258606e-01   8.9758496e-02
   5.0589601e-01   2.9161557e-01
   2.7026356e-03   9.5866223e-01
   1.5494222e-03   9.6994525e-01
   9.1411886e-01   8.6060376e-02
   3.3467085e-01   4.2249687e-01
   1.9428642e-01   5.8941010e-01
   1.6964885e-01   5.8959289e-01
   3.3454749e-01   4.2256446e-01
   5.3162521e-01   2.9153121e-01
   6.6722515e-01   1.8382514e-01
   3.3463218e-01   4.2253445e-01
   5.2489867e-01   2.9155799e-01
   3.3352867e-01   4.2317930e-01
   4.9850855e-01   2.9798909e-01
   1.6572107e-01   5.9512199e-01
   2.4397312e-01   5.8929979e-01
   2.3801350e-01   5.8930409e-01
   3.3157155e-01   4.2510938e-01
   3.3564917e-01   4.2208215e-01
   6.6684998e-01   1.8388970e-01
   6.6603643e-01   1.8457369e-01
   1.7200729e-01   5.8958425e-01
   1.6814610e-01   5.9158283e-01
   1.2028868e-03   9.7003649e-01
   4.9853914e-01   2.9611458e-01
   8.3983445e-01   8.6142508e-02
   2.1053148e-03   9.5884792e-01
   5.0027778e-01   2.9355394e-01
   6.6490452e-01   1.8529819e-01
   1.6834620e-01   5.9015510e-01
   1.6522537e-01   5.9548495e-01
   8.3487111e-01   8.7174866e-02
   8.3269024e-01   8.8412103e-02
   3.3160259e-01   4.2445748e-01
   8.8690951e-01   8.6081771e-02
   1.6640650e-01   5.9352563e-01
   1.6820032e-01   5.9083463e-01
   3.3351654e-01   4.2330081e-01
   5.0150205e-01   2.9285517e-01
   6.6823755e-01   1.8360146e-01
   5.0054631e-01   2.9335499e-01
   6.6490524e-01   1.8526600e-01
   2.1317265e-01   5.8933318e-01
   1.7292251e-01   5.8951077e-01
   1.6813799e-01   5.9196258e-01
   8.3276273e-01   8.8295967e-02
   2.8005336e-01   5.8929380e-01
   1.2194908e+00   8.1272426e-04
   9.9823851e-01   2.2626323e-03
   8.4620852e-01   8.6137516e-02
   6.6728866e-01   1.8376683e-01
   2.2447729e-01   5.8931207e-01
   3.3352898e-01   4.2298591e-01
   1.1893601e-03   9.8956045e-01
   1.6817540e-01   5.9155119e-01
   3.3270001e-01   4.2416340e-01
   6.6494284e-01   1.8465451e-01
   8.3191536e-01   1.8088574e-01
   8.8803646e-01   8.6065804e-02
   3.3236821e-01   4.2419297e-01
   1.6719877e-01   5.9218040e-01
   1.7692258e-01   5.8944329e-01
   4.9873704e-01   2.9582129e-01
   8.3260795e-01   8.9670890e-02
   4.9941688e-01   2.9495978e-01
   5.0456611e-01   2.9164291e-01
   5.1710859e-01   2.9159231e-01
   8.3507588e-01   8.6484511e-02
   3.3252086e-01   4.2417668e-01
   5.0175328e-01   2.9165488e-01
   1.9522688e-01   5.8934328e-01
   8.3512435e-01   8.6169132e-02
   1.6841823e-01   5.8961225e-01
   6.6571459e-01   1.8457415e-01
   1.6841955e-01   5.8961121e-01
   8.3508562e-01   8.6169920e-02
   9.9824869e-01   8.7619927e-04
   9.9694833e-01   1.6454113e-03
   6.6406990e-01   1.8514366e-01
   3.3431369e-01   4.2201692e-01
   5.0167943e-01   2.9210525e-01
   3.3844733e-01   4.1911047e-01
   1.6836190e-01   5.9009095e-01
   1.6494738e-01   5.9406586e-01
   2.6590527e-03   9.5231369e-01
   7.9031153e-05   1.9075514e+00
   1.4782386e+00   9.2515972e-05
   1.6979932e-01   5.8800665e-01
   4.9913693e-01   2.9361597e-01
   1.9165245e-03   9.5750804e-01
   1.6428382e-01   8.0221761e-01
   5.0317408e-01   2.9077962e-01
   6.6909439e-01   1.8218076e-01
   8.3156248e-01   8.8303749e-02
   1.6979784e-01   5.8822525e-01
   3.3266138e-01   4.2341816e-01
   1.6446852e-01   5.9463964e-01
   1.1093299e+00   1.7881566e-04
   8.2940161e-01   9.0020946e-02
   1.6678533e-01   5.9182407e-01
   1.8084142e-01   5.8799979e-01
   3.3028958e-01   4.2549228e-01
   3.3589172e-01   4.2073007e-01
   6.6492434e-01   1.8461471e-01
   1.6947278e-01   5.8854791e-01
   9.9739687e-01   1.3449679e-03
   5.0267412e-01   2.9106512e-01
   4.9779589e-01   2.9470486e-01
   3.3525197e-01   4.2119436e-01
   3.3340777e-01   4.2270502e-01
   4.9576793e-03   9.3471308e-01
   1.7612522e-04   9.9353819e-01
   1.6938964e-01   5.8856230e-01
   6.6494502e-01   1.8461291e-01
   6.6682972e-01   1.8350703e-01
   3.3164505e-01   4.2418930e-01
   1.0465179e-03   9.6945485e-01
   1.9875294e-03   9.5726113e-01
   3.3158859e-01   4.2478995e-01
   2.2657861e-03   9.5725022e-01
   3.3073270e-01   4.2505889e-01
   2.6131286e-03   9.5232549e-01
   6.6632943e-01   1.8379865e-01
   1.6904268e-01   5.8952455e-01
   3.3159934e-01   4.2419569e-01
   3.3571220e-01   4.2105330e-01
   4.9913506e-01   2.9370502e-01
   5.0268687e-01   2.9104732e-01
   1.9716699e-03   9.5734703e-01
   9.9976626e-01   2.4703111e-04
   3.3079780e-01   4.2503966e-01
   4.9781603e-01   2.9466950e-01
   9.9963554e-01   2.7376914e-04
   5.0173724e-01   2.9206113e-01
   1.6711312e-01   5.9133249e-01
   3.3563173e-01   4.2116318e-01
   5.0001224e-01   2.9297333e-01
   6.6863654e-01   1.8249176e-01
   5.0781652e-03   9.3458920e-01
   2.4340601e-03   9.5234026e-01
   5.0317293e-01   2.9084007e-01
   5.0313780e-01   2.9092901e-01
   3.3303466e-01   4.2306729e-01
   1.6834494e-01   5.9011024e-01
   1.5484243e-03   9.6295758e-01
   9.9461206e-04   9.6955787e-01
   4.9614469e-01   3.4965018e-01
   6.7153592e-01   1.8106228e-01
   8.3159757e-01   8.8248214e-02
   6.6359683e-01   1.8546906e-01
   3.3090289e-01   4.2498786e-01
   1.0029250e-03   9.6951326e-01
   3.3437988e-01   4.2196830e-01
   1.6487079e-01   5.9438708e-01
   1.6591033e-01   5.9293372e-01
   4.9779759e-01   2.9469368e-01
   8.3646309e-01   8.5468993e-02
   6.6675360e-01   1.8350972e-01
   1.6934809e-01   5.8859493e-01
   1.6667671e-01   5.9186487e-01
   1.6671826e-01   5.9184350e-01
   6.6404817e-01   1.8518919e-01
   6.6530512e-01   1.8459128e-01
   1.1809167e-03   9.6944182e-01
   1.6675071e-01   5.9183802e-01
   6.6673977e-01   1.8365878e-01
   3.3523949e-01   4.2125404e-01
   8.3507588e-01   8.6484511e-02
   3.3447503e-01   4.2190847e-01
   5.0175328e-01   2.9165488e-01
   1.1040389e-04   1.1945141e+00
   8.3512435e-01   8.6169132e-02
   1.6841823e-01   5.8961225e-01
   6.6571459e-01   1.8457415e-01
   1.6841955e-01   5.8961121e-01
   8.3508562e-01   8.6169920e-02
   9.9824869e-01   8.7619927e-04
   3.3906418e-01   4.1798109e-01
   6.7240942e-01   1.8023576e-01
   2.7553190e-03   9.5001535e-01
   5.0167943e-01   2.9210525e-01
   6.6358388e-01   1.8546751e-01
   9.9692149e-01   1.6464560e-03
   3.2831202e-01   4.2722742e-01
   1.9115047e-03   9.5722049e-01
   5.0530452e-01   2.8953648e-01
   1.6257229e-01   5.9717136e-01
   8.2872376e-01   9.0984860e-02
   3.2839052e-01   4.2717771e-01
   1.6523545e-01   5.9374404e-01
   3.3430795e-01   4.2191047e-01
   3.3248670e-01   4.2340345e-01
   4.5396885e-03   9.3451050e-01
   6.7233250e-01   1.8039450e-01
   4.9579790e-01   2.9617368e-01
   1.6147928e-01   5.9897257e-01
   4.9760259e-01   2.9473263e-01
   1.6420316e-01   5.9520438e-01
   4.9922847e-01   2.9358356e-01
   6.7123029e-05   9.9357813e-01
   1.7079292e-01   5.8688279e-01
   1.3759840e+00   6.2776831e-05
   4.9521448e-01   2.9670377e-01
   1.6664412e-01   5.9182379e-01
   3.3778361e-01   4.1910620e-01
   1.6448328e-01   5.9468341e-01
   8.3880198e-01   8.4669841e-02
   8.3243980e-01   8.7685665e-02
   3.3589253e-01   4.2060812e-01
   1.8893435e-03   9.5725254e-01
   1.6249494e-01   5.9719380e-01
   1.0312820e-03   9.6952414e-01
   8.3501738e-01   8.6564057e-02
   6.6902654e-01   1.8215328e-01
   2.6808140e-03   9.5003751e-01
   1.4743122e-03   9.6943366e-01
   1.6422586e-01   5.9492995e-01
   2.5743708e-03   9.5010989e-01
   3.3158859e-01   4.2478995e-01
   6.6855307e-01   1.8249090e-01
   8.3153680e-01   8.8282032e-02
   4.9583943e-01   2.9617302e-01
   6.6855734e-01   1.8247140e-01
   1.6904268e-01   5.8952455e-01
   1.9828841e-03   9.5721503e-01
   1.6834536e-01   5.9004268e-01
   1.6980355e-01   5.8799467e-01
   8.3646760e-01   8.5455291e-02
   1.6978612e-01   5.8805462e-01
   3.3346585e-01   4.2268385e-01
   6.6672569e-01   1.8349379e-01
   8.2913822e-01   8.9786186e-02
   8.3884451e-01   8.4587272e-02
   9.9995674e-01   1.4575087e-04
   3.3073365e-01   4.2495974e-01
   1.6835429e-01   5.9001861e-01
   4.9912408e-01   2.9359859e-01
   3.3345769e-01   4.2269091e-01
   1.6836787e-01   5.8998099e-01
   1.6249876e-01   5.9718375e-01
   3.3567766e-01   4.2090894e-01
   8.3110547e-01   8.8512249e-02
   6.7236821e-01   1.8029234e-01
   1.6834494e-01   5.9011024e-01
   3.3780783e-01   4.1902723e-01
   1.6979129e-01   5.8801440e-01
   5.0313320e-01   2.9072234e-01
   8.3248227e-01   8.7685036e-02
   3.3788159e-01   4.1901308e-01
   8.3177860e-01   8.8108133e-02
   1.6245984e-01   5.9724224e-01
   3.3767615e-01   4.1936231e-01
   8.3378968e-01   8.7071759e-02
   6.6405950e-01   1.8514123e-01
   1.6591033e-01   5.9293372e-01
   5.0312249e-01   2.9073556e-01
   1.6250400e-01   5.9717601e-01
   3.3569108e-01   4.2079388e-01
   8.2923837e-01   8.9754198e-02
   1.6978215e-01   5.8806672e-01
   9.9996739e-01   6.8488665e-05
   6.6768519e-01   1.8302388e-01
   6.6530512e-01   1.8459128e-01
   1.6580311e-01   5.9308739e-01
   5.0047102e-01   2.9262614e-01
   1.6459503e-01   5.9464420e-01
   1.6580878e-01   5.9295805e-01
   8.3507588e-01   8.6484511e-02
   1.6254638e-01   5.9717416e-01
   5.0175328e-01   2.9165488e-01
   9.9693810e-01   1.5820231e-03
   8.3512435e-01   8.6169132e-02
   1.6841823e-01   5.8961225e-01
   6.6571459e-01   1.8457415e-01
   1.6841955e-01   5.8961121e-01
   8.3508562e-01   8.6169920e-02
   9.9824869e-01   8.7619927e-04
