   1.7192093e+01   2.1195699e+01
   1.7401119e+01   1.6203771e+01
   2.1019242e+01   1.6054359e+01
   3.1210692e+01   2.2733335e+01
   3.1134221e+01   2.1149439e+01
   2.6666747e+01   3.4244657e+01
   1.9039381e+01   1.5838814e+01
   4.2011014e+01   3.7317159e+01
   1.7386083e+01   1.1667540e+01
   1.6592582e+01   1.3425055e+01
   2.2319499e+01   1.8563028e+01
   1.5192035e+01   1.8067081e+01
   1.2953765e+01   1.2246573e+01
   4.7404981e+01   3.5661096e+01
   1.5503288e+01   1.6331544e+01
   1.4226573e+01   1.7202100e+01
   1.6453368e+01   1.7495347e+01
   2.6216973e+01   1.4678611e+01
   2.5689941e+01   3.4690911e+01
   3.3052617e+01   2.6448513e+01
   2.6328763e+01   3.0580641e+01
   2.1678980e+01   2.7589044e+01
   3.7393699e+01   2.5335043e+01
   2.3231071e+01   1.9236918e+01
   3.7753835e+01   2.6372213e+01
   2.8526183e+01   2.5847551e+01
   1.6288765e+01   1.8257403e+01
   2.7961723e+01   3.4156252e+01
   1.6272030e+01   1.9230478e+01
   1.7692330e+01   1.8757876e+01
   2.5071428e+01   1.8429939e+01
   2.2899392e+01   2.0095848e+01
   1.8235079e+01   1.8856767e+01
   1.8671564e+01   1.1373623e+01
   1.6143245e+01   2.3492821e+01
   3.3206362e+01   2.6865127e+01
   2.6455886e+01   2.9906732e+01
   2.2061514e+01   2.1342800e+01
   2.3166894e+01   1.7272969e+01
   1.8055166e+01   1.4994590e+01
   1.3889038e+01   1.7731519e+01
   2.1792756e+01   1.6826141e+01
   1.4701500e+01   1.4796803e+01
   2.3145712e+01   2.1784747e+01
   1.7866103e+01   1.6486847e+01
   1.5323881e+01   1.0497125e+01
   1.7948285e+01   1.2396856e+01
   2.3055755e+01   1.7905839e+01
   2.1915524e+01   2.1849969e+01
   2.1241197e+01   1.7998213e+01
   1.4838058e+01   2.3530785e+01
   2.1166904e+01   2.4856413e+01
   2.6393889e+01   2.6304506e+01
   2.5515490e+01   2.3072492e+01
   1.9750739e+01   1.4376308e+01
   2.5862610e+01   2.8099421e+01
   3.0317130e+01   2.7662712e+01
   1.8985092e+01   2.5702880e+01
   1.3356028e+01   1.3165565e+01
   1.6546830e+01   2.1924036e+01
   2.5267149e+01   1.8083892e+01
   1.2105749e+01   1.0572883e+01
   1.9313892e+01   1.2700128e+01
   3.5429640e+01   1.7249180e+01
   2.0332960e+01   1.8408549e+01
   3.0012078e+01   2.7269885e+01
   2.5927344e+01   3.2020146e+01
   2.1667461e+01   2.1089843e+01
   1.6773010e+01   2.1970858e+01
   2.2101353e+01   3.5312608e+01
   2.2773125e+01   1.7873177e+01
   2.4590410e+01   2.0083440e+01
   1.5131291e+01   1.1798773e+01
   1.7746911e+01   1.5977278e+01
   2.6553023e+01   3.1441821e+01
   1.9088287e+01   1.7798264e+01
   2.7735358e+01   2.2860257e+01
   2.0012880e+01   2.9485143e+01
   1.7887877e+01   1.4722134e+01
   3.9552962e+01   3.3924449e+01
   2.5434675e+01   2.8644794e+01
   2.0743795e+01   1.6148928e+01
   2.2118230e+01   1.4670562e+01
   1.8832657e+01   1.4997057e+01
   3.2903057e+01   3.8062290e+01
   1.1580584e+01   1.5295328e+01
   1.3379802e+01   2.1492053e+01
   3.3274164e+01   2.5060153e+01
   3.1731871e+01   2.3209913e+01
   2.7667840e+01   1.7289744e+01
   1.9383466e+01   1.3908179e+01
   3.0454406e+01   4.1752519e+01
   2.2233160e+01   1.8574020e+01
   2.1216636e+01   1.4429451e+01
   2.1317312e+01   1.8220642e+01
   3.3211772e+01   3.8286036e+01
   2.6797854e+01   2.6219332e+01
   3.3274419e+01   2.2697099e+01
   2.8527868e+01   2.0724186e+01
   1.7127317e+01   2.3459232e+01
   4.7054000e+00   4.9884045e+00
   4.5619614e+00   5.6035626e+00
   8.6952826e+00   3.6125617e+00
   8.0381583e+00   3.7317870e+00
   6.7611649e+00   3.8307007e+00
   4.2425619e+00   5.7860546e+00
   4.2370686e+00   5.6524752e+00
   4.3563947e+00   5.7796746e+00
   6.4596218e+00   3.8897533e+00
   6.4635403e+00   3.7793089e+00
   4.6623107e+00   4.1992534e+00
   4.5813347e+00   5.1495464e+00
   7.4013636e+00   3.7941715e+00
   4.1374894e+00   7.7625398e+00
   4.5289204e+00   4.6127158e+00
   4.7749682e+00   4.2796722e+00
   5.3482363e+00   4.3675959e+00
   4.2067256e+00   6.6728251e+00
   5.2789610e+00   4.0185855e+00
   4.4620553e+00   5.7733578e+00
   4.2430656e+00   7.1239281e+00
   6.7621248e+00   3.8552453e+00
   4.4989223e+00   5.4938683e+00
   9.8888404e+00   3.4690360e+00
   4.4714214e+00   4.8032313e+00
   4.0745055e+00   7.6374525e+00
   6.8383684e+00   3.8267367e+00
   5.6753580e+00   4.0397015e+00
   4.1247701e+00   6.1015285e+00
   8.4955986e+00   3.7206053e+00
   4.2319583e+00   6.5432478e+00
   1.0393662e+01   3.5825269e+00
   8.1684332e+00   3.7484349e+00
   4.0944382e+00   5.2346538e+00
   7.5063543e+00   3.5052253e+00
   4.5129632e+00   5.0245207e+00
   4.6488822e+00   4.7648653e+00
   6.8328417e+00   3.7501831e+00
   8.8397824e+00   3.5649684e+00
   5.0099444e+00   4.3791143e+00
   6.6026098e+00   3.8395351e+00
   8.6774169e+00   3.2541058e+00
   4.6421665e+00   5.2659285e+00
   8.7426316e+00   3.4761506e+00
   4.4306525e+00   5.1973289e+00
   4.4537932e+00   5.3689992e+00
   1.1562872e+01   3.3389960e+00
   8.2352492e+00   3.6121777e+00
   9.0202134e+00   3.2736599e+00
   4.0660539e+00   6.9281106e+00
   4.8962340e+00   4.6307227e+00
   4.8304465e+00   4.7138484e+00
   4.6445937e+00   5.0079657e+00
   7.1450429e+00   4.1560007e+00
   7.0575058e+00   3.7203260e+00
   1.4321919e+01   3.2727428e+00
   4.9419671e+00   4.4283059e+00
   8.3213877e+00   3.7146730e+00
   6.4370152e+00   4.0200265e+00
   7.7067166e+00   3.7552036e+00
   5.3904132e+00   3.9962943e+00
   4.1333149e+00   9.4759205e+00
   4.1379419e+00   7.2131921e+00
   4.0742470e+00   8.7576557e+00
   7.4320503e+00   3.7842828e+00
   9.0261139e+00   3.5764700e+00
   4.3254234e+00   5.6581677e+00
   4.2026958e+00   5.8971913e+00
   4.1227035e+00   6.4631801e+00
   9.0179163e+00   3.2604925e+00
   7.6793124e+00   3.7558922e+00
   4.6658257e+00   4.9190886e+00
   5.2365618e+00   3.8008227e+00
   4.2619102e+00   5.9073610e+00
   4.1352216e+00   7.1686310e+00
   6.1428975e+00   3.6784174e+00
   3.6967422e+00   7.8965872e+00
   4.5497691e+00   5.6136876e+00
   6.5278731e+00   3.8499808e+00
   6.4770637e+00   3.9712072e+00
   4.4459272e+00   5.7764820e+00
   5.3311310e+00   4.0687340e+00
   5.4139889e+00   4.0749725e+00
   4.7469394e+00   4.8653388e+00
   4.6067657e+00   5.4945289e+00
   4.4866996e+00   5.6452791e+00
   4.0430643e+00   6.3737986e+00
   4.8585115e+00   4.4253575e+00
   7.4058779e+00   3.7793557e+00
   4.1824781e+00   6.3534475e+00
   7.9377068e+00   3.3586913e+00
   4.0035414e+00   7.1264670e+00
   4.7916912e+00   4.2001880e+00
   7.9752392e+00   3.7160311e+00
   4.5196353e+00   5.7162241e+00
   4.8189534e+00   4.5381221e+00
   5.2469088e+00   4.0911420e+00
   5.2756138e+00   4.5712546e+00
   7.3923486e+00   3.8460141e+00
   6.5584458e+00   3.8975078e+00
   1.3074705e+00   4.9562549e+00
   1.3178610e+00   4.0172293e+00
   1.3114465e+00   4.2787829e+00
   1.3065433e+00   7.7893995e+00
   1.3080627e+00   4.3735324e+00
   1.3092113e+00   4.3030793e+00
   1.3153352e+00   3.9894859e+00
   1.3066607e+00   7.5726587e+00
   3.7167494e+00   3.0434806e+00
   1.3128318e+00   4.0197471e+00
   1.3068647e+00   6.5996672e+00
   1.3065452e+00   7.5990836e+00
   5.6353840e+00   3.4841222e+00
   4.8146736e+00   3.2223777e+00
   1.3065736e+00   5.5308520e+00
   1.3434652e+00   3.9307242e+00
   1.3066496e+00   7.6213294e+00
   2.9236703e+00   3.4610315e+00
   3.1882370e+00   3.4243824e+00
   1.3063499e+00   8.5554481e+00
   1.6286889e+00   3.5904357e+00
   1.3066611e+00   6.9139441e+00
   1.3062623e+00   7.3472481e+00
   1.8621209e+00   3.5121067e+00
   1.4923313e+00   3.4882481e+00
   1.3318374e+00   3.6839548e+00
   1.3070376e+00   5.7714068e+00
   1.3071699e+00   5.2396615e+00
   1.3074020e+00   5.0189091e+00
   1.3103135e+00   4.1201969e+00
   2.1420964e+00   3.8743147e+00
   1.3141756e+00   3.9944413e+00
   1.3102199e+00   4.2762756e+00
   7.3261489e+00   3.4066654e+00
   1.3066521e+00   6.6154984e+00
   1.3072745e+00   4.8317863e+00
   1.3120181e+00   4.0311933e+00
   1.3083808e+00   4.1745033e+00
   1.3143282e+00   4.1841460e+00
   1.3078155e+00   4.6392236e+00
   1.3096007e+00   4.1435725e+00
   1.3072474e+00   5.6397821e+00
   3.5656215e+00   3.6523438e+00
   1.3228783e+00   4.1953388e+00
   1.3509406e+00   3.7766467e+00
   1.3083460e+00   4.5268269e+00
   1.3074913e+00   4.8205228e+00
   1.3067683e+00   5.9004575e+00
   1.3073999e+00   4.5637756e+00
   2.0213112e+00   4.1617944e+00
   1.5597277e+00   3.8511665e+00
   1.3083421e+00   4.3588533e+00
   1.3076268e+00   4.8031388e+00
   1.3080403e+00   4.7110859e+00
   3.9722428e+00   2.8620814e+00
   1.3075848e+00   4.3863233e+00
   1.3142851e+00   4.0763507e+00
   1.3073398e+00   5.3076956e+00
   4.3599393e+00   3.3586522e+00
   6.6980838e+00   3.1634363e+00
   3.6800098e+00   3.3865234e+00
   1.3075978e+00   4.8051648e+00
   1.3075507e+00   4.8244060e+00
   1.3070811e+00   5.7063151e+00
   1.3080918e+00   4.5922249e+00
   1.3073519e+00   5.4170540e+00
   1.3162870e+00   4.0325125e+00
   1.3076029e+00   4.5365911e+00
   1.3073955e+00   5.1167284e+00
   1.5847064e+00   3.8359056e+00
   1.3062135e+00   1.2232109e+01
   1.3068730e+00   5.5579636e+00
   4.1712700e+00   2.8341641e+00
   6.7536626e+00   2.9866331e+00
   4.2709009e+00   3.0535773e+00
   1.3075355e+00   5.2423475e+00
   2.9599366e+00   3.3908571e+00
   2.1314338e+00   3.5197298e+00
   3.1336793e+00   3.5143026e+00
   1.3129192e+00   4.5619634e+00
   1.3084989e+00   4.4537526e+00
   2.6431179e+00   3.2576144e+00
   1.3063016e+00   8.1368520e+00
   1.7327449e+00   3.6674718e+00
   1.3064163e+00   8.9838538e+00
   1.3078544e+00   4.4831254e+00
   1.3075339e+00   4.5450386e+00
   5.2339873e+00   2.9598163e+00
   4.1922985e+00   3.3135328e+00
   1.3177970e+00   4.0428829e+00
   1.3085978e+00   4.3116209e+00
   3.4277043e+00   3.8581651e+00
   1.3086572e+00   4.3224518e+00
   1.3063954e+00   7.6280055e+00
   1.3062414e+00   1.0260331e+01
   1.3067529e+00   6.6604083e+00
   2.5532085e+00   3.2839143e+00
   1.3068955e+00   5.8389753e+00
   1.3070847e+00   5.6029385e+00
   1.3075746e+00   4.8140142e+00
   1.2401224e+00   5.9100862e+00
   2.5564714e+00   2.7225624e+00
   1.2523598e+00   4.7994568e+00
   1.3394457e+00   3.0892587e+00
   3.2577618e+00   2.3578912e+00
   1.2490079e+00   5.2161104e+00
   1.2382550e+00   6.0403198e+00
   1.2294027e+00   9.0291747e+00
   1.2337772e+00   8.4524690e+00
   1.2625928e+00   4.1134327e+00
   1.2397850e+00   6.3205637e+00
   3.5911369e+00   2.5730580e+00
   1.2408820e+00   5.3788418e+00
   1.2354075e+00   6.3387577e+00
   6.4168898e+00   2.2402230e+00
   1.8932420e+00   2.8647562e+00
   3.1983409e+00   2.7166558e+00
   2.8574341e+00   2.4650576e+00
   1.2565593e+00   4.3041024e+00
   1.3696261e+00   3.0845325e+00
   1.2306107e+00   9.0942204e+00
   1.2626220e+00   3.9514135e+00
   1.2287215e+00   9.7667424e+00
   1.2407558e+00   5.7996633e+00
   6.9670617e+00   2.2721111e+00
   1.2517855e+00   4.7507579e+00
   4.3252547e+00   2.2332210e+00
   1.2402331e+00   6.5268893e+00
   1.3090969e+00   3.2592772e+00
   1.3082663e+00   3.9315838e+00
   1.2541230e+00   4.3423148e+00
   1.2297011e+00   8.7459058e+00
   1.3177281e+00   2.7068599e+00
   3.2762759e+00   2.4611471e+00
   1.2494350e+00   4.8561854e+00
   3.4685821e+00   2.7029658e+00
   1.2361879e+00   6.7780693e+00
   1.2530164e+00   4.4521319e+00
   1.3177828e+00   3.5370094e+00
   1.3376812e+00   3.1852945e+00
   5.5341853e+00   2.2958628e+00
   3.2378385e+00   2.5996877e+00
   1.2484673e+00   5.5514847e+00
   1.2479458e+00   5.6323465e+00
   1.3099920e+00   3.7240454e+00
   1.2517022e+00   4.0033633e+00
   1.2546693e+00   4.1451621e+00
   5.6215930e+00   2.3177112e+00
   1.2335832e+00   8.0844506e+00
   4.1030614e+00   2.4112551e+00
   1.2495028e+00   4.9927828e+00
   1.2468676e+00   5.0708772e+00
   2.4392245e+00   2.8620320e+00
   1.2516171e+00   4.5221989e+00
   1.2436408e+00   5.6945796e+00
   1.2483375e+00   4.8716291e+00
   1.2363885e+00   6.6016508e+00
   1.3148079e+00   3.5650829e+00
   1.2501798e+00   4.7616781e+00
   1.2412769e+00   5.6723098e+00
   1.2568248e+00   4.2339585e+00
   1.2507571e+00   4.7496402e+00
   1.2390477e+00   5.7734280e+00
   1.2314240e+00   6.7017087e+00
   1.2452762e+00   5.2920264e+00
   1.2557978e+00   4.5364614e+00
   1.2344680e+00   6.3604774e+00
   1.2362887e+00   6.7876241e+00
   1.2285769e+00   7.6315425e+00
   1.3082399e+00   3.5021293e+00
   1.2409690e+00   6.4642896e+00
   1.2353002e+00   8.2395626e+00
   1.2486525e+00   5.3985709e+00
   1.3078191e+00   4.0902350e+00
   1.2361500e+00   7.6269025e+00
   1.2467536e+00   5.0890168e+00
   1.2302450e+00   9.5812289e+00
   3.9596869e+00   2.3265717e+00
   1.2274762e+00   8.4276387e+00
   1.2525121e+00   4.6799325e+00
   1.2563595e+00   4.0966187e+00
   1.2330141e+00   6.6516120e+00
   1.2354262e+00   6.8398266e+00
   1.2493441e+00   4.8276240e+00
   1.2499831e+00   4.9244852e+00
   1.2543068e+00   4.5650930e+00
   1.3080433e+00   2.6241096e+00
   1.6889295e+00   2.9563883e+00
   1.2327061e+00   8.7975533e+00
   1.2490867e+00   5.4054310e+00
   1.2419263e+00   5.7701837e+00
   1.2505594e+00   4.8671532e+00
   1.3217592e+00   3.4495900e+00
   1.2378347e+00   6.5665681e+00
   1.3082254e+00   3.8863774e+00
   1.2380972e+00   6.1813921e+00
   1.2511413e+00   4.5340812e+00
   4.4325584e+00   2.4987744e+00
   1.2287574e+00   1.0222081e+01
   1.3294568e+00   3.3439430e+00
   5.4466404e+00   1.0327344e+00
   5.6598929e+00   1.0138593e+00
   1.1835269e+00   5.7709439e+00
   1.3532091e+00   1.3725651e+00
   1.1773554e+00   6.0836274e+00
   1.2187823e+00   4.0494477e+00
   1.6648240e+00   1.2275183e+00
   1.2133855e+00   4.2287902e+00
   1.1754315e+00   7.3747849e+00
   1.3859909e+00   1.4253853e+00
   1.3140000e+00   2.6624907e+00
   1.3193316e+00   2.2681402e+00
   3.6628802e+00   1.0498327e+00
   1.1768218e+00   6.4103895e+00
   1.2216232e+00   3.6308929e+00
   1.1894306e+00   4.9414278e+00
   1.3119375e+00   3.4706623e+00
   1.1939784e+00   4.4776280e+00
   1.3157196e+00   2.4934965e+00
   2.7937432e+00   1.0803008e+00
   1.3839385e+00   1.6101173e+00
   1.3147546e+00   2.6941239e+00
   1.1911475e+00   4.4989027e+00
   1.3206381e+00   2.5721277e+00
   4.7397491e+00   1.0332716e+00
   1.1904873e+00   4.5366709e+00
   1.3832699e+00   1.7001853e+00
   1.1768527e+00   5.6271338e+00
   1.1968484e+00   4.3996095e+00
   1.1837469e+00   5.4794817e+00
   2.2192183e+00   1.1729194e+00
   1.2163197e+00   4.1992564e+00
   1.3260017e+00   2.4024645e+00
   1.8095256e+00   1.2866944e+00
   2.1719200e+00   1.0624486e+00
   7.1387168e+00   9.0200432e-01
   1.1895385e+00   4.8658431e+00
   1.3461603e+00   1.6031969e+00
   1.8931766e+00   1.2726383e+00
   1.3088779e+00   2.9810907e+00
   1.1906536e+00   4.9118900e+00
   6.8134487e+00   9.1843771e-01
   6.5204713e+00   9.6238939e-01
   1.1869533e+00   5.1253418e+00
   1.1843907e+00   5.3157772e+00
   1.1749803e+00   7.4165977e+00
   1.3344575e+00   2.0223959e+00
   1.1736165e+00   1.0792380e+01
   1.1770439e+00   5.4426496e+00
   4.8285575e+00   1.0463467e+00
   1.2067745e+00   4.2908354e+00
   1.2111503e+00   4.0875899e+00
   2.0675794e+00   1.0453100e+00
   4.0131003e+00   1.0748779e+00
   1.2178750e+00   3.9831919e+00
   1.1756836e+00   1.0105762e+01
   1.1935982e+00   4.3524100e+00
   5.2165013e+00   9.5974769e-01
   1.1839586e+00   5.2995998e+00
   1.1800162e+00   5.7336969e+00
   2.3270114e+00   1.0553294e+00
   2.5918762e+00   1.0947619e+00
   5.7109363e+00   8.2507320e-01
   1.2012597e+00   4.3154261e+00
   1.5913409e+00   1.1169282e+00
   1.1875630e+00   5.2447328e+00
   1.2141425e+00   3.9327102e+00
   1.3173435e+00   1.7722768e+00
   1.3082399e+00   3.5021293e+00
   1.1761150e+00   6.8468844e+00
   1.1818623e+00   5.0860546e+00
   1.1904157e+00   4.8382626e+00
   7.1161961e+00   7.6278335e-01
   1.2240227e+00   3.9394440e+00
   1.1888006e+00   5.0404349e+00
   1.2013177e+00   4.2358403e+00
   1.2003579e+00   4.1283062e+00
   1.2511936e+00   3.6357885e+00
   1.3262933e+00   1.9688664e+00
   6.9666949e+00   8.5971616e-01
   1.1909597e+00   4.4962573e+00
   1.1772575e+00   6.8798182e+00
   1.3113579e+00   2.5829985e+00
   1.1885953e+00   4.9642628e+00
   1.1724421e+00   6.1353785e+00
   1.1941585e+00   4.5170654e+00
   1.3080433e+00   2.6241096e+00
   3.8425903e+00   8.9672018e-01
   1.2021132e+00   4.2207076e+00
   2.0214549e+00   1.1270598e+00
   1.1868330e+00   5.2838203e+00
   1.1766811e+00   6.4716303e+00
   1.1782271e+00   6.1903906e+00
   1.1886639e+00   4.9515193e+00
   1.3317647e+00   1.7861640e+00
   1.3173142e+00   2.6032255e+00
   1.1776474e+00   6.0375777e+00
   1.1767156e+00   7.7123102e+00
   1.3092468e+00   2.8383222e+00
   1.3657963e+00   1.3859498e+00
   1.2343261e+00   3.0321339e+00
   1.4114515e+00   7.4056578e-01
   1.3083946e+00   7.4287083e-01
   4.1517104e+00   7.4053419e-01
   1.1689067e+00   3.5610814e+00
   1.2137001e+00   3.0322289e+00
   1.1360348e+00   3.5840802e+00
   1.3075641e+00   1.7504945e+00
   1.2075499e+00   3.2637540e+00
   1.1356144e+00   3.5842628e+00
   1.2156065e+00   3.0322202e+00
   1.2448279e+00   3.0321071e+00
   1.3082125e+00   7.4942540e-01
   4.2548139e+00   7.4053104e-01
   1.1788912e+00   3.5553484e+00
   1.1692587e+00   3.5562006e+00
   1.3080404e+00   7.6796702e-01
   1.1700838e+00   3.5554859e+00
   1.3078352e+00   7.7740830e-01
   1.3094903e+00   7.4100268e-01
   2.6188006e+00   7.4056452e-01
   1.2251775e+00   3.0321801e+00
   1.1698832e+00   3.5556872e+00
   1.3075570e+00   2.4533477e+00
   1.1321309e+00   6.7994227e+00
   1.1688922e+00   3.5779911e+00
   1.1706584e+00   3.5554498e+00
   1.4557555e+00   7.4056871e-01
   1.2197577e+00   3.0321610e+00
   4.1117373e+00   7.4054363e-01
   1.3101997e+00   7.4066079e-01
   1.1721290e+00   3.5554878e+00
   1.6483716e+00   7.4056106e-01
   1.6627708e+00   7.4055863e-01
   1.4105964e+00   7.4058102e-01
   1.3140813e+00   7.4066948e-01
   1.1796401e+00   3.5553612e+00
   1.1321793e+00   3.6018709e+00
   1.1321356e+00   6.3198137e+00
   1.3368451e+00   7.4058934e-01
   1.2075809e+00   3.0470352e+00
   1.1689627e+00   3.5594526e+00
   1.2086361e+00   3.0323973e+00
   1.2076039e+00   3.0420147e+00
   1.1344793e+00   3.5843362e+00
   1.3076748e+00   8.4629137e-01
   1.3077074e+00   7.9304863e-01
   1.2076189e+00   3.0338150e+00
   1.1688866e+00   3.5675349e+00
   1.3089329e+00   7.4168388e-01
   2.6240309e+00   7.4055302e-01
   1.3077028e+00   7.7956490e-01
   1.1360522e+00   3.5843118e+00
   1.1321268e+00   7.3894097e+00
   1.2076508e+00   3.0330803e+00
   1.3090965e+00   7.4196589e-01
   1.1703119e+00   3.5555344e+00
   1.1323172e+00   3.5881871e+00
   1.2339763e+00   3.0321426e+00
   1.1326552e+00   3.5855036e+00
   1.3076292e+00   7.9016098e-01
   1.2168151e+00   3.0321812e+00
   1.2075479e+00   3.1785657e+00
   1.1324087e+00   3.5859812e+00
   1.1692689e+00   3.5560622e+00
   1.1321351e+00   3.7043943e+00
   1.3091461e+00   7.4152953e-01
   1.1689981e+00   3.5563793e+00
   1.1322285e+00   3.5986087e+00
   1.3268395e+00   7.4061530e-01
   1.2075683e+00   3.0398707e+00
   1.1324224e+00   3.5860914e+00
   1.3077143e+00   7.5629863e-01
   3.4117532e+00   7.4052107e-01
   1.1321495e+00   4.6399057e+00
   1.1768256e+00   3.5554264e+00
   1.3084423e+00   7.4309586e-01
   1.3219815e+00   7.4064332e-01
   1.1322687e+00   3.5955407e+00
   1.1325397e+00   3.5855488e+00
   1.1325417e+00   3.5844126e+00
   2.8299653e+00   7.4055343e-01
   1.2116654e+00   3.0322206e+00
   1.3380041e+00   7.4059301e-01
   1.1694368e+00   3.5556993e+00
   1.2092665e+00   3.0323444e+00
   1.1321937e+00   3.6203336e+00
   1.2525347e+00   3.0321140e+00
   1.2095596e+00   3.0322537e+00
   1.1689628e+00   3.5583384e+00
   1.1323430e+00   3.5864894e+00
   1.3076346e+00   1.0285551e+00
   1.1692696e+00   3.5557530e+00
   1.2077435e+00   3.0324755e+00
   1.3076474e+00   7.8155207e-01
   1.1755936e+00   3.5554708e+00
   1.1689696e+00   3.5581678e+00
   1.3076040e+00   2.4499319e+00
   1.3391212e+00   7.4058809e-01
   3.5148922e+00   7.4055236e-01
   1.3066361e+00   8.5511935e-01
   1.1358332e+00   3.3363533e+00
   1.3071349e+00   7.4694938e-01
   1.1299591e+00   5.6982669e+00
   1.2062544e+00   3.0349040e+00
   1.1308502e+00   3.3396216e+00
   1.2059120e+00   3.0373311e+00
   1.3060710e+00   1.3310737e+00
   1.3067131e+00   8.2754274e-01
   1.3064804e+00   9.4192479e-01
   1.3066958e+00   8.5252864e-01
   1.2073626e+00   3.0325570e+00
   1.2081510e+00   3.0319664e+00
   1.1304505e+00   3.4203923e+00
   1.2083619e+00   3.0318412e+00
   1.1325622e+00   3.3371984e+00
   1.1307679e+00   3.3674144e+00
   1.2072383e+00   3.0326834e+00
   1.2078952e+00   3.0320729e+00
   1.2107983e+00   3.0310042e+00
   1.2075386e+00   3.0323468e+00
   1.2078002e+00   3.0322031e+00
   1.3077809e+00   7.4084488e-01
   1.3095715e+00   7.4062825e-01
   1.1305881e+00   3.3712914e+00
   1.3073704e+00   7.4361865e-01
   1.1307966e+00   3.3664536e+00
   1.3068204e+00   7.7990245e-01
   1.1304433e+00   4.1779731e+00
   1.2069321e+00   3.0329751e+00
   1.2081605e+00   3.0319427e+00
   1.1313993e+00   3.3384357e+00
   1.3070284e+00   7.5429903e-01
   1.2075721e+00   3.0323359e+00
   1.1344859e+00   3.3368185e+00
   1.2074397e+00   3.0325216e+00
   1.3073489e+00   7.4538961e-01
   1.1328303e+00   3.3371223e+00
   1.2072124e+00   3.0327026e+00
   1.2089375e+00   3.0315674e+00
   1.2068507e+00   3.0332001e+00
   1.1329961e+00   3.3369183e+00
   1.2071780e+00   3.0328836e+00
   1.2087755e+00   3.0316844e+00
   1.2063892e+00   3.0339303e+00
   1.2078488e+00   3.0321618e+00
   2.5236194e+00   7.4047770e-01
   1.3064714e+00   1.3170010e+00
   1.3073523e+00   7.4445169e-01
   1.1316999e+00   3.3380440e+00
   1.1313396e+00   3.3387513e+00
   1.3076797e+00   7.4094975e-01
   1.2078669e+00   3.0321587e+00
   1.3071900e+00   7.4670274e-01
   1.1313777e+00   3.3384882e+00
   1.1310399e+00   3.3390015e+00
   1.2084013e+00   3.0318031e+00
   1.3067749e+00   7.9498649e-01
   1.3109589e+00   7.4049455e-01
   1.2067809e+00   3.0332537e+00
   1.2078923e+00   3.0321122e+00
   1.3075674e+00   7.4104800e-01
   1.3064534e+00   1.3248736e+00
   6.0565012e+00   7.4045123e-01
   1.3069136e+00   7.5782416e-01
   1.1330605e+00   3.3369056e+00
   1.3070595e+00   7.4887509e-01
   1.2080285e+00   3.0320565e+00
   1.3080396e+00   7.4072041e-01
   1.2071786e+00   3.0327817e+00
   1.2077417e+00   3.0322230e+00
   1.2076854e+00   3.0322393e+00
   1.2068235e+00   3.0332137e+00
   1.2081666e+00   3.0319024e+00
   1.3074066e+00   7.4185440e-01
   1.2077324e+00   3.0322344e+00
   1.3073673e+00   7.4417061e-01
   1.2090428e+00   3.0314440e+00
   1.3080049e+00   7.4078585e-01
   1.2074420e+00   3.0324860e+00
   1.2087191e+00   3.0316923e+00
   5.1988501e+00   7.4047714e-01
   1.2067643e+00   3.0332558e+00
   1.2102300e+00   3.0313145e+00
   1.2084009e+00   3.0318231e+00
   1.2065771e+00   3.0336002e+00
   1.2070987e+00   3.0329445e+00
   1.2088113e+00   3.0315675e+00
   1.2080735e+00   3.0319961e+00
   1.4100999e+00   7.4048979e-01
   1.2084522e+00   3.0317684e+00
   1.1301654e+00   4.2633363e+00
   1.1316348e+00   3.3380846e+00
   1.2065341e+00   3.0338858e+00
   1.2067112e+00   3.0333631e+00
   1.2066370e+00   3.0334456e+00
   1.2075155e+00   3.0323855e+00
   1.1315860e+00   3.3384113e+00
   1.2092615e+00   3.0313507e+00
   1.1354362e+00   3.3363778e+00
   1.0411759e+00   6.2274859e+00
   1.0465665e+00   3.5867622e+00
   1.0319024e+00   7.8568826e+00
   2.7409777e+00   7.3886494e-01
   1.1844348e+00   7.3957147e-01
   1.0571794e+00   9.1039057e-01
   1.2501435e+01   7.3506776e-01
   1.0608032e+00   7.4285403e-01
   1.0601667e+00   7.4321903e-01
   1.0610813e+00   7.4194299e-01
   1.0655885e+00   7.4032124e-01
   1.0586271e+00   8.0291327e-01
   1.0394110e+00   6.3887776e+00
   1.0571130e+00   9.7995420e-01
   1.0598062e+00   7.4957440e-01
   1.2416162e+00   7.3946113e-01
   8.8783808e+00   7.3780025e-01
   1.0771712e+00   7.3983151e-01
   1.1364825e+00   7.3951792e-01
   1.0451810e+00   4.8568572e+00
   3.1231858e+00   7.3845419e-01
   1.0609158e+00   7.4311364e-01
   2.8858682e+00   7.3853965e-01
   1.0535754e+00   2.0404464e+00
   1.0534039e+00   2.1114240e+00
   1.0597631e+00   7.4563308e-01
   1.0537345e+00   2.1986761e+00
   2.8595598e+00   7.3854679e-01
   1.0575683e+00   8.3072395e-01
   1.0471974e+00   3.4853147e+00
   6.5707587e+00   7.3837702e-01
   1.0424557e+00   5.5444600e+00
   1.2783112e+01   7.3653609e-01
   1.0601626e+00   7.4420238e-01
   1.0569998e+00   1.0179370e+00
   1.0640244e+00   7.4040260e-01
   1.0639610e+00   7.4042637e-01
   1.1021375e+00   7.3976083e-01
   1.0539396e+00   1.6644740e+00
   1.0467553e+00   4.0775993e+00
   2.1623848e+00   7.3907757e-01
   1.0623784e+00   7.4079023e-01
   2.1837953e+00   7.3914553e-01
   1.0447617e+00   4.9583267e+00
   1.0456742e+00   4.4770659e+00
   1.3238434e+00   7.3945465e-01
   1.0612748e+00   7.4126540e-01
   1.0558425e+00   1.3532431e+00
   1.1728447e+01   7.3760532e-01
   1.0647077e+00   7.4039138e-01
   1.0536242e+00   1.9801710e+00
   1.0288303e+00   8.4627619e+00
   1.0325343e+00   8.0668725e+00
   1.0298037e+00   9.9735765e+00
   1.0708897e+00   7.3986628e-01
   1.0623040e+00   7.4097218e-01
   1.0307730e+00   9.5381650e+00
   1.0456018e+00   4.2552041e+00
   2.8661416e+00   7.3867247e-01
   1.0626573e+00   7.4068111e-01
   1.0562579e+00   1.0784380e+00
   1.0530812e+00   2.2767051e+00
   1.0618712e+00   7.4113797e-01
   1.0571447e+00   8.7450513e-01
   1.0531014e+00   3.0375803e+00
   1.0606890e+00   7.4289439e-01
   1.0551136e+00   1.4072458e+00
   1.0703956e+00   7.4015009e-01
   1.0541950e+00   2.0153006e+00
   2.0418394e+00   7.3921819e-01
   1.0692922e+00   7.4014784e-01
   1.0439658e+00   5.5217530e+00
   1.0646848e+00   7.4046855e-01
   1.0458652e+00   4.0472973e+00
   1.0473037e+00   3.8634951e+00
   1.1086199e+00   7.3965390e-01
   4.8466432e+00   7.3866172e-01
   1.0450397e+00   5.1309192e+00
   1.0844992e+00   7.3979795e-01
   1.0573660e+00   8.6898649e-01
   1.0531501e+00   2.8477186e+00
   1.0627022e+00   7.4063958e-01
   1.0428507e+00   5.6942483e+00
   1.0637625e+00   7.4052740e-01
   1.0490156e+00   3.6697741e+00
   1.1079928e+00   7.3973945e-01
   8.5553544e+00   7.3806783e-01
   1.0952169e+00   7.3980198e-01
   1.0574781e+00   8.0228960e-01
   1.0524326e+00   2.9496456e+00
   1.0364680e+00   6.0339304e+00
   1.0535896e+00   2.2254115e+00
   8.5961527e+00   7.3827376e-01
   1.0473667e+00   3.2668186e+00
   1.0294742e+00   1.0347421e+01
   1.0060361e+01   7.3784694e-01
   1.0557732e+00   1.0487166e+00
   1.0461051e+00   4.0138708e+00
   1.3538123e+01   7.3604434e-01
   1.0370896e+00   7.2170059e+00
   1.0213179e+00   5.2362491e+00
   9.0856829e+00   7.2456066e-01
   1.0197395e+00   6.9634886e+00
   8.7601693e+00   7.2627707e-01
   1.0569759e+00   7.5769424e-01
   1.1808877e+00   7.3732484e-01
   1.0626371e+00   7.4033246e-01
   7.9827009e+00   7.3193129e-01
   1.0601667e+00   7.4321903e-01
   1.0610813e+00   7.4194299e-01
   1.0429956e+00   1.7420986e+00
   8.3549448e+00   7.3110273e-01
   3.4845518e+00   7.3510505e-01
   1.0579184e+00   7.4873123e-01
   1.0272535e+00   3.5304655e+00
   1.0067120e+00   1.0551704e+01
   5.5027727e+00   7.3389062e-01
   2.6381953e+00   7.3565939e-01
   1.0057696e+01   7.2127862e-01
   1.0539842e+00   7.6019808e-01
   2.4996412e+00   7.3553720e-01
   1.0305664e+00   2.8916883e+00
   1.0093140e+00   7.5452811e+00
   1.0649366e+00   7.3988432e-01
   1.0057418e+00   1.0417486e+01
   1.0511135e+00   8.9187586e-01
   1.0277128e+01   7.1912775e-01
   1.0405431e+00   1.7531634e+00
   1.0631744e+00   7.4010566e-01
   6.9679489e+00   7.3254659e-01
   4.6590737e+00   7.3453835e-01
   9.3000654e+00   7.2115676e-01
   8.7241242e+00   7.2906434e-01
   1.0313588e+00   3.1993920e+00
   1.0243818e+00   3.9913958e+00
   4.5048137e+00   7.3467247e-01
   1.0826155e+01   7.1952380e-01
   1.0154853e+00   6.9645981e+00
   6.2941401e+00   7.3297924e-01
   1.0217819e+00   6.2536218e+00
   1.0457416e+00   1.7546469e+00
   1.5087712e+00   7.3741990e-01
   7.6851561e+00   7.3251748e-01
   1.0392544e+00   1.8106458e+00
   3.5598290e+00   7.3493589e-01
   1.1168103e+01   7.1859628e-01
   8.8173149e+00   7.2932438e-01
   1.0270313e+00   3.4947772e+00
   1.1275269e+00   7.3915818e-01
   1.2176685e+00   7.3814131e-01
   1.0310498e+00   2.8705883e+00
   1.0223763e+00   5.1689556e+00
   1.0622927e+00   7.4070718e-01
   1.0708897e+00   7.3986628e-01
   1.0231762e+00   4.0966987e+00
   1.0529185e+00   7.6043135e-01
   9.5911765e+00   7.2226209e-01
   1.0600022e+00   7.4217278e-01
   1.0371411e+00   2.8672686e+00
   4.0939928e+00   7.3477300e-01
   4.2532141e+00   7.3456806e-01
   1.0105546e+00   7.6049336e+00
   1.0252151e+01   7.1923062e-01
   9.7660466e+00   7.1995339e-01
   1.0376765e+00   2.0097022e+00
   1.0291169e+00   3.3724682e+00
   1.0609885e+00   7.4200276e-01
   1.0728036e+00   7.3917488e-01
   1.0218488e+00   5.0189146e+00
   1.0614486e+00   7.4115468e-01
   2.8752953e+00   7.3519767e-01
   2.4024331e+00   7.3661897e-01
   1.0318933e+00   3.0337274e+00
   1.0596219e+00   7.4397324e-01
   1.0190889e+00   6.6574640e+00
   1.0761458e+00   7.3928942e-01
   1.0538832e+00   7.5874750e-01
   1.0237685e+00   4.1858703e+00
   1.0091461e+00   8.6861470e+00
   1.0496441e+00   1.0475281e+00
   1.0602843e+00   7.4215497e-01
   1.0611673e+00   7.4121628e-01
   6.1423414e+00   7.3289520e-01
   9.2149711e+00   7.2345038e-01
   1.0225962e+00   4.6683286e+00
   1.0616316e+00   7.4095807e-01
   1.0527386e+00   7.6978920e-01
   1.0399617e+00   1.8421830e+00
   1.0531549e+00   7.6806394e-01
   1.1413715e+00   7.3878890e-01
   1.0225908e+00   4.3472723e+00
   1.0332116e+00   2.9638165e+00
   1.0305329e+00   3.1873016e+00
   4.1923258e+00   7.3478915e-01
   1.0252069e+00   4.0272490e+00
   1.0074621e+00   9.7409325e+00
   1.0342796e+00   2.8790879e+00
   9.0597945e+00   7.2689205e-01
   1.0477922e+00   8.3414207e-01
   1.0129864e+00   7.5264215e+00
   1.0454806e+00   1.1783052e+00
   9.9695770e-01   6.8496981e+00
   2.9961134e+00   7.3353974e-01
   1.0174402e+00   3.3900572e+00
   1.0147597e+00   4.9871552e+00
   1.1808877e+00   7.3732484e-01
   1.0626371e+00   7.4033246e-01
   1.0463036e+00   7.9011079e-01
   1.2047945e+00   7.3528367e-01
   1.0610813e+00   7.4194299e-01
   9.9896285e-01   6.5287729e+00
   1.0450056e+00   1.1412023e+00
   1.4481465e+00   7.3544400e-01
   1.0579184e+00   7.4873123e-01
   1.0272851e+00   2.6977287e+00
   1.0390582e+00   1.3980608e+00
   1.0711969e+00   7.3827844e-01
   7.8363311e+00   7.1795780e-01
   9.9359925e-01   8.4488667e+00
   9.4255783e+00   7.1212160e-01
   3.8704519e+00   7.3169811e-01
   1.0407560e+00   1.3387618e+00
   1.0120914e+00   5.5017234e+00
   1.0509841e+00   7.9039682e-01
   1.0649366e+00   7.3988432e-01
   1.0601275e+00   7.4289628e-01
   1.3295624e+00   7.3465074e-01
   1.0208185e+00   3.0558295e+00
   6.4244467e+00   7.3033863e-01
   1.0631744e+00   7.4010566e-01
   1.3860064e+00   7.3570256e-01
   9.9915853e-01   6.4336115e+00
   1.0201196e+00   3.1722549e+00
   1.0377910e+00   1.2725746e+00
   1.0537709e+00   7.4993790e-01
   1.0243432e+00   3.0528482e+00
   1.2626299e+00   7.3679656e-01
   1.0288445e+00   1.6746295e+00
   1.0661340e+00   7.3921404e-01
   8.1171654e+00   7.1333231e-01
   1.0616747e+00   7.4092355e-01
   2.8728025e+00   7.3186279e-01
   1.0053155e+00   5.6257603e+00
   9.9893265e-01   6.4803900e+00
   2.4431770e+00   7.3467213e-01
   1.0163669e+00   3.3231970e+00
   1.0289539e+00   1.4924380e+00
   1.0228892e+00   3.1173652e+00
   1.0000051e+00   6.1947938e+00
   2.0892123e+00   7.3478362e-01
   8.6259996e+00   7.1241669e-01
   3.1307088e+00   7.3113962e-01
   9.9431290e-01   6.8228996e+00
   1.0622927e+00   7.4070718e-01
   7.3484764e+00   7.1908440e-01
   1.0455482e+00   8.3882470e-01
   1.0529185e+00   7.6043135e-01
   1.0287822e+00   2.1780959e+00
   1.0600022e+00   7.4217278e-01
   1.0206011e+00   3.3726196e+00
   1.0714698e+00   7.3862708e-01
   3.2770269e+00   7.3331040e-01
   8.0265486e+00   7.1244672e-01
   7.2021798e+00   7.2320804e-01
   3.9887797e+00   7.3135550e-01
   7.8505314e+00   7.1530621e-01
   1.0203875e+00   3.0762008e+00
   1.0609885e+00   7.4200276e-01
   1.0283532e+00   1.4202811e+00
   9.7962231e+00   7.1170802e-01
   1.0614486e+00   7.4115468e-01
   1.0250125e+00   2.8799660e+00
   5.9020909e+00   7.2955591e-01
   1.0055659e+00   5.6904988e+00
   1.0596219e+00   7.4397324e-01
   1.0040336e+00   6.2055153e+00
   5.7700640e+00   7.3067001e-01
   1.1209738e+00   7.3799584e-01
   1.0157437e+00   4.1816698e+00
   4.5165724e+00   7.3027115e-01
   1.0282712e+00   2.5419409e+00
   1.0602843e+00   7.4215497e-01
   1.0611673e+00   7.4121628e-01
   1.0526060e+00   7.7454860e-01
   1.0462210e+00   9.0789436e-01
   1.0529092e+00   7.5795791e-01
   1.0616316e+00   7.4095807e-01
   1.0527386e+00   7.6978920e-01
   2.6027497e+00   7.3283813e-01
   7.1830994e+00   7.2000709e-01
   7.1031990e+00   7.2201788e-01
   1.0161949e+00   3.5375996e+00
   7.4573936e+00   7.2029387e-01
   8.8914099e+00   7.1160369e-01
   1.0152933e+00   4.1094737e+00
   1.0272445e+00   1.7365022e+00
   9.9464635e-01   7.5045313e+00
   1.0173033e+00   3.8557573e+00
   1.0477922e+00   8.3414207e-01
   1.8471795e+00   7.3503669e-01
   1.0596258e+00   7.4315117e-01
   1.0611475e+00   7.4138264e-01
   1.0724056e+00   7.3629708e-01
   1.0592696e+00   7.4487300e-01
   1.0144111e+00   1.4080841e+00
   1.6525450e+00   7.2813274e-01
   1.0626371e+00   7.4033246e-01
   1.0531388e+00   7.4803439e-01
   5.6616642e+00   7.2060375e-01
   1.0241024e+00   1.0292863e+00
   1.0592562e+00   7.4613583e-01
   1.5981108e+00   7.2825854e-01
   1.0606972e+00   7.4177868e-01
   6.3954713e+00   7.1733825e-01
   1.0146770e+00   1.5080171e+00
   6.4549724e+00   7.1308257e-01
   1.0711969e+00   7.3827844e-01
   1.0661354e+00   7.3868019e-01
   1.0227183e+00   1.0699730e+00
   7.0884146e+00   7.0929785e-01
   1.3560053e+00   7.3058120e-01
   7.5210594e+00   7.0908447e-01
   1.0528313e+00   7.5677009e-01
   1.0528551e+00   7.5064296e-01
   1.0649366e+00   7.3988432e-01
   1.0655906e+00   7.3965601e-01
   1.0226427e+00   1.1222267e+00
   1.2348033e+00   7.3155204e-01
   9.8295294e-01   6.0375826e+00
   9.9182705e-01   4.8663911e+00
   9.8336815e-01   5.6636224e+00
   1.1473724e+00   7.3282871e-01
   1.0527552e+00   7.5743040e-01
   3.3540560e+00   7.2324432e-01
   1.0593971e+00   7.4349835e-01
   1.0526889e+00   7.5818006e-01
   1.0610202e+00   7.4140004e-01
   1.0441174e+00   7.6945890e-01
   9.8762763e-01   5.7316101e+00
   9.8516051e-01   5.9480277e+00
   1.0616747e+00   7.4092355e-01
   1.0650787e+00   7.3918584e-01
   9.9773611e-01   4.7191770e+00
   2.5647961e+00   7.2602657e-01
   9.8307345e-01   6.0196017e+00
   6.4548673e+00   7.1246174e-01
   1.0853387e+00   7.3360143e-01
   9.9069290e-01   4.8392377e+00
   7.4784746e+00   7.0935691e-01
   1.0222090e+00   1.1320380e+00
   1.0701171e+00   7.3833231e-01
   1.0428876e+00   7.7095311e-01
   1.0694091e+00   7.3849173e-01
   9.8100686e-01   6.4170728e+00
   1.0897504e+00   7.3350597e-01
   9.8667199e-01   5.3129041e+00
   1.1882897e+00   7.3184576e-01
   1.0618754e+00   7.4653907e-01
   1.0600022e+00   7.4217278e-01
   1.0629944e+00   7.3989221e-01
   1.0443679e+00   7.5938022e-01
   9.8285971e-01   6.2399216e+00
   9.9138403e-01   4.8011039e+00
   1.0629617e+00   7.4026015e-01
   6.4074223e+00   7.1673497e-01
   1.0237456e+00   1.0278250e+00
   1.0221480e+00   1.1999209e+00
   5.8617760e+00   7.1845844e-01
   2.3025972e+00   7.2732638e-01
   1.0593697e+00   7.4419306e-01
   1.0614486e+00   7.4115468e-01
   9.8169002e-01   6.2552463e+00
   1.1122834e+00   7.3358940e-01
   1.0617448e+00   7.4048682e-01
   9.9785914e-01   4.6749760e+00
   1.0237424e+00   1.0370894e+00
   6.5715682e+00   7.1050229e-01
   9.8138018e-01   7.1844434e+00
   1.0565772e+00   7.4703204e-01
   3.9145998e+00   7.2503101e-01
   1.0736206e+00   7.3620265e-01
   1.0602843e+00   7.4215497e-01
   1.0611673e+00   7.4121628e-01
   1.0685684e+00   7.3866953e-01
   9.1563390e+00   7.0876566e-01
   1.0616316e+00   7.4095807e-01
   6.5555567e+00   7.0945750e-01
   1.0486159e+00   7.5926656e-01
   1.0006504e+00   4.6054251e+00
   9.9155185e-01   4.7205462e+00
   1.0004573e+00   4.6199407e+00
   1.0595185e+00   7.4318985e-01
   6.5439824e+00   7.1214864e-01
   1.0655499e+00   7.3880226e-01
   1.0444682e+00   7.6012814e-01
   1.0686050e+00   7.3850701e-01
   1.0135602e+00   3.5525390e+00
   1.6971153e+00   7.2814606e-01
   1.0616128e+00   7.4101885e-01
   1.0229663e+00   1.0409522e+00
