   4.6529138e+01   3.2899806e+01
   3.2676854e+01   2.0930185e+01
   2.5611468e+01   2.3935513e+01
   1.7354416e+01   1.8873673e+01
   3.0086043e+01   1.3521282e+01
   4.2442534e+01   2.6375041e+01
   2.8122834e+01   1.4466847e+01
   3.8940295e+01   2.2414249e+01
   2.2759881e+01   2.4244544e+01
   2.0907870e+01   1.7966611e+01
   1.9083931e+01   1.8098110e+01
   1.6652336e+01   2.4270670e+01
   1.9207910e+01   1.5966223e+01
   1.8715444e+01   1.8668594e+01
   2.0800518e+01   9.4659995e+00
   3.3916731e+01   2.7872245e+01
   2.1623269e+01   2.9302279e+01
   1.5572193e+01   1.6797003e+01
   3.2060057e+01   2.5728368e+01
   2.3645043e+01   1.0358490e+01
   1.9364154e+01   1.3762250e+01
   1.9230285e+01   2.2010799e+01
   1.7707886e+01   2.0143789e+01
   1.6946703e+01   1.9057867e+01
   1.9199696e+01   1.0238487e+01
   1.8680624e+01   1.8787123e+01
   1.0620487e+01   1.3410605e+01
   3.7950705e+01   2.0309798e+01
   1.8753610e+01   2.2971435e+01
   1.7062285e+01   1.6849751e+01
   4.6873788e+01   3.0642132e+01
   2.7526735e+01   2.6146478e+01
   2.2141394e+01   2.7855801e+01
   1.9024182e+01   1.7193871e+01
   1.4497563e+01   1.3102233e+01
   2.2149463e+01   1.8087925e+01
   3.1805932e+01   2.3419602e+01
   2.6868889e+01   1.8795541e+01
   2.1643389e+01   2.5310853e+01
   2.4955605e+01   2.0155818e+01
   1.6965558e+01   1.1888066e+01
   1.4889429e+01   2.2262621e+01
   1.2016414e+01   1.4180644e+01
   3.9820001e+01   3.6951095e+01
   2.4784843e+01   1.8427072e+01
   1.8264281e+01   1.9566335e+01
   1.7267754e+01   1.6150442e+01
   2.6963065e+01   2.4252895e+01
   1.7880999e+01   1.6398598e+01
   1.7442487e+01   1.7530916e+01
   2.1126155e+01   1.7276940e+01
   1.5538396e+01   1.9303927e+01
   2.4756426e+01   1.5559772e+01
   4.2873913e+01   2.8309511e+01
   2.9024265e+01   2.5964345e+01
   2.1531766e+01   2.3902199e+01
   2.4071112e+01   1.4447564e+01
   2.1898020e+01   1.2008451e+01
   2.0172435e+01   2.3558104e+01
   3.3626129e+01   3.0775490e+01
   2.3571586e+01   1.5174971e+01
   2.6102724e+01   3.7763687e+01
   2.3866503e+01   2.0822847e+01
   1.8818191e+01   1.6469261e+01
   2.2737969e+01   1.9123910e+01
   1.8578327e+01   2.1363114e+01
   2.8700567e+01   3.1472960e+01
   2.4463578e+01   2.2929867e+01
   2.0798588e+01   1.2611813e+01
   2.6861399e+01   3.0921775e+01
   1.5797340e+01   9.1900970e+00
   1.5306227e+01   1.9693578e+01
   2.5870401e+01   2.8547579e+01
   1.9547634e+01   1.5600759e+01
   1.4937326e+01   1.7092615e+01
   1.9252338e+01   1.2272517e+01
   1.7493222e+01   1.4226546e+01
   1.2344657e+01   1.3638279e+01
   2.4481228e+01   2.1267963e+01
   2.1824795e+01   1.9717840e+01
   1.8869003e+01   1.3909911e+01
   2.5879458e+01   2.1651850e+01
   2.2695159e+01   1.7764973e+01
   2.3441095e+01   2.0848665e+01
   3.8177963e+01   3.2161800e+01
   1.4997157e+01   1.3573054e+01
   1.6549267e+01   2.0308065e+01
   2.0695330e+01   2.6915340e+01
   2.0151558e+01   1.6107482e+01
   1.6584416e+01   1.4847351e+01
   1.6867919e+01   1.8086118e+01
   1.5813161e+01   2.0693091e+01
   2.2227339e+01   2.1707493e+01
   1.6932693e+01   2.1870655e+01
   1.6538775e+01   2.0498064e+01
   2.8998906e+01   2.9417464e+01
   1.5428064e+01   1.3789820e+01
   1.2373616e+01   1.4377005e+01
   2.2530617e+01   1.7583867e+01
   2.3068041e+01   2.2432191e+01
   9.8238485e+00   1.7565780e+00
   1.1587434e+01   1.5760473e+00
   6.1962309e+00   2.3496840e+00
   3.4309704e+00   5.5251486e+00
   4.6210118e+00   3.2389681e+00
   4.3803557e+00   3.3436581e+00
   5.2503051e+00   2.9203846e+00
   7.5134715e+00   1.7689042e+00
   3.3117506e+00   4.5223014e+00
   1.2372554e+01   1.4675980e+00
   4.6423084e+00   3.0818308e+00
   5.8095572e+00   2.6359939e+00
   8.6396748e+00   1.5733430e+00
   3.4506335e+00   4.8918876e+00
   8.1263709e+00   1.6923634e+00
   3.0564201e+00   5.6664450e+00
   5.4245499e+00   3.0612433e+00
   3.4154586e+00   5.5927939e+00
   1.0766910e+01   1.0854672e+00
   1.0864773e+01   1.6714348e+00
   4.2519643e+00   3.7241166e+00
   5.2335984e+00   3.1013889e+00
   5.0478856e+00   2.4865195e+00
   2.2538199e+00   6.0855782e+00
   3.2838285e+00   5.1275913e+00
   1.6176502e+01   1.4414366e+00
   5.4850687e+00   3.0374367e+00
   3.4208969e+00   5.5551948e+00
   7.1949747e+00   1.7339269e+00
   4.1848542e+00   3.3767948e+00
   3.0615533e+00   5.9183065e+00
   7.8735592e+00   1.6629518e+00
   3.4634450e+00   5.1100718e+00
   5.9038988e+00   2.4470315e+00
   4.8255706e+00   3.3216872e+00
   2.5807964e+00   6.7310314e+00
   4.5570130e+00   3.3793191e+00
   8.3712804e+00   1.9351917e+00
   6.2566450e+00   2.2912421e+00
   2.1794787e+00   7.3737751e+00
   3.2630715e+00   5.9149259e+00
   5.0759548e+00   2.4295668e+00
   3.7229593e+00   4.2583822e+00
   1.3522346e+01   1.5263895e+00
   7.0262519e+00   1.9341800e+00
   5.4991090e+00   2.7622159e+00
   3.1879488e+00   6.2213765e+00
   7.4779720e+00   2.2285424e+00
   6.2900111e+00   2.4127379e+00
   4.9885448e+00   3.3079367e+00
   2.7835352e+00   5.0385579e+00
   7.2461085e+00   2.1075885e+00
   1.1738445e+01   1.3007499e+00
   2.5966934e+00   7.0171485e+00
   5.3811817e+00   2.7248070e+00
   8.1093731e+00   1.9877403e+00
   5.2432265e+00   3.1147284e+00
   7.4684200e+00   2.0020061e+00
   6.2940963e+00   2.4219817e+00
   3.0542142e+00   6.7259942e+00
   3.6322139e+00   4.7014604e+00
   4.6541495e+00   3.2903296e+00
   5.5361501e+00   2.7723739e+00
   6.9874193e+00   2.2614234e+00
   1.1715078e+01   1.6987267e+00
   7.4110962e+00   2.0614192e+00
   6.4293584e+00   2.0078379e+00
   4.9710416e+00   3.1507274e+00
   6.9580083e+00   2.2888576e+00
   4.9687881e+00   3.2338960e+00
   7.2239304e+00   1.7412086e+00
   5.3363618e+00   2.9166413e+00
   5.4295418e+00   2.4634331e+00
   7.7184730e+00   2.0626266e+00
   2.4692207e+00   1.0945948e+01
   8.4809666e+00   1.7242268e+00
   3.6635765e+00   4.1945336e+00
   1.1512468e+01   1.4969033e+00
   5.9286688e+00   2.4999091e+00
   3.3624131e+00   4.7110799e+00
   5.2373520e+00   3.1076718e+00
   6.2132251e+00   2.5991464e+00
   3.8896192e+00   3.5591891e+00
   3.7592305e+00   3.5771244e+00
   2.6448532e+00   7.0358169e+00
   3.8942212e+00   3.9940272e+00
   3.7819875e+00   3.4017877e+00
   9.4328103e+00   1.7875313e+00
   9.4287558e+00   1.4828411e+00
   4.5370990e+00   3.3345840e+00
   3.6860565e+00   4.2195060e+00
   3.5602373e+00   4.7761093e+00
   6.3496194e+00   2.2262756e+00
   3.6553501e+00   3.2970510e+00
   4.6523148e+00   3.4250200e+00
   6.4870222e+00   2.3112425e+00
   7.2183829e+00   2.1140439e+00
   6.7913412e+00   2.4007898e+00
   3.4463900e+00   5.1500015e+00
   6.7533470e+00   2.3480207e+00
   3.9843660e+00   2.7746766e-01
   9.0251278e+00   2.2319881e-01
   7.6835877e+00   2.2386277e-01
   5.1798661e+00   2.5821900e-01
   3.9648778e+00   3.1273098e-01
   1.8537537e+00   5.4297930e+00
   8.4314315e+00   2.2442491e-01
   1.8524941e+00   4.7732161e+00
   9.3486777e+00   2.0860631e-01
   2.0284516e+00   4.8159056e+00
   6.1601222e+00   2.4858362e-01
   2.3381962e+00   2.2879545e+00
   1.8161181e+00   6.6007572e+00
   4.0387539e+00   2.7422923e-01
   2.1877350e+00   1.9900807e+00
   8.6923671e+00   2.2185105e-01
   4.2799894e+00   2.6842602e-01
   3.2988385e+00   3.9861350e-01
   8.5052735e+00   2.2806809e-01
   1.1540522e+01   1.9797161e-01
   3.9134038e+00   3.3072863e-01
   1.2662993e+01   2.1047060e-01
   7.5948757e+00   2.3530369e-01
   5.2035938e+00   2.5446975e-01
   2.7191027e+00   3.4727829e-01
   1.1069463e+01   2.0307863e-01
   2.8132627e+00   1.6029675e+00
   3.9666574e+00   2.8418502e-01
   2.4855990e+00   1.9174132e+00
   4.1906744e+00   2.6972902e-01
   1.0271593e+01   2.1056837e-01
   1.5181396e+00   9.6979189e+00
   3.8954518e+00   3.0102618e-01
   3.7199171e+00   3.7413170e-01
   1.9594679e+00   2.9344694e+00
   9.1084093e+00   2.2062099e-01
   2.9955435e+00   8.6085952e-01
   3.4876351e+00   3.2033375e-01
   6.2258832e+00   2.4627536e-01
   1.3465983e+00   9.7014303e+00
   1.6285105e+01   1.9762624e-01
   1.3463660e+01   2.0134649e-01
   2.5630815e+00   2.0770450e+00
   8.9701752e+00   2.0744264e-01
   1.9706571e+00   4.3824035e+00
   3.6570527e+00   3.1741103e-01
   2.8005981e+00   1.7843421e+00
   4.7296899e+00   2.6306565e-01
   3.6080215e+00   4.1302380e-01
   1.1590340e+01   1.9886120e-01
   2.7902006e+00   1.3416900e+00
   2.3519668e+00   2.6981369e+00
   3.4337299e+00   5.8982560e-01
   1.9945271e+00   3.3706233e+00
   4.8327727e+00   2.6250277e-01
   2.6483974e+00   2.3497272e+00
   1.4933316e+00   1.0820562e+01
   1.3508242e+00   1.0319912e+01
   3.6999474e+00   2.9653082e-01
   3.9428314e+00   2.9243505e-01
   5.0935731e+00   2.6011579e-01
   1.8335430e+00   5.8567818e+00
   9.1416938e+00   2.2479473e-01
   1.8317712e+00   5.0209121e+00
   2.7036191e+00   2.1074037e+00
   1.5709683e+00   6.6794325e+00
   1.7370286e+00   6.6014286e+00
   7.6269679e+00   2.3935680e-01
   1.4327683e+01   1.9968370e-01
   5.7198257e+00   2.3012241e-01
   4.1449361e+00   2.7023237e-01
   1.3466370e+00   4.9154005e+00
   4.0405552e+00   2.5994255e-01
   2.0824962e+00   3.7264916e+00
   6.8010999e+00   2.2625103e-01
   1.3277541e+01   2.0947356e-01
   1.4657317e+00   7.6792598e+00
   2.7041411e+00   1.9672516e+00
   2.9709251e+00   8.9845512e-01
   1.4233604e+00   1.5164735e+01
   3.0988149e+00   7.3978164e-01
   9.1877038e+00   2.1551155e-01
   2.2215945e+00   3.2444167e+00
   6.4424958e+00   2.4789447e-01
   1.0022833e+01   2.1334960e-01
   4.2728417e+00   2.6497188e-01
   5.1006920e+00   2.5766702e-01
   4.0541897e+00   2.8120562e-01
   3.2412931e+00   3.3875192e-01
   3.7340012e+00   3.4075655e-01
   1.6043109e+00   7.9606310e+00
   2.5437651e+00   2.1983723e+00
   5.8979195e+00   2.5132948e-01
   3.8348938e+00   3.1510930e-01
   5.0242398e+00   2.6019535e-01
   2.7536959e+00   1.4636674e+00
   3.3613071e+00   7.6484445e-01
   2.9330466e+00   8.8223151e-01
   8.5659127e+00   2.2326158e-01
   6.9848422e+00   2.4236641e-01
   9.6828492e+00   1.5425330e-01
   5.4989506e-01   3.2847881e-01
   6.5333361e+00   1.5966560e-01
   1.1102027e+00   2.6300600e-01
   5.4343447e-01   3.2588985e+00
   5.4473781e-01   2.0003961e+00
   3.7804200e+00   1.5981675e-01
   5.4330831e-01   2.1015007e+00
   5.6353814e-01   2.8134636e-01
   5.5873032e-01   3.0071720e-01
   5.4257050e-01   5.2944230e+00
   5.4407567e-01   2.4525538e+00
   9.6731251e+00   1.5352138e-01
   6.0389358e-01   2.6552584e-01
   3.3733752e+00   1.6827656e-01
   3.0173508e+00   1.8328872e-01
   5.4887175e-01   4.8013631e-01
   5.5316089e-01   3.4753802e-01
   5.4706593e-01   5.4777166e-01
   3.3850126e+00   1.6533403e-01
   9.5275404e+00   1.5439693e-01
   5.6592218e-01   2.9373326e-01
   7.2704530e+00   1.5778598e-01
   5.4505799e-01   1.7353340e+00
   5.5445408e-01   2.9745611e-01
   7.7146629e+00   1.5512185e-01
   1.4709040e+00   2.6240458e-01
   2.2896807e+00   2.6173259e-01
   3.3724348e+00   1.6475711e-01
   3.7619743e+00   1.5988220e-01
   5.4390061e-01   2.5376557e+00
   5.6481749e-01   3.0011499e-01
   5.4679908e-01   4.3494156e-01
   5.6822630e-01   2.7089459e-01
   3.0377135e+00   1.9292355e-01
   5.9646289e-01   2.7140187e-01
   8.4647421e+00   1.5474572e-01
   5.6815398e-01   2.7183801e-01
   5.5944241e-01   2.9297839e-01
   7.5501010e+00   1.5610310e-01
   1.1875005e+01   1.5249840e-01
   7.3981341e+00   1.5680532e-01
   7.5791667e+00   1.5535476e-01
   5.4660826e-01   1.0259509e+00
   5.4574885e-01   1.2253433e+00
   3.4653639e+00   1.6485675e-01
   3.2234657e+00   1.6528236e-01
   4.1704768e+00   1.6002890e-01
   4.5056194e+00   1.5934486e-01
   2.0461322e+00   2.6076540e-01
   6.6567124e+00   1.5622015e-01
   5.5891799e+00   1.5887307e-01
   5.4452992e-01   1.2926231e+00
   5.4420242e-01   1.9219683e+00
   3.7362607e+00   1.6446796e-01
   5.6082543e-01   2.8591170e-01
   5.7011886e-01   2.7502762e-01
   3.1908933e+00   1.7733919e-01
   1.1422420e+00   2.6467291e-01
   5.4599646e-01   7.5665078e-01
   8.4001641e+00   1.5568830e-01
   1.4876785e+00   2.6304597e-01
   5.4375709e-01   3.0054925e+00
   1.1924032e+01   1.5409620e-01
   5.4479901e-01   1.0874572e+00
   5.4434254e-01   2.2752082e+00
   5.4544879e-01   1.4392063e+00
   5.5754736e-01   2.9479680e-01
   5.6942759e-01   2.7847717e-01
   3.4443212e+00   1.6468139e-01
   5.4692029e-01   9.4500129e-01
   2.0347375e+00   2.6256081e-01
   8.9878570e+00   1.5465150e-01
   5.5623673e-01   3.1443450e-01
   5.4577305e-01   1.1048288e+00
   5.4284294e-01   3.8985650e+00
   3.2178647e+00   1.7426069e-01
   5.4351580e-01   3.2063763e+00
   3.1739198e+00   1.6624343e-01
   5.4291642e-01   3.4473988e+00
   5.5306348e-01   4.4390812e-01
   5.9726688e+00   1.5683142e-01
   3.1696038e+00   1.8232023e-01
   2.9863207e+00   2.1095271e-01
   5.6134255e-01   2.8556292e-01
   5.4267426e-01   2.8787293e+00
   3.5123612e+00   1.6211583e-01
   5.4651511e-01   1.0772415e+00
   5.5164908e-01   3.0766310e-01
   5.4440519e-01   1.4364217e+00
   5.5575347e-01   3.3006207e-01
   5.4251845e-01   3.6474096e+00
   5.5409854e-01   3.3306419e-01
   3.1348408e+00   1.7900785e-01
   5.4438062e-01   2.0392844e+00
   1.7239440e+00   2.6280200e-01
   5.8313644e-01   2.6413263e-01
   5.5144047e-01   3.1613636e-01
   3.9939993e+00   1.6264412e-01
   3.9252978e+00   1.6265247e-01
   5.2908349e-01   2.7743377e-01
   7.1788086e+00   1.1948210e-01
   1.1492792e+01   1.0555545e-01
   5.5162852e-01   2.5975453e-01
   1.0904793e+00   2.4113733e-01
   4.4840044e-01   9.6982704e-01
   6.2738102e-01   2.4712950e-01
   5.8024839e-01   2.5170220e-01
   5.4931434e-01   2.6179313e-01
   6.0213431e+00   1.2467104e-01
   5.6497246e-01   2.5405175e-01
   7.9105819e+00   1.1454338e-01
   5.3852743e-01   2.6939812e-01
   4.4499760e-01   1.3820082e+00
   6.1892599e+00   1.2260760e-01
   4.4136994e-01   1.9953773e+00
   5.6384469e-01   2.5619088e-01
   5.2985899e-01   2.7521995e-01
   3.6561038e+00   1.4777457e-01
   4.9655801e-01   3.4669625e-01
   4.9929637e-01   3.4866060e-01
   5.5064914e-01   2.5985665e-01
   5.3785553e-01   2.7028756e-01
   4.8294759e-01   4.2024857e-01
   1.1226757e+01   1.0767474e-01
   5.3869097e-01   2.6895461e-01
   5.6110032e-01   2.5675226e-01
   5.3603472e-01   2.7172303e-01
   5.4316777e-01   2.6452989e-01
   1.4633712e+01   1.0236519e-01
   1.8765795e+01   9.8636459e-02
   4.2718004e-01   2.2689470e+00
   4.8729567e-01   3.6718313e-01
   2.2236448e+01   9.1655196e-02
   4.8600958e-01   3.5979393e-01
   4.8514642e+00   1.3896312e-01
   3.0726801e+00   1.4918443e-01
   4.3396516e-01   1.3846806e+00
   5.1454933e-01   2.9441536e-01
   6.6741945e-01   2.4890685e-01
   1.3845394e+00   2.4237137e-01
   1.9402513e+01   1.0005142e-01
   5.5610132e-01   2.5726794e-01
   1.3725187e+01   1.0338930e-01
   7.5498401e+00   1.1871968e-01
   9.8588728e-01   2.4760742e-01
   4.4284119e+00   1.4194780e-01
   2.4883338e+00   1.5416608e-01
   5.1634598e-01   2.9300873e-01
   5.0938236e-01   3.0115797e-01
   5.3076107e-01   2.7396006e-01
   4.4602710e-01   7.7024697e-01
   4.4456534e-01   1.3240745e+00
   4.9126264e+00   1.3457677e-01
   8.7443666e+00   1.1028398e-01
   3.0162017e+00   1.5324349e-01
   5.3084658e-01   2.7396386e-01
   5.5288792e-01   2.5857459e-01
   3.0399121e+00   1.5196797e-01
   1.8837871e+00   2.3970490e-01
   5.3824928e-01   2.6986484e-01
   5.4610799e-01   2.6307257e-01
   3.1073627e+00   1.5168897e-01
   5.1002255e-01   3.0652097e-01
   5.5987363e-01   2.5718805e-01
   1.0924805e+01   1.1028688e-01
   2.4642070e+00   1.5984357e-01
   2.7639913e+00   1.5391168e-01
   5.8291354e+00   1.2544292e-01
   5.2894901e-01   2.8305089e-01
   5.5512402e-01   2.5852026e-01
   5.9289185e+00   1.2435342e-01
   3.7297696e+00   1.4482951e-01
   5.6076700e-01   2.5641402e-01
   4.6135850e-01   7.8930590e-01
   5.6902915e-01   2.4985785e-01
   4.2602213e-01   5.0347860e+00
   4.7535579e-01   5.4411378e-01
   5.4801376e-01   2.6236400e-01
   4.2564761e-01   1.8523171e+00
   5.1419130e-01   2.9467036e-01
   5.0465162e-01   3.3332860e-01
   4.8356850e-01   4.1435899e-01
   4.7582386e-01   5.7848761e-01
   4.3262418e-01   2.1762120e+00
   2.4627427e+00   1.5826605e-01
   2.4516733e+00   1.6243627e-01
   4.4429071e+00   1.4060597e-01
   4.4763762e+00   1.3973858e-01
   5.1557439e-01   2.8695193e-01
   5.7897011e+00   1.2744745e-01
   5.3489720e-01   2.7226029e-01
   1.0687623e+01   1.0806394e-01
   5.5001746e-01   2.6041775e-01
   6.9486429e-01   2.4532247e-01
   1.0541825e+01   1.0924321e-01
   5.4813848e-01   2.6203852e-01
   4.8899165e+00   1.3232342e-01
   5.4905441e-01   2.6186851e-01
   5.2657755e+00   1.3201965e-01
   6.8210690e+00   1.1106360e-01
   4.7178609e-01   3.2804203e-01
   5.2643289e-01   2.7540413e-01
   4.2899021e-01   4.3852615e-01
   5.5697596e+00   1.1687213e-01
   4.4162150e-01   3.9061278e-01
   5.5294702e-01   2.5761467e-01
   4.9803928e-01   3.0113855e-01
   2.2884005e+00   2.1871558e-01
   5.2983697e-01   2.7303745e-01
   4.8661582e-01   3.0755959e-01
   5.1204130e-01   2.8755590e-01
   4.5832337e-01   3.3522377e-01
   1.2575353e+01   7.0159400e-02
   4.6135342e-01   3.3403047e-01
   5.2233800e-01   2.7899149e-01
   5.1587619e-01   2.8288809e-01
   6.2858063e-01   2.3198140e-01
   5.7108234e-01   2.4683030e-01
   1.0130853e+01   7.7384974e-02
   4.5114313e-01   3.7999344e-01
   2.4456309e+00   1.7839615e-01
   5.0159084e-01   2.9450492e-01
   5.6537164e-01   2.5066879e-01
   4.7521178e-01   3.2228411e-01
   5.3811237e-01   2.6718998e-01
   5.0872020e-01   2.8849370e-01
   5.9785811e-01   2.3269160e-01
   5.1773124e-01   2.8200207e-01
   5.7235783e-01   2.4572787e-01
   4.9158125e-01   3.0341204e-01
   4.7750514e-01   3.1601104e-01
   5.0669318e-01   2.9018021e-01
   4.8180656e-01   3.1053841e-01
   4.6624770e-01   3.2817601e-01
   5.8772558e-01   2.4055270e-01
   5.2648184e+00   1.1946147e-01
   4.1452424e-01   1.8957011e+00
   5.6714361e-01   2.4796444e-01
   4.0204009e+00   1.3933271e-01
   4.5810674e+00   1.2641844e-01
   5.3211309e-01   2.7147470e-01
   5.1465096e-01   2.8418063e-01
   1.1247108e+01   7.1087054e-02
   5.2369508e-01   2.7765273e-01
   5.3609648e-01   2.6850178e-01
   5.2788995e-01   2.7472969e-01
   5.2120368e-01   2.7964426e-01
   4.3040058e-01   3.9268869e-01
   5.5045472e-01   2.5875434e-01
   5.5485124e-01   2.5620501e-01
   5.9569535e-01   2.3601870e-01
   1.5470516e+00   2.2396436e-01
   2.4496671e+00   1.6944569e-01
   5.4638722e-01   2.6186982e-01
   5.4240356e-01   2.6427556e-01
   5.4431720e-01   2.6341061e-01
   2.4643822e+00   1.5617425e-01
   4.5574443e-01   3.4249667e-01
   1.1072298e+00   2.2758572e-01
   4.5534230e+00   1.2933563e-01
   5.4792495e-01   2.6051902e-01
   8.8593222e+00   9.7062425e-02
   5.6222173e-01   2.5243584e-01
   4.9325691e-01   3.0226414e-01
   4.1618034e-01   8.6552183e-01
   4.2465223e+00   1.3866587e-01
   7.3567486e+00   9.9471974e-02
   4.7265923e-01   3.2499466e-01
   2.5054905e+00   1.4888917e-01
   5.6002203e-01   2.5314879e-01
   2.4892946e+00   1.5297531e-01
   5.9068604e-01   2.3857796e-01
   5.7540579e-01   2.4417290e-01
   5.0356713e-01   2.9185570e-01
   3.1983605e+00   1.4690457e-01
   5.8331492e-01   2.4083427e-01
   4.6369334e-01   3.2831811e-01
   4.1280364e-01   3.0186577e+00
   6.2672464e+00   1.1586670e-01
   3.7738619e+00   1.3951981e-01
   4.7979198e-01   3.1443386e-01
   4.2261250e-01   7.1564780e-01
   3.7269737e+00   1.3995756e-01
   5.5784152e-01   2.5537254e-01
   4.2341110e-01   6.9055369e-01
   5.7988189e-01   2.4184896e-01
   2.4516733e+00   1.6243627e-01
   4.8803089e-01   3.0465694e-01
   5.3367306e-01   2.7043464e-01
   4.6275797e-01   3.2988091e-01
   4.1202205e-01   3.5720201e+00
   6.3614346e-01   2.2783164e-01
   5.1242482e-01   2.8610674e-01
   3.4076078e+00   1.4203260e-01
   4.2545627e-01   4.5953180e-01
   4.4771927e-01   3.9019548e-01
   5.4049291e-01   2.6626807e-01
   4.2404747e-01   5.9845520e-01
   4.9559110e-01   3.0167728e-01
   5.7298639e-01   2.4403207e-01
   5.5842398e-01   2.5334659e-01
   4.5212661e-01   3.3120260e-01
   6.0080366e-01   2.2900604e-01
   4.2743585e-01   3.5971141e-01
   4.4291735e-01   3.4268081e-01
   6.2956472e-01   2.1958594e-01
   4.9711926e-01   2.9678568e-01
   5.1236024e-01   2.8524831e-01
   5.2983697e-01   2.7303745e-01
   6.7008754e+00   1.1102956e-01
   5.2178960e-01   2.7846467e-01
   4.8282833e-01   3.0620480e-01
   3.7924315e+00   1.3834519e-01
   4.6108925e-01   3.2383861e-01
   4.7109243e-01   3.1693865e-01
   3.9181039e-01   2.9399422e+00
   5.0758116e-01   2.8822428e-01
   3.8899944e-01   6.8244526e+00
   3.9070235e-01   3.6384589e+00
   4.2534457e-01   3.7972230e-01
   7.1089775e+00   1.0392627e-01
   2.4426417e+00   1.6129094e-01
   5.5256406e-01   2.5760882e-01
   5.3380250e-01   2.6986410e-01
   4.4418661e-01   3.3751144e-01
   5.8183079e-01   2.3920465e-01
   5.9785811e-01   2.3269160e-01
   4.4456305e-01   3.6378186e-01
   3.3882854e+00   1.4068400e-01
   5.8377821e-01   2.3798272e-01
   4.0796403e-01   4.8607721e-01
   5.1987984e-01   2.8000052e-01
   4.2953019e-01   3.5628474e-01
   2.4643791e+00   1.5386390e-01
   5.6519248e-01   2.4956524e-01
   4.3663391e-01   3.5311110e-01
   4.5648891e-01   3.2627293e-01
   5.6714361e-01   2.4796444e-01
   5.4222302e-01   2.6453683e-01
   4.9087085e-01   3.0071376e-01
   5.0250186e-01   2.9211834e-01
   6.4315264e-01   2.1925976e-01
   6.1053402e-01   2.2452892e-01
   5.0065653e-01   2.9382381e-01
   5.3609648e-01   2.6850178e-01
   5.2348774e-01   2.7721963e-01
   4.4916486e-01   3.3431800e-01
   5.7880129e-01   2.4092396e-01
   7.4621439e-01   2.1618001e-01
   5.5485124e-01   2.5620501e-01
   5.3787158e-01   2.6706967e-01
   5.8542791e-01   2.3771069e-01
   5.4638722e-01   2.6186982e-01
   5.1392290e+00   1.1587072e-01
   5.4431720e-01   2.6341061e-01
   4.4050028e-01   3.4644571e-01
   4.8014232e-01   3.0790847e-01
   5.1052336e-01   2.8620750e-01
   4.5534230e+00   1.2933563e-01
   6.2358597e-01   2.2052850e-01
   5.1425683e-01   2.8370467e-01
   6.0380230e-01   2.2795780e-01
   5.0339435e-01   2.9129619e-01
   5.1871840e-01   2.8181938e-01
   5.4784711e-01   2.6029029e-01
   2.4408671e+00   1.6366590e-01
   9.6755045e+00   6.9531109e-02
   2.5054905e+00   1.4888917e-01
   4.9195735e-01   2.9981060e-01
   5.2675881e-01   2.7452932e-01
   3.8707721e-01   7.2931197e+00
   7.6958303e-01   2.0895032e-01
   5.5038668e-01   2.5897148e-01
   3.1983605e+00   1.4690457e-01
   4.9840330e+00   1.2024122e-01
   2.5222658e+00   1.4791485e-01
   4.7761737e-01   3.1064187e-01
   2.4818028e+00   1.5310747e-01
   5.7684515e-01   2.4269733e-01
   3.9533572e-01   1.8971548e+00
   5.3169959e-01   2.7114312e-01
   3.7269737e+00   1.3995756e-01
   4.0263661e-01   8.3052367e-01
   4.2035688e-01   3.8122746e-01
   4.6820399e+00   1.2408530e-01
   4.9650688e-01   2.9881187e-01
   6.1391490e-01   2.2391701e-01
   4.8949030e-01   3.0112566e-01
   4.8424836e-01   3.0563359e-01
   5.9999097e-01   2.3061504e-01
   5.3975651e-01   2.6601109e-01
   7.6028168e+00   9.1651130e-02
   6.4851908e-01   2.1701452e-01
   5.6967651e-01   2.4674224e-01
   5.1538166e-01   2.8258591e-01
   5.6050542e-01   2.5206818e-01
   4.7209306e-01   3.1356071e-01
   5.8996351e-01   2.3390658e-01
   4.8737820e-01   3.0390984e-01
   3.9069290e+00   1.3707730e-01
   5.4595932e-01   2.6170694e-01
   5.2361264e-01   2.7714899e-01
   6.0080366e-01   2.2900604e-01
   4.6080943e-01   3.2278280e-01
   3.7490348e-01   1.3094482e+00
   4.0300790e-01   3.8950295e-01
   4.1847063e-01   3.6700576e-01
   5.8666817e-01   2.3544833e-01
   3.8330826e-01   5.7162863e-01
   6.7008754e+00   1.1102956e-01
   3.8730234e-01   4.8931281e-01
   4.8927508e-01   3.0099283e-01
   5.8222003e-01   2.3834188e-01
   5.4788636e-01   2.6023776e-01
   5.7633911e-01   2.4178212e-01
   7.1925509e-01   2.0697787e-01
   6.0816153e-01   2.2400911e-01
   5.7363792e-01   2.4370657e-01
   2.4607817e+00   1.5716321e-01
   5.0755169e-01   2.8787233e-01
   5.8985954e-01   2.3349237e-01
   2.4426417e+00   1.6129094e-01
   3.0065854e+00   1.3844731e-01
   3.9958118e-01   4.1690515e-01
   3.8206814e-01   8.8518305e-01
   2.6004501e+00   1.4688961e-01
   2.4835027e+00   1.5183609e-01
   5.0219491e-01   2.9208007e-01
   3.9303929e-01   4.6313288e-01
   4.9186376e-01   2.9923268e-01
   4.4528693e-01   3.3583705e-01
   5.1987984e-01   2.8000052e-01
   9.3051021e+00   6.9351134e-02
   6.1613684e-01   2.2115206e-01
   5.4201863e-01   2.6427532e-01
   1.5419211e+00   2.0118127e-01
   4.5648891e-01   3.2627293e-01
   5.6714361e-01   2.4796444e-01
   4.9725648e-01   2.9528107e-01
   6.4238689e-01   2.1689502e-01
   5.1815583e-01   2.8131930e-01
   2.8723905e+00   1.3987782e-01
   4.0042082e-01   4.0618110e-01
   5.0065653e-01   2.9382381e-01
   5.3609648e-01   2.6850178e-01
   5.0466152e-01   2.8997493e-01
   3.7481724e-01   2.1791302e+00
   6.2952580e-01   2.1756480e-01
   4.4209914e-01   3.3745170e-01
   5.1086738e-01   2.8594516e-01
   6.2516412e-01   2.2032903e-01
   5.3787158e-01   2.6706967e-01
   3.8496255e-01   4.9422809e-01
   3.7918611e-01   1.1515726e+00
   5.1392290e+00   1.1587072e-01
   4.4798871e-01   3.3202138e-01
   5.6387648e-01   2.4990523e-01
   4.8014232e-01   3.0790847e-01
   7.3005842e+00   9.8469295e-02
   4.5534230e+00   1.2933563e-01
   4.2485850e-01   3.5186838e-01
   5.3375496e-01   2.6977659e-01
   3.8159341e-01   9.7752508e-01
   5.4426670e-01   2.6276104e-01
   9.1401124e+00   6.9531109e-02
   4.5188775e-01   3.2895096e-01
   2.4408671e+00   1.6366590e-01
   4.7733279e-01   3.1049858e-01
   2.5054905e+00   1.4888917e-01
   6.7029034e-01   2.0964175e-01
   5.2675881e-01   2.7452932e-01
   7.3612899e-01   2.0613961e-01
   4.2209567e-01   3.5892671e-01
   5.5038668e-01   2.5897148e-01
   4.9410974e+00   1.2171820e-01
   1.1273166e+00   2.0341315e-01
   5.2995404e-01   2.7297762e-01
   4.6991323e-01   3.1570757e-01
   3.3241201e+00   1.3766551e-01
   4.8371297e-01   3.0500055e-01
   5.5836706e-01   2.5326306e-01
   5.3169959e-01   2.7114312e-01
   6.0212254e-01   2.2769537e-01
   4.1729565e-01   3.7643508e-01
   4.8670354e-01   3.0345577e-01
   4.6820399e+00   1.2408530e-01
   3.8922221e-01   4.6671790e-01
   5.5235194e-01   2.5748676e-01
   5.9775544e-01   2.3237221e-01
   4.3553589e-01   3.4255100e-01
   7.0826121e-01   2.0862611e-01
   5.3975651e-01   2.6601109e-01
   7.6028168e+00   9.1651130e-02
   5.2171407e-01   2.7809788e-01
   5.6967651e-01   2.4674224e-01
   5.1538166e-01   2.8258591e-01
   5.6050542e-01   2.5206818e-01
   4.7209306e-01   3.1356071e-01
   5.5439621e-01   2.5619490e-01
   5.6716062e-01   2.4761462e-01
   5.4595932e-01   2.6170694e-01
   3.7539242e-01   4.8284478e-01
   6.2927710e-01   2.1475389e-01
   3.6821724e-01   8.2510614e-01
   5.1474415e-01   2.8266994e-01
   3.6314490e-01   1.4455970e+00
   4.8135543e-01   3.0689331e-01
   5.3570177e-01   2.6857647e-01
   4.9513133e-01   2.9717408e-01
   3.7198680e-01   5.1490242e-01
   4.3188085e-01   3.4485730e-01
   5.2374258e-01   2.7707958e-01
   5.0450384e-01   2.9049884e-01
   8.6796903e+00   7.1451530e-02
   4.8914940e-01   3.0102388e-01
   4.2471136e-01   3.5095964e-01
   6.5578168e-01   2.0868934e-01
   5.6964277e-01   2.4699839e-01
   2.4607817e+00   1.5716321e-01
   5.0755169e-01   2.8787233e-01
   5.8985954e-01   2.3349237e-01
   2.4426417e+00   1.6129094e-01
   7.9401862e-01   2.0168283e-01
   4.7577294e-01   3.1142904e-01
   7.2119718e-01   2.0241101e-01
   2.6004501e+00   1.4688961e-01
   4.9035835e-01   3.0042194e-01
   6.0183147e-01   2.2751186e-01
   4.9225665e-01   2.9922331e-01
   1.1677991e+00   1.9053084e-01
   4.7300978e-01   3.1308641e-01
   5.0200739e-01   2.9244951e-01
   6.6204220e+00   7.8263506e-02
   4.3032687e-01   3.4597224e-01
   4.7872043e-01   3.0924800e-01
   4.8832697e+00   1.1538051e-01
   5.8266092e-01   2.3798958e-01
   4.6348844e-01   3.2017005e-01
   5.9907020e-01   2.2817967e-01
   3.8925899e-01   3.8647228e-01
   5.1815583e-01   2.8131930e-01
   4.9749875e-01   2.9524239e-01
   5.4169555e-01   2.6444136e-01
   3.6384192e-01   1.0444488e+00
   1.0100767e+01   6.8078449e-02
   6.1735002e-01   2.1995973e-01
   6.6289158e-01   2.0396237e-01
   5.7289023e-01   2.4357514e-01
   4.4209914e-01   3.3745170e-01
   5.1086738e-01   2.8594516e-01
   4.5875231e-01   3.2405558e-01
   5.3787158e-01   2.6706967e-01
   5.2157314e-01   2.7838217e-01
   4.8640791e-01   3.0333181e-01
   5.8716105e-01   2.3522374e-01
   4.4798871e-01   3.3202138e-01
   5.0528779e-01   2.8943014e-01
   6.1228398e-01   2.2104945e-01
   8.1822806e-01   1.9585582e-01
   4.5534230e+00   1.2933563e-01
   4.1297970e-01   3.6251573e-01
   5.3375496e-01   2.6977659e-01
   6.7274481e+00   7.2411064e-02
   4.2511262e-01   3.4915524e-01
   5.7641041e-01   2.4132318e-01
   3.7824257e-01   3.9937904e-01
   2.4408671e+00   1.6366590e-01
   5.0016567e-01   2.9381014e-01
   5.9603447e-01   2.3201681e-01
   5.4959507e-01   2.5890038e-01
   5.2675881e-01   2.7452932e-01
   5.6358228e-01   2.5003113e-01
   5.2003962e-01   2.7993353e-01
   2.8714385e+00   1.3977965e-01
   4.6033189e-01   3.2274950e-01
   3.7261411e-01   5.1121709e-01
   4.5127020e-01   3.2915968e-01
   4.6991323e-01   3.1570757e-01
   5.3158558e-01   2.7135363e-01
   5.5836706e-01   2.5326306e-01
   5.8601436e-01   2.3704817e-01
   4.3551854e-01   3.4093041e-01
   4.9595670e-01   2.9597007e-01
   4.4552489e-01   3.3384299e-01
   4.6820399e+00   1.2408530e-01
   2.9939087e+00   1.3700271e-01
   5.5235194e-01   2.5748676e-01
   2.5007094e+00   1.4749731e-01
   3.8882186e-01   3.9529847e-01
   4.3381610e-01   3.4361731e-01
   4.1672796e-01   3.5674794e-01
   4.8367748e-01   3.0493873e-01
   2.4828745e+00   1.5275604e-01
   4.5616291e-01   3.2526064e-01
   4.3722419e-01   3.3961464e-01
   5.6050542e-01   2.5206818e-01
   4.7209306e-01   3.1356071e-01
   5.5439621e-01   2.5619490e-01
   6.0744908e-01   2.2402961e-01
   5.3344574e-01   2.7001483e-01
   4.5130610e-01   3.2901842e-01
   4.0061768e-01   3.7131282e-01
   2.0130281e+00   1.8319716e-01
   3.4082472e-01   4.2600118e+00
   5.1474415e-01   2.8266994e-01
   5.4577707e-01   2.6168106e-01
   4.1373728e-01   3.5958102e-01
   5.3570177e-01   2.6857647e-01
   3.6069394e-01   6.8671196e-01
   5.1751897e-01   2.8084297e-01
   3.9241666e-01   3.8460676e-01
   1.9319538e+00   1.8544178e-01
   4.7841055e-01   3.0930020e-01
   4.6630337e-01   3.1751074e-01
   4.3089764e-01   3.4473163e-01
   7.7582043e-01   1.8994573e-01
   3.5843882e-01   1.1062129e+00
   5.6717347e-01   2.4739545e-01
   2.4607817e+00   1.5716321e-01
   5.0755169e-01   2.8787233e-01
   7.9754504e-01   1.8875865e-01
   2.4426417e+00   1.6129094e-01
   4.6025667e-01   3.2267174e-01
   6.4552510e-01   2.0857210e-01
   5.8960104e-01   2.3333539e-01
   2.6004501e+00   1.4688961e-01
   5.9366639e-01   2.3062262e-01
   6.1435833e-01   2.1868413e-01
   4.7198578e-01   3.1327730e-01
   4.4923388e-01   3.3088937e-01
   6.8152509e+00   6.9584768e-02
   3.4701159e-01   4.1349191e+00
   3.8583724e-01   3.8827445e-01
   3.5767063e-01   1.3203147e+00
   3.5603477e-01   3.4945651e+00
   4.8832697e+00   1.1538051e-01
   3.9854483e-01   3.8127008e-01
   4.6348844e-01   3.2017005e-01
   5.9907020e-01   2.2817967e-01
   4.1297285e-01   3.6289935e-01
   3.6092680e-01   6.3009606e-01
   8.1814151e-01   1.8819851e-01
   5.4169555e-01   2.6444136e-01
   6.0987205e+00   8.5502043e-02
   4.7453889e-01   3.1183377e-01
   6.6289158e-01   2.0396237e-01
   5.7289023e-01   2.4357514e-01
   5.3786667e-01   2.6727894e-01
   5.0205824e-01   2.9240307e-01
   7.2293987e-01   1.9197546e-01
   4.4354462e-01   3.3459102e-01
   9.9040634e+00   6.8078449e-02
   3.6402319e-01   4.6735868e-01
   5.8716105e-01   2.3522374e-01
   3.8893612e-01   3.8540748e-01
   5.0528779e-01   2.8943014e-01
   5.2679778e-01   2.7443529e-01
   4.4112533e-01   3.3709871e-01
   4.5534230e+00   1.2933563e-01
   6.6802321e-01   2.0326959e-01
   5.8237537e-01   2.3771858e-01
   5.1080278e-01   2.8562634e-01
   4.2511262e-01   3.4915524e-01
   5.7641041e-01   2.4132318e-01
   3.7824257e-01   3.9937904e-01
   3.7061703e-01   4.4550953e-01
   5.0016567e-01   2.9381014e-01
   5.2341561e-01   2.7687292e-01
   5.4959507e-01   2.5890038e-01
   4.8451267e-01   3.0422522e-01
   5.6358228e-01   2.5003113e-01
   4.2264972e-01   3.5107282e-01
   6.0651418e-01   2.2316045e-01
   6.1720393e-01   2.1734690e-01
   3.7440481e-01   4.4407428e-01
   4.8927049e-01   3.0085699e-01
   4.2132341e-01   3.5274454e-01
   5.3158558e-01   2.7135363e-01
   4.5537077e-01   3.2577592e-01
   6.5461229e-01   2.0709481e-01
   6.3124399e-01   2.1277301e-01
   4.3551854e-01   3.4093041e-01
   4.9595670e-01   2.9597007e-01
   4.8130686e-01   3.0651022e-01
   4.6820399e+00   1.2408530e-01
   6.2869459e+00   7.7098948e-02
   5.5235194e-01   2.5748676e-01
   2.5007094e+00   1.4749731e-01
   5.5824291e-01   2.5317290e-01
   1.4178912e+00   1.8771957e-01
   4.1672796e-01   3.5674794e-01
   4.9275302e-01   2.9844121e-01
   2.4828745e+00   1.5275604e-01
   2.8701438e+00   1.3696276e-01
   4.3722419e-01   3.3961464e-01
   5.6050542e-01   2.5206818e-01
   4.4564238e-01   3.3322027e-01
   5.5439621e-01   2.5619490e-01
   6.9419538e-01   2.0120110e-01
   3.6305984e-01   4.2578394e-01
   4.5130610e-01   3.2901842e-01
   4.0061768e-01   3.7131282e-01
   6.5722308e+00   6.7665360e-02
   1.5104998e+00   1.8183487e-01
   5.1474415e-01   2.8266994e-01
   5.4577707e-01   2.6168106e-01
   4.7856839e-01   3.0862597e-01
   5.3570177e-01   2.6857647e-01
   3.4500048e-01   6.2920221e-01
   6.1954658e-01   2.1695080e-01
   4.6611106e-01   3.1762024e-01
   4.3510953e-01   3.4125408e-01
   4.5284976e-01   3.2791953e-01
   1.7443996e+00   1.7781980e-01
   4.3089764e-01   3.4473163e-01
   7.7582043e-01   1.8994573e-01
   6.3092876e-01   2.1206587e-01
   4.0181248e-01   3.6821579e-01
   2.4607817e+00   1.5716321e-01
   5.0755169e-01   2.8787233e-01
   6.0464696e-01   2.2386627e-01
   2.4426417e+00   1.6129094e-01
   2.0589424e+00   1.7110024e-01
   4.5997757e-01   3.2246314e-01
   5.8960104e-01   2.3333539e-01
   3.8300350e-01   3.9141937e-01
   5.9366639e-01   2.3062262e-01
   6.1435833e-01   2.1868413e-01
   3.4120274e-01   1.1186989e+00
   4.1661943e-01   3.5656384e-01
   5.7332648e-01   2.4316823e-01
   2.4800059e+00   1.5197863e-01
   6.5365283e-01   2.0135633e-01
   8.4178931e-01   1.8609158e-01
   3.6714579e-01   4.2321644e-01
   4.8832697e+00   1.1538051e-01
   6.4028773e-01   2.1112507e-01
   4.1360931e-01   3.5904321e-01
   3.6146341e-01   4.3029484e-01
   3.3905936e-01   1.4299439e+00
   4.8944081e-01   3.0070796e-01
   3.5536063e-01   4.8272794e-01
   5.4169555e-01   2.6444136e-01
   6.0987205e+00   8.5502043e-02
   3.7160794e-01   4.1511075e-01
   4.7114461e-01   3.1422291e-01
   4.0947192e-01   3.6328725e-01
   5.6427606e-01   2.4953712e-01
   3.5186007e-01   5.6488964e-01
   5.0205824e-01   2.9240307e-01
   7.2293987e-01   1.9197546e-01
   4.4354462e-01   3.3459102e-01
   7.9643954e-01   1.8757835e-01
   4.4804380e-01   3.3105710e-01
   4.7526106e-01   3.1178051e-01
   3.4800490e-01   5.7649329e-01
   5.0528779e-01   2.8943014e-01
   5.2679778e-01   2.7443529e-01
   4.4112533e-01   3.3709871e-01
   3.5961136e-01   4.4405171e-01
   3.3704586e-01   3.9813285e+00
   5.8237537e-01   2.3771858e-01
   4.2511262e-01   3.4915524e-01
   5.7641041e-01   2.4132318e-01
   3.7824257e-01   3.9937904e-01
   4.6350008e-01   3.2000213e-01
   3.3262112e-01   8.6222069e+00
   5.2341561e-01   2.7687292e-01
   5.4959507e-01   2.5890038e-01
   4.8451267e-01   3.0422522e-01
   6.4594631e-01   2.0612267e-01
   3.5229519e-01   5.3630941e-01
   6.9133037e-01   1.9973897e-01
   6.6543641e-01   2.0084688e-01
   6.4435180e-01   2.0688957e-01
   9.4054299e-01   1.8458551e-01
   4.2132341e-01   3.5274454e-01
   5.3158558e-01   2.7135363e-01
   4.5537077e-01   3.2577592e-01
   3.8618547e-01   3.8360919e-01
   5.1068974e-01   2.8560429e-01
   5.1765853e-01   2.8073707e-01
   4.9595670e-01   2.9597007e-01
   4.8130686e-01   3.0651022e-01
   4.6820399e+00   1.2408530e-01
   6.2869459e+00   7.7098948e-02
   5.6838619e-01   2.4655011e-01
   2.5007094e+00   1.4749731e-01
   5.5824291e-01   2.5317290e-01
   4.4971127e+00   1.2943874e-01
   5.9847794e-01   2.2771166e-01
   4.9275302e-01   2.9844121e-01
   6.0949661e-01   2.2119854e-01
   2.8701438e+00   1.3696276e-01
   4.3722419e-01   3.3961464e-01
   1.1495427e+00   1.8387087e-01
   3.9159312e-01   3.7976796e-01
   5.5439621e-01   2.5619490e-01
   2.5200394e+00   1.4611446e-01
   4.7386916e+01   3.2898951e+01
   3.3575245e+01   2.0143553e+01
   2.5314242e+01   2.0708200e+01
   1.6057677e+01   1.8371576e+01
   2.7476349e+01   1.3400821e+01
   4.2442472e+01   2.5097616e+01
   2.7947564e+01   1.3776083e+01
   3.7522307e+01   2.2123707e+01
   2.4471386e+01   2.4342944e+01
   1.9452131e+01   1.8510180e+01
   1.8135253e+01   1.6941210e+01
   1.6389588e+01   2.5286600e+01
   1.9206747e+01   1.5958752e+01
   1.8812809e+01   1.8222290e+01
   2.0179789e+01   9.7914244e+00
   3.1927780e+01   2.7144524e+01
   1.7394684e+01   2.8307883e+01
   1.6602581e+01   1.7249418e+01
   3.0828211e+01   2.5452528e+01
   2.3474615e+01   1.0671446e+01
   1.9576574e+01   1.3632250e+01
   2.0055800e+01   2.1775765e+01
   1.7909397e+01   1.9311954e+01
   1.6678341e+01   1.8260455e+01
   1.8739315e+01   9.0601462e+00
   1.7829001e+01   1.8787123e+01
   1.0310766e+01   1.2026201e+01
   3.6853160e+01   1.8154255e+01
   1.8753610e+01   2.2971095e+01
   1.7934565e+01   1.5573396e+01
   4.6758348e+01   3.2118091e+01
   2.7456891e+01   2.9089588e+01
   2.3625084e+01   2.7854341e+01
   1.8365255e+01   1.5903414e+01
   1.4118342e+01   1.2962237e+01
   2.2205128e+01   1.7336064e+01
   3.0231957e+01   2.2860271e+01
   2.6139068e+01   1.7480516e+01
   2.0865332e+01   2.5310599e+01
   2.4925045e+01   2.0155818e+01
   1.6838882e+01   1.3344076e+01
   1.4893444e+01   2.1701658e+01
   1.1713952e+01   1.2959761e+01
   3.9820001e+01   3.7589093e+01
   2.3596947e+01   1.8791212e+01
   1.6467344e+01   1.8792745e+01
   1.7144906e+01   1.8187007e+01
   2.6124008e+01   2.3929060e+01
   1.6698199e+01   1.4327863e+01
   1.7457916e+01   1.5902850e+01
   2.3029950e+01   1.6748166e+01
   1.5243531e+01   1.8362828e+01
   2.3793664e+01   1.5558434e+01
   4.2873913e+01   2.6969138e+01
   2.6597599e+01   2.3601490e+01
   2.0358797e+01   2.3897367e+01
   2.4071112e+01   1.3219826e+01
   2.3578494e+01   1.2557519e+01
   1.9332989e+01   2.2356262e+01
   3.5003729e+01   2.9834705e+01
   2.3567401e+01   1.5172946e+01
   2.4863951e+01   3.5651354e+01
   2.3754069e+01   2.0441326e+01
   1.8798832e+01   1.5646238e+01
   2.3183909e+01   1.8023409e+01
   1.6499698e+01   2.1709764e+01
   2.8700566e+01   3.3395316e+01
   2.4132815e+01   2.2434826e+01
   2.1211317e+01   1.2089850e+01
   2.8892366e+01   3.0619754e+01
   1.7609315e+01   1.0540449e+01
   1.3008584e+01   1.8923277e+01
   2.5734669e+01   2.7716575e+01
   1.6766960e+01   1.6040525e+01
   1.5057076e+01   1.6718062e+01
   1.9072859e+01   1.3746269e+01
   1.8592134e+01   1.4168961e+01
   1.2992939e+01   1.3631315e+01
   2.4281290e+01   2.1264292e+01
   2.0515180e+01   1.8391745e+01
   2.0497119e+01   1.2599290e+01
   2.5219594e+01   1.9939789e+01
   2.2757491e+01   1.5878227e+01
   2.3627696e+01   1.9660603e+01
   3.7968696e+01   3.1926120e+01
   1.4390534e+01   1.5612786e+01
   1.6545033e+01   1.9155125e+01
   1.9424736e+01   2.7994260e+01
   1.9853986e+01   1.7593605e+01
   1.5973112e+01   1.3611410e+01
   1.6796003e+01   1.8031578e+01
   1.5263404e+01   2.0623638e+01
   2.2031685e+01   2.0687417e+01
   1.6905197e+01   2.0642542e+01
   1.6475360e+01   2.0494817e+01
   2.9312716e+01   3.0493905e+01
   1.4804311e+01   1.2717043e+01
   1.2369854e+01   1.4391601e+01
   2.1909168e+01   1.7445014e+01
   2.3018199e+01   2.2068328e+01
   4.3416085e+00   3.3524155e+00
   2.4939921e+00   4.9757235e+00
   2.4909683e+00   6.4792716e+00
   2.4937011e+00   5.4027128e+00
   2.4892076e+00   7.6985650e+00
   2.4914755e+00   5.8272643e+00
   2.4875482e+00   8.9954478e+00
   4.0874050e+00   3.3615712e+00
   3.9050011e+00   3.2113421e+00
   2.4933448e+00   5.5621195e+00
   2.4895949e+00   7.0131495e+00
   2.4887328e+00   6.4631246e+00
   2.4913481e+00   6.3475283e+00
   2.4933873e+00   5.5266196e+00
   2.4923428e+00   5.6504712e+00
   2.4915543e+00   5.5895610e+00
   2.4948586e+00   4.5043091e+00
   2.4949882e+00   4.3451578e+00
   2.4876438e+00   1.5916017e+01
   2.4934569e+00   5.5443431e+00
   2.4967389e+00   3.9046928e+00
   2.4899878e+00   6.4533636e+00
   2.4946275e+00   4.5151343e+00
   2.4937979e+00   5.3935706e+00
   2.4945800e+00   4.6669801e+00
   2.4925837e+00   5.7794963e+00
   2.4929703e+00   5.7441057e+00
   2.4923171e+00   5.7997086e+00
   4.3597116e+00   3.2557918e+00
   2.4896281e+00   7.3181915e+00
   2.7711206e+00   3.4446613e+00
   2.4958756e+00   3.9495753e+00
   2.4916924e+00   6.4177631e+00
   2.4899584e+00   6.8966293e+00
   2.6179861e+00   3.4858919e+00
   2.4986088e+00   3.3770313e+00
   2.4982863e+00   3.8494573e+00
   2.4948002e+00   4.5461860e+00
   2.4985112e+00   3.6072722e+00
   4.3592604e+00   3.3862704e+00
   2.4948089e+00   3.8589937e+00
   2.4962963e+00   3.9431404e+00
   2.4892648e+00   8.5379357e+00
   2.4880366e+00   9.9463428e+00
   2.4948199e+00   4.5837807e+00
   2.4948046e+00   3.9616628e+00
   2.4937028e+00   4.6218811e+00
   2.4951393e+00   4.1509725e+00
   2.4866483e+00   1.0078896e+01
   2.4886609e+00   9.3353835e+00
   2.4873627e+00   7.0413518e+00
   2.7886062e+00   3.3307761e+00
   2.4895624e+00   7.4041471e+00
   2.4921414e+00   5.9775457e+00
   2.4934291e+00   5.4229877e+00
   2.4880798e+00   8.1426489e+00
   2.4898888e+00   6.7233068e+00
   2.4912144e+00   6.4370097e+00
   2.4937360e+00   5.3524103e+00
   2.5055767e+00   3.6303674e+00
   2.4908256e+00   6.4115128e+00
   2.4939758e+00   4.8484693e+00
   2.4923081e+00   6.3974735e+00
   2.4942952e+00   4.9324783e+00
   2.4949294e+00   3.8704047e+00
   2.4961298e+00   3.7398071e+00
   2.4940023e+00   5.1136452e+00
   2.5019067e+00   3.4980873e+00
   2.4917024e+00   6.0558841e+00
   2.4891079e+00   8.0228680e+00
   3.3318170e+00   3.4056712e+00
   2.4971431e+00   3.7648895e+00
   2.4943436e+00   4.9331880e+00
   2.4950402e+00   4.1216619e+00
   2.5008909e+00   2.9664386e+00
   2.4899355e+00   6.8044764e+00
   2.4928346e+00   5.3865448e+00
   2.4946361e+00   4.5798349e+00
   2.4893828e+00   7.4065919e+00
   2.4955509e+00   4.0122866e+00
   2.4899154e+00   6.9984019e+00
   2.4936240e+00   5.0035012e+00
   2.4946647e+00   4.6306513e+00
   2.4947467e+00   4.6280673e+00
   2.4936903e+00   5.4323061e+00
   2.4932427e+00   5.6947422e+00
   2.4980609e+00   3.8799339e+00
   2.5185078e+00   3.4804161e+00
   2.4903633e+00   6.5734094e+00
   2.4894788e+00   7.2534247e+00
   2.4931847e+00   5.2968111e+00
   2.4911381e+00   6.6809569e+00
   2.5161277e+00   3.4761881e+00
   2.4889954e+00   8.6827198e+00
   2.4877090e+00   9.1047696e+00
   2.4888874e+00   8.1127127e+00
   2.4969105e+00   3.8968711e+00
   2.4877894e+00   1.1464341e+01
   2.4931972e+00   5.2097460e+00
   2.4906992e+00   5.7546986e+00
   2.0008819e+00   3.7704456e+00
   7.8686540e+00   1.9718562e+00
   1.9975926e+00   7.2434825e+00
   2.0008514e+00   2.8433767e+00
   2.0070096e+00   2.9182552e+00
   2.0686388e+00   2.6081672e+00
   1.9976552e+00   6.0072703e+00
   5.8079184e+00   2.1112568e+00
   3.0267025e+00   2.2195375e+00
   1.9990992e+00   5.1909697e+00
   1.9992137e+00   5.0178353e+00
   2.0503458e+00   2.4239122e+00
   2.0499883e+00   2.5999117e+00
   1.9980630e+00   5.6009358e+00
   3.8687499e+00   2.2028402e+00
   1.9962834e+00   1.1482769e+01
   4.9891228e+00   2.0127921e+00
   1.9966758e+00   7.6219945e+00
   2.0014780e+00   2.9997174e+00
   2.0079705e+00   2.6902530e+00
   4.5958247e+00   2.1442081e+00
   2.0084490e+00   2.8606941e+00
   3.2066189e+00   2.2461638e+00
   1.9971542e+00   7.6177302e+00
   1.9980406e+00   6.0352755e+00
   2.0048861e+00   2.9438003e+00
   2.0010035e+00   2.9843292e+00
   2.0000142e+00   5.0400790e+00
   7.8558448e+00   1.9743417e+00
   1.9978313e+00   6.5465469e+00
   2.0008671e+00   3.8484141e+00
   2.8383571e+00   2.3632058e+00
   2.0067531e+00   3.0275543e+00
   2.0516992e+00   2.2364885e+00
   2.1982516e+00   2.3821540e+00
   2.0005643e+00   3.9305849e+00
   2.0121407e+00   2.6998380e+00
   1.9979714e+00   6.6501225e+00
   1.9996845e+00   4.8123351e+00
   1.9997398e+00   4.0547418e+00
   1.9993526e+00   5.1597721e+00
   8.3578371e+00   2.0077211e+00
   2.0001097e+00   4.8466747e+00
   2.0008174e+00   4.0893675e+00
   1.9965942e+00   8.8783289e+00
   6.4385683e+00   2.0053372e+00
   2.0240641e+00   2.6944003e+00
   2.0005273e+00   4.1668687e+00
   2.0008331e+00   3.9927867e+00
   1.9966313e+00   9.8295366e+00
   2.0074290e+00   2.5863055e+00
   6.9433202e+00   2.0619694e+00
   5.8841776e+00   2.0396620e+00
   4.8915558e+00   1.9309851e+00
   2.0038870e+00   2.9489538e+00
   1.9995633e+00   5.0680517e+00
   2.0009684e+00   3.5655260e+00
   2.0773128e+00   2.5874061e+00
   2.1051635e+00   2.5415573e+00
   3.2571048e+00   2.2481203e+00
   1.9962299e+00   9.7237043e+00
   4.9824931e+00   2.1944225e+00
   1.9982408e+00   6.0728839e+00
   1.9962308e+00   7.6831068e+00
   1.9970376e+00   6.9301633e+00
   1.9972893e+00   7.0269550e+00
   2.0002516e+00   4.3335344e+00
   2.0021091e+00   2.7402066e+00
   3.7323281e+00   2.1415896e+00
   4.5408547e+00   2.2076882e+00
   1.9988018e+00   5.5883510e+00
   1.9968388e+00   8.0383921e+00
   2.0716833e+00   2.3076853e+00
   1.9974678e+00   7.3633407e+00
   2.0873914e+00   2.5697193e+00
   7.6602024e+00   1.9775364e+00
   2.0008123e+00   4.1388056e+00
   5.5964462e+00   2.1690658e+00
   4.0687082e+00   2.0918346e+00
   2.2178100e+00   2.2833290e+00
   1.9988661e+00   5.2113893e+00
   2.0350164e+00   2.6309172e+00
   1.9967976e+00   8.3850370e+00
   1.9978309e+00   6.6994804e+00
   1.9969826e+00   8.3989946e+00
   2.0243935e+00   2.5841890e+00
   2.8816528e+00   2.2943339e+00
   2.0009978e+00   3.6286954e+00
   1.9956014e+00   7.9924047e+00
   2.0262553e+00   2.6375458e+00
   4.2716849e+00   2.2234461e+00
   2.0003860e+00   4.4461753e+00
   1.9969450e+00   7.7019944e+00
   1.9989298e+00   5.2817035e+00
   1.9968408e+00   7.7073962e+00
   2.0098640e+00   2.6872843e+00
   2.0007400e+00   3.9191105e+00
   2.1714220e+00   2.5106181e+00
   2.0008471e+00   3.6870708e+00
   1.9979597e+00   5.0638683e+00
   1.9799461e+00   3.5058338e+00
   1.8787320e+00   3.6792825e+00
   1.8784551e+00   3.7124026e+00
   1.8733727e+00   5.0137761e+00
   1.9000633e+00   3.5904562e+00
   2.0007390e+00   1.5167592e+00
   1.9782900e+00   3.5068850e+00
   2.0074391e+00   1.5137850e+00
   1.9183137e+00   3.5585735e+00
   1.8787896e+00   3.6812910e+00
   1.9246628e+00   3.5498402e+00
   1.9782414e+00   3.5070448e+00
   1.8827974e+00   3.6291782e+00
   1.9225140e+00   3.5505459e+00
   1.9167573e+00   3.5654689e+00
   1.9859148e+00   3.5051205e+00
   2.0006611e+00   1.5169538e+00
   4.2402101e+00   1.5136830e+00
   1.8881083e+00   3.5979315e+00
   2.0028179e+00   1.5138238e+00
   2.0002645e+00   2.4025227e+00
   1.8876429e+00   3.6108054e+00
   1.8827203e+00   3.6477301e+00
   1.9778172e+00   3.5141880e+00
   1.8877109e+00   3.6072113e+00
   1.8818797e+00   3.6462047e+00
   1.9075155e+00   3.5697857e+00
   1.8877625e+00   3.6071103e+00
   1.9249883e+00   3.5489311e+00
   1.9178092e+00   3.5617912e+00
   1.9166082e+00   3.5679985e+00
   4.3383221e+00   1.5136655e+00
   2.0003149e+00   1.5520515e+00
   1.8829267e+00   3.6448609e+00
   1.9224767e+00   3.5550823e+00
   2.0004427e+00   1.5197646e+00
   1.9781955e+00   3.5070518e+00
   2.0003094e+00   1.5715599e+00
   1.9057955e+00   3.5756136e+00
   2.0003928e+00   1.5209224e+00
   1.9783646e+00   3.5067541e+00
   2.0007507e+00   1.5163366e+00
   1.8744256e+00   4.0869036e+00
   1.9785106e+00   3.5060209e+00
   5.8064203e+00   1.5136640e+00
   1.9173485e+00   3.5611197e+00
   1.8748305e+00   4.0121859e+00
   1.8743865e+00   3.8161079e+00
   1.9282586e+00   3.5488730e+00
   4.7159538e+00   1.5136587e+00
   1.8738465e+00   5.2003704e+00
   1.9869778e+00   3.5047923e+00
   2.0003631e+00   1.5407040e+00
   1.9778066e+00   3.5074047e+00
   1.9277989e+00   3.5491579e+00
   1.8761932e+00   3.7251255e+00
   1.8944721e+00   3.5959454e+00
   1.9020950e+00   3.5861903e+00
   2.0010384e+00   1.5139104e+00
   2.0003993e+00   1.5288509e+00
   1.9253913e+00   3.5503898e+00
   2.8441302e+00   1.5137059e+00
   1.9781625e+00   3.5070913e+00
   2.0005177e+00   1.5210194e+00
   1.9247584e+00   3.5496262e+00
   1.8931379e+00   3.5926280e+00
   1.9057396e+00   3.5798154e+00
   1.9777752e+00   3.5145819e+00
   1.8880425e+00   3.5984121e+00
   1.8752540e+00   3.7850900e+00
   2.0002841e+00   1.5395610e+00
   1.8878865e+00   3.5994459e+00
   1.9051101e+00   3.5802227e+00
   1.9169824e+00   3.5648013e+00
   1.8734142e+00   6.3300259e+00
   2.0005511e+00   1.5186124e+00
   6.6081762e+00   1.5136313e+00
   1.9135084e+00   3.5688247e+00
   1.8943271e+00   3.5912551e+00
   2.0020275e+00   1.5138191e+00
   2.0006281e+00   1.5179519e+00
   1.9863406e+00   3.5055968e+00
   3.7067421e+00   1.5136705e+00
   1.9815327e+00   3.5057450e+00
   1.8886469e+00   3.6008425e+00
   1.8844380e+00   3.6182257e+00
   1.8860620e+00   3.6282498e+00
   1.8992557e+00   3.5914213e+00
   1.9061114e+00   3.5705148e+00
   1.9064165e+00   3.5708043e+00
   1.8747991e+00   3.7205521e+00
   1.9244703e+00   3.5503870e+00
   1.8798470e+00   3.6568305e+00
   1.9780216e+00   3.5072112e+00
   1.8759645e+00   3.7478490e+00
   2.0007635e+00   1.5147972e+00
   1.8909897e+00   3.5958379e+00
   2.8044288e+00   1.5136912e+00
   1.9231229e+00   3.5535215e+00
   1.8731100e+00   6.2399063e+00
   5.7161188e+00   1.5134655e+00
   1.9992771e+00   1.5665627e+00
   1.9012382e+00   3.5631918e+00
   1.9753212e+00   3.5080586e+00
   1.8580004e+00   3.6390439e+00
   1.9107867e+00   3.5565463e+00
   2.0002791e+00   1.5166304e+00
   1.8778344e+00   3.5814133e+00
   1.9225594e+00   3.5463165e+00
   2.0023358e+00   1.5139303e+00
   1.8855367e+00   3.5795405e+00
   1.9003672e+00   3.5643859e+00
   3.3983897e+00   1.5134912e+00
   1.9045834e+00   3.5598599e+00
   1.8693008e+00   3.5902092e+00
   2.0031156e+00   1.5137133e+00
   1.8868695e+00   3.5750565e+00
   2.0005498e+00   1.5149350e+00
   1.8886157e+00   3.5745306e+00
   1.9899336e+00   3.5032874e+00
   1.9867373e+00   3.5036312e+00
   2.0007722e+00   1.5138504e+00
   1.8606525e+00   3.6028609e+00
   1.8613088e+00   3.5970384e+00
   1.9776982e+00   3.5056029e+00
   2.0010173e+00   1.5138421e+00
   1.9778160e+00   3.5048479e+00
   1.9007230e+00   3.5633129e+00
   1.8660431e+00   3.5919198e+00
   1.9301752e+00   3.5433828e+00
   1.9223546e+00   3.5466443e+00
   1.9005539e+00   3.5636283e+00
   1.9970144e+00   3.5032137e+00
   1.8580492e+00   3.6151163e+00
   1.9206507e+00   3.5497575e+00
   2.0010573e+00   1.5137694e+00
   1.8958344e+00   3.5701586e+00
   1.8985317e+00   3.5695314e+00
   1.9775086e+00   3.5061552e+00
   2.0028303e+00   1.5137154e+00
   1.9991067e+00   1.6308943e+00
   2.0003766e+00   1.5158435e+00
   1.9774837e+00   3.5063112e+00
   2.8659079e+00   1.5135989e+00
   1.8579525e+00   3.6463892e+00
   1.9778931e+00   3.5048352e+00
   1.8706879e+00   3.5883314e+00
   1.8988725e+00   3.5665579e+00
   1.8593462e+00   3.6050828e+00
   1.9171685e+00   3.5523408e+00
   1.8611823e+00   3.5974755e+00
   1.8622556e+00   3.5964866e+00
   1.9240783e+00   3.5461971e+00
   1.8860849e+00   3.5779906e+00
   1.9000899e+00   3.5658856e+00
   1.8580228e+00   3.6301350e+00
   2.0048352e+00   1.5136139e+00
   1.9169521e+00   3.5524397e+00
   1.9983223e+00   1.9136784e+00
   1.9809017e+00   3.5046355e+00
   1.8578279e+00   3.8570061e+00
   1.9161833e+00   3.5532425e+00
   1.9019190e+00   3.5629496e+00
   1.8774056e+00   3.5814767e+00
   1.8774018e+00   3.5820949e+00
   1.8758201e+00   3.5866447e+00
   1.9987112e+00   1.7602510e+00
   1.9789242e+00   3.5046680e+00
   1.9035740e+00   3.5626748e+00
   1.9786691e+00   3.5047035e+00
   1.9776319e+00   3.5056714e+00
   1.9772907e+00   3.5063838e+00
   2.0023455e+00   1.5137334e+00
   1.8610843e+00   3.5978153e+00
   9.3584065e+00   1.5134039e+00
   2.0002283e+00   1.5192024e+00
   1.8620719e+00   3.5967895e+00
   1.8592573e+00   3.6082678e+00
   1.9153532e+00   3.5557231e+00
   1.9218902e+00   3.5481103e+00
   2.0000540e+00   1.5271447e+00
   2.0006182e+00   1.5141502e+00
   1.9219866e+00   3.5471181e+00
   2.0003781e+00   1.5153704e+00
   1.9777389e+00   3.5049761e+00
   1.9998950e+00   1.5428394e+00
   2.0006155e+00   1.5143911e+00
   1.9775727e+00   3.5059625e+00
   1.9811558e+00   3.5038231e+00
   1.9175974e+00   3.5521951e+00
   2.0002129e+00   1.5203547e+00
   1.9219977e+00   3.5471075e+00
   1.9774479e+00   3.5063658e+00
   1.8608129e+00   3.6017719e+00
   1.8694361e+00   3.5886235e+00
   1.8609173e+00   3.6016467e+00
   5.5576942e+00   1.5134827e+00
   1.9784513e+00   3.5047846e+00
   1.9224470e+00   3.5464687e+00
   1.9207179e+00   3.5494416e+00
   2.0028777e+00   1.5131628e+00
   1.8573269e+00   3.6092998e+00
   1.8612433e+00   3.5974012e+00
   2.0686665e+00   1.5124133e+00
   1.9959694e+00   1.6665477e+00
   1.8692175e+00   3.3447780e+00
   1.9169880e+00   3.3112501e+00
   1.9866263e+00   2.7672279e+00
   1.9966018e+00   1.5313146e+00
   1.9995715e+00   1.5157613e+00
   1.8760138e+00   3.3360763e+00
   2.0010398e+00   1.5137816e+00
   1.9754994e+00   2.7679411e+00
   2.1800828e+00   1.5121496e+00
   1.9157995e+00   3.3125506e+00
   1.9985091e+00   1.5206869e+00
   1.8570912e+00   8.8304637e+00
   1.8697938e+00   3.3431040e+00
   1.9751880e+00   2.7692219e+00
   1.9968726e+00   1.5581745e+00
   2.0007722e+00   1.5138504e+00
   2.0029366e+00   1.5130784e+00
   2.0422989e+00   1.5127809e+00
   2.0006904e+00   1.5139604e+00
   1.9737803e+00   2.7714043e+00
   1.8764401e+00   3.3359556e+00
   1.9998996e+00   1.5147480e+00
   3.9370427e+00   1.5116593e+00
   1.9309615e+00   3.3081321e+00
   1.8580273e+00   3.6032802e+00
   1.9984410e+00   1.5212572e+00
   2.0534296e+00   1.5126421e+00
   1.8766459e+00   3.3350569e+00
   1.8572384e+00   3.6374864e+00
   2.0010573e+00   1.5137694e+00
   1.9168143e+00   3.3212585e+00
   1.9973536e+00   1.5275362e+00
   1.9975045e+00   1.5238346e+00
   1.9958049e+00   1.8600467e+00
   1.8608007e+00   3.5976987e+00
   1.9753826e+00   2.7686681e+00
   1.9996577e+00   1.5148570e+00
   2.0008152e+00   1.5138197e+00
   1.8613300e+00   3.5970647e+00
   1.8645890e+00   3.3518318e+00
   2.0040221e+00   1.5130477e+00
   1.9144659e+00   3.3162642e+00
   2.0026482e+00   1.5132675e+00
   1.9232570e+00   3.3088701e+00
   1.8611823e+00   3.5974755e+00
   1.8773995e+00   3.3344580e+00
   2.0003982e+00   1.5141666e+00
   1.9762391e+00   2.7670387e+00
   1.8587274e+00   3.6026042e+00
   1.9836975e+00   2.7666577e+00
   1.8580328e+00   3.6026553e+00
   1.9060760e+00   3.3193957e+00
   1.8768495e+00   3.3348585e+00
   1.9743784e+00   2.7700682e+00
   1.8638681e+00   3.5950005e+00
   1.9963217e+00   1.5590203e+00
   2.0016557e+00   1.5136820e+00
   1.8573423e+00   3.6033054e+00
   2.0005906e+00   1.5141520e+00
   2.0010794e+00   1.5136891e+00
   1.8573826e+00   3.6382995e+00
   1.9965766e+00   1.5343709e+00
   2.0001194e+00   1.5143319e+00
   1.9965043e+00   1.5420961e+00
   2.0041904e+00   1.5129091e+00
   2.0588612e+00   1.5124102e+00
   2.1747514e+00   1.5123701e+00
   1.8617019e+00   3.5969803e+00
   1.9961091e+00   1.6056588e+00
   2.0007099e+00   1.5139122e+00
   1.8719763e+00   3.3424435e+00
   1.9738705e+00   2.7759841e+00
   1.9180176e+00   3.3104187e+00
   2.0016902e+00   1.5133112e+00
   1.9748767e+00   2.7700491e+00
   1.9184842e+00   3.3083911e+00
   2.0006182e+00   1.5141502e+00
   1.8581257e+00   3.6018750e+00
   1.9725910e+00   2.8026879e+00
   1.9053166e+00   3.3272288e+00
   2.0042330e+00   1.5128244e+00
   1.8593369e+00   3.6017985e+00
   1.9975575e+00   1.5273890e+00
   1.8859417e+00   3.3342067e+00
   1.9963975e+00   1.5424300e+00
   2.0044783e+00   1.5128757e+00
   4.8751084e+00   1.5120431e+00
   2.0004875e+00   1.5155144e+00
   1.9973536e+00   1.5306884e+00
   1.9987236e+00   1.5166211e+00
   1.8643684e+00   3.3495290e+00
   1.9829982e+00   2.7668320e+00
   1.9735860e+00   2.7805743e+00
   1.8761529e+00   3.3415234e+00
   2.0025414e+00   1.5132788e+00
   9.0154683e+00   1.5010877e+00
   2.8643806e+00   1.5099178e+00
   9.4134250e+00   1.5002600e+00
   5.3419160e+00   1.5078198e+00
   7.9991980e+00   1.5020847e+00
   3.7148844e+00   1.5086295e+00
   6.2183871e+00   1.5042412e+00
   1.9996944e+00   1.5147457e+00
   1.9849448e+00   2.7643390e+00
   2.8873479e+00   1.5096422e+00
   1.8572173e+00   3.6375044e+00
   8.6999308e+00   1.5014734e+00
   5.6689963e+00   1.5045375e+00
   1.9937933e+00   1.5265528e+00
   7.6628443e+00   1.5033230e+00
   1.9139498e+00   3.3100844e+00
   1.8801971e+00   3.3331984e+00
   1.9175301e+00   3.3065492e+00
   8.2173953e+00   1.5016187e+00
   1.9916012e+00   1.6197407e+00
   1.8647761e+00   3.3449917e+00
   1.9975289e+00   1.5167151e+00
   1.9929938e+00   1.5488911e+00
   1.9999231e+00   1.5143342e+00
   2.0024554e+00   1.5129269e+00
   1.9733195e+00   2.7706673e+00
   8.4861226e+00   1.5015318e+00
   1.9980014e+00   1.5162967e+00
   1.8604704e+00   3.3563920e+00
   2.0057252e+00   1.5116523e+00
   1.9940021e+00   1.5256512e+00
   1.8628497e+00   3.3524800e+00
   1.8571164e+00   3.6393384e+00
   1.8572384e+00   3.6374864e+00
   1.9759727e+00   2.7668421e+00
   1.8579552e+00   3.6021540e+00
   2.0023661e+00   1.5129534e+00
   1.9733655e+00   2.7702031e+00
   1.8929568e+00   3.3326872e+00
   2.0002693e+00   1.5141843e+00
   2.0016701e+00   1.5133596e+00
   2.0006518e+00   1.5140345e+00
   8.0778007e+00   1.5019470e+00
   2.0047097e+00   1.5123463e+00
   1.9963793e+00   1.5175366e+00
   1.9055937e+00   3.3261293e+00
   1.9971735e+00   1.5169762e+00
   1.9991452e+00   1.5150856e+00
   1.8769153e+00   3.3346722e+00
   2.0004209e+00   1.5140540e+00
   2.0031626e+00   1.5127348e+00
   1.9977892e+00   1.5163200e+00
   1.8580797e+00   3.3569212e+00
   1.9987877e+00   1.5152583e+00
   1.8800087e+00   3.3339713e+00
   1.9174717e+00   3.3065686e+00
   1.9060760e+00   3.3193957e+00
   1.8660791e+00   3.3448293e+00
   1.8571815e+00   3.6385364e+00
   1.9931575e+00   1.5436693e+00
   1.9156669e+00   3.3074715e+00
   1.8766615e+00   3.3347076e+00
   1.8573423e+00   3.6033054e+00
   1.8640951e+00   3.3474587e+00
   1.9833177e+00   2.7656309e+00
   1.9983933e+00   1.5161770e+00
   1.9791572e+00   2.7662231e+00
   2.0021938e+00   1.5131315e+00
   1.8570625e+00   5.1451540e+00
   1.9996100e+00   1.5147977e+00
   1.8670901e+00   3.3444272e+00
   2.0029030e+00   1.5128941e+00
   2.0014677e+00   1.5135529e+00
   2.0023469e+00   1.5130305e+00
   2.0007099e+00   1.5139122e+00
   2.0000406e+00   1.5142617e+00
   8.8740367e+00   1.5014701e+00
   1.9152210e+00   3.3075134e+00
   2.0016902e+00   1.5133112e+00
   1.9763894e+00   2.7663452e+00
   5.0133957e+00   1.5078715e+00
   2.0184747e+00   1.5113892e+00
   2.0013762e+00   1.5135637e+00
   2.0007367e+00   1.5138202e+00
   1.9053166e+00   3.3272288e+00
   1.9992394e+00   1.5149609e+00
   1.8755365e+00   3.3388293e+00
   1.9903501e+00   2.4622676e+00
   6.7233337e+00   1.5035928e+00
   2.0298393e+00   1.5105554e+00
   1.8759150e+00   3.3352975e+00
   1.9224029e+00   3.3046009e+00
   1.9997663e+00   1.5144023e+00
   2.0020716e+00   1.5131517e+00
   6.1728970e+00   1.5043928e+00
   2.0057304e+00   1.5114206e+00
   2.0016476e+00   1.5135462e+00
   1.8611619e+00   3.3550666e+00
   1.9704714e+00   2.7777329e+00
   2.0016478e+00   1.5134188e+00
   5.0550814e+00   1.4980800e+00
   1.9961637e+00   1.5173932e+00
   9.1144868e+00   1.4857801e+00
   1.9235774e+00   3.3037926e+00
   4.8742154e+00   1.5012965e+00
   4.1582539e+00   1.5041631e+00
   1.2721446e+01   1.4851609e+00
   2.8350642e+00   1.5071542e+00
   1.9727549e+00   2.7701198e+00
   1.9676918e+00   2.7977175e+00
   4.8620892e+00   1.5040961e+00
   1.9879804e+00   1.5528211e+00
   6.1446897e+00   1.4891845e+00
   1.8842851e+00   3.3322587e+00
   5.2070550e+00   1.4931495e+00
   5.2414922e+00   1.4916717e+00
   1.9139498e+00   3.3100844e+00
   3.0854106e+00   1.5065290e+00
   1.9913577e+00   1.5415322e+00
   1.8650960e+00   3.3445222e+00
   1.8962656e+00   3.3249769e+00
   3.4836988e+00   1.5047952e+00
   1.8570937e+00   3.3605362e+00
   1.9690254e+00   2.7767031e+00
   1.9756449e+00   2.7030787e+00
   5.5382546e+00   1.4901713e+00
   1.9356929e+00   3.3033287e+00
   1.9922296e+00   1.5261250e+00
   3.6315283e+00   1.5047498e+00
   2.0025317e+00   1.5127559e+00
   1.9976703e+00   1.5164056e+00
   1.9967420e+00   1.5172042e+00
   1.9972017e+00   1.5166586e+00
   2.0035812e+00   1.5124311e+00
   1.9224528e+00   3.3044605e+00
   1.8601941e+00   3.3540813e+00
   1.9045412e+00   3.3185608e+00
   1.8791303e+00   3.3333563e+00
   2.0017098e+00   1.5131790e+00
   1.9987210e+00   1.5153503e+00
   4.0580605e+00   1.5041726e+00
   1.9838281e+00   1.6996540e+00
   2.0000964e+00   1.5142000e+00
   1.9992395e+00   1.5147421e+00
   1.8786249e+00   3.3334447e+00
   1.9176894e+00   3.3057419e+00
   1.8776762e+00   3.3342082e+00
   1.8570767e+00   3.6360707e+00
   1.9971312e+00   1.5168374e+00
   2.0173694e+00   1.5081065e+00
   2.0022598e+00   1.5128509e+00
   1.8588107e+00   3.3568162e+00
   1.9183870e+00   3.3052113e+00
   1.9987877e+00   1.5152583e+00
   1.8666762e+00   3.3443251e+00
   1.8778687e+00   3.3341327e+00
   2.0004022e+00   1.5141268e+00
   2.0026574e+00   1.5127408e+00
   1.8571274e+00   3.3576194e+00
   1.9991442e+00   1.5148001e+00
   1.8778753e+00   3.3341263e+00
   1.8766615e+00   3.3347076e+00
   1.9156774e+00   3.3062619e+00
   1.8640951e+00   3.3474587e+00
   1.8775529e+00   3.3345099e+00
   1.8569996e+00   3.6382994e+00
   1.9180373e+00   3.3056906e+00
   1.0615242e+01   1.4854840e+00
   1.9935606e+00   1.5205191e+00
   1.9836414e+00   2.4843094e+00
   1.8835873e+00   3.3328235e+00
   1.8782051e+00   3.3337781e+00
   3.3810658e+00   1.5049173e+00
   1.9929453e+00   1.5233566e+00
   2.0007099e+00   1.5139122e+00
   1.9155796e+00   3.3064971e+00
   1.9757013e+00   2.5307694e+00
   1.8923961e+00   3.3319433e+00
   1.8778413e+00   3.3341620e+00
   1.9943800e+00   1.5205072e+00
   2.0040461e+00   1.5120148e+00
   2.0042338e+00   1.5119559e+00
   2.0013762e+00   1.5135637e+00
   2.0007367e+00   1.5138202e+00
   1.9999666e+00   1.5142580e+00
   1.9977496e+00   1.5160021e+00
   1.8755365e+00   3.3388293e+00
   1.8766475e+00   3.3348671e+00
   2.0047109e+00   1.5116903e+00
   2.0038195e+00   1.5123606e+00
   1.8759150e+00   3.3352975e+00
   1.9224029e+00   3.3046009e+00
   1.9997663e+00   1.5144023e+00
   2.0005555e+00   1.5141155e+00
   2.0001287e+00   1.5141784e+00
   1.8780523e+00   3.3340359e+00
   1.8609160e+00   3.3521167e+00
   1.9990912e+00   1.5149174e+00
   4.9677866e+00   1.4989313e+00
   1.8825484e+00   3.3331917e+00
   1.7555009e+00   1.2789736e+00
   1.6311078e+00   3.1015326e+00
   3.3126731e+00   1.2616400e+00
   4.6571224e+00   1.2385208e+00
   1.6288494e+00   3.8512803e+00
   1.7525272e+00   1.3302110e+00
   7.2650870e+00   1.2237844e+00
   3.0895613e+00   1.2667902e+00
   1.7530121e+00   1.3004879e+00
   6.3103744e+00   1.2240540e+00
   7.0868119e+00   1.2213742e+00
   4.6046811e+00   1.2402332e+00
   1.7691543e+00   1.2701560e+00
   1.6293691e+00   3.1767924e+00
   1.7518372e+00   1.4364823e+00
   4.7290455e+00   1.2383931e+00
   3.4425793e+00   1.2485946e+00
   1.6269795e+00   5.1377708e+00
   1.6304304e+00   3.1347751e+00
   4.3177290e+00   1.2438382e+00
   1.7596242e+00   1.2739909e+00
   2.4235900e+00   1.2667661e+00
   1.6277515e+00   4.5330252e+00
   4.2460537e+00   1.2455907e+00
   1.6289975e+00   3.7229425e+00
   3.6072386e+00   1.2485104e+00
   4.6106843e+00   1.2404306e+00
   1.8262713e+00   1.2676283e+00
   5.5622234e+00   1.2297878e+00
   1.6267303e+00   8.3091608e+00
   5.4573626e+00   1.2382616e+00
   1.7536335e+00   1.2893875e+00
   1.7648047e+00   1.2686038e+00
   1.6304982e+00   3.1239552e+00
   2.2153144e+00   1.2671071e+00
   1.6301566e+00   3.1543363e+00
   4.8082991e+00   1.2383657e+00
   1.6295192e+00   3.1823984e+00
   1.6270356e+00   7.6816949e+00
   4.8047436e+00   1.2386008e+00
   5.6586300e+00   1.2345040e+00
   1.7518622e+00   1.4607922e+00
   1.6585659e+00   3.0870093e+00
   4.4026403e+00   1.2411900e+00
   1.0199006e+01   1.0531433e+00
   9.4871975e+00   1.2162299e+00
   1.6291801e+00   3.5473919e+00
   1.6290099e+00   3.5707131e+00
   3.3183032e+00   1.2521882e+00
   4.3031438e+00   1.2454544e+00
   3.2682794e+00   1.2666617e+00
   1.0029631e+01   1.0419220e+00
   1.6293106e+00   3.5031723e+00
   1.6377393e+00   3.0873273e+00
   1.6350129e+00   3.0895030e+00
   5.8345538e+00   1.2340609e+00
   2.1574207e+00   1.2676716e+00
   3.4732717e+00   1.2493723e+00
   5.9409825e+00   1.2297806e+00
   7.9395575e+00   1.2215210e+00
   1.6510190e+00   3.0866584e+00
   3.3065808e+00   1.2497917e+00
   1.7543752e+00   1.2712179e+00
   7.3750311e+00   1.2224340e+00
   7.0232516e+00   1.2220502e+00
   4.3204874e+00   1.2431759e+00
   4.4950056e+00   1.2403979e+00
   2.0782087e+00   1.2675569e+00
   4.3498771e+00   1.2453671e+00
   5.8230369e+00   1.2281727e+00
   1.6318167e+00   3.0887171e+00
   1.6372642e+00   3.0886855e+00
   1.8024382e+00   1.2678407e+00
   1.6284914e+00   4.3426576e+00
   3.3796984e+00   1.2494424e+00
   1.7518292e+00   1.9997351e+00
   4.2050142e+00   1.2476079e+00
   2.6849018e+00   1.2672764e+00
   1.3098016e+01   9.9767253e-01
   1.6270201e+00   4.3179637e+00
   3.3196246e+00   1.2496985e+00
   1.7517947e+00   2.2210817e+00
   1.6287934e+00   3.9324557e+00
   1.6589107e+00   3.0865059e+00
   4.2592465e+00   1.2459448e+00
   1.9285517e+00   1.2678631e+00
   1.7913579e+00   1.2687885e+00
   6.2478763e+00   1.2254075e+00
   3.5208982e+00   1.2484177e+00
   4.4689240e+00   1.2426750e+00
   5.9464785e+00   1.2245940e+00
   6.9006790e+00   1.2250303e+00
   4.2973199e+00   1.2445821e+00
   1.7517985e+00   2.1405309e+00
   1.7523756e+00   1.3262911e+00
   1.6283521e+00   4.2175520e+00
   3.3289060e+00   1.2501180e+00
   1.6288556e+00   3.7148543e+00
   1.6308453e+00   3.0910289e+00
   1.6274119e+00   4.6734163e+00
   4.0540241e+00   5.8211147e-01
   4.8630098e+00   4.7714869e-01
   1.4420504e+00   3.0852631e+00
   2.0092209e+00   1.2665210e+00
   1.3821844e+00   3.5272021e+00
   4.0539238e+00   5.6070060e-01
   4.0564478e+00   4.8100220e-01
   1.9436370e+00   1.2666280e+00
   1.3864970e+00   3.1029012e+00
   3.3213158e+00   1.0013515e+00
   3.2758569e+00   1.0019876e+00
   3.2673668e+00   1.0038313e+00
   4.1007264e+00   4.7739552e-01
   1.8740226e+00   1.2666622e+00
   2.1677905e+00   1.2660909e+00
   2.2407042e+00   1.2660816e+00
   1.7569619e+00   1.2725301e+00
   1.4256612e+00   3.0853406e+00
   3.2665455e+00   1.0091612e+00
   4.0526301e+00   6.1818366e-01
   3.4360030e+00   1.0007689e+00
   1.8734751e+00   1.2669736e+00
   3.2675285e+00   1.0073366e+00
   1.4204536e+00   3.0853829e+00
   1.7511638e+00   2.2911006e+00
   1.7527354e+00   1.2928489e+00
   3.3077948e+00   1.0015655e+00
   1.7668865e+00   1.2684118e+00
   1.8237428e+00   1.2671195e+00
   1.3821967e+00   3.5116583e+00
   1.7514868e+00   1.4135873e+00
   1.4065604e+00   3.0856375e+00
   1.7648047e+00   1.2686038e+00
   4.0571456e+00   4.8122493e-01
   1.3929248e+00   3.0862900e+00
   3.2771985e+00   1.0021305e+00
   1.3961201e+00   3.0861669e+00
   4.0689320e+00   4.7757412e-01
   1.7514189e+00   2.2921862e+00
   4.0540600e+00   5.2517884e-01
   1.7522274e+00   1.2968535e+00
   4.0545325e+00   4.9561884e-01
   1.3934607e+00   3.0857992e+00
   1.4363739e+00   3.0850486e+00
   1.4082409e+00   3.0855155e+00
   1.4200151e+00   3.0854315e+00
   1.9713405e+00   1.2661690e+00
   1.7534137e+00   1.2860089e+00
   1.3858019e+00   3.3920684e+00
   4.1046444e+00   4.7751896e-01
   1.7580131e+00   1.2708449e+00
   4.1079039e+00   4.7725278e-01
   1.3868555e+00   3.0873808e+00
   4.0546750e+00   4.8462017e-01
   2.7554919e+00   1.2660516e+00
   4.3520194e+00   4.7705548e-01
   4.0709560e+00   4.7751484e-01
   1.3876507e+00   3.0863451e+00
   4.0533298e+00   6.4244684e-01
   1.7613293e+00   1.2682167e+00
   1.9318786e+00   1.2664871e+00
   4.7086429e+00   4.7715837e-01
   1.3844693e+00   3.3772143e+00
   1.7543752e+00   1.2712179e+00
   1.8625611e+00   1.2670924e+00
   1.7518673e+00   1.2934492e+00
   1.4799060e+00   3.0849323e+00
   1.3823223e+00   3.3980978e+00
   1.4655123e+00   3.0847794e+00
   1.7842428e+00   1.2671855e+00
   1.7544638e+00   1.2771095e+00
   4.0548013e+00   4.9009445e-01
   4.0609780e+00   4.7763169e-01
   4.1017748e+00   4.7723545e-01
   1.4104986e+00   3.0855289e+00
   1.3992310e+00   3.0856882e+00
   4.2369511e+00   4.7718886e-01
   1.7888828e+00   1.2673541e+00
   1.3817744e+00   3.5178660e+00
   3.2651106e+00   1.0127378e+00
   3.2840158e+00   1.0011300e+00
   1.4010088e+00   3.0856589e+00
   3.2728676e+00   1.0036297e+00
   1.3866601e+00   3.0866836e+00
   2.3295136e+00   1.2658289e+00
   4.3395700e+00   4.7722089e-01
   1.9095211e+00   1.2666800e+00
   1.3915442e+00   3.0863060e+00
   1.7603962e+00   1.2687752e+00
   2.2183497e+00   1.2660205e+00
   1.7532583e+00   1.2823542e+00
   1.3824730e+00   3.4143216e+00
   1.7519970e+00   1.3059655e+00
   2.0600567e+00   1.2662163e+00
   3.2673289e+00   1.0164255e+00
   1.7541694e+00   1.2765451e+00
   1.8713144e+00   1.2670815e+00
   1.7512790e+00   1.3274650e+00
   3.2672027e+00   1.0852318e+00
   1.8361407e+00   1.2671421e+00
   1.7510275e+00   1.3842846e+00
   4.0531190e+00   4.7897327e-01
   1.8282275e+00   1.2660420e+00
   1.3886579e+00   3.0852541e+00
   4.0497859e+00   4.8391483e-01
   1.7543587e+00   1.2704126e+00
   1.7798655e+00   1.2663644e+00
   1.7507910e+00   1.6823207e+00
   1.1371997e+00   3.7555849e+00
   2.4189058e+00   1.2651334e+00
   1.4481824e+00   3.0837069e+00
   3.2715635e+00   1.0010611e+00
   4.0680240e+00   4.7721155e-01
   1.3894425e+00   3.0859984e+00
   1.7629842e+00   1.2674027e+00
   1.8439304e+00   1.2663417e+00
   1.7635150e+00   1.2669007e+00
   3.2798795e+00   1.0005887e+00
   1.3876654e+00   3.0854505e+00
   4.0489644e+00   6.5698944e-01
   1.5094708e+00   3.0837208e+00
   1.3865834e+00   3.0864670e+00
   1.3848840e+00   3.1046211e+00
   4.0569217e+00   4.7753070e-01
   1.6431496e+00   3.0834156e+00
   1.7502546e+00   2.1762260e+00
   1.7515348e+00   1.2772159e+00
   1.7108713e+00   3.0836491e+00
   1.1416610e+00   3.4301801e+00
   1.3869547e+00   3.0861232e+00
   1.7509922e+00   1.3546628e+00
   4.0506606e+00   5.4890930e-01
   4.0546064e+00   4.7829243e-01
   1.8031961e+00   1.2663545e+00
   1.3853508e+00   3.0893666e+00
   4.2245630e+00   4.7723757e-01
   1.4400593e+00   3.0838688e+00
   1.7640486e+00   1.2672475e+00
   1.2573918e+00   3.3829742e+00
   1.7503515e+00   1.7453687e+00
   1.3896216e+00   3.0852322e+00
   3.2662892e+00   1.0377038e+00
   1.1367701e+00   3.4213491e+00
   1.4147445e+00   3.0840793e+00
   1.7507149e+00   1.5440854e+00
   1.1395220e+00   3.4272190e+00
   1.3863507e+00   3.0871071e+00
   1.2018112e+00   3.1288853e+00
   1.7510488e+00   1.3663427e+00
   1.1991176e+00   3.3830693e+00
   1.8872734e+00   1.2661061e+00
   1.4256563e+00   3.0840109e+00
   1.3806412e+00   3.1666613e+00
   1.3851097e+00   3.0972314e+00
   4.3520194e+00   4.7705548e-01
   1.3929707e+00   3.0841852e+00
   4.0506610e+00   4.8015014e-01
   1.3810299e+00   3.1521508e+00
   1.3851788e+00   3.0965453e+00
   1.3863584e+00   3.1042664e+00
   4.0486898e+00   5.6430741e-01
   4.0495407e+00   5.6089480e-01
   1.7843427e+00   1.2747963e+00
   1.1474990e+00   3.3812428e+00
   1.3904708e+00   3.0847454e+00
   1.1365299e+00   5.4473808e+00
   1.7514866e+00   1.3001127e+00
   1.7507377e+00   1.4086681e+00
   1.4392102e+00   3.0838585e+00
   3.2721998e+00   1.0005681e+00
   4.1115241e+00   4.7694173e-01
   1.3819079e+00   3.1280770e+00
   1.8739843e+00   1.2659046e+00
   1.3815398e+00   3.1252458e+00
   1.7523333e+00   1.2752816e+00
   1.7514273e+00   1.3044127e+00
   3.2679356e+00   1.0193617e+00
   1.3871966e+00   3.0856268e+00
   1.3857225e+00   3.0884904e+00
   1.4107640e+00   3.0842596e+00
   3.2702271e+00   1.0010790e+00
   1.8713082e+00   1.2660024e+00
   1.7523520e+00   1.2729861e+00
   1.7511396e+00   1.3345392e+00
   1.1354192e+00   3.4393216e+00
   1.3804852e+00   3.3798566e+00
   1.3852420e+00   3.0902012e+00
   3.2649298e+00   1.0034309e+00
   1.7507637e+00   2.3163726e+00
   2.1107617e+00   1.2654698e+00
   1.3867599e+00   3.0874986e+00
   1.3937051e+00   3.0845345e+00
   1.7560022e+00   1.2677106e+00
   1.7538789e+00   1.2706434e+00
   4.0528892e+00   4.7851968e-01
   1.7542293e+00   1.2738834e+00
   2.0407349e+00   1.2651972e+00
   1.7512790e+00   1.3274650e+00
   1.7517828e+00   1.2794834e+00
   1.7508795e+00   1.5960235e+00
