   1.9497582e+01   1.7971382e+01
   2.5437040e+01   2.5172914e+01
   2.1760374e+01   3.3735332e+01
   3.3426576e+01   1.8637446e+01
   3.3322865e+01   2.5493229e+01
   2.5782149e+01   2.8717763e+01
   2.3012374e+01   2.3896265e+01
   1.9664155e+01   1.9962734e+01
   2.8124266e+01   2.0610677e+01
   3.2030953e+01   2.1105709e+01
   2.1112414e+01   1.2346893e+01
   2.0402339e+01   1.4069969e+01
   3.6257816e+01   2.9261863e+01
   2.1144155e+01   2.3311772e+01
   1.5805613e+01   2.1243775e+01
   2.4029151e+01   1.6627556e+01
   2.0594451e+01   1.9344788e+01
   2.4662833e+01   1.1667820e+01
   2.8033088e+01   2.3855090e+01
   1.8574752e+01   1.7642096e+01
   3.1665742e+01   2.6439136e+01
   2.6776452e+01   1.3270709e+01
   1.5727023e+01   1.5852201e+01
   1.5768147e+01   1.3319606e+01
   1.3050403e+01   1.3854714e+01
   4.5509854e+01   2.3130864e+01
   3.3389205e+01   4.2485539e+01
   2.7932564e+01   3.1189340e+01
   1.7196093e+01   2.2242216e+01
   1.6170958e+01   1.2284895e+01
   2.4590432e+01   2.1744661e+01
   1.6536701e+01   1.9263008e+01
   1.7254461e+01   1.6932961e+01
   2.4708750e+01   3.1698773e+01
   2.3849173e+01   1.8912008e+01
   2.2435835e+01   1.3345847e+01
   1.9335420e+01   1.6192201e+01
   4.0765975e+01   3.7997374e+01
   2.2115927e+01   2.0260602e+01
   2.5894916e+01   1.5464783e+01
   3.4011892e+01   2.4711529e+01
   2.2581081e+01   2.0728216e+01
   3.2569160e+01   4.2130925e+01
   3.9418190e+01   3.0148897e+01
   2.4997296e+01   2.0005661e+01
   1.6064864e+01   1.9165683e+01
   1.7941533e+01   1.3549556e+01
   2.7246630e+01   3.5843759e+01
   1.3152643e+01   1.6469076e+01
   4.0816978e+01   3.1663507e+01
   2.4881266e+01   1.4714615e+01
   1.3883641e+01   1.8261540e+01
   2.7260278e+01   2.1761618e+01
   1.5309909e+01   2.3587060e+01
   2.9890526e+01   2.7692668e+01
   1.2198346e+01   1.3880006e+01
   3.6424852e+01   2.2593404e+01
   3.9218147e+01   2.2469177e+01
   2.0198782e+01   1.2736648e+01
   1.8129777e+01   2.6956056e+01
   1.6647680e+01   1.5513269e+01
   1.9727274e+01   2.2289193e+01
   2.5889503e+01   2.4368239e+01
   1.7265890e+01   1.9478721e+01
   1.6680917e+01   1.6940932e+01
   3.1693704e+01   3.2675914e+01
   3.9647565e+01   2.8462209e+01
   2.1933340e+01   1.6331004e+01
   2.5495856e+01   1.9794663e+01
   3.7547234e+01   3.0990891e+01
   3.2666796e+01   2.6175309e+01
   3.0322786e+01   3.5643023e+01
   1.6101902e+01   1.7987026e+01
   1.3711025e+01   2.7019858e+01
   2.2427216e+01   3.0074073e+01
   2.8442142e+01   3.7785671e+01
   1.3638752e+01   1.3523872e+01
   1.9165044e+01   1.1810783e+01
   2.6474730e+01   2.7167425e+01
   1.5633016e+01   1.1165504e+01
   2.0206439e+01   2.0369409e+01
   3.0102310e+01   2.9536687e+01
   1.4836390e+01   2.4228407e+01
   1.7037946e+01   1.7248207e+01
   2.0883729e+01   1.4135279e+01
   2.0634156e+01   2.3762137e+01
   1.9064444e+01   1.6430105e+01
   3.1707751e+01   2.0122241e+01
   2.5213907e+01   1.8868680e+01
   2.5187129e+01   2.0617971e+01
   1.9299630e+01   1.2827928e+01
   3.0325615e+01   2.6340663e+01
   2.1119158e+01   2.1492114e+01
   1.9822236e+01   1.8149770e+01
   2.0188863e+01   2.5440367e+01
   1.5921755e+01   1.4853452e+01
   2.0900400e+01   1.9736799e+01
   1.7155116e+01   1.8482294e+01
   1.7787942e+01   1.6574832e+01
   2.3872328e+01   2.0353003e+01
   4.6252650e+00   3.4208236e+00
   4.1451263e+00   4.5473751e+00
   7.4800081e+00   2.4253677e+00
   4.0568371e+00   4.9773184e+00
   4.4690415e+00   3.9471234e+00
   5.2010116e+00   2.9653795e+00
   9.0003729e+00   2.3356221e+00
   5.6780602e+00   2.7886260e+00
   8.0412527e+00   2.3209021e+00
   4.4343749e+00   4.1887098e+00
   6.0654628e+00   2.6336066e+00
   7.4969961e+00   2.3683841e+00
   8.0004178e+00   2.3891692e+00
   4.7328451e+00   3.8046338e+00
   4.6239342e+00   3.9323771e+00
   5.1135742e+00   3.3259576e+00
   4.0990965e+00   5.4013988e+00
   4.5944619e+00   3.4874473e+00
   4.7464554e+00   3.7260562e+00
   4.8593788e+00   3.2892540e+00
   5.8840414e+00   2.4256383e+00
   5.5905130e+00   2.3593745e+00
   4.2254139e+00   4.3428939e+00
   5.0871190e+00   3.4991287e+00
   8.6948197e+00   2.3466064e+00
   4.1005722e+00   6.9161668e+00
   4.3967147e+00   3.8826125e+00
   4.3660362e+00   4.2137870e+00
   5.0118702e+00   3.5607085e+00
   5.2920861e+00   2.6232913e+00
   5.5570303e+00   2.8655944e+00
   4.1697288e+00   5.0791161e+00
   8.8958248e+00   2.3256251e+00
   8.8979367e+00   2.3301268e+00
   4.4411453e+00   4.1542191e+00
   6.0216829e+00   2.6111595e+00
   7.6349895e+00   2.4155514e+00
   7.1501031e+00   2.4546326e+00
   4.0971622e+00   5.9407813e+00
   4.2231726e+00   4.4612606e+00
   4.1426030e+00   5.3108977e+00
   4.7161734e+00   3.7553323e+00
   5.3360377e+00   2.9411121e+00
   5.0439367e+00   3.4706924e+00
   4.1956679e+00   4.1580697e+00
   4.1422570e+00   4.1438731e+00
   4.8964361e+00   3.4759759e+00
   4.0846547e+00   1.0011636e+01
   4.0697846e+00   5.7210873e+00
   6.9492259e+00   2.3578537e+00
   4.0282601e+00   6.6588460e+00
   5.3846193e+00   2.8355456e+00
   4.8625565e+00   2.7294821e+00
   5.9860712e+00   2.6464550e+00
   4.1245785e+00   5.0787765e+00
   5.9355445e+00   2.7572360e+00
   4.4313645e+00   4.0284571e+00
   4.0106384e+00   6.9106578e+00
   5.0121784e+00   2.8270627e+00
   5.1135978e+00   3.1557810e+00
   4.4621633e+00   3.9957969e+00
   5.7953378e+00   2.6360618e+00
   5.1914081e+00   2.9810870e+00
   4.1551032e+00   5.0456917e+00
   4.3717067e+00   4.1279029e+00
   4.3996476e+00   4.2899592e+00
   7.6834683e+00   2.3663559e+00
   4.1913883e+00   4.2981068e+00
   4.0922172e+00   4.7288581e+00
   5.9279972e+00   2.8065010e+00
   4.0685254e+00   4.8386941e+00
   4.8432896e+00   3.6808425e+00
   4.4150172e+00   4.2124107e+00
   4.4731044e+00   4.0624699e+00
   8.4168127e+00   2.3706395e+00
   4.4327016e+00   3.9426991e+00
   5.0135815e+00   3.5135511e+00
   6.0763040e+00   2.4731894e+00
   4.0537532e+00   8.6776496e+00
   4.0952964e+00   9.4448676e+00
   5.4291902e+00   3.1894243e+00
   4.1106655e+00   5.5048659e+00
   4.6107481e+00   3.8047268e+00
   5.5071525e+00   3.0365539e+00
   7.9304742e+00   2.3373680e+00
   7.5804545e+00   2.3684012e+00
   7.3312093e+00   2.3562255e+00
   4.1782447e+00   4.9333980e+00
   4.1288783e+00   5.1871512e+00
   5.9408229e+00   2.4687965e+00
   4.3571453e+00   4.2559045e+00
   5.1165224e+00   3.3245039e+00
   5.2880855e+00   3.2529670e+00
   7.5525659e+00   2.3768909e+00
   4.6400413e+00   3.6264133e+00
   4.7123353e+00   3.8820382e+00
   4.2052757e+00   4.7599276e+00
   4.8692357e+00   3.5716691e+00
   9.3987732e+00   2.3284345e+00
   4.3425802e+00   4.1371925e+00
   2.7521502e+00   1.7547901e+00
   2.7549260e+00   1.7544826e+00
   2.7463607e+00   5.9463545e+00
   5.0018013e+00   1.7342783e+00
   2.7505871e+00   1.7549969e+00
   2.7716803e+00   1.7518687e+00
   2.9959755e+00   1.7436516e+00
   2.7496715e+00   1.7554759e+00
   2.7503973e+00   1.7554581e+00
   2.7502584e+00   1.7554705e+00
   5.1864846e+00   1.7333201e+00
   4.9726845e+00   1.7344968e+00
   3.7494622e+00   1.7413832e+00
   2.7486452e+00   1.7570234e+00
   5.5315166e+00   1.7296298e+00
   2.7471139e+00   1.8081815e+00
   2.7522501e+00   1.7546240e+00
   2.8873424e+00   1.7463713e+00
   2.7937472e+00   1.7470712e+00
   5.2337091e+00   1.7308316e+00
   2.7593251e+00   1.7539556e+00
   5.5538397e+00   1.7289556e+00
   2.8657555e+00   1.7466732e+00
   2.7829875e+00   1.7507585e+00
   4.8830840e+00   1.7348373e+00
   5.0065210e+00   1.7340572e+00
   2.8049710e+00   1.7485452e+00
   4.9578691e+00   1.7342431e+00
   6.5374272e+00   1.7271038e+00
   5.6366456e+00   1.7273262e+00
   2.7486029e+00   1.7568225e+00
   2.7488241e+00   1.7555868e+00
   2.9775998e+00   1.7438906e+00
   2.9497187e+00   1.7454074e+00
   3.5359117e+00   1.7428036e+00
   2.7482241e+00   1.7598311e+00
   7.3251672e+00   1.7278145e+00
   4.1680464e+00   1.7351900e+00
   2.7650485e+00   1.7524299e+00
   2.7467475e+00   1.8065582e+00
   3.3696489e+00   1.7431218e+00
   2.8601363e+00   1.7470159e+00
   5.4390921e+00   1.7305519e+00
   4.9524458e+00   1.7346487e+00
   2.7491114e+00   1.7555433e+00
   2.7695534e+00   1.7520456e+00
   2.9228005e+00   1.7456684e+00
   5.7375439e+00   1.7285653e+00
   3.2514909e+00   1.7435131e+00
   7.7638353e+00   1.7274930e+00
   3.9959201e+00   1.7370840e+00
   5.1118784e+00   1.7333042e+00
   2.8479908e+00   1.7469737e+00
   2.7753463e+00   1.7506462e+00
   2.7553409e+00   1.7543499e+00
   2.8989864e+00   1.7457235e+00
   2.7493623e+00   1.7555231e+00
   2.7749784e+00   1.7514000e+00
   5.4245572e+00   1.7316510e+00
   2.7632498e+00   1.7548241e+00
   2.7479814e+00   1.7617359e+00
   3.7336617e+00   1.7433775e+00
   2.7467865e+00   2.6614021e+00
   2.9079140e+00   1.7450805e+00
   3.8049749e+00   1.7370386e+00
   5.1506242e+00   1.7330500e+00
   2.8479360e+00   1.7470432e+00
   2.7477665e+00   1.7813000e+00
   3.8696396e+00   1.7354051e+00
   2.7486343e+00   1.7560152e+00
   2.7619007e+00   1.7531426e+00
   2.7689296e+00   1.7522425e+00
   2.7466512e+00   1.8099450e+00
   2.8374459e+00   1.7473812e+00
   2.7884786e+00   1.7503397e+00
   4.1216253e+00   1.7358131e+00
   5.1980819e+00   1.7329107e+00
   2.8343903e+00   1.7474666e+00
   3.8378385e+00   1.7409356e+00
   2.7721348e+00   1.7514884e+00
   3.7724126e+00   1.7422881e+00
   2.7901067e+00   1.7501793e+00
   3.8654439e+00   1.7372087e+00
   2.7557166e+00   1.7540901e+00
   2.7518038e+00   1.7548735e+00
   5.2378160e+00   1.7331947e+00
   3.7433280e+00   1.7420147e+00
   2.9121941e+00   1.7457096e+00
   2.7597671e+00   1.7529438e+00
   5.0204447e+00   1.7338709e+00
   2.7456682e+00   3.5219376e+00
   2.7493949e+00   1.7554913e+00
   5.0265881e+00   1.7335724e+00
   2.7487717e+00   1.7555987e+00
   3.9584487e+00   1.7350163e+00
   2.7481102e+00   1.7570031e+00
   5.5313173e+00   1.7301694e+00
   5.6012831e+00   1.7303318e+00
   2.8012471e+00   1.7500726e+00
   4.8899470e+00   1.7347836e+00
   2.7271920e+00   4.6378209e+00
   2.7492715e+00   1.7554823e+00
   2.7371809e+00   1.9458104e+00
   7.6508970e+00   1.7190785e+00
   2.7505871e+00   1.7549969e+00
   2.7531958e+00   1.7541156e+00
   2.7341135e+00   2.0923631e+00
   2.7496715e+00   1.7554759e+00
   2.7503973e+00   1.7554581e+00
   2.7502584e+00   1.7554705e+00
   2.7392243e+00   1.9423295e+00
   2.7469368e+00   1.7576884e+00
   3.0677100e+00   1.7330104e+00
   2.7307650e+00   3.6062575e+00
   2.7463878e+00   1.7609353e+00
   2.7318319e+00   3.1894562e+00
   2.7266378e+00   4.7928655e+00
   8.0697215e+00   1.7187554e+00
   2.8077789e+00   1.7396627e+00
   2.7533269e+00   1.7539305e+00
   2.7306704e+00   3.4172543e+00
   2.7416294e+00   1.7753314e+00
   5.1297779e+00   1.7245042e+00
   3.7340898e+00   1.7259532e+00
   2.7632179e+00   1.7504357e+00
   2.7578193e+00   1.7528545e+00
   2.7861444e+00   1.7484940e+00
   2.7701187e+00   1.7494994e+00
   2.7730536e+00   1.7474031e+00
   2.7340005e+00   2.7980059e+00
   2.7587973e+00   1.7520239e+00
   2.7488241e+00   1.7555868e+00
   2.7464189e+00   1.7608177e+00
   2.7327908e+00   3.1191675e+00
   6.3845256e+00   1.7193530e+00
   8.3760337e+00   1.7182671e+00
   2.8557456e+00   1.7365628e+00
   2.7706846e+00   1.7483585e+00
   2.7259061e+00   6.3235694e+00
   2.7946681e+00   1.7461736e+00
   2.7286276e+00   4.0566488e+00
   2.7239812e+00   9.0604117e+00
   2.7501883e+00   1.7558384e+00
   2.8154510e+00   1.7411702e+00
   2.7491114e+00   1.7555433e+00
   2.7604392e+00   1.7512824e+00
   3.6530213e+00   1.7267559e+00
   4.7480964e+00   1.7253080e+00
   9.6092433e+00   1.7184912e+00
   2.7504696e+00   1.7552404e+00
   5.6766727e+00   1.7221570e+00
   2.9053819e+00   1.7357641e+00
   2.7343433e+00   2.7991926e+00
   5.2399401e+00   1.7246891e+00
   2.7325387e+00   3.1774828e+00
   3.5421367e+00   1.7311095e+00
   2.9442457e+00   1.7344054e+00
   2.7768178e+00   1.7464423e+00
   2.7226472e+00   8.6994959e+00
   2.7266311e+00   4.6723516e+00
   2.8099694e+00   1.7379226e+00
   2.7252568e+00   7.9216823e+00
   2.7515316e+00   1.7545586e+00
   2.7523462e+00   1.7545018e+00
   2.7330692e+00   3.1368472e+00
   2.7990367e+00   1.7436364e+00
   2.7375360e+00   2.0058601e+00
   2.8040742e+00   1.7415436e+00
   2.7262124e+00   5.5827074e+00
   3.6360421e+00   1.7288667e+00
   2.7486343e+00   1.7560152e+00
   2.7278773e+00   4.5585471e+00
   8.5212547e+00   1.7186279e+00
   2.7945793e+00   1.7463549e+00
   3.7616277e+00   1.7263140e+00
   2.7299988e+00   3.8053937e+00
   2.7460315e+00   1.7635281e+00
   2.8803519e+00   1.7355599e+00
   3.1321534e+00   1.7334924e+00
   4.9702192e+00   1.7250754e+00
   3.5272361e+00   1.7324628e+00
   2.7562746e+00   1.7531907e+00
   3.6434956e+00   1.7271093e+00
   2.7322015e+00   3.3618113e+00
   2.7386728e+00   1.8625732e+00
   2.7594366e+00   1.7512329e+00
   2.7293304e+00   4.2573465e+00
   6.3401354e+00   1.7193406e+00
   2.7353104e+00   2.1178264e+00
   2.8042399e+00   1.7410115e+00
   2.7714156e+00   1.7475881e+00
   2.7414450e+00   1.7685013e+00
   2.7243872e+00   7.8740764e+00
   2.7487717e+00   1.7555987e+00
   6.0878042e+00   1.7199499e+00
   2.7481102e+00   1.7570031e+00
   2.7597600e+00   1.7518725e+00
   5.3580330e+00   1.7234792e+00
   2.7483649e+00   1.7567392e+00
   3.2062642e+00   1.7326528e+00
   2.7149693e+00   6.7819637e+00
   3.5896152e+00   1.7256193e+00
   5.5075923e+00   1.7162246e+00
   2.7162670e+00   6.6507611e+00
   6.1561102e+00   1.7121987e+00
   4.7979477e+00   1.7211191e+00
   2.7293287e+00   1.8394141e+00
   2.7235814e+00   2.0698800e+00
   2.7226479e+00   2.0951079e+00
   5.6491878e+00   1.7159913e+00
   2.7128652e+00   6.9677376e+00
   2.7144281e+00   6.8821378e+00
   2.7101779e+00   7.2046932e+00
   2.7605827e+00   1.7503911e+00
   2.7174879e+00   6.1733807e+00
   2.8283241e+00   1.7350107e+00
   2.7177965e+00   5.6469444e+00
   8.8320524e+00   1.7057246e+00
   2.7264564e+00   1.8600171e+00
   5.4645025e+00   1.7167637e+00
   2.7469333e+00   1.7581362e+00
   2.7602629e+00   1.7506066e+00
   2.7670686e+00   1.7485594e+00
   2.7470291e+00   1.7575236e+00
   2.7868410e+00   1.7396604e+00
   2.7503049e+00   1.7553252e+00
   2.7504968e+00   1.7551342e+00
   2.7537742e+00   1.7532925e+00
   2.7858451e+00   1.7397755e+00
   2.7166695e+00   6.4849058e+00
   2.7488241e+00   1.7555868e+00
   2.8585052e+00   1.7337451e+00
   2.7555310e+00   1.7521148e+00
   2.8125904e+00   1.7371995e+00
   2.7500480e+00   1.7554221e+00
   2.7508526e+00   1.7545816e+00
   4.7522085e+00   1.7214869e+00
   2.7519307e+00   1.7542721e+00
   3.6422530e+00   1.7238150e+00
   2.7125727e+00   7.0146273e+00
   2.7197353e+00   3.1521585e+00
   2.8738251e+00   1.7328612e+00
   2.7832062e+00   1.7413907e+00
   2.7491114e+00   1.7555433e+00
   2.7396020e+00   1.7699939e+00
   2.7641919e+00   1.7491316e+00
   8.3443746e+00   1.7075826e+00
   2.7472266e+00   1.7570730e+00
   2.7504696e+00   1.7552404e+00
   6.3868722e+00   1.7098763e+00
   7.3844106e+00   1.7084186e+00
   2.7742691e+00   1.7446853e+00
   2.7404308e+00   1.7672050e+00
   2.7674143e+00   1.7474561e+00
   2.7561331e+00   1.7519028e+00
   2.7718091e+00   1.7459270e+00
   2.7449256e+00   1.7597942e+00
   8.6357867e+00   1.7057876e+00
   2.7463944e+00   1.7597643e+00
   2.8099694e+00   1.7379226e+00
   2.7502789e+00   1.7553638e+00
   2.7515316e+00   1.7545586e+00
   5.2161833e+00   1.7209142e+00
   5.3610440e+00   1.7205755e+00
   2.9710498e+00   1.7298569e+00
   2.9389851e+00   1.7322097e+00
   2.7484339e+00   1.7562307e+00
   2.7656172e+00   1.7489206e+00
   2.7499855e+00   1.7554221e+00
   2.7486343e+00   1.7560152e+00
   2.7308972e+00   1.8254872e+00
   2.8079017e+00   1.7390200e+00
   6.0024435e+00   1.7156629e+00
   5.3993565e+00   1.7198418e+00
   2.7477215e+00   1.7570452e+00
   2.7471568e+00   1.7575182e+00
   2.7260425e+00   1.8736905e+00
   6.0385708e+00   1.7149861e+00
   2.7574474e+00   1.7514448e+00
   2.7180485e+00   4.8047655e+00
   6.3195004e+00   1.7106720e+00
   2.7482411e+00   1.7564496e+00
   2.7684290e+00   1.7473200e+00
   2.7339286e+00   1.7932747e+00
   6.7514459e+00   1.7095579e+00
   2.7988233e+00   1.7396302e+00
   3.2700942e+00   1.7256260e+00
   2.7183209e+00   3.9505153e+00
   2.8080691e+00   1.7384811e+00
   2.7567966e+00   1.7515217e+00
   2.7534162e+00   1.7533019e+00
   2.7538206e+00   1.7527383e+00
   5.4623596e+00   1.7192014e+00
   2.7487717e+00   1.7555987e+00
   2.7707105e+00   1.7469036e+00
   2.7481102e+00   1.7570031e+00
   3.6581238e+00   1.7230798e+00
   3.6389835e+00   1.7255676e+00
   2.7202186e+00   2.9274938e+00
   3.2095915e+00   1.7279303e+00
   2.7287324e+00   1.8345572e+00
   4.7757138e+00   1.7201421e+00
   2.7593908e+00   1.7498721e+00
   2.7190852e+00   2.4786788e+00
   2.7217608e+00   2.0626770e+00
   8.5582168e+00   1.7015958e+00
   2.8209065e+00   1.7349392e+00
   2.7099613e+00   6.6296652e+00
   7.3960497e+00   1.7044379e+00
   5.4782819e+00   1.7152853e+00
   6.3831343e+00   1.7083462e+00
   8.9053561e+00   1.7011968e+00
   2.7251737e+00   1.9815329e+00
   9.9697605e+00   1.6996000e+00
   2.9291505e+00   1.7299464e+00
   7.3844025e+00   1.7057067e+00
   7.1915112e+00   1.7068358e+00
   5.3121369e+00   1.7174877e+00
   2.7106873e+00   5.9918542e+00
   2.7199709e+00   2.2248841e+00
   2.7169260e+00   2.5087747e+00
   3.1246616e+00   1.7294442e+00
   2.7224819e+00   2.0325560e+00
   2.7885515e+00   1.7391754e+00
   2.7136821e+00   5.7890257e+00
   2.7383475e+00   1.7687585e+00
   2.7159861e+00   5.6264454e+00
   4.2752921e+00   1.7221713e+00
   4.4822334e+00   1.7205767e+00
   4.9929247e+00   1.7197491e+00
   2.7488241e+00   1.7555868e+00
   2.8585052e+00   1.7337451e+00
   2.7536629e+00   1.7525878e+00
   2.7521014e+00   1.7540567e+00
   2.7774758e+00   1.7412094e+00
   2.7508526e+00   1.7545816e+00
   2.7165994e+00   4.3618749e+00
   3.4681160e+00   1.7228376e+00
   2.7548307e+00   1.7522832e+00
   2.9264613e+00   1.7308037e+00
   5.9567945e+00   1.7089894e+00
   8.3387440e+00   1.7033292e+00
   2.7482341e+00   1.7562317e+00
   2.7491114e+00   1.7555433e+00
   5.3559795e+00   1.7172240e+00
   2.7047592e+00   7.4217403e+00
   2.7568916e+00   1.7512306e+00
   2.7472266e+00   1.7570730e+00
   2.8171212e+00   1.7357333e+00
   2.8469142e+00   1.7340149e+00
   2.7478343e+00   1.7568507e+00
   2.7742691e+00   1.7446853e+00
   2.7404308e+00   1.7672050e+00
   2.7468922e+00   1.7573540e+00
   2.7632880e+00   1.7474623e+00
   2.7718091e+00   1.7459270e+00
   8.1743544e+00   1.7043453e+00
   2.8462604e+00   1.7346949e+00
   2.7098644e+00   6.6627515e+00
   2.7307108e+00   1.8023061e+00
   2.7256614e+00   1.8498302e+00
   2.7515316e+00   1.7545586e+00
   2.7693722e+00   1.7469126e+00
   2.8070516e+00   1.7357983e+00
   2.9710498e+00   1.7298569e+00
   3.0445181e+00   1.7294875e+00
   2.7484339e+00   1.7562307e+00
   2.7548658e+00   1.7520116e+00
   5.9028729e+00   1.7098859e+00
   2.7486343e+00   1.7560152e+00
   2.7474892e+00   1.7569576e+00
   2.7099663e+00   6.5782818e+00
   2.7502297e+00   1.7547490e+00
   8.3724996e+00   1.7019832e+00
   2.8642529e+00   1.7314053e+00
   2.7494325e+00   1.7554031e+00
   2.7602192e+00   1.7497013e+00
   2.7083662e+00   6.8897916e+00
   7.6866889e+00   1.7043808e+00
   2.7204681e+00   2.0974254e+00
   2.7471901e+00   1.7571298e+00
   2.7163460e+00   5.5958920e+00
   2.7684290e+00   1.7473200e+00
   2.7339286e+00   1.7932747e+00
   2.7298769e+00   1.8239497e+00
   5.9035531e+00   1.7096232e+00
   3.2700942e+00   1.7256260e+00
   2.7537940e+00   1.7630815e+00
   2.7161339e+00   5.6144334e+00
   2.7567966e+00   1.7515217e+00
   2.7531590e+00   1.7539053e+00
   2.7074980e+00   6.9440435e+00
   2.7488527e+00   1.7555840e+00
   2.7487717e+00   1.7555987e+00
   2.7707105e+00   1.7469036e+00
   2.7045890e+00   9.9348029e+00
   5.0880355e+00   1.7182502e+00
   2.7299928e+00   1.8215094e+00
   2.7195256e+00   2.4403466e+00
   3.2095915e+00   1.7279303e+00
   3.2454143e+00   1.7268638e+00
   2.7160916e+00   3.9202264e+00
   2.7593908e+00   1.7498721e+00
   7.5842207e+00   1.7018657e+00
   2.7171938e+00   2.3586547e+00
   3.3007430e+00   1.7229961e+00
   2.7163505e+00   3.2516272e+00
   2.8209065e+00   1.7349392e+00
   2.7233367e+00   1.9015895e+00
   5.4860248e+00   1.7113873e+00
   2.7273272e+00   1.8225204e+00
   5.5706175e+00   1.7098717e+00
   2.7021953e+00   6.8602871e+00
   7.3468203e+00   1.7035005e+00
   2.7026853e+00   6.6939964e+00
   2.9291505e+00   1.7299464e+00
   7.4799878e+00   1.7030012e+00
   3.6150909e+00   1.7194994e+00
   7.1349815e+00   1.7042140e+00
   6.0239784e+00   1.7082906e+00
   2.6963700e+00   8.7057008e+00
   2.6990752e+00   7.6201848e+00
   2.7730937e+00   1.7443957e+00
   5.3840654e+00   1.7167851e+00
   2.7885515e+00   1.7391754e+00
   2.7156805e+00   4.7983135e+00
   2.7371929e+00   1.7745167e+00
   6.8747602e+00   1.7054819e+00
   5.6293453e+00   1.7085826e+00
   8.0950896e+00   1.7005832e+00
   2.7184153e+00   2.0593659e+00
   2.7290708e+00   1.8167284e+00
   2.7029713e+00   6.5875983e+00
   2.7166382e+00   2.4172385e+00
   2.7183449e+00   2.2697436e+00
   2.9560386e+00   1.7271011e+00
   2.7253599e+00   1.8475403e+00
   6.4607507e+00   1.7062554e+00
   9.8884814e+00   1.6987252e+00
   2.7175399e+00   2.2953382e+00
   2.7470821e+00   1.7567918e+00
   2.7459458e+00   1.7591210e+00
   2.7187250e+00   2.0081307e+00
   2.6998425e+00   7.1477130e+00
   2.7059854e+00   5.7423118e+00
   5.3559795e+00   1.7172240e+00
   2.7691374e+00   1.7447884e+00
   2.7568916e+00   1.7512306e+00
   9.5149366e+00   1.6996267e+00
   2.7209878e+00   1.9301466e+00
   2.8469142e+00   1.7340149e+00
   2.7467224e+00   1.7571880e+00
   2.7537168e+00   1.7536956e+00
   2.7404308e+00   1.7672050e+00
   5.0407688e+00   1.7174377e+00
   2.7632880e+00   1.7474623e+00
   6.0891330e+00   1.7072813e+00
   2.7158604e+00   4.6374183e+00
   2.7491051e+00   1.7555216e+00
   2.7605962e+00   1.7495559e+00
   2.7307108e+00   1.8023061e+00
   2.6964620e+00   8.3257322e+00
   2.7515316e+00   1.7545586e+00
   2.6968519e+00   8.3254222e+00
   2.7478645e+00   1.7564685e+00
   4.6160949e+00   1.7175342e+00
   2.7343288e+00   1.7850192e+00
   5.9232392e+00   1.7084436e+00
   2.7548658e+00   1.7520116e+00
   2.8059779e+00   1.7353570e+00
   2.7486343e+00   1.7560152e+00
   2.7481313e+00   1.7564146e+00
   6.8214423e+00   1.7059204e+00
   2.7502297e+00   1.7547490e+00
   2.9223084e+00   1.7300613e+00
   2.8642529e+00   1.7314053e+00
   2.7494325e+00   1.7554031e+00
   2.7602192e+00   1.7497013e+00
   2.7370516e+00   1.7799024e+00
   2.7463592e+00   1.7593427e+00
   2.7747713e+00   1.7435406e+00
   2.7552320e+00   1.7519155e+00
   9.0393562e+00   1.6999893e+00
   2.7534875e+00   1.7537352e+00
   2.7019100e+00   6.9595617e+00
   2.7314908e+00   1.7901711e+00
   2.7507901e+00   1.7545854e+00
   3.2700942e+00   1.7256260e+00
   2.7050824e+00   6.4985633e+00
   2.7519179e+00   1.7540218e+00
   2.7784060e+00   1.7400049e+00
   2.7531590e+00   1.7539053e+00
   4.2627156e+00   1.7179372e+00
   2.7488527e+00   1.7555840e+00
   2.7487717e+00   1.7555987e+00
   2.7529650e+00   1.7540201e+00
   2.7484770e+00   1.7560801e+00
   2.7110910e+00   5.4583071e+00
   2.7591512e+00   1.7500930e+00
   3.3637718e+00   1.7198119e+00
   2.7077359e+00   5.4669302e+00
   7.4310872e+00   1.6998731e+00
   8.6509627e+00   1.6942083e+00
   2.7359312e+00   1.7767084e+00
   5.8581951e+00   1.7083988e+00
   6.9723861e+00   1.7022505e+00
   8.8082625e+00   1.6922371e+00
   2.8643263e+00   1.7301206e+00
   5.3527253e+00   1.7104106e+00
   2.7044712e+00   5.5699249e+00
   5.7888704e+00   1.7085625e+00
   5.5706175e+00   1.7098717e+00
   2.8002790e+00   1.7344966e+00
   3.4986541e+00   1.7192646e+00
   1.0071861e+01   1.6919367e+00
   2.7142528e+00   5.1059564e+00
   2.7156442e+00   2.0384844e+00
   7.4491813e+00   1.6994441e+00
   2.7123241e+00   5.1538555e+00
   3.7188136e+00   1.7191222e+00
   2.7250631e+00   1.8346626e+00
   7.3182295e+00   1.6999206e+00
   2.7730937e+00   1.7443957e+00
   2.7476926e+00   1.7566695e+00
   2.9615082e+00   1.7265609e+00
   2.7897892e+00   1.7372994e+00
   2.9181804e+00   1.7300279e+00
   5.6293453e+00   1.7085826e+00
   3.2248661e+00   1.7220960e+00
   2.7310172e+00   1.7993216e+00
   4.0560534e+00   1.7175476e+00
   2.7516678e+00   1.7540196e+00
   2.7527558e+00   1.7534631e+00
   2.7154128e+00   3.2087990e+00
   1.1389609e+01   1.6907316e+00
   2.7486614e+00   1.7558141e+00
   6.4607507e+00   1.7062554e+00
   4.1577914e+00   1.7173961e+00
   2.7499689e+00   1.7551281e+00
   2.7470821e+00   1.7567918e+00
   2.7594590e+00   1.7497502e+00
   2.7187250e+00   2.0081307e+00
   2.7153521e+00   4.0509737e+00
   2.7479946e+00   1.7564627e+00
   2.7505379e+00   1.7545643e+00
   2.7508319e+00   1.7545319e+00
   2.7568916e+00   1.7512306e+00
   5.9593050e+00   1.7067164e+00
   2.7209878e+00   1.9301466e+00
   2.8469142e+00   1.7340149e+00
   2.7467224e+00   1.7571880e+00
   2.7517045e+00   1.7539014e+00
   2.7404308e+00   1.7672050e+00
   2.7335669e+00   1.7856919e+00
   2.7632880e+00   1.7474623e+00
   2.7483584e+00   1.7563224e+00
   2.6940962e+00   9.3919729e+00
   2.7542499e+00   1.7525827e+00
   2.7605962e+00   1.7495559e+00
   2.7307108e+00   1.8023061e+00
   2.6952785e+00   8.8857211e+00
   2.7498867e+00   1.7551700e+00
   6.6148462e+00   1.7054251e+00
   2.7478645e+00   1.7564685e+00
   2.7188561e+00   1.9916123e+00
   2.7271091e+00   1.8071757e+00
   2.7550926e+00   1.7517814e+00
   2.7548658e+00   1.7520116e+00
   2.9315387e+00   1.7271585e+00
   2.7486343e+00   1.7560152e+00
   2.7481313e+00   1.7564146e+00
   2.7769734e+00   1.7411158e+00
   2.7502297e+00   1.7547490e+00
   2.7490845e+00   1.7553145e+00
   2.7077839e+00   5.2898468e+00
   2.8569104e+00   1.7307842e+00
   2.7602192e+00   1.7497013e+00
   2.7570488e+00   1.7509546e+00
   6.9486705e+00   1.7037955e+00
   2.7747713e+00   1.7435406e+00
   8.1363417e+00   1.6972447e+00
   2.7611839e+00   1.7489740e+00
   8.4791042e+00   1.6948333e+00
   2.7036943e+00   6.1661203e+00
   2.7314908e+00   1.7901711e+00
   3.2221803e+00   1.7248032e+00
   2.7486523e+00   1.7560057e+00
   2.8438041e+00   1.7341752e+00
   2.6962956e+00   6.3580490e+00
   2.7784060e+00   1.7400049e+00
   2.7043416e+00   5.9699160e+00
   2.7230087e+00   1.9048263e+00
   2.7488527e+00   1.7555840e+00
   2.7487717e+00   1.7555987e+00
   2.7791544e+00   1.7398907e+00
   2.7051385e+00   5.5421712e+00
   2.7484770e+00   1.7560801e+00
   2.6962274e+00   8.8487465e+00
   2.7591512e+00   1.7500930e+00
   3.3637718e+00   1.7198119e+00
   5.9587643e+00   1.7066408e+00
   3.3511395e+00   1.7193015e+00
   2.7359312e+00   1.7767084e+00
   2.7472150e+00   1.7566752e+00
   3.6055885e+00   1.7183205e+00
   2.7614887e+00   1.7487545e+00
   2.8643263e+00   1.7301206e+00
   2.7048084e+00   4.7169743e+00
   2.7698345e+00   1.7441399e+00
   5.8033217e+00   1.7069042e+00
   2.7037848e+00   5.0013924e+00
   2.8002790e+00   1.7344966e+00
   3.4986541e+00   1.7192646e+00
   2.7312298e+00   1.7836876e+00
   2.7887382e+00   1.7382967e+00
   2.7121946e+00   4.5769704e+00
   6.0628439e+00   1.7052548e+00
   2.7208969e+00   1.8431468e+00
   3.2848291e+00   1.7197449e+00
   3.2675559e+00   1.7200788e+00
   8.8432667e+00   1.6913814e+00
   3.5542448e+00   1.7187064e+00
   1.0880207e+01   1.6900241e+00
   2.7190011e+00   1.9698824e+00
   2.7148235e+00   2.0430009e+00
   3.8654625e+00   1.7177570e+00
   6.5747655e+00   1.6945752e+00
   2.8766558e+00   1.7261557e+00
   5.6718672e+00   1.7069573e+00
   2.8243567e+00   1.7339565e+00
   2.7124572e+00   2.8771542e+00
   3.0598306e+00   1.7250946e+00
   2.7021453e+00   5.3163791e+00
   2.7206324e+00   1.9283196e+00
   3.7442023e+00   1.7182786e+00
   2.6936665e+00   7.5857790e+00
   3.1900323e+00   1.7245700e+00
   2.7450769e+00   1.7631025e+00
   5.6525204e+00   1.7077968e+00
   2.7551366e+00   1.7514643e+00
   2.6945864e+00   5.9635163e+00
   2.7225171e+00   1.8298281e+00
   2.7452634e+00   1.7583175e+00
   6.8194922e+00   1.6930122e+00
   2.7505379e+00   1.7545643e+00
   8.3988714e+00   1.6913949e+00
   2.7568916e+00   1.7512306e+00
   2.7124065e+00   3.3678318e+00
   6.7993882e+00   1.6940679e+00
   2.6976295e+00   5.8525068e+00
   2.7467224e+00   1.7571880e+00
   2.7517045e+00   1.7539014e+00
   2.7404308e+00   1.7672050e+00
   2.7625238e+00   1.7470844e+00
   3.9657991e+00   1.7172072e+00
   2.8520675e+00   1.7329468e+00
   2.7021995e+00   5.3091812e+00
   2.7542499e+00   1.7525827e+00
   2.7815533e+00   1.7389022e+00
   2.7307108e+00   1.8023061e+00
   2.7770583e+00   1.7407797e+00
   6.0092697e+00   1.7061785e+00
   2.7179713e+00   1.9790293e+00
   2.7478645e+00   1.7564685e+00
   5.3767780e+00   1.7082718e+00
   2.7271091e+00   1.8071757e+00
   2.8516433e+00   1.7336148e+00
   2.7548658e+00   1.7520116e+00
   2.7043795e+00   4.8912943e+00
   2.7550019e+00   1.7516125e+00
   2.7542017e+00   1.7532281e+00
   2.7769734e+00   1.7411158e+00
   2.7502297e+00   1.7547490e+00
   2.7490845e+00   1.7553145e+00
   2.7572876e+00   1.7505648e+00
   2.8569104e+00   1.7307842e+00
   2.7365349e+00   1.7709816e+00
   2.7570488e+00   1.7509546e+00
   2.7581983e+00   1.7495112e+00
   5.1091401e+00   1.7082970e+00
   2.7503249e+00   1.7545869e+00
   2.7611839e+00   1.7489740e+00
   4.2010915e+00   1.7168669e+00
   1.1339048e+01   1.6896463e+00
   2.7735506e+00   1.7440688e+00
   2.7531657e+00   1.7536313e+00
   6.8525366e+00   1.6917141e+00
   4.6866345e+00   1.7157481e+00
   2.7027300e+00   5.0366864e+00
   2.7736201e+00   1.7427652e+00
   3.2202499e+00   1.7214458e+00
   2.8337984e+00   1.7339530e+00
   2.7488527e+00   1.7555840e+00
   2.7487717e+00   1.7555987e+00
   6.1536854e+00   1.7025755e+00
   2.7490190e+00   1.7555791e+00
   2.7484770e+00   1.7560801e+00
   2.7782719e+00   1.7391609e+00
   3.1867966e+00   1.7250322e+00
   2.7679350e+00   1.7451886e+00
   5.8534562e+00   1.7038815e+00
   2.7329381e+00   1.7806472e+00
   3.3511395e+00   1.7193015e+00
   2.7359312e+00   1.7767084e+00
   2.7292550e+00   1.7983847e+00
   3.2201137e+00   1.7202788e+00
   2.7067841e+00   4.2635737e+00
   2.8643263e+00   1.7301206e+00
   2.7186113e+00   1.8502653e+00
   8.3743879e+00   1.6894727e+00
   5.8840477e+00   1.7028100e+00
   2.8002790e+00   1.7344966e+00
   2.7261516e+00   1.8113574e+00
   1.1388147e+01   1.6891261e+00
   2.7887382e+00   1.7382967e+00
   2.7361568e+00   1.7754884e+00
   3.6255172e+00   1.7177903e+00
   2.7708950e+00   1.7435655e+00
   3.2848291e+00   1.7197449e+00
   3.2675559e+00   1.7200788e+00
   2.7842578e+00   1.7383608e+00
   2.7373581e+00   1.7658828e+00
   2.6965697e+00   5.4185327e+00
   2.7157913e+00   1.9325765e+00
   2.7148235e+00   2.0430009e+00
   2.7156323e+00   2.0976616e+00
   2.9802010e+00   1.7230481e+00
   3.4261750e+00   1.7182127e+00
   2.7473605e+00   1.7566633e+00
   2.8164174e+00   1.7309403e+00
   2.7124572e+00   2.8771542e+00
   2.8765403e+00   1.7239890e+00
   4.9242300e+00   1.7069461e+00
   2.7295339e+00   1.7839351e+00
   5.0276573e+00   1.7068569e+00
   2.6971445e+00   5.3113121e+00
   2.6907097e+00   6.1808378e+00
   5.9890267e+00   1.6955793e+00
   2.7500381e+00   1.7550973e+00
   2.7551366e+00   1.7514643e+00
   2.7201281e+00   1.8179732e+00
   3.7222238e+00   1.7168703e+00
   2.7452634e+00   1.7583175e+00
   2.7624194e+00   1.7474256e+00
   2.7505379e+00   1.7545643e+00
   2.6935106e+00   5.4556937e+00
   2.7297035e+00   1.7804552e+00
   2.7124065e+00   3.3678318e+00
   2.7161636e+00   1.9317612e+00
   2.7560527e+00   1.7509884e+00
   2.7467224e+00   1.7571880e+00
   2.7517045e+00   1.7539014e+00
   2.7163070e+00   1.8752910e+00
   2.7625238e+00   1.7470844e+00
   2.6989628e+00   4.7949037e+00
   2.7482675e+00   1.7558335e+00
   7.2890370e+00   1.6895337e+00
   2.7542499e+00   1.7525827e+00
   2.7815533e+00   1.7389022e+00
   3.3778138e+00   1.7182942e+00
   2.7770583e+00   1.7407797e+00
   2.7501459e+00   1.7546807e+00
   6.1154114e+00   1.6926989e+00
   2.7568276e+00   1.7508494e+00
   2.7478730e+00   1.7563434e+00
   2.7271091e+00   1.8071757e+00
   2.7480891e+00   1.7563060e+00
   2.8284019e+00   1.7307316e+00
   6.0865708e+00   1.6916147e+00
   2.7550019e+00   1.7516125e+00
   2.8642495e+00   1.7306542e+00
   2.7769734e+00   1.7411158e+00
   6.0882348e+00   1.6913329e+00
   2.7490845e+00   1.7553145e+00
   2.7572876e+00   1.7505648e+00
   2.8185201e+00   1.7328779e+00
   2.7365349e+00   1.7709816e+00
   5.1313222e+00   1.7056286e+00
   2.7581983e+00   1.7495112e+00
   2.7489679e+00   1.7555500e+00
   2.7503249e+00   1.7545869e+00
   5.7642983e+00   1.7052530e+00
   4.2010915e+00   1.7168669e+00
   2.7027295e+00   4.4790538e+00
   2.7019546e+00   4.7647836e+00
   2.7531657e+00   1.7536313e+00
   8.5024978e+00   1.6893825e+00
   4.6866345e+00   1.7157481e+00
   2.7478127e+00   1.7564052e+00
   2.7736201e+00   1.7427652e+00
   2.7050261e+00   4.3894966e+00
   2.7031185e+00   4.4766686e+00
   2.7488527e+00   1.7555840e+00
   2.7487717e+00   1.7555987e+00
   4.3462208e+00   1.7162935e+00
   2.6935911e+00   5.5651880e+00
   2.7419792e+00   1.7642215e+00
   2.7782719e+00   1.7391609e+00
   6.0267798e+00   1.6944031e+00
   2.7679350e+00   1.7451886e+00
   4.2536206e+00   1.7151838e+00
   2.7678382e+00   1.7432516e+00
   4.2180884e+00   1.7168138e+00
   2.6878608e+00   6.9117206e+00
   2.7123638e+00   2.2136537e+00
   3.2201137e+00   1.7202788e+00
   2.6897506e+00   6.4599961e+00
   2.7162613e+00   1.8398497e+00
   2.7156957e+00   1.8687490e+00
   2.7152720e+00   1.9460761e+00
   2.7084846e+00   4.0080947e+00
   1.1331237e+01   1.6889753e+00
   2.8002790e+00   1.7344966e+00
   1.1215383e+01   1.6892417e+00
   2.7511287e+00   1.7544293e+00
   2.6896845e+00   6.6155739e+00
   4.8865251e+00   1.7067846e+00
   2.7154773e+00   1.9025577e+00
   3.3361929e+00   1.7172571e+00
   2.7351768e+00   1.7741485e+00
   2.7465815e+00   1.7570689e+00
   2.7842578e+00   1.7383608e+00
   2.7373581e+00   1.7658828e+00
   2.6828108e+00   1.0097455e+01
   2.7564858e+00   1.7505492e+00
   2.7148235e+00   2.0430009e+00
   3.2539060e+00   1.7186532e+00
   2.9802010e+00   1.7230481e+00
   2.6914149e+00   5.3172725e+00
   2.7473605e+00   1.7566633e+00
   2.8164174e+00   1.7309403e+00
   5.0325548e+00   1.7050997e+00
   2.8765403e+00   1.7239890e+00
   2.6996286e+00   4.3527806e+00
   2.7528433e+00   1.7535865e+00
   2.7364548e+00   1.7677813e+00
   4.9934632e+00   1.7058793e+00
   2.6907097e+00   6.1808378e+00
   2.7264422e+00   1.7972793e+00
   2.7503937e+00   1.7545434e+00
   2.7002958e+00   4.2450306e+00
   2.7201281e+00   1.8179732e+00
   3.7222238e+00   1.7168703e+00
   2.7114767e+00   2.2489879e+00
   2.7624194e+00   1.7474256e+00
   3.2080110e+00   1.7228652e+00
   2.7533771e+00   1.7529670e+00
   2.6925560e+00   4.7747998e+00
   2.7447906e+00   1.7595360e+00
   2.6954939e+00   4.5800587e+00
   2.7560527e+00   1.7509884e+00
   2.7516044e+00   1.7539370e+00
   2.7517045e+00   1.7539014e+00
   5.5578387e+00   1.6933583e+00
   2.7091736e+00   3.6196622e+00
   2.7477868e+00   1.7564002e+00
   2.7482675e+00   1.7558335e+00
   2.6902473e+00   6.2592358e+00
   2.7542499e+00   1.7525827e+00
   2.7815533e+00   1.7389022e+00
   2.8435721e+00   1.7295648e+00
   2.7770583e+00   1.7407797e+00
   2.7501459e+00   1.7546807e+00
   6.5785726e+00   1.6893971e+00
   2.7240372e+00   1.8151379e+00
   2.7295261e+00   1.7765311e+00
   2.7000537e+00   4.2474265e+00
   2.7447185e+00   1.7595446e+00
   2.8284019e+00   1.7307316e+00
   2.7624898e+00   1.7469931e+00
   2.7550019e+00   1.7516125e+00
   2.7563810e+00   1.7507388e+00
   2.7769734e+00   1.7411158e+00
   2.7478159e+00   1.7562608e+00
   2.7490845e+00   1.7553145e+00
   8.2580088e+00   1.6892745e+00
   2.7132794e+00   2.1444707e+00
   2.7406759e+00   1.7625383e+00
   2.7390862e+00   1.7640626e+00
   2.7581983e+00   1.7495112e+00
   2.7489679e+00   1.7555500e+00
   2.7503249e+00   1.7545869e+00
   3.3324944e+00   1.7185912e+00
   4.2010915e+00   1.7168669e+00
   2.7340478e+00   1.7749744e+00
   2.7342823e+00   1.7733538e+00
   2.7440202e+00   1.7595459e+00
   5.5662108e+00   1.6931745e+00
   2.7448938e+00   1.7583575e+00
   2.7736201e+00   1.7427652e+00
   2.6846255e+00   9.9891400e+00
   5.6599014e+00   1.6901900e+00
   2.7488527e+00   1.7555840e+00
   2.7487717e+00   1.7555987e+00
   2.7103698e+00   2.4396828e+00
   2.6885042e+00   6.6776118e+00
   2.7515203e+00   1.7543483e+00
   2.7782719e+00   1.7391609e+00
   2.7256364e+00   1.8086463e+00
   2.7281642e+00   1.7801130e+00
