   2.2291798e+01   2.4834071e+01
   1.8293050e+01   1.2032750e+01
   2.6280633e+01   2.7622341e+01
   1.6721549e+01   2.0960789e+01
   2.4032114e+01   2.0259454e+01
   3.8746108e+01   2.7870371e+01
   1.5745256e+01   1.6393677e+01
   3.1969654e+01   1.9264162e+01
   1.4566372e+01   1.9328173e+01
   1.3396507e+01   1.7311762e+01
   3.9701236e+01   3.1980731e+01
   1.6798223e+01   1.3669376e+01
   2.3122201e+01   1.9364792e+01
   1.9801667e+01   1.7599104e+01
   4.3520658e+01   4.2727967e+01
   2.4158673e+01   2.6429760e+01
   2.6735182e+01   3.5167910e+01
   1.8898296e+01   3.1066626e+01
   3.2962851e+01   2.7341902e+01
   2.3874947e+01   2.1235571e+01
   1.9740519e+01   1.5656189e+01
   2.2810810e+01   1.7787981e+01
   2.0234588e+01   2.1969714e+01
   2.5750460e+01   2.7819216e+01
   2.4454592e+01   2.6068745e+01
   1.7726981e+01   1.5355962e+01
   2.6661743e+01   2.9901491e+01
   2.8112199e+01   2.2794469e+01
   2.8699115e+01   3.0790920e+01
   2.5117592e+01   1.8328732e+01
   2.9610237e+01   3.0649284e+01
   1.1482933e+01   1.6686747e+01
   3.2851587e+01   2.8266747e+01
   1.7259303e+01   1.6802833e+01
   2.5573216e+01   1.6888794e+01
   1.5778759e+01   1.1547964e+01
   2.7212941e+01   2.3163195e+01
   2.1921474e+01   1.7109731e+01
   2.5201644e+01   1.8387173e+01
   1.6888285e+01   1.7025310e+01
   1.6322819e+01   1.0995494e+01
   2.3256684e+01   2.2486562e+01
   1.7246169e+01   1.3781464e+01
   2.0941290e+01   1.9878652e+01
   1.2859659e+01   1.6063797e+01
   1.6149105e+01   3.2104180e+01
   4.1948625e+01   3.1562297e+01
   1.5535649e+01   1.3449439e+01
   2.7387211e+01   2.6114177e+01
   2.5283791e+01   2.0285025e+01
   1.5388411e+01   1.6711110e+01
   2.2063827e+01   1.7009851e+01
   3.2827921e+01   3.1021353e+01
   1.7453140e+01   1.9767882e+01
   1.7301578e+01   2.4415742e+01
   3.1885406e+01   2.9236974e+01
   3.4310391e+01   3.4544715e+01
   2.5011235e+01   2.8022714e+01
   1.6282464e+01   1.2359338e+01
   3.6594735e+01   3.2526732e+01
   2.2374814e+01   1.5167513e+01
   2.4964330e+01   3.3497133e+01
   1.8050290e+01   2.5159237e+01
   2.8388206e+01   3.0720549e+01
   1.9939789e+01   1.6500763e+01
   3.0039648e+01   2.6805830e+01
   1.7946374e+01   1.9981624e+01
   1.9768034e+01   1.7223058e+01
   3.3660930e+01   3.1407421e+01
   2.4416730e+01   2.2351922e+01
   1.7738292e+01   1.3707913e+01
   3.2720846e+01   3.2660839e+01
   2.5715269e+01   1.9845963e+01
   2.7413730e+01   3.6313057e+01
   1.5129761e+01   1.6701777e+01
   1.7741093e+01   1.8702741e+01
   1.9735858e+01   2.3566398e+01
   2.6418554e+01   2.7337287e+01
   1.7141454e+01   2.3756520e+01
   1.8917844e+01   1.4469834e+01
   1.3759443e+01   2.6525589e+01
   2.3810360e+01   2.5715103e+01
   1.7440835e+01   1.7878326e+01
   1.6221578e+01   2.1824678e+01
   1.8099914e+01   1.8072528e+01
   2.2428722e+01   1.7519518e+01
   2.2989388e+01   2.0651109e+01
   2.1970145e+01   1.6558302e+01
   2.1106195e+01   2.6475951e+01
   4.5506063e+01   3.6799467e+01
   1.8837257e+01   1.2752865e+01
   1.6077409e+01   1.9944299e+01
   1.5703975e+01   1.9843267e+01
   2.4716492e+01   2.7586098e+01
   2.1017776e+01   2.3030268e+01
   1.8969861e+01   2.1973808e+01
   2.9676498e+01   2.1543214e+01
   2.1186715e+01   2.7073101e+01
   2.7088943e+01   1.5470805e+01
   2.2686502e+01   2.4540058e+01
   5.4325236e+00   3.2713639e+00
   2.9747163e+00   1.0344006e+01
   4.5733920e+00   4.1601128e+00
   3.7332300e+00   6.0682524e+00
   6.8949451e+00   2.5996939e+00
   4.0893452e+00   4.8566011e+00
   5.0073553e+00   3.6123027e+00
   3.8564113e+00   5.8503047e+00
   7.5681296e+00   2.3392497e+00
   3.1513221e+00   6.3648917e+00
   6.0525677e+00   2.8027702e+00
   4.5334306e+00   4.4957788e+00
   6.3479897e+00   2.8724773e+00
   3.9777341e+00   4.9436926e+00
   3.1426261e+00   6.7900309e+00
   3.4015676e+00   6.6338537e+00
   6.1425595e+00   3.0455436e+00
   4.7233283e+00   4.1798633e+00
   4.4274790e+00   3.2308390e+00
   4.2118943e+00   4.8154305e+00
   5.2719033e+00   3.3773943e+00
   7.4235151e+00   2.5505848e+00
   3.0966228e+00   8.8441888e+00
   3.7883423e+00   5.5205537e+00
   5.6527523e+00   2.9146215e+00
   2.9732728e+00   6.6084967e+00
   5.9045071e+00   3.0909211e+00
   3.9186067e+00   5.2443381e+00
   4.5729143e+00   4.3737915e+00
   3.2781898e+00   6.2172874e+00
   5.9216852e+00   3.0816248e+00
   2.8454237e+00   7.5269529e+00
   6.9400250e+00   2.2760594e+00
   2.5641073e+00   7.7802043e+00
   3.3284503e+00   6.9167327e+00
   3.5985073e+00   5.8556421e+00
   6.0022796e+00   3.0480025e+00
   3.2983655e+00   5.7635629e+00
   3.3601759e+00   6.7784028e+00
   6.7242245e+00   2.7938170e+00
   3.6257326e+00   5.2699486e+00
   3.2065903e+00   6.0691078e+00
   2.7257313e+00   1.4559912e+01
   4.0367249e+00   4.3487481e+00
   3.5206948e+00   5.8798967e+00
   3.9089453e+00   4.7861952e+00
   5.1642446e+00   3.3260499e+00
   4.2856817e+00   3.9825092e+00
   3.2622892e+00   6.4712889e+00
   7.5341382e+00   2.2935257e+00
   3.0995084e+00   7.6476510e+00
   8.1033649e+00   2.1028430e+00
   7.4794448e+00   2.4677286e+00
   3.3156977e+00   6.8964220e+00
   4.2697838e+00   5.0350870e+00
   4.2985990e+00   4.6407422e+00
   5.2290568e+00   3.5019261e+00
   4.3450877e+00   4.3107235e+00
   4.6552411e+00   2.7459697e+00
   3.6865961e+00   5.8878671e+00
   4.4712816e+00   4.2301490e+00
   6.9889871e+00   2.2075147e+00
   4.1696231e+00   4.2426329e+00
   4.0191014e+00   5.2701017e+00
   7.2053300e+00   2.7277121e+00
   1.2758404e+01   2.1680323e+00
   6.5170299e+00   2.2585814e+00
   3.0201512e+00   1.1804045e+01
   3.9689353e+00   5.0891501e+00
   2.8146994e+00   8.0768302e+00
   4.8877159e+00   3.7068591e+00
   3.4280240e+00   6.0208185e+00
   3.3001463e+00   5.0969388e+00
   3.7651605e+00   5.1120113e+00
   2.8493540e+00   6.7232995e+00
   5.1061881e+00   3.6190082e+00
   5.4568091e+00   3.3350871e+00
   6.0575819e+00   2.5079568e+00
   4.0220521e+00   3.7972227e+00
   3.4605507e+00   6.4002487e+00
   3.7904627e+00   4.8369133e+00
   3.6220746e+00   6.1721184e+00
   3.1051128e+00   8.8198979e+00
   4.4893082e+00   3.4320732e+00
   4.8242862e+00   3.3515534e+00
   3.1132429e+00   7.4731583e+00
   2.7812667e+00   1.4277186e+01
   2.9890445e+00   8.6069816e+00
   3.5186436e+00   6.8474164e+00
   3.0935716e+00   8.5147916e+00
   4.2449911e+00   4.4086534e+00
   7.4030666e+00   2.6868547e+00
   4.8895327e+00   4.0247423e+00
   5.8844717e+00   2.5468341e+00
   6.3023435e+00   2.9073618e+00
   4.4258133e+00   4.6301538e+00
   4.5799647e+00   4.2434821e+00
   5.1880295e+00   3.2525315e+00
   3.9977504e+00   5.0948438e+00
   5.5507032e+00   2.1539702e+00
   1.1346103e+00   2.9738482e+00
   2.5336868e+00   7.9027506e-01
   1.8942401e+00   3.3138421e+00
   9.8462760e+00   2.3767355e-01
   3.3935335e+00   2.6675140e-01
   8.2764997e-01   7.2432362e+00
   4.9532306e+00   2.4578892e-01
   8.2427427e-01   5.4099719e+00
   4.3789474e+00   2.4570689e-01
   1.1396094e+01   2.3878046e-01
   1.5172811e+00   3.6507570e+00
   4.4409923e+00   2.5690785e-01
   4.9097222e+00   2.4369054e-01
   3.6530371e+00   4.6815640e-01
   1.8958702e+01   2.3540067e-01
   2.9703544e+00   3.2802524e-01
   4.2442866e+00   2.6552540e-01
   4.7111362e+00   2.4791504e-01
   3.3545713e+00   7.2676177e-01
   4.1075065e+00   2.6251053e-01
   6.6099359e+00   2.4079591e-01
   8.2987046e-01   5.5589089e+00
   5.7704439e+00   2.4256458e-01
   8.3947603e-01   3.9036712e+00
   1.0190238e+01   2.3757051e-01
   4.5460221e+00   2.4906589e-01
   1.9385494e+00   2.7909935e+00
   3.8364391e+00   4.2120363e-01
   5.5065481e+00   2.4370846e-01
   3.6919283e+00   2.5819858e-01
   8.2515392e-01   5.3179907e+00
   1.2320126e+00   3.7313371e+00
   8.2393563e-01   7.4902272e+00
   8.2127179e-01   8.8825565e+00
   4.7751082e+00   2.4763211e-01
   2.4195974e+00   9.6008548e-01
   3.1306550e+00   4.5033738e-01
   8.2965145e-01   5.4154614e+00
   2.3999137e+00   1.7111913e+00
   1.2913069e+01   2.3405170e-01
   6.5957929e+00   2.3871111e-01
   6.5937628e+00   2.4175781e-01
   7.2601451e+00   2.3830399e-01
   2.0153699e+00   2.9683159e+00
   5.6174916e+00   2.4215303e-01
   8.3517520e-01   3.3429850e+00
   8.2154657e-01   1.0268945e+01
   8.3059886e+00   2.3519214e-01
   3.3686646e+00   3.0133256e-01
   1.6833325e+00   3.1949411e+00
   1.5894477e+00   2.5938233e+00
   8.3959755e-01   4.8039410e+00
   3.8500545e+00   4.1601374e-01
   4.9577503e+00   2.4130974e-01
   6.8141992e+00   2.4066942e-01
   6.4675752e+00   2.4130256e-01
   3.8551337e+00   3.2878082e-01
   9.3733780e+00   2.3820870e-01
   1.2949841e+00   3.2123809e+00
   4.5498628e+00   2.5074565e-01
   2.3514718e+00   2.0836537e+00
   9.5782556e-01   3.9106124e+00
   7.6962619e+00   2.3874180e-01
   5.0542738e+00   2.4990400e-01
   1.2018107e+01   2.3700760e-01
   4.1710619e+00   3.1269644e-01
   5.0585298e+00   2.4511865e-01
   2.0476238e+00   2.5296199e+00
   2.3140000e+00   7.5647213e-01
   2.1234526e+00   2.2194650e+00
   6.9345274e+00   2.4064501e-01
   8.4930923e-01   4.5703017e+00
   4.8884716e+00   2.4559958e-01
   1.9572058e+00   1.2418538e+00
   4.0995937e+00   2.6865825e-01
   4.3236248e+00   2.6168778e-01
   8.5660089e-01   4.3680357e+00
   4.0251654e+00   2.8112293e-01
   1.5634330e+00   3.3896903e+00
   8.2898288e-01   5.9420638e+00
   8.8549327e+00   2.3892953e-01
   8.1878845e-01   7.1376059e+00
   2.1453025e+00   5.9111416e-01
   8.2435236e-01   7.5057555e+00
   8.2025329e-01   1.3562412e+01
   4.2679369e+00   2.5170854e-01
   8.2009710e-01   1.3842625e+01
   4.5211892e+00   2.5581620e-01
   6.9831415e+00   2.4026304e-01
   1.1937731e+01   2.3632917e-01
   9.5425711e-01   3.6013776e+00
   1.2006024e+01   2.3750937e-01
   5.7757977e+00   2.4162305e-01
   1.4698653e+01   2.3660920e-01
   6.1864791e+00   2.4138918e-01
   7.1859407e+00   2.4140945e-01
   7.2418371e+00   2.3955639e-01
   1.9560031e+00   1.7305326e+00
   3.6367250e+00   6.4300435e-01
   8.2102602e-01   1.1359092e+01
   6.9664157e+00   1.1925300e-01
   5.6137105e-01   2.6122902e-01
   5.5684750e-01   2.9416141e-01
   5.0974026e+00   1.3016179e-01
   5.5547659e-01   4.2261327e-01
   5.5201644e-01   1.2280246e+00
   2.4455802e+00   1.6265959e-01
   5.9913972e-01   2.4030293e-01
   5.5169695e-01   3.0505242e+00
   5.5586496e-01   3.3372980e-01
   2.5935331e+00   1.5757340e-01
   5.5427067e-01   4.4586988e-01
   5.8838915e-01   2.4139629e-01
   5.0227045e+00   1.3094844e-01
   5.9973644e-01   2.4093133e-01
   5.0819684e+00   1.3306453e-01
   2.4296641e+00   1.6886416e-01
   6.1591122e-01   2.4081766e-01
   5.6433811e-01   2.5572509e-01
   5.6453139e-01   2.5286658e-01
   9.4846776e-01   2.3821253e-01
   5.5876623e-01   2.8129719e-01
   5.9273235e-01   2.4127880e-01
   5.6551958e-01   2.5361536e-01
   5.5899594e-01   2.9904420e-01
   6.8271887e+00   1.2511140e-01
   5.6978562e-01   2.4786158e-01
   5.5768723e-01   3.0570652e-01
   5.6935248e-01   2.4837091e-01
   6.8541863e+00   1.1846057e-01
   6.3452691e-01   2.3796255e-01
   5.6229551e-01   2.5900101e-01
   7.7039167e+00   1.1227186e-01
   1.1591506e+01   1.0439735e-01
   5.6945738e-01   2.4781331e-01
   2.4761461e+00   1.5942474e-01
   5.7028968e-01   2.4683135e-01
   5.6702727e-01   2.4964335e-01
   5.6563065e-01   2.5246069e-01
   2.4326142e+00   1.6734567e-01
   2.4466000e+00   1.6190801e-01
   2.4281537e+00   1.7080506e-01
   5.7409562e-01   2.4559082e-01
   2.4326683e+00   1.6581998e-01
   4.7833226e+00   1.4773705e-01
   5.6840272e-01   2.4856069e-01
   8.7585867e-01   2.3789068e-01
   5.5990732e-01   2.6822012e-01
   2.4481018e+00   1.6176378e-01
   2.4284991e+00   1.9609920e-01
   5.5910538e-01   2.7143478e-01
   4.8334875e+00   1.4843222e-01
   2.4383298e+00   1.6385906e-01
   2.4496443e+00   1.6082699e-01
   2.5111110e+00   1.5858680e-01
   5.6301807e-01   2.5820915e-01
   5.9596169e-01   2.4169669e-01
   3.1241677e+00   1.5694161e-01
   5.8130560e-01   2.4252684e-01
   1.2545899e+01   1.0536293e-01
   5.5351207e-01   4.5130474e-01
   5.6010808e-01   2.5887893e-01
   5.7992130e-01   2.4368114e-01
   7.4833020e+00   1.1378103e-01
   5.1936683e+00   1.2906121e-01
   4.4711326e+00   1.5774743e-01
   5.5950274e-01   2.7592950e-01
   6.5862053e+00   1.1917026e-01
   2.4975424e+00   1.5799418e-01
   2.5440978e+00   1.5759185e-01
   7.0081688e+00   1.1429750e-01
   5.6413691e-01   2.5670036e-01
   5.8065085e-01   2.4233475e-01
   2.4655301e+00   1.6036557e-01
   5.6639773e-01   2.5166270e-01
   5.6719167e-01   2.4918155e-01
   5.5648133e-01   3.5523665e-01
   7.5493474e+00   1.1543732e-01
   5.2076549e+00   1.2794900e-01
   5.7334846e-01   2.4507757e-01
   2.4343481e+00   1.6657585e-01
   5.6698005e-01   2.5138192e-01
   8.7829350e+00   1.1257235e-01
   5.2423268e+00   1.2833954e-01
   2.4336172e+00   1.6533227e-01
   5.7249170e-01   2.4527293e-01
   5.7259975e-01   2.4602195e-01
   2.4296724e+00   1.6932712e-01
   5.5399699e-01   3.6339890e-01
   5.6864349e-01   2.4850500e-01
   1.5747450e+01   1.0434349e-01
   2.4511818e+00   1.6179243e-01
   2.4751186e+00   1.5952213e-01
   6.7725819e-01   2.3867259e-01
   5.0295388e+00   1.4180617e-01
   5.6743804e-01   2.4996168e-01
   5.5272818e-01   2.7697844e+00
   2.4453742e+00   1.6360234e-01
   5.7014738e-01   2.4751200e-01
   5.5309132e-01   3.8123787e-01
   5.3911645e-01   2.6682183e-01
   2.0480889e+01   7.3838354e-02
   5.3067791e-01   2.7287126e-01
   5.6697633e-01   2.4755420e-01
   6.2254683e-01   2.1684565e-01
   5.7460881e-01   2.4318502e-01
   2.1772378e+00   1.7098945e-01
   5.9113816e-01   2.3174044e-01
   4.8137764e-01   3.6070161e-01
   5.7819746e-01   2.4041263e-01
   5.4673026e-01   2.6176636e-01
   5.2465523e-01   2.7889441e-01
   4.7537566e-01   4.6132610e-01
   5.8261148e-01   2.3795052e-01
   6.0584049e-01   2.2320762e-01
   5.5050134e-01   2.5887660e-01
   7.1640623e-01   2.0331986e-01
   4.9889651e-01   3.0766947e-01
   5.3487194e-01   2.7062947e-01
   2.2087845e+00   1.5947458e-01
   2.3339150e+00   1.5352018e-01
   5.5861418e-01   2.5337798e-01
   7.7324865e+00   8.5869008e-02
   5.8896834e-01   2.3386977e-01
   5.2181337e-01   2.8170221e-01
   1.3706669e+01   8.2512764e-02
   5.5738294e-01   2.5465759e-01
   6.2039303e-01   2.1860965e-01
   5.8816317e-01   2.3421434e-01
   5.8089805e-01   2.3906375e-01
   5.2629876e-01   2.7770313e-01
   2.1736866e+00   1.7740050e-01
   5.0965485e-01   2.9220042e-01
   5.4889551e-01   2.6074047e-01
   4.6762836e-01   6.5723890e-01
   6.1527650e-01   2.2179734e-01
   5.9461454e-01   2.3072418e-01
   2.2280064e+00   1.5596758e-01
   4.7139779e+00   1.2289733e-01
   2.4308177e+00   1.5081330e-01
   1.7216724e+01   7.5351310e-02
   5.7171913e-01   2.4447671e-01
   5.0651860e-01   2.9490370e-01
   4.8201952e-01   3.4968670e-01
   4.1546336e+00   1.5009239e-01
   5.6316389e-01   2.5064659e-01
   5.0236301e-01   3.0060088e-01
   6.1058406e-01   2.2223516e-01
   7.3846722e+00   8.8211428e-02
   6.0935737e-01   2.2275288e-01
   5.6142209e-01   2.5164003e-01
   6.3184215e-01   2.1387729e-01
   5.1464561e-01   2.8379177e-01
   5.6959585e-01   2.4596203e-01
   5.1593121e+00   1.0557603e-01
   5.8426029e-01   2.3692598e-01
   5.0737444e-01   2.9278953e-01
   5.0307796e-01   2.9842504e-01
   2.6359637e+00   1.5038768e-01
   5.2825923e-01   2.7465328e-01
   5.4419065e-01   2.6325475e-01
   2.2397221e+00   1.5395166e-01
   4.7289823e-01   6.5074185e-01
   5.5291128e-01   2.5798392e-01
   7.4633414e-01   1.9929294e-01
   5.5454326e-01   2.5621533e-01
   6.7393466e-01   2.0485416e-01
   4.6698078e+00   1.3276479e-01
   6.2693315e-01   2.1473310e-01
   6.4470412e-01   2.0708536e-01
   5.7599306e-01   2.4226695e-01
   2.2565822e+00   1.5367971e-01
   5.3613811e-01   2.6909481e-01
   6.1843551e-01   2.1862319e-01
   4.7988036e-01   3.7729045e-01
   5.1428354e-01   2.9093616e-01
   6.0433123e-01   2.2594172e-01
   5.2218825e-01   2.8151046e-01
   2.1799230e+00   1.6881568e-01
   5.4237389e-01   2.6431665e-01
   4.8553517e+00   1.0748985e-01
   5.7862494e+00   1.0459520e-01
   5.9707763e-01   2.2852562e-01
   2.1899121e+00   1.6480477e-01
   6.0057572e-01   2.2608803e-01
   5.3229522e-01   2.7199660e-01
   4.6396347e-01   2.6418389e+00
   5.6528532e-01   2.4946498e-01
   5.3864395e-01   2.6750678e-01
   6.2164969e-01   2.1519503e-01
   5.5777251e-01   2.5447931e-01
   5.8205978e-01   2.3820667e-01
   5.5166352e-01   2.5812880e-01
   5.6662512e-01   2.4916298e-01
   5.8418885e-01   2.3699179e-01
   5.5094244e-01   2.5831289e-01
   7.0381575e+00   1.0063884e-01
   5.2430790e-01   2.8007191e-01
   2.1248268e+00   1.9637205e-01
   5.3790071e-01   2.6806413e-01
   4.3944067e-01   6.2624379e+00
   4.4896757e+00   1.1344190e-01
   5.3067791e-01   2.7287126e-01
   5.6697633e-01   2.4755420e-01
   6.4316445e+00   8.6923580e-02
   1.9003664e+00   1.6494089e-01
   2.7583054e+00   1.4655847e-01
   6.2022279e-01   2.1495232e-01
   8.9013898e-01   1.8351763e-01
   2.5355574e+00   1.4736662e-01
   4.6943352e-01   3.3480548e-01
   5.8937783e-01   2.3326194e-01
   5.2141040e+00   1.0171232e-01
   1.8207661e+01   7.1485417e-02
   5.5050134e-01   2.5887660e-01
   5.4621727e-01   2.6185874e-01
   7.5557093e-01   1.8438714e-01
   1.8382180e+00   1.7147009e-01
   4.7391958e-01   3.1903789e-01
   5.3758896e-01   2.6729853e-01
   6.0384739e-01   2.2333910e-01
   7.7324865e+00   8.5869008e-02
   5.5422450e-01   2.5621367e-01
   4.3675564e-01   8.6515270e+00
   5.6274937e-01   2.5001822e-01
   5.3417380e-01   2.7027982e-01
   5.4227839e-01   2.6443094e-01
   5.0407738e-01   2.9376288e-01
   7.1929105e-01   1.8728179e-01
   4.6533415e-01   4.0093052e-01
   6.0907657e-01   2.2123016e-01
   5.7136393e-01   2.4486076e-01
   1.2859952e+01   7.7404674e-02
   2.2404178e+00   1.5159046e-01
   4.7019258e-01   3.3101479e-01
   4.4278130e-01   4.2091996e+00
   5.3620760e-01   2.6834952e-01
   5.7358096e-01   2.4360584e-01
   2.0339344e+00   1.5328295e-01
   6.4799947e-01   2.0019549e-01
   5.2566559e-01   2.7578945e-01
   5.1926878e-01   2.8194272e-01
   3.0297239e+00   1.4525912e-01
   4.4412618e-01   1.9941140e+00
   2.8063174e+00   1.4580744e-01
   5.7551395e-01   2.4194210e-01
   5.1005769e-01   2.8696749e-01
   6.3878607e-01   2.0327162e-01
   5.9556169e-01   2.2930706e-01
   5.6142209e-01   2.5164003e-01
   4.4250727e-01   4.6470155e+00
   5.1464561e-01   2.8379177e-01
   5.6959585e-01   2.4596203e-01
   4.9733881e-01   2.9820265e-01
   5.9109852e-01   2.3195755e-01
   1.4022988e+01   7.1817024e-02
   6.1413232e-01   2.1849536e-01
   5.8029483e-01   2.3915251e-01
   7.2689598e-01   1.8474905e-01
   4.5007722e+00   1.0910839e-01
   5.4419065e-01   2.6325475e-01
   2.4958876e+00   1.4849393e-01
   6.1709668e-01   2.1632003e-01
   1.3156690e+00   1.7680489e-01
   4.9019063e-01   3.0255831e-01
   5.0154822e-01   2.9473823e-01
   6.5975885e-01   1.9888485e-01
   4.8795477e-01   3.0563953e-01
   4.9500667e-01   3.0129786e-01
   5.7789806e-01   2.4065580e-01
   5.2658059e-01   2.7490444e-01
   5.0608847e-01   2.9111322e-01
   5.0457536e+00   1.0440481e-01
   5.8255787e-01   2.3746498e-01
   6.9028614e-01   1.9046280e-01
   5.9789383e-01   2.2759733e-01
   6.9618146e-01   1.8987697e-01
   4.9937104e-01   2.9575757e-01
   6.3771748e-01   2.0559116e-01
   5.5837489e-01   2.5324151e-01
   1.0174665e+00   1.7806965e-01
   4.7484924e+00   1.0807793e-01
   6.3230743e-01   2.0901139e-01
   4.4605058e-01   7.6709445e-01
   6.0057572e-01   2.2608803e-01
   5.3229522e-01   2.7199660e-01
   5.8470226e-01   2.3583460e-01
   5.4785307e-01   2.6044443e-01
   2.3227558e+00   1.4992732e-01
   6.7337745e-01   1.9108233e-01
   6.6552354e-01   1.9529300e-01
   4.4971416e-01   6.2829620e-01
   5.5668198e-01   2.5469269e-01
   3.3179902e+00   1.4336691e-01
   4.4980824e-01   4.2780826e-01
   5.6496835e-01   2.4891187e-01
   2.0383418e+00   1.5279103e-01
   6.2237257e+00   9.1112960e-02
   6.2318661e-01   2.1165380e-01
   5.2176061e-01   2.7861926e-01
   6.6184962e-01   1.9150119e-01
   4.9518429e-01   2.9737231e-01
   6.1205248e-01   2.1830400e-01
   5.6697633e-01   2.4755420e-01
   5.1716557e-01   2.8163982e-01
   6.0006604e-01   2.2648732e-01
   1.2954071e+00   1.6286736e-01
   5.7543215e-01   2.4191309e-01
   6.6458920e-01   1.9023825e-01
   1.1265760e+01   7.0401821e-02
   4.1763943e-01   6.6989341e+00
   4.7272645e-01   3.1757175e-01
   1.9036891e+00   1.4738217e-01
   4.7351886e+00   1.0184386e-01
   4.6628782e-01   3.3371004e-01
   5.7131532e-01   2.4470520e-01
   5.1818587e+00   1.0090683e-01
   4.1116094e-01   8.8853790e+00
   4.3955457e-01   4.0224400e-01
   4.6800031e-01   3.2136520e-01
   5.3758896e-01   2.6729853e-01
   6.0384739e-01   2.2333910e-01
   5.5628286e-01   2.5453271e-01
   4.1379230e-01   8.1019125e+00
   6.2476223e-01   2.1070389e-01
   5.6274937e-01   2.5001822e-01
   5.3417380e-01   2.7027982e-01
   1.8276415e+00   1.4774541e-01
   5.9762653e-01   2.2755080e-01
   7.4595173e+00   8.4340616e-02
   4.3351748e-01   8.0351528e-01
   9.0466129e-01   1.6619703e-01
   1.0351371e+00   1.6442049e-01
   2.1946277e+00   1.4138035e-01
   5.8909119e-01   2.3336697e-01
   6.3299748e-01   2.0524339e-01
   6.4610826e-01   1.9959505e-01
   6.6181642e+00   8.4947794e-02
   5.6903863e-01   2.4628097e-01
   5.3146795e-01   2.7159786e-01
   4.8937074e-01   3.0243865e-01
   5.2566559e-01   2.7578945e-01
   6.0830432e-01   2.2137549e-01
   6.9781374e-01   1.8216204e-01
   5.4018532e-01   2.6585760e-01
   6.1866025e-01   2.1507816e-01
   4.3882328e-01   4.5134202e-01
   5.1005769e-01   2.8696749e-01
   6.9322813e-01   1.8648231e-01
   5.1412348e-01   2.8406730e-01
   5.4589904e-01   2.6182488e-01
   8.4039519e-01   1.6764655e-01
   4.5013036e-01   3.6302914e-01
   4.6532302e+00   1.0254800e-01
   5.4197616e-01   2.6458236e-01
   5.9109852e-01   2.3195755e-01
   2.0683533e+00   1.4542041e-01
   6.5674333e-01   1.9470185e-01
   5.8029483e-01   2.3915251e-01
   5.9540982e-01   2.2922833e-01
   4.5007722e+00   1.0910839e-01
   5.4419065e-01   2.6325475e-01
   6.3989350e-01   2.0252770e-01
   4.5261646e-01   3.3924457e-01
   2.2662534e+00   1.3979103e-01
   6.2293187e-01   2.1176075e-01
   5.5405759e-01   2.5610596e-01
   4.4202541e-01   3.7925386e-01
   1.0414789e+01   7.1009752e-02
   5.5005586e-01   2.5876389e-01
   4.8607260e-01   3.0676722e-01
   4.2015402e-01   1.4427209e+00
   4.1844664e+00   1.3886944e-01
   5.8255787e-01   2.3746498e-01
   4.3397794e-01   5.4304965e-01
   6.8152439e-01   1.8897408e-01
   4.0868433e-01   1.2197234e+01
   4.2869295e-01   1.0379075e+00
   5.2760499e-01   2.7477202e-01
   5.5837489e-01   2.5324151e-01
   4.6697737e-01   3.2929948e-01
   5.4814959e-01   2.6026217e-01
   4.4526924e+00   1.1534201e-01
   6.2813912e-01   2.0905240e-01
   5.7783548e-01   2.4065180e-01
   7.5460913e-01   1.6903229e-01
   5.8470226e-01   2.3583460e-01
   5.0415944e-01   2.9089931e-01
   7.1890949e-01   1.7840093e-01
   5.7598503e+00   9.5298706e-02
   6.1915995e+00   8.7813720e-02
   4.4860191e-01   3.7080971e-01
   4.2903421e-01   8.9792571e-01
   4.3733593e-01   4.9720503e-01
   7.3014520e-01   1.7670513e-01
   5.6496835e-01   2.4891187e-01
   5.0046953e-01   2.9394792e-01
   4.8013379e-01   3.0938437e-01
   4.7871707e-01   3.1434156e-01
   5.2176061e-01   2.7861926e-01
   4.4280602e+00   1.0205622e-01
   1.3343004e+01   6.9846306e-02
   1.7936816e+00   1.4340844e-01
   5.6697633e-01   2.4755420e-01
   6.2720676e+00   8.4558805e-02
   4.0493352e-01   2.9360432e+00
   4.0332433e-01   3.5421111e+00
   5.2329944e-01   2.7704757e-01
   6.2495623e-01   2.1043727e-01
   4.0779256e-01   4.7496850e-01
   4.1390867e-01   4.1904583e-01
   6.9730254e-01   1.7947788e-01
   5.9075224e-01   2.3169291e-01
   3.8887305e+00   1.3635134e-01
   5.6273278e-01   2.5030612e-01
   4.4989559e-01   3.3419583e-01
   6.4613645e-01   1.9898272e-01
   5.6104091e-01   2.5144536e-01
   2.1024692e+00   1.3816919e-01
   5.9490930e-01   2.2903970e-01
   5.1839701e-01   2.8138759e-01
   6.0384739e-01   2.2333910e-01
   5.5628286e-01   2.5453271e-01
   4.0894258e-01   4.3292251e-01
   4.1470201e-01   4.1567020e-01
   5.4981035e-01   2.5878898e-01
   5.3417380e-01   2.7027982e-01
   4.8265194e-01   3.0857145e-01
   5.5316366e+00   8.9168165e-02
   6.6424338e-01   1.8897511e-01
   4.6374168e-01   3.2088786e-01
   7.9027974e-01   1.6677229e-01
   5.0805560e-01   2.8799149e-01
   6.2232893e-01   2.1188299e-01
   6.3299748e-01   2.0524339e-01
   4.2959576e-01   3.7194030e-01
   6.1271275e-01   2.1787628e-01
   4.0702370e-01   5.2214643e-01
   5.3146795e-01   2.7159786e-01
   4.0515580e-01   2.0804490e+00
   5.2566559e-01   2.7578945e-01
   5.3995772e-01   2.6562208e-01
   4.4127542e-01   3.5350376e-01
   5.1102214e-01   2.8614520e-01
   4.7036137e-01   3.1667844e-01
   4.5402267e-01   3.3071890e-01
   5.9706987e+00   8.5281583e-02
   6.0895294e-01   2.2011458e-01
   5.1412348e-01   2.8406730e-01
   5.4589904e-01   2.6182488e-01
   4.8613206e+00   9.8602637e-02
   8.9171891e-01   1.6070723e-01
   4.7642774e-01   3.1153440e-01
   5.4197616e-01   2.6458236e-01
   5.8237449e-01   2.3774022e-01
   5.0038177e-01   2.9382457e-01
   4.2808867e+00   1.3322372e-01
   5.8029483e-01   2.3915251e-01
   5.7099202e-01   2.4472170e-01
   5.2073492e-01   2.7896021e-01
   4.6861830e-01   3.1799240e-01
   6.3989350e-01   2.0252770e-01
   5.1668003e-01   2.8313819e-01
   5.7736352e-01   2.4046007e-01
   4.3813160e-01   3.5837762e-01
   4.0601091e-01   1.6305518e+00
   5.5405759e-01   2.5610596e-01
   9.9130856e+00   7.0080236e-02
   5.6912161e-01   2.4623624e-01
   7.2769001e-01   1.7390648e-01
   4.8554818e-01   3.0358429e-01
   6.2741885e-01   2.0904997e-01
   4.8893188e-01   3.0173420e-01
   4.9140198e-01   2.9974044e-01
   6.6026631e-01   1.9258540e-01
   6.5399362e-01   1.9446185e-01
   6.7785407e-01   1.8674917e-01
   5.3767350e-01   2.6713521e-01
   5.2760499e-01   2.7477202e-01
   5.5837489e-01   2.5324151e-01
   9.0594454e+00   7.3136868e-02
   5.4814959e-01   2.6026217e-01
   4.4188597e-01   3.4662520e-01
   1.8212119e+00   1.4168142e-01
   5.9737170e-01   2.2754633e-01
   6.4417447e-01   2.0093841e-01
   5.8470226e-01   2.3583460e-01
   5.0415944e-01   2.9089931e-01
   7.1890949e-01   1.7840093e-01
   4.9601326e-01   2.9645552e-01
   1.8903365e+00   1.3928968e-01
   5.9983492e-01   2.2646035e-01
   7.5316968e-01   1.6884177e-01
   6.6904268e-01   1.8722037e-01
   5.7527378e-01   2.4191715e-01
   5.6496835e-01   2.4891187e-01
   5.0656066e-01   2.8933969e-01
   4.8013379e-01   3.0938437e-01
   4.4386074e-01   3.4119918e-01
   6.1776183e-01   2.1477175e-01
   4.4280602e+00   1.0205622e-01
   5.0738127e-01   2.8817838e-01
   6.6029925e-01   1.8933829e-01
   5.6697633e-01   2.4755420e-01
   8.8308270e-01   1.6067330e-01
   7.5364159e-01   1.6552755e-01
   4.5297285e-01   3.3005821e-01
   5.2329944e-01   2.7704757e-01
   4.4645616e-01   3.3503410e-01
   9.7609399e-01   1.5638135e-01
   5.1627353e-01   2.8279140e-01
   5.3392384e-01   2.7004022e-01
   5.9075224e-01   2.3169291e-01
   6.5633134e-01   1.9334186e-01
   7.3437785e-01   1.6799977e-01
   6.2733434e-01   2.0906222e-01
   4.7602962e-01   3.1133752e-01
   2.2069740e+00   1.3437664e-01
   4.6236726e-01   3.2461980e-01
   5.9490930e-01   2.2903970e-01
   5.3336099e+00   9.7703676e-02
   6.0384739e-01   2.2333910e-01
   3.8736223e-01   1.3176001e+00
   4.1508827e-01   3.8056377e-01
   4.6994339e-01   3.1572350e-01
   5.4981035e-01   2.5878898e-01
   5.4541307e+00   8.9455671e-02
   7.0530796e-01   1.7713324e-01
   5.5805294e-01   2.5326630e-01
   3.8764525e-01   5.0454727e-01
   1.8016905e+00   1.4103941e-01
   7.9627746e+00   7.1147718e-02
   6.1568285e-01   2.1630955e-01
   5.9328574e+00   8.4548972e-02
   6.3299748e-01   2.0524339e-01
   4.4461436e+00   1.0116182e-01
   6.1271275e-01   2.1787628e-01
   4.2905377e-01   3.5953305e-01
   5.3146795e-01   2.7159786e-01
   6.8366645e-01   1.7928316e-01
   6.3710067e-01   2.0242352e-01
   5.6240032e-01   2.5052473e-01
   3.9781920e+00   1.3338194e-01
   4.0331914e-01   3.9275987e-01
   5.8591627e-01   2.3527873e-01
   5.8709375e-01   2.3514711e-01
   4.2631866e-01   3.6055169e-01
   3.8175695e-01   2.3188695e+00
   5.1412348e-01   2.8406730e-01
   4.7938438e-01   3.0897050e-01
   4.8613206e+00   9.8602637e-02
   4.9540059e-01   2.9670763e-01
   6.6744182e-01   1.8645168e-01
   5.4197616e-01   2.6458236e-01
   5.8237449e-01   2.3774022e-01
   5.0038177e-01   2.9382457e-01
   1.5357091e+00   1.4485081e-01
   3.9907073e-01   3.9521249e-01
   5.7099202e-01   2.4472170e-01
   4.6452197e-01   3.1987326e-01
   5.4592915e-01   2.6162674e-01
   3.9665738e-01   4.3795837e-01
   4.4991573e-01   3.3193898e-01
   5.7736352e-01   2.4046007e-01
   5.6206854e-01   2.5091243e-01
   4.3486683e-01   3.4471492e-01
   4.4148180e-01   3.4060828e-01
   1.8481876e+00   1.3616777e-01
   7.1470355e+00   7.1813313e-02
   7.2769001e-01   1.7390648e-01
   4.8554818e-01   3.0358429e-01
   3.9318436e-01   4.4438901e-01
   5.2159346e-01   2.7866001e-01
   1.1056308e+00   1.5055792e-01
   6.0808343e-01   2.2081578e-01
   6.5399362e-01   1.9446185e-01
   6.0581223e-01   2.2238867e-01
   5.3767350e-01   2.6713521e-01
   4.0745998e-01   3.8375509e-01
   4.2260341e-01   3.7613332e-01
   6.2185788e-01   2.1187909e-01
   4.9157445e-01   2.9944770e-01
   7.7521886e-01   1.6464482e-01
   5.6575099e-01   2.4900407e-01
   5.9737170e-01   2.2754633e-01
   6.4241718e-01   1.9935257e-01
   5.5399557e-01   2.5588592e-01
   5.0415944e-01   2.9089931e-01
   4.3922210e-01   3.4287973e-01
   6.3870300e+00   7.7272416e-02
   5.1924514e-01   2.7996169e-01
   5.9983492e-01   2.2646035e-01
   5.2586836e-01   2.7506154e-01
   1.1476935e+01   6.9330454e-02
   5.7527378e-01   2.4191715e-01
   3.8704744e-01   1.5875574e+00
   4.8845334e-01   3.0192383e-01
   5.0991607e-01   2.8653810e-01
   4.7419446e-01   3.1346762e-01
   6.1776183e-01   2.1477175e-01
   4.4280602e+00   1.0205622e-01
   8.4446435e+00   6.9330454e-02
   6.6029925e-01   1.8933829e-01
   5.6697633e-01   2.4755420e-01
   6.3207999e-01   2.0635163e-01
   4.9149110e-01   2.9914721e-01
   4.8368984e+00   9.5317181e-02
   5.2329944e-01   2.7704757e-01
   4.3876207e-01   3.3929331e-01
   7.3353956e-01   1.6237801e-01
   4.6930265e-01   3.1567773e-01
   4.8448236e-01   3.0438564e-01
   5.0741814e-01   2.8805769e-01
   6.5633134e-01   1.9334186e-01
   3.6510914e-01   5.8339338e-01
   6.2733434e-01   2.0906222e-01
   3.7979985e-01   3.9382813e-01
   3.9896292e-01   3.7731339e-01
   2.0997664e+00   1.3336180e-01
   5.9490930e-01   2.2903970e-01
   5.3359948e-01   2.6987596e-01
   6.0384739e-01   2.2333910e-01
   4.2562562e-01   3.4987042e-01
   4.7533229e-01   3.1154749e-01
   5.4981035e-01   2.5878898e-01
   5.9036415e-01   2.3194411e-01
   7.0530796e-01   1.7713324e-01
   4.0849407e-01   3.7039844e-01
   5.5805294e-01   2.5326630e-01
   5.0400216e-01   2.9075859e-01
   4.4397791e-01   3.3468683e-01
   5.4538269e+00   8.3278934e-02
   6.1568285e-01   2.1630955e-01
   6.5196536e-01   1.9479696e-01
   7.6896887e-01   1.6142849e-01
   6.4833576e+00   7.1813313e-02
   6.1271275e-01   2.1787628e-01
   6.0782544e-01   2.2078692e-01
   4.1443762e-01   3.6431338e-01
   4.0588492e+00   1.3069503e-01
   6.3710067e-01   2.0242352e-01
   5.6240032e-01   2.5052473e-01
   4.4012317e-01   3.3780898e-01
   5.4088636e-01   2.6492175e-01
   1.7120138e+00   1.3509500e-01
   6.8485205e-01   1.7826066e-01
   4.6606206e-01   3.1827906e-01
   4.7323262e-01   3.1259947e-01
   7.2152919e-01   1.6598174e-01
   4.7938438e-01   3.0897050e-01
   6.2598740e+00   7.4960388e-02
   4.9540059e-01   2.9670763e-01
   6.6744182e-01   1.8645168e-01
   3.6034971e-01   9.3212006e-01
   1.0697105e+01   6.9155020e-02
   4.3244868e-01   3.4736843e-01
   5.1419275e-01   2.8341000e-01
   5.0981220e-01   2.8654291e-01
   5.7099202e-01   2.4472170e-01
   4.2291432e-01   3.5317153e-01
   5.4592915e-01   2.6162674e-01
   4.1285400e-01   3.6799642e-01
   4.5470660e-01   3.2710203e-01
   5.7736352e-01   2.4046007e-01
   4.9976897e-01   2.9349247e-01
   5.3133097e-01   2.7139000e-01
   3.6009265e-01   1.2498654e+00
   4.5289250e-01   3.2793402e-01
   4.0159321e-01   3.7163309e-01
   6.4982304e-01   1.9590919e-01
   8.3325378e-01   1.5962524e-01
   4.5976481e-01   3.2303297e-01
   5.8583572e-01   2.3519738e-01
   3.5198015e-01   1.9688925e+00
   8.5608237e-01   1.4853727e-01
   6.7945208e-01   1.7916379e-01
   1.3811448e+00   1.4166689e-01
   5.3767350e-01   2.6713521e-01
   4.4570267e-01   3.3359014e-01
   1.1276451e+00   1.4275585e-01
   6.2185788e-01   2.1187909e-01
   5.8135353e-01   2.3827470e-01
   4.4549584e+00   9.9763834e-02
   6.9125003e-01   1.7744534e-01
   5.9737170e-01   2.2754633e-01
   6.4241718e-01   1.9935257e-01
   5.5399557e-01   2.5588592e-01
   1.0147510e+00   1.4369366e-01
   3.6307479e-01   8.9194566e-01
   4.5095759e-01   3.2997569e-01
   5.1924514e-01   2.7996169e-01
   5.9983492e-01   2.2646035e-01
   5.2586836e-01   2.7506154e-01
   4.6339327e-01   3.2029313e-01
   5.7527378e-01   2.4191715e-01
   3.6807488e-01   4.3768816e-01
   4.8845334e-01   3.0192383e-01
   4.3389034e-01   3.4366518e-01
   4.8099077e-01   3.0765332e-01
   6.1776183e-01   2.1477175e-01
   2.9810631e+00   1.3176304e-01
   8.4446435e+00   6.9330454e-02
   3.9423888e-01   3.7755496e-01
   5.6697633e-01   2.4755420e-01
   6.3207999e-01   2.0635163e-01
   4.9149110e-01   2.9914721e-01
   4.8368984e+00   9.5317181e-02
   4.5107182e-01   3.2969284e-01
   3.3114628e-01   8.6065994e+00
   4.1143118e-01   3.6128548e-01
   4.6930265e-01   3.1567773e-01
   4.8448236e-01   3.0438564e-01
   4.9953750e-01   2.9347903e-01
   7.8847024e-01   1.5966198e-01
   3.4879144e-01   8.9893630e-01
   6.2733434e-01   2.0906222e-01
   3.7979985e-01   3.9382813e-01
   4.0071395e-01   3.7041347e-01
   2.0997664e+00   1.3336180e-01
   5.9490930e-01   2.2903970e-01
   5.3359948e-01   2.6987596e-01
   6.0384739e-01   2.2333910e-01
   3.5687336e-01   6.9932726e-01
   7.3317825e-01   1.6103970e-01
   4.8842322e-01   3.0192247e-01
   5.4981035e-01   2.5878898e-01
   4.5324070e-01   3.2763900e-01
   4.7525621e-01   3.1142363e-01
   5.5805294e-01   2.5326630e-01
   5.0400216e-01   2.9075859e-01
   5.9038204e-01   2.3192557e-01
   3.3696255e-01   4.0649064e+00
   5.9935054e-01   2.2645318e-01
   5.0689377e-01   2.8828321e-01
   5.1137057e-01   2.8560247e-01
   5.6912980e-01   2.4593245e-01
   6.1271275e-01   2.1787628e-01
   6.0782544e-01   2.2078692e-01
   4.2648709e-01   3.4899410e-01
   4.9536733e-01   2.9660759e-01
   6.3710067e-01   2.0242352e-01
   5.6240032e-01   2.5052473e-01
   4.4012317e-01   3.3780898e-01
   3.3509620e-01   4.0814261e+00
   4.0956373e-01   3.6435305e-01
   5.4067097e-01   2.6501971e-01
   4.6606206e-01   3.1827906e-01
   4.7323262e-01   3.1259947e-01
   7.1435147e-01   1.6275460e-01
   5.2308483e-01   2.7705227e-01
   5.1905932e+00   8.3278934e-02
   4.8065426e-01   3.0753611e-01
   6.6744182e-01   1.8645168e-01
   4.3926261e+00   1.0529518e-01
   1.0522109e+00   1.4037290e-01
   3.6668795e-01   4.3171926e-01
   5.1419275e-01   2.8341000e-01
   3.6204521e-01   4.6169534e-01
   5.7099202e-01   2.4472170e-01
   9.8264727e-01   1.4335557e-01
   5.4592915e-01   2.6162674e-01
   3.4876851e-01   1.8294724e+00
   1.0982959e+01   5.9194204e-02
   5.7736352e-01   2.4046007e-01
   4.3093643e-01   3.4763734e-01
   5.3133097e-01   2.7139000e-01
   1.2587941e+00   1.3441502e-01
   4.3315872e-01   3.4526516e-01
   3.5492005e-01   8.1333472e-01
   6.4982304e-01   1.9590919e-01
   4.4235974e-01   3.3585717e-01
   4.5976481e-01   3.2303297e-01
   5.8583572e-01   2.3519738e-01
   5.9345419e+00   7.1349653e-02
   8.5608237e-01   1.4853727e-01
   6.7945208e-01   1.7916379e-01
   3.0767928e+00   1.3051804e-01
   5.3767350e-01   2.6713521e-01
   4.4570267e-01   3.3359014e-01
   6.5948844e-01   1.8964518e-01
   6.2185788e-01   2.1187909e-01
   3.7183605e-01   4.2750843e-01
   4.4549584e+00   9.9763834e-02
   6.9125003e-01   1.7744534e-01
   4.3495372e-01   3.4263697e-01
   6.4241718e-01   1.9935257e-01
   5.5399557e-01   2.5588592e-01
   4.5750830e-01   3.2407719e-01
   4.2253326e-01   3.5114215e-01
   4.3838686e-01   3.3956866e-01
   5.1924514e-01   2.7996169e-01
   6.5235500e-01   1.9360970e-01
   5.2586836e-01   2.7506154e-01
   4.6339327e-01   3.2029313e-01
   5.7527378e-01   2.4191715e-01
   6.8168332e-01   1.7792565e-01
   3.5691668e-01   6.7416504e-01
   4.8619314e-01   3.0342001e-01
   5.8178718e-01   2.3759238e-01
   6.1776183e-01   2.1477175e-01
   1.9752225e+01   2.4277176e+01
   1.8292792e+01   1.2211268e+01
   2.5713024e+01   2.8951765e+01
   1.5971745e+01   2.0960781e+01
   2.3752614e+01   2.1983373e+01
   3.7456922e+01   2.7851844e+01
   1.7791898e+01   1.5664814e+01
   3.1671233e+01   1.8292068e+01
   1.5499242e+01   1.8116185e+01
   1.2031927e+01   1.5824206e+01
   3.8453646e+01   3.1980731e+01
   1.5572178e+01   1.2217932e+01
   2.3359768e+01   1.9364087e+01
   1.9686404e+01   1.6570682e+01
   4.3520658e+01   4.2719839e+01
   2.4347881e+01   2.5488479e+01
   2.8619788e+01   3.4111121e+01
   1.9445502e+01   2.9856161e+01
   3.5194170e+01   2.6860732e+01
   2.4678595e+01   2.1178756e+01
   1.7339258e+01   1.5873674e+01
   2.2640607e+01   1.6983154e+01
   1.8775540e+01   2.1969690e+01
   2.4611465e+01   2.7819205e+01
   2.3886668e+01   2.6738944e+01
   1.5519656e+01   1.3823106e+01
   2.6591395e+01   2.9900994e+01
   2.8938674e+01   2.2929059e+01
   2.7825808e+01   2.9997642e+01
   2.4392092e+01   1.9685918e+01
   2.6470141e+01   2.9417064e+01
   1.0561701e+01   1.6318566e+01
   3.1822204e+01   2.8108784e+01
   1.5398162e+01   1.5755042e+01
   2.6685635e+01   1.5694441e+01
   1.6129799e+01   1.3107306e+01
   2.5662597e+01   2.3965357e+01
   2.0796828e+01   1.6923518e+01
   2.4732003e+01   1.8691289e+01
   1.6888233e+01   1.5919255e+01
   1.5532683e+01   1.0798050e+01
   2.0926164e+01   1.9866486e+01
   1.6070167e+01   1.2987768e+01
   1.9531166e+01   1.9394356e+01
   1.3148486e+01   1.4335260e+01
   1.5273635e+01   3.2263953e+01
   4.1061234e+01   3.0416402e+01
   1.5210783e+01   1.3654881e+01
   2.9223519e+01   2.4787907e+01
   2.4512732e+01   1.7736749e+01
   1.8103645e+01   1.8345592e+01
   2.1437924e+01   1.7009776e+01
   3.3408122e+01   3.1199735e+01
   1.7412241e+01   1.9766476e+01
   1.7269853e+01   2.3904056e+01
   3.2496237e+01   2.9236777e+01
   3.5685600e+01   3.4544715e+01
   2.5234041e+01   2.8022714e+01
   1.5830401e+01   1.1538797e+01
   3.6171052e+01   3.2517777e+01
   2.2374740e+01   1.5748617e+01
   2.3590828e+01   3.0725953e+01
   2.0717798e+01   2.5615408e+01
   3.0021074e+01   3.0496222e+01
   1.8791864e+01   1.6844346e+01
   3.0482147e+01   2.5378505e+01
   1.6729141e+01   1.9875014e+01
   1.8600178e+01   1.8737406e+01
   3.5154840e+01   3.1454105e+01
   2.3379284e+01   2.3642091e+01
   1.8205227e+01   1.3447957e+01
   3.2517584e+01   3.2331070e+01
   2.3650423e+01   1.8543706e+01
   2.7413730e+01   3.6291872e+01
   1.5061849e+01   1.5346661e+01
   1.6445740e+01   1.8285054e+01
   2.0923302e+01   2.5386242e+01
   2.6416192e+01   2.8380659e+01
   1.7363746e+01   2.3756512e+01
   1.9396412e+01   1.4339449e+01
   1.3741824e+01   2.6525587e+01
   2.3617324e+01   2.5655468e+01
   1.7371212e+01   1.5342257e+01
   1.6217756e+01   1.9136073e+01
   1.8544154e+01   1.8072528e+01
   2.2390761e+01   1.6771433e+01
   2.3147975e+01   1.9029580e+01
   2.1970145e+01   1.6558302e+01
   2.1106188e+01   2.5328555e+01
   4.4286896e+01   3.6799457e+01
   1.9294982e+01   1.2677471e+01
   1.6037520e+01   2.0330840e+01
   1.6061678e+01   1.9843016e+01
   2.1586604e+01   2.7989023e+01
   1.9774901e+01   2.2690951e+01
   1.9184696e+01   2.1973428e+01
   2.8540882e+01   2.0152266e+01
   2.0036871e+01   2.6799518e+01
   2.5464891e+01   1.5046491e+01
   2.2705599e+01   2.0909934e+01
   4.5781124e+00   4.6867119e+00
   3.5999734e+00   9.8885149e+00
   4.0636911e+00   7.3669185e+00
   4.8982578e+00   4.3301169e+00
   7.7005453e+00   3.2676769e+00
   4.3370600e+00   5.4826694e+00
   4.4965079e+00   5.4047556e+00
   5.1166130e+00   3.9214826e+00
   4.3635382e+00   5.8426011e+00
   4.1091883e+00   6.2215191e+00
   7.7097572e+00   2.8957774e+00
   4.1181300e+00   6.1547905e+00
   4.5246552e+00   4.8535978e+00
   5.2710606e+00   3.7417677e+00
   9.2357943e+00   2.8561718e+00
   5.2885739e+00   3.2655175e+00
   4.6321924e+00   4.7961843e+00
   4.7263302e+00   4.6017298e+00
   4.2584799e+00   5.9692801e+00
   4.4107289e+00   5.5019601e+00
   5.3363459e+00   3.2711892e+00
   5.2167984e+00   3.2413161e+00
   5.1655825e+00   4.2442800e+00
   5.2319277e+00   3.3845221e+00
   3.8939013e+00   7.0684429e+00
   3.9489529e+00   6.8833943e+00
   7.2507535e+00   3.1387774e+00
   4.3291384e+00   5.1633163e+00
   3.8625779e+00   9.1522486e+00
   4.6406191e+00   4.7638748e+00
   4.8371355e+00   4.5059301e+00
   4.3877833e+00   5.7705587e+00
   4.5170860e+00   5.4612708e+00
   8.1845504e+00   3.0613463e+00
   6.0468239e+00   3.3507767e+00
   4.8215750e+00   4.4217475e+00
   3.8240887e+00   6.3748108e+00
   3.9548561e+00   6.0073296e+00
   4.7078706e+00   4.6506768e+00
   4.1276000e+00   6.2336473e+00
   7.5828391e+00   2.8638178e+00
   4.5903904e+00   5.1383744e+00
   5.6631827e+00   3.5993522e+00
   3.9924595e+00   7.6917351e+00
   3.9281636e+00   8.2338839e+00
   4.7169739e+00   4.4545285e+00
   4.8752898e+00   4.2649389e+00
   4.5298623e+00   5.1651434e+00
   3.5112006e+00   9.2544509e+00
   3.8086337e+00   9.2210256e+00
   4.3220533e+00   5.8782889e+00
   5.4392218e+00   3.6268578e+00
   3.9035114e+00   8.1899355e+00
   4.4133035e+00   5.5717469e+00
   4.0283618e+00   6.9098941e+00
   4.8434278e+00   4.2600906e+00
   4.3445172e+00   5.8661237e+00
   3.5897729e+00   1.1061387e+01
   5.1802887e+00   4.1073924e+00
   4.5853378e+00   5.1988423e+00
   7.5389841e+00   3.1202357e+00
   7.7986404e+00   3.2460208e+00
   7.0028787e+00   3.3207457e+00
   4.2342539e+00   5.7059258e+00
   8.9301719e+00   2.9456791e+00
   3.9942997e+00   7.3490540e+00
   4.5967156e+00   4.4873556e+00
   4.4383483e+00   4.5617469e+00
   4.5492949e+00   4.8877286e+00
   4.0134502e+00   7.5004165e+00
   4.4067673e+00   5.5171579e+00
   5.8636384e+00   2.8158021e+00
   4.2801486e+00   5.8688744e+00
   4.8215700e+00   4.6428476e+00
   3.7946381e+00   8.6141464e+00
   6.1146686e+00   3.0137709e+00
   3.3666771e+00   1.0050982e+01
   3.8375430e+00   9.6063378e+00
   4.5631768e+00   5.3463718e+00
   3.9562359e+00   7.5868914e+00
   3.8934404e+00   8.2820431e+00
   4.2934239e+00   5.6680860e+00
   4.8216628e+00   3.9273528e+00
   5.1584895e+00   4.1481443e+00
   3.9772631e+00   5.5259088e+00
   3.6371680e+00   1.0981593e+01
   4.9281166e+00   3.5906583e+00
   4.0547628e+00   6.1122602e+00
   1.0856064e+01   2.8206615e+00
   4.0111297e+00   6.1459395e+00
   7.9810897e+00   2.7713783e+00
   5.3636891e+00   3.8810203e+00
   4.4763907e+00   4.3251427e+00
   4.5961253e+00   4.7099044e+00
   5.2061514e+00   3.6104964e+00
   3.7164107e+00   6.9335062e+00
   4.8723581e+00   4.3107446e+00
   3.5950581e+00   8.8043377e+00
   4.9211989e+00   4.0098766e+00
   3.5610127e+00   9.2729720e+00
   2.3060845e+00   7.1025452e+00
   4.6969928e+00   1.6293174e+00
   4.7268486e+00   1.6707806e+00
   6.2912230e+00   4.3851810e-01
   7.8815256e+00   4.8420386e-01
   3.6475643e+00   2.4725721e+00
   4.0809297e+00   1.9007764e+00
   4.6016190e+00   1.7046634e+00
   5.2205908e+00   1.4556321e+00
   1.0824013e+01   3.1304598e-01
   5.6275630e+00   1.0614105e+00
   5.7165689e+00   8.7941965e-01
   2.4149435e+00   6.5968500e+00
   2.6567982e+00   4.3631392e+00
   5.0129703e+00   1.3777232e+00
   5.3478561e+00   1.1510096e+00
   7.3206810e+00   5.3628471e-01
   4.4032850e+00   1.6524784e+00
   5.5166595e+00   1.0957916e+00
   3.3831649e+00   3.5487986e+00
   5.8820981e+00   9.9968568e-01
   8.3724614e+00   3.1661863e-01
   3.0455278e+00   4.8417885e+00
   2.1775303e+00   1.0188093e+01
   3.1298961e+00   4.5729881e+00
   7.9481211e+00   3.5326030e-01
   5.7921864e+00   5.7791234e-01
   1.0225174e+01   3.8887082e-01
   2.2500014e+00   9.7450817e+00
   6.0469264e+00   6.2507083e-01
   4.2336459e+00   2.4589000e+00
   6.2659220e+00   5.8185614e-01
   3.7988380e+00   2.9251556e+00
   1.0498996e+01   3.7462671e-01
   2.1939478e+00   6.0401556e+00
   4.5035420e+00   1.6189565e+00
   2.7374397e+00   3.6988962e+00
   2.9398874e+00   4.4545877e+00
   4.3600980e+00   1.6192826e+00
   4.4052975e+00   2.2584860e+00
   4.6421760e+00   1.6346390e+00
   3.9744713e+00   2.6263169e+00
   1.0595320e+01   3.1852617e-01
   2.2643992e+00   8.4852846e+00
   3.5710952e+00   3.5960081e+00
   4.5771144e+00   1.4966379e+00
   2.9559371e+00   5.1286762e+00
   5.7560184e+00   8.5891950e-01
   5.6931485e+00   6.6357605e-01
   2.4932186e+00   5.8060480e+00
   3.1744832e+00   4.0979161e+00
   2.9000261e+00   5.3451899e+00
   4.1716690e+00   2.2345590e+00
   6.1988611e+00   5.6572111e-01
   2.2077746e+00   1.0202168e+01
   2.9600538e+00   3.9358657e+00
   5.6470788e+00   1.2107535e+00
   5.9141541e+00   6.2607513e-01
   4.6909580e+00   1.1348171e+00
   2.5483110e+00   6.3572781e+00
   4.5120962e+00   1.9038807e+00
   2.2631524e+00   9.2018952e+00
   2.3074859e+00   6.2165375e+00
   2.6129460e+00   5.6237303e+00
   3.8854257e+00   2.3758066e+00
   3.4723477e+00   3.2674624e+00
   7.8870877e+00   4.2000925e-01
   4.8668621e+00   1.4429352e+00
   5.2998926e+00   1.3514633e+00
   5.6185033e+00   6.7143265e-01
   5.5039220e+00   1.3192772e+00
   5.0762032e+00   1.5468551e+00
   8.2972455e+00   3.8872255e-01
   3.7624937e+00   2.6542352e+00
   6.2645822e+00   5.7006770e-01
   2.3215457e+00   7.2018348e+00
   6.5555673e+00   5.5823257e-01
   3.6741556e+00   3.4609832e+00
   8.4287366e+00   3.9615576e-01
   5.9348409e+00   8.3511992e-01
   2.6004461e+00   5.4520793e+00
   2.7836376e+00   5.7480619e+00
   4.3476901e+00   1.8901504e+00
   6.6481309e+00   5.1953367e-01
   2.5637219e+00   6.1804784e+00
   2.8145061e+00   5.4543039e+00
   3.5278483e+00   3.7400850e+00
   2.3432355e+00   5.8182598e+00
   6.7167678e+00   5.6657319e-01
   3.7896295e+00   3.2460166e+00
   2.6288027e+00   5.9439586e+00
   3.1851123e+00   3.4489372e+00
   3.4304308e+00   2.7407889e+00
   2.2513202e+00   8.9998812e+00
   2.1231153e+00   7.4385035e+00
   2.8730398e+00   5.7099095e+00
   4.2118278e+00   2.0175649e+00
   8.2913531e+00   4.7413147e-01
   5.1657026e+00   1.0152384e+00
   2.7352577e+00   5.5895297e+00
   4.0519618e+00   2.3856755e-01
   4.2172389e+00   2.3819203e-01
   1.0744513e+00   4.1351003e+00
   1.1557551e+01   2.3611634e-01
   2.4048789e+00   5.7810751e-01
   1.0732948e+00   8.0484882e+00
   3.2283960e+00   2.3948564e-01
   1.0728529e+00   9.5701082e+00
   1.0948057e+00   2.8510778e+00
   1.4943473e+00   1.4845489e+00
   4.4156441e+00   2.3871056e-01
   9.0256305e+00   2.3582983e-01
   1.0772707e+00   4.0221039e+00
   1.7947237e+00   1.2345775e+00
   4.0351875e+00   2.3878958e-01
   3.0043127e+00   2.3957612e-01
   1.0754424e+00   3.8781347e+00
   3.0966487e+00   2.4673039e-01
   4.3865659e+00   2.3888642e-01
   1.1139621e+00   1.4140174e+00
   2.3877705e+00   5.6228131e-01
   1.0732388e+00   8.6777322e+00
   3.4549357e+00   2.3914358e-01
   1.6699558e+00   1.0409219e+00
   4.7185401e+00   2.3777284e-01
   4.0173184e+00   2.3912671e-01
   1.0824549e+00   3.1798057e+00
   1.0728404e+00   6.7779407e+00
   1.0784879e+00   3.4069830e+00
   2.7149699e+00   2.8368965e-01
   1.1300056e+00   1.9342946e+00
   1.0732877e+00   8.0876932e+00
   2.9202075e+00   2.5253143e-01
   1.7054749e+00   1.2767832e+00
   1.0733271e+00   8.0413844e+00
   1.0729761e+00   8.8659694e+00
   2.5443168e+00   5.0061958e-01
   4.7044344e+00   2.3821160e-01
   1.0727372e+00   9.4220364e+00
   1.1183514e+00   2.4252695e+00
   4.4775655e+00   2.3831196e-01
   4.4768211e+00   2.3848079e-01
   1.0819003e+00   3.5730408e+00
   1.0739802e+00   5.2641158e+00
   5.8535272e+00   2.3697026e-01
   1.0734596e+00   7.8197891e+00
   3.0987083e+00   2.4006007e-01
   1.0724685e+00   1.1118149e+01
   1.5145085e+00   1.6575215e+00
   1.4248506e+00   1.7731430e+00
   2.8058140e+00   3.2026023e-01
   2.6101773e+00   4.9119724e-01
   1.4539732e+00   1.8490369e+00
   1.0738761e+00   6.3276054e+00
   1.0821780e+00   3.2491715e+00
   6.8346373e+00   2.3654154e-01
   7.0095407e+00   2.3645134e-01
   1.0748592e+00   4.6433396e+00
   1.0916090e+00   2.7855130e+00
   5.1143967e+00   2.3699376e-01
   4.5513153e+00   2.3827933e-01
   1.0736404e+00   7.7110303e+00
   1.1741620e+01   2.3597063e-01
   1.0739861e+00   6.8839220e+00
   1.0740294e+00   6.0454790e+00
   2.5030483e+00   2.5497554e-01
   2.1222155e+00   8.0113018e-01
   4.0966381e+00   2.3899733e-01
   1.0991235e+00   2.6661423e+00
   2.2945786e+00   7.4559566e-01
   4.3232205e+00   2.3693786e-01
   1.0745643e+00   4.1715144e+00
   2.8458627e+00   2.4253845e-01
   2.2656481e+00   5.5228076e-01
   2.0406090e+00   9.3675501e-01
   1.4285460e+00   1.4969334e+00
   1.0893986e+00   3.0665668e+00
   5.8933958e+00   2.3632437e-01
   2.3247834e+00   3.0907800e-01
   3.6430273e+00   2.3916848e-01
   1.1266506e+00   1.8788793e+00
   1.0736461e+00   7.6740833e+00
   1.0730494e+00   8.8487098e+00
   1.0778196e+01   2.3642281e-01
   1.0737852e+00   7.2548321e+00
   3.7273255e+00   2.3890386e-01
   2.4118909e+00   2.8850575e-01
   1.1088503e+00   1.5793580e+00
   2.6521061e+00   2.5040751e-01
   6.4188383e+00   2.3677729e-01
   1.0742359e+00   5.3899659e+00
   1.3789879e+00   9.9900477e-01
   1.0882471e+00   2.2101625e+00
   6.5550614e+00   2.3668258e-01
   1.5375511e+00   1.4852388e+00
   1.0784722e+00   3.3792718e+00
   1.0738626e+00   6.7632557e+00
   4.8984645e+00   2.3754091e-01
   3.2384679e+00   2.4078017e-01
   1.0820793e+00   2.5956687e+00
   4.9696062e+00   2.1529629e-01
   1.0706695e+00   1.6977480e+00
   6.5612742e+00   1.9919052e-01
   5.0510281e+00   2.1181097e-01
   9.6275146e+00   1.9747428e-01
   1.7925474e+00   2.3783595e-01
   1.0731744e+00   2.4504976e-01
   1.0561260e+00   8.0563285e+00
   5.0713912e+00   2.0755456e-01
   5.3256976e+00   2.0600488e-01
   1.0687366e+00   2.2991599e+00
   1.0572100e+00   7.7754067e+00
   3.6987613e+00   2.2202940e-01
   1.0690079e+00   2.0437735e+00
   3.5810643e+00   2.2526056e-01
   1.0733812e+00   2.5177565e-01
   1.0710895e+00   5.0446021e-01
   5.0182183e+00   2.0982911e-01
   1.0731090e+00   2.4899401e-01
   3.9038555e+00   2.2121177e-01
   1.0734865e+00   2.3965167e-01
   1.0644651e+00   5.2186945e+00
   1.0705250e+00   1.7831197e+00
   6.0077467e+00   2.0062436e-01
   1.0968612e+00   2.3846500e-01
   6.5429214e+00   1.9890530e-01
   3.8060590e+00   2.2145889e-01
   1.0717040e+00   4.4001385e-01
   5.0612812e+00   2.0849809e-01
   1.0668042e+00   3.3735185e+00
   3.6579660e+00   2.2190539e-01
   1.0761658e+00   2.3886402e-01
   1.4447387e+00   2.3789564e-01
   1.0870011e+00   2.3852716e-01
   1.0487794e+00   8.8897423e+00
   1.0731589e+00   2.7907374e-01
   5.1300922e+00   2.0722089e-01
   1.0707293e+00   1.1539879e+00
   1.4663064e+00   2.3787195e-01
   1.9604211e+00   2.3779738e-01
   3.5970139e+00   2.2324586e-01
   1.0782198e+00   2.3860772e-01
   1.0707474e+00   9.5635654e-01
   1.0714378e+00   5.0084823e-01
   1.1249768e+00   2.3834206e-01
   1.0716589e+00   4.6337398e-01
   8.2359231e+00   1.9854195e-01
   1.9625946e+00   2.3767729e-01
   4.9727970e+00   2.1697802e-01
   1.0711521e+00   7.8046115e-01
   1.0643384e+00   4.4550391e+00
   1.0713218e+00   5.4503088e-01
   5.9804502e+00   2.0091605e-01
   3.4745084e+00   2.2634300e-01
   8.4291347e+00   1.9629376e-01
   1.0837385e+00   2.3855860e-01
   1.0719189e+00   3.7018938e-01
   1.0705450e+00   1.7519053e+00
   1.0727752e+00   2.5792534e-01
   1.0899913e+00   2.3846742e-01
   1.0701325e+00   1.8714271e+00
   1.0725148e+00   2.8408190e-01
   1.1441164e+00   2.3823814e-01
   1.0720311e+00   3.3313851e-01
   1.0491782e+00   9.8969465e+00
   5.1653083e+00   2.0677532e-01
   1.0741945e+00   2.3929562e-01
   1.0950390e+00   2.3838941e-01
   1.0664699e+00   3.2749393e+00
   1.0728885e+00   2.5644178e-01
   5.4464866e+00   2.0605372e-01
   1.0709148e+00   1.3693828e+00
   5.2167525e+00   2.0756818e-01
   1.0521228e+00   8.7670561e+00
   1.0684530e+00   2.6843510e+00
   1.0734687e+00   2.4301751e-01
   3.2041009e+00   2.3766988e-01
   1.0510520e+00   9.2441104e+00
   1.0688021e+00   1.9974645e+00
   3.5056487e+00   2.2771806e-01
   1.0610066e+00   7.3669962e+00
   3.5893410e+00   2.2474742e-01
   1.0720320e+00   2.9545535e-01
   1.0655928e+00   4.2031045e+00
   1.0742732e+00   2.3901120e-01
   6.3334747e+00   1.9913675e-01
   1.0630458e+00   4.7596018e+00
   3.7009887e+00   2.2170045e-01
   1.0764823e+00   2.3878470e-01
   3.5897492e+00   2.2257503e-01
   1.4946988e+00   2.3789375e-01
   1.0721807e+00   3.0579716e-01
   1.4421699e+00   2.3800776e-01
   5.2734163e+00   2.0614338e-01
   1.0567964e+00   7.1999331e+00
   1.0655122e+00   4.5016006e+00
   1.0737755e+00   2.3926569e-01
   9.6897025e+00   1.9711364e-01
   4.3966544e+00   2.2107015e-01
   1.0704679e+00   1.8974854e+00
   7.6890494e-01   3.8913510e+00
   6.3403304e+00   1.7962990e-01
   5.8611667e+00   1.8095647e-01
   1.0702797e+00   2.6319778e-01
   7.8701006e+00   1.7908373e-01
   1.0738709e+00   2.3886885e-01
   7.5943423e-01   4.0764064e+00
   1.0698116e+00   2.9004898e-01
   1.0707237e+00   2.5515419e-01
   5.8686713e+00   1.8092769e-01
   4.3679793e+00   1.9743312e-01
   1.3503366e+00   2.3730500e-01
   1.0604304e+00   1.7004063e+00
   1.0752620e+00   2.3856946e-01
   1.0653895e+00   1.3507517e+00
   7.6084209e-01   4.0370274e+00
   5.6361240e+00   1.8643403e-01
   1.0718352e+00   2.4120108e-01
   1.0685548e+00   4.1760662e-01
   1.0710421e+00   2.4578985e-01
   1.0689276e+00   3.6455705e-01
   1.0584443e+00   3.6673285e+00
   1.0667970e+00   7.5688309e-01
   1.0717675e+00   2.4199120e-01
   1.0654108e+00   1.3053638e+00
   5.0859061e+00   1.9610804e-01
   1.0718567e+00   2.4007223e-01
   1.0689942e+00   3.4285731e-01
   1.0708265e+00   2.5345814e-01
   1.1061187e+00   2.3799186e-01
   1.0735943e+00   2.3892317e-01
   6.0171352e+00   1.7969937e-01
   1.0732331e+00   2.3930558e-01
   7.6584413e-01   3.9970134e+00
   7.6126154e-01   4.0177797e+00
   3.3542442e+00   2.2156290e-01
   1.0767161e+00   2.3826226e-01
   4.2800518e+00   1.9877983e-01
   1.0733673e+00   2.3897306e-01
   1.0743648e+00   2.3869282e-01
   5.3054231e+00   1.9562199e-01
   1.0690456e+00   2.9105023e-01
   1.0653661e+00   1.3946507e+00
   3.3580535e+00   2.2112661e-01
   1.0751101e+00   2.3866243e-01
   1.0727798e+00   2.3970150e-01
   1.0655069e+00   1.2318268e+00
   4.2805114e+00   1.9838191e-01
   3.3403413e+00   2.3364692e-01
   3.3622174e+00   2.2105088e-01
   1.0709203e+00   2.5070760e-01
   1.0592000e+00   2.8006572e+00
   1.0682072e+00   5.8842995e-01
   1.1198391e+00   2.3745223e-01
   1.1101618e+00   2.3768372e-01
   4.2904003e+00   1.9815920e-01
   5.3680702e+00   1.8889140e-01
   3.3411860e+00   2.2320812e-01
   7.5535012e-01   4.0895676e+00
   1.9827438e+00   2.3677310e-01
   6.5146054e+00   1.9862514e-01
   1.0736058e+00   2.4677264e-01
   5.2050308e+00   1.9577158e-01
   7.5192612e-01   5.9610474e+00
   3.3635830e+00   2.2084230e-01
   4.3558382e+00   1.9762471e-01
   7.5243730e-01   5.4027128e+00
   7.6553619e-01   4.0033627e+00
   1.0709992e+00   2.5049590e-01
   7.5685260e-01   4.3359604e+00
   1.0714320e+00   2.4199920e-01
   1.0740487e+00   2.3870251e-01
   5.1385712e+00   1.9605167e-01
   9.5483855e+00   1.7902766e-01
   3.3543472e+00   2.2146393e-01
   1.0710334e+00   2.4617548e-01
   1.2296466e+00   2.3732364e-01
   1.0668428e+00   7.1578093e-01
   1.0596057e+00   1.7670800e+00
   1.0680513e+00   6.8128716e-01
   3.3665150e+00   2.2067627e-01
   5.6534875e+00   1.8109237e-01
   4.2903361e+00   1.9828430e-01
   1.0752707e+00   2.3848870e-01
   1.0756761e+00   2.3833334e-01
   1.0659224e+00   7.9891962e-01
   3.3682846e+00   2.1990572e-01
   1.0803021e+00   2.3800859e-01
   1.0717998e+00   2.4195738e-01
   4.2618396e+00   1.9975465e-01
   7.6904737e-01   3.9680905e+00
   1.0682832e+00   5.6302765e-01
   1.0788132e+00   2.3816825e-01
   3.3534414e+00   2.2272218e-01
   1.0699723e+00   2.7194744e-01
   1.0683169e+00   5.3781867e-01
   1.0754369e+00   2.3840453e-01
   3.3526247e+00   2.2313700e-01
   1.1637321e+00   2.3733867e-01
   1.0704817e+00   2.6186305e-01
   1.0594029e+00   3.3167385e-01
   7.5975777e-01   3.2669378e+00
   1.0684115e+00   2.4403390e-01
   7.3981449e-01   3.3217273e+00
   4.6441608e+00   1.7731164e-01
   1.0499559e+00   1.3392191e+00
   1.0682804e+00   2.4428193e-01
   1.0555879e+00   7.2492633e-01
   1.0513621e+00   1.0191856e+00
   1.0651332e+00   2.5291700e-01
   3.5970516e+00   2.1922814e-01
   4.8405064e+00   1.6903073e-01
   7.5870017e+00   1.6568013e-01
   1.0582815e+00   3.7453728e-01
   1.0734339e+00   2.3875802e-01
   1.0533652e+00   9.7887266e-01
   1.0666914e+00   2.5021824e-01
   1.0537184e+00   7.8484203e-01
   4.1480201e+00   1.9941644e-01
   2.4376559e+00   2.3498318e-01
   3.3364864e+00   2.2063113e-01
   1.0719503e+00   2.3985153e-01
   1.0494416e+00   2.5520737e+00
   3.3458857e+00   2.1945324e-01
   1.0562475e+00   5.9774293e-01
   1.0688110e+00   2.4289009e-01
   7.4104799e-01   3.2888464e+00
   7.5615338e-01   3.2725331e+00
   1.0513152e+00   1.1077219e+00
   7.3147503e-01   4.0133579e+00
   6.6747527e+00   1.6761568e-01
   1.0643979e+00   2.5887273e-01
   3.3301820e+00   2.2319705e-01
   7.3028268e-01   4.8348096e+00
   7.4078677e-01   3.2992510e+00
   1.0713605e+00   2.4043405e-01
   3.3388423e+00   2.1993059e-01
   4.4982391e+00   1.7750506e-01
   1.0733673e+00   2.3897306e-01
   1.0845179e+00   2.3560766e-01
   1.0729742e+00   2.3914432e-01
   6.4725659e+00   1.6790572e-01
   1.0730023e+00   2.3905418e-01
   1.0577880e+00   5.2019841e-01
   4.4035971e+00   1.7793093e-01
   1.0745805e+00   2.3844511e-01
   4.1473331e+00   2.0044110e-01
   1.0497919e+00   1.4619409e+00
   1.0716819e+00   2.4001493e-01
   1.0726745e+00   2.3944579e-01
   1.0729137e+00   2.3923280e-01
   1.0775048e+00   2.3712300e-01
   1.0688636e+00   2.4259834e-01
   1.0575546e+00   5.3635078e-01
   1.0733780e+00   2.3891205e-01
   3.3360101e+00   2.2077503e-01
   1.0709169e+00   2.4078846e-01
   1.0739362e+00   2.3856952e-01
   4.1494201e+00   1.9679474e-01
   7.0507620e+00   1.6612382e-01
   1.0875867e+00   2.3532916e-01
   1.0720442e+00   2.3976247e-01
   4.4329378e+00   1.7785158e-01
   1.0551316e+00   7.3947483e-01
   1.0801633e+00   2.3601293e-01
   1.0717329e+00   2.3999031e-01
   4.1914662e+00   1.9611834e-01
   1.0872693e+00   2.3555333e-01
   1.0770865e+00   2.3718504e-01
   4.7610628e+00   1.7313405e-01
   4.1456425e+00   2.0151610e-01
   1.0718203e+00   2.3991713e-01
   1.0788104e+00   2.3666331e-01
   1.0772697e+00   2.3716822e-01
   7.3214778e-01   3.5415171e+00
   4.8263023e+00   1.6969056e-01
   7.4265691e-01   3.2833340e+00
   1.0631666e+00   2.7185885e-01
   4.1731933e+00   1.9662468e-01
   1.0699208e+00   2.4135388e-01
   1.0754543e+00   2.3772442e-01
   1.0733499e+00   2.3899389e-01
   3.3429238e+00   2.1975160e-01
   7.4066184e-01   3.3185331e+00
   8.4216327e+00   1.6516379e-01
   1.0485807e+00   2.7933887e+00
   1.0723734e+00   2.3949129e-01
   1.0497072e+00   1.8464084e+00
   1.0490198e+00   2.7157142e+00
   1.0764806e+00   2.3719496e-01
   1.0727520e+00   2.3925915e-01
   7.4416743e-01   3.2755781e+00
   1.0713932e+00   2.4030375e-01
   7.3454191e-01   3.3347758e+00
   7.3062427e-01   4.0246506e+00
   6.3408443e+00   1.6852994e-01
   7.3395701e-01   3.3413665e+00
   3.3345488e+00   2.2123484e-01
   1.0727109e+00   2.3937038e-01
   1.0754506e+00   2.3778994e-01
   1.0490863e+00   2.9812547e-01
   1.0431924e+00   3.1078949e-01
   4.2678129e+00   1.7719665e-01
   1.0886619e+00   2.3243892e-01
   3.1252022e+00   2.2029882e-01
   3.3594702e+00   2.1472217e-01
   4.3704182e+00   1.7588762e-01
   7.5416896e-01   3.2619415e+00
   7.6999486e-01   3.2590056e+00
   3.4104803e+00   2.1435651e-01
   1.0587835e+00   2.5140322e-01
   1.0584674e+00   2.5164857e-01
   4.6475094e+00   1.6808671e-01
   7.4486080e-01   3.2671452e+00
   7.2776442e-01   3.3126549e+00
   4.6425210e+00   1.6965285e-01
   7.3892860e-01   3.2822515e+00
   4.1290476e+00   2.0787516e-01
   7.3417688e-01   3.3026497e+00
   6.9741296e+00   1.6227455e-01
   8.2676706e-01   5.7548534e-01
   1.0550897e+00   2.5996488e-01
   1.0374398e+00   5.6154604e-01
   1.0648351e+00   2.4579884e-01
   7.9116126e-01   6.6726954e-01
   1.0891016e+00   2.3221431e-01
   1.0762796e+00   2.3723483e-01
   3.1021474e+00   2.2298354e-01
   1.0698496e+00   2.4118625e-01
   7.3524806e-01   3.3019558e+00
   2.4412993e+00   2.2914465e-01
   1.0550943e+00   2.5966881e-01
   1.0776849e+00   2.3643707e-01
   3.2184237e+00   2.1846332e-01
   1.0499649e+00   2.7859327e-01
   1.0618481e+00   2.4670211e-01
   1.0653986e+00   2.4531368e-01
   1.0690920e+00   2.4232130e-01
   1.0573469e+00   2.5695475e-01
   7.2705245e-01   3.3915895e+00
   1.0618089e+00   2.4843589e-01
   4.9444631e+00   1.6402165e-01
   1.0507618e+00   2.7430379e-01
   1.0725272e+00   2.3931167e-01
   1.0513778e+00   2.6542963e-01
   3.1759023e+00   2.1938729e-01
   1.0722471e+00   2.3961829e-01
   1.0716819e+00   2.4001493e-01
   1.0729049e+00   2.3906077e-01
   1.0721613e+00   2.3970874e-01
   1.0714865e+00   2.4004508e-01
   5.5396375e+00   1.6362381e-01
   1.0720816e+00   2.3979704e-01
   1.0697309e+00   2.4146645e-01
   1.0557752e+00   2.5917785e-01
   4.3444901e+00   1.7678633e-01
   1.0929065e+00   2.3192441e-01
   1.0671996e+00   2.4308315e-01
   8.4036968e+00   1.6198070e-01
   8.5531541e+00   1.6164403e-01
   1.0853896e+00   2.3339590e-01
   4.1853982e+00   1.9475752e-01
   1.0738105e+00   2.3862524e-01
   1.0711944e+00   2.4030075e-01
   4.1664255e+00   1.9849413e-01
   1.0731689e+00   2.3899574e-01
   4.1298361e+00   2.0253003e-01
   1.0961655e+00   2.3051033e-01
   1.0578190e+00   2.5687540e-01
   7.4396454e-01   3.2730019e+00
   1.0952531e+00   2.3069473e-01
   1.0892605e+00   2.3199487e-01
   1.0682884e+00   2.4297740e-01
   1.0733865e+00   2.3881691e-01
   1.0713445e+00   2.4028849e-01
   4.2755817e+00   1.7716746e-01
   1.0722899e+00   2.3956238e-01
   1.0724551e+00   2.3941371e-01
   1.0809715e+00   2.3430404e-01
   1.0828697e+00   2.3345118e-01
   8.6640116e+00   1.6148116e-01
   1.0379159e+00   4.0164630e-01
   6.9651853e+00   1.6345595e-01
   1.0728887e+00   2.3909661e-01
   1.0698158e+00   2.4122011e-01
   1.0723734e+00   2.3949129e-01
   1.0768091e+00   2.3688093e-01
   4.1670578e+00   1.9769025e-01
   1.0753868e+00   2.3768410e-01
   1.0408774e+00   3.7102291e-01
   1.0707726e+00   2.4081211e-01
   1.0776290e+00   2.3686037e-01
   1.0728186e+00   2.3920747e-01
   4.1366731e+00   1.9853796e-01
   1.0713600e+00   2.4028094e-01
   7.1796604e-01   4.2862468e+00
   1.0734674e+00   2.3870297e-01
   1.0728884e+00   2.3910721e-01
   1.0563129e+00   2.5713578e-01
   7.5047612e-01   3.2639875e+00
   7.5250328e+00   1.4289803e-01
   2.9999909e+00   2.1561624e-01
   8.4772240e-01   2.2772203e-01
   5.2316489e-01   3.3108461e+00
   2.9930535e+00   2.1559579e-01
   7.4563317e-01   3.2663678e+00
   4.2348984e+00   1.7633075e-01
   7.5416896e-01   3.2619415e+00
   7.6999486e-01   3.2590056e+00
   8.2429521e-01   2.4129376e-01
   7.8685779e-01   8.1108332e-01
   1.8020301e+00   2.2126724e-01
   4.3714173e+00   1.7466418e-01
   4.1911839e+00   1.8168344e-01
   1.7295070e+00   2.2054026e-01
   4.1311776e+00   1.9743360e-01
   4.1250989e+00   1.9831190e-01
   7.3892860e-01   3.2822515e+00
   2.2153972e+00   2.1938840e-01
   4.1743523e+00   1.9303780e-01
   9.0036465e-01   2.2550303e-01
   4.8566101e-01   3.3692025e+00
   4.8154730e-01   3.3680482e+00
   1.6423774e+00   2.2091249e-01
   7.2995880e-01   3.2906708e+00
   7.9116126e-01   6.6726954e-01
   4.8430794e-01   3.3386202e+00
   4.2463640e+00   1.7507281e-01
   4.5764940e+00   1.6386602e-01
   4.8225713e-01   3.4260883e+00
   1.6673856e+00   2.2274138e-01
   1.9195303e+00   2.2013586e-01
   4.7039382e-01   3.6935973e+00
   4.1310595e+00   1.9778623e-01
   4.8549974e+00   1.6117449e-01
   8.5499138e-01   2.2548123e-01
   4.2867307e+00   1.7500292e-01
   4.6922182e-01   3.4233203e+00
   5.9600475e+00   1.4968486e-01
   4.5825368e+00   1.6426578e-01
   4.2374133e+00   1.7654558e-01
   8.0503025e-01   2.7414290e-01
   7.8617554e-01   8.3101269e-01
   2.9297017e+00   2.1623838e-01
   4.5503688e+00   1.6456949e-01
   6.2460104e+00   1.4537122e-01
   7.2015844e+00   1.4297177e-01
   4.5361840e+00   1.7002630e-01
   3.2267624e+00   2.1175222e-01
   8.7639881e+00   1.4145448e-01
   4.1249711e+00   1.9830721e-01
   7.9225362e-01   6.8568153e-01
   8.2388043e-01   2.4314872e-01
   8.1896395e-01   5.8209640e-01
   1.9809357e+00   2.2032645e-01
   6.3495483e+00   1.4518579e-01
   4.1850023e+00   1.8079415e-01
   4.7747596e+00   1.6091978e-01
   4.2166896e+00   1.7742304e-01
   1.6376285e+00   2.2404554e-01
   5.0987214e+00   1.5820369e-01
   3.2292164e+00   2.1342071e-01
   5.4941289e-01   3.3128105e+00
   3.1533918e+00   2.1392302e-01
   1.6390104e+00   2.2324307e-01
   6.1612172e+00   1.4599452e-01
   3.0094562e+00   2.1490918e-01
   4.5475826e+00   1.6782654e-01
   7.8367662e-01   2.0062554e+00
   4.9632940e-01   3.3394704e+00
   7.4396454e-01   3.2730019e+00
   8.4890430e+00   1.4247831e-01
   6.2443745e+00   1.4848065e-01
   5.1803363e+00   1.5055762e-01
   4.8832678e+00   1.5809083e-01
   5.4572282e+00   1.5050134e-01
   8.2397704e-01   2.4057134e-01
   8.5010364e+00   1.4122278e-01
   7.8552441e-01   7.8252913e-01
   7.8703772e-01   7.7798470e-01
   7.8699874e+00   1.4387548e-01
   7.8001507e-01   2.8536462e+00
   7.7345667e-01   2.6441552e+00
   3.0845710e+00   2.1458770e-01
   5.1248085e-01   3.3214579e+00
   5.2587752e+00   1.4986490e-01
   7.8452110e-01   2.6692506e+00
   7.3608077e-01   3.2737430e+00
   8.5529386e-01   2.2573883e-01
   4.2114738e+00   1.7810203e-01
   7.4756881e-01   3.2671364e+00
   8.4019909e-01   2.3330188e-01
   8.3139814e-01   2.3717415e-01
   4.1288146e+00   1.9791103e-01
   8.3097922e-01   2.3654830e-01
   1.4139889e+00   2.2534037e-01
   3.1196919e+00   2.1398896e-01
   4.2331288e+00   1.7668495e-01
   8.0665360e-01   6.6151188e-01
   5.9636112e+00   1.4934856e-01
   5.2766959e-01   2.9410644e+00
   5.5939268e-01   2.3292554e+00
   8.4772240e-01   2.2772203e-01
   1.3184727e+00   2.2012138e-01
   8.4931415e-01   2.2665678e-01
   5.2466437e-01   3.2740260e+00
   4.6865119e-01   3.5364855e+00
   1.4274602e+00   2.1984877e-01
   4.6803554e-01   3.6654557e+00
   8.2429521e-01   2.4129376e-01
   4.9105382e-01   3.2870967e+00
   1.6786233e+00   2.1982790e-01
   5.3642576e-01   2.5275702e+00
   1.7098339e+00   2.1144336e-01
   4.2863320e+00   1.7214975e-01
   7.3110511e-01   8.1475991e-01
   4.6931708e-01   3.3309699e+00
   4.5439248e+00   1.6470453e-01
   5.7858414e-01   2.0710756e+00
   4.1743523e+00   1.9303780e-01
   7.8150134e-01   7.9864388e-01
   7.8786261e-01   6.8989735e-01
   4.9434538e-01   3.2779148e+00
   5.2041311e-01   3.2704534e+00
   4.2081816e+00   1.7514247e-01
   7.9116126e-01   6.6726954e-01
   4.2030419e+00   1.7546102e-01
   4.6779085e-01   9.7925412e+00
   1.0266838e+00   2.2103512e-01
   8.4909726e-01   2.2628005e-01
   4.6988646e-01   3.3399422e+00
   4.1859316e+00   1.7577935e-01
   4.7718710e+00   1.4735692e-01
   6.9410375e-01   1.2449648e+00
   4.5203440e+00   1.6576845e-01
   8.5499138e-01   2.2548123e-01
   5.4699095e-01   2.5114835e+00
   4.6922182e-01   3.4233203e+00
   4.5206060e+00   1.6687757e-01
   4.2300875e+00   1.7475210e-01
   8.1320510e-01   4.1462517e-01
   8.0503025e-01   2.7414290e-01
   3.6458914e+00   2.0458660e-01
   5.2982001e+00   1.3122237e-01
   4.7616324e+00   1.4870716e-01
   5.3376355e-01   2.7673272e+00
   2.7108369e+00   2.0462208e-01
   5.4646947e-01   2.3535656e+00
   2.6472625e+00   2.0565498e-01
   7.8907970e-01   6.2743478e-01
   4.1249711e+00   1.9830721e-01
   4.8314935e+00   1.3968471e-01
   8.2388043e-01   2.4314872e-01
   5.2783568e+00   1.3107176e-01
   1.1468976e+00   2.2120591e-01
   2.9560651e+00   2.0688481e-01
   4.7746575e-01   3.3232316e+00
   8.5805827e-01   2.2555258e-01
   5.0226883e-01   3.2897924e+00
   1.5600291e+00   2.1496513e-01
   4.6857036e-01   4.0387197e+00
   8.1161369e-01   5.7590336e-01
   4.1835592e+00   1.7710869e-01
   2.5294398e+00   2.0641428e-01
   4.9119463e+00   1.3177679e-01
   4.9206858e+00   1.3164438e-01
   2.1488972e+00   2.1059176e-01
   1.0444648e+00   2.2059852e-01
   8.4995740e-01   2.2615142e-01
   4.9294613e+00   1.3338067e-01
   4.1251184e+00   1.9693988e-01
   7.1244261e-01   8.9415569e-01
   2.0761734e+00   2.0963264e-01
   8.5984216e-01   2.2546507e-01
   8.9509784e-01   2.2252667e-01
   8.2397704e-01   2.4057134e-01
   1.7754452e+00   2.1409427e-01
   7.8552441e-01   7.8252913e-01
   1.0192546e+00   2.2290932e-01
   7.8115288e-01   6.9350112e-01
   4.6550958e+00   1.4944406e-01
   4.6915524e-01   3.4144135e+00
   6.4106254e-01   2.0670220e+00
   1.9471070e+00   2.1079142e-01
   4.7003789e+00   1.4880190e-01
   8.4996744e-01   2.2563367e-01
   4.6625171e+00   1.4948363e-01
   9.3500529e-01   2.2203439e-01
   3.4324859e+00   2.0398942e-01
   4.2681080e+00   1.7415426e-01
   8.4019909e-01   2.3330188e-01
   5.4822412e-01   2.1554734e+00
   8.0203145e-01   6.1815094e-01
   4.1871672e+00   1.7533974e-01
   8.3097922e-01   2.3654830e-01
   5.7591302e-01   2.1360533e+00
   4.5337712e+00   1.6651764e-01
   4.5493776e+00   1.6377968e-01
   6.8083010e-01   7.5255287e-01
   6.7295638e-01   7.5673462e-01
   5.9174199e-01   6.0064532e-01
   4.4968960e+00   1.4945485e-01
   8.4772240e-01   2.2772203e-01
   5.5632020e-01   7.6209125e-01
   5.4510004e-01   1.5333683e+00
   6.5065241e-01   5.6809395e-01
   5.1472690e-01   1.8146659e+00
   5.7771186e-01   6.2012769e-01
   5.7973321e-01   6.0459058e-01
   4.6278939e+00   1.2787797e-01
   4.9105382e-01   3.2870967e+00
   2.7181224e+00   1.9999515e-01
   4.0460835e+00   1.7233064e-01
   5.5698181e-01   6.4443101e-01
   4.9795047e+00   1.2199738e-01
   4.6931708e-01   3.3309699e+00
   4.5709974e-01   4.7487192e+00
   4.5628720e+00   1.3220209e-01
   4.0478978e+00   1.7219314e-01
   4.6593685e+00   1.2765960e-01
   1.2371052e+00   2.1058075e-01
   4.9434538e-01   3.2779148e+00
   4.9097056e+00   1.2319270e-01
   8.6779144e-01   2.1829266e-01
   8.5364737e-01   2.2532596e-01
   6.0345343e-01   5.8165389e-01
   8.3866942e-01   2.3284989e-01
   4.4496598e-01   6.8396432e+00
   4.4948009e+00   1.6308754e-01
   4.6988646e-01   3.3399422e+00
   4.5610176e+00   1.3362418e-01
   2.3995824e+00   2.0290921e-01
   4.9434345e+00   1.2318447e-01
   5.1523477e-01   1.8193715e+00
   4.5036582e+00   1.4771126e-01
   4.0611783e+00   1.7209643e-01
   4.6301254e-01   3.6698506e+00
   4.8185271e+00   1.2386603e-01
   1.6339312e+00   2.0375889e-01
   5.9873726e-01   5.7691579e-01
   8.0503025e-01   2.7414290e-01
   4.5593827e+00   1.3224279e-01
   4.6850441e-01   3.4359973e+00
   8.5017817e-01   2.2552431e-01
   5.7323037e-01   6.5669042e-01
   4.4807981e-01   6.0334136e+00
   2.0667458e+00   2.0328034e-01
   4.4831819e+00   1.6780185e-01
   3.0734246e+00   1.9739829e-01
   5.5732277e-01   7.0662679e-01
   8.0564709e+00   1.1798694e-01
   8.2388043e-01   2.4314872e-01
   8.6298405e-01   2.1815239e-01
   4.7616808e+00   1.2514200e-01
   7.0326866e+00   1.1938336e-01
   4.7746575e-01   3.3232316e+00
   8.4752545e-01   2.2875298e-01
   4.6212137e-01   4.1466091e+00
   5.5883675e-01   6.8230669e-01
   6.3220455e-01   5.7338061e-01
   8.3600971e-01   2.3344006e-01
   4.7930908e-01   3.3186940e+00
   8.4835209e-01   2.2643434e-01
   4.6525960e-01   3.6672337e+00
   4.1742198e+00   1.7200361e-01
   5.9700035e-01   6.0061545e-01
   5.0684169e-01   2.2103866e+00
   4.5273816e+00   1.4278564e-01
   4.6806490e-01   3.5615076e+00
   5.2408091e+00   1.2000793e-01
   4.8861036e+00   1.2389456e-01
   4.5723267e+00   1.3112547e-01
   5.0652620e-01   3.0875953e+00
   4.4959295e+00   1.4995714e-01
   4.5711444e+00   1.3192262e-01
   8.2397704e-01   2.4057134e-01
   5.6160677e-01   6.6397016e-01
   8.5201896e-01   2.2550895e-01
   6.7640010e-01   5.6326697e-01
   4.6563296e-01   3.6637015e+00
   1.2038162e+00   2.1096066e-01
   4.6915524e-01   3.4144135e+00
   2.7207286e+00   1.9771347e-01
   8.4808989e-01   2.2692063e-01
   8.0524289e-01   2.8892113e-01
   8.4996744e-01   2.2563367e-01
   4.5555597e+00   1.3252156e-01
   8.4904128e-01   2.2565174e-01
   4.8748176e+00   1.2327424e-01
   5.1468452e-01   1.8444315e+00
   8.4756878e-01   2.2772791e-01
   1.1765837e+00   2.1499157e-01
   4.6840898e+00   1.2741655e-01
   1.8395803e+00   2.0356707e-01
   8.3097922e-01   2.3654830e-01
   4.2996312e+00   1.7195743e-01
   4.5386338e+00   1.3312293e-01
   8.4744879e-01   2.3092578e-01
   2.8435553e+00   1.9691680e-01
   4.5356553e+00   1.3896499e-01
