   1.5722183e+01   1.8286880e+01
   2.8305651e+01   1.8887441e+01
   2.5573405e+01   1.2011077e+01
   1.5890687e+01   1.1896810e+01
   1.9696307e+01   2.2135550e+01
   2.8639343e+01   2.6479124e+01
   1.8550732e+01   1.4756617e+01
   2.4863652e+01   2.2051578e+01
   1.5753063e+01   1.5534274e+01
   3.9026210e+01   3.3981239e+01
   2.6897459e+01   3.3298623e+01
   2.8846337e+01   2.6721809e+01
   1.9981197e+01   1.9738826e+01
   3.5547343e+01   2.4340659e+01
   1.5538105e+01   2.7979633e+01
   1.3324651e+01   1.3596378e+01
   2.0419498e+01   1.5953009e+01
   1.5495913e+01   1.2162535e+01
   1.2122289e+01   1.3605626e+01
   2.4188598e+01   1.9295775e+01
   1.2961544e+01   1.4764430e+01
   1.7928521e+01   1.8481707e+01
   3.0285733e+01   2.9907399e+01
   1.8833323e+01   1.8812551e+01
   1.2440447e+01   9.8981762e+00
   2.7907730e+01   1.7754178e+01
   4.2894601e+01   2.6180377e+01
   3.2757992e+01   3.0455588e+01
   3.1542886e+01   2.2408022e+01
   1.6179615e+01   1.2947956e+01
   2.2164036e+01   2.2498074e+01
   1.6168389e+01   2.3024357e+01
   2.8227240e+01   2.7337946e+01
   2.9809197e+01   1.7437410e+01
   3.9161577e+01   1.9007432e+01
   3.1398055e+01   2.8377727e+01
   2.0978341e+01   2.3882200e+01
   2.0471786e+01   1.5089260e+01
   3.0889289e+01   1.8802203e+01
   3.2675247e+01   3.3006391e+01
   2.4660384e+01   1.3091416e+01
   1.6155123e+01   2.0344331e+01
   1.7565255e+01   1.4736361e+01
   2.0069563e+01   1.7459158e+01
   2.5790966e+01   2.0565323e+01
   2.3816586e+01   1.4407470e+01
   1.7206780e+01   2.5090499e+01
   2.5091879e+01   2.8999352e+01
   2.4414123e+01   1.7452199e+01
   1.8527869e+01   1.5925534e+01
   2.3266563e+01   2.3859853e+01
   1.7878920e+01   3.2782304e+01
   4.4699431e+01   2.7158829e+01
   1.3487133e+01   2.2168542e+01
   1.1803604e+01   1.9789748e+01
   1.6129138e+01   1.6485379e+01
   2.0515255e+01   2.2197792e+01
   2.3632614e+01   1.9723856e+01
   1.9580585e+01   2.3241821e+01
   2.2905734e+01   1.4611838e+01
   2.6127157e+01   3.7915560e+01
   1.7646807e+01   2.3432201e+01
   2.4526364e+01   3.0609446e+01
   1.9209723e+01   2.1300208e+01
   1.2100808e+01   2.2875717e+01
   2.0376503e+01   2.4921242e+01
   2.7696325e+01   2.5515135e+01
   2.4278697e+01   3.6983306e+01
   3.6245570e+01   2.6542713e+01
   2.2337413e+01   1.4970104e+01
   2.0084807e+01   1.5430475e+01
   2.1044206e+01   2.7206562e+01
   2.2903185e+01   1.6378269e+01
   1.5796140e+01   2.3998518e+01
   1.3574238e+01   1.4735268e+01
   1.5110585e+01   1.4027063e+01
   2.1395235e+01   2.0442477e+01
   1.1121101e+01   2.4040806e+01
   1.8180654e+01   1.3304272e+01
   1.5667316e+01   2.2397534e+01
   3.2530395e+01   2.8548300e+01
   3.2993974e+01   2.3987407e+01
   1.5929415e+01   1.1847685e+01
   2.5953371e+01   2.6283804e+01
   1.9074602e+01   1.6593192e+01
   3.6094147e+01   2.8143990e+01
   1.6809029e+01   1.3305555e+01
   2.9471456e+01   2.2018244e+01
   2.6922824e+01   3.9454382e+01
   1.9920122e+01   1.3887323e+01
   1.8810767e+01   1.1450604e+01
   3.3876898e+01   2.4872319e+01
   2.8330921e+01   1.9114538e+01
   2.4072363e+01   1.7912063e+01
   1.8366184e+01   1.6928081e+01
   1.6949773e+01   1.6143049e+01
   3.7481863e+01   1.9610724e+01
   1.9570258e+01   1.7264877e+01
   3.5859740e+01   3.8052735e+01
   3.1004028e+01   1.7902526e+01
   7.8320013e+00   1.4862753e+00
   1.4962271e+01   1.0751744e+00
   6.1644445e+00   2.3163176e+00
   2.9810659e+00   7.8932055e+00
   3.0404283e+00   9.2996907e+00
   3.4168212e+00   7.9170485e+00
   5.7736104e+00   2.5847584e+00
   5.5255266e+00   3.0615500e+00
   3.7420003e+00   5.5150782e+00
   3.5862959e+00   5.2821256e+00
   4.5585460e+00   4.5615574e+00
   4.3948952e+00   4.3741897e+00
   3.6004417e+00   6.3303854e+00
   7.0552000e+00   1.6999825e+00
   3.3248171e+00   8.4152413e+00
   3.8751174e+00   4.4435445e+00
   4.7254516e+00   2.8616330e+00
   3.5811580e+00   7.1288873e+00
   5.8254339e+00   2.3048122e+00
   4.9931669e+00   3.3568540e+00
   5.0124955e+00   2.9259316e+00
   3.5362517e+00   7.7650139e+00
   3.7001914e+00   6.7740250e+00
   7.0041408e+00   2.1318228e+00
   1.0594400e+01   1.2170629e+00
   4.8090031e+00   3.7693850e+00
   5.1972057e+00   3.2114454e+00
   5.5647676e+00   2.2056560e+00
   6.8640928e+00   2.0792021e+00
   4.0680048e+00   4.8212436e+00
   3.0521258e+00   8.5000776e+00
   4.4992148e+00   4.7409055e+00
   7.2604388e+00   1.7621407e+00
   4.5311856e+00   4.2276198e+00
   6.0230515e+00   2.5127071e+00
   8.8261780e+00   1.3376649e+00
   5.1411730e+00   2.7886671e+00
   5.9120940e+00   2.4553220e+00
   4.8827175e+00   2.9852650e+00
   5.5756364e+00   2.9622358e+00
   7.2413065e+00   1.2345236e+00
   3.6054985e+00   6.0994710e+00
   6.2921646e+00   1.8133555e+00
   5.5643833e+00   2.3707326e+00
   6.9740605e+00   2.1162764e+00
   6.8528887e+00   2.1004532e+00
   4.1318933e+00   5.1662719e+00
   5.4593253e+00   2.6792458e+00
   4.4924383e+00   4.1028069e+00
   4.0910072e+00   3.7393539e+00
   2.4608731e+00   8.8778019e+00
   6.3747372e+00   1.6960706e+00
   7.3811225e+00   1.2252520e+00
   4.3968980e+00   3.6455084e+00
   3.3610199e+00   8.4150252e+00
   5.9345625e+00   2.3465409e+00
   4.4957596e+00   3.8612448e+00
   6.7186038e+00   1.5593238e+00
   7.2857316e+00   1.2069708e+00
   4.9717828e+00   3.1224549e+00
   5.5741772e+00   3.0100926e+00
   3.8417966e+00   5.3884991e+00
   3.6250583e+00   7.1048085e+00
   2.9708122e+00   9.3225971e+00
   4.9040011e+00   2.7673512e+00
   4.7928957e+00   3.8025544e+00
   5.4631422e+00   2.7759457e+00
   4.1002798e+00   5.4873310e+00
   7.3748249e+00   1.8007058e+00
   8.7314986e+00   1.2851064e+00
   4.8279809e+00   3.9095085e+00
   4.8911773e+00   3.6934727e+00
   5.6884599e+00   2.8239735e+00
   5.6450054e+00   2.3491306e+00
   3.8823474e+00   5.2197109e+00
   7.3323687e+00   2.0952538e+00
   3.4781805e+00   8.6532300e+00
   4.0241876e+00   4.6251869e+00
   4.8841412e+00   3.2292903e+00
   4.4134000e+00   4.2041892e+00
   3.4535959e+00   9.3560296e+00
   3.6151080e+00   4.8967029e+00
   7.2299500e+00   1.5442763e+00
   5.8088886e+00   2.5624304e+00
   6.2468538e+00   2.3648437e+00
   5.8386949e+00   2.4745168e+00
   7.7781195e+00   1.4660171e+00
   6.9476544e+00   2.1186096e+00
   4.3566252e+00   4.5435832e+00
   1.1404538e+01   1.2713735e+00
   5.3658166e+00   2.7359423e+00
   8.5583750e+00   1.4461381e+00
   6.4261217e+00   2.2266128e+00
   3.0339878e+00   9.4080525e+00
   9.7014425e+00   1.3226378e+00
   6.3873372e+00   2.2238339e+00
   3.4932134e+00   5.1829942e+00
   7.6806780e+00   1.4974601e+00
   7.5138912e+00   1.7740218e+00
   3.2255823e+00   9.7512530e+00
   7.8403816e+00   1.7649341e-01
   3.0796593e+00   2.1129944e+00
   1.0527606e+01   1.6930701e-01
   3.2627600e+00   1.8239533e+00
   3.9641546e+00   5.1600161e-01
   3.6708120e+00   1.0548181e+00
   6.7093084e+00   1.7857242e-01
   7.2389579e+00   1.7680578e-01
   7.0107580e+00   1.7725535e-01
   3.2174472e+00   1.8495599e+00
   3.8321041e+00   6.3897411e-01
   1.3999191e+01   1.6675174e-01
   4.1756616e+00   5.0972510e-01
   1.0481379e+01   1.7071300e-01
   4.0544503e+00   5.5152428e-01
   5.9946904e+00   1.8037490e-01
   6.2221871e+00   1.7912796e-01
   7.8793939e+00   1.7247268e-01
   4.7618383e+00   1.9425653e-01
   5.8276522e+00   1.8349669e-01
   8.4567407e+00   1.7068232e-01
   8.3552811e+00   1.7525694e-01
   4.9848137e+00   1.9113425e-01
   3.2768648e+00   3.1755101e+00
   3.3134159e+00   2.6375636e+00
   2.7382919e+00   4.9135945e+00
   2.8151236e+00   4.3288740e+00
   3.3833342e+00   5.0907332e-01
   8.3665610e+00   1.7079920e-01
   2.5346139e+00   3.6311438e+00
   3.0992969e+00   2.7915810e+00
   7.1465582e+00   1.7857472e-01
   6.9586800e+00   1.7825355e-01
   7.4649482e+00   1.7295724e-01
   4.4109317e+00   2.3751267e-01
   2.6812826e+00   5.3442190e+00
   7.1299199e+00   1.7407939e-01
   8.8638640e+00   1.7189392e-01
   6.6662180e+00   1.7910198e-01
   8.4725377e+00   1.7275430e-01
   4.7521128e+00   1.9375222e-01
   5.4198107e+00   1.8870604e-01
   4.2726184e+00   2.7520116e-01
   4.3312866e+00   2.2662045e-01
   4.1063604e+00   1.9573320e-01
   3.2911330e+00   9.7468569e-01
   6.7709289e+00   1.7728412e-01
   3.3682428e+00   1.5838585e+00
   3.0427695e+00   3.4133137e+00
   4.2965547e+00   3.5650272e-01
   3.8227366e+00   5.6635616e-01
   7.3919007e+00   1.7599752e-01
   5.4064695e+00   1.8818795e-01
   3.3334719e+00   1.0465058e+00
   3.1884738e+00   3.2245426e+00
   4.0690989e+00   5.3604334e-01
   5.9970897e+00   1.8090886e-01
   2.0989173e+00   6.5681425e+00
   6.4535606e+00   1.7997757e-01
   5.7704133e+00   1.8545476e-01
   1.1762679e+01   1.6671246e-01
   7.5265091e+00   1.7766208e-01
   7.7895737e+00   1.7704784e-01
   3.0444537e+00   3.9775474e+00
   1.0037332e+01   1.7215202e-01
   2.1254299e+00   4.5172780e+00
   1.1768865e+01   1.6683222e-01
   6.4429255e+00   1.7748993e-01
   3.2144942e+00   1.1505621e+00
   3.0304247e+00   2.9487823e+00
   1.1305884e+01   1.6784646e-01
   9.3929629e+00   1.7289842e-01
   4.1646448e+00   3.3389442e-01
   8.1984676e+00   1.7394965e-01
   2.1637453e+00   5.9380532e+00
   2.5427938e+00   4.0241715e+00
   3.6068312e+00   8.2823175e-01
   4.1722052e+00   5.1795166e-01
   4.0806058e+00   5.1505586e-01
   4.6895137e+00   2.2181928e-01
   3.3421206e+00   2.5146314e+00
   5.1787025e+00   1.9076845e-01
   3.4003729e+00   1.0654662e+00
   5.3348502e+00   1.7978199e-01
   3.6933639e+00   6.8530951e-01
   4.7462563e+00   1.9050261e-01
   2.1000622e+00   4.2184934e+00
   3.2865433e+00   3.1547954e+00
   3.6387491e+00   5.9300536e-01
   3.0803912e+00   3.5987523e+00
   5.7123598e+00   1.8813856e-01
   5.7106559e+00   1.8185813e-01
   1.9506557e+00   5.3088210e+00
   5.1815731e+00   1.9162227e-01
   7.6906783e+00   1.7728763e-01
   2.0927329e+00   4.5508399e+00
   4.9227995e+00   1.9277157e-01
   3.8853721e+00   5.5304191e-01
   3.9572403e+00   5.5172464e-01
   1.1663241e+01   1.6587640e-01
   9.4719867e-01   5.3171586e-01
   3.5892480e+00   2.0328493e-01
   8.4965394e-01   5.2759250e-01
   5.6599395e-01   1.5180220e+00
   4.7521663e+00   1.0790312e-01
   3.4431246e+00   2.2531524e-01
   5.0040535e+00   1.0232297e-01
   3.3420785e+00   2.2748173e-01
   7.9520276e+00   8.6215184e-02
   7.4372662e+00   8.9136584e-02
   4.4284651e+00   1.0918160e-01
   3.2442525e+00   2.6800863e-01
   4.0097988e+00   1.9538563e-01
   2.4464515e+00   5.0870161e-01
   1.4118696e+00   5.1545270e-01
   3.9913997e+00   1.9631678e-01
   2.2095392e+01   7.3462312e-02
   6.9315845e-01   6.0597511e-01
   7.2994291e-01   5.1333066e-01
   9.2719438e+00   7.3507413e-02
   9.4134453e-01   5.1276376e-01
   5.5827086e+00   9.7261134e-02
   9.4353845e-01   5.1981211e-01
   4.3110344e+00   1.1106618e-01
   4.3071553e+00   1.1191603e-01
   4.7660129e+00   1.0765637e-01
   4.1405729e+00   1.1283535e-01
   4.0964744e+00   1.1393147e-01
   1.4922195e+00   5.1482771e-01
   4.2745269e+00   1.0813577e-01
   5.0226719e+00   1.0010049e-01
   4.2535838e+00   1.1411428e-01
   5.9945016e-01   1.7313285e+00
   3.5135726e+00   2.1070429e-01
   5.8849086e-01   2.1504598e+00
   7.0998784e+00   9.5149072e-02
   8.3394336e+00   8.6510479e-02
   6.5812526e+00   9.2815786e-02
   2.3046991e+00   5.0753684e-01
   5.0945497e+00   9.7297300e-02
   7.3567611e+00   9.1196880e-02
   1.8196218e+00   5.1308776e-01
   6.8717177e-01   6.1839487e-01
   4.1063604e+00   1.9573320e-01
   2.2719571e+00   5.0874697e-01
   4.0082866e+00   1.9694412e-01
   5.6318629e+00   9.7810989e-02
   1.3166018e+00   5.0870832e-01
   5.9329022e-01   8.8405648e-01
   1.7874929e+00   5.1273175e-01
   5.0435570e+00   1.0749600e-01
   8.2681066e-01   5.3702630e-01
   1.7993019e+00   5.0918913e-01
   7.4566151e+00   8.6293629e-02
   5.0456733e+00   1.0607772e-01
   6.3107657e-01   6.6254481e-01
   9.8779407e+00   8.2233904e-02
   6.3973167e+00   9.6402688e-02
   7.7802751e+00   8.6640983e-02
   6.1153651e-01   9.3675844e-01
   5.0007406e+00   1.0492984e-01
   6.8264822e+00   9.2472725e-02
   6.2679139e+00   9.5709462e-02
   6.4967969e-01   5.3295065e-01
   1.6200043e+01   7.4195903e-02
   1.3003832e+00   5.1688792e-01
   6.1326590e-01   7.2553289e-01
   3.1666285e+00   1.9891340e-01
   3.8842876e+00   1.9988177e-01
   7.9032238e-01   5.6126405e-01
   1.0878379e+01   7.6779092e-02
   3.2526544e+00   2.4743303e-01
   4.0260550e+00   1.5444060e-01
   7.1002637e-01   5.8507367e-01
   5.7991371e-01   2.4121520e+00
   2.4465931e+00   5.0841057e-01
   3.8835665e+00   1.9792668e-01
   4.1799023e+00   1.0877321e-01
   4.2326809e+00   1.1319912e-01
   4.7419973e+00   1.0810135e-01
   6.3690520e-01   7.1789613e-01
   3.6255348e+00   2.0204332e-01
   3.0138526e+00   5.0780131e-01
   6.4615001e+00   9.4939823e-02
   3.5869463e+00   2.0486577e-01
   8.9798858e+00   8.1655925e-02
   2.7601623e+00   5.0797021e-01
   7.5316508e-01   5.6416567e-01
   6.2661505e-01   5.5130400e-01
   1.0826319e+01   7.9143023e-02
   5.2049171e+00   9.8115147e-02
   7.1606542e-01   6.0261971e-01
   4.6464768e+00   1.0805662e-01
   7.1402696e+00   8.8717158e-02
   6.4820794e+00   9.6040512e-02
   5.6936630e-01   2.1889495e+00
   4.1151823e+00   1.1566217e-01
   3.2982974e+00   2.7987222e-01
   4.6901829e+00   1.0821511e-01
   4.0569357e+00   1.9609434e-01
   5.0778677e-01   2.9421374e-01
   5.0456948e-01   3.0475528e-01
   5.5731264e-01   2.5698022e-01
   4.9988146e-01   3.1705335e-01
   5.5627301e-01   2.5717539e-01
   5.3719259e-01   2.7171655e-01
   5.3808080e-01   2.6969988e-01
   5.5215314e-01   2.5857252e-01
   5.4405483e-01   2.6288219e-01
   4.5887310e-01   8.1238750e+00
   5.4610618e-01   2.6166029e-01
   5.4399596e-01   2.6358690e-01
   9.9623545e-01   9.1257503e-03
   5.0596303e-01   3.0118825e-01
   4.9330215e-01   3.6421229e-01
   5.3846572e-01   2.6738099e-01
   4.9313451e-01   4.6417281e-01
   5.2518799e-01   2.8155999e-01
   9.9604044e-01   6.6821417e-02
   9.9645613e-01   3.8707696e-03
   9.9644011e-01   7.7085765e-03
   4.5799086e-01   9.4787657e+00
   4.7120705e-01   3.0842603e+00
   9.9877640e-01   6.6301969e-04
   9.9861054e-01   8.1656604e-04
   5.5192399e-01   2.5916601e-01
   9.9923586e-01   3.8976096e-04
   9.9973085e-01   1.6129949e-04
   4.9393157e-01   3.2865763e-01
   9.9927272e-01   3.7606300e-04
   9.9966309e-01   1.7878470e-04
   9.9949500e-01   2.5662920e-04
   9.9884567e-01   6.0088856e-04
   9.9908100e-01   4.8325161e-04
   9.9974833e-01   1.3773035e-04
   5.4867230e-01   2.5986964e-01
   4.7161936e-01   1.9480781e+00
   4.7540836e-01   8.0082063e-01
   9.9887109e-01   5.8172989e-04
   9.9918488e-01   4.1299710e-04
   9.9664790e-01   2.6033146e-03
   9.9760932e-01   1.6810963e-03
   9.9955030e-01   2.2635834e-04
   9.9930334e-01   3.5649069e-04
   9.9962480e-01   1.9161133e-04
   9.9925876e-01   3.7957806e-04
   9.9946928e-01   2.6840349e-04
   9.9907025e-01   4.8464550e-04
   9.9918335e-01   4.1501909e-04
   4.5881460e-01   8.4487321e+00
   4.9280488e-01   7.6721694e-01
   9.9967202e-01   1.6463684e-04
   9.9949180e-01   2.5952290e-04
   9.9945445e-01   2.9189998e-04
   9.9955005e-01   2.2638220e-04
   2.7482879e+00   3.3547548e-09
   9.9973253e-01   1.4629362e-04
   9.9832816e-01   9.6526538e-04
   9.9931274e-01   3.5477366e-04
   9.9930193e-01   3.5918388e-04
   5.2232052e-01   2.8680040e-01
   9.9932253e-01   3.5275394e-04
   9.9900922e-01   5.0819662e-04
   9.9956314e-01   2.2248098e-04
   9.9844435e-01   8.8156525e-04
   9.9961314e-01   2.0210994e-04
   5.2679643e-01   2.7821890e-01
   9.9808727e-01   1.5860734e-03
   4.9560767e-01   3.2712120e-01
   9.9975623e-01   1.3224783e-04
   9.9944474e-01   2.9457188e-04
   9.9568945e-01   2.0659798e-01
   9.9989412e-01   1.0969592e-04
   9.9741324e-01   1.9396237e-03
   9.9932255e-01   3.4352658e-04
   9.9873928e-01   7.7138536e-04
   9.9958963e-01   2.0797169e-04
   9.9950693e-01   2.5019189e-04
   9.9945504e-01   2.8962777e-04
   9.9932255e-01   3.4684242e-04
   9.9874157e-01   7.4302790e-04
   4.9302405e-01   7.4393647e-01
   9.9921497e-01   4.1219051e-04
   9.9958368e-01   2.1360098e-04
   9.9977697e-01   1.1995641e-04
   9.9938669e-01   3.2348207e-04
   9.9902857e-01   5.0530606e-04
   2.5874284e+00   1.5855797e-06
   9.9932653e-01   3.4335481e-04
   9.9896114e-01   5.4740789e-04
   9.9922112e-01   4.0705821e-04
   4.5721512e-01   9.9133424e+00
   9.9974162e-01   1.4456884e-04
   9.9886758e-01   5.9200619e-04
   4.9317703e-01   4.0650784e-01
   9.9929891e-01   3.6281490e-04
   9.9967189e-01   1.6646354e-04
   9.9927900e-01   3.7534542e-04
   9.9821865e-01   1.2818410e-03
   9.9848556e-01   8.7562602e-04
   5.4951951e-01   2.5877406e-01
   5.2906227e-01   2.7278783e-01
   4.2317048e-01   3.5013810e-01
   5.4346287e-01   2.6289140e-01
   4.1884653e-01   3.5383599e-01
   5.4764909e-01   2.6002280e-01
   5.6909018e-01   2.4617101e-01
   5.4193214e-01   2.6410581e-01
   5.3743446e-01   2.6693491e-01
   5.6324303e-01   2.5024128e-01
   4.9165356e-01   2.9886610e-01
   5.0022348e-01   2.9358414e-01
   4.9560094e-01   2.9626329e-01
   1.2468800e+00   0.0000000e+00
   4.8273652e-01   3.0572360e-01
   5.4572209e-01   2.6147322e-01
   5.2112977e-01   2.7818863e-01
   4.5445242e-01   3.2658837e-01
   4.2689538e-01   3.4749341e-01
   4.7438751e-01   3.1145633e-01
   5.1415601e-01   2.8418407e-01
   5.3535557e-01   2.6865780e-01
   5.1736582e-01   2.8086471e-01
   4.5860218e-01   3.2314023e-01
   4.9773186e-01   2.9492200e-01
   5.1934331e-01   2.7965848e-01
   4.9404967e-01   2.9768590e-01
   5.5215049e-01   2.5732849e-01
   5.6408829e-01   2.4912588e-01
   3.7970808e-01   3.8610509e-01
   4.2057502e-01   3.5315943e-01
   4.5683675e-01   3.2557753e-01
   5.5411694e-01   2.5599115e-01
   4.5202747e-01   3.2780793e-01
   5.7152858e-01   2.4470946e-01
   5.0339220e-01   2.9070574e-01
   5.0733365e-01   2.8780792e-01
   4.3987380e-01   3.3703623e-01
   4.2226215e-01   3.5127783e-01
   9.9101267e-01   5.0460268e-03
   4.6532309e-01   3.1846637e-01
   4.8623164e-01   3.0313784e-01
   4.4857051e-01   3.3068987e-01
   3.4939177e-01   2.4679655e+00
   4.0621082e-01   3.6580551e-01
   5.5929523e-01   2.5366892e-01
   3.7931170e-01   3.8868904e-01
   4.3003027e-01   3.4511577e-01
   3.4869242e-01   2.7506796e+00
   4.6346808e-01   3.1969593e-01
   4.6017506e-01   3.2260072e-01
   4.6228715e-01   3.2124251e-01
   4.7904958e-01   3.0828305e-01
   5.2308683e-01   2.7682122e-01
   5.7312386e-01   2.4393405e-01
   4.4351944e-01   3.3472433e-01
   4.3614260e-01   3.4138154e-01
   4.6716393e-01   3.1665853e-01
   5.3957575e-01   2.6579486e-01
   4.3396883e-01   3.4457024e-01
   5.1611101e-01   2.8195512e-01
   5.0975612e-01   2.8679505e-01
   4.4188906e-01   3.3568578e-01
   4.9053683e-01   3.0007700e-01
   5.2547544e-01   2.7554339e-01
   4.3739895e-01   3.3919718e-01
   4.4647999e-01   3.3199214e-01
   5.0162602e-01   2.9190416e-01
   4.1708056e-01   3.5491851e-01
   4.7051819e-01   3.1429382e-01
   5.1127065e-01   2.8517186e-01
   4.6917891e-01   3.1513032e-01
   5.2728664e-01   2.7422954e-01
   4.5069769e-01   3.2915422e-01
   5.3172036e-01   2.7137684e-01
   3.4343938e-01   3.6592497e+00
   4.4555216e-01   3.3339734e-01
   5.6711846e-01   2.4761054e-01
   9.9656751e-01   1.9274420e-03
   4.8498776e-01   3.0490105e-01
   3.4680521e-01   3.4938216e+00
   4.8108123e-01   3.0669618e-01
   5.8145051e-01   2.4270099e-01
   6.0773374e-01   2.3294552e-01
   4.1434867e-01   3.5800211e-01
   4.7631945e-01   3.1014299e-01
   5.6052601e-01   2.5231500e-01
   4.7299178e-01   3.1278141e-01
   3.6326698e-01   4.0443951e-01
   5.0572648e-01   2.8937997e-01
   4.1490388e-01   3.5659528e-01
   3.5376452e-01   4.6663205e-01
   5.5648389e-01   2.5474122e-01
   4.1145429e-01   3.6110243e-01
   3.8985507e-01   3.8540079e-01
   4.8822376e-01   3.0158770e-01
   4.1158165e-01   3.5939419e-01
   4.4440412e-01   3.3428315e-01
   5.3378536e-01   2.6976149e-01
   4.8563274e-01   3.0352881e-01
   4.3740550e-01   3.3891062e-01
   4.5046361e-01   3.2911708e-01
   3.4119876e-01   4.6564974e-01
   3.6893136e-01   3.9597034e-01
   5.5194836e-01   2.5725708e-01
   5.2930254e-01   2.7265445e-01
   4.3981832e-01   3.3703435e-01
   5.3551340e-01   2.6833101e-01
   5.0339220e-01   2.9070263e-01
   5.4951884e-01   2.5877406e-01
   9.9656737e-01   1.8461532e-03
   5.4761083e-01   2.6007668e-01
   1.2468800e+00   0.0000000e+00
   4.2385273e-01   3.4957353e-01
   4.9371397e-01   2.9752655e-01
   4.3449176e-01   3.4143583e-01
   4.8797908e-01   3.0158770e-01
   5.4346114e-01   2.6289067e-01
   5.2112958e-01   2.7818863e-01
   3.3527404e-01   8.6228204e-01
   4.8033400e-01   3.0717014e-01
   3.6307651e-01   3.9939619e-01
   4.8607075e-01   3.0294918e-01
   5.6906902e-01   2.4617101e-01
   5.2726281e-01   2.7403967e-01
   4.6905685e-01   3.1532461e-01
   3.9390936e-01   3.7357762e-01
   3.3441338e-01   9.8288729e-01
   3.5271171e-01   4.1003070e-01
   5.6253439e-01   2.5016317e-01
   4.0974398e-01   3.6018219e-01
   4.2897333e-01   3.4526340e-01
   4.1698683e-01   3.5461317e-01
   5.5407604e-01   2.5587242e-01
   4.8209151e-01   3.0584553e-01
   4.1393041e-01   3.5682978e-01
   4.9941612e-01   2.9355933e-01
   5.1327351e-01   2.8372475e-01
   3.9626169e-01   3.7103942e-01
   4.5431336e-01   3.2640040e-01
   4.4855428e-01   3.3040044e-01
   3.8216601e-01   3.8338875e-01
   5.0931339e-01   2.8642255e-01
   5.0732396e-01   2.8775377e-01
   3.4528496e-01   4.5701856e-01
   5.7487986e-01   2.4227021e-01
   4.9760463e-01   2.9463187e-01
   5.3742002e-01   2.6701454e-01
   5.2517865e-01   2.7548289e-01
   5.6028776e-01   2.5165782e-01
   5.6644400e-01   2.4752849e-01
   5.1948841e-01   2.7964559e-01
   5.1534839e-01   2.8218686e-01
   4.0508560e-01   3.6397794e-01
   3.5401754e-01   4.0864483e-01
   4.3195614e-01   3.4301314e-01
   6.1045516e-01   2.2725005e-01
   4.5222085e-01   3.2774235e-01
   4.9163631e-01   2.9886608e-01
   5.2308578e-01   2.7682108e-01
   4.6716156e-01   3.1664834e-01
   4.5837025e-01   3.2314289e-01
   5.7118507e-01   2.4474662e-01
   4.6535649e-01   3.1812570e-01
   3.9232506e-01   3.7676318e-01
   5.0162602e-01   2.9190262e-01
   3.6485072e-01   3.9817587e-01
   4.7221453e-01   3.1300617e-01
   4.5640417e-01   3.2486864e-01
   4.6322929e-01   3.1954578e-01
   3.4964178e-01   4.1910346e-01
   5.3133160e-01   2.7129535e-01
   4.1999335e-01   3.5214943e-01
   5.9098813e-01   2.3687669e-01
   5.9356937e-01   2.3289177e-01
   4.0263295e-01   3.6586555e-01
   4.7630378e-01   3.1015117e-01
   3.7556768e-01   3.8801925e-01
   4.9554986e-01   2.9612699e-01
   5.3957567e-01   2.6579139e-01
   4.8430560e-01   3.0440082e-01
   4.4647790e-01   3.3199214e-01
   3.4799329e-01   4.3439005e-01
   5.5628517e-01   2.5437464e-01
   6.0077797e-01   2.2918667e-01
   3.7987853e-01   3.8419548e-01
   4.4184115e-01   3.3543548e-01
   5.1127036e-01   2.8516964e-01
   3.2554178e-01   1.0722875e+00
   5.3342615e-01   2.6982198e-01
   3.5912217e-01   4.0265606e-01
   5.7991298e-01   2.3958014e-01
   4.7860967e-01   3.0859493e-01
   5.1736582e-01   2.8086435e-01
   9.9101247e-01   5.0006352e-03
   3.3551083e-01   4.7337897e-01
   4.2628106e-01   3.4732019e-01
   3.5825484e-01   4.0445113e-01
   3.1873190e-01   1.1961737e+00
   4.0812632e-01   3.6193310e-01
   4.3455193e-01   3.4135389e-01
   3.8894723e-01   3.7666315e-01
   5.7108032e-01   2.4473353e-01
   4.6250439e-01   3.2005525e-01
   4.0965435e-01   3.6012953e-01
   5.3742002e-01   2.6701454e-01
   4.0812632e-01   3.6188728e-01
   3.7985091e-01   3.8414277e-01
   3.5353805e-01   4.0863332e-01
   4.2368472e-01   3.4945131e-01
   1.2468800e+00   0.0000000e+00
   4.9932166e-01   2.9342099e-01
   4.0505275e-01   3.6397794e-01
   5.0732396e-01   2.8775377e-01
   4.5612645e-01   3.2468117e-01
   5.8985197e-01   2.3310786e-01
   5.4346114e-01   2.6283048e-01
   5.5175810e-01   2.5727518e-01
   5.2112958e-01   2.7818863e-01
   4.9163631e-01   2.9886608e-01
   4.2892465e-01   3.4526340e-01
   3.7573459e-01   3.8750838e-01
   5.2308578e-01   2.7678631e-01
   4.5211134e-01   3.2774235e-01
   3.0118349e-01   9.7842189e-01
   5.5997259e-01   2.5179400e-01
   4.3981819e-01   3.3703435e-01
   5.8447843e-01   2.3642332e-01
   4.8602572e-01   3.0294863e-01
   4.7588622e-01   3.1025075e-01
   3.6154787e-01   3.9991931e-01
   4.1740699e-01   3.5418838e-01
   5.8695709e-01   2.3504449e-01
   3.6427298e-01   3.9735505e-01
   5.3956421e-01   2.6567976e-01
   5.2725204e-01   2.7403531e-01
   3.0418932e-01   9.5889977e-01
   4.6715002e-01   3.1664761e-01
   3.9390889e-01   3.7293685e-01
   3.3308782e-01   4.2817489e-01
   5.2930254e-01   2.7265445e-01
   4.6531858e-01   3.1809177e-01
   9.9101247e-01   5.0001463e-03
   3.5004868e-01   4.1134119e-01
   5.7812533e-01   2.4008098e-01
   4.1391794e-01   3.5682978e-01
   5.5607332e-01   2.5458079e-01
   5.4761083e-01   2.6007650e-01
   5.9766619e-01   2.2969603e-01
   4.8230778e-01   3.0583760e-01
   4.5432606e-01   3.2627956e-01
   5.6641799e-01   2.4752849e-01
   5.3342505e-01   2.6982198e-01
   3.0483732e-01   4.8721973e-01
   5.7469473e-01   2.4227021e-01
   3.3860234e-01   4.2338237e-01
   3.4006230e-01   4.2104669e-01
   4.9554004e-01   2.9612699e-01
   2.9489473e-01   2.2313212e+00
   6.1264761e-01   2.2529770e-01
   5.1534803e-01   2.8215202e-01
   5.1911133e-01   2.7965126e-01
   3.7085177e-01   3.9196543e-01
   4.2625222e-01   3.4731868e-01
   4.3616428e-01   3.3971646e-01
   4.5831199e-01   3.2310247e-01
   4.2008315e-01   3.5213415e-01
   4.7209843e-01   3.1299844e-01
   5.0336050e-01   2.9069611e-01
   4.4183741e-01   3.3540182e-01
   4.8424519e-01   3.0438650e-01
   4.0263185e-01   3.6584753e-01
   4.6904529e-01   3.1520592e-01
   2.9682149e-01   1.3064409e+00
   6.0657987e-01   2.2601236e-01
   4.4637845e-01   3.3201698e-01
   5.0928804e-01   2.8642255e-01
   3.9825633e-01   3.6982022e-01
   3.7348532e-01   3.8969643e-01
   3.2720929e-01   4.3790172e-01
   9.9656737e-01   1.8187709e-03
   4.8797889e-01   3.0158770e-01
   4.3194276e-01   3.4299273e-01
   3.2149631e-01   4.4243278e-01
   3.5906879e-01   4.0219072e-01
   5.6247006e-01   2.5016317e-01
   5.3132740e-01   2.7129521e-01
   3.8486196e-01   3.8056868e-01
   3.4783456e-01   4.1504231e-01
   4.7874184e-01   3.0820878e-01
   5.0152704e-01   2.9197885e-01
   2.9282442e-01   5.4459877e+00
   5.1735160e-01   2.8087758e-01
   3.5776196e-01   4.0376964e-01
   3.2040537e-01   4.6274307e-01
   8.6087035e-01   2.2451448e-01
   3.4658678e-01   4.1747352e-01
   3.2074998e-01   4.4885104e-01
   4.4846288e-01   3.3040044e-01
   5.1326787e-01   2.8372349e-01
   9.9095832e-01   5.0001463e-03
   1.2468800e+00   0.0000000e+00
   5.5607332e-01   2.5458079e-01
   9.9656737e-01   1.8187709e-03
   5.3739785e-01   2.6698315e-01
   3.9384264e-01   3.7254356e-01
   5.7469301e-01   2.4227021e-01
   3.0633402e-01   4.6832117e-01
   4.7874184e-01   3.0818175e-01
   4.7588199e-01   3.1025075e-01
   3.7984520e-01   3.8414277e-01
   4.4183737e-01   3.3540181e-01
   5.1911133e-01   2.7965018e-01
   5.0732396e-01   2.8775377e-01
   3.8541338e-01   3.7955765e-01
   3.5139133e-01   4.0808533e-01
   4.6295857e-01   3.1967531e-01
   6.0766145e-01   2.2328448e-01
   4.1391794e-01   3.5682162e-01
   3.3561404e-01   4.2359489e-01
   3.4242990e-01   4.1605151e-01
   3.7573459e-01   3.8750838e-01
   4.9932166e-01   2.9342095e-01
   5.5997156e-01   2.5179393e-01
   2.6092320e-01   3.4663624e+00
   6.1558789e-01   2.2216353e-01
   4.9163349e-01   2.9886608e-01
   5.2724685e-01   2.7401904e-01
   4.4637845e-01   3.3201698e-01
   4.0498007e-01   3.6396883e-01
   3.7044151e-01   3.9196543e-01
   4.1998027e-01   3.5210891e-01
   4.3139103e-01   3.4331421e-01
   3.3271735e-01   4.2665592e-01
   4.8601966e-01   3.0294863e-01
   5.7103784e-01   2.4470401e-01
   4.8236041e-01   3.0581246e-01
   5.4761083e-01   2.6006719e-01
   4.9553818e-01   2.9612516e-01
   3.5771030e-01   4.0306777e-01
   4.3616428e-01   3.3970838e-01
   4.4873025e-01   3.3025911e-01
   9.6560420e-01   7.7834819e-02
   2.7055776e-01   1.9643628e+00
   6.0283284e-01   2.2564935e-01
   5.6246590e-01   2.5014353e-01
   5.5175810e-01   2.5726910e-01
   3.0523653e-01   4.6921333e-01
   3.6505667e-01   3.9618950e-01
   2.8038526e-01   1.1654981e+00
   2.9190746e-01   7.0805506e-01
   3.8886813e-01   3.7660790e-01
   5.2308554e-01   2.7677720e-01
   5.0322655e-01   2.9069611e-01
   3.4526032e-01   4.1347787e-01
   4.5830286e-01   3.2310126e-01
   5.7811118e-01   2.4008098e-01
   5.4346114e-01   2.6283046e-01
   2.4153769e-01   8.4559594e+00
   5.6641537e-01   2.4752849e-01
   4.0179264e-01   3.6643423e-01
   4.5500782e-01   3.2564192e-01
   2.9979905e-01   4.8319877e-01
   4.5207519e-01   3.2772684e-01
   4.2892465e-01   3.4525672e-01
   5.9377705e-01   2.3181347e-01
   2.8575857e-01   9.3797998e-01
   5.9870645e-01   2.2835708e-01
   5.8639024e-01   2.3471074e-01
   4.0961448e-01   3.6012812e-01
   3.6173826e-01   3.9908684e-01
   2.9899295e-01   4.9598161e-01
   5.8447815e-01   2.3634273e-01
   5.3128822e-01   2.7129521e-01
   5.3513682e-01   2.7001418e-01
   4.6715002e-01   3.1664727e-01
   2.7685269e-01   1.4015787e+00
   6.7025588e-01   2.1990363e-01
   6.4701251e-01   2.2119137e-01
   5.1325247e-01   2.8366407e-01
   2.5676522e-01   5.0966675e+00
   4.7209784e-01   3.1295290e-01
   2.8192530e-01   1.0918966e+00
   3.9823490e-01   3.6980214e-01
   3.1449332e-01   4.4795249e-01
   3.1648096e-01   4.4496278e-01
   4.2368472e-01   3.4944395e-01
   3.2411453e-01   4.3301578e-01
   8.6298129e-01   8.5357244e-02
   2.7286705e-01   1.7812347e+00
   2.4983097e-01   6.0963010e+00
   3.3867406e-01   4.2078191e-01
   2.5893605e-01   4.0078426e+00
   3.2226309e-01   4.3670233e-01
   2.8452507e-01   9.9771093e-01
   2.6662326e-01   2.5670634e+00
   8.9902280e-01   8.1336475e-02
   2.4353158e-01   6.9497291e+00
   2.4862615e-01   6.3062549e+00
   2.6941585e-01   2.3064418e+00
   9.9656737e-01   1.8166536e-03
   1.2468800e+00   0.0000000e+00
   4.7933865e-01   3.0773980e-01
   3.1448942e-01   4.4398457e-01
   3.3202975e-01   4.2584214e-01
   9.9095626e-01   5.0001463e-03
   4.0191468e-01   3.6621204e-01
   5.6641537e-01   2.4752849e-01
   5.2308554e-01   2.7677720e-01
   4.7209702e-01   3.1295290e-01
   2.9899035e-01   4.6190075e-01
   4.6940529e-01   3.1503294e-01
   4.9932166e-01   2.9342095e-01
   5.5997149e-01   2.5179314e-01
   5.0322655e-01   2.9069611e-01
   6.0769617e-01   2.2226268e-01
   8.5815227e-01   7.6917497e-02
   3.5754065e-01   4.0310598e-01
   5.3739525e-01   2.6698171e-01
   5.4346114e-01   2.6282746e-01
   3.9766843e-01   3.6982408e-01
   3.0460207e-01   4.5887431e-01
   4.5826806e-01   3.2310124e-01
   5.6246590e-01   2.5014353e-01
   3.7562905e-01   3.8744416e-01
   5.4761083e-01   2.6006486e-01
   4.0959123e-01   3.6015538e-01
   4.7588045e-01   3.1025075e-01
   3.6146271e-01   3.9905570e-01
   5.1325247e-01   2.8365496e-01
   4.9553705e-01   2.9612516e-01
   4.5460675e-01   3.2586064e-01
   5.2724494e-01   2.7401437e-01
   3.2374506e-01   4.3299612e-01
   4.0471183e-01   3.6394215e-01
   5.7811118e-01   2.4001482e-01
   3.9238260e-01   3.7408558e-01
   5.3127823e-01   2.7129521e-01
   4.5204064e-01   3.2771541e-01
   3.3556902e-01   4.2130729e-01
   3.5542446e-01   4.0476860e-01
   5.0732396e-01   2.8775364e-01
   4.3611642e-01   3.3970838e-01
   6.0171464e-01   2.2563212e-01
   3.7980482e-01   3.8411815e-01
   4.6295819e-01   3.1967531e-01
   4.8599980e-01   3.0294863e-01
   5.5175810e-01   2.5725905e-01
   3.8884027e-01   3.7659903e-01
   4.8233186e-01   3.0581244e-01
   6.4296901e-01   2.1018797e-01
   5.7464267e-01   2.4221037e-01
   5.9227117e-01   2.3177788e-01
   3.8539257e-01   3.7950538e-01
   5.8617752e-01   2.3467565e-01
   3.9384720e-01   3.7252945e-01
   4.4637128e-01   3.3201698e-01
   2.3076224e-01   1.5608577e+00
   4.1998000e-01   3.5210891e-01
   3.2612985e-01   4.3114033e-01
   5.5610438e-01   2.5451150e-01
   4.1502728e-01   3.5626354e-01
   2.5858056e-01   1.1508786e+00
   5.1893131e-01   2.7970489e-01
   3.2030587e-01   4.3661239e-01
   5.7095315e-01   2.4463115e-01
   4.3138188e-01   3.4330310e-01
   3.5044141e-01   4.0867763e-01
   3.6485129e-01   3.9618842e-01
   2.3757200e-01   1.4847241e+00
   4.8805342e-01   3.0163085e-01
   3.3840201e-01   4.1949058e-01
   5.8391191e-01   2.3644134e-01
   4.2368472e-01   3.4943621e-01
   3.4646396e-01   4.1214361e-01
   4.6687784e-01   3.1678366e-01
   3.4235405e-01   4.1591649e-01
   2.6288100e-01   8.0611021e-01
   4.8424215e-01   3.0463351e-01
   4.4003918e-01   3.3752045e-01
   4.2827374e-01   3.4575979e-01
   3.7023547e-01   3.9195958e-01
   4.1137329e-01   3.5893261e-01
   3.1569523e-01   4.4124718e-01
   6.1858367e-01   2.2002649e-01
   4.4873025e-01   3.3025280e-01
   5.9797171e-01   2.2779212e-01
   2.6962992e-01   6.0268009e-01
   8.5709779e-01   8.5292201e-02
   5.1558826e-01   2.8273064e-01
   2.4191603e-01   1.3745996e+00
   2.2894615e-01   2.1166163e+00
   4.9163349e-01   2.9886449e-01
   4.4181152e-01   3.3540181e-01
   2.2698935e-01   1.1494818e+01
   7.5396342e-01   1.3819764e-01
   3.5174229e-01   4.0795724e-01
   2.9534270e-01   4.6671866e-01
   2.5935488e-01   1.0156057e+00
   2.8055065e-01   4.8218643e-01
   4.1131333e-01   3.5892078e-01
   1.2468800e+00   0.0000000e+00
   3.5763513e-01   4.0249282e-01
   4.0471183e-01   3.6394169e-01
   4.2413534e-01   3.4904942e-01
   4.1998000e-01   3.5210540e-01
   3.8539018e-01   3.7950538e-01
   5.0322532e-01   2.9069611e-01
   4.7588045e-01   3.1025075e-01
   4.2827369e-01   3.4575038e-01
   4.3604163e-01   3.3970833e-01
   4.6901302e-01   3.1531213e-01
   6.0679753e-01   2.2221152e-01
   5.2724489e-01   2.7401437e-01
   6.0170995e-01   2.2563190e-01
   5.9761106e-01   2.2779212e-01
   5.5175738e-01   2.5724338e-01
   3.7562792e-01   3.8744416e-01
   5.3739525e-01   2.6698171e-01
   5.2308554e-01   2.7677720e-01
   5.1893131e-01   2.7970424e-01
   4.6295735e-01   3.1967531e-01
   4.5826806e-01   3.2310124e-01
   3.2612985e-01   4.3113846e-01
   3.6539140e-01   3.9583056e-01
   5.4761083e-01   2.6006486e-01
   5.0732396e-01   2.8775364e-01
   4.0214909e-01   3.6593404e-01
   2.2645020e-01   1.3264636e+00
   5.6000627e-01   2.5175353e-01
   5.7460381e-01   2.4221037e-01
   3.1175839e-01   4.4325064e-01
   3.8883693e-01   3.7659903e-01
   5.4344550e-01   2.6282623e-01
   2.6119783e-01   5.0762294e-01
   2.5786084e-01   5.1280146e-01
   4.8805342e-01   3.0156722e-01
   5.8014522e-01   2.3871386e-01
   4.8593768e-01   3.0294863e-01
   4.3167182e-01   3.4302563e-01
   4.4871741e-01   3.3024997e-01
   6.1079782e-01   2.2014135e-01
   5.7093512e-01   2.4463110e-01
   8.5772853e-01   7.6898472e-02
   3.6140013e-01   3.9892963e-01
   5.6641537e-01   2.4752335e-01
   4.4181152e-01   3.3539287e-01
   3.8003384e-01   3.8394853e-01
   3.5477517e-01   4.0516170e-01
   4.8021843e-01   3.0708443e-01
   5.8391145e-01   2.3619046e-01
   2.9877383e-01   4.5653144e-01
   2.2468302e-01   1.8330770e+00
   4.1502334e-01   3.5620187e-01
   2.7754654e-01   4.8167307e-01
   4.0873715e-01   3.6084127e-01
   6.4188953e-01   2.0358237e-01
   7.4757995e-01   1.3997795e-01
   2.9611243e-01   4.5948846e-01
   6.1735234e-01   2.1909701e-01
   4.9932166e-01   2.9341840e-01
   4.7209658e-01   3.1294590e-01
   5.6246555e-01   2.5013678e-01
   5.9155978e-01   2.3164267e-01
   2.6548493e-01   4.9946220e-01
   3.5031549e-01   4.0859613e-01
   9.9656417e-01   1.8166033e-03
   5.3590181e-01   2.6820288e-01
   8.5091343e-01   8.5284368e-02
   5.1324613e-01   2.8363342e-01
   3.4612532e-01   4.1225914e-01
   3.3555962e-01   4.2129935e-01
   2.9181724e-01   4.7010724e-01
   3.1439358e-01   4.4099255e-01
   2.9359686e-01   4.6234712e-01
   3.0218449e-01   4.5292606e-01
   4.4660451e-01   3.3176909e-01
   5.3127634e-01   2.7116528e-01
   4.9553705e-01   2.9612082e-01
   7.5822314e-01   1.3339425e-01
   3.3150098e-01   4.2493670e-01
   4.5454675e-01   3.2585703e-01
   3.3830867e-01   4.1911582e-01
   3.2014208e-01   4.3461474e-01
   2.2720764e-01   1.2940143e+00
   4.9163316e-01   2.9886259e-01
   3.9735380e-01   3.6980243e-01
   4.6707491e-01   3.1661471e-01
   3.9381481e-01   3.7252945e-01
   5.8614770e-01   2.3457001e-01
   9.9095626e-01   5.8588709e-03
   3.7023345e-01   3.9183827e-01
   5.3345745e-01   2.7054113e-01
   3.4171007e-01   4.1572217e-01
   4.5204057e-01   3.2771516e-01
   2.1030532e-01   3.7477876e+00
   2.5583691e-01   5.2485107e-01
   5.5606681e-01   2.5448645e-01
   4.7835273e-01   3.0875263e-01
   4.1598106e-01   3.5568416e-01
   1.5713940e+01   1.8286842e+01
   2.7662120e+01   1.8883855e+01
   2.2722383e+01   1.0912599e+01
   1.6401206e+01   1.3740071e+01
   2.0950883e+01   2.0751016e+01
   2.9916260e+01   2.6376057e+01
   1.6210075e+01   1.5655313e+01
   2.4371152e+01   2.1637250e+01
   1.5662632e+01   1.4527092e+01
   3.9026210e+01   3.3263002e+01
   2.6896095e+01   3.1971512e+01
   2.9727814e+01   2.7114456e+01
   2.0711990e+01   1.9664657e+01
   3.3938185e+01   2.4658053e+01
   1.5607984e+01   2.9715847e+01
   1.1900333e+01   1.5641659e+01
   2.0419423e+01   1.5751179e+01
   1.5228215e+01   1.4752171e+01
   1.2097748e+01   1.2602925e+01
   2.3979355e+01   1.8686069e+01
   1.3243513e+01   1.4818780e+01
   1.6114300e+01   1.6685327e+01
   3.1713651e+01   2.8919697e+01
   1.9196622e+01   1.8308369e+01
   1.1659078e+01   9.1509884e+00
   2.9726110e+01   1.6729307e+01
   4.1042514e+01   2.5916261e+01
   3.2757992e+01   3.1622999e+01
   3.1602320e+01   1.9298755e+01
   1.5896593e+01   1.1924584e+01
   2.1825904e+01   2.2353013e+01
   1.4752063e+01   2.2114971e+01
   2.9565099e+01   2.6676326e+01
   2.8922777e+01   1.8093652e+01
   3.7982147e+01   1.7677669e+01
   3.0326832e+01   2.6246523e+01
   1.9403254e+01   2.4127543e+01
   1.8741803e+01   1.5081284e+01
   3.0525122e+01   1.7566034e+01
   3.1213178e+01   3.4661014e+01
   2.3429523e+01   1.2535447e+01
   1.6942428e+01   1.9481551e+01
   1.6180969e+01   1.4054625e+01
   1.7966984e+01   1.7181253e+01
   2.5625815e+01   1.7592541e+01
   2.4616054e+01   1.4192587e+01
   1.8239233e+01   2.5090499e+01
   2.5406771e+01   2.7807775e+01
   2.3184624e+01   1.7960807e+01
   1.6492179e+01   1.5272832e+01
   2.2774650e+01   2.3859853e+01
   1.8660577e+01   3.2781608e+01
   4.4257190e+01   2.6108276e+01
   1.3485567e+01   2.0986906e+01
   1.2385912e+01   1.9781360e+01
   1.5742937e+01   1.7135693e+01
   1.9406733e+01   2.1527750e+01
   2.3910017e+01   1.8700368e+01
   1.9580585e+01   2.0283236e+01
   2.1679597e+01   1.5818148e+01
   2.6137528e+01   3.7693335e+01
   1.8785962e+01   2.3430829e+01
   2.5418236e+01   3.2311513e+01
   1.9209723e+01   2.0100990e+01
   1.4640397e+01   2.3335756e+01
   1.9121816e+01   2.4907210e+01
   2.8291091e+01   2.6237637e+01
   2.4014483e+01   3.6982415e+01
   3.7948863e+01   2.6417783e+01
   2.3467499e+01   1.6726863e+01
   1.8744606e+01   1.7270977e+01
   2.1678991e+01   2.6034379e+01
   2.1494693e+01   1.6371091e+01
   1.5489015e+01   2.5632028e+01
   1.2246808e+01   1.5202252e+01
   1.5110560e+01   1.2329099e+01
   2.0209930e+01   1.9340345e+01
   1.0932611e+01   2.3601138e+01
   1.9138715e+01   1.4043829e+01
   1.3343084e+01   2.2394081e+01
   3.0381698e+01   2.8531297e+01
   3.2561804e+01   2.3573176e+01
   1.5690641e+01   1.1382219e+01
   2.5474439e+01   2.5617730e+01
   2.0684834e+01   1.7413933e+01
   3.7863046e+01   2.9955126e+01
   1.6335965e+01   1.4900273e+01
   2.7725579e+01   2.3310514e+01
   2.8195195e+01   3.9454402e+01
   1.8074306e+01   1.3881909e+01
   1.8341945e+01   1.2761700e+01
   3.2983387e+01   2.6037737e+01
   2.7469793e+01   1.8498479e+01
   2.3698899e+01   1.6848062e+01
   1.9442850e+01   1.8363543e+01
   1.6032671e+01   1.6839842e+01
   3.8597631e+01   1.8434652e+01
   1.9841865e+01   1.4970214e+01
   3.5859740e+01   3.9453451e+01
   3.1004028e+01   1.8101904e+01
   7.3402525e+00   1.4894627e+00
   4.6210187e+00   1.4997192e+00
   3.8356401e+00   1.0394513e+01
   5.5311791e+00   1.4985462e+00
   3.8859455e+00   4.5246778e+00
   6.5097249e+00   1.4948622e+00
   8.0870528e+00   1.4835026e+00
   6.8333861e+00   1.4894622e+00
   4.2174596e+00   1.4997966e+00
   3.8764755e+00   8.6892027e+00
   4.7040820e+00   1.4991185e+00
   5.0091024e+00   1.4986041e+00
   4.5763494e+00   1.4991186e+00
   4.7772786e+00   1.4997381e+00
   5.2856863e+00   1.4967102e+00
   6.7603634e+00   1.4907534e+00
   1.1423631e+01   1.4788345e+00
   6.4244668e+00   1.4953819e+00
   6.5539617e+00   1.4945713e+00
   4.6926428e+00   1.4976763e+00
   4.6715556e+00   1.5004424e+00
   4.4643216e+00   1.5015575e+00
   4.1568414e+00   1.5103594e+00
   6.4764080e+00   1.4952768e+00
   6.4353389e+00   1.4896267e+00
   4.6220001e+00   1.5018542e+00
   5.6275458e+00   1.5067303e+00
   4.6635754e+00   1.4984710e+00
   4.1746859e+00   1.5966353e+00
   9.0736839e+00   1.4841892e+00
   5.6085551e+00   1.4977128e+00
   9.8335957e+00   1.4807706e+00
   8.9537576e+00   1.4844984e+00
   9.8235104e+00   1.4810053e+00
   7.5590886e+00   1.4878823e+00
   4.5854152e+00   1.5011596e+00
   4.2527252e+00   1.5115791e+00
   4.1128840e+00   1.5777427e+00
   6.3879329e+00   1.4957899e+00
   6.5785627e+00   1.4944012e+00
   5.7302217e+00   1.4960910e+00
   4.4909284e+00   1.5058071e+00
   4.3605706e+00   1.5101090e+00
   3.7943460e+00   2.4672868e+00
   4.5708391e+00   1.5023696e+00
   4.0519312e+00   1.9626719e+00
   9.5967812e+00   1.4825461e+00
   3.8964756e+00   3.1693310e+00
   6.3092535e+00   1.4960320e+00
   7.7846541e+00   1.4860853e+00
   9.1810914e+00   1.4793516e+00
   4.9515095e+00   2.3685221e+00
   6.1344689e+00   1.4957308e+00
   6.4093853e+00   1.4943940e+00
   4.9015469e+00   1.4993118e+00
   5.8032427e+00   1.4954182e+00
   1.2106910e+01   1.4769355e+00
   5.8354760e+00   1.4967179e+00
   5.7090559e+00   1.4976975e+00
   5.1498664e+00   1.9918153e+00
   4.2219649e+00   1.5177166e+00
   1.0271207e+01   1.4786977e+00
   4.5531298e+00   1.5032939e+00
   9.0033341e+00   1.4817044e+00
   1.1781279e+01   1.4773370e+00
   8.6048219e+00   1.4850045e+00
   7.0298097e+00   1.4854149e+00
   4.1327671e+00   1.5092533e+00
   3.6230276e+00   2.3835666e+00
   8.0860067e+00   1.4849456e+00
   3.8972873e+00   1.5757455e+00
   4.1226268e+00   1.5643376e+00
   4.4261814e+00   1.5016959e+00
   6.6914539e+00   1.4900644e+00
   6.2980591e+00   1.4966586e+00
   5.8074208e+00   1.4976664e+00
   5.7365997e+00   1.4958008e+00
   1.3208841e+01   1.4779196e+00
   8.4978386e+00   1.4764913e+00
   4.7074214e+00   1.4989687e+00
   1.0159669e+01   1.4778827e+00
   4.0630067e+00   1.7001310e+00
   6.2763412e+00   1.4948417e+00
   7.8385715e+00   1.4863464e+00
   7.2626253e+00   1.4866246e+00
   4.1591501e+00   1.6246163e+00
   4.8500359e+00   1.4985274e+00
   9.6462535e+00   1.4790839e+00
   5.4719681e+00   1.4984281e+00
   4.1576440e+00   1.5096855e+00
   5.6973203e+00   1.4958162e+00
   4.7453265e+00   1.4986366e+00
   8.1867364e+00   1.4856398e+00
   5.5129843e+00   1.4974716e+00
   3.9549163e+00   2.5704987e+00
   8.7569341e+00   1.4853213e+00
   4.9604790e+00   1.4989615e+00
   6.7078746e+00   1.4953400e+00
   8.8647072e+00   1.4824175e+00
   3.9612611e+00   1.6194002e+00
   2.4953354e+00   2.2062032e+00
   2.5543778e+00   9.9452722e-01
   2.5432133e+00   9.9506602e-01
   2.6171396e+00   9.8410992e-01
   2.4999633e+00   1.1242995e+00
   2.5215360e+00   1.0032991e+00
   2.5709504e+00   9.8829725e-01
   2.5189742e+00   1.0049952e+00
   2.9011480e+00   9.6573514e-01
   2.5266060e+00   1.0028688e+00
   2.4840788e+00   4.6943324e+00
   3.3690729e+00   9.6365704e-01
   2.5277299e+00   1.0020069e+00
   2.4973219e+00   1.3812165e+00
   2.4958092e+00   1.4778247e+00
   2.5824030e+00   9.8578560e-01
   2.5589546e+00   9.8857081e-01
   2.6273926e+00   9.7603958e-01
   9.4083443e+00   9.5505110e-01
   5.9554027e+00   9.5566887e-01
   2.5603443e+00   9.8874434e-01
   2.5188766e+00   1.0059112e+00
   2.5358399e+00   1.0015007e+00
   2.5330065e+00   1.0007569e+00
   2.7355226e+00   9.6841168e-01
   3.3766105e+00   9.6106760e-01
   2.7333870e+00   9.6965410e-01
   2.7738970e+00   9.6743632e-01
   2.4795899e+00   7.8245999e+00
   2.4981019e+00   1.4331173e+00
   2.5018785e+00   1.1469980e+00
   6.1283383e+00   9.5477200e-01
   2.7447302e+00   9.6572632e-01
   2.5137023e+00   1.0119565e+00
   2.4958797e+00   2.0289732e+00
   2.5729902e+00   9.8642021e-01
   2.6108290e+00   9.8300589e-01
   4.4764717e+00   9.5499715e-01
   3.2127278e+00   9.6049973e-01
   2.5582710e+00   9.8884311e-01
   2.5157581e+00   1.0114184e+00
   2.4936538e+00   3.4475920e+00
   2.5262869e+00   1.0023915e+00
   2.5354009e+00   1.0006469e+00
   2.9344153e+00   9.6440882e-01
   3.1146863e+00   9.6408444e-01
   2.5254436e+00   1.0028662e+00
   2.5171677e+00   1.0080257e+00
   2.4943121e+00   1.7559874e+00
   2.5459679e+00   9.9588082e-01
   2.5303257e+00   1.0009902e+00
   2.5563773e+00   9.9151479e-01
   2.4980294e+00   1.3571718e+00
   2.4765394e+00   9.9792108e+00
   3.0734552e+00   9.6184767e-01
   2.5807959e+00   9.8457159e-01
   2.5978757e+00   9.8319888e-01
   2.5411385e+00   9.9995122e-01
   2.5529448e+00   9.9353551e-01
   2.5105331e+00   1.1179214e+00
   2.5169990e+00   1.0091690e+00
   2.5316589e+00   1.0026451e+00
   2.4927882e+00   2.3800521e+00
   2.5934841e+00   9.8412858e-01
   2.7402568e+00   9.6940669e-01
   2.4991313e+00   1.3848397e+00
   2.7218940e+00   9.7075598e-01
   4.6200618e+00   9.5804518e-01
   2.8936380e+00   9.6330155e-01
   2.5125173e+00   1.0450171e+00
   2.5211751e+00   1.0043987e+00
   2.7004116e+00   9.7098686e-01
   3.7885156e+00   9.5879950e-01
   2.9844470e+00   9.6202240e-01
   2.5182820e+00   1.0085324e+00
   2.5298621e+00   1.0010353e+00
   2.5025178e+00   1.1648407e+00
   6.8546449e+00   9.5428565e-01
   2.4951700e+00   2.9264800e+00
   2.5099121e+00   1.0169789e+00
   2.8310273e+00   9.6431513e-01
   3.1918397e+00   9.6387002e-01
   5.3171173e+00   9.5776993e-01
   2.6302687e+00   9.7454013e-01
   2.6210878e+00   9.7402737e-01
   2.5597932e+00   9.9407201e-01
   2.6246410e+00   9.7860040e-01
   2.4819356e+00   8.0794304e+00
   2.7675237e+00   9.6906777e-01
   2.5144921e+00   1.0125696e+00
   2.4824779e+00   3.6197980e+00
   2.5172619e+00   1.0066506e+00
   3.7767526e+00   9.6014556e-01
   2.5539181e+00   9.9219671e-01
   2.5958806e+00   9.8434281e-01
   2.8428379e+00   9.6546118e-01
   2.7090456e+00   9.7247633e-01
   2.5005691e+00   1.3336927e+00
   2.6260454e+00   9.7793975e-01
   2.5397454e+00   9.9786704e-01
   1.9980390e+00   1.0387059e+00
   1.9829539e+00   1.0662005e+00
   1.9821986e+00   1.1365213e+00
   1.9863190e+00   1.0473635e+00
   2.3619978e+00   7.1558242e-01
   2.3477064e+00   9.7065065e-01
   8.5563607e+00   6.5546543e-01
   9.7844662e+00   6.5307965e-01
   2.2896150e+00   1.0015347e+00
   7.2368955e+00   6.5630341e-01
   1.9826001e+00   1.1517800e+00
   2.2980947e+00   1.0005354e+00
   2.0060671e+00   1.0382786e+00
   7.5756162e+00   6.5648421e-01
   6.7731068e+00   6.6136958e-01
   2.3584496e+00   9.6654870e-01
   2.3399327e+00   9.8593790e-01
   1.9853727e+00   1.0387120e+00
   2.3397208e+00   9.8675159e-01
   2.2856430e+00   1.0051566e+00
   2.3612939e+00   7.1365695e-01
   2.0299815e+00   1.0385427e+00
   8.5566312e+00   6.5376543e-01
   2.7261547e+00   6.8436866e-01
   8.2890026e+00   6.5615704e-01
   2.6979657e+00   6.9369620e-01
   2.3498872e+00   9.6641248e-01
   1.9856869e+00   1.0489400e+00
   2.0047585e+00   1.0391586e+00
   1.9826460e+00   3.0601444e+00
   2.3412661e+00   9.7954374e-01
   2.0038855e+00   1.0395155e+00
   9.2740765e+00   6.5165195e-01
   1.9845341e+00   1.1121383e+00
   7.6156962e+00   6.5596365e-01
   6.5781922e+00   6.7579036e-01
   2.2838164e+00   1.0023972e+00
   2.7094171e+00   6.8426242e-01
   2.3451763e+00   9.7432476e-01
   1.9845885e+00   1.1161876e+00
   1.9902518e+00   1.0433359e+00
   1.9847045e+00   1.0390959e+00
   1.9843854e+00   1.1470464e+00
   6.9381468e+00   6.6242314e-01
   2.2877960e+00   1.0034430e+00
   2.7236019e+00   6.9299843e-01
   1.9898608e+00   1.0405225e+00
   4.2695294e+00   6.8367969e-01
   1.9991634e+00   1.0395333e+00
   2.3390780e+00   9.7364080e-01
   1.9907535e+00   1.0401634e+00
   1.9854525e+00   1.0834761e+00
   2.0370436e+00   1.0368486e+00
   2.2851554e+00   1.0278023e+00
   2.3662656e+00   7.6019444e-01
   2.2852511e+00   1.0079433e+00
   3.3517850e+00   6.8302132e-01
   2.3678896e+00   7.1459544e-01
   2.7425391e+00   6.8539720e-01
   2.3459011e+00   9.7323004e-01
   3.2356183e+00   6.8414867e-01
   7.9974545e+00   6.5553627e-01
   6.8353086e+00   6.5774176e-01
   2.2963860e+00   1.0000716e+00
   1.9870765e+00   1.0431745e+00
   1.9832976e+00   1.0644840e+00
   2.6875172e+00   6.8584267e-01
   1.9856845e+00   1.0558312e+00
   2.7700616e+00   6.8416572e-01
   7.5497943e+00   6.5654776e-01
   8.0917750e+00   6.5296054e-01
   6.7073981e+00   6.7291634e-01
   2.7658774e+00   6.8427454e-01
   1.9855296e+00   1.0581779e+00
   3.2311484e+00   6.8414177e-01
   1.9836057e+00   1.1865012e+00
   2.3719888e+00   7.1871330e-01
   2.2818338e+00   1.0093078e+00
   3.4072610e+00   6.8378280e-01
   7.0429527e+00   6.5882705e-01
   1.9836777e+00   1.0452767e+00
   2.0004472e+00   1.0381605e+00
   2.3516391e+00   9.6809102e-01
   2.2885056e+00   1.0010788e+00
   6.5849173e+00   6.6297166e-01
   8.0592941e+00   6.5663805e-01
   2.3753925e+00   7.1404866e-01
   2.8983909e+00   6.8450617e-01
   2.3503238e+00   9.7101569e-01
   2.2921550e+00   1.0019259e+00
   9.2723369e+00   6.5393006e-01
   2.3402909e+00   9.7569842e-01
   8.5097941e+00   6.5225930e-01
   6.5235061e+00   6.6108934e-01
   7.3451389e+00   6.6012584e-01
   1.9825965e+00   1.2190207e+00
   2.3507671e+00   9.6968950e-01
   2.7280542e+00   6.9925682e-01
   2.3562974e+00   9.6745805e-01
   2.3312533e+00   9.9993469e-01
   4.4820820e+00   6.2180019e-01
   4.2693772e+00   6.3600363e-01
   2.6609241e+00   6.7076710e-01
   6.0779229e+00   6.0888328e-01
   4.1838908e+00   6.5041615e-01
   1.7683342e+00   1.0341080e+00
   5.4355331e+00   6.1207858e-01
   4.6024028e+00   6.1941777e-01
   2.6631606e+00   6.7041199e-01
   2.3426017e+00   9.6283749e-01
   2.3533637e+00   7.0687263e-01
   7.5088651e+00   6.0437399e-01
   4.1845201e+00   6.5091662e-01
   2.2917453e+00   9.9899577e-01
   7.7938566e+00   6.0328992e-01
   4.2708577e+00   6.3419566e-01
   2.6367666e+00   6.8221922e-01
   1.4908313e+00   3.7409007e+00
   2.6588632e+00   6.7321854e-01
   2.3351019e+00   9.6463592e-01
   4.1861428e+00   6.5036445e-01
   5.5756559e+00   6.1263191e-01
   2.2816127e+00   9.9910583e-01
   1.5344569e+00   1.0342119e+00
   4.8597008e+00   6.1842014e-01
   3.5906885e+00   6.7026734e-01
   4.1893294e+00   6.5030969e-01
   2.3507792e+00   7.0708216e-01
   1.4915716e+00   1.0342683e+00
   4.3709114e+00   6.3386630e-01
   1.4913695e+00   1.0438108e+00
   3.9365581e+00   6.6760943e-01
   1.4940703e+00   1.0342800e+00
   4.8103088e+00   6.1861085e-01
   4.2008230e+00   6.4977131e-01
   2.3400609e+00   9.6337633e-01
   3.6384715e+00   6.6895807e-01
   4.4347070e+00   6.2583375e-01
   1.0277156e+01   5.9899589e-01
   4.5795084e+00   6.1956017e-01
   1.4905840e+00   3.8615432e+00
   5.4735698e+00   6.1322668e-01
   4.2252312e+00   6.3682740e-01
   7.0865736e+00   6.0725698e-01
   4.3986142e+00   6.3167205e-01
   4.6993889e+00   6.1898531e-01
   2.2803809e+00   1.0019429e+00
   7.1654839e+00   6.0750143e-01
   8.0583828e+00   6.0116211e-01
   3.5044013e+00   6.7027827e-01
   4.5690241e+00   6.1944590e-01
   4.1917585e+00   6.5015683e-01
   4.2067891e+00   6.4954872e-01
   2.6393704e+00   6.8192716e-01
   1.7434578e+00   1.0339590e+00
   4.4104648e+00   6.2449487e-01
   2.3370534e+00   9.6447375e-01
   1.7420268e+00   1.0340221e+00
   9.7385283e+00   5.9884790e-01
   4.9229627e+00   6.1826209e-01
   4.4713626e+00   6.2025426e-01
   1.4903778e+00   4.7534484e+00
   2.3501952e+00   7.1032746e-01
   4.4406192e+00   6.2427084e-01
   4.2052414e+00   6.4959789e-01
   7.2317937e+00   6.0500857e-01
   4.2264791e+00   6.3711660e-01
   3.5146853e+00   6.7027028e-01
   2.3496256e+00   7.0841062e-01
   2.6586742e+00   6.7291184e-01
   2.2801794e+00   1.0014823e+00
   2.3571962e+00   7.0684615e-01
   7.1917306e+00   6.0708649e-01
   2.2907680e+00   9.9906051e-01
   7.9737215e+00   6.0073694e-01
   4.4593775e+00   6.2374185e-01
   2.3506667e+00   7.0781553e-01
   2.2851446e+00   9.9916611e-01
   5.4322147e+00   6.1808050e-01
   6.0253902e+00   6.0768349e-01
   1.4907868e+00   1.0395970e+00
   2.6739075e+00   6.7038759e-01
   2.3533131e+00   7.0703157e-01
   2.6484940e+00   6.7938728e-01
   1.7414882e+00   1.0341131e+00
   4.1937917e+00   6.4987877e-01
   2.6717785e+00   6.7033842e-01
   2.3542789e+00   7.0681361e-01
   1.1414282e+01   5.9594600e-01
   2.3355876e+00   9.6731814e-01
   2.6369210e+00   6.8425298e-01
   2.6592969e+00   6.7101279e-01
   2.3380878e+00   9.6365855e-01
   1.0350008e+01   5.9587198e-01
   4.2583773e+00   6.3669473e-01
   2.3348137e+00   9.9632143e-01
   4.8146720e+00   6.1837958e-01
   2.6537903e+00   6.7824406e-01
   2.6359130e+00   6.8758762e-01
   4.3725221e+00   6.2505583e-01
   1.4955610e+00   5.4011617e-01
   1.4831761e+00   2.2002846e+00
   2.1857035e+00   4.0937788e-01
   1.4854406e+00   5.5805682e-01
   2.1835705e+00   4.1814188e-01
   1.4829445e+00   1.7694679e+00
   1.4838777e+00   8.8046550e-01
   1.4837356e+00   1.0578918e+00
   1.4865763e+00   5.4259813e-01
   1.4846146e+00   6.3134919e-01
   1.4852989e+00   5.8042902e-01
   1.4854103e+00   5.5709708e-01
   1.4834777e+00   1.7864014e+00
   1.4864616e+00   5.4160500e-01
   2.1851935e+00   4.0953483e-01
   1.4841027e+00   6.8784917e-01
   1.4846509e+00   6.0478147e-01
   1.5206360e+00   5.4012023e-01
   2.1848510e+00   4.0978937e-01
   1.4877339e+00   5.4028796e-01
   1.4823690e+00   2.8246344e+00
   1.4850088e+00   5.9488524e-01
   1.4857512e+00   5.4775561e-01
   1.4840707e+00   8.2627315e-01
   1.4833839e+00   1.0243830e+00
   1.4854060e+00   5.5758235e-01
   1.4862269e+00   5.4364791e-01
   1.4854633e+00   5.4922864e-01
   1.4822846e+00   5.7381584e+00
   1.4844514e+00   6.6211995e-01
   1.4846937e+00   6.0810710e-01
   2.1831492e+00   4.3317252e-01
   2.1853346e+00   4.0944775e-01
   2.1860357e+00   4.0893340e-01
   1.4832401e+00   1.6408322e+00
   1.4875601e+00   5.4032829e-01
   1.4853039e+00   5.7426818e-01
   1.4840687e+00   8.7018203e-01
   1.4831713e+00   2.4167617e+00
   1.4855640e+00   5.5441669e-01
   1.4825274e+00   2.8994529e+00
   1.4885356e+00   5.4018647e-01
   1.4832194e+00   2.1909433e+00
   1.4831180e+00   1.7069748e+00
   1.4832620e+00   1.5064112e+00
   1.4835130e+00   1.1649417e+00
   2.0554314e+00   5.4005249e-01
   1.4841051e+00   7.1172667e-01
   1.5176112e+00   5.4006459e-01
   2.1843417e+00   4.0989097e-01
   1.4867699e+00   5.4108727e-01
   2.1833905e+00   4.2838250e-01
   2.1837722e+00   4.1281772e-01
   1.4852379e+00   5.7219211e-01
   2.1829482e+00   4.7170597e-01
   2.1840806e+00   4.1075706e-01
   2.1829728e+00   4.3066417e-01
   2.1831057e+00   4.8089306e-01
   1.5009385e+00   5.4014832e-01
   2.1835067e+00   4.1704315e-01
   1.4872956e+00   5.4042940e-01
   1.4836323e+00   8.7693857e-01
   1.4825975e+00   2.4801892e+00
   1.4852072e+00   5.8779444e-01
   1.4836032e+00   1.0772764e+00
   1.4853685e+00   5.5986420e-01
   2.1864780e+00   4.0892133e-01
   1.4864399e+00   5.4274114e-01
   1.4838234e+00   7.6352738e-01
   1.4858737e+00   5.4785165e-01
   1.4893740e+00   5.4014273e-01
   1.4859647e+00   5.4569840e-01
   1.4864550e+00   5.4213911e-01
   1.5602568e+00   5.4006999e-01
   1.4835338e+00   1.0043358e+00
   2.2656700e+00   4.0877455e-01
   2.1870011e+00   4.0880173e-01
   2.1929598e+00   4.0875801e-01
   1.5435377e+00   5.4011587e-01
   1.4872728e+00   5.4061923e-01
   2.1893289e+00   4.0883594e-01
   1.4845792e+00   6.8265922e-01
   1.4858007e+00   5.4639709e-01
   1.4829262e+00   2.6910375e+00
   1.4880808e+00   5.4015595e-01
   1.4861808e+00   5.4399188e-01
   1.4842308e+00   6.9735802e-01
   1.4819700e+00   2.9224822e+00
   1.4864782e+00   5.4359404e-01
   1.4868169e+00   5.4069499e-01
   1.4857290e+00   5.4778550e-01
   2.1869685e+00   4.0885905e-01
   2.1837395e+00   4.1246584e-01
   1.4831477e+00   2.4845480e+00
   1.4833378e+00   1.9883897e+00
   2.1868939e+00   4.0927058e-01
   1.4854425e+00   5.5610038e-01
   1.4875409e+00   5.4040820e-01
   2.1848891e+00   4.0992600e-01
   1.4849080e+00   5.9281061e-01
   1.2354302e+00   5.4656279e-01
   1.2127131e+00   5.7001014e-01
   1.2440323e+00   5.3953704e-01
   1.9457749e+00   4.0831836e-01
   1.2341917e+00   5.4773316e-01
   1.9378736e+00   4.1516920e-01
   1.2426396e+00   5.3975583e-01
   1.2144670e+00   5.6765226e-01
   1.9382705e+00   4.2861785e-01
   1.2412133e+00   5.4196215e-01
   1.1843106e+00   6.5782775e-01
   1.1661757e+00   2.3217464e+00
   1.2333121e+00   5.4823753e-01
   1.2377204e+00   5.4552989e-01
   4.4503247e+00   4.0744976e-01
   1.2073289e+00   5.8165172e-01
   1.1755934e+00   7.3026131e-01
   1.2470855e+00   5.3880049e-01
   1.2073242e+00   5.8698593e-01
   1.9589675e+00   4.0779477e-01
   1.2526080e+00   5.3735637e-01
   1.2076381e+00   5.8581023e-01
   1.2184785e+00   5.6624567e-01
   1.1714980e+00   8.5555645e-01
   1.9392014e+00   4.0919672e-01
   1.2342152e+00   5.4773420e-01
   1.9449990e+00   4.0833600e-01
   4.2930298e+00   4.0760046e-01
   1.2279863e+00   5.5284638e-01
   1.1935622e+00   5.9729898e-01
   1.9415892e+00   4.0916666e-01
   1.1768180e+00   8.0482434e-01
   1.1667472e+00   9.1126502e-01
   1.3394463e+00   5.3386866e-01
   1.2354587e+00   5.4649981e-01
   1.9423010e+00   4.0900331e-01
   2.8716291e+00   4.0771674e-01
   1.1623821e+00   3.3733747e+00
   1.1735825e+00   9.0685160e-01
   1.9456127e+00   4.0833145e-01
   1.2076798e+00   5.8038954e-01
   1.1667281e+00   1.2526729e+00
   1.9539400e+00   4.0822703e-01
   1.2271457e+00   5.5617495e-01
   1.2411674e+00   5.4217647e-01
   1.1858808e+00   6.3211601e-01
   1.2358939e+00   5.4509609e-01
   1.2247019e+00   5.5893092e-01
   1.1915579e+00   6.0955974e-01
   1.1825609e+00   6.7607441e-01
   1.2087287e+00   5.7062296e-01
   1.1667616e+00   1.6936321e+00
   1.1663845e+00   3.3755893e+00
   1.2303308e+00   5.5127719e-01
   1.1637133e+00   5.2370784e+00
   1.9414551e+00   4.0920003e-01
   1.2575360e+00   5.3515577e-01
   1.3259437e+00   5.3444876e-01
   1.1666411e+00   1.4073487e+00
   1.2083161e+00   5.7038660e-01
   1.1992577e+00   6.0130973e-01
   1.2243256e+00   5.5576967e-01
   1.7353768e+00   5.3125049e-01
   1.9378604e+00   4.1789022e-01
   1.1864751e+00   6.3110915e-01
   4.8362713e+00   4.0744744e-01
   1.1667832e+00   1.2704347e+00
   1.1908652e+00   6.2705830e-01
   1.2532785e+00   5.3449128e-01
   1.1826931e+00   7.0250422e-01
   1.2421117e+00   5.4101943e-01
   1.2307228e+00   5.4921387e-01
   1.1825020e+00   7.3130148e-01
   1.1708631e+00   8.9315941e-01
   1.2390415e+00   5.4339187e-01
   1.2239174e+00   5.6569463e-01
   1.2348884e+00   5.4743970e-01
   1.1688943e+00   9.9204195e-01
   1.2068102e+00   5.8985258e-01
   1.2393877e+00   5.4197924e-01
   1.2313475e+00   5.5205377e-01
   1.1832617e+00   6.7294551e-01
   1.1955455e+00   6.0971391e-01
   1.9547354e+00   4.0785471e-01
   1.9384849e+00   4.1063583e-01
   1.9386063e+00   4.1230397e-01
   1.2078282e+00   5.7641300e-01
   2.8017340e+00   4.0754358e-01
   1.1753640e+00   8.9911371e-01
   1.1842598e+00   6.3383161e-01
   1.3230487e+00   5.3427107e-01
   1.9432776e+00   4.0837524e-01
   1.1850489e+00   6.2835442e-01
   1.2426143e+00   5.4068075e-01
   1.2476133e+00   5.3960197e-01
   1.2516198e+00   5.3699565e-01
   1.1832659e+00   6.4016665e-01
   1.2413043e+00   5.4102992e-01
   7.0965839e+00   4.0753068e-01
   1.9650876e+00   4.0792266e-01
   1.2583053e+00   5.3219198e-01
   1.1384296e+00   1.4536438e+00
   1.1948535e+00   5.8695693e-01
   1.2060571e+00   5.7223509e-01
   1.2163985e+00   5.5951348e-01
   1.2156388e+00   5.6062002e-01
   1.2958973e+00   5.2728304e-01
   1.1847334e+00   5.9140600e-01
   1.2730387e+00   5.2839397e-01
   1.2397173e+00   5.4186907e-01
   1.9759074e+00   4.0742346e-01
   1.9413785e+00   4.0845731e-01
   1.9415399e+00   4.0833798e-01
   1.2422943e+00   5.3975009e-01
   1.2243456e+00   5.5407928e-01
   1.1637202e+00   6.7962038e-01
   1.1688370e+00   6.1340925e-01
   1.2487848e+00   5.3747080e-01
   1.1396852e+00   1.3831779e+00
   1.1401424e+00   1.3478448e+00
   1.1498741e+00   9.2134976e-01
   1.2239595e+00   5.5412264e-01
   1.1649358e+00   6.3599392e-01
   1.9392014e+00   4.0919672e-01
   1.2415544e+00   5.4050506e-01
   1.2228093e+00   5.5498070e-01
   1.9417034e+00   4.0808056e-01
   1.9409156e+00   4.0871361e-01
   1.2271009e+00   5.5157815e-01
   1.9371343e+00   4.2891515e-01
   2.2014552e+00   4.0741141e-01
   1.2258951e+00   5.5174515e-01
   1.2349234e+00   5.4640532e-01
   1.2246545e+00   5.5326124e-01
   7.4799716e+00   4.0671053e-01
   1.2491467e+00   5.3673020e-01
   1.2676381e+00   5.3179903e-01
   1.1819081e+00   5.9906975e-01
   2.7981400e+00   4.0701652e-01
   1.2409725e+00   5.4053779e-01
   1.1290992e+00   5.5864576e+00
   1.2546477e+00   5.3305717e-01
   1.1824390e+00   5.9313961e-01
   1.7371405e+00   5.2713669e-01
   1.1366254e+00   1.7767646e+00
   1.9473284e+00   4.0763548e-01
   1.2358939e+00   5.4509609e-01
   1.2146783e+00   5.6105728e-01
   1.2527820e+00   5.3385706e-01
   1.2106924e+00   5.6582625e-01
   1.2193895e+00   5.5702326e-01
   1.1493874e+00   9.8952130e-01
   1.2061107e+00   5.7125604e-01
   1.9437710e+00   4.0788640e-01
   1.1928300e+00   5.8756936e-01
   1.1599337e+00   6.9515357e-01
   1.1767068e+00   5.9910885e-01
   1.2145613e+00   5.6152425e-01
   1.2058907e+00   5.7853368e-01
   1.1860303e+00   5.8791496e-01
   1.2061241e+00   5.6648041e-01
   1.2306194e+00   5.4855182e-01
   1.1263636e+00   7.0018197e+00
   1.9378604e+00   4.1789022e-01
   8.7777024e+00   4.0630221e-01
   1.1214382e+00   9.5561432e+00
   1.2509200e+00   5.3453651e-01
   1.2138880e+00   5.6206159e-01
   1.1500015e+00   8.3647175e-01
   1.9468018e+00   4.0781646e-01
   1.1821719e+00   5.9843987e-01
   1.2216381e+00   5.5529412e-01
   1.2299644e+00   5.4948309e-01
   1.1736264e+00   6.0902958e-01
   1.2335835e+00   5.4654396e-01
   1.2318455e+00   5.4694635e-01
   1.9372285e+00   4.1862198e-01
   1.2480478e+00   5.3815892e-01
   1.2459343e+00   5.3829688e-01
   1.2393877e+00   5.4197924e-01
   1.1481899e+00   1.0369318e+00
   1.2177063e+00   5.5947536e-01
   1.2369089e+00   5.4437915e-01
   1.2311010e+00   5.4781315e-01
   1.9384849e+00   4.1063583e-01
   1.2253885e+00   5.5289645e-01
   1.2304810e+00   5.4873617e-01
   1.1269024e+00   6.7841067e+00
   1.9369262e+00   4.5014973e-01
   3.4086123e+00   4.0690436e-01
   1.1304720e+00   5.0716728e+00
   1.2077575e+00   5.6591796e-01
   1.2254966e+00   5.5190805e-01
   1.1604040e+00   6.8838003e-01
   1.1555596e+00   6.9839353e-01
   2.5936233e+00   4.0704217e-01
   1.2272708e+00   5.5099114e-01
   1.2388976e+00   5.4337911e-01
   1.2202733e+00   5.5693119e-01
   1.2133286e+00   5.6505219e-01
   1.1197051e+00   6.8234029e+00
   1.1084569e+00   1.0158343e+01
   1.2348566e+00   5.4470588e-01
   1.1529772e+00   6.6003847e-01
   1.1517604e+00   6.6969393e-01
   1.1054653e+00   1.5845363e+01
   1.2400275e+00   5.4182121e-01
   1.2620555e+00   5.3029558e-01
   1.1482123e+00   7.1106157e-01
   1.2717714e+00   5.2356380e-01
   1.1289654e+00   1.4826570e+00
   1.2505660e+00   5.3605883e-01
   1.1645891e+00   6.2458185e-01
   1.1206090e+00   4.3959305e+00
   1.2047524e+00   5.6744093e-01
   1.9674864e+00   4.0704428e-01
   1.9407948e+00   4.0977803e-01
   1.1404461e+00   8.0719502e-01
   1.1201583e+00   5.5991464e+00
   1.1606887e+00   6.4013802e-01
   1.2159603e+00   5.5966568e-01
   1.1847093e+00   5.8595014e-01
   1.1506623e+00   6.7184552e-01
   1.9380759e+00   4.1344643e-01
   1.1874858e+00   5.8377318e-01
   1.2228093e+00   5.5498070e-01
   7.0311375e+00   4.0603664e-01
   1.9409156e+00   4.0871361e-01
   1.2206724e+00   5.5522592e-01
   1.9371343e+00   4.2891515e-01
   1.2487670e+00   5.3633720e-01
   1.1200769e+00   6.2856977e+00
   1.2388537e+00   5.4399281e-01
   1.1674945e+00   6.0234353e-01
   5.4098125e+00   4.0669275e-01
   1.1474940e+01   4.0577132e-01
   1.2263986e+00   5.5165439e-01
   1.2451161e+00   5.3783446e-01
   2.7981400e+00   4.0701652e-01
   1.1610228e+00   6.3619141e-01
   1.8361035e+00   5.2019422e-01
   1.2546477e+00   5.3305717e-01
   1.1955258e+00   5.7665405e-01
   1.1098969e+00   7.4543802e+00
   1.1871673e+00   5.8386531e-01
   1.9473284e+00   4.0763548e-01
   1.2580482e+00   5.3266324e-01
   1.2146783e+00   5.6105728e-01
   1.2527820e+00   5.3385706e-01
   1.1680974e+00   6.0149784e-01
   1.2193895e+00   5.5702326e-01
   1.2197502e+00   5.5619755e-01
   1.1701263e+00   5.9859263e-01
   1.1808857e+00   5.9054272e-01
   1.9571609e+00   4.0735057e-01
   1.9365212e+00   4.3071301e-01
   1.1209208e+00   3.0103108e+00
   1.2094494e+00   5.6521065e-01
   1.1782868e+00   5.9247666e-01
   1.2332623e+00   5.4669006e-01
   1.2061241e+00   5.6648041e-01
   1.1235963e+00   2.6196964e+00
   1.2641357e+00   5.2645560e-01
   1.9378604e+00   4.1789022e-01
   1.1875655e+00   5.8294504e-01
   1.1814372e+00   5.8922549e-01
   1.2509200e+00   5.3453651e-01
   1.2138880e+00   5.6206159e-01
   1.2454905e+00   5.3732416e-01
   1.2164151e+00   5.5951844e-01
   1.2503312e+00   5.3609753e-01
   1.2391189e+00   5.4221011e-01
   1.2364651e+00   5.4437481e-01
   1.2529049e+00   5.3339519e-01
   1.2343206e+00   5.4604618e-01
   1.2318455e+00   5.4694635e-01
   1.9372285e+00   4.1862198e-01
   1.1715525e+00   5.9616352e-01
   1.2245561e+00   5.5227239e-01
   1.2393877e+00   5.4197924e-01
   1.2068452e+00   5.6552453e-01
   1.1776060e+00   5.9464616e-01
   1.1363121e+00   9.4374205e-01
   1.2311010e+00   5.4781315e-01
   1.9384849e+00   4.1063583e-01
   1.1780589e+00   5.9318491e-01
   1.1540733e+00   6.4890529e-01
   1.1813965e+00   5.9024492e-01
   1.1985095e+00   5.7359032e-01
   3.4086123e+00   4.0690436e-01
   1.2068103e+00   5.6561242e-01
   1.2272224e+00   5.5058012e-01
   1.2153984e+00   5.6005663e-01
   1.1184995e+00   7.2850802e+00
   1.1545757e+00   6.4496997e-01
   2.5936233e+00   4.0704217e-01
   1.1266760e+00   2.2998657e+00
   1.2430651e+00   5.3964880e-01
   1.1803969e+00   5.9110020e-01
   1.2133286e+00   5.6505219e-01
   1.1230997e+00   2.0813782e+00
   5.8231654e+00   4.0615075e-01
   1.2348566e+00   5.4470588e-01
   1.1065937e+00   7.2496369e+00
   1.1818568e+00   5.8669756e-01
   1.1603262e+00   6.2206366e-01
   2.7732098e+00   4.0698856e-01
   1.2620555e+00   5.3029558e-01
   1.1008166e+00   7.8263486e+00
   1.2717714e+00   5.2356380e-01
   1.2388771e+00   5.4168344e-01
   1.1289654e+00   1.4826570e+00
   1.1625346e+00   6.1684260e-01
   1.9377879e+00   4.1118358e-01
   1.1852871e+00   5.8352275e-01
   1.1389121e+00   7.3194788e-01
   1.9674864e+00   4.0704428e-01
   1.1079571e+00   6.9476850e+00
   1.2635202e+00   5.2620449e-01
   1.2081458e+00   5.6448727e-01
   1.0919974e+00   1.2513987e+01
   1.1024213e+00   7.6938380e+00
   1.1489786e+00   6.2695955e-01
   1.1686933e+00   5.9579524e-01
   1.1290720e+00   1.4187489e+00
   1.2016093e+00   5.7058308e-01
   1.1677494e+00   5.9767737e-01
   1.1328353e+00   9.4812558e-01
   1.9409156e+00   4.0871361e-01
   1.1000971e+00   9.1342669e+00
   1.1898684e+00   5.8178519e-01
   1.9363234e+00   4.2274785e-01
   1.2143685e+00   5.6013714e-01
   1.8895607e+00   5.1987463e-01
   1.1944855e+00   5.7745844e-01
   1.1153442e+00   4.4568495e+00
   1.1973906e+00   5.7300750e-01
   7.8340164e+00   4.0536807e-01
   1.2451161e+00   5.3783446e-01
   1.1167001e+00   4.1417983e+00
   1.1167796e+00   2.9287235e+00
   1.8361035e+00   5.2019422e-01
   1.1212167e+00   2.5402417e+00
   1.1378950e+00   7.5500177e-01
   1.1656916e+00   6.1626922e-01
   6.2128601e+00   4.0585331e-01
   3.1719895e+00   4.0643195e-01
   1.2891928e+00   5.2122363e-01
   1.0934292e+00   1.1273213e+01
   1.1291583e+00   9.8234630e-01
   1.1669201e+00   6.0651355e-01
   1.1764786e+00   5.9183716e-01
   5.3210535e+00   4.0638415e-01
   1.1365327e+00   8.2570963e-01
   1.1076222e+00   6.9813702e+00
   1.9571609e+00   4.0735057e-01
   1.1136273e+00   4.4796854e+00
   1.1200842e+00   2.6682347e+00
   1.0988242e+00   1.0434928e+01
   1.1006171e+00   8.4876612e+00
   1.2061241e+00   5.6648041e-01
   1.2284578e+00   5.5004952e-01
   1.1777111e+00   5.8845332e-01
   1.2213775e+00   5.5512615e-01
   1.2055889e+00   5.6722380e-01
   1.2189332e+00   5.5827261e-01
   1.2509200e+00   5.3453651e-01
   1.2492793e+00   5.3613723e-01
   1.2454905e+00   5.3732416e-01
   1.1669201e+00   6.0676153e-01
   1.2192280e+00   5.5652906e-01
   1.2226911e+00   5.5505035e-01
   1.2364651e+00   5.4437481e-01
   1.1475292e+00   6.5633219e-01
   1.2343206e+00   5.4604618e-01
   1.2318455e+00   5.4694635e-01
   1.2035891e+00   5.6893244e-01
   1.1768639e+00   5.8974645e-01
   1.2245561e+00   5.5227239e-01
   1.2498231e+00   5.3552216e-01
   1.9459329e+00   4.0821270e-01
   1.1964725e+00   5.7413330e-01
   1.1363121e+00   9.4374205e-01
   1.2311010e+00   5.4781315e-01
   1.9384849e+00   4.1063583e-01
   1.2227191e+00   5.5473283e-01
   1.2517130e+00   5.3373837e-01
   1.1683306e+00   5.9757392e-01
   1.1033221e+00   7.5834221e+00
   1.1613503e+00   6.2153500e-01
   1.2020334e+00   5.6911025e-01
   1.2272224e+00   5.5058012e-01
   1.2368879e+00   5.4430486e-01
   1.9370365e+00   4.1391878e-01
   1.2263463e+00   5.5110367e-01
   2.5936233e+00   4.0704217e-01
   1.2492625e+00   5.3712707e-01
   1.2430651e+00   5.3964880e-01
   1.2538904e+00   5.3275008e-01
   1.2374854e+00   5.4398184e-01
   9.4251747e-01   6.3429081e-01
   9.4057201e-01   6.3957151e-01
   9.3861554e-01   9.9788803e-01
   8.8359186e-01   3.9841695e+00
   1.9483499e+00   4.0707673e-01
   9.7814940e-01   5.6065272e-01
   2.6977867e+00   4.0375077e-01
   9.3702790e-01   1.1650185e+00
   1.0339100e+00   5.1688630e-01
   1.2582200e+00   5.1603168e-01
   3.0860474e+00   4.0331121e-01
   9.6061892e-01   5.6668236e-01
   9.9636177e-01   5.4216838e-01
   3.5794029e+00   4.0347294e-01
   8.7403522e-01   8.3005926e+00
   8.8132638e-01   4.9008624e+00
   8.8184295e-01   4.7516492e+00
   1.0127838e+00   5.3271404e-01
   1.9364888e+00   4.7243930e-01
   9.3637537e-01   1.7246163e+00
   9.7899817e-01   5.5377673e-01
   9.3609953e-01   2.7610838e+00
   9.4148420e-01   6.4871856e-01
   1.0181828e+00   5.2792943e-01
   9.9543490e-01   5.4666774e-01
   1.9375415e+00   4.1100193e-01
   8.8141791e-01   7.1561098e+00
   1.9375693e+00   4.0931862e-01
   8.8285644e-01   4.2688544e+00
   8.5089878e+00   4.0239555e-01
   9.3801333e-01   9.7591151e-01
   1.9363234e+00   4.2274785e-01
   1.0256195e+00   5.2570528e-01
   9.3574620e-01   1.3517019e+00
   1.5972959e+00   5.1567429e-01
   1.9427777e+00   4.0745556e-01
   1.0164992e+00   5.2875796e-01
   1.0018149e+00   5.3503611e-01
   2.0611155e+00   4.0470844e-01
   9.9594336e-01   5.4149202e-01
   1.9370589e+00   4.1385328e-01
   1.6665029e+00   5.1537351e-01
   8.8168595e-01   4.7985691e+00
   1.9426525e+00   4.0731837e-01
   9.8357728e-01   5.5212601e-01
   1.0576991e+00   5.1769102e-01
   9.6329675e-01   5.6598535e-01
   1.9372485e+00   4.1917504e-01
   1.0200744e+00   5.2708025e-01
   9.3305605e-01   2.4703224e+00
   1.9402561e+00   4.0862773e-01
   1.9372848e+00   4.1136236e-01
   9.9796288e-01   5.4143633e-01
   3.7260338e+00   4.0252376e-01
   9.3761300e-01   1.6284833e+00
   2.0024373e+00   4.0460136e-01
   1.9581463e+00   4.0498220e-01
   2.0028208e+00   4.0483857e-01
   1.9454586e+00   4.0708307e-01
   8.8211575e-01   3.9596352e+00
   8.8129694e-01   6.7922091e+00
   6.4554651e+00   4.0244183e-01
   6.0680806e+00   4.0252877e-01
   1.9484525e+00   4.0693447e-01
   1.9376038e+00   4.1122060e-01
   1.1060580e+00   5.1563181e-01
   9.8407369e-01   5.5230238e-01
   8.8168916e-01   4.9037276e+00
   1.9416406e+00   4.0748722e-01
   9.4310852e-01   5.8703467e-01
   9.6797155e-01   5.6558282e-01
   2.5204214e+00   4.0433196e-01
   9.3083838e-01   3.4617687e+00
   2.8454909e+00   4.0386573e-01
   9.7835069e-01   5.5505205e-01
   9.4327336e-01   5.8525388e-01
   2.2138232e+00   4.0419875e-01
   3.9823615e+00   4.0275933e-01
   2.5078646e+00   4.0399220e-01
   1.0194902e+00   5.2600253e-01
   1.9381786e+00   4.0882916e-01
   9.6246781e-01   5.6783657e-01
   9.3367486e-01   3.3530682e+00
   8.7302912e-01   7.9177928e+00
   9.3793176e-01   1.5307442e+00
   9.4394918e-01   5.8833953e-01
   1.0373916e+00   5.1795403e-01
   1.9536022e+00   4.0612608e-01
   1.9371037e+00   4.1193239e-01
   9.3802451e-01   6.5685187e-01
   1.9371088e+00   4.1150567e-01
   1.0192585e+00   5.2664243e-01
   9.3881426e-01   6.6033131e-01
   1.9370365e+00   4.1391878e-01
   9.7985435e-01   5.5326966e-01
   1.4855184e+01   4.0232200e-01
   9.7816217e-01   5.5445151e-01
   2.6454978e+00   4.0405463e-01
   9.3811495e-01   1.3608572e+00
   3.6401597e+00   4.0323258e-01
