   2.6067365e+01   3.3147627e+01
   2.7691899e+01   2.2222107e+01
   2.9577126e+01   2.9317451e+01
   3.3674737e+01   2.3273043e+01
   1.9447141e+01   1.3784626e+01
   2.1398564e+01   2.2511836e+01
   1.1129339e+01   1.3870971e+01
   2.3646232e+01   1.9949451e+01
   1.2552665e+01   1.8948445e+01
   1.8663572e+01   2.3942484e+01
   3.1847615e+01   3.3256245e+01
   3.0963481e+01   2.7198592e+01
   2.6960977e+01   2.6938973e+01
   2.7245655e+01   2.6648554e+01
   2.1414441e+01   1.5625174e+01
   1.9729133e+01   1.5940301e+01
   2.6415291e+01   1.7898319e+01
   2.7938892e+01   3.6861448e+01
   1.4127588e+01   1.3079308e+01
   1.8245331e+01   1.8453145e+01
   3.0442861e+01   4.0227990e+01
   1.8667433e+01   1.6500191e+01
   2.8537806e+01   3.7502449e+01
   2.3288920e+01   2.0932878e+01
   2.8066785e+01   2.2563369e+01
   2.5085122e+01   1.3995806e+01
   2.2461743e+01   1.6243178e+01
   2.0809186e+01   1.5907842e+01
   3.1367377e+01   2.3331374e+01
   1.8434214e+01   1.2951394e+01
   1.3088107e+01   1.5357957e+01
   4.6265440e+01   1.8985205e+01
   1.2766937e+01   1.3393254e+01
   2.7045988e+01   1.9726421e+01
   2.0898751e+01   1.6687126e+01
   2.1235608e+01   1.9692561e+01
   1.7499936e+01   1.4059331e+01
   3.1751029e+01   3.1809626e+01
   2.9552489e+01   2.4029403e+01
   2.5086753e+01   2.2299649e+01
   1.3688009e+01   1.2341903e+01
   2.4872957e+01   2.1052864e+01
   3.6461107e+01   4.0850739e+01
   1.2785392e+01   1.3259479e+01
   1.8103096e+01   2.6059060e+01
   4.7666704e+01   3.1977654e+01
   1.3844031e+01   1.8832295e+01
   1.4175271e+01   1.6406589e+01
   2.2671603e+01   2.1064898e+01
   1.4971431e+01   1.6356459e+01
   3.3089588e+01   3.9285293e+01
   1.3921605e+01   1.6466936e+01
   2.2610402e+01   2.8517130e+01
   1.6402986e+01   1.4393556e+01
   1.7211890e+01   1.1534659e+01
   1.9272376e+01   1.6630230e+01
   2.1389638e+01   1.7289286e+01
   2.1500911e+01   1.4459116e+01
   2.3348741e+01   1.8650761e+01
   1.9128990e+01   1.8205790e+01
   2.5205177e+01   2.7466984e+01
   1.7074224e+01   2.4564651e+01
   2.7402175e+01   2.3868074e+01
   2.1966541e+01   1.9936101e+01
   4.5633131e+01   3.4788599e+01
   4.0155372e+01   2.6993878e+01
   1.2265653e+01   1.7191262e+01
   1.9599591e+01   2.4491591e+01
   2.5089483e+01   1.6955887e+01
   1.9902318e+01   1.4173746e+01
   1.4251836e+01   1.6293127e+01
   3.3072963e+01   2.7184375e+01
   1.8625316e+01   1.8984848e+01
   2.0493217e+01   1.4971997e+01
   2.9785845e+01   3.1131083e+01
   1.2825667e+01   1.2918522e+01
   1.6286699e+01   1.4349158e+01
   1.8628930e+01   1.5843872e+01
   2.4975243e+01   1.7288613e+01
   1.6689112e+01   1.7639155e+01
   1.7962972e+01   1.7037701e+01
   2.1986098e+01   2.5070756e+01
   3.3211992e+01   2.4447501e+01
   1.4158414e+01   1.9315479e+01
   2.3438386e+01   2.1494332e+01
   1.7364731e+01   1.1722423e+01
   1.7397101e+01   1.7033807e+01
   1.7882206e+01   1.2254287e+01
   1.4561077e+01   1.0781181e+01
   2.3617552e+01   1.6662013e+01
   1.6216012e+01   1.4651864e+01
   1.6156565e+01   2.1888667e+01
   3.9135858e+01   2.7524130e+01
   2.0651866e+01   3.6213686e+01
   1.5793071e+01   1.2325615e+01
   3.7737248e+01   2.7208680e+01
   2.0258453e+01   1.9479067e+01
   2.1832721e+01   2.2233585e+01
   2.0509098e+01   1.7198968e+01
   1.8340687e+01   1.6873611e+01
   9.6074433e+00   1.3098989e+00
   6.2226375e+00   1.6107375e+00
   2.0778183e+00   7.2694373e+00
   7.6789473e+00   1.4046428e+00
   3.9715714e+00   3.8789380e+00
   3.9766938e+00   4.0076921e+00
   1.5370134e+00   8.0435949e+00
   5.9908275e+00   2.2841725e+00
   3.1227036e+00   5.1284239e+00
   2.0603107e+00   1.0041225e+01
   4.9671680e+00   2.4008460e+00
   2.7258558e+00   7.1155039e+00
   2.2089907e+00   7.5073973e+00
   2.2318478e+00   6.8914060e+00
   2.6330119e+00   7.0323763e+00
   3.0635613e+00   4.5446484e+00
   3.3506614e+00   5.2800514e+00
   5.3979548e+00   2.3054919e+00
   6.0535994e+00   2.2693222e+00
   1.7879354e+00   9.6792761e+00
   2.2892411e+00   8.1614862e+00
   9.3187642e+00   1.5822646e+00
   3.3268498e+00   4.7581029e+00
   4.8449164e+00   2.9423843e+00
   4.2181192e+00   3.5701821e+00
   2.7189886e+00   6.9494743e+00
   3.2673491e+00   5.0285531e+00
   2.4121634e+00   7.7816679e+00
   3.6691524e+00   4.5105580e+00
   3.1121574e+00   5.8637016e+00
   2.3121402e+00   7.7685016e+00
   9.7266916e+00   1.1173164e+00
   8.0917117e+00   1.2688939e+00
   3.7397841e+00   4.6924341e+00
   7.2818332e+00   1.8298331e+00
   1.8964693e+00   1.0785950e+01
   3.3883059e+00   4.9144759e+00
   4.6029858e+00   3.1018679e+00
   3.3952933e+00   5.3727959e+00
   4.5597342e+00   2.6163286e+00
   5.7235776e+00   2.1528797e+00
   4.3167779e+00   2.9674826e+00
   4.4528310e+00   3.2842470e+00
   3.7433953e+00   4.3879123e+00
   1.1092684e+01   1.4994818e+00
   4.4542553e+00   2.7853280e+00
   6.5276510e+00   2.1736192e+00
   7.5896526e+00   1.6190066e+00
   8.6227908e+00   1.0494209e+00
   8.1189058e+00   1.4045880e+00
   8.8616317e+00   1.5407588e+00
   2.7419544e+00   6.1026417e+00
   6.8736798e+00   1.6762452e+00
   3.5627009e+00   4.6219875e+00
   9.8661648e+00   1.3729451e+00
   8.3021871e+00   1.7130809e+00
   1.8710159e+00   1.1918764e+01
   5.4817897e+00   1.9191271e+00
   5.0923624e+00   2.4193145e+00
   2.0521556e+00   8.1058548e+00
   7.2335098e+00   1.9639695e+00
   5.6655000e+00   2.4792629e+00
   3.0392768e+00   5.8975591e+00
   4.7220277e+00   2.6375709e+00
   6.5529124e+00   1.4316607e+00
   2.7142993e+00   4.7917395e+00
   2.6708055e+00   7.3149534e+00
   3.8433841e+00   4.3225634e+00
   1.1824488e+01   1.2689457e+00
   7.0748296e+00   1.9439256e+00
   2.3291918e+00   7.6915392e+00
   2.7789415e+00   6.2392822e+00
   4.0145351e+00   3.7291970e+00
   9.3734768e+00   1.4310700e+00
   3.4597743e+00   4.3882464e+00
   6.3285458e+00   1.8251774e+00
   4.6405166e+00   2.3618327e+00
   2.2696233e+00   5.8726347e+00
   2.8736321e+00   6.6236551e+00
   4.7327270e+00   2.8756417e+00
   5.8977648e+00   2.3550037e+00
   4.0556137e+00   3.0867091e+00
   3.2549892e+00   5.8556516e+00
   2.9360371e+00   6.1542566e+00
   2.0747554e+00   1.0991305e+01
   1.9663839e+00   7.7382489e+00
   3.5241624e+00   4.2280515e+00
   3.9867079e+00   4.2635898e+00
   4.1237085e+00   3.4227282e+00
   2.3161370e+00   7.4188708e+00
   3.7552113e+00   2.7387295e+00
   1.0900910e+01   1.3328143e+00
   6.4454892e+00   2.1941652e+00
   5.1498478e+00   2.7062107e+00
   2.8427618e+00   6.1601288e+00
   2.8520334e+00   5.6356910e+00
   1.8777211e+00   9.1125152e+00
   3.6595502e+00   4.2830819e+00
   3.2092558e+00   4.4322893e+00
   7.2894454e+00   1.3171421e+00
   5.9084850e+00   2.6270841e-01
   5.7996106e-01   1.6366190e+00
   4.8298527e-01   8.3960535e+00
   5.3622406e+00   2.6327977e-01
   3.3182301e+00   2.6559429e-01
   5.1464603e-01   5.3550714e+00
   5.0714506e-01   6.9469612e+00
   5.3997112e-01   3.0972076e+00
   5.1947067e-01   5.1556780e+00
   5.3231577e-01   4.4437033e+00
   4.6949767e-01   1.1594931e+01
   4.7716958e+00   2.6412635e-01
   5.4377868e-01   2.7818225e+00
   4.9141237e-01   8.0959558e+00
   4.7127495e+00   2.6338491e-01
   4.6690804e-01   1.2370794e+01
   5.4643371e-01   7.2761798e+00
   1.8619438e+00   4.7016270e-01
   5.3916087e-01   2.8475510e+00
   6.0892719e-01   2.2914905e+00
   5.3152331e-01   5.1864995e+00
   4.7483363e-01   9.8395212e+00
   5.4419922e-01   2.2758728e+00
   6.9696102e+00   2.6161264e-01
   4.5863503e-01   7.9555707e+00
   5.3795434e-01   3.5083094e+00
   8.4720860e+00   2.6155195e-01
   5.2639439e-01   5.2859756e+00
   4.8794509e-01   8.6915980e+00
   5.3130215e-01   5.0872045e+00
   1.5041299e+00   7.7201400e-01
   5.1116450e+00   2.6350119e-01
   9.6091791e+00   2.6196319e-01
   7.2288444e+00   2.6278462e-01
   5.5821000e-01   1.6966297e+00
   5.3846951e-01   3.4274210e+00
   5.4622229e-01   2.2376279e+00
   5.3944117e-01   3.3379410e+00
   5.3140110e-01   5.0837060e+00
   2.9737238e+00   2.6581901e-01
   5.4773936e-01   1.9131705e+00
   5.3858544e-01   3.4233277e+00
   6.0486458e+00   2.6308598e-01
   5.3783117e-01   3.7169365e+00
   2.8183401e+00   2.9788005e-01
   4.7005649e-01   1.0950705e+01
   5.3763563e-01   3.6529505e+00
   5.3268590e-01   5.1815019e+00
   5.3896479e-01   3.3325881e+00
   5.4803408e-01   2.1896058e+00
   5.1812722e-01   6.4766396e+00
   1.0463491e+01   2.6516265e-01
   4.6973196e-01   1.3609589e+01
   4.9995513e-01   8.2289454e+00
   5.3605263e-01   3.8122454e+00
   5.4020564e-01   2.9632882e+00
   5.8166530e-01   1.7078987e+00
   5.1760047e-01   6.5387159e+00
   2.3558224e+00   4.9856986e-01
   1.7733847e+00   3.5460549e-01
   4.5902266e-01   1.3095114e+01
   5.3565490e-01   3.6610596e+00
   4.9857320e-01   7.2253127e+00
   5.3402163e-01   3.9326117e+00
   5.1822776e-01   5.4240992e+00
   4.1156212e+00   2.6400745e-01
   3.2701083e+00   2.6427448e-01
   3.7822565e+00   2.6404358e-01
   5.4303858e-01   2.2134372e+00
   4.6632455e-01   1.2771121e+01
   2.7458301e+00   2.9727867e-01
   5.0642364e-01   6.4295712e+00
   6.3712289e+00   2.6308358e-01
   4.1369696e+00   2.6393594e-01
   5.4274578e-01   2.6993057e+00
   4.7726738e+00   2.6322448e-01
   1.0126179e+00   6.6335106e-01
   7.1054825e-01   1.0514227e+00
   5.7028792e+00   2.6318655e-01
   4.5740084e-01   1.4308201e+01
   5.0498810e-01   7.2970702e+00
   5.3494282e-01   4.1864271e+00
   6.5427498e-01   1.0022390e+00
   1.1372222e+01   2.6166684e-01
   5.3881433e-01   3.5452296e+00
   6.0693671e+00   2.6226556e-01
   3.8736964e+00   2.6439939e-01
   5.5266859e-01   1.8120938e+00
   6.5109837e+00   2.6307357e-01
   5.2585009e-01   5.1443148e+00
   2.1519120e+00   3.1406141e-01
   7.4892106e+00   2.6237728e-01
   5.3308724e-01   4.3520283e+00
   9.0422426e+00   2.6227350e-01
   5.3512514e-01   3.7926446e+00
   1.6563130e+00   6.4321552e-01
   5.3299092e-01   4.3118576e+00
   5.3216782e-01   4.8470222e+00
   5.1299028e-01   6.7684508e+00
   5.7208255e-01   1.9666185e+00
   4.6718269e-01   2.0897833e+00
   3.4722082e-01   5.5875831e+00
   3.7983351e-01   3.1630552e+00
   3.5691800e-01   4.2686058e+00
   4.4864227e-01   2.0930796e+00
   3.3080208e+00   2.6062194e-01
   5.3835527e-01   2.7465339e-01
   3.6231370e-01   3.6364034e+00
   5.5741173e+00   2.2907611e-01
   5.3759243e-01   3.0225799e-01
   5.4481532e-01   2.6636216e-01
   5.6721340e-01   2.6321565e-01
   3.5621901e-01   4.0666733e+00
   5.1436807e+00   2.4028653e-01
   4.4232789e-01   2.0931626e+00
   6.8996604e+00   2.2683263e-01
   1.6660671e+00   2.6300369e-01
   3.6317396e+00   2.6061836e-01
   8.4199757e+00   2.1867155e-01
   5.3185844e-01   6.2978707e-01
   3.4119797e-01   6.5757999e+00
   5.3749368e-01   3.0301854e-01
   3.7486429e-01   3.2292495e+00
   5.6436519e+00   2.2856659e-01
   1.8395444e+00   2.6070984e-01
   4.9672305e+00   2.4128490e-01
   5.3309298e-01   3.4117472e-01
   1.0353199e+00   2.6321162e-01
   3.3574289e-01   9.3042164e+00
   5.4364744e-01   2.6734599e-01
   5.3825157e-01   2.7847563e-01
   3.5055717e-01   5.0176929e+00
   5.3709869e-01   3.1087615e-01
   3.7511184e-01   3.1828306e+00
   3.5832181e-01   3.8443285e+00
   5.3080045e-01   6.2277576e-01
   4.3163283e-01   2.0954724e+00
   3.8310892e-01   3.1502695e+00
   1.4203031e+01   2.0609228e-01
   1.8452708e+00   2.6122151e-01
   5.3251723e-01   4.6356034e-01
   5.4093080e-01   2.6842731e-01
   4.6930305e+00   2.4130937e-01
   3.7634041e-01   3.1718772e+00
   3.7393896e-01   3.2094177e+00
   5.3896674e-01   2.7769040e-01
   9.9824627e+00   2.1681151e-01
   5.5675589e+00   2.3302156e-01
   1.2696214e+01   2.1587713e-01
   5.3650978e-01   3.1168225e-01
   5.6308477e+00   2.2878438e-01
   4.2937288e-01   2.1132958e+00
   4.2498693e+00   2.4404281e-01
   4.3015771e-01   2.1040574e+00
   3.9817849e+00   2.5991437e-01
   5.3634707e-01   3.3583450e-01
   5.3267527e-01   3.8582978e-01
   3.7798165e-01   3.1662727e+00
   3.3459863e-01   9.0377600e+00
   7.6741232e+00   2.2310399e-01
   4.2614079e-01   2.1159489e+00
   3.1433759e+00   2.6063318e-01
   4.2772780e-01   2.1190668e+00
   3.5473446e-01   4.2762627e+00
   5.3236567e-01   5.6945208e-01
   5.4741572e-01   2.6421929e-01
   5.6778618e+00   2.2853944e-01
   5.3857213e-01   2.7434215e-01
   5.4371077e-01   2.6705402e-01
   5.6725903e+00   2.2871641e-01
   3.6809029e-01   3.5255707e+00
   4.6140323e+00   2.4279914e-01
   5.2965159e+00   2.2983725e-01
   3.9919291e-01   3.1495319e+00
   5.3398932e-01   3.7398898e-01
   5.4767641e-01   2.6448716e-01
   5.9344991e+00   2.2707923e-01
   3.4784050e-01   5.7356354e+00
   5.3795025e-01   2.8848622e-01
   5.7635487e+00   2.2826845e-01
   1.2426472e+01   2.1726712e-01
   4.4643308e+00   2.4195673e-01
   4.0974842e+00   2.4521374e-01
   5.2489511e+00   2.3256644e-01
   3.6322241e-01   3.6857544e+00
   3.7250284e+00   2.6036002e-01
   5.3638706e-01   3.3420668e-01
   3.4981279e-01   5.5776812e+00
   5.4646604e-01   2.6605315e-01
   4.4769265e-01   2.0936006e+00
   8.4108365e+00   2.1755465e-01
   3.8166039e-01   3.1553485e+00
   3.5599125e-01   4.1284564e+00
   5.2811102e+00   2.3131097e-01
   3.8820617e-01   3.1502228e+00
   7.4294366e-01   2.6327360e-01
   3.5614442e-01   4.1271991e+00
   5.0105462e+00   2.4032736e-01
   3.7279864e-01   3.3027432e+00
   3.5098807e-01   4.6319267e+00
   5.2920161e-01   2.9270829e-01
   5.2289570e-01   3.9188986e-01
   3.9057085e-01   3.1073674e+00
   5.3244085e-01   2.7633464e-01
   3.0222501e-01   4.0032382e+00
   3.0963301e-01   3.9752476e+00
   3.0968239e-01   3.9644925e+00
   5.4077092e-01   2.6630420e-01
   3.6084594e+00   2.3664485e-01
   4.0949008e-01   2.5768268e+00
   5.0203730e+00   1.9756806e-01
   5.4733054e-01   2.6131247e-01
   5.3322380e-01   2.7531836e-01
   5.2556586e-01   3.0730906e-01
   5.2607067e-01   2.9543682e-01
   7.0885559e-01   2.5180697e-01
   6.1030119e-01   2.5465381e-01
   5.3711410e-01   2.7148432e-01
   5.2513187e-01   3.4037464e-01
   4.1748825e-01   2.1056329e+00
   5.3464431e-01   2.7283964e-01
   5.6500802e-01   2.6096097e-01
   5.3264724e-01   2.7631067e-01
   5.3092693e-01   2.7774301e-01
   5.2256896e-01   7.4590387e-01
   3.5714614e-01   3.1568771e+00
   5.4311552e-01   2.6463974e-01
   3.4181015e-01   3.2867551e+00
   5.3586084e-01   2.7029645e-01
   3.4687016e-01   3.1978523e+00
   3.8210929e+00   2.3448586e-01
   3.4243142e-01   3.2253587e+00
   3.3012817e-01   3.6089274e+00
   3.5993013e+00   2.3666952e-01
   2.2076967e+00   2.5122596e-01
   4.6532937e+00   2.1713314e-01
   5.3892986e-01   2.6892255e-01
   5.3498249e-01   2.7282992e-01
   3.4980663e-01   3.1835943e+00
   5.4093346e-01   2.6528011e-01
   5.3008739e-01   2.8822984e-01
   3.6457125e-01   3.1525805e+00
   5.2253072e-01   1.9968767e+00
   3.4022268e-01   3.2916099e+00
   4.7870321e+00   2.1053295e-01
   4.2737672e-01   2.0783747e+00
   4.7989416e+00   2.0232064e-01
   5.3716776e-01   2.6962650e-01
   3.7656272e-01   3.1112218e+00
   3.7641247e-01   3.1120173e+00
   5.4006370e-01   2.6715926e-01
   5.3897997e-01   2.6733342e-01
   4.1711405e-01   2.2272590e+00
   4.2316865e-01   2.0808382e+00
   3.2274697e-01   3.6671705e+00
   4.8142179e+00   1.9836913e-01
   2.8505991e-01   6.1863770e+00
   3.4007024e-01   3.3242644e+00
   2.9889169e-01   4.0165602e+00
   5.3538230e-01   2.7177866e-01
   3.4445752e-01   3.2049278e+00
   3.4280361e+00   2.4988045e-01
   3.6754705e-01   3.1225564e+00
   5.4318966e-01   2.6419096e-01
   2.9102235e-01   4.1215252e+00
   5.4634994e-01   2.6365102e-01
   4.3050430e-01   2.0770474e+00
   3.8076104e-01   3.1082507e+00
   5.3007462e-01   2.8916052e-01
   6.5057009e+00   1.9190348e-01
   5.3513869e-01   2.7253791e-01
   3.7281400e-01   3.1140097e+00
   3.6831211e-01   3.1205598e+00
   3.6817595e-01   3.1216998e+00
   3.6543923e-01   3.1243796e+00
   3.2020952e-01   3.9500097e+00
   3.5141510e-01   3.1714560e+00
   4.6575915e+00   2.1282102e-01
   2.8520142e-01   4.2262737e+00
   5.3460330e-01   2.7439141e-01
   5.4072451e-01   2.6683428e-01
   4.3251501e-01   2.0727940e+00
   3.3152622e-01   3.3736815e+00
   5.7440727e-01   2.5849276e-01
   4.1786169e-01   2.0881902e+00
   4.3121950e-01   2.0753884e+00
   4.5019534e+00   2.2985927e-01
   6.3561481e+00   1.9336755e-01
   5.3185342e-01   2.7753513e-01
   5.3884343e-01   2.6930244e-01
   3.4992319e-01   3.1731362e+00
   4.5022711e+00   2.1813990e-01
   3.4913109e-01   3.1826251e+00
   5.4521014e-01   2.6419058e-01
   3.7220735e-01   3.1200647e+00
   4.1498469e-01   2.4981772e+00
   4.2409228e-01   2.0801799e+00
   5.6301587e-01   2.6098781e-01
   5.0918242e+00   1.9408724e-01
   3.5829918e+00   2.3824195e-01
   3.8723181e-01   2.1542527e+00
   4.4017101e-01   2.0668459e+00
   5.1224201e-01   2.9386863e-01
   5.5738193e-01   2.5762473e-01
   4.3008783e-01   2.0752596e+00
   4.1547214e-01   2.0883805e+00
   2.9248797e-01   4.0030453e+00
   3.0915700e-01   3.5042910e+00
   4.4945289e+00   2.1397284e-01
   4.0131900e+00   2.1957964e-01
   3.6029603e-01   2.5516368e+00
   5.4733054e-01   2.6131247e-01
   5.3041473e+00   1.8725201e-01
   2.7010640e-01   4.2198297e+00
   1.6989611e+01   1.7311480e-01
   3.0856976e-01   3.6511431e+00
   3.1012567e-01   3.4996682e+00
   8.8628198e+00   1.7357571e-01
   2.7389815e-01   4.1441095e+00
   5.4009068e-01   2.6618533e-01
   2.5290282e+00   2.2416243e-01
   2.6158027e-01   5.6801758e+00
   5.2731353e-01   2.7610625e-01
   6.2240394e-01   2.4915802e-01
   1.3131541e+00   2.4180947e-01
   5.2671958e-01   2.7842371e-01
   3.1921300e-01   3.2968582e+00
   1.2071703e+00   2.4491621e-01
   2.2600500e+00   2.2705385e-01
   2.5126330e-01   1.5488400e+01
   5.4600840e-01   2.6346896e-01
   3.4991158e-01   2.7279462e+00
   3.5630169e-01   2.6737792e+00
   3.4573783e-01   3.0055029e+00
   5.3227822e-01   2.7411490e-01
   3.4242612e-01   3.1646961e+00
   2.6638321e-01   4.2495901e+00
   5.7983873e-01   2.5065732e-01
   2.6308246e-01   5.0623967e+00
   3.6427941e-01   2.4465796e+00
   5.0508411e+00   1.8868647e-01
   5.4982574e-01   2.5926641e-01
   4.6615174e+00   1.9104380e-01
   3.3603154e-01   3.1963489e+00
   2.2000710e+00   2.3200195e-01
   3.3674953e-01   3.1772376e+00
   4.5738603e+00   1.9730591e-01
   3.2891593e-01   3.2672870e+00
   4.0625324e-01   2.1116025e+00
   4.1981844e-01   2.0848013e+00
   5.1216226e-01   3.3554363e-01
   7.9820885e+00   1.7945546e-01
   5.3897997e-01   2.6733342e-01
   5.4230887e-01   2.6464895e-01
   4.3530392e-01   2.0717600e+00
   2.6410824e-01   4.4423463e+00
   2.5378464e-01   7.6223150e+00
   5.1742312e-01   2.8526585e-01
   3.7136893e-01   2.4133380e+00
   5.3510517e-01   2.6922720e-01
   4.7674290e+00   1.9029473e-01
   7.3195529e+00   1.8083108e-01
   9.3333175e-01   2.4641114e-01
   3.1367842e-01   3.4794790e+00
   5.2333415e-01   2.7874483e-01
   2.0304888e+00   2.3665978e-01
   1.7704558e+00   2.3772470e-01
   4.1033519e-01   2.1017424e+00
   3.5958225e-01   2.5849603e+00
   5.3761175e-01   2.6843430e-01
   3.4401196e-01   3.1494844e+00
   5.4217877e-01   2.6543606e-01
   8.1233935e+00   1.7695225e-01
   2.6757347e-01   4.2424194e+00
   4.5054415e+00   2.0725919e-01
   5.4504881e-01   2.6416636e-01
   2.7528113e-01   4.1199320e+00
   4.1699325e-01   2.0882307e+00
   8.8618066e+00   1.7673441e-01
   3.1995865e-01   3.2755136e+00
   5.3424782e-01   2.7055949e-01
   4.3251501e-01   2.0727940e+00
   5.4109398e-01   2.6607107e-01
   5.4801107e-01   2.6104101e-01
   4.1786169e-01   2.0881902e+00
   2.8457633e-01   4.0211903e+00
   5.2925302e-01   2.7487375e-01
   2.5561386e-01   5.7173731e+00
   4.0922910e-01   2.1019592e+00
   2.8245405e-01   4.0240792e+00
   4.1166706e-01   2.0992559e+00
   5.3409238e-01   2.7135698e-01
   3.0694367e-01   3.7441801e+00
   3.4033310e-01   3.1679183e+00
   2.7692081e-01   4.0549798e+00
   5.9084162e+00   1.8168945e-01
   4.2409228e-01   2.0801799e+00
   5.4001587e-01   2.6716818e-01
   5.4337372e-01   2.6454786e-01
   4.0645143e-01   2.1028894e+00
   3.8723181e-01   2.1542527e+00
   5.3120070e-01   2.7387712e-01
   5.9806803e-01   2.4231374e-01
   5.5509451e-01   2.5638716e-01
   3.3588373e-01   2.9428007e+00
   4.1547214e-01   2.0883805e+00
   2.5486809e-01   4.7501355e+00
   5.6134265e-01   2.5385872e-01
   5.0938923e-01   2.9129415e-01
   5.4036456e-01   2.6617368e-01
   5.4733054e-01   2.6131247e-01
   5.8217680e-01   2.4670986e-01
   4.2405131e-01   1.3924121e+00
   5.3880567e-01   2.6729642e-01
   3.1998472e-01   3.2077701e+00
   5.1841937e-01   2.8221418e-01
   5.3272049e-01   2.7134558e-01
   3.3217946e-01   3.1824981e+00
   5.3617345e-01   2.6873914e-01
   5.2153053e-01   2.8057779e-01
   5.4428877e-01   2.6332463e-01
   4.2203451e-01   1.8346754e+00
   3.1571415e-01   3.2150605e+00
   2.3720036e-01   1.0476566e+01
   5.0601508e-01   3.0583388e-01
   6.0150944e-01   2.3607647e-01
   2.8757165e-01   3.7812784e+00
   2.9936091e-01   3.4540405e+00
   5.5437787e-01   2.5725762e-01
   8.2235416e+00   1.4671305e-01
   5.2870265e-01   2.7447714e-01
   5.2704350e-01   2.7588288e-01
   2.9956262e-01   3.4293276e+00
   5.7199309e-01   2.4872135e-01
   3.0472642e-01   3.2445084e+00
   2.6184781e-01   4.4230191e+00
   2.8178696e-01   3.8400739e+00
   3.4590102e-01   2.4255431e+00
   4.5164995e-01   1.2959581e+00
   1.1369971e+00   2.1620897e-01
   5.4982574e-01   2.5926641e-01
   4.0579999e-01   2.0979398e+00
   2.6415441e-01   4.1758166e+00
   5.6635988e-01   2.5207000e-01
   5.5746940e-01   2.5514812e-01
   5.6795128e-01   2.5045790e-01
   5.4856874e-01   2.6035707e-01
   5.0329497e+00   1.8466318e-01
   2.2785997e-01   1.0923140e+01
   2.4153896e-01   8.8332520e+00
   2.5044274e-01   5.2812852e+00
   2.5713861e-01   4.4836392e+00
   5.4230887e-01   2.6464895e-01
   5.6256882e-01   2.5232842e-01
   2.4359009e-01   5.9471734e+00
   5.8139771e-01   2.4695769e-01
   5.1742312e-01   2.8526585e-01
   3.7136893e-01   2.4133380e+00
   6.8948813e-01   2.2206675e-01
   4.8367681e-01   3.4425300e-01
   2.5441428e-01   5.0545277e+00
   4.0939747e-01   2.0913491e+00
   1.0850625e+01   1.4576618e-01
   5.2333415e-01   2.7874483e-01
   5.7261413e-01   2.4871951e-01
   4.5622944e+00   1.9311016e-01
   2.6589306e-01   4.0571333e+00
   5.3969814e+00   1.4893538e-01
   5.2486585e-01   2.7755416e-01
   5.1232547e-01   2.8739762e-01
   5.9953261e-01   2.3643118e-01
   2.7146708e-01   3.9890167e+00
   3.4035425e-01   2.6817777e+00
   4.3167648e+00   2.0743579e-01
   4.5054415e+00   2.0725919e-01
   4.0474219e-01   2.1087568e+00
   2.6420854e-01   4.0820505e+00
   2.4278813e-01   7.5460220e+00
   6.3847748e-01   2.3300063e-01
   4.5798023e+00   1.8651660e-01
   5.3424782e-01   2.7055949e-01
   3.4163537e-01   2.6698381e+00
   5.0839556e-01   2.9654864e-01
   4.0308034e-01   2.1321054e+00
   1.9779495e+00   2.1305042e-01
   5.8671796e+00   1.4741382e-01
   4.1620249e-01   1.8721811e+00
   5.3424082e-01   2.7095936e-01
   4.8459970e+00   1.8555537e-01
   3.1206102e-01   3.2294916e+00
   8.1987305e-01   2.2043304e-01
   3.0089165e-01   3.2801276e+00
   5.0829356e-01   3.0496917e-01
   5.6542404e-01   2.5222718e-01
   3.4048437e-01   2.6736152e+00
   7.6772431e-01   2.2052011e-01
   6.1725958e-01   2.3441845e-01
   3.0697420e-01   3.2392804e+00
   5.2683636e-01   2.7732204e-01
   1.6194164e+00   2.1533815e-01
   3.8723181e-01   2.1542527e+00
   5.4209794e-01   2.6446172e-01
   5.7264390e-01   2.4591116e-01
   3.8944734e-01   1.9810984e+00
   4.8902878e-01   3.1024954e-01
   2.7824300e-01   3.8030060e+00
   4.8627570e-01   3.1128907e-01
   7.1991863e-01   2.1474740e-01
   3.4324334e-01   2.4296097e+00
   3.9480724e-01   1.7133286e+00
   4.6625071e+00   1.8464158e-01
   2.4992368e-01   4.2852603e+00
   8.9037072e+00   1.4159674e-01
   4.9910312e-01   3.0022111e-01
   2.2401928e-01   6.1239535e+00
   6.1122874e-01   2.2793181e-01
   4.8396447e-01   3.2297479e-01
   5.3272049e-01   2.7134558e-01
   5.2972518e-01   2.7322581e-01
   1.7900100e+00   2.0858298e-01
   1.3220252e+00   2.0982184e-01
   5.4428877e-01   2.6332463e-01
   5.1380972e-01   2.8627352e-01
   5.0489918e-01   2.9235471e-01
   2.8639726e-01   3.7584576e+00
   5.5075045e-01   2.5908997e-01
   5.6960923e-01   2.4653852e-01
   6.8198281e-01   2.1544888e-01
   5.0873661e-01   2.8878804e-01
   5.4633366e-01   2.6174103e-01
   2.9897925e-01   3.2723120e+00
   6.0532297e-01   2.3053685e-01
   4.0320376e-01   1.1341409e+00
   2.8018965e-01   3.7878684e+00
   2.2695599e-01   5.8910062e+00
   4.8163310e-01   3.2891763e-01
   5.9281667e-01   2.3557966e-01
   5.2666342e-01   2.7587286e-01
   3.4590102e-01   2.4255431e+00
   5.6418809e-01   2.4951812e-01
   2.5486197e+00   2.0756949e-01
   2.3071004e-01   5.3202333e+00
   5.1827237e-01   2.8109692e-01
   3.3768044e-01   2.5016186e+00
   2.6380244e-01   4.0997080e+00
   5.5746940e-01   2.5514812e-01
   5.2119446e-01   2.7919095e-01
   7.8077039e-01   2.1051754e-01
   3.0323578e-01   2.9887749e+00
   5.4033499e-01   2.6597568e-01
   5.0084646e-01   2.9893486e-01
   6.6609195e-01   2.1964317e-01
   5.3591046e-01   2.6886442e-01
   1.2697614e+00   2.1039931e-01
   4.3454565e+00   2.0261517e-01
   3.1670725e-01   2.7511401e+00
   4.9535399e-01   3.0499099e-01
   5.5946768e-01   2.5304610e-01
   3.7136893e-01   2.4133380e+00
   4.1330132e-01   1.1293202e+00
   5.8232940e-01   2.4007995e-01
   3.4073181e-01   2.4409175e+00
   6.2575113e-01   2.2443685e-01
   5.0317226e-01   2.9409744e-01
   5.7817841e-01   2.4122029e-01
   5.0239323e-01   2.9694640e-01
   4.5622944e+00   1.9311016e-01
   2.6589306e-01   4.0571333e+00
   4.1418306e-01   1.1138334e+00
   5.2486585e-01   2.7755416e-01
   2.7181537e-01   3.9853021e+00
   5.6130431e-01   2.5226306e-01
   6.0200258e-01   2.3189309e-01
   5.6819498e-01   2.4717352e-01
   5.5427615e-01   2.5601581e-01
   4.7412719e-01   3.3095063e-01
   5.1039042e-01   2.8790291e-01
   4.5119997e-01   1.1087092e+00
   5.3771376e-01   2.6740480e-01
   4.0175955e-01   1.1434494e+00
   6.5145743e-01   2.2153845e-01
   4.9806173e+00   1.5396824e-01
   5.1372219e+00   1.4209525e-01
   3.1635052e-01   2.7525462e+00
   4.5701596e+00   1.8983606e-01
   5.3393124e-01   2.6971695e-01
   5.1592462e-01   2.8358083e-01
   2.4328496e-01   5.0513862e+00
   5.0567649e-01   2.9141338e-01
   5.8900304e-01   2.3828352e-01
   2.6185892e-01   4.1486622e+00
   6.6871774e-01   2.1853055e-01
   5.4819181e-01   2.6036617e-01
   6.1872697e-01   2.2613776e-01
   3.9906114e-01   1.2964740e+00
   5.5286306e-01   2.5762918e-01
   3.9566145e+00   2.0358471e-01
   2.4760965e-01   4.6291046e+00
   5.2816509e-01   2.7420280e-01
   5.9087702e-01   2.3696976e-01
   4.8739235e-01   3.0557409e-01
   5.4209794e-01   2.6446172e-01
   5.6681186e+00   1.3922378e-01
   3.0964982e-01   2.7242175e+00
   2.1699651e-01   5.6839208e+00
   3.0459505e-01   2.7776905e+00
   3.3865213e-01   2.4395074e+00
   3.3689090e-01   2.5259710e+00
   8.2926964e-01   2.0457328e-01
   5.2503510e-01   2.7603689e-01
   4.0700524e-01   1.1228632e+00
   2.4992368e-01   4.2852603e+00
   5.2767260e-01   2.7407871e-01
   5.1653832e-01   2.8221582e-01
   4.5889476e-01   4.0347322e-01
   5.7217264e-01   2.4525267e-01
   3.2762585e+00   1.8856105e-01
   4.6385938e-01   3.7386916e-01
   2.2451628e-01   5.1012851e+00
   5.6082302e-01   2.5209536e-01
   5.4428877e-01   2.6332463e-01
   5.0617093e-01   2.9003576e-01
   2.2382120e+00   1.9653496e-01
   2.8639726e-01   3.7584576e+00
   5.3229928e-01   2.7129036e-01
   2.9908679e-01   3.1718968e+00
   7.4208728e-01   2.0542925e-01
   3.4342761e-01   2.4221567e+00
   2.2567464e-01   5.0434818e+00
   5.2934204e-01   2.7297563e-01
   5.1047566e-01   2.8663412e-01
   4.0031622e-01   1.1545640e+00
   4.9835356e-01   2.9611230e-01
   6.1852989e-01   2.1739062e-01
   4.0902020e-01   1.1142704e+00
   5.9734296e-01   2.2999943e-01
   4.1450554e-01   1.1043946e+00
   5.8416855e-01   2.3862034e-01
   2.2110385e-01   5.6113089e+00
   5.0894216e-01   2.8851326e-01
   5.9312802e-01   2.3368054e-01
   5.1827237e-01   2.8109692e-01
   7.1761607e-01   2.0562626e-01
   2.6380244e-01   4.0997080e+00
   5.6948082e-01   2.4647637e-01
   2.9818325e-01   3.3279036e+00
   5.2214306e-01   2.7874538e-01
   3.0323578e-01   2.9887749e+00
   5.8073928e-01   2.3958142e-01
   3.8103342e-01   2.2299218e+00
   5.9985284e-01   2.2809630e-01
   4.9224504e-01   2.9949041e-01
   6.6081862e-01   2.1274926e-01
   5.0486535e-01   2.9125024e-01
   5.5908021e-01   2.5329247e-01
   3.9197237e-01   1.2107378e+00
   2.6692934e-01   3.8250775e+00
   3.7136893e-01   2.4133380e+00
   4.0147874e-01   1.1338520e+00
   5.4608370e-01   2.6165580e-01
   4.9604389e-01   2.9739346e-01
   5.1282440e+00   1.4148614e-01
   6.8664225e-01   2.0967280e-01
   5.7817841e-01   2.4122029e-01
   5.5683065e-01   2.5501009e-01
   5.3956733e-01   2.6592805e-01
   5.6766432e-01   2.4774490e-01
   2.4258743e-01   4.4010746e+00
   2.7377331e-01   3.7711404e+00
   4.1602393e+00   1.8342301e-01
   4.8892060e-01   3.0266094e-01
   5.8712450e-01   2.3493820e-01
   4.8106426e-01   3.0941202e-01
   3.1621621e+00   1.9067923e-01
   5.5427615e-01   2.5601581e-01
   3.4844247e-01   2.4179540e+00
   4.6414639e-01   3.2776180e-01
   5.5001807e-01   2.5895429e-01
   5.3771376e-01   2.6740480e-01
   2.9549798e-01   3.5469215e+00
   1.5551501e+00   1.9966500e-01
   4.9806173e+00   1.5396824e-01
   2.4876027e+00   1.9629794e-01
   5.2008352e-01   2.7946346e-01
   3.4771085e+00   1.8394956e-01
   5.3393124e-01   2.6971695e-01
   5.8941410e-01   2.3425144e-01
   3.8505789e-01   1.3476793e+00
   6.0877612e-01   2.2551712e-01
   5.6445054e-01   2.4941864e-01
   2.6185892e-01   4.1486622e+00
   4.7614344e-01   3.1497904e-01
   5.4819181e-01   2.6036617e-01
   2.3567939e-01   4.9806732e+00
   6.4881476e-01   2.1352033e-01
   3.0686918e-01   2.7548365e+00
   4.5445512e+00   1.8111032e-01
   5.0173341e-01   2.9301856e-01
   5.5224761e-01   2.5751124e-01
   5.3565740e-01   2.6879539e-01
   3.3515603e-01   2.4418969e+00
   5.4209794e-01   2.6446172e-01
   5.6681186e+00   1.3922378e-01
   3.0964982e-01   2.7242175e+00
   2.1699651e-01   5.6839208e+00
   4.6876990e-01   3.2272653e-01
   6.3808940e-01   2.1377950e-01
   1.7932811e+00   1.8409425e-01
   2.4182698e-01   4.4005315e+00
   5.0561829e-01   2.8990465e-01
   5.1386239e-01   2.8366779e-01
   2.4992368e-01   4.2852603e+00
   3.8142659e-01   1.3175948e+00
   5.0068567e-01   2.9332360e-01
   4.0293999e-01   1.1212565e+00
   5.5655303e-01   2.5458360e-01
   5.7217264e-01   2.4525267e-01
   5.2358133e-01   2.7732157e-01
   2.5524163e+00   1.8115432e-01
   9.2699635e+00   1.3767215e-01
   5.6082302e-01   2.5209536e-01
   1.3773229e+00   1.8677098e-01
   1.9389143e+00   1.8161125e-01
   2.8819736e-01   3.2757803e+00
   3.6578157e-01   2.4112232e+00
   3.1353868e-01   2.7044902e+00
   4.5678643e-01   3.4460041e-01
   4.2111398e-01   1.1016961e+00
   6.3501251e-01   2.1443987e-01
   4.9366025e+00   1.4081436e-01
   2.9256442e-01   3.1431500e+00
   2.2339273e-01   4.5064888e+00
   2.1709565e-01   4.6821882e+00
   4.8414198e-01   3.0510285e-01
   6.1852989e-01   2.1739062e-01
   4.0902020e-01   1.1142704e+00
   4.1450554e-01   1.1043946e+00
   4.8712281e-01   3.0245609e-01
   5.2762132e-01   2.7379510e-01
   2.6049463e-01   4.1963052e+00
   3.8862270e-01   1.2584235e+00
   4.9175667e-01   2.9926240e-01
   4.5616550e-01   4.0520210e-01
   2.6380244e-01   4.0997080e+00
   5.6948082e-01   2.4647637e-01
   2.8740751e-01   3.3597840e+00
   1.1952438e+00   1.9453587e-01
   4.9012342e+00   1.6030507e-01
   5.8073928e-01   2.3958142e-01
   4.5664200e-01   3.4911663e-01
   4.7596354e-01   3.1158643e-01
   3.8055515e-01   1.7879243e+00
   1.8365078e+00   1.8291066e-01
   4.5061328e-01   7.7586357e-01
   3.0181068e-01   2.7554472e+00
   3.9197237e-01   1.2107378e+00
   2.6692934e-01   3.8250775e+00
   5.7637245e-01   2.4239865e-01
   2.8925027e-01   3.2107799e+00
   3.4233081e-01   2.4256653e+00
   5.8374277e-01   2.3831091e-01
   5.0817161e-01   2.8791767e-01
   4.6105157e-01   3.3597292e-01
   7.9707712e-01   2.0286877e-01
   1.4059183e+01   1.3611293e-01
   5.3956733e-01   2.6592805e-01
   6.0618664e-01   2.2457551e-01
   4.8230669e-01   3.0617521e-01
   2.7377331e-01   3.7711404e+00
   3.8560127e-01   1.2608873e+00
   6.5546389e-01   2.0685053e-01
   5.8712450e-01   2.3493820e-01
   3.7426632e+00   1.7858775e-01
   5.3355553e-01   2.7011612e-01
   5.5427615e-01   2.5601581e-01
   3.4844247e-01   2.4179540e+00
   4.6414639e-01   3.2776180e-01
   4.5305452e-01   7.1591139e-01
   1.5706993e+00   1.8605824e-01
   4.7418241e-01   3.1282087e-01
   4.5821874e-01   3.3920084e-01
   5.5198701e-01   2.5743029e-01
   4.9445432e-01   2.9709381e-01
   5.9544353e-01   2.2964500e-01
   3.0329412e-01   2.7402530e+00
   3.5220429e-01   2.4151727e+00
   5.9858912e-01   2.2847447e-01
   4.0008138e-01   1.1338186e+00
   2.8551029e-01   3.6291076e+00
   5.6445054e-01   2.4941864e-01
   6.9998980e-01   2.0438593e-01
   3.8338025e-01   1.3089140e+00
   5.4819181e-01   2.6036617e-01
   5.2012424e-01   2.7928508e-01
   2.7793916e+00   1.8036570e-01
   5.4606872e-01   2.6168926e-01
   4.9821972e-01   2.9558299e-01
   6.0399088e-01   2.2559154e-01
   3.9656554e-01   1.1479340e+00
   5.3565740e-01   2.6879539e-01
   3.3515603e-01   2.4418969e+00
   5.4209794e-01   2.6446172e-01
   5.0138043e-01   2.9258719e-01
   4.8809253e+00   1.4472965e-01
   4.6543100e-01   3.2095058e-01
   6.3808940e-01   2.1377950e-01
   4.1583288e-01   8.6917503e-01
   2.4182698e-01   4.4005315e+00
   5.0561829e-01   2.8990465e-01
   5.1386239e-01   2.8366779e-01
   2.8715882e-01   3.4614064e+00
   6.0198884e-01   2.2624085e-01
   4.5831976e-01   3.2787220e-01
   4.3495021e-01   8.6459549e-01
   5.5655303e-01   2.5458360e-01
   2.4562242e-01   4.1635703e+00
   5.2716240e-01   2.7559110e-01
   6.7580180e-01   2.0651965e-01
   2.8776926e-01   3.2493160e+00
   5.8708537e-01   2.3495845e-01
   1.3773229e+00   1.8677098e-01
   1.9389143e+00   1.8161125e-01
   5.7434167e-01   2.4378170e-01
   4.9087260e+00   1.4068755e-01
   3.1353868e-01   2.7044902e+00
   4.5473751e-01   3.3301919e-01
   7.6057204e-01   2.1068804e-01
   2.5706705e-01   4.0884676e+00
   2.9137163e-01   2.9229343e+00
   3.7563684e-01   1.8584406e+00
   2.2339273e-01   4.5064888e+00
   3.8209752e-01   1.2265173e+00
   6.3209067e-01   2.1530379e-01
   6.1852989e-01   2.1739062e-01
   4.0902020e-01   1.1142704e+00
   4.9157295e-01   2.9925994e-01
   4.1450554e-01   1.1043946e+00
   4.8712281e-01   3.0245609e-01
   5.2762132e-01   2.7379510e-01
   4.1281848e-01   1.1050877e+00
   3.7783293e-01   1.2115237e+00
   5.7176838e-01   2.4493305e-01
   2.4311077e-01   4.1693132e+00
   5.5409865e-01   2.5695382e-01
   5.6948082e-01   2.4647637e-01
   8.7425003e-01   1.9565791e-01
   9.4808097e-01   1.8757507e-01
   4.6218664e-01   3.5797417e-01
   2.1507388e-01   6.2741156e+00
   2.5569916e+00   1.7951668e-01
   3.9584209e-01   1.1467668e+00
   6.9959590e-01   2.0081505e-01
   1.8365078e+00   1.8291066e-01
   5.8000032e-01   2.3943904e-01
   5.1611049e+00   1.3535885e-01
   4.7541518e-01   3.1166631e-01
   2.6692934e-01   3.8250775e+00
   3.4623567e-01   1.9747264e+00
   2.8925027e-01   3.2107799e+00
   3.4233081e-01   2.4256653e+00
   1.5370808e+00   1.8343828e-01
   5.0817161e-01   2.8791767e-01
   3.8309901e-01   1.2008272e+00
   3.0420505e-01   2.7291312e+00
   3.7774239e-01   1.8166897e+00
   5.3956733e-01   2.6592805e-01
   6.8879387e+00   1.3455521e-01
   4.8230669e-01   3.0617521e-01
   2.7377331e-01   3.7711404e+00
   5.7632167e-01   2.4166659e-01
   6.5546389e-01   2.0685053e-01
   6.8903951e-01   2.0423810e-01
   5.6035218e-01   2.5224160e-01
   5.3355553e-01   2.7011612e-01
   5.5427615e-01   2.5601581e-01
   5.8245876e-01   2.3782903e-01
   4.4911632e-01   4.4352947e-01
   6.0619138e-01   2.2357743e-01
   5.5193634e-01   2.5733608e-01
   4.7418241e-01   3.1282087e-01
   3.7411692e+00   1.7788059e-01
   4.9830674e-01   2.9532224e-01
   4.9445432e-01   2.9709381e-01
   5.9544353e-01   2.2964500e-01
   5.2290924e-01   2.7745068e-01
   2.1682741e-01   4.5727698e+00
   5.9858912e-01   2.2847447e-01
   4.0008138e-01   1.1338186e+00
   2.8551029e-01   3.6291076e+00
   5.6445054e-01   2.4941864e-01
   3.0142748e-01   2.7458168e+00
   4.4928191e-01   3.6710593e-01
   5.4819181e-01   2.6036617e-01
   5.2012424e-01   2.7928508e-01
   4.0198500e-01   1.1223043e+00
   5.4606872e-01   2.6168926e-01
   4.4552633e-01   8.5530745e-01
   3.5531025e-01   1.9499189e+00
   2.1862253e-01   4.5236867e+00
   5.3565740e-01   2.6879539e-01
   2.6067365e+01   3.1911867e+01
   2.7662733e+01   2.0554551e+01
   2.4831680e+01   2.6943835e+01
   3.3674663e+01   2.2837044e+01
   1.9167692e+01   1.3507273e+01
   2.1396205e+01   2.3342866e+01
   1.1758844e+01   1.3869919e+01
   2.3351914e+01   1.9835037e+01
   1.3909989e+01   1.8052116e+01
   1.8662140e+01   2.3901698e+01
   3.1817748e+01   3.3325481e+01
   3.0776443e+01   2.6437915e+01
   2.6818076e+01   2.5690192e+01
   2.8209702e+01   2.5423733e+01
   2.1925838e+01   1.5624614e+01
   1.9729124e+01   1.5768607e+01
   2.5226017e+01   1.7362441e+01
   2.8971988e+01   3.6861445e+01
   1.3912797e+01   1.3459134e+01
   1.7764092e+01   1.7965766e+01
   3.0094387e+01   4.0161319e+01
   1.8415502e+01   1.5703288e+01
   2.6900095e+01   3.7205275e+01
   2.3142766e+01   2.0932819e+01
   2.8224462e+01   2.0057126e+01
   2.3638582e+01   1.3614634e+01
   2.0120143e+01   1.5527734e+01
   2.0591746e+01   1.7102204e+01
   3.1269221e+01   2.3219450e+01
   1.8597829e+01   1.3312177e+01
   1.2894809e+01   1.3362391e+01
   4.6265324e+01   1.8812918e+01
   1.3216354e+01   1.3324031e+01
   2.4653429e+01   1.9678613e+01
   2.0332515e+01   1.3143363e+01
   2.0028922e+01   1.9691386e+01
   1.6305610e+01   1.4059330e+01
   2.9542001e+01   3.1395535e+01
   2.9386859e+01   2.3999872e+01
   2.3140540e+01   2.2292863e+01
   1.4086894e+01   1.2330816e+01
   2.4827982e+01   1.8875664e+01
   3.5689834e+01   4.0532443e+01
   1.3150747e+01   1.3184353e+01
   1.7626421e+01   2.4885578e+01
   4.7662647e+01   3.2675172e+01
   1.4662089e+01   1.6818450e+01
   1.5008569e+01   1.5081396e+01
   2.4164380e+01   2.0424040e+01
   1.4619843e+01   1.5134643e+01
   3.3089583e+01   3.9285293e+01
   1.3325593e+01   1.5283525e+01
   2.1588835e+01   2.9199610e+01
   1.3722196e+01   1.3959482e+01
   1.6146416e+01   1.1532074e+01
   1.7511043e+01   1.6404086e+01
   2.1375894e+01   1.6893892e+01
   1.9940859e+01   1.3226948e+01
   2.1294918e+01   1.6096078e+01
   1.7035016e+01   1.6865775e+01
   2.6006457e+01   2.7431572e+01
   1.7785234e+01   2.5400941e+01
   2.7205286e+01   2.2076684e+01
   2.0546877e+01   1.8599077e+01
   4.5633131e+01   3.3015976e+01
   3.9220720e+01   2.7135777e+01
   1.4420648e+01   1.7191261e+01
   1.8352234e+01   2.2381111e+01
   2.5952172e+01   1.5580635e+01
   1.9644735e+01   1.4147981e+01
   1.3507460e+01   1.4475289e+01
   3.2389490e+01   2.5990068e+01
   1.8251010e+01   1.7395704e+01
   2.0484528e+01   1.5327867e+01
   3.1815226e+01   3.0665904e+01
   1.1983793e+01   1.2844475e+01
   1.6286697e+01   1.4303019e+01
   1.8119818e+01   1.7103030e+01
   2.3514428e+01   1.7965416e+01
   1.6883531e+01   1.8217861e+01
   1.7851750e+01   1.5761070e+01
   2.2153964e+01   2.4753774e+01
   3.1386000e+01   2.2280199e+01
   1.5075365e+01   1.9301116e+01
   2.1069840e+01   2.1488382e+01
   1.7308696e+01   1.1342883e+01
   1.6008473e+01   1.2999030e+01
   1.7683711e+01   1.2245711e+01
   1.5385480e+01   1.1949378e+01
   2.3238253e+01   1.6662004e+01
   1.6831585e+01   1.3572191e+01
   1.7562869e+01   1.9855342e+01
   3.8435487e+01   2.8449156e+01
   2.1251623e+01   3.5048322e+01
   1.4131588e+01   1.2323503e+01
   3.6816998e+01   2.6951790e+01
   2.0052940e+01   1.8432309e+01
   1.9615085e+01   2.1346836e+01
   2.0250414e+01   1.7139397e+01
   1.7213346e+01   1.5691180e+01
   3.0247807e+00   3.9318392e+00
   3.0244774e+00   3.9057263e+00
   3.1486875e+00   2.9701290e+00
   3.0263799e+00   3.4139723e+00
   3.0243839e+00   4.8546273e+00
   3.6602010e+00   2.0044932e+00
   3.7154262e+00   1.9935792e+00
   3.6257811e+00   2.0046335e+00
   3.0252959e+00   3.8963932e+00
   6.1928419e+00   1.9901294e+00
   3.0245698e+00   4.6734131e+00
   3.0837890e+00   3.1050175e+00
   3.0279252e+00   3.3038807e+00
   3.5792015e+00   2.2755900e+00
   3.5855634e+00   2.0408057e+00
   3.0360749e+00   3.1072990e+00
   3.0291715e+00   3.3406341e+00
   3.0251345e+00   3.8308072e+00
   3.0245169e+00   4.7248836e+00
   3.5533357e+00   2.8174966e+00
   3.7364105e+00   1.9901093e+00
   3.9202874e+00   1.9950314e+00
   3.4345986e+00   2.2418278e+00
   3.6231388e+00   2.0250384e+00
   3.0248815e+00   3.9257554e+00
   3.0276723e+00   3.3398556e+00
   3.6215580e+00   2.0399618e+00
   3.0254041e+00   3.4124843e+00
   3.0242253e+00   5.2475781e+00
   3.0442579e+00   2.8799710e+00
   3.0245233e+00   4.2785658e+00
   3.0446964e+00   3.1484065e+00
   3.0258688e+00   3.5802081e+00
   3.0248042e+00   4.1410142e+00
   3.0383620e+00   3.1094152e+00
   3.0244719e+00   3.9742347e+00
   3.0276377e+00   3.4537540e+00
   3.0291782e+00   3.4398669e+00
   3.5978165e+00   2.2420097e+00
   3.0251252e+00   3.8346567e+00
   3.6215324e+00   1.9924236e+00
   3.0472969e+00   3.0800888e+00
   3.0535095e+00   3.0049849e+00
   3.6461488e+00   2.0222489e+00
   3.0251943e+00   3.9607907e+00
   3.5868375e+00   2.2553130e+00
   6.3416871e+00   1.9919958e+00
   3.0252974e+00   3.5483031e+00
   3.6113686e+00   2.0004343e+00
   3.6150445e+00   2.0280617e+00
   3.0296423e+00   3.2891084e+00
   3.6208089e+00   2.0525380e+00
   5.6213091e+00   1.9889281e+00
   3.0246789e+00   5.0102579e+00
   3.0261543e+00   3.4952769e+00
   3.5994542e+00   2.2064504e+00
   3.0267876e+00   3.4012478e+00
   3.0350529e+00   3.1205782e+00
   3.0265972e+00   3.4786550e+00
   5.9031150e+00   1.9914706e+00
   3.0253613e+00   3.5549039e+00
   3.0361450e+00   3.2119677e+00
   3.0253011e+00   3.8925729e+00
   3.0242750e+00   4.6459379e+00
   4.6391738e+00   1.9932737e+00
   3.6895255e+00   2.0003161e+00
   3.6476083e+00   2.0004444e+00
   3.0244367e+00   4.2706793e+00
   3.6154197e+00   2.0059166e+00
   3.8949783e+00   1.9924340e+00
   3.0960446e+00   3.0058733e+00
   3.7244900e+00   1.9967430e+00
   3.5828431e+00   2.2745105e+00
   3.6278093e+00   1.9957015e+00
   3.0262445e+00   3.4801748e+00
   3.0257673e+00   3.4844067e+00
   3.0465433e+00   3.1704297e+00
   3.0251515e+00   3.5255573e+00
   3.0244730e+00   4.7320567e+00
   3.6169673e+00   2.1328856e+00
   3.0301985e+00   3.3498086e+00
   3.0274943e+00   3.4731822e+00
   3.8545108e+00   1.9939455e+00
   3.0244439e+00   4.6789084e+00
   3.8995490e+00   1.9918959e+00
   3.4795357e+00   2.2578981e+00
   3.0245770e+00   4.4281008e+00
   3.0287799e+00   3.3982789e+00
   3.5640221e+00   2.2958207e+00
   3.7115516e+00   1.9945319e+00
   3.0294663e+00   3.3140509e+00
   3.0567302e+00   3.0302941e+00
   3.0316312e+00   3.3212535e+00
   3.0246735e+00   3.8981099e+00
   3.0294741e+00   3.3916374e+00
   3.5838976e+00   2.0373600e+00
   5.2526663e+00   1.9919898e+00
   3.0261910e+00   3.4441546e+00
   3.0251211e+00   4.0478024e+00
   3.5555635e+00   2.2870249e+00
   2.7466413e+00   7.8238321e+00
   3.0265359e+00   1.9816118e+00
   2.7588774e+00   2.8949012e+00
   2.7642199e+00   2.5949843e+00
   2.7479317e+00   7.6346205e+00
   2.7793801e+00   1.9886336e+00
   2.7478751e+00   6.5672061e+00
   2.7504808e+00   4.4996455e+00
   2.7469648e+00   7.1849855e+00
   2.7706745e+00   2.2982055e+00
   2.7612465e+00   2.6416153e+00
   2.7486449e+00   6.4703985e+00
   2.7782221e+00   2.0174345e+00
   2.7489626e+00   5.4605417e+00
   2.7654248e+00   2.4587725e+00
   2.7797081e+00   1.9826966e+00
   2.7800701e+00   1.9822004e+00
   2.7682878e+00   2.2549469e+00
   2.7602395e+00   2.5801113e+00
   2.7717112e+00   2.0959059e+00
   2.7476837e+00   6.7027594e+00
   2.7796476e+00   1.9831289e+00
   2.7543259e+00   3.5453317e+00
   2.7798324e+00   1.9818861e+00
   2.7814637e+00   1.9817431e+00
   2.7497288e+00   5.1411962e+00
   2.7577888e+00   2.8632839e+00
   2.7494624e+00   6.3002334e+00
   2.7648359e+00   2.5404004e+00
   2.7700996e+00   2.1246535e+00
   2.7706003e+00   2.1057878e+00
   2.7628388e+00   2.5964192e+00
   2.7654918e+00   2.4326371e+00
   2.7763812e+00   2.0364148e+00
   2.7721284e+00   2.0989326e+00
   2.7631725e+00   2.4745491e+00
   2.7517127e+00   4.1791743e+00
   2.7642207e+00   2.5791714e+00
   2.7588975e+00   2.8892442e+00
   2.7790717e+00   2.0067679e+00
   2.7478102e+00   7.4057440e+00
   2.7774885e+00   2.0359723e+00
   2.7475443e+00   7.8989615e+00
   3.0283202e+00   1.9815843e+00
   2.7514254e+00   4.3246476e+00
   2.7700531e+00   2.3199009e+00
   2.7653001e+00   2.3385969e+00
   2.7522802e+00   4.1788736e+00
   2.7555369e+00   3.2252667e+00
   2.7542471e+00   3.3390319e+00
   2.7633402e+00   2.4412241e+00
   2.7792234e+00   1.9912288e+00
   2.7559507e+00   3.2655147e+00
   2.7593246e+00   2.6521706e+00
   2.7808941e+00   1.9816750e+00
   2.7537273e+00   3.7265881e+00
   2.7675808e+00   2.3586215e+00
   2.7734211e+00   2.1215328e+00
   2.7538665e+00   3.8293597e+00
   2.7624272e+00   2.4894068e+00
   3.0278836e+00   1.9816024e+00
   3.0264298e+00   1.9816733e+00
   2.7677564e+00   2.3611371e+00
   2.7488591e+00   6.4232080e+00
   2.7594062e+00   2.7183316e+00
   2.7557252e+00   3.3269704e+00
   2.7541668e+00   3.4384206e+00
   2.7480131e+00   6.4748258e+00
   2.7493759e+00   4.4342733e+00
   2.7514662e+00   3.9702747e+00
   2.7755177e+00   2.0491203e+00
   2.7761863e+00   2.0122642e+00
   2.7526343e+00   3.5822120e+00
   2.7800642e+00   1.9831010e+00
   2.7570404e+00   2.8725611e+00
   2.7479560e+00   6.3647680e+00
   2.7882561e+00   1.9816710e+00
   2.7721701e+00   2.0633872e+00
   2.7778817e+00   2.0050529e+00
   2.7632019e+00   2.4490314e+00
   2.7574418e+00   2.9837211e+00
   2.7814426e+00   1.9816764e+00
   2.7793796e+00   1.9912552e+00
   2.7747049e+00   2.0428324e+00
   2.7511397e+00   4.3026811e+00
   2.7783577e+00   2.0015913e+00
   2.7649261e+00   2.5167604e+00
   2.7587486e+00   2.6150998e+00
   2.7814000e+00   1.9818686e+00
   2.7786020e+00   2.0149666e+00
   3.0376396e+00   1.9815851e+00
   2.7530550e+00   3.8538061e+00
   2.7758669e+00   2.0353220e+00
   2.7803022e+00   1.9816981e+00
   2.7758853e+00   2.0445615e+00
   2.7568710e+00   2.8999338e+00
   2.7510993e+00   4.2854489e+00
   2.7497153e+00   5.8629741e+00
   2.7590483e+00   2.7948510e+00
   3.0268896e+00   1.9816062e+00
   2.4995279e+00   6.4573008e+00
   7.2148521e+00   1.9663873e+00
   6.9062919e+00   1.9671963e+00
   4.0242672e+00   1.9690302e+00
   2.4997670e+00   6.4360783e+00
   2.4994933e+00   6.4816366e+00
   2.5322920e+00   1.9820128e+00
   3.1745033e+00   1.9690907e+00
   2.5329670e+00   1.9815365e+00
   2.5034968e+00   2.2487761e+00
   6.1866701e+00   1.9678824e+00
   2.5326861e+00   1.9815726e+00
   2.5023290e+00   2.2489349e+00
   2.5324268e+00   1.9818118e+00
   2.5321909e+00   1.9854883e+00
   2.5430831e+00   1.9809147e+00
   2.5021095e+00   2.2526144e+00
   2.5015145e+00   3.3335741e+00
   2.5016713e+00   3.2624574e+00
   2.5341917e+00   1.9815097e+00
   2.5026901e+00   2.2489104e+00
   2.5011988e+00   4.9196510e+00
   2.5376645e+00   1.9811013e+00
   2.5022210e+00   2.2491579e+00
   2.5328622e+00   1.9815642e+00
   2.5019526e+00   2.2606470e+00
   2.5026793e+00   2.2489212e+00
   2.5320799e+00   2.0519774e+00
   2.5016712e+00   3.3040688e+00
   2.5012245e+00   4.8423124e+00
   2.5022631e+00   2.2491131e+00
   2.5019324e+00   2.2640548e+00
   2.5068768e+00   2.2485825e+00
   2.5593804e+00   1.9805704e+00
   3.7364310e+00   1.9690340e+00
   2.5038621e+00   2.2486587e+00
   2.6491209e+00   1.9694125e+00
   2.5018478e+00   2.4268507e+00
   2.4988696e+00   7.9235526e+00
   2.5324157e+00   1.9817422e+00
   2.5021629e+00   2.2495775e+00
   2.4993148e+00   7.4014650e+00
   4.6462045e+00   1.9682438e+00
   2.5021934e+00   2.2494230e+00
   2.5123785e+00   2.2484064e+00
   2.5024248e+00   2.2489341e+00
   2.5000131e+00   6.3253038e+00
   2.5323057e+00   1.9819812e+00
   2.5018529e+00   2.3354289e+00
   2.5020859e+00   2.2557773e+00
   2.4989665e+00   7.4580529e+00
   2.5027852e+00   2.2488958e+00
   2.5332827e+00   1.9815249e+00
   2.5010705e+00   4.9795740e+00
   2.4994107e+00   7.3780727e+00
   2.5323762e+00   1.9818848e+00
   2.5017015e+00   3.0782089e+00
   2.5022066e+00   2.2493683e+00
   2.5409731e+00   1.9810150e+00
   2.5816852e+00   1.9791833e+00
   4.6924574e+00   1.9682195e+00
   2.5021451e+00   2.2508736e+00
   2.5017434e+00   2.5180651e+00
   2.5007027e+00   5.5888208e+00
   2.5920348e+00   1.9754702e+00
   2.5035393e+00   2.2487621e+00
   2.5402771e+00   1.9810669e+00
   2.6652856e+00   1.9691522e+00
   2.5014986e+00   4.3803746e+00
   2.5018913e+00   2.3121014e+00
   2.5021660e+00   2.2494467e+00
   2.5322041e+00   1.9844395e+00
   2.5328534e+00   1.9815720e+00
   2.5324912e+00   1.9816034e+00
   2.5001751e+00   6.2529361e+00
   2.5328743e+00   1.9815444e+00
   2.5022594e+00   2.2491323e+00
   2.5009830e+00   5.4386053e+00
   2.5352213e+00   1.9814154e+00
   2.4994683e+00   7.2732592e+00
   2.5017211e+00   2.9853889e+00
   2.8827213e+00   1.9690957e+00
   3.7327161e+00   1.9690540e+00
   2.5407172e+00   1.9810508e+00
   2.6451849e+00   1.9753626e+00
   2.5022708e+00   2.2490624e+00
   2.5022916e+00   2.2489681e+00
   2.5077865e+00   2.2485811e+00
   2.5107612e+00   2.2485332e+00
   2.5326216e+00   1.9815734e+00
   2.5024372e+00   2.2489223e+00
   2.5322558e+00   1.9832509e+00
   2.5694616e+00   1.9797844e+00
   2.5016934e+00   3.1733643e+00
   2.5217560e+00   2.2483851e+00
   2.5323367e+00   1.9819676e+00
   2.5323954e+00   1.9818780e+00
   2.5017339e+00   2.5681735e+00
   2.4994218e+00   7.3448356e+00
   2.5321687e+00   1.9930390e+00
   2.4997922e+00   2.6050733e+00
   2.4961001e+00   4.8645427e+00
   2.5002656e+00   2.2942939e+00
   7.8894744e+00   1.9587124e+00
   2.5061329e+00   2.2483074e+00
   7.8006597e+00   1.9590672e+00
   8.1603371e+00   1.9585395e+00
   2.4990030e+00   4.0868586e+00
   2.4969121e+00   4.5215629e+00
   2.5002304e+00   2.3648781e+00
   2.4760649e+00   9.6192786e+00
   2.8606996e+00   1.9656948e+00
   2.4991208e+00   4.0579436e+00
   2.4772895e+00   6.1405261e+00
   2.5309812e+00   2.0258427e+00
   9.1138224e+00   1.9578285e+00
   2.5000524e+00   2.4493250e+00
   2.4767742e+00   6.7952182e+00
   8.4473178e+00   1.9579665e+00
   2.5003971e+00   2.2785214e+00
   6.2626082e+00   1.9628806e+00
   6.3055272e+00   1.9604113e+00
   2.4994308e+00   2.7281432e+00
   7.7265913e+00   1.9599550e+00
   2.4975629e+00   4.5057507e+00
   2.6158157e+00   1.9716734e+00
   2.5416256e+00   1.9808052e+00
   2.4992465e+00   3.8498681e+00
   2.5316955e+00   1.9922562e+00
   2.5005697e+00   2.2737232e+00
   2.5039486e+00   2.2485123e+00
   5.0140587e+00   1.9649437e+00
   2.5000385e+00   2.5945306e+00
   2.5323927e+00   1.9816750e+00
   5.7222848e+00   1.9636657e+00
   2.5016361e+00   2.2512446e+00
   2.5312958e+00   2.0031622e+00
   2.5322148e+00   1.9818326e+00
   2.5319543e+00   1.9892122e+00
   2.5385444e+00   1.9808838e+00
   2.6242123e+00   1.9686427e+00
   2.8002349e+00   1.9664066e+00
   2.5015927e+00   2.2513267e+00
   2.4989672e+00   4.2977796e+00
   2.5012441e+00   2.2526852e+00
   2.5324383e+00   1.9816629e+00
   2.4784344e+00   6.0489262e+00
   2.5601120e+00   1.9754262e+00
   2.5367945e+00   1.9809273e+00
   2.5320665e+00   1.9833745e+00
   2.5344806e+00   1.9812378e+00
   2.5021082e+00   2.2491534e+00
   2.5022721e+00   2.2489915e+00
   7.2011144e+00   1.9602042e+00
   2.5010809e+00   2.2595716e+00
   2.5017068e+00   2.2502448e+00
   6.2423425e+00   1.9631461e+00
   4.0965019e+00   1.9652226e+00
   2.5017861e+00   2.2502379e+00
   2.5011850e+00   2.2587002e+00
   2.4968185e+00   4.7769980e+00
   2.5008936e+00   2.2668920e+00
   2.5031736e+00   2.2486875e+00
   2.5007570e+00   2.2733628e+00
   2.5324571e+00   1.9816290e+00
   2.5319928e+00   1.9884491e+00
   2.5324176e+00   1.9816723e+00
   2.5666200e+00   1.9748734e+00
   2.5325260e+00   1.9815655e+00
   2.5425658e+00   1.9807332e+00
   2.5398944e+00   1.9808235e+00
   2.5023945e+00   2.2488993e+00
   2.5444171e+00   1.9783935e+00
   2.5324912e+00   1.9816034e+00
   2.5023026e+00   2.2489478e+00
   2.4993438e+00   3.2587964e+00
   2.6000981e+00   1.9719613e+00
   2.7979094e+00   1.9670872e+00
   2.5650948e+00   1.9753219e+00
   2.8068872e+00   1.9660139e+00
   2.6891146e+00   1.9676347e+00
   2.5043179e+00   2.2484452e+00
   2.5320025e+00   1.9883404e+00
   2.5022732e+00   2.2489515e+00
   2.4777959e+00   6.0953501e+00
   2.5023078e+00   2.2489365e+00
   2.5335449e+00   1.9813237e+00
   1.0451077e+01   1.9572250e+00
   2.5035503e+00   2.2486100e+00
   2.5018769e+00   2.2499543e+00
   2.4809444e+00   5.4172212e+00
   2.4833401e+00   5.2294575e+00
   2.6760787e+00   1.9685053e+00
   2.4785123e+00   5.4459613e+00
   6.7708069e+00   1.9603574e+00
   2.5016735e+00   2.2508629e+00
   2.5431415e+00   1.9791854e+00
   2.5892843e+00   1.9735100e+00
   2.5008687e+00   2.2694422e+00
   2.5024966e+00   2.2488965e+00
   2.4943039e+00   4.4173675e+00
   2.4987697e+00   2.3413202e+00
   2.5495304e+00   1.9783919e+00
   2.5889049e+00   1.9699510e+00
   2.4993233e+00   2.2794899e+00
   2.5021669e+00   2.2490401e+00
   2.5313883e+00   1.9911390e+00
   2.4965920e+00   2.5622594e+00
   7.8623849e+00   1.9564155e+00
   2.5305708e+00   2.0133536e+00
   2.7849765e+00   1.9657139e+00
   6.0209790e+00   1.9608134e+00
   2.5376935e+00   1.9810805e+00
   3.8313042e+00   1.9650602e+00
   2.4735250e+00   6.1478495e+00
   2.4734990e+00   6.2226945e+00
   2.4964894e+00   2.6414559e+00
   5.8502907e+00   1.9615528e+00
   2.4740084e+00   5.9497958e+00
   2.5007811e+00   2.2535902e+00
   2.5002862e+00   2.2566310e+00
   6.0830321e+00   1.9599919e+00
   2.4943952e+00   4.3684763e+00
   2.4961104e+00   2.6818789e+00
   2.5059249e+00   2.2482738e+00
   2.4950641e+00   3.4336483e+00
   2.4988963e+00   2.2893610e+00
   2.4996466e+00   2.2686648e+00
   2.6097102e+00   1.9685169e+00
   3.5308960e+00   1.9656250e+00
   2.4782354e+00   4.6600612e+00
   2.4998444e+00   2.2630065e+00
   2.5011671e+00   2.2518011e+00
   2.4756248e+00   4.6935736e+00
   2.5031976e+00   2.2486843e+00
   2.5019983e+00   2.2495084e+00
   2.4958088e+00   2.6982427e+00
   2.5312958e+00   2.0031622e+00
   2.5322148e+00   1.9818326e+00
   7.1587583e+00   1.9586934e+00
   3.7579682e+00   1.9655310e+00
   2.8495177e+00   1.9656306e+00
   2.6884906e+00   1.9673116e+00
   2.4746941e+00   5.0462982e+00
   2.4983720e+00   2.3966180e+00
   2.4950104e+00   4.1248675e+00
   2.5632120e+00   1.9706023e+00
   7.5354388e+00   1.9566566e+00
   2.5601120e+00   1.9754262e+00
   2.5367945e+00   1.9809273e+00
   2.5323412e+00   1.9816289e+00
   2.5027623e+00   2.2488296e+00
   2.5021082e+00   2.2491534e+00
   2.5022721e+00   2.2489915e+00
   2.4988568e+00   2.3126518e+00
   2.7783543e+00   1.9657245e+00
   2.5013642e+00   2.2513304e+00
   4.7930013e+00   1.9618176e+00
   6.6309767e+00   1.9592335e+00
   2.4951502e+00   2.7896060e+00
   2.5032183e+00   2.2485912e+00
   2.4964205e+00   2.6791752e+00
   2.5028697e+00   2.2488254e+00
   2.5031736e+00   2.2486875e+00
   2.5018307e+00   2.2498424e+00
   4.7299038e+00   1.9649399e+00
   2.5014755e+00   2.2506511e+00
   2.5035482e+00   2.2485339e+00
   2.5325260e+00   1.9815655e+00
   2.5425658e+00   1.9807332e+00
   2.5398944e+00   1.9808235e+00
   2.5023945e+00   2.2488993e+00
   2.5444171e+00   1.9783935e+00
   2.5023864e+00   2.2489092e+00
   2.5023026e+00   2.2489478e+00
   2.5358879e+00   1.9811714e+00
   2.5313254e+00   1.9987090e+00
   2.5432372e+00   1.9784425e+00
   2.5014365e+00   2.2523192e+00
   2.5334903e+00   1.9814875e+00
   2.5017678e+00   2.2499747e+00
   2.5043179e+00   2.2484452e+00
   2.4736440e+00   6.4671729e+00
   2.5022732e+00   2.2489515e+00
   2.5339351e+00   1.9812235e+00
   2.5023078e+00   2.2489365e+00
   2.5335449e+00   1.9813237e+00
   2.5319941e+00   1.9828279e+00
   5.9775872e+00   1.9608676e+00
   2.5315485e+00   1.9867531e+00
   2.5016267e+00   2.2505085e+00
   2.5030738e+00   2.2487843e+00
   2.6760787e+00   1.9685053e+00
   2.4740826e+00   5.1229898e+00
   2.4945665e+00   4.3672319e+00
   3.7728105e+00   1.9652416e+00
   2.5325590e+00   1.9815549e+00
   2.4984245e+00   2.3703250e+00
   2.5395987e+00   1.9808517e+00
   2.5024966e+00   2.2488965e+00
   3.5152931e+00   1.9648577e+00
   2.7750099e+00   1.9656317e+00
   2.7240984e+00   1.9658147e+00
   2.4664296e+00   7.4122093e+00
   6.8829091e+00   1.9560460e+00
   5.7142980e+00   1.9575962e+00
   6.3285185e+00   1.9568413e+00
   5.9416044e+00   1.9569526e+00
   2.4691865e+00   5.1281485e+00
   2.5305708e+00   2.0133536e+00
   2.4700359e+00   4.7013536e+00
   2.4744812e+00   4.4112526e+00
   5.1892041e+00   1.9608268e+00
   2.4982036e+00   2.2998282e+00
   2.4666837e+00   7.2506220e+00
   2.4685630e+00   5.4065280e+00
   2.4963756e+00   2.3809360e+00
   6.6765358e+00   1.9561466e+00
   2.5007811e+00   2.2535902e+00
   2.4846813e+00   4.2741837e+00
   2.4964321e+00   2.3621154e+00
   2.6743585e+00   1.9664987e+00
   2.4985505e+00   2.2657279e+00
   2.5059249e+00   2.2482738e+00
   2.6084378e+00   1.9681278e+00
   3.0199094e+00   1.9652222e+00
   2.5323022e+00   1.9819087e+00
   2.4670520e+00   6.7256726e+00
   2.4982195e+00   2.2702881e+00
   6.5114600e+00   1.9565461e+00
   2.4965876e+00   2.3566002e+00
   7.8282161e+00   1.9558961e+00
   5.3253769e+00   1.9607552e+00
   2.4686129e+00   5.3588880e+00
   2.4782393e+00   4.4035169e+00
   2.4915620e+00   3.0273848e+00
   2.5312958e+00   2.0031622e+00
   2.4809664e+00   4.3913356e+00
   2.4922839e+00   2.4385044e+00
   2.4870633e+00   4.2188932e+00
   2.8495177e+00   1.9656306e+00
   2.4862705e+00   4.2222286e+00
   2.4968126e+00   2.3119478e+00
   2.4911994e+00   4.0437538e+00
   8.3608766e+00   1.9538590e+00
   2.5632120e+00   1.9706023e+00
   2.4992196e+00   2.2605673e+00
   2.5601120e+00   1.9754262e+00
   2.5028808e+00   2.2486693e+00
   2.5323412e+00   1.9816289e+00
   2.5027623e+00   2.2488296e+00
   2.5021082e+00   2.2491534e+00
   2.5022721e+00   2.2489915e+00
   2.5910348e+00   1.9685272e+00
   3.9886432e+00   1.9639311e+00
   2.5334416e+00   1.9813361e+00
   4.7930013e+00   1.9618176e+00
   2.4883742e+00   4.0629914e+00
   6.2372447e+00   1.9569044e+00
   2.5032183e+00   2.2485912e+00
   2.5332071e+00   1.9813550e+00
   2.4995074e+00   2.2600007e+00
   2.5030789e+00   2.2486328e+00
   2.5894175e+00   1.9695151e+00
   2.5010568e+00   2.2535348e+00
   5.1298367e+00   1.9613202e+00
   2.5035482e+00   2.2485339e+00
   3.9637283e+00   1.9644715e+00
   2.5325260e+00   1.9815655e+00
   2.5425658e+00   1.9807332e+00
   2.5398944e+00   1.9808235e+00
   2.5023945e+00   2.2488993e+00
   2.5444171e+00   1.9783935e+00
   2.5023864e+00   2.2489092e+00
   2.5474180e+00   1.9774646e+00
   2.4709606e+00   4.5746100e+00
   2.5313254e+00   1.9987090e+00
   2.5432372e+00   1.9784425e+00
   2.5022848e+00   2.2489470e+00
   2.5370893e+00   1.9809103e+00
   2.5021064e+00   2.2500271e+00
   2.5043179e+00   2.2484452e+00
   9.9642510e+00   1.9537073e+00
   2.5022732e+00   2.2489515e+00
   2.5339351e+00   1.9812235e+00
   2.5023078e+00   2.2489365e+00
   2.5335449e+00   1.9813237e+00
   2.5319941e+00   1.9828279e+00
   2.5314008e+00   1.9853641e+00
   2.4720995e+00   4.5623487e+00
   2.5016267e+00   2.2505085e+00
   2.5023837e+00   2.2489105e+00
   2.5381597e+00   1.9808378e+00
   2.5348171e+00   1.9811109e+00
   2.4697726e+00   4.7411548e+00
   2.5007449e+00   2.2545567e+00
   2.5325590e+00   1.9815549e+00
   2.5327945e+00   1.9815227e+00
   6.3768791e+00   1.9566645e+00
   2.5024966e+00   2.2488965e+00
   5.0027656e+00   1.9580244e+00
   2.4919045e+00   2.4423650e+00
   2.7240984e+00   1.9658147e+00
   2.6810571e+00   1.9660493e+00
   2.4957427e+00   2.3085143e+00
   2.4911962e+00   2.5860690e+00
   2.5027625e+00   2.2487004e+00
   2.6747458e+00   1.9667238e+00
   4.9382262e+00   1.9601050e+00
   2.4913341e+00   2.5127257e+00
   8.7791067e+00   1.9517158e+00
   2.4641801e+00   5.8758064e+00
   4.8306460e+00   1.9610063e+00
   3.7389548e+00   1.9626117e+00
   2.5017627e+00   2.2501424e+00
   2.4908987e+00   2.6717746e+00
   2.4887312e+00   2.6726963e+00
   2.4649046e+00   4.7322015e+00
   2.4947198e+00   2.3438014e+00
   2.4710596e+00   3.8242516e+00
   2.4636316e+00   5.9438594e+00
   2.4645052e+00   5.7689424e+00
   2.5031159e+00   2.2486029e+00
   2.5059249e+00   2.2482738e+00
   2.6084378e+00   1.9681278e+00
   2.6810107e+00   1.9665840e+00
   8.2260724e+00   1.9523799e+00
   2.5041702e+00   2.2484209e+00
   2.4982195e+00   2.2702881e+00
   2.4916836e+00   2.5099740e+00
   2.4649983e+00   4.6374803e+00
   5.3511341e+00   1.9574774e+00
   2.5008611e+00   2.2524699e+00
   2.4687502e+00   4.4070236e+00
   5.6334109e+00   1.9574349e+00
   5.8139581e+00   1.9544094e+00
   2.4933845e+00   2.3825863e+00
   2.7018259e+00   1.9660010e+00
   2.4691246e+00   3.8629345e+00
   7.4635545e+00   1.9536921e+00
   2.4643053e+00   5.7858617e+00
   7.5506742e+00   1.9524547e+00
   2.5007664e+00   2.2534488e+00
   2.5302096e+00   2.0326722e+00
   2.5026844e+00   2.2487647e+00
   2.5632120e+00   1.9706023e+00
   2.4877066e+00   3.0625717e+00
   2.4662555e+00   4.5528740e+00
   2.5028808e+00   2.2486693e+00
   2.5323412e+00   1.9816289e+00
   2.5002232e+00   2.2558033e+00
   2.5021082e+00   2.2491534e+00
   2.5022721e+00   2.2489915e+00
   2.5910348e+00   1.9685272e+00
   2.4910474e+00   2.6266487e+00
   2.4946353e+00   2.3610212e+00
   2.4645695e+00   4.7806343e+00
   2.5023312e+00   2.2488864e+00
   2.5030675e+00   2.2486128e+00
   2.5032183e+00   2.2485912e+00
   2.5332071e+00   1.9813550e+00
   2.5314045e+00   1.9847528e+00
   2.6652850e+00   1.9667645e+00
   2.5894175e+00   1.9695151e+00
   2.4918919e+00   2.4883305e+00
   2.5430645e+00   1.9784785e+00
   2.5035482e+00   2.2485339e+00
   2.5027255e+00   2.2487635e+00
   2.5325260e+00   1.9815655e+00
   2.4651900e+00   4.6182563e+00
   7.0753858e+00   1.9537333e+00
   2.5401494e+00   1.9798684e+00
   2.5444171e+00   1.9783935e+00
   2.4886915e+00   3.0334747e+00
   2.5474180e+00   1.9774646e+00
   2.7373669e+00   1.9635836e+00
   2.4663730e+00   4.4530967e+00
   2.5432372e+00   1.9784425e+00
   2.5022848e+00   2.2489470e+00
   2.5370893e+00   1.9809103e+00
   2.5021064e+00   2.2500271e+00
   2.4958210e+00   2.2984810e+00
   2.5022040e+00   2.2490628e+00
   2.5022732e+00   2.2489515e+00
   2.5339351e+00   1.9812235e+00
   2.5023078e+00   2.2489365e+00
   2.4925313e+00   2.3867137e+00
   2.5319941e+00   1.9828279e+00
   2.5314008e+00   1.9853641e+00
   8.9363787e+00   1.9514836e+00
   2.5016267e+00   2.2505085e+00
   3.7493058e+00   1.9614630e+00
   2.4961654e+00   2.2724963e+00
   2.5348171e+00   1.9811109e+00
   6.3343981e+00   1.9542128e+00
   2.4971759e+00   2.2707773e+00
   2.5325590e+00   1.9815549e+00
   2.5303104e+00   1.9940687e+00
   2.4983252e+00   2.2685924e+00
   2.4994730e+00   2.2575530e+00
   5.0027656e+00   1.9580244e+00
   2.8015708e+00   1.9622982e+00
   2.4915354e+00   2.3188096e+00
   2.4973253e+00   2.2658633e+00
   2.5430231e+00   1.9823665e+00
   2.4641508e+00   3.7222628e+00
   4.6357705e+00   1.9597353e+00
   2.4637036e+00   3.7367750e+00
   2.4653610e+00   3.7066144e+00
   2.4868234e+00   3.1305214e+00
   2.5273056e+00   2.0564556e+00
   2.4883664e+00   2.3609755e+00
   2.4948465e+00   2.2817486e+00
   7.4261279e+00   1.9511040e+00
   2.4761259e+00   3.6993416e+00
   2.6751511e+00   1.9627046e+00
   2.4869265e+00   2.8690362e+00
   2.5264471e+00   2.1702228e+00
   2.4616982e+00   4.0496294e+00
   2.4896878e+00   2.3373076e+00
   3.6732636e+00   1.9600135e+00
   2.4616606e+00   4.1221822e+00
   5.0952791e+00   1.9558153e+00
   2.4875140e+00   2.3895288e+00
   2.6535139e+00   1.9669995e+00
   2.6084378e+00   1.9681278e+00
   5.3258235e+00   1.9538403e+00
   2.4616583e+00   4.1112675e+00
   2.5041702e+00   2.2484209e+00
   2.4870837e+00   2.6519733e+00
   2.5007239e+00   2.2518388e+00
   2.5145444e+00   2.2480744e+00
   2.4935897e+00   2.2906103e+00
   2.5022135e+00   2.2490591e+00
   2.5005442e+00   2.2530791e+00
   2.5355184e+00   1.9804759e+00
   6.8675432e+00   1.9528069e+00
   2.6723355e+00   1.9661748e+00
   5.7771211e+00   1.9534888e+00
   2.5021819e+00   2.2491029e+00
   4.9460572e+00   1.9585616e+00
   2.4635546e+00   4.0480116e+00
   2.4919573e+00   2.3710477e+00
   2.5302096e+00   2.0326722e+00
   2.4642123e+00   3.7270668e+00
   2.5632120e+00   1.9706023e+00
   2.4841102e+00   3.6781841e+00
   8.3715606e+00   1.9498108e+00
   2.8283955e+00   1.9618153e+00
   2.5323412e+00   1.9816289e+00
   8.5619814e+00   1.9492383e+00
   2.5021082e+00   2.2491534e+00
   4.8218860e+00   1.9597066e+00
   2.5910348e+00   1.9685272e+00
   2.4961331e+00   2.2656443e+00
   2.4987346e+00   2.2554309e+00
   2.4934609e+00   2.2989473e+00
   2.5023312e+00   2.2488864e+00
   2.5030675e+00   2.2486128e+00
   5.1493439e+00   1.9543214e+00
   2.5332071e+00   1.9813550e+00
   2.5314045e+00   1.9847528e+00
   2.6652850e+00   1.9667645e+00
   2.5894175e+00   1.9695151e+00
   2.5043074e+00   2.2482198e+00
   5.7697570e+00   1.9536691e+00
   2.4909014e+00   2.3317505e+00
   2.4976501e+00   2.2637692e+00
   2.5325260e+00   1.9815655e+00
   2.5302344e+00   2.0120039e+00
   2.5421475e+00   1.9786885e+00
   2.4679531e+00   3.7009168e+00
   5.5635624e+00   1.9538882e+00
   2.5428892e+00   1.9784234e+00
   2.5328408e+00   1.9851390e+00
   2.4900882e+00   3.2139938e+00
   3.2081455e+00   1.9610369e+00
   2.5437441e+00   1.9773240e+00
   2.5022848e+00   2.2489470e+00
   2.4861574e+00   3.3052443e+00
   2.5347542e+00   1.9809599e+00
   2.5008747e+00   2.2516497e+00
   2.5022040e+00   2.2490628e+00
   2.5022732e+00   2.2489515e+00
   2.5339351e+00   1.9812235e+00
   2.5023078e+00   2.2489365e+00
   2.5043026e+00   2.2483385e+00
   2.5319941e+00   1.9828279e+00
   2.5314008e+00   1.9853641e+00
   2.5320035e+00   1.9825130e+00
   2.8228388e+00   1.9606358e+00
   8.7383044e+00   1.9493278e+00
   2.4605003e+00   4.1216663e+00
   2.4771629e+00   3.6935262e+00
   2.5020069e+00   2.2493847e+00
   2.5369741e+00   1.9798456e+00
   2.5325590e+00   1.9815549e+00
   2.5303104e+00   1.9940687e+00
   2.5014541e+00   2.2502581e+00
   8.5574046e+00   1.9496973e+00
   2.4854499e+00   2.4994770e+00
   5.5372355e+00   1.9533229e+00
   2.5694652e+00   1.9688671e+00
   8.4063919e+00   1.9488466e+00
   2.4850433e+00   2.6888343e+00
   2.6293798e+00   1.9668781e+00
   2.5301768e+00   1.9868875e+00
   7.5782658e+00   1.9496365e+00
   7.9790875e+00   1.9488651e+00
   2.7928698e+00   1.9618509e+00
   2.4883664e+00   2.3609755e+00
   3.2394812e+00   1.9593216e+00
   7.4261279e+00   1.9511040e+00
   2.4666083e+00   3.6285645e+00
   2.6751511e+00   1.9627046e+00
   2.4576772e+00   9.5120467e+00
   2.4597468e+00   3.8147049e+00
   2.4582973e+00   4.6876565e+00
   2.4711891e+00   3.5960428e+00
   2.5088667e+00   2.2477385e+00
   2.4900904e+00   2.3171399e+00
   2.4611185e+00   3.6588267e+00
   2.4875140e+00   2.3895288e+00
   2.5319046e+00   1.9823649e+00
   2.5027157e+00   2.2486918e+00
   2.5041635e+00   2.2483594e+00
   2.4575018e+00   1.0241619e+01
   2.5005499e+00   2.2509788e+00
   2.5052715e+00   2.2477890e+00
   4.9173198e+00   1.9543819e+00
   8.9015030e+00   1.9480235e+00
   2.4904423e+00   2.2887312e+00
   2.5022135e+00   2.2490591e+00
   2.4986865e+00   2.2557669e+00
   2.5355184e+00   1.9804759e+00
   6.8675432e+00   1.9528069e+00
   2.6723355e+00   1.9661748e+00
   2.4994745e+00   2.2537887e+00
   2.4902476e+00   2.2922679e+00
   2.5021819e+00   2.2491029e+00
   2.4911815e+00   2.2859921e+00
   2.4899811e+00   2.3329029e+00
   2.5019168e+00   2.2494500e+00
   2.5313754e+00   1.9840742e+00
   2.5245925e+00   1.9948760e+00
   2.5632120e+00   1.9706023e+00
   2.4680241e+00   3.6071988e+00
   2.5307073e+00   1.9856031e+00
   2.4604677e+00   3.7240468e+00
   2.5323412e+00   1.9816289e+00
   8.8171984e+00   1.9484471e+00
   2.5021082e+00   2.2491534e+00
   2.4957205e+00   2.2627345e+00
   2.4895900e+00   2.3354070e+00
   2.5033673e+00   2.2484060e+00
   2.4987346e+00   2.2554309e+00
   2.5333802e+00   1.9812447e+00
   2.5023312e+00   2.2488864e+00
   2.5030675e+00   2.2486128e+00
   5.1493439e+00   1.9543214e+00
   2.5332071e+00   1.9813550e+00
   2.4988207e+00   2.2548071e+00
   2.5019432e+00   2.2493138e+00
   2.5044878e+00   2.2481622e+00
   2.5043074e+00   2.2482198e+00
   2.5809379e+00   1.9681488e+00
   2.4996005e+00   2.2517926e+00
   2.8192187e+00   1.9615270e+00
   2.5325260e+00   1.9815655e+00
   2.4968051e+00   2.2585883e+00
   2.5421475e+00   1.9786885e+00
   2.4914760e+00   2.2856014e+00
   8.7824473e+00   1.9486762e+00
   2.5428892e+00   1.9784234e+00
   2.4663599e+00   3.6422927e+00
   2.4925413e+00   2.2854482e+00
   2.4579441e+00   5.8983482e+00
   2.5437441e+00   1.9773240e+00
   2.4609400e+00   3.7125732e+00
   2.4585869e+00   4.0679093e+00
   2.5347542e+00   1.9809599e+00
   5.2840452e+00   1.9538262e+00
   2.5022040e+00   2.2490628e+00
   2.4985443e+00   2.2569775e+00
   2.5339351e+00   1.9812235e+00
   2.4928086e+00   2.2782519e+00
   2.5043026e+00   2.2483385e+00
   2.5871001e+00   1.9681092e+00
   7.3348022e+00   1.9519606e+00
   2.6564443e+00   1.9666209e+00
   2.8228388e+00   1.9606358e+00
   2.4989253e+00   2.2540431e+00
   2.5323025e+00   1.9822417e+00
   2.4842815e+00   3.5779000e+00
   2.4987991e+00   2.2553207e+00
   2.5369741e+00   1.9798456e+00
   2.5325590e+00   1.9815549e+00
   2.4887559e+00   2.3382809e+00
   2.5014541e+00   2.2502581e+00
   2.4960159e+00   2.2592185e+00
   2.4596539e+00   3.8080535e+00
   5.5372355e+00   1.9533229e+00
   2.5097134e+00   2.2476630e+00
   2.5694652e+00   1.9688671e+00
   2.4865731e+00   2.4216380e+00
   8.6798717e+00   1.9478916e+00
   2.5301768e+00   1.9868875e+00
   2.4859474e+00   2.4543162e+00
   7.4135658e+00   1.9488346e+00
   2.4949627e+00   2.2652656e+00
   2.4866287e+00   2.3950132e+00
   3.2394812e+00   1.9593216e+00
   2.4874165e+00   2.3137858e+00
   2.4663287e+00   3.6044954e+00
   2.6751511e+00   1.9627046e+00
   2.8578059e+00   1.9603192e+00
   5.9009192e+00   1.9529813e+00
   2.4602674e+00   3.6489837e+00
   7.0711134e+00   1.9511397e+00
   2.5367634e+00   1.9798090e+00
   2.4600534e+00   3.7264179e+00
   2.4923888e+00   2.2786228e+00
   2.4962006e+00   2.2566985e+00
   2.4838860e+00   2.4768341e+00
   2.4743611e+00   3.5822658e+00
   6.9138389e+00   1.9515478e+00
   2.5225856e+00   2.0705702e+00
   2.5032942e+00   2.2483976e+00
   2.4821257e+00   3.1663597e+00
   4.9173198e+00   1.9543819e+00
   4.9713973e+00   1.9541964e+00
   2.4572478e+00   4.6221279e+00
   2.5078435e+00   2.2479183e+00
   2.4986865e+00   2.2557669e+00
   2.5355184e+00   1.9804759e+00
   6.8675432e+00   1.9528069e+00
   2.5039880e+00   2.2482910e+00
   5.0522464e+00   1.9538480e+00
   2.4902476e+00   2.2922679e+00
   2.5021819e+00   2.2491029e+00
   2.4576009e+00   3.8220043e+00
   2.5048485e+00   2.2481308e+00
   2.4908106e+00   2.2843140e+00
   2.5313754e+00   1.9840742e+00
   2.5245925e+00   1.9948760e+00
   2.5632120e+00   1.9706023e+00
   2.5037345e+00   2.2483043e+00
   2.5016142e+00   2.2498306e+00
   2.5019963e+00   2.2492671e+00
   2.5323412e+00   1.9816289e+00
   2.5005744e+00   2.2512289e+00
   7.7912943e+00   1.9481828e+00
   2.4864471e+00   2.4369864e+00
   2.8146183e+00   1.9606459e+00
   2.4830114e+00   2.5278979e+00
   2.7942273e+00   1.9610487e+00
   2.5333802e+00   1.9812447e+00
   2.5023312e+00   2.2488864e+00
   2.5030675e+00   2.2486128e+00
   2.5022034e+00   2.2489599e+00
   2.5332071e+00   1.9813550e+00
   5.2763578e+00   1.9534618e+00
   2.5019432e+00   2.2493138e+00
   2.5044878e+00   2.2481622e+00
   2.5043074e+00   2.2482198e+00
   2.5809379e+00   1.9681488e+00
   2.4996005e+00   2.2517926e+00
   2.5004537e+00   2.2514925e+00
   2.5325260e+00   1.9815655e+00
   7.2960284e+00   1.9496634e+00
   2.5421475e+00   1.9786885e+00
   2.5040560e+00   2.2482541e+00
   5.0982949e+00   1.9536216e+00
   2.5428892e+00   1.9784234e+00
   2.4946813e+00   2.2731384e+00
   2.5013913e+00   2.2499118e+00
   2.4961761e+00   2.2567011e+00
   2.5437441e+00   1.9773240e+00
   2.4625593e+00   3.6203633e+00
   2.5353543e+00   1.9807682e+00
   2.5347542e+00   1.9809599e+00
   2.5018064e+00   2.2494127e+00
   1.0090255e+01   1.9457040e+00
   2.5020679e+00   2.2491641e+00
   2.5339351e+00   1.9812235e+00
   2.4928086e+00   2.2782519e+00
   2.4896009e+00   2.3118772e+00
   2.5871001e+00   1.9681092e+00
   4.7284344e+00   1.9559614e+00
   2.4867986e+00   2.3752638e+00
   2.8228388e+00   1.9606358e+00
   2.4852650e+00   2.4694818e+00
   2.5323025e+00   1.9822417e+00
   2.4579720e+00   3.8180407e+00
   2.5323265e+00   1.9817423e+00
   2.6123167e+00   1.9656581e+00
   2.5325590e+00   1.9815549e+00
   4.7312094e+00   1.9548786e+00
   2.4676318e+00   3.5865858e+00
   2.4960159e+00   2.2592185e+00
