2.361e+01  2.420e+01  
1.787e+01  2.532e+01  
2.386e+01  2.667e+01  
1.197e+01  2.281e+01  
1.648e+01  1.822e+01  
3.152e+01  3.118e+01  
1.941e+01  1.276e+01  
1.533e+01  2.025e+01  
3.396e+01  3.645e+01  
2.075e+01  2.296e+01  
2.292e+01  2.176e+01  
1.964e+01  1.147e+01  
1.624e+01  1.554e+01  
2.471e+01  3.168e+01  
3.162e+01  2.069e+01  
2.028e+01  2.789e+01  
2.490e+01  1.587e+01  
2.490e+01  2.788e+01  
2.437e+01  3.076e+01  
1.468e+01  1.529e+01  
3.594e+01  3.562e+01  
2.778e+01  2.304e+01  
3.138e+01  2.874e+01  
3.347e+01  1.861e+01  
1.450e+01  1.576e+01  
3.032e+01  2.501e+01  
2.626e+01  2.277e+01  
3.000e+01  2.481e+01  
1.506e+01  1.943e+01  
2.119e+01  2.144e+01  
2.950e+01  3.554e+01  
3.457e+01  2.255e+01  
3.514e+01  2.730e+01  
1.761e+01  9.214e+00  
3.149e+01  1.258e+01  
3.275e+01  2.298e+01  
3.163e+01  2.111e+01  
2.143e+01  2.134e+01  
2.077e+01  2.852e+01  
3.344e+01  2.172e+01  
2.288e+01  1.919e+01  
2.008e+01  1.871e+01  
3.443e+01  3.693e+01  
2.106e+01  2.111e+01  
1.752e+01  1.574e+01  
2.998e+01  2.433e+01  
1.750e+01  1.395e+01  
1.744e+01  1.731e+01  
2.058e+01  1.439e+01  
3.463e+01  2.454e+01  
3.485e+01  2.052e+01  
1.549e+01  1.322e+01  
1.526e+01  1.673e+01  
1.627e+01  1.935e+01  
2.147e+01  2.547e+01  
3.574e+01  2.855e+01  
2.095e+01  1.434e+01  
3.402e+01  2.934e+01  
2.365e+01  1.517e+01  
3.792e+01  2.406e+01  
2.824e+01  2.473e+01  
3.823e+01  3.146e+01  
2.943e+01  2.932e+01  
1.409e+01  1.347e+01  
3.036e+01  4.174e+01  
2.300e+01  2.085e+01  
2.547e+01  2.806e+01  
1.915e+01  2.443e+01  
1.971e+01  1.333e+01  
1.930e+01  1.732e+01  
2.009e+01  1.638e+01  
2.280e+01  1.952e+01  
2.414e+01  1.736e+01  
1.657e+01  1.652e+01  
2.424e+01  2.096e+01  
1.952e+01  1.926e+01  
1.984e+01  1.925e+01  
1.657e+01  1.427e+01  
2.177e+01  2.284e+01  
2.349e+01  2.822e+01  
1.736e+01  1.821e+01  
1.556e+01  2.198e+01  
3.774e+01  1.901e+01  
2.302e+01  1.469e+01  
2.343e+01  2.776e+01  
3.188e+01  2.921e+01  
1.910e+01  1.314e+01  
2.455e+01  1.239e+01  
1.384e+01  1.738e+01  
2.213e+01  1.782e+01  
2.908e+01  2.826e+01  
1.553e+01  2.268e+01  
1.688e+01  1.738e+01  
1.760e+01  1.531e+01  
3.354e+01  1.424e+01  
3.308e+01  1.448e+01  
1.538e+01  2.367e+01  
1.720e+01  1.401e+01  
2.908e+01  1.750e+01  
2.088e+01  1.465e+01  
2.931e+00  2.300e+00  
2.884e+00  7.108e+00  
2.926e+00  2.300e+00  
2.925e+00  2.300e+00  
2.925e+00  2.301e+00  
2.925e+00  2.301e+00  
2.926e+00  2.300e+00  
2.925e+00  2.302e+00  
2.925e+00  2.303e+00  
2.924e+00  2.303e+00  
2.924e+00  2.303e+00  
2.924e+00  2.304e+00  
2.924e+00  2.303e+00  
2.924e+00  2.303e+00  
2.924e+00  2.305e+00  
2.923e+00  2.306e+00  
2.923e+00  2.306e+00  
2.922e+00  2.307e+00  
2.921e+00  2.307e+00  
2.921e+00  2.307e+00  
2.921e+00  2.308e+00  
2.921e+00  2.307e+00  
2.921e+00  2.309e+00  
2.921e+00  2.310e+00  
2.919e+00  2.310e+00  
2.919e+00  2.310e+00  
2.919e+00  2.311e+00  
2.919e+00  2.310e+00  
2.919e+00  2.310e+00  
2.919e+00  2.310e+00  
2.919e+00  2.309e+00  
2.919e+00  2.310e+00  
2.919e+00  2.315e+00  
2.919e+00  2.316e+00  
2.919e+00  2.316e+00  
2.919e+00  2.314e+00  
2.919e+00  2.318e+00  
2.919e+00  2.316e+00  
2.919e+00  2.319e+00  
2.919e+00  2.319e+00  
2.919e+00  2.310e+00  
2.919e+00  2.319e+00  
2.919e+00  2.319e+00  
2.919e+00  2.319e+00  
2.919e+00  2.322e+00  
2.919e+00  2.320e+00  
2.919e+00  2.322e+00  
2.919e+00  2.320e+00  
2.919e+00  2.329e+00  
2.919e+00  2.332e+00  
2.919e+00  2.333e+00  
2.919e+00  2.330e+00  
2.919e+00  2.330e+00  
2.919e+00  2.332e+00  
2.919e+00  2.334e+00  
2.919e+00  2.341e+00  
2.919e+00  2.341e+00  
2.919e+00  2.338e+00  
2.919e+00  2.338e+00  
2.919e+00  2.335e+00  
2.918e+00  2.348e+00  
2.919e+00  2.350e+00  
2.919e+00  2.341e+00  
2.919e+00  2.334e+00  
2.918e+00  2.358e+00  
2.919e+00  2.357e+00  
2.919e+00  2.357e+00  
2.919e+00  2.351e+00  
2.918e+00  2.369e+00  
2.919e+00  2.359e+00  
2.918e+00  2.333e+00  
2.918e+00  2.333e+00  
2.918e+00  2.362e+00  
2.919e+00  2.391e+00  
2.918e+00  2.348e+00  
2.918e+00  2.402e+00  
2.918e+00  2.357e+00  
2.918e+00  2.403e+00  
2.918e+00  2.369e+00  
2.918e+00  2.416e+00  
2.918e+00  2.402e+00  
2.918e+00  2.438e+00  
2.918e+00  2.438e+00  
2.918e+00  2.456e+00  
2.918e+00  2.418e+00  
2.918e+00  2.416e+00  
2.918e+00  2.481e+00  
2.919e+00  2.408e+00  
2.919e+00  2.363e+00  
2.918e+00  2.456e+00  
2.917e+00  2.593e+00  
2.915e+00  2.596e+00  
2.915e+00  2.596e+00  
2.908e+00  2.716e+00  
2.908e+00  2.716e+00  
2.910e+00  2.784e+00  
2.907e+00  2.860e+00  
2.905e+00  3.120e+00  
2.894e+00  3.260e+00  
2.889e+00  3.299e+00  
3.066e+00  2.233e+00  
2.768e+00  5.012e+00  
3.041e+00  2.234e+00  
3.032e+00  2.235e+00  
3.032e+00  2.235e+00  
3.015e+00  2.242e+00  
3.006e+00  2.244e+00  
3.006e+00  2.245e+00  
3.001e+00  2.249e+00  
2.997e+00  2.251e+00  
2.995e+00  2.254e+00  
2.989e+00  2.256e+00  
2.986e+00  2.258e+00  
2.984e+00  2.261e+00  
2.984e+00  2.261e+00  
2.978e+00  2.265e+00  
2.976e+00  2.265e+00  
2.972e+00  2.269e+00  
2.971e+00  2.271e+00  
2.967e+00  2.272e+00  
2.967e+00  2.272e+00  
2.960e+00  2.278e+00  
2.958e+00  2.279e+00  
2.955e+00  2.280e+00  
2.954e+00  2.282e+00  
2.951e+00  2.283e+00  
2.948e+00  2.285e+00  
2.941e+00  2.291e+00  
2.941e+00  2.290e+00  
2.938e+00  2.293e+00  
2.938e+00  2.294e+00  
2.933e+00  2.295e+00  
2.918e+00  2.306e+00  
2.918e+00  2.306e+00  
2.918e+00  2.307e+00  
2.918e+00  2.308e+00  
2.918e+00  2.307e+00  
2.910e+00  2.312e+00  
2.910e+00  2.312e+00  
2.907e+00  2.315e+00  
2.905e+00  2.317e+00  
2.901e+00  2.319e+00  
2.901e+00  2.319e+00  
2.897e+00  2.324e+00  
2.896e+00  2.324e+00  
2.892e+00  2.327e+00  
2.887e+00  2.331e+00  
2.885e+00  2.332e+00  
2.885e+00  2.336e+00  
2.880e+00  2.339e+00  
2.880e+00  2.339e+00  
2.876e+00  2.343e+00  
2.876e+00  2.343e+00  
2.872e+00  2.350e+00  
2.871e+00  2.350e+00  
2.871e+00  2.355e+00  
2.870e+00  2.351e+00  
2.869e+00  2.354e+00  
2.868e+00  2.357e+00  
2.863e+00  2.371e+00  
2.863e+00  2.372e+00  
2.861e+00  2.377e+00  
2.860e+00  2.383e+00  
2.858e+00  2.383e+00  
2.858e+00  2.385e+00  
2.858e+00  2.395e+00  
2.856e+00  2.401e+00  
2.853e+00  2.403e+00  
2.853e+00  2.412e+00  
2.852e+00  2.417e+00  
2.850e+00  2.420e+00  
2.848e+00  2.429e+00  
2.848e+00  2.429e+00  
2.846e+00  2.441e+00  
2.845e+00  2.448e+00  
2.845e+00  2.456e+00  
2.845e+00  2.443e+00  
2.842e+00  2.451e+00  
2.841e+00  2.464e+00  
2.840e+00  2.471e+00  
2.838e+00  2.516e+00  
2.837e+00  2.490e+00  
2.836e+00  2.501e+00  
2.833e+00  2.504e+00  
2.828e+00  2.556e+00  
2.826e+00  2.571e+00  
2.825e+00  2.583e+00  
2.825e+00  2.577e+00  
2.820e+00  2.634e+00  
2.819e+00  2.616e+00  
2.818e+00  2.615e+00  
2.807e+00  2.699e+00  
2.807e+00  2.699e+00  
2.807e+00  2.699e+00  
2.807e+00  2.705e+00  
2.791e+00  2.951e+00  
2.791e+00  2.951e+00  
2.783e+00  2.930e+00  
2.773e+00  3.121e+00  
2.772e+00  3.122e+00  
2.765e+00  1.752e+00  
2.545e+00  3.071e+00  
2.755e+00  1.752e+00  
2.754e+00  1.754e+00  
2.753e+00  1.756e+00  
2.748e+00  1.759e+00  
2.748e+00  1.760e+00  
2.741e+00  1.763e+00  
2.740e+00  1.765e+00  
2.740e+00  1.767e+00  
2.740e+00  1.769e+00  
2.730e+00  1.771e+00  
2.728e+00  1.773e+00  
2.724e+00  1.775e+00  
2.724e+00  1.777e+00  
2.722e+00  1.780e+00  
2.722e+00  1.781e+00  
2.722e+00  1.784e+00  
2.722e+00  1.787e+00  
2.722e+00  1.789e+00  
2.722e+00  1.791e+00  
2.722e+00  1.791e+00  
2.722e+00  1.790e+00  
2.722e+00  1.790e+00  
2.722e+00  1.801e+00  
2.722e+00  1.806e+00  
2.722e+00  1.809e+00  
2.722e+00  1.812e+00  
2.722e+00  1.809e+00  
2.722e+00  1.816e+00  
2.722e+00  1.812e+00  
2.722e+00  1.827e+00  
2.722e+00  1.824e+00  
2.722e+00  1.805e+00  
2.722e+00  1.831e+00  
2.722e+00  1.837e+00  
2.722e+00  1.805e+00  
2.722e+00  1.809e+00  
2.722e+00  1.856e+00  
2.722e+00  1.806e+00  
2.722e+00  1.828e+00  
2.722e+00  1.831e+00  
2.722e+00  1.849e+00  
2.722e+00  1.837e+00  
2.722e+00  1.866e+00  
2.722e+00  1.861e+00  
2.722e+00  1.831e+00  
2.722e+00  1.846e+00  
2.722e+00  1.864e+00  
2.722e+00  1.841e+00  
2.722e+00  1.841e+00  
2.722e+00  1.861e+00  
2.722e+00  1.856e+00  
2.722e+00  1.904e+00  
2.722e+00  1.864e+00  
2.722e+00  1.912e+00  
2.722e+00  1.863e+00  
2.722e+00  1.980e+00  
2.722e+00  1.991e+00  
2.722e+00  1.998e+00  
2.722e+00  1.977e+00  
2.721e+00  2.015e+00  
2.722e+00  1.977e+00  
2.721e+00  2.010e+00  
2.721e+00  2.015e+00  
2.722e+00  1.998e+00  
2.701e+00  2.078e+00  
2.701e+00  2.078e+00  
2.668e+00  2.078e+00  
2.670e+00  2.078e+00  
2.671e+00  2.078e+00  
2.668e+00  2.078e+00  
2.661e+00  2.078e+00  
2.666e+00  2.078e+00  
2.657e+00  2.078e+00  
2.651e+00  2.078e+00  
2.648e+00  2.078e+00  
2.642e+00  2.091e+00  
2.640e+00  2.094e+00  
2.638e+00  2.102e+00  
2.637e+00  2.122e+00  
2.637e+00  2.126e+00  
2.637e+00  2.122e+00  
2.637e+00  2.126e+00  
2.590e+00  2.217e+00  
2.589e+00  2.225e+00  
2.587e+00  2.238e+00  
2.587e+00  2.258e+00  
2.583e+00  2.281e+00  
2.583e+00  2.289e+00  
2.576e+00  2.316e+00  
2.576e+00  2.316e+00  
2.571e+00  2.318e+00  
2.570e+00  2.328e+00  
2.568e+00  2.331e+00  
2.562e+00  2.332e+00  
2.559e+00  2.332e+00  
2.556e+00  2.402e+00  
2.551e+00  2.429e+00  
2.550e+00  2.686e+00  
6.194e+00  1.735e+00  
2.295e+00  3.106e+00  
2.837e+00  1.740e+00  
2.818e+00  1.743e+00  
2.537e+00  1.744e+00  
2.533e+00  1.744e+00  
2.526e+00  1.746e+00  
2.519e+00  1.748e+00  
2.516e+00  1.751e+00  
2.512e+00  1.753e+00  
2.510e+00  1.754e+00  
2.501e+00  1.758e+00  
2.499e+00  1.760e+00  
2.497e+00  1.761e+00  
2.496e+00  1.764e+00  
2.492e+00  1.767e+00  
2.490e+00  1.768e+00  
2.490e+00  1.768e+00  
2.482e+00  1.774e+00  
2.479e+00  1.775e+00  
2.478e+00  1.777e+00  
2.472e+00  1.779e+00  
2.467e+00  1.783e+00  
2.466e+00  1.784e+00  
2.466e+00  1.784e+00  
2.462e+00  1.789e+00  
2.457e+00  1.790e+00  
2.454e+00  1.792e+00  
2.452e+00  1.793e+00  
2.452e+00  1.793e+00  
2.444e+00  1.799e+00  
2.444e+00  1.799e+00  
2.443e+00  1.801e+00  
2.437e+00  1.802e+00  
2.437e+00  1.802e+00  
2.433e+00  1.806e+00  
2.432e+00  1.807e+00  
2.432e+00  1.807e+00  
2.432e+00  1.807e+00  
2.426e+00  1.816e+00  
2.422e+00  1.816e+00  
2.422e+00  1.817e+00  
2.420e+00  1.820e+00  
2.417e+00  1.821e+00  
2.413e+00  1.821e+00  
2.413e+00  1.821e+00  
2.412e+00  1.828e+00  
2.407e+00  1.828e+00  
2.406e+00  1.829e+00  
2.403e+00  1.831e+00  
2.400e+00  1.831e+00  
2.399e+00  1.831e+00  
2.395e+00  1.836e+00  
2.395e+00  1.836e+00  
2.393e+00  1.837e+00  
2.393e+00  1.837e+00  
2.387e+00  1.843e+00  
2.387e+00  1.843e+00  
2.384e+00  1.848e+00  
2.380e+00  1.856e+00  
2.379e+00  1.856e+00  
2.376e+00  1.858e+00  
2.376e+00  1.862e+00  
2.374e+00  1.864e+00  
2.373e+00  1.868e+00  
2.371e+00  1.870e+00  
2.368e+00  1.877e+00  
2.368e+00  1.877e+00  
2.366e+00  1.886e+00  
2.365e+00  1.888e+00  
2.362e+00  1.896e+00  
2.362e+00  1.899e+00  
2.360e+00  1.903e+00  
2.359e+00  1.905e+00  
2.357e+00  1.911e+00  
2.355e+00  1.916e+00  
2.354e+00  1.922e+00  
2.352e+00  1.930e+00  
2.352e+00  1.927e+00  
2.348e+00  1.941e+00  
2.348e+00  1.941e+00  
2.345e+00  1.953e+00  
2.343e+00  1.965e+00  
2.342e+00  1.965e+00  
2.340e+00  1.975e+00  
2.338e+00  1.988e+00  
2.336e+00  1.993e+00  
2.334e+00  1.995e+00  
2.332e+00  2.013e+00  
2.330e+00  2.015e+00  
2.327e+00  2.025e+00  
2.324e+00  2.053e+00  
2.321e+00  2.050e+00  
2.319e+00  2.078e+00  
2.315e+00  2.081e+00  
2.314e+00  2.088e+00  
2.309e+00  2.131e+00  
2.306e+00  2.134e+00  
2.298e+00  2.218e+00  
2.297e+00  2.261e+00  
2.569e+00  1.722e+00  
2.072e+00  3.384e+00  
2.563e+00  1.724e+00  
2.559e+00  1.725e+00  
2.551e+00  1.728e+00  
2.551e+00  1.731e+00  
2.534e+00  1.735e+00  
2.534e+00  1.737e+00  
2.528e+00  1.740e+00  
2.528e+00  1.742e+00  
2.523e+00  1.743e+00  
2.520e+00  1.747e+00  
2.520e+00  1.750e+00  
2.508e+00  1.752e+00  
2.508e+00  1.754e+00  
2.503e+00  1.757e+00  
2.502e+00  1.760e+00  
2.496e+00  1.763e+00  
2.492e+00  1.765e+00  
2.488e+00  1.767e+00  
2.485e+00  1.770e+00  
2.481e+00  1.771e+00  
2.481e+00  1.774e+00  
2.474e+00  1.777e+00  
2.472e+00  1.778e+00  
2.466e+00  1.782e+00  
2.466e+00  1.785e+00  
2.460e+00  1.787e+00  
2.458e+00  1.788e+00  
2.452e+00  1.792e+00  
2.451e+00  1.794e+00  
2.447e+00  1.795e+00  
2.447e+00  1.798e+00  
2.447e+00  1.797e+00  
2.437e+00  1.802e+00  
2.437e+00  1.802e+00  
2.432e+00  1.807e+00  
2.432e+00  1.808e+00  
2.357e+00  1.929e+00  
2.357e+00  1.929e+00  
2.357e+00  1.929e+00  
2.356e+00  1.930e+00  
2.357e+00  1.929e+00  
2.355e+00  1.930e+00  
2.352e+00  1.931e+00  
2.351e+00  1.941e+00  
2.351e+00  1.946e+00  
2.351e+00  1.955e+00  
2.350e+00  1.963e+00  
2.350e+00  1.976e+00  
2.350e+00  1.972e+00  
2.350e+00  1.988e+00  
2.224e+00  2.007e+00  
2.224e+00  2.007e+00  
2.198e+00  2.007e+00  
2.280e+00  2.007e+00  
2.202e+00  2.007e+00  
2.196e+00  2.007e+00  
2.268e+00  2.007e+00  
2.202e+00  2.007e+00  
2.228e+00  2.007e+00  
2.228e+00  2.007e+00  
2.174e+00  2.007e+00  
2.194e+00  2.007e+00  
2.213e+00  2.007e+00  
2.213e+00  2.007e+00  
2.194e+00  2.007e+00  
2.196e+00  2.007e+00  
2.164e+00  2.007e+00  
2.140e+00  2.007e+00  
2.186e+00  2.007e+00  
2.186e+00  2.007e+00  
2.174e+00  2.007e+00  
2.164e+00  2.007e+00  
2.150e+00  2.007e+00  
2.147e+00  2.007e+00  
2.156e+00  2.007e+00  
2.139e+00  2.007e+00  
2.145e+00  2.007e+00  
2.140e+00  2.007e+00  
2.139e+00  2.007e+00  
2.124e+00  2.007e+00  
2.105e+00  2.007e+00  
2.124e+00  2.007e+00  
2.111e+00  2.007e+00  
2.121e+00  2.007e+00  
2.105e+00  2.007e+00  
2.108e+00  2.007e+00  
2.092e+00  2.008e+00  
2.098e+00  2.007e+00  
2.102e+00  2.008e+00  
2.099e+00  2.008e+00  
2.093e+00  2.008e+00  
2.091e+00  2.008e+00  
2.090e+00  2.008e+00  
2.086e+00  2.020e+00  
2.083e+00  2.024e+00  
2.079e+00  2.041e+00  
2.077e+00  2.049e+00  
2.074e+00  2.073e+00  
2.332e+00  1.711e+00  
2.057e+00  2.137e+00  
2.331e+00  1.711e+00  
2.322e+00  1.715e+00  
2.319e+00  1.716e+00  
2.319e+00  1.716e+00  
2.319e+00  1.716e+00  
2.319e+00  1.716e+00  
2.300e+00  1.728e+00  
2.298e+00  1.730e+00  
2.294e+00  1.733e+00  
2.287e+00  1.736e+00  
2.287e+00  1.736e+00  
2.287e+00  1.736e+00  
2.278e+00  1.743e+00  
2.278e+00  1.743e+00  
2.271e+00  1.748e+00  
2.269e+00  1.750e+00  
2.265e+00  1.752e+00  
2.260e+00  1.755e+00  
2.260e+00  1.755e+00  
2.252e+00  1.760e+00  
2.249e+00  1.761e+00  
2.243e+00  1.765e+00  
2.242e+00  1.766e+00  
2.242e+00  1.767e+00  
2.237e+00  1.772e+00  
2.242e+00  1.767e+00  
2.225e+00  1.779e+00  
2.225e+00  1.779e+00  
2.221e+00  1.783e+00  
2.218e+00  1.783e+00  
2.213e+00  1.786e+00  
2.211e+00  1.788e+00  
2.210e+00  1.788e+00  
2.206e+00  1.793e+00  
2.203e+00  1.794e+00  
2.203e+00  1.794e+00  
2.200e+00  1.798e+00  
2.199e+00  1.800e+00  
2.196e+00  1.804e+00  
2.192e+00  1.804e+00  
2.188e+00  1.807e+00  
2.185e+00  1.808e+00  
2.185e+00  1.809e+00  
2.185e+00  1.809e+00  
2.178e+00  1.816e+00  
2.176e+00  1.816e+00  
2.174e+00  1.816e+00  
2.172e+00  1.820e+00  
2.168e+00  1.821e+00  
2.166e+00  1.823e+00  
2.163e+00  1.825e+00  
2.161e+00  1.826e+00  
2.157e+00  1.831e+00  
2.155e+00  1.831e+00  
2.152e+00  1.832e+00  
2.149e+00  1.834e+00  
2.146e+00  1.837e+00  
2.145e+00  1.837e+00  
2.142e+00  1.840e+00  
2.140e+00  1.844e+00  
2.138e+00  1.846e+00  
2.137e+00  1.847e+00  
2.135e+00  1.851e+00  
2.134e+00  1.853e+00  
2.131e+00  1.857e+00  
2.130e+00  1.860e+00  
2.128e+00  1.863e+00  
2.128e+00  1.862e+00  
2.124e+00  1.873e+00  
2.123e+00  1.874e+00  
2.123e+00  1.879e+00  
2.120e+00  1.885e+00  
2.118e+00  1.887e+00  
2.116e+00  1.892e+00  
2.116e+00  1.894e+00  
2.114e+00  1.903e+00  
2.112e+00  1.908e+00  
2.111e+00  1.917e+00  
2.108e+00  1.918e+00  
2.107e+00  1.924e+00  
2.105e+00  1.929e+00  
2.102e+00  1.938e+00  
2.101e+00  1.941e+00  
2.097e+00  1.955e+00  
2.097e+00  1.962e+00  
2.094e+00  1.976e+00  
2.092e+00  1.981e+00  
2.090e+00  1.984e+00  
2.087e+00  2.007e+00  
2.085e+00  2.010e+00  
2.081e+00  2.021e+00  
2.080e+00  2.040e+00  
2.078e+00  2.034e+00  
2.074e+00  2.049e+00  
2.069e+00  2.084e+00  
2.066e+00  2.096e+00  
2.058e+00  2.124e+00  
2.058e+00  2.124e+00  
4.636e+00  1.592e+00  
1.998e+00  2.499e+00  
2.138e+00  1.596e+00  
2.138e+00  1.596e+00  
2.138e+00  1.596e+00  
2.137e+00  1.597e+00  
2.137e+00  1.597e+00  
2.137e+00  1.597e+00  
2.131e+00  1.601e+00  
2.131e+00  1.601e+00  
2.131e+00  1.601e+00  
2.131e+00  1.603e+00  
2.131e+00  1.601e+00  
2.131e+00  1.605e+00  
2.131e+00  1.603e+00  
2.131e+00  1.605e+00  
2.119e+00  1.614e+00  
2.118e+00  1.614e+00  
2.113e+00  1.615e+00  
2.113e+00  1.615e+00  
2.113e+00  1.618e+00  
2.113e+00  1.620e+00  
2.113e+00  1.620e+00  
2.113e+00  1.622e+00  
2.113e+00  1.622e+00  
2.113e+00  1.625e+00  
2.097e+00  1.630e+00  
2.113e+00  1.629e+00  
2.113e+00  1.629e+00  
2.087e+00  1.636e+00  
2.087e+00  1.636e+00  
2.087e+00  1.637e+00  
2.086e+00  1.637e+00  
2.086e+00  1.637e+00  
2.086e+00  1.640e+00  
2.083e+00  1.641e+00  
2.082e+00  1.641e+00  
2.080e+00  1.643e+00  
2.079e+00  1.643e+00  
2.078e+00  1.644e+00  
2.077e+00  1.645e+00  
2.075e+00  1.646e+00  
2.075e+00  1.647e+00  
2.072e+00  1.649e+00  
2.072e+00  1.649e+00  
2.071e+00  1.651e+00  
2.071e+00  1.651e+00  
2.067e+00  1.653e+00  
2.067e+00  1.653e+00  
2.067e+00  1.654e+00  
2.065e+00  1.655e+00  
2.064e+00  1.656e+00  
2.063e+00  1.657e+00  
2.061e+00  1.659e+00  
2.063e+00  1.659e+00  
2.061e+00  1.659e+00  
2.060e+00  1.659e+00  
2.056e+00  1.663e+00  
2.055e+00  1.663e+00  
2.043e+00  1.675e+00  
2.042e+00  1.675e+00  
2.042e+00  1.675e+00  
2.046e+00  1.675e+00  
2.042e+00  1.675e+00  
2.042e+00  1.675e+00  
2.043e+00  1.675e+00  
2.042e+00  1.675e+00  
2.041e+00  1.676e+00  
2.039e+00  1.681e+00  
2.037e+00  1.681e+00  
2.035e+00  1.682e+00  
2.035e+00  1.683e+00  
2.034e+00  1.683e+00  
2.033e+00  1.684e+00  
2.030e+00  1.686e+00  
2.029e+00  1.688e+00  
2.028e+00  1.690e+00  
2.027e+00  1.690e+00  
2.026e+00  1.690e+00  
2.025e+00  1.691e+00  
2.025e+00  1.691e+00  
2.021e+00  1.698e+00  
2.021e+00  1.698e+00  
2.017e+00  1.698e+00  
2.017e+00  1.698e+00  
2.017e+00  1.698e+00  
2.015e+00  1.706e+00  
2.013e+00  1.706e+00  
2.013e+00  1.706e+00  
2.011e+00  1.706e+00  
2.010e+00  1.706e+00  
2.003e+00  1.711e+00  
2.005e+00  1.711e+00  
2.003e+00  1.711e+00  
2.003e+00  1.711e+00  
2.003e+00  1.711e+00  
2.003e+00  1.711e+00  
2.002e+00  1.721e+00  
2.000e+00  1.721e+00  
1.999e+00  1.723e+00  
2.244e+00  1.564e+00  
1.919e+00  6.578e+00  
2.187e+00  1.565e+00  
2.186e+00  1.566e+00  
2.171e+00  1.570e+00  
2.168e+00  1.573e+00  
2.167e+00  1.575e+00  
2.164e+00  1.577e+00  
2.158e+00  1.581e+00  
2.158e+00  1.581e+00  
2.153e+00  1.584e+00  
2.153e+00  1.586e+00  
2.145e+00  1.590e+00  
2.142e+00  1.592e+00  
2.141e+00  1.593e+00  
2.141e+00  1.593e+00  
2.136e+00  1.598e+00  
2.136e+00  1.598e+00  
2.132e+00  1.600e+00  
2.132e+00  1.600e+00  
2.132e+00  1.600e+00  
2.126e+00  1.605e+00  
2.125e+00  1.607e+00  
2.120e+00  1.609e+00  
2.106e+00  1.621e+00  
2.105e+00  1.621e+00  
2.105e+00  1.624e+00  
2.105e+00  1.624e+00  
2.105e+00  1.626e+00  
2.105e+00  1.626e+00  
2.091e+00  1.633e+00  
2.091e+00  1.634e+00  
2.090e+00  1.636e+00  
2.083e+00  1.640e+00  
2.082e+00  1.640e+00  
2.082e+00  1.641e+00  
2.082e+00  1.641e+00  
2.073e+00  1.648e+00  
2.073e+00  1.648e+00  
2.072e+00  1.650e+00  
2.069e+00  1.652e+00  
2.069e+00  1.654e+00  
2.069e+00  1.658e+00  
2.069e+00  1.654e+00  
2.057e+00  1.663e+00  
2.057e+00  1.663e+00  
2.056e+00  1.663e+00  
2.053e+00  1.667e+00  
2.049e+00  1.670e+00  
2.049e+00  1.671e+00  
2.044e+00  1.674e+00  
2.044e+00  1.674e+00  
2.039e+00  1.678e+00  
2.039e+00  1.678e+00  
2.022e+00  1.697e+00  
2.025e+00  1.697e+00  
2.022e+00  1.697e+00  
2.020e+00  1.697e+00  
2.019e+00  1.698e+00  
2.017e+00  1.698e+00  
2.007e+00  1.709e+00  
2.008e+00  1.709e+00  
2.008e+00  1.709e+00  
2.007e+00  1.710e+00  
2.003e+00  1.711e+00  
2.003e+00  1.711e+00  
1.994e+00  1.720e+00  
1.996e+00  1.720e+00  
1.994e+00  1.720e+00  
1.994e+00  1.720e+00  
1.992e+00  1.727e+00  
1.988e+00  1.730e+00  
1.987e+00  1.730e+00  
1.979e+00  1.740e+00  
1.979e+00  1.740e+00  
1.978e+00  1.741e+00  
1.976e+00  1.743e+00  
1.976e+00  1.746e+00  
1.966e+00  1.762e+00  
1.966e+00  1.762e+00  
1.967e+00  1.762e+00  
1.966e+00  1.762e+00  
1.966e+00  1.763e+00  
1.964e+00  1.776e+00  
1.958e+00  1.790e+00  
1.958e+00  1.790e+00  
1.957e+00  1.791e+00  
1.957e+00  1.791e+00  
1.952e+00  1.817e+00  
1.951e+00  1.824e+00  
1.951e+00  1.836e+00  
1.947e+00  1.832e+00  
1.942e+00  1.851e+00  
1.942e+00  1.851e+00  
1.940e+00  1.920e+00  
1.933e+00  1.967e+00  
1.933e+00  1.967e+00  
1.930e+00  2.011e+00  
1.930e+00  2.018e+00  
1.924e+00  2.320e+00  
2.778e+00  1.449e+00  
1.596e+00  9.541e+00  
1.872e+00  1.449e+00  
1.831e+00  1.452e+00  
1.778e+00  1.454e+00  
1.776e+00  1.454e+00  
1.775e+00  1.456e+00  
1.772e+00  1.458e+00  
1.772e+00  1.458e+00  
1.761e+00  1.463e+00  
1.761e+00  1.465e+00  
1.760e+00  1.467e+00  
1.752e+00  1.469e+00  
1.752e+00  1.470e+00  
1.752e+00  1.472e+00  
1.752e+00  1.473e+00  
1.752e+00  1.474e+00  
1.752e+00  1.477e+00  
1.752e+00  1.477e+00  
1.737e+00  1.483e+00  
1.736e+00  1.485e+00  
1.736e+00  1.486e+00  
1.736e+00  1.488e+00  
1.736e+00  1.492e+00  
1.736e+00  1.494e+00  
1.736e+00  1.495e+00  
1.736e+00  1.495e+00  
1.721e+00  1.502e+00  
1.721e+00  1.502e+00  
1.718e+00  1.502e+00  
1.717e+00  1.504e+00  
1.717e+00  1.506e+00  
1.717e+00  1.505e+00  
1.717e+00  1.506e+00  
1.717e+00  1.505e+00  
1.717e+00  1.506e+00  
1.717e+00  1.506e+00  
1.717e+00  1.506e+00  
1.717e+00  1.506e+00  
1.694e+00  1.530e+00  
1.694e+00  1.530e+00  
1.694e+00  1.530e+00  
1.694e+00  1.530e+00  
1.691e+00  1.530e+00  
1.691e+00  1.531e+00  
1.691e+00  1.530e+00  
1.691e+00  1.531e+00  
1.685e+00  1.540e+00  
1.683e+00  1.540e+00  
1.683e+00  1.541e+00  
1.683e+00  1.541e+00  
1.683e+00  1.542e+00  
1.683e+00  1.542e+00  
1.683e+00  1.541e+00  
1.664e+00  1.562e+00  
1.664e+00  1.564e+00  
1.663e+00  1.568e+00  
1.661e+00  1.572e+00  
1.660e+00  1.574e+00  
1.658e+00  1.575e+00  
1.658e+00  1.575e+00  
1.656e+00  1.581e+00  
1.656e+00  1.584e+00  
1.654e+00  1.591e+00  
1.653e+00  1.592e+00  
1.652e+00  1.595e+00  
1.652e+00  1.596e+00  
1.649e+00  1.605e+00  
1.648e+00  1.610e+00  
1.648e+00  1.611e+00  
1.646e+00  1.616e+00  
1.645e+00  1.619e+00  
1.643e+00  1.625e+00  
1.643e+00  1.632e+00  
1.641e+00  1.635e+00  
1.641e+00  1.640e+00  
1.639e+00  1.649e+00  
1.638e+00  1.653e+00  
1.636e+00  1.661e+00  
1.636e+00  1.665e+00  
1.633e+00  1.676e+00  
1.632e+00  1.683e+00  
1.631e+00  1.691e+00  
1.630e+00  1.706e+00  
1.630e+00  1.706e+00  
1.626e+00  1.727e+00  
1.625e+00  1.753e+00  
1.625e+00  1.753e+00  
1.623e+00  1.790e+00  
1.621e+00  1.800e+00  
1.619e+00  1.801e+00  
1.617e+00  1.857e+00  
1.615e+00  1.872e+00  
1.615e+00  1.883e+00  
1.612e+00  1.974e+00  
1.606e+00  1.992e+00  
1.602e+00  2.076e+00  
1.601e+00  2.076e+00  
1.601e+00  2.076e+00  
1.600e+00  4.707e+00  
1.502e+00  1.016e+00  
1.380e+00  1.272e+00  
1.491e+00  1.017e+00  
1.491e+00  1.017e+00  
1.491e+00  1.017e+00  
1.491e+00  1.017e+00  
1.470e+00  1.021e+00  
1.465e+00  1.022e+00  
1.464e+00  1.022e+00  
1.458e+00  1.023e+00  
1.457e+00  1.023e+00  
1.457e+00  1.025e+00  
1.454e+00  1.025e+00  
1.454e+00  1.026e+00  
1.454e+00  1.025e+00  
1.454e+00  1.026e+00  
1.451e+00  1.029e+00  
1.451e+00  1.029e+00  
1.454e+00  1.027e+00  
1.454e+00  1.028e+00  
1.454e+00  1.027e+00  
1.454e+00  1.025e+00  
1.447e+00  1.035e+00  
1.447e+00  1.035e+00  
1.446e+00  1.036e+00  
1.446e+00  1.037e+00  
1.446e+00  1.037e+00  
1.446e+00  1.038e+00  
1.446e+00  1.038e+00  
1.446e+00  1.037e+00  
1.438e+00  1.042e+00  
1.438e+00  1.042e+00  
1.438e+00  1.043e+00  
1.438e+00  1.043e+00  
1.438e+00  1.043e+00  
1.438e+00  1.043e+00  
1.438e+00  1.046e+00  
1.438e+00  1.043e+00  
1.438e+00  1.046e+00  
1.438e+00  1.044e+00  
1.429e+00  1.054e+00  
1.429e+00  1.054e+00  
1.428e+00  1.054e+00  
1.428e+00  1.054e+00  
1.428e+00  1.054e+00  
1.428e+00  1.054e+00  
1.428e+00  1.056e+00  
1.428e+00  1.056e+00  
1.428e+00  1.054e+00  
1.423e+00  1.061e+00  
1.420e+00  1.064e+00  
1.420e+00  1.064e+00  
1.420e+00  1.064e+00  
1.420e+00  1.064e+00  
1.420e+00  1.064e+00  
1.420e+00  1.064e+00  
1.420e+00  1.065e+00  
1.420e+00  1.065e+00  
1.420e+00  1.064e+00  
1.417e+00  1.073e+00  
1.417e+00  1.073e+00  
1.416e+00  1.074e+00  
1.414e+00  1.074e+00  
1.414e+00  1.074e+00  
1.414e+00  1.077e+00  
1.414e+00  1.077e+00  
1.414e+00  1.078e+00  
1.414e+00  1.077e+00  
1.414e+00  1.078e+00  
1.414e+00  1.078e+00  
1.414e+00  1.093e+00  
1.414e+00  1.096e+00  
1.406e+00  1.103e+00  
1.406e+00  1.101e+00  
1.405e+00  1.105e+00  
1.404e+00  1.105e+00  
1.403e+00  1.106e+00  
1.403e+00  1.107e+00  
1.403e+00  1.110e+00  
1.403e+00  1.107e+00  
1.402e+00  1.113e+00  
1.401e+00  1.114e+00  
1.401e+00  1.114e+00  
1.401e+00  1.113e+00  
1.400e+00  1.125e+00  
1.400e+00  1.125e+00  
1.398e+00  1.126e+00  
1.398e+00  1.126e+00  
1.398e+00  1.130e+00  
1.395e+00  1.149e+00  
1.395e+00  1.149e+00  
1.390e+00  1.187e+00  
1.390e+00  1.187e+00  
1.390e+00  1.187e+00  
1.388e+00  1.189e+00  
1.387e+00  1.190e+00  
1.385e+00  1.200e+00  
1.384e+00  1.200e+00  
1.382e+00  1.226e+00  
1.381e+00  1.242e+00  
