5.642e+00  5.370e+00  
6.746e+00  5.535e+00  
6.499e+00  5.051e+00  
6.807e+00  5.825e+00  
6.437e+00  5.804e+00  
6.772e+00  5.492e+00  
6.711e+00  5.036e+00  
6.428e+00  4.918e+00  
6.567e+00  6.234e+00  
4.987e+00  4.842e+00  
5.878e+00  5.798e+00  
7.055e+00  5.311e+00  
6.928e+00  6.847e+00  
6.954e+00  5.247e+00  
7.458e+00  6.457e+00  
6.064e+00  5.516e+00  
6.181e+00  5.375e+00  
6.515e+00  5.738e+00  
7.641e+00  5.088e+00  
6.959e+00  5.725e+00  
7.463e+00  5.369e+00  
7.004e+00  5.406e+00  
7.362e+00  5.296e+00  
8.466e+00  5.963e+00  
5.083e+00  4.705e+00  
6.595e+00  5.829e+00  
6.874e+00  5.446e+00  
7.459e+00  4.877e+00  
5.184e+00  6.275e+00  
6.080e+00  6.039e+00  
6.841e+00  4.697e+00  
6.646e+00  4.996e+00  
5.004e+00  4.608e+00  
6.801e+00  5.092e+00  
5.862e+00  6.315e+00  
5.495e+00  6.012e+00  
7.018e+00  5.351e+00  
6.244e+00  6.008e+00  
7.781e+00  6.406e+00  
6.211e+00  4.091e+00  
5.179e+00  4.767e+00  
7.206e+00  4.897e+00  
5.986e+00  4.994e+00  
6.151e+00  5.132e+00  
6.108e+00  4.008e+00  
6.311e+00  6.348e+00  
5.748e+00  5.418e+00  
7.009e+00  6.051e+00  
6.276e+00  5.212e+00  
5.177e+00  6.882e+00  
6.169e+00  5.747e+00  
5.246e+00  5.277e+00  
7.064e+00  6.589e+00  
6.312e+00  5.864e+00  
4.905e+00  5.795e+00  
7.582e+00  6.617e+00  
6.857e+00  4.944e+00  
6.764e+00  5.483e+00  
5.294e+00  5.870e+00  
5.770e+00  4.987e+00  
6.880e+00  4.615e+00  
6.460e+00  6.768e+00  
5.245e+00  5.319e+00  
6.539e+00  6.865e+00  
7.744e+00  6.647e+00  
6.343e+00  6.718e+00  
3.729e+00  5.898e+00  
6.898e+00  5.883e+00  
6.316e+00  5.295e+00  
7.631e+00  5.883e+00  
5.232e+00  5.482e+00  
6.818e+00  6.054e+00  
6.443e+00  4.547e+00  
6.250e+00  7.048e+00  
6.478e+00  6.231e+00  
6.287e+00  6.652e+00  
5.539e+00  6.157e+00  
7.401e+00  5.202e+00  
5.464e+00  6.019e+00  
5.876e+00  5.114e+00  
8.084e+00  4.710e+00  
6.642e+00  5.291e+00  
5.635e+00  5.892e+00  
5.954e+00  6.760e+00  
4.194e+00  6.767e+00  
5.965e+00  5.703e+00  
5.652e+00  6.806e+00  
5.957e+00  7.117e+00  
5.236e+00  6.315e+00  
5.564e+00  6.563e+00  
5.707e+00  5.698e+00  
5.846e+00  5.867e+00  
6.932e+00  5.711e+00  
5.532e+00  5.119e+00  
5.751e+00  5.200e+00  
7.348e+00  6.114e+00  
6.177e+00  5.373e+00  
7.949e+00  5.934e+00  
7.779e+00  5.120e+00  
4.795e+00  5.807e+00  
2.483e+00  7.479e-01  
1.483e+00  1.738e+00  
2.473e+00  7.529e-01  
2.453e+00  7.629e-01  
2.434e+00  7.727e-01  
2.415e+00  7.823e-01  
2.397e+00  7.918e-01  
2.379e+00  8.011e-01  
2.362e+00  8.102e-01  
2.345e+00  8.192e-01  
2.329e+00  8.281e-01  
2.313e+00  8.369e-01  
2.297e+00  8.455e-01  
2.282e+00  8.540e-01  
2.267e+00  8.624e-01  
2.252e+00  8.707e-01  
2.238e+00  8.789e-01  
2.224e+00  8.870e-01  
2.210e+00  8.950e-01  
2.197e+00  9.030e-01  
2.184e+00  9.108e-01  
2.171e+00  9.186e-01  
2.158e+00  9.263e-01  
2.145e+00  9.339e-01  
2.133e+00  9.415e-01  
2.121e+00  9.490e-01  
2.109e+00  9.565e-01  
2.098e+00  9.639e-01  
2.086e+00  9.713e-01  
2.075e+00  9.786e-01  
2.064e+00  9.859e-01  
2.053e+00  9.931e-01  
2.042e+00  1.000e+00  
2.031e+00  1.007e+00  
2.021e+00  1.015e+00  
2.010e+00  1.022e+00  
2.000e+00  1.029e+00  
1.990e+00  1.036e+00  
1.980e+00  1.043e+00  
1.970e+00  1.050e+00  
1.961e+00  1.057e+00  
1.951e+00  1.064e+00  
1.942e+00  1.071e+00  
1.932e+00  1.078e+00  
1.923e+00  1.085e+00  
1.914e+00  1.092e+00  
1.905e+00  1.098e+00  
1.896e+00  1.105e+00  
1.887e+00  1.112e+00  
1.878e+00  1.119e+00  
1.869e+00  1.126e+00  
1.861e+00  1.133e+00  
1.852e+00  1.140e+00  
1.844e+00  1.147e+00  
1.835e+00  1.154e+00  
1.827e+00  1.161e+00  
1.819e+00  1.168e+00  
1.811e+00  1.176e+00  
1.802e+00  1.183e+00  
1.794e+00  1.190e+00  
1.786e+00  1.197e+00  
1.778e+00  1.204e+00  
1.771e+00  1.212e+00  
1.763e+00  1.219e+00  
1.755e+00  1.226e+00  
1.747e+00  1.234e+00  
1.740e+00  1.241e+00  
1.732e+00  1.249e+00  
1.724e+00  1.257e+00  
1.717e+00  1.265e+00  
1.709e+00  1.272e+00  
1.702e+00  1.280e+00  
1.694e+00  1.289e+00  
1.687e+00  1.297e+00  
1.679e+00  1.305e+00  
1.672e+00  1.314e+00  
1.664e+00  1.322e+00  
1.657e+00  1.331e+00  
1.650e+00  1.340e+00  
1.642e+00  1.349e+00  
1.635e+00  1.358e+00  
1.627e+00  1.368e+00  
1.620e+00  1.378e+00  
1.613e+00  1.388e+00  
1.605e+00  1.398e+00  
1.598e+00  1.409e+00  
1.591e+00  1.420e+00  
1.583e+00  1.432e+00  
1.576e+00  1.444e+00  
1.568e+00  1.456e+00  
1.561e+00  1.469e+00  
1.553e+00  1.484e+00  
1.545e+00  1.498e+00  
1.538e+00  1.514e+00  
1.530e+00  1.532e+00  
1.522e+00  1.551e+00  
1.514e+00  1.573e+00  
1.505e+00  1.599e+00  
1.497e+00  1.631e+00  
1.488e+00  1.679e+00  
2.483e+00  7.479e-01  
1.483e+00  1.738e+00  
2.473e+00  7.529e-01  
2.453e+00  7.629e-01  
2.434e+00  7.727e-01  
2.415e+00  7.823e-01  
2.397e+00  7.918e-01  
2.379e+00  8.011e-01  
2.362e+00  8.102e-01  
2.345e+00  8.192e-01  
2.329e+00  8.281e-01  
2.313e+00  8.369e-01  
2.297e+00  8.455e-01  
2.282e+00  8.540e-01  
2.267e+00  8.624e-01  
2.252e+00  8.707e-01  
2.238e+00  8.789e-01  
2.224e+00  8.870e-01  
2.210e+00  8.950e-01  
2.197e+00  9.030e-01  
2.184e+00  9.108e-01  
2.171e+00  9.186e-01  
2.158e+00  9.263e-01  
2.145e+00  9.339e-01  
2.133e+00  9.415e-01  
2.121e+00  9.490e-01  
2.109e+00  9.565e-01  
2.098e+00  9.639e-01  
2.086e+00  9.713e-01  
2.075e+00  9.786e-01  
2.064e+00  9.859e-01  
2.053e+00  9.931e-01  
2.042e+00  1.000e+00  
2.031e+00  1.007e+00  
2.021e+00  1.015e+00  
2.010e+00  1.022e+00  
2.000e+00  1.029e+00  
1.990e+00  1.036e+00  
1.980e+00  1.043e+00  
1.970e+00  1.050e+00  
1.961e+00  1.057e+00  
1.951e+00  1.064e+00  
1.942e+00  1.071e+00  
1.932e+00  1.078e+00  
1.923e+00  1.085e+00  
1.914e+00  1.092e+00  
1.905e+00  1.098e+00  
1.896e+00  1.105e+00  
1.887e+00  1.112e+00  
1.878e+00  1.119e+00  
1.869e+00  1.126e+00  
1.861e+00  1.133e+00  
1.852e+00  1.140e+00  
1.844e+00  1.147e+00  
1.835e+00  1.154e+00  
1.827e+00  1.161e+00  
1.819e+00  1.168e+00  
1.811e+00  1.176e+00  
1.802e+00  1.183e+00  
1.794e+00  1.190e+00  
1.786e+00  1.197e+00  
1.778e+00  1.204e+00  
1.771e+00  1.212e+00  
1.763e+00  1.219e+00  
1.755e+00  1.226e+00  
1.747e+00  1.234e+00  
1.739e+00  1.241e+00  
1.732e+00  1.249e+00  
1.724e+00  1.257e+00  
1.717e+00  1.265e+00  
1.709e+00  1.272e+00  
1.702e+00  1.280e+00  
1.694e+00  1.289e+00  
1.687e+00  1.297e+00  
1.679e+00  1.305e+00  
1.672e+00  1.314e+00  
1.664e+00  1.322e+00  
1.657e+00  1.331e+00  
1.650e+00  1.340e+00  
1.642e+00  1.349e+00  
1.635e+00  1.358e+00  
1.627e+00  1.368e+00  
1.620e+00  1.378e+00  
1.613e+00  1.388e+00  
1.605e+00  1.398e+00  
1.598e+00  1.409e+00  
1.591e+00  1.420e+00  
1.583e+00  1.432e+00  
1.576e+00  1.444e+00  
1.568e+00  1.456e+00  
1.561e+00  1.469e+00  
1.553e+00  1.484e+00  
1.545e+00  1.498e+00  
1.538e+00  1.514e+00  
1.530e+00  1.532e+00  
1.522e+00  1.551e+00  
1.514e+00  1.573e+00  
1.505e+00  1.599e+00  
1.497e+00  1.631e+00  
1.488e+00  1.679e+00  
2.483e+00  7.479e-01  
1.483e+00  1.738e+00  
2.473e+00  7.529e-01  
2.453e+00  7.629e-01  
2.434e+00  7.727e-01  
2.415e+00  7.823e-01  
2.397e+00  7.918e-01  
2.379e+00  8.011e-01  
2.362e+00  8.102e-01  
2.345e+00  8.192e-01  
2.329e+00  8.281e-01  
2.313e+00  8.369e-01  
2.297e+00  8.455e-01  
2.282e+00  8.540e-01  
2.267e+00  8.624e-01  
2.252e+00  8.707e-01  
2.238e+00  8.789e-01  
2.224e+00  8.870e-01  
2.210e+00  8.950e-01  
2.197e+00  9.030e-01  
2.184e+00  9.108e-01  
2.171e+00  9.186e-01  
2.158e+00  9.263e-01  
2.145e+00  9.339e-01  
2.133e+00  9.415e-01  
2.121e+00  9.490e-01  
2.109e+00  9.565e-01  
2.098e+00  9.639e-01  
2.086e+00  9.713e-01  
2.075e+00  9.786e-01  
2.064e+00  9.859e-01  
2.053e+00  9.931e-01  
2.042e+00  1.000e+00  
2.031e+00  1.007e+00  
2.021e+00  1.015e+00  
2.010e+00  1.022e+00  
2.000e+00  1.029e+00  
1.990e+00  1.036e+00  
1.980e+00  1.043e+00  
1.970e+00  1.050e+00  
1.961e+00  1.057e+00  
1.951e+00  1.064e+00  
1.942e+00  1.071e+00  
1.932e+00  1.078e+00  
1.923e+00  1.085e+00  
1.914e+00  1.092e+00  
1.905e+00  1.098e+00  
1.896e+00  1.105e+00  
1.887e+00  1.112e+00  
1.878e+00  1.119e+00  
1.869e+00  1.126e+00  
1.861e+00  1.133e+00  
1.852e+00  1.140e+00  
1.844e+00  1.147e+00  
1.835e+00  1.154e+00  
1.827e+00  1.161e+00  
1.819e+00  1.168e+00  
1.811e+00  1.176e+00  
1.803e+00  1.183e+00  
1.794e+00  1.190e+00  
1.786e+00  1.197e+00  
1.778e+00  1.204e+00  
1.771e+00  1.212e+00  
1.763e+00  1.219e+00  
1.755e+00  1.226e+00  
1.747e+00  1.234e+00  
1.739e+00  1.241e+00  
1.732e+00  1.249e+00  
1.724e+00  1.257e+00  
1.717e+00  1.265e+00  
1.709e+00  1.272e+00  
1.702e+00  1.280e+00  
1.694e+00  1.289e+00  
1.687e+00  1.297e+00  
1.679e+00  1.305e+00  
1.672e+00  1.314e+00  
1.664e+00  1.322e+00  
1.657e+00  1.331e+00  
1.650e+00  1.340e+00  
1.642e+00  1.349e+00  
1.635e+00  1.358e+00  
1.627e+00  1.368e+00  
1.620e+00  1.378e+00  
1.613e+00  1.388e+00  
1.605e+00  1.398e+00  
1.598e+00  1.409e+00  
1.591e+00  1.420e+00  
1.583e+00  1.432e+00  
1.576e+00  1.444e+00  
1.568e+00  1.456e+00  
1.561e+00  1.469e+00  
1.553e+00  1.483e+00  
1.545e+00  1.498e+00  
1.538e+00  1.514e+00  
1.530e+00  1.532e+00  
1.522e+00  1.551e+00  
1.514e+00  1.573e+00  
1.505e+00  1.599e+00  
1.497e+00  1.631e+00  
1.488e+00  1.679e+00  
2.483e+00  7.479e-01  
1.483e+00  1.738e+00  
2.473e+00  7.529e-01  
2.453e+00  7.629e-01  
2.434e+00  7.727e-01  
2.415e+00  7.823e-01  
2.397e+00  7.918e-01  
2.379e+00  8.011e-01  
2.362e+00  8.102e-01  
2.345e+00  8.192e-01  
2.329e+00  8.281e-01  
2.313e+00  8.369e-01  
2.297e+00  8.455e-01  
2.282e+00  8.540e-01  
2.267e+00  8.624e-01  
2.252e+00  8.707e-01  
2.238e+00  8.789e-01  
2.224e+00  8.870e-01  
2.210e+00  8.950e-01  
2.197e+00  9.030e-01  
2.184e+00  9.108e-01  
2.171e+00  9.186e-01  
2.158e+00  9.263e-01  
2.145e+00  9.339e-01  
2.133e+00  9.415e-01  
2.121e+00  9.490e-01  
2.109e+00  9.565e-01  
2.098e+00  9.639e-01  
2.086e+00  9.713e-01  
2.075e+00  9.786e-01  
2.064e+00  9.859e-01  
2.053e+00  9.931e-01  
2.042e+00  1.000e+00  
2.031e+00  1.007e+00  
2.021e+00  1.015e+00  
2.010e+00  1.022e+00  
2.000e+00  1.029e+00  
1.990e+00  1.036e+00  
1.980e+00  1.043e+00  
1.970e+00  1.050e+00  
1.961e+00  1.057e+00  
1.951e+00  1.064e+00  
1.942e+00  1.071e+00  
1.932e+00  1.078e+00  
1.923e+00  1.085e+00  
1.914e+00  1.092e+00  
1.905e+00  1.098e+00  
1.896e+00  1.105e+00  
1.887e+00  1.112e+00  
1.878e+00  1.119e+00  
1.869e+00  1.126e+00  
1.861e+00  1.133e+00  
1.852e+00  1.140e+00  
1.844e+00  1.147e+00  
1.835e+00  1.154e+00  
1.827e+00  1.161e+00  
1.819e+00  1.168e+00  
1.811e+00  1.176e+00  
1.803e+00  1.183e+00  
1.794e+00  1.190e+00  
1.786e+00  1.197e+00  
1.778e+00  1.204e+00  
1.771e+00  1.212e+00  
1.763e+00  1.219e+00  
1.755e+00  1.226e+00  
1.747e+00  1.234e+00  
1.739e+00  1.241e+00  
1.732e+00  1.249e+00  
1.724e+00  1.257e+00  
1.717e+00  1.265e+00  
1.709e+00  1.272e+00  
1.702e+00  1.280e+00  
1.694e+00  1.289e+00  
1.687e+00  1.297e+00  
1.679e+00  1.305e+00  
1.672e+00  1.314e+00  
1.664e+00  1.322e+00  
1.657e+00  1.331e+00  
1.650e+00  1.340e+00  
1.642e+00  1.349e+00  
1.635e+00  1.358e+00  
1.627e+00  1.368e+00  
1.620e+00  1.378e+00  
1.613e+00  1.388e+00  
1.605e+00  1.398e+00  
1.598e+00  1.409e+00  
1.591e+00  1.420e+00  
1.583e+00  1.432e+00  
1.576e+00  1.444e+00  
1.568e+00  1.456e+00  
1.561e+00  1.469e+00  
1.553e+00  1.483e+00  
1.545e+00  1.498e+00  
1.538e+00  1.514e+00  
1.530e+00  1.532e+00  
1.522e+00  1.551e+00  
1.514e+00  1.573e+00  
1.505e+00  1.599e+00  
1.497e+00  1.631e+00  
1.488e+00  1.679e+00  
2.483e+00  7.479e-01  
1.483e+00  1.738e+00  
2.473e+00  7.529e-01  
2.453e+00  7.629e-01  
2.434e+00  7.727e-01  
2.415e+00  7.823e-01  
2.397e+00  7.918e-01  
2.379e+00  8.011e-01  
2.362e+00  8.102e-01  
2.345e+00  8.192e-01  
2.329e+00  8.281e-01  
2.313e+00  8.369e-01  
2.297e+00  8.455e-01  
2.282e+00  8.540e-01  
2.267e+00  8.624e-01  
2.252e+00  8.707e-01  
2.238e+00  8.789e-01  
2.224e+00  8.870e-01  
2.210e+00  8.950e-01  
2.197e+00  9.030e-01  
2.184e+00  9.108e-01  
2.171e+00  9.186e-01  
2.158e+00  9.263e-01  
2.145e+00  9.339e-01  
2.133e+00  9.415e-01  
2.121e+00  9.490e-01  
2.109e+00  9.565e-01  
2.098e+00  9.639e-01  
2.086e+00  9.713e-01  
2.075e+00  9.786e-01  
2.064e+00  9.859e-01  
2.053e+00  9.931e-01  
2.042e+00  1.000e+00  
2.031e+00  1.007e+00  
2.021e+00  1.015e+00  
2.010e+00  1.022e+00  
2.000e+00  1.029e+00  
1.990e+00  1.036e+00  
1.980e+00  1.043e+00  
1.970e+00  1.050e+00  
1.961e+00  1.057e+00  
1.951e+00  1.064e+00  
1.942e+00  1.071e+00  
1.932e+00  1.078e+00  
1.923e+00  1.085e+00  
1.914e+00  1.092e+00  
1.905e+00  1.098e+00  
1.896e+00  1.105e+00  
1.887e+00  1.112e+00  
1.878e+00  1.119e+00  
1.869e+00  1.126e+00  
1.861e+00  1.133e+00  
1.852e+00  1.140e+00  
1.844e+00  1.147e+00  
1.835e+00  1.154e+00  
1.827e+00  1.161e+00  
1.819e+00  1.168e+00  
1.811e+00  1.176e+00  
1.803e+00  1.183e+00  
1.794e+00  1.190e+00  
1.786e+00  1.197e+00  
1.778e+00  1.204e+00  
1.771e+00  1.212e+00  
1.763e+00  1.219e+00  
1.755e+00  1.226e+00  
1.747e+00  1.234e+00  
1.739e+00  1.241e+00  
1.732e+00  1.249e+00  
1.724e+00  1.257e+00  
1.717e+00  1.265e+00  
1.709e+00  1.272e+00  
1.702e+00  1.280e+00  
1.694e+00  1.289e+00  
1.687e+00  1.297e+00  
1.679e+00  1.305e+00  
1.672e+00  1.314e+00  
1.664e+00  1.322e+00  
1.657e+00  1.331e+00  
1.650e+00  1.340e+00  
1.642e+00  1.349e+00  
1.635e+00  1.358e+00  
1.627e+00  1.368e+00  
1.620e+00  1.378e+00  
1.613e+00  1.388e+00  
1.605e+00  1.398e+00  
1.598e+00  1.409e+00  
1.591e+00  1.420e+00  
1.583e+00  1.432e+00  
1.576e+00  1.444e+00  
1.568e+00  1.456e+00  
1.561e+00  1.469e+00  
1.553e+00  1.483e+00  
1.545e+00  1.498e+00  
1.538e+00  1.514e+00  
1.530e+00  1.532e+00  
1.522e+00  1.551e+00  
1.514e+00  1.573e+00  
1.505e+00  1.599e+00  
1.497e+00  1.631e+00  
1.488e+00  1.679e+00  
2.483e+00  7.479e-01  
1.483e+00  1.738e+00  
2.473e+00  7.529e-01  
2.453e+00  7.629e-01  
2.434e+00  7.727e-01  
2.415e+00  7.823e-01  
2.397e+00  7.918e-01  
2.379e+00  8.011e-01  
2.362e+00  8.102e-01  
2.345e+00  8.192e-01  
2.329e+00  8.281e-01  
2.313e+00  8.369e-01  
2.297e+00  8.455e-01  
2.282e+00  8.540e-01  
2.267e+00  8.624e-01  
2.252e+00  8.707e-01  
2.238e+00  8.789e-01  
2.224e+00  8.870e-01  
2.210e+00  8.950e-01  
2.197e+00  9.030e-01  
2.184e+00  9.108e-01  
2.171e+00  9.186e-01  
2.158e+00  9.263e-01  
2.145e+00  9.339e-01  
2.133e+00  9.415e-01  
2.121e+00  9.490e-01  
2.109e+00  9.565e-01  
2.098e+00  9.639e-01  
2.086e+00  9.713e-01  
2.075e+00  9.786e-01  
2.064e+00  9.859e-01  
2.053e+00  9.931e-01  
2.042e+00  1.000e+00  
2.031e+00  1.007e+00  
2.021e+00  1.015e+00  
2.010e+00  1.022e+00  
2.000e+00  1.029e+00  
1.990e+00  1.036e+00  
1.980e+00  1.043e+00  
1.970e+00  1.050e+00  
1.961e+00  1.057e+00  
1.951e+00  1.064e+00  
1.942e+00  1.071e+00  
1.932e+00  1.078e+00  
1.923e+00  1.085e+00  
1.914e+00  1.092e+00  
1.905e+00  1.098e+00  
1.896e+00  1.105e+00  
1.887e+00  1.112e+00  
1.878e+00  1.119e+00  
1.869e+00  1.126e+00  
1.861e+00  1.133e+00  
1.852e+00  1.140e+00  
1.844e+00  1.147e+00  
1.835e+00  1.154e+00  
1.827e+00  1.161e+00  
1.819e+00  1.168e+00  
1.811e+00  1.176e+00  
1.803e+00  1.183e+00  
1.794e+00  1.190e+00  
1.786e+00  1.197e+00  
1.778e+00  1.204e+00  
1.771e+00  1.212e+00  
1.763e+00  1.219e+00  
1.755e+00  1.226e+00  
1.747e+00  1.234e+00  
1.739e+00  1.241e+00  
1.732e+00  1.249e+00  
1.724e+00  1.257e+00  
1.717e+00  1.265e+00  
1.709e+00  1.272e+00  
1.702e+00  1.280e+00  
1.694e+00  1.289e+00  
1.687e+00  1.297e+00  
1.679e+00  1.305e+00  
1.672e+00  1.314e+00  
1.664e+00  1.322e+00  
1.657e+00  1.331e+00  
1.650e+00  1.340e+00  
1.642e+00  1.349e+00  
1.635e+00  1.358e+00  
1.627e+00  1.368e+00  
1.620e+00  1.378e+00  
1.613e+00  1.388e+00  
1.605e+00  1.398e+00  
1.598e+00  1.409e+00  
1.591e+00  1.420e+00  
1.583e+00  1.432e+00  
1.576e+00  1.444e+00  
1.568e+00  1.456e+00  
1.561e+00  1.469e+00  
1.553e+00  1.483e+00  
1.545e+00  1.498e+00  
1.538e+00  1.514e+00  
1.530e+00  1.532e+00  
1.522e+00  1.551e+00  
1.514e+00  1.573e+00  
1.505e+00  1.599e+00  
1.497e+00  1.631e+00  
1.488e+00  1.679e+00  
2.483e+00  7.479e-01  
1.483e+00  1.738e+00  
2.473e+00  7.529e-01  
2.453e+00  7.629e-01  
2.434e+00  7.727e-01  
2.415e+00  7.823e-01  
2.397e+00  7.918e-01  
2.379e+00  8.011e-01  
2.362e+00  8.102e-01  
2.345e+00  8.192e-01  
2.329e+00  8.281e-01  
2.313e+00  8.369e-01  
2.297e+00  8.455e-01  
2.282e+00  8.540e-01  
2.267e+00  8.624e-01  
2.252e+00  8.707e-01  
2.238e+00  8.789e-01  
2.224e+00  8.870e-01  
2.210e+00  8.950e-01  
2.197e+00  9.030e-01  
2.184e+00  9.108e-01  
2.171e+00  9.186e-01  
2.158e+00  9.263e-01  
2.145e+00  9.339e-01  
2.133e+00  9.415e-01  
2.121e+00  9.490e-01  
2.109e+00  9.565e-01  
2.098e+00  9.639e-01  
2.086e+00  9.713e-01  
2.075e+00  9.786e-01  
2.064e+00  9.859e-01  
2.053e+00  9.931e-01  
2.042e+00  1.000e+00  
2.031e+00  1.007e+00  
2.021e+00  1.015e+00  
2.010e+00  1.022e+00  
2.000e+00  1.029e+00  
1.990e+00  1.036e+00  
1.980e+00  1.043e+00  
1.970e+00  1.050e+00  
1.961e+00  1.057e+00  
1.951e+00  1.064e+00  
1.942e+00  1.071e+00  
1.932e+00  1.078e+00  
1.923e+00  1.085e+00  
1.914e+00  1.092e+00  
1.905e+00  1.098e+00  
1.896e+00  1.105e+00  
1.887e+00  1.112e+00  
1.878e+00  1.119e+00  
1.869e+00  1.126e+00  
1.861e+00  1.133e+00  
1.852e+00  1.140e+00  
1.844e+00  1.147e+00  
1.835e+00  1.154e+00  
1.827e+00  1.161e+00  
1.819e+00  1.168e+00  
1.811e+00  1.176e+00  
1.803e+00  1.183e+00  
1.794e+00  1.190e+00  
1.786e+00  1.197e+00  
1.778e+00  1.204e+00  
1.771e+00  1.212e+00  
1.763e+00  1.219e+00  
1.755e+00  1.226e+00  
1.747e+00  1.234e+00  
1.739e+00  1.241e+00  
1.732e+00  1.249e+00  
1.724e+00  1.257e+00  
1.717e+00  1.265e+00  
1.709e+00  1.272e+00  
1.702e+00  1.280e+00  
1.694e+00  1.289e+00  
1.687e+00  1.297e+00  
1.679e+00  1.305e+00  
1.672e+00  1.314e+00  
1.664e+00  1.322e+00  
1.657e+00  1.331e+00  
1.650e+00  1.340e+00  
1.642e+00  1.349e+00  
1.635e+00  1.358e+00  
1.627e+00  1.368e+00  
1.620e+00  1.378e+00  
1.613e+00  1.388e+00  
1.605e+00  1.398e+00  
1.598e+00  1.409e+00  
1.591e+00  1.420e+00  
1.583e+00  1.432e+00  
1.576e+00  1.444e+00  
1.568e+00  1.456e+00  
1.561e+00  1.469e+00  
1.553e+00  1.483e+00  
1.545e+00  1.498e+00  
1.538e+00  1.514e+00  
1.530e+00  1.532e+00  
1.522e+00  1.551e+00  
1.514e+00  1.573e+00  
1.505e+00  1.599e+00  
1.497e+00  1.631e+00  
1.488e+00  1.679e+00  
2.483e+00  7.479e-01  
1.483e+00  1.738e+00  
2.473e+00  7.529e-01  
2.453e+00  7.629e-01  
2.434e+00  7.727e-01  
2.415e+00  7.823e-01  
2.397e+00  7.918e-01  
2.379e+00  8.011e-01  
2.362e+00  8.102e-01  
2.345e+00  8.193e-01  
2.329e+00  8.281e-01  
2.313e+00  8.369e-01  
2.297e+00  8.455e-01  
2.282e+00  8.540e-01  
2.267e+00  8.624e-01  
2.252e+00  8.707e-01  
2.238e+00  8.789e-01  
2.224e+00  8.870e-01  
2.210e+00  8.950e-01  
2.197e+00  9.030e-01  
2.184e+00  9.108e-01  
2.171e+00  9.186e-01  
2.158e+00  9.263e-01  
2.145e+00  9.339e-01  
2.133e+00  9.415e-01  
2.121e+00  9.490e-01  
2.109e+00  9.565e-01  
2.098e+00  9.639e-01  
2.086e+00  9.713e-01  
2.075e+00  9.786e-01  
2.064e+00  9.859e-01  
2.053e+00  9.931e-01  
2.042e+00  1.000e+00  
2.031e+00  1.007e+00  
2.021e+00  1.015e+00  
2.010e+00  1.022e+00  
2.000e+00  1.029e+00  
1.990e+00  1.036e+00  
1.980e+00  1.043e+00  
1.970e+00  1.050e+00  
1.961e+00  1.057e+00  
1.951e+00  1.064e+00  
1.942e+00  1.071e+00  
1.932e+00  1.078e+00  
1.923e+00  1.085e+00  
1.914e+00  1.092e+00  
1.905e+00  1.098e+00  
1.896e+00  1.105e+00  
1.887e+00  1.112e+00  
1.878e+00  1.119e+00  
1.869e+00  1.126e+00  
1.861e+00  1.133e+00  
1.852e+00  1.140e+00  
1.844e+00  1.147e+00  
1.835e+00  1.154e+00  
1.827e+00  1.161e+00  
1.819e+00  1.168e+00  
1.811e+00  1.176e+00  
1.803e+00  1.183e+00  
1.794e+00  1.190e+00  
1.786e+00  1.197e+00  
1.778e+00  1.204e+00  
1.771e+00  1.212e+00  
1.763e+00  1.219e+00  
1.755e+00  1.226e+00  
1.747e+00  1.234e+00  
1.739e+00  1.241e+00  
1.732e+00  1.249e+00  
1.724e+00  1.257e+00  
1.717e+00  1.265e+00  
1.709e+00  1.272e+00  
1.702e+00  1.280e+00  
1.694e+00  1.289e+00  
1.687e+00  1.297e+00  
1.679e+00  1.305e+00  
1.672e+00  1.314e+00  
1.664e+00  1.322e+00  
1.657e+00  1.331e+00  
1.650e+00  1.340e+00  
1.642e+00  1.349e+00  
1.635e+00  1.358e+00  
1.627e+00  1.368e+00  
1.620e+00  1.378e+00  
1.613e+00  1.388e+00  
1.605e+00  1.398e+00  
1.598e+00  1.409e+00  
1.591e+00  1.420e+00  
1.583e+00  1.432e+00  
1.576e+00  1.444e+00  
1.568e+00  1.456e+00  
1.561e+00  1.469e+00  
1.553e+00  1.483e+00  
1.545e+00  1.498e+00  
1.538e+00  1.514e+00  
1.530e+00  1.532e+00  
1.522e+00  1.551e+00  
1.514e+00  1.573e+00  
1.505e+00  1.599e+00  
1.497e+00  1.631e+00  
1.488e+00  1.679e+00  
2.483e+00  7.479e-01  
1.483e+00  1.738e+00  
2.473e+00  7.529e-01  
2.453e+00  7.629e-01  
2.434e+00  7.727e-01  
2.415e+00  7.823e-01  
2.397e+00  7.918e-01  
2.379e+00  8.011e-01  
2.362e+00  8.102e-01  
2.345e+00  8.193e-01  
2.329e+00  8.281e-01  
2.313e+00  8.369e-01  
2.297e+00  8.455e-01  
2.282e+00  8.540e-01  
2.267e+00  8.624e-01  
2.252e+00  8.707e-01  
2.238e+00  8.789e-01  
2.224e+00  8.870e-01  
2.210e+00  8.950e-01  
2.197e+00  9.030e-01  
2.184e+00  9.108e-01  
2.171e+00  9.186e-01  
2.158e+00  9.263e-01  
2.145e+00  9.339e-01  
2.133e+00  9.415e-01  
2.121e+00  9.490e-01  
2.109e+00  9.565e-01  
2.098e+00  9.639e-01  
2.086e+00  9.713e-01  
2.075e+00  9.786e-01  
2.064e+00  9.859e-01  
2.053e+00  9.931e-01  
2.042e+00  1.000e+00  
2.031e+00  1.007e+00  
2.021e+00  1.015e+00  
2.010e+00  1.022e+00  
2.000e+00  1.029e+00  
1.990e+00  1.036e+00  
1.980e+00  1.043e+00  
1.970e+00  1.050e+00  
1.961e+00  1.057e+00  
1.951e+00  1.064e+00  
1.942e+00  1.071e+00  
1.932e+00  1.078e+00  
1.923e+00  1.085e+00  
1.914e+00  1.092e+00  
1.905e+00  1.098e+00  
1.896e+00  1.105e+00  
1.887e+00  1.112e+00  
1.878e+00  1.119e+00  
1.869e+00  1.126e+00  
1.861e+00  1.133e+00  
1.852e+00  1.140e+00  
1.844e+00  1.147e+00  
1.835e+00  1.154e+00  
1.827e+00  1.161e+00  
1.819e+00  1.168e+00  
1.811e+00  1.176e+00  
1.803e+00  1.183e+00  
1.794e+00  1.190e+00  
1.786e+00  1.197e+00  
1.778e+00  1.204e+00  
1.771e+00  1.212e+00  
1.763e+00  1.219e+00  
1.755e+00  1.226e+00  
1.747e+00  1.234e+00  
1.739e+00  1.241e+00  
1.732e+00  1.249e+00  
1.724e+00  1.257e+00  
1.717e+00  1.265e+00  
1.709e+00  1.272e+00  
1.702e+00  1.280e+00  
1.694e+00  1.289e+00  
1.687e+00  1.297e+00  
1.679e+00  1.305e+00  
1.672e+00  1.314e+00  
1.664e+00  1.322e+00  
1.657e+00  1.331e+00  
1.650e+00  1.340e+00  
1.642e+00  1.349e+00  
1.635e+00  1.358e+00  
1.627e+00  1.368e+00  
1.620e+00  1.378e+00  
1.613e+00  1.388e+00  
1.605e+00  1.398e+00  
1.598e+00  1.409e+00  
1.591e+00  1.420e+00  
1.583e+00  1.432e+00  
1.576e+00  1.444e+00  
1.568e+00  1.456e+00  
1.561e+00  1.469e+00  
1.553e+00  1.483e+00  
1.545e+00  1.498e+00  
1.538e+00  1.514e+00  
1.530e+00  1.532e+00  
1.522e+00  1.551e+00  
1.514e+00  1.573e+00  
1.505e+00  1.599e+00  
1.497e+00  1.631e+00  
1.488e+00  1.679e+00  
2.483e+00  7.479e-01  
1.483e+00  1.738e+00  
2.473e+00  7.529e-01  
2.453e+00  7.629e-01  
2.434e+00  7.727e-01  
2.415e+00  7.823e-01  
2.397e+00  7.918e-01  
2.379e+00  8.011e-01  
2.362e+00  8.102e-01  
2.345e+00  8.193e-01  
2.329e+00  8.281e-01  
2.313e+00  8.369e-01  
2.297e+00  8.455e-01  
2.282e+00  8.540e-01  
2.267e+00  8.624e-01  
2.252e+00  8.707e-01  
2.238e+00  8.789e-01  
2.224e+00  8.870e-01  
2.210e+00  8.950e-01  
2.197e+00  9.030e-01  
2.184e+00  9.108e-01  
2.171e+00  9.186e-01  
2.158e+00  9.263e-01  
2.145e+00  9.339e-01  
2.133e+00  9.415e-01  
2.121e+00  9.490e-01  
2.109e+00  9.565e-01  
2.098e+00  9.639e-01  
2.086e+00  9.713e-01  
2.075e+00  9.786e-01  
2.064e+00  9.859e-01  
2.053e+00  9.931e-01  
2.042e+00  1.000e+00  
2.031e+00  1.007e+00  
2.021e+00  1.015e+00  
2.010e+00  1.022e+00  
2.000e+00  1.029e+00  
1.990e+00  1.036e+00  
1.980e+00  1.043e+00  
1.970e+00  1.050e+00  
1.961e+00  1.057e+00  
1.951e+00  1.064e+00  
1.942e+00  1.071e+00  
1.932e+00  1.078e+00  
1.923e+00  1.085e+00  
1.914e+00  1.092e+00  
1.905e+00  1.098e+00  
1.896e+00  1.105e+00  
1.887e+00  1.112e+00  
1.878e+00  1.119e+00  
1.869e+00  1.126e+00  
1.861e+00  1.133e+00  
1.852e+00  1.140e+00  
1.844e+00  1.147e+00  
1.835e+00  1.154e+00  
1.827e+00  1.161e+00  
1.819e+00  1.168e+00  
1.811e+00  1.176e+00  
1.803e+00  1.183e+00  
1.794e+00  1.190e+00  
1.786e+00  1.197e+00  
1.778e+00  1.204e+00  
1.771e+00  1.212e+00  
1.763e+00  1.219e+00  
1.755e+00  1.226e+00  
1.747e+00  1.234e+00  
1.739e+00  1.241e+00  
1.732e+00  1.249e+00  
1.724e+00  1.257e+00  
1.717e+00  1.265e+00  
1.709e+00  1.272e+00  
1.702e+00  1.280e+00  
1.694e+00  1.289e+00  
1.687e+00  1.297e+00  
1.679e+00  1.305e+00  
1.672e+00  1.314e+00  
1.664e+00  1.322e+00  
1.657e+00  1.331e+00  
1.650e+00  1.340e+00  
1.642e+00  1.349e+00  
1.635e+00  1.358e+00  
1.627e+00  1.368e+00  
1.620e+00  1.378e+00  
1.613e+00  1.388e+00  
1.605e+00  1.398e+00  
1.598e+00  1.409e+00  
1.591e+00  1.420e+00  
1.583e+00  1.432e+00  
1.576e+00  1.444e+00  
1.568e+00  1.456e+00  
1.561e+00  1.469e+00  
1.553e+00  1.483e+00  
1.545e+00  1.498e+00  
1.538e+00  1.514e+00  
1.530e+00  1.532e+00  
1.522e+00  1.551e+00  
1.514e+00  1.573e+00  
1.505e+00  1.599e+00  
1.497e+00  1.631e+00  
1.488e+00  1.679e+00  
