5.494e+00  6.194e+00  
6.645e+00  4.304e+00  
6.328e+00  6.084e+00  
6.650e+00  3.988e+00  
6.010e+00  4.489e+00  
6.808e+00  5.237e+00  
5.593e+00  5.943e+00  
6.248e+00  5.745e+00  
6.231e+00  6.740e+00  
7.948e+00  7.338e+00  
7.254e+00  6.506e+00  
7.113e+00  5.020e+00  
6.830e+00  5.416e+00  
6.981e+00  5.995e+00  
7.608e+00  4.955e+00  
6.022e+00  6.252e+00  
7.168e+00  4.757e+00  
6.535e+00  7.119e+00  
5.479e+00  5.732e+00  
6.041e+00  6.235e+00  
5.056e+00  6.061e+00  
6.724e+00  4.919e+00  
6.038e+00  4.697e+00  
6.350e+00  5.671e+00  
6.320e+00  5.470e+00  
6.370e+00  5.210e+00  
7.369e+00  5.679e+00  
6.045e+00  5.457e+00  
5.494e+00  6.712e+00  
6.184e+00  4.920e+00  
6.982e+00  4.723e+00  
7.542e+00  4.448e+00  
7.669e+00  4.390e+00  
7.562e+00  5.156e+00  
6.496e+00  7.117e+00  
5.319e+00  5.132e+00  
5.111e+00  6.640e+00  
5.480e+00  5.474e+00  
5.544e+00  5.256e+00  
6.757e+00  5.352e+00  
4.580e+00  4.715e+00  
6.310e+00  6.140e+00  
6.570e+00  5.524e+00  
5.464e+00  5.540e+00  
5.670e+00  6.036e+00  
6.693e+00  4.703e+00  
5.130e+00  6.213e+00  
6.535e+00  5.072e+00  
5.270e+00  4.912e+00  
5.966e+00  6.668e+00  
5.232e+00  6.106e+00  
5.811e+00  4.913e+00  
5.809e+00  4.474e+00  
6.630e+00  4.797e+00  
6.049e+00  6.557e+00  
7.850e+00  6.378e+00  
5.140e+00  4.904e+00  
5.883e+00  6.008e+00  
6.145e+00  5.893e+00  
5.258e+00  4.693e+00  
7.171e+00  5.270e+00  
6.123e+00  7.071e+00  
7.276e+00  5.426e+00  
6.326e+00  5.505e+00  
5.057e+00  6.782e+00  
6.007e+00  4.614e+00  
6.113e+00  6.042e+00  
5.249e+00  4.865e+00  
6.184e+00  5.404e+00  
7.705e+00  6.912e+00  
5.296e+00  4.783e+00  
5.622e+00  4.279e+00  
5.489e+00  5.786e+00  
5.183e+00  5.450e+00  
5.662e+00  4.990e+00  
5.998e+00  4.925e+00  
6.548e+00  4.281e+00  
6.609e+00  5.188e+00  
7.073e+00  5.270e+00  
7.729e+00  4.554e+00  
4.660e+00  7.007e+00  
6.510e+00  4.885e+00  
7.826e+00  5.646e+00  
7.521e+00  5.644e+00  
4.706e+00  5.026e+00  
4.668e+00  5.635e+00  
5.211e+00  6.150e+00  
5.959e+00  7.665e+00  
5.098e+00  3.515e+00  
5.084e+00  6.364e+00  
7.204e+00  4.921e+00  
5.171e+00  5.131e+00  
6.346e+00  5.401e+00  
6.076e+00  6.053e+00  
6.357e+00  5.430e+00  
6.301e+00  5.239e+00  
6.729e+00  6.325e+00  
5.466e+00  6.151e+00  
6.662e+00  3.966e+00  
4.922e+00  4.560e+00  
1.185e+00  8.439e-02  
1.851e-01  1.075e+00  
1.175e+00  8.936e-02  
1.155e+00  9.936e-02  
1.136e+00  1.092e-01  
1.117e+00  1.188e-01  
1.099e+00  1.283e-01  
1.081e+00  1.376e-01  
1.064e+00  1.467e-01  
1.047e+00  1.557e-01  
1.031e+00  1.646e-01  
1.015e+00  1.734e-01  
9.992e-01  1.820e-01  
9.839e-01  1.905e-01  
9.689e-01  1.989e-01  
9.543e-01  2.072e-01  
9.400e-01  2.154e-01  
9.260e-01  2.235e-01  
9.122e-01  2.315e-01  
8.988e-01  2.395e-01  
8.856e-01  2.473e-01  
8.726e-01  2.551e-01  
8.599e-01  2.628e-01  
8.474e-01  2.704e-01  
8.351e-01  2.780e-01  
8.230e-01  2.855e-01  
8.112e-01  2.930e-01  
7.995e-01  3.004e-01  
7.880e-01  3.078e-01  
7.767e-01  3.151e-01  
7.656e-01  3.224e-01  
7.546e-01  3.296e-01  
7.438e-01  3.368e-01  
7.332e-01  3.439e-01  
7.227e-01  3.511e-01  
7.123e-01  3.581e-01  
7.021e-01  3.652e-01  
6.920e-01  3.723e-01  
6.821e-01  3.793e-01  
6.722e-01  3.863e-01  
6.626e-01  3.932e-01  
6.530e-01  4.002e-01  
6.435e-01  4.072e-01  
6.341e-01  4.142e-01  
6.249e-01  4.211e-01  
6.157e-01  4.280e-01  
6.066e-01  4.350e-01  
5.977e-01  4.419e-01  
5.888e-01  4.489e-01  
5.800e-01  4.558e-01  
5.713e-01  4.628e-01  
5.627e-01  4.697e-01  
5.542e-01  4.767e-01  
5.457e-01  4.837e-01  
5.373e-01  4.908e-01  
5.290e-01  4.978e-01  
5.207e-01  5.049e-01  
5.126e-01  5.120e-01  
5.044e-01  5.191e-01  
4.964e-01  5.263e-01  
4.884e-01  5.335e-01  
4.804e-01  5.408e-01  
4.725e-01  5.481e-01  
4.647e-01  5.555e-01  
4.569e-01  5.629e-01  
4.491e-01  5.704e-01  
4.414e-01  5.779e-01  
4.338e-01  5.856e-01  
4.261e-01  5.933e-01  
4.185e-01  6.011e-01  
4.110e-01  6.090e-01  
4.035e-01  6.169e-01  
3.960e-01  6.250e-01  
3.885e-01  6.332e-01  
3.810e-01  6.416e-01  
3.736e-01  6.500e-01  
3.662e-01  6.586e-01  
3.588e-01  6.674e-01  
3.514e-01  6.764e-01  
3.441e-01  6.855e-01  
3.367e-01  6.948e-01  
3.293e-01  7.044e-01  
3.220e-01  7.142e-01  
3.146e-01  7.243e-01  
3.072e-01  7.347e-01  
2.998e-01  7.455e-01  
2.924e-01  7.566e-01  
2.850e-01  7.681e-01  
2.775e-01  7.801e-01  
2.700e-01  7.927e-01  
2.625e-01  8.060e-01  
2.549e-01  8.200e-01  
2.472e-01  8.349e-01  
2.395e-01  8.509e-01  
2.316e-01  8.684e-01  
2.237e-01  8.877e-01  
2.156e-01  9.095e-01  
2.073e-01  9.351e-01  
1.987e-01  9.672e-01  
1.898e-01  1.015e+00  
1.129e+00  8.439e-02  
1.292e-01  1.074e+00  
1.119e+00  8.936e-02  
1.099e+00  9.937e-02  
1.080e+00  1.092e-01  
1.061e+00  1.188e-01  
1.043e+00  1.283e-01  
1.025e+00  1.376e-01  
1.008e+00  1.467e-01  
9.913e-01  1.557e-01  
9.749e-01  1.646e-01  
9.589e-01  1.734e-01  
9.433e-01  1.820e-01  
9.280e-01  1.905e-01  
9.130e-01  1.989e-01  
8.984e-01  2.072e-01  
8.841e-01  2.154e-01  
8.701e-01  2.235e-01  
8.563e-01  2.315e-01  
8.429e-01  2.395e-01  
8.296e-01  2.473e-01  
8.167e-01  2.551e-01  
8.040e-01  2.628e-01  
7.915e-01  2.704e-01  
7.792e-01  2.780e-01  
7.671e-01  2.855e-01  
7.552e-01  2.930e-01  
7.436e-01  3.004e-01  
7.321e-01  3.078e-01  
7.208e-01  3.151e-01  
7.096e-01  3.224e-01  
6.987e-01  3.296e-01  
6.879e-01  3.368e-01  
6.772e-01  3.439e-01  
6.667e-01  3.511e-01  
6.564e-01  3.582e-01  
6.462e-01  3.652e-01  
6.361e-01  3.723e-01  
6.261e-01  3.793e-01  
6.163e-01  3.863e-01  
6.066e-01  3.933e-01  
5.970e-01  4.002e-01  
5.876e-01  4.072e-01  
5.782e-01  4.142e-01  
5.689e-01  4.211e-01  
5.598e-01  4.280e-01  
5.507e-01  4.350e-01  
5.417e-01  4.419e-01  
5.329e-01  4.489e-01  
5.241e-01  4.558e-01  
5.154e-01  4.628e-01  
5.068e-01  4.697e-01  
4.982e-01  4.767e-01  
4.898e-01  4.837e-01  
4.814e-01  4.908e-01  
4.731e-01  4.978e-01  
4.648e-01  5.049e-01  
4.566e-01  5.120e-01  
4.485e-01  5.191e-01  
4.404e-01  5.263e-01  
4.324e-01  5.335e-01  
4.245e-01  5.408e-01  
4.166e-01  5.481e-01  
4.088e-01  5.555e-01  
4.010e-01  5.629e-01  
3.932e-01  5.704e-01  
3.855e-01  5.779e-01  
3.778e-01  5.856e-01  
3.702e-01  5.933e-01  
3.626e-01  6.011e-01  
3.550e-01  6.090e-01  
3.475e-01  6.169e-01  
3.400e-01  6.250e-01  
3.325e-01  6.332e-01  
3.251e-01  6.416e-01  
3.177e-01  6.500e-01  
3.103e-01  6.586e-01  
3.029e-01  6.674e-01  
2.955e-01  6.764e-01  
2.881e-01  6.855e-01  
2.808e-01  6.948e-01  
2.734e-01  7.044e-01  
2.660e-01  7.142e-01  
2.587e-01  7.243e-01  
2.513e-01  7.347e-01  
2.439e-01  7.455e-01  
2.365e-01  7.566e-01  
2.291e-01  7.681e-01  
2.216e-01  7.801e-01  
2.141e-01  7.927e-01  
2.066e-01  8.060e-01  
1.990e-01  8.200e-01  
1.913e-01  8.349e-01  
1.836e-01  8.509e-01  
1.757e-01  8.684e-01  
1.678e-01  8.877e-01  
1.597e-01  9.095e-01  
1.514e-01  9.351e-01  
1.428e-01  9.671e-01  
1.339e-01  1.015e+00  
1.129e+00  8.439e-02  
1.292e-01  1.074e+00  
1.119e+00  8.936e-02  
1.099e+00  9.937e-02  
1.080e+00  1.092e-01  
1.061e+00  1.188e-01  
1.043e+00  1.283e-01  
1.025e+00  1.376e-01  
1.008e+00  1.467e-01  
9.913e-01  1.557e-01  
9.749e-01  1.646e-01  
9.589e-01  1.734e-01  
9.433e-01  1.820e-01  
9.280e-01  1.905e-01  
9.130e-01  1.989e-01  
8.984e-01  2.072e-01  
8.841e-01  2.154e-01  
8.701e-01  2.235e-01  
8.563e-01  2.315e-01  
8.429e-01  2.395e-01  
8.296e-01  2.473e-01  
8.167e-01  2.551e-01  
8.040e-01  2.628e-01  
7.915e-01  2.704e-01  
7.792e-01  2.780e-01  
7.671e-01  2.855e-01  
7.552e-01  2.930e-01  
7.436e-01  3.004e-01  
7.321e-01  3.078e-01  
7.208e-01  3.151e-01  
7.096e-01  3.224e-01  
6.987e-01  3.296e-01  
6.879e-01  3.368e-01  
6.772e-01  3.439e-01  
6.667e-01  3.511e-01  
6.564e-01  3.582e-01  
6.462e-01  3.652e-01  
6.361e-01  3.723e-01  
6.261e-01  3.793e-01  
6.163e-01  3.863e-01  
6.066e-01  3.933e-01  
5.970e-01  4.002e-01  
5.876e-01  4.072e-01  
5.782e-01  4.142e-01  
5.689e-01  4.211e-01  
5.598e-01  4.280e-01  
5.507e-01  4.350e-01  
5.417e-01  4.419e-01  
5.329e-01  4.489e-01  
5.241e-01  4.558e-01  
5.154e-01  4.628e-01  
5.068e-01  4.697e-01  
4.982e-01  4.767e-01  
4.898e-01  4.837e-01  
4.814e-01  4.908e-01  
4.731e-01  4.978e-01  
4.648e-01  5.049e-01  
4.566e-01  5.120e-01  
4.485e-01  5.191e-01  
4.404e-01  5.263e-01  
4.324e-01  5.335e-01  
4.245e-01  5.408e-01  
4.166e-01  5.481e-01  
4.087e-01  5.555e-01  
4.010e-01  5.629e-01  
3.932e-01  5.704e-01  
3.855e-01  5.779e-01  
3.778e-01  5.856e-01  
3.702e-01  5.933e-01  
3.626e-01  6.011e-01  
3.550e-01  6.090e-01  
3.475e-01  6.169e-01  
3.400e-01  6.250e-01  
3.325e-01  6.332e-01  
3.251e-01  6.416e-01  
3.177e-01  6.500e-01  
3.103e-01  6.586e-01  
3.029e-01  6.674e-01  
2.955e-01  6.764e-01  
2.881e-01  6.855e-01  
2.808e-01  6.948e-01  
2.734e-01  7.044e-01  
2.660e-01  7.142e-01  
2.587e-01  7.243e-01  
2.513e-01  7.347e-01  
2.439e-01  7.455e-01  
2.365e-01  7.566e-01  
2.291e-01  7.681e-01  
2.216e-01  7.801e-01  
2.141e-01  7.927e-01  
2.066e-01  8.060e-01  
1.990e-01  8.200e-01  
1.913e-01  8.349e-01  
1.836e-01  8.509e-01  
1.757e-01  8.684e-01  
1.678e-01  8.877e-01  
1.597e-01  9.095e-01  
1.514e-01  9.351e-01  
1.428e-01  9.671e-01  
1.339e-01  1.015e+00  
1.129e+00  8.439e-02  
1.292e-01  1.074e+00  
1.119e+00  8.936e-02  
1.099e+00  9.937e-02  
1.080e+00  1.092e-01  
1.061e+00  1.188e-01  
1.043e+00  1.283e-01  
1.025e+00  1.376e-01  
1.008e+00  1.467e-01  
9.913e-01  1.557e-01  
9.749e-01  1.646e-01  
9.589e-01  1.734e-01  
9.433e-01  1.820e-01  
9.280e-01  1.905e-01  
9.130e-01  1.989e-01  
8.984e-01  2.072e-01  
8.841e-01  2.154e-01  
8.701e-01  2.235e-01  
8.563e-01  2.315e-01  
8.429e-01  2.395e-01  
8.296e-01  2.473e-01  
8.167e-01  2.551e-01  
8.040e-01  2.628e-01  
7.915e-01  2.704e-01  
7.792e-01  2.780e-01  
7.671e-01  2.855e-01  
7.552e-01  2.930e-01  
7.436e-01  3.004e-01  
7.321e-01  3.078e-01  
7.208e-01  3.151e-01  
7.096e-01  3.224e-01  
6.987e-01  3.296e-01  
6.879e-01  3.368e-01  
6.772e-01  3.439e-01  
6.667e-01  3.511e-01  
6.564e-01  3.582e-01  
6.462e-01  3.652e-01  
6.361e-01  3.723e-01  
6.261e-01  3.793e-01  
6.163e-01  3.863e-01  
6.066e-01  3.933e-01  
5.970e-01  4.002e-01  
5.876e-01  4.072e-01  
5.782e-01  4.142e-01  
5.689e-01  4.211e-01  
5.598e-01  4.280e-01  
5.507e-01  4.350e-01  
5.417e-01  4.419e-01  
5.329e-01  4.489e-01  
5.241e-01  4.558e-01  
5.154e-01  4.628e-01  
5.068e-01  4.697e-01  
4.982e-01  4.767e-01  
4.898e-01  4.837e-01  
4.814e-01  4.908e-01  
4.731e-01  4.978e-01  
4.648e-01  5.049e-01  
4.566e-01  5.120e-01  
4.485e-01  5.191e-01  
4.404e-01  5.263e-01  
4.324e-01  5.335e-01  
4.245e-01  5.408e-01  
4.166e-01  5.481e-01  
4.087e-01  5.555e-01  
4.010e-01  5.629e-01  
3.932e-01  5.704e-01  
3.855e-01  5.779e-01  
3.778e-01  5.856e-01  
3.702e-01  5.933e-01  
3.626e-01  6.011e-01  
3.550e-01  6.090e-01  
3.475e-01  6.169e-01  
3.400e-01  6.250e-01  
3.325e-01  6.332e-01  
3.251e-01  6.416e-01  
3.177e-01  6.500e-01  
3.103e-01  6.586e-01  
3.029e-01  6.674e-01  
2.955e-01  6.764e-01  
2.881e-01  6.855e-01  
2.808e-01  6.948e-01  
2.734e-01  7.044e-01  
2.660e-01  7.142e-01  
2.587e-01  7.243e-01  
2.513e-01  7.347e-01  
2.439e-01  7.455e-01  
2.365e-01  7.566e-01  
2.291e-01  7.681e-01  
2.216e-01  7.801e-01  
2.141e-01  7.927e-01  
2.066e-01  8.060e-01  
1.990e-01  8.200e-01  
1.913e-01  8.349e-01  
1.836e-01  8.509e-01  
1.757e-01  8.684e-01  
1.678e-01  8.877e-01  
1.597e-01  9.095e-01  
1.514e-01  9.351e-01  
1.428e-01  9.671e-01  
1.339e-01  1.015e+00  
1.129e+00  8.439e-02  
1.292e-01  1.074e+00  
1.119e+00  8.936e-02  
1.099e+00  9.937e-02  
1.080e+00  1.092e-01  
1.061e+00  1.188e-01  
1.043e+00  1.283e-01  
1.025e+00  1.376e-01  
1.008e+00  1.467e-01  
9.913e-01  1.557e-01  
9.749e-01  1.646e-01  
9.589e-01  1.734e-01  
9.433e-01  1.820e-01  
9.280e-01  1.905e-01  
9.130e-01  1.989e-01  
8.984e-01  2.072e-01  
8.841e-01  2.154e-01  
8.701e-01  2.235e-01  
8.563e-01  2.315e-01  
8.429e-01  2.395e-01  
8.296e-01  2.473e-01  
8.167e-01  2.551e-01  
8.040e-01  2.628e-01  
7.915e-01  2.704e-01  
7.792e-01  2.780e-01  
7.671e-01  2.855e-01  
7.552e-01  2.930e-01  
7.436e-01  3.004e-01  
7.321e-01  3.078e-01  
7.208e-01  3.151e-01  
7.096e-01  3.224e-01  
6.987e-01  3.296e-01  
6.879e-01  3.368e-01  
6.772e-01  3.439e-01  
6.667e-01  3.511e-01  
6.564e-01  3.582e-01  
6.462e-01  3.652e-01  
6.361e-01  3.723e-01  
6.261e-01  3.793e-01  
6.163e-01  3.863e-01  
6.066e-01  3.933e-01  
5.970e-01  4.002e-01  
5.876e-01  4.072e-01  
5.782e-01  4.142e-01  
5.689e-01  4.211e-01  
5.598e-01  4.280e-01  
5.507e-01  4.350e-01  
5.417e-01  4.419e-01  
5.329e-01  4.489e-01  
5.241e-01  4.558e-01  
5.154e-01  4.628e-01  
5.068e-01  4.697e-01  
4.982e-01  4.767e-01  
4.898e-01  4.837e-01  
4.814e-01  4.908e-01  
4.731e-01  4.978e-01  
4.648e-01  5.049e-01  
4.566e-01  5.120e-01  
4.485e-01  5.191e-01  
4.404e-01  5.263e-01  
4.324e-01  5.335e-01  
4.245e-01  5.408e-01  
4.166e-01  5.481e-01  
4.087e-01  5.555e-01  
4.010e-01  5.629e-01  
3.932e-01  5.704e-01  
3.855e-01  5.779e-01  
3.778e-01  5.856e-01  
3.702e-01  5.933e-01  
3.626e-01  6.011e-01  
3.550e-01  6.090e-01  
3.475e-01  6.169e-01  
3.400e-01  6.250e-01  
3.326e-01  6.332e-01  
3.251e-01  6.416e-01  
3.177e-01  6.500e-01  
3.103e-01  6.586e-01  
3.029e-01  6.674e-01  
2.955e-01  6.764e-01  
2.881e-01  6.855e-01  
2.808e-01  6.948e-01  
2.734e-01  7.044e-01  
2.660e-01  7.142e-01  
2.587e-01  7.243e-01  
2.513e-01  7.347e-01  
2.439e-01  7.455e-01  
2.365e-01  7.566e-01  
2.291e-01  7.681e-01  
2.216e-01  7.801e-01  
2.141e-01  7.927e-01  
2.066e-01  8.060e-01  
1.990e-01  8.200e-01  
1.913e-01  8.349e-01  
1.836e-01  8.509e-01  
1.757e-01  8.684e-01  
1.678e-01  8.877e-01  
1.597e-01  9.095e-01  
1.514e-01  9.351e-01  
1.428e-01  9.671e-01  
1.339e-01  1.015e+00  
1.129e+00  8.439e-02  
1.292e-01  1.074e+00  
1.119e+00  8.936e-02  
1.099e+00  9.937e-02  
1.080e+00  1.092e-01  
1.061e+00  1.188e-01  
1.043e+00  1.283e-01  
1.025e+00  1.376e-01  
1.008e+00  1.467e-01  
9.913e-01  1.557e-01  
9.749e-01  1.646e-01  
9.589e-01  1.734e-01  
9.433e-01  1.820e-01  
9.280e-01  1.905e-01  
9.130e-01  1.989e-01  
8.984e-01  2.072e-01  
8.841e-01  2.154e-01  
8.701e-01  2.235e-01  
8.563e-01  2.315e-01  
8.429e-01  2.395e-01  
8.296e-01  2.473e-01  
8.167e-01  2.551e-01  
8.040e-01  2.628e-01  
7.915e-01  2.704e-01  
7.792e-01  2.780e-01  
7.671e-01  2.855e-01  
7.552e-01  2.930e-01  
7.436e-01  3.004e-01  
7.321e-01  3.078e-01  
7.208e-01  3.151e-01  
7.096e-01  3.224e-01  
6.987e-01  3.296e-01  
6.879e-01  3.368e-01  
6.772e-01  3.439e-01  
6.667e-01  3.511e-01  
6.564e-01  3.582e-01  
6.462e-01  3.652e-01  
6.361e-01  3.723e-01  
6.261e-01  3.793e-01  
6.163e-01  3.863e-01  
6.066e-01  3.933e-01  
5.970e-01  4.002e-01  
5.876e-01  4.072e-01  
5.782e-01  4.142e-01  
5.689e-01  4.211e-01  
5.598e-01  4.280e-01  
5.507e-01  4.350e-01  
5.417e-01  4.419e-01  
5.329e-01  4.489e-01  
5.241e-01  4.558e-01  
5.154e-01  4.628e-01  
5.068e-01  4.697e-01  
4.982e-01  4.767e-01  
4.898e-01  4.837e-01  
4.814e-01  4.908e-01  
4.731e-01  4.978e-01  
4.648e-01  5.049e-01  
4.566e-01  5.120e-01  
4.485e-01  5.191e-01  
4.404e-01  5.263e-01  
4.324e-01  5.335e-01  
4.245e-01  5.408e-01  
4.166e-01  5.481e-01  
4.087e-01  5.555e-01  
4.010e-01  5.629e-01  
3.932e-01  5.704e-01  
3.855e-01  5.779e-01  
3.778e-01  5.856e-01  
3.702e-01  5.933e-01  
3.626e-01  6.011e-01  
3.550e-01  6.090e-01  
3.475e-01  6.169e-01  
3.400e-01  6.250e-01  
3.326e-01  6.332e-01  
3.251e-01  6.416e-01  
3.177e-01  6.500e-01  
3.103e-01  6.586e-01  
3.029e-01  6.674e-01  
2.955e-01  6.764e-01  
2.881e-01  6.855e-01  
2.808e-01  6.948e-01  
2.734e-01  7.044e-01  
2.660e-01  7.142e-01  
2.587e-01  7.243e-01  
2.513e-01  7.347e-01  
2.439e-01  7.455e-01  
2.365e-01  7.566e-01  
2.291e-01  7.681e-01  
2.216e-01  7.801e-01  
2.141e-01  7.927e-01  
2.066e-01  8.060e-01  
1.990e-01  8.200e-01  
1.913e-01  8.349e-01  
1.836e-01  8.509e-01  
1.757e-01  8.684e-01  
1.678e-01  8.877e-01  
1.597e-01  9.095e-01  
1.514e-01  9.351e-01  
1.428e-01  9.671e-01  
1.339e-01  1.015e+00  
1.129e+00  8.439e-02  
1.292e-01  1.074e+00  
1.119e+00  8.936e-02  
1.099e+00  9.937e-02  
1.080e+00  1.092e-01  
1.061e+00  1.188e-01  
1.043e+00  1.283e-01  
1.025e+00  1.376e-01  
1.008e+00  1.467e-01  
9.913e-01  1.557e-01  
9.749e-01  1.646e-01  
9.589e-01  1.734e-01  
9.433e-01  1.820e-01  
9.280e-01  1.905e-01  
9.130e-01  1.989e-01  
8.984e-01  2.072e-01  
8.841e-01  2.154e-01  
8.701e-01  2.235e-01  
8.563e-01  2.315e-01  
8.429e-01  2.395e-01  
8.296e-01  2.473e-01  
8.167e-01  2.551e-01  
8.040e-01  2.628e-01  
7.915e-01  2.704e-01  
7.792e-01  2.780e-01  
7.671e-01  2.855e-01  
7.552e-01  2.930e-01  
7.436e-01  3.004e-01  
7.321e-01  3.078e-01  
7.208e-01  3.151e-01  
7.096e-01  3.224e-01  
6.987e-01  3.296e-01  
6.879e-01  3.368e-01  
6.772e-01  3.439e-01  
6.667e-01  3.511e-01  
6.564e-01  3.582e-01  
6.462e-01  3.652e-01  
6.361e-01  3.723e-01  
6.261e-01  3.793e-01  
6.163e-01  3.863e-01  
6.066e-01  3.933e-01  
5.970e-01  4.002e-01  
5.876e-01  4.072e-01  
5.782e-01  4.142e-01  
5.689e-01  4.211e-01  
5.598e-01  4.280e-01  
5.507e-01  4.350e-01  
5.417e-01  4.419e-01  
5.329e-01  4.489e-01  
5.241e-01  4.558e-01  
5.154e-01  4.628e-01  
5.068e-01  4.697e-01  
4.982e-01  4.767e-01  
4.898e-01  4.837e-01  
4.814e-01  4.908e-01  
4.731e-01  4.978e-01  
4.648e-01  5.049e-01  
4.566e-01  5.120e-01  
4.485e-01  5.191e-01  
4.404e-01  5.263e-01  
4.324e-01  5.335e-01  
4.245e-01  5.408e-01  
4.166e-01  5.481e-01  
4.087e-01  5.555e-01  
4.010e-01  5.629e-01  
3.932e-01  5.704e-01  
3.855e-01  5.779e-01  
3.778e-01  5.856e-01  
3.702e-01  5.933e-01  
3.626e-01  6.011e-01  
3.550e-01  6.090e-01  
3.475e-01  6.169e-01  
3.400e-01  6.250e-01  
3.326e-01  6.332e-01  
3.251e-01  6.416e-01  
3.177e-01  6.500e-01  
3.103e-01  6.586e-01  
3.029e-01  6.674e-01  
2.955e-01  6.764e-01  
2.881e-01  6.855e-01  
2.808e-01  6.948e-01  
2.734e-01  7.044e-01  
2.660e-01  7.142e-01  
2.587e-01  7.243e-01  
2.513e-01  7.347e-01  
2.439e-01  7.455e-01  
2.365e-01  7.566e-01  
2.291e-01  7.681e-01  
2.216e-01  7.801e-01  
2.141e-01  7.927e-01  
2.066e-01  8.060e-01  
1.990e-01  8.200e-01  
1.913e-01  8.349e-01  
1.836e-01  8.509e-01  
1.757e-01  8.684e-01  
1.678e-01  8.877e-01  
1.597e-01  9.095e-01  
1.514e-01  9.351e-01  
1.428e-01  9.671e-01  
1.339e-01  1.015e+00  
1.129e+00  8.439e-02  
1.292e-01  1.074e+00  
1.119e+00  8.936e-02  
1.099e+00  9.937e-02  
1.080e+00  1.092e-01  
1.061e+00  1.188e-01  
1.043e+00  1.283e-01  
1.025e+00  1.376e-01  
1.008e+00  1.467e-01  
9.913e-01  1.557e-01  
9.749e-01  1.646e-01  
9.589e-01  1.734e-01  
9.433e-01  1.820e-01  
9.280e-01  1.905e-01  
9.130e-01  1.989e-01  
8.984e-01  2.072e-01  
8.841e-01  2.154e-01  
8.701e-01  2.235e-01  
8.563e-01  2.315e-01  
8.429e-01  2.395e-01  
8.296e-01  2.473e-01  
8.167e-01  2.551e-01  
8.040e-01  2.628e-01  
7.915e-01  2.704e-01  
7.792e-01  2.780e-01  
7.671e-01  2.855e-01  
7.552e-01  2.930e-01  
7.436e-01  3.004e-01  
7.321e-01  3.078e-01  
7.208e-01  3.151e-01  
7.096e-01  3.224e-01  
6.987e-01  3.296e-01  
6.879e-01  3.368e-01  
6.772e-01  3.439e-01  
6.667e-01  3.511e-01  
6.564e-01  3.582e-01  
6.462e-01  3.652e-01  
6.361e-01  3.723e-01  
6.261e-01  3.793e-01  
6.163e-01  3.863e-01  
6.066e-01  3.933e-01  
5.970e-01  4.002e-01  
5.876e-01  4.072e-01  
5.782e-01  4.142e-01  
5.689e-01  4.211e-01  
5.598e-01  4.280e-01  
5.507e-01  4.350e-01  
5.417e-01  4.419e-01  
5.329e-01  4.489e-01  
5.241e-01  4.558e-01  
5.154e-01  4.628e-01  
5.068e-01  4.697e-01  
4.982e-01  4.767e-01  
4.898e-01  4.837e-01  
4.814e-01  4.908e-01  
4.731e-01  4.978e-01  
4.648e-01  5.049e-01  
4.566e-01  5.120e-01  
4.485e-01  5.191e-01  
4.404e-01  5.263e-01  
4.324e-01  5.335e-01  
4.245e-01  5.408e-01  
4.166e-01  5.481e-01  
4.087e-01  5.555e-01  
4.010e-01  5.629e-01  
3.932e-01  5.704e-01  
3.855e-01  5.779e-01  
3.778e-01  5.856e-01  
3.702e-01  5.933e-01  
3.626e-01  6.011e-01  
3.550e-01  6.090e-01  
3.475e-01  6.169e-01  
3.400e-01  6.250e-01  
3.326e-01  6.332e-01  
3.251e-01  6.416e-01  
3.177e-01  6.500e-01  
3.103e-01  6.586e-01  
3.029e-01  6.674e-01  
2.955e-01  6.764e-01  
2.881e-01  6.855e-01  
2.808e-01  6.948e-01  
2.734e-01  7.044e-01  
2.660e-01  7.142e-01  
2.587e-01  7.243e-01  
2.513e-01  7.347e-01  
2.439e-01  7.455e-01  
2.365e-01  7.566e-01  
2.291e-01  7.681e-01  
2.216e-01  7.801e-01  
2.141e-01  7.927e-01  
2.066e-01  8.060e-01  
1.990e-01  8.200e-01  
1.913e-01  8.349e-01  
1.836e-01  8.509e-01  
1.757e-01  8.684e-01  
1.678e-01  8.877e-01  
1.597e-01  9.095e-01  
1.514e-01  9.351e-01  
1.428e-01  9.671e-01  
1.339e-01  1.015e+00  
1.129e+00  8.439e-02  
1.292e-01  1.074e+00  
1.119e+00  8.936e-02  
1.099e+00  9.937e-02  
1.080e+00  1.092e-01  
1.061e+00  1.188e-01  
1.043e+00  1.283e-01  
1.025e+00  1.376e-01  
1.008e+00  1.467e-01  
9.913e-01  1.557e-01  
9.749e-01  1.646e-01  
9.589e-01  1.734e-01  
9.433e-01  1.820e-01  
9.280e-01  1.905e-01  
9.130e-01  1.989e-01  
8.984e-01  2.072e-01  
8.841e-01  2.154e-01  
8.701e-01  2.235e-01  
8.563e-01  2.315e-01  
8.429e-01  2.395e-01  
8.296e-01  2.473e-01  
8.167e-01  2.551e-01  
8.040e-01  2.628e-01  
7.915e-01  2.704e-01  
7.792e-01  2.780e-01  
7.671e-01  2.855e-01  
7.552e-01  2.930e-01  
7.436e-01  3.004e-01  
7.321e-01  3.078e-01  
7.208e-01  3.151e-01  
7.096e-01  3.224e-01  
6.987e-01  3.296e-01  
6.879e-01  3.368e-01  
6.772e-01  3.439e-01  
6.667e-01  3.511e-01  
6.564e-01  3.582e-01  
6.462e-01  3.652e-01  
6.361e-01  3.723e-01  
6.261e-01  3.793e-01  
6.163e-01  3.863e-01  
6.066e-01  3.933e-01  
5.970e-01  4.002e-01  
5.876e-01  4.072e-01  
5.782e-01  4.142e-01  
5.689e-01  4.211e-01  
5.598e-01  4.280e-01  
5.507e-01  4.350e-01  
5.417e-01  4.419e-01  
5.329e-01  4.489e-01  
5.241e-01  4.558e-01  
5.154e-01  4.628e-01  
5.068e-01  4.697e-01  
4.982e-01  4.767e-01  
4.898e-01  4.837e-01  
4.814e-01  4.908e-01  
4.731e-01  4.978e-01  
4.648e-01  5.049e-01  
4.566e-01  5.120e-01  
4.485e-01  5.191e-01  
4.404e-01  5.263e-01  
4.324e-01  5.335e-01  
4.245e-01  5.408e-01  
4.166e-01  5.481e-01  
4.087e-01  5.555e-01  
4.010e-01  5.629e-01  
3.932e-01  5.704e-01  
3.855e-01  5.779e-01  
3.778e-01  5.856e-01  
3.702e-01  5.933e-01  
3.626e-01  6.011e-01  
3.550e-01  6.090e-01  
3.475e-01  6.169e-01  
3.400e-01  6.250e-01  
3.326e-01  6.332e-01  
3.251e-01  6.416e-01  
3.177e-01  6.500e-01  
3.103e-01  6.586e-01  
3.029e-01  6.674e-01  
2.955e-01  6.764e-01  
2.881e-01  6.855e-01  
2.808e-01  6.948e-01  
2.734e-01  7.044e-01  
2.660e-01  7.142e-01  
2.587e-01  7.243e-01  
2.513e-01  7.347e-01  
2.439e-01  7.455e-01  
2.365e-01  7.566e-01  
2.291e-01  7.681e-01  
2.216e-01  7.801e-01  
2.141e-01  7.927e-01  
2.066e-01  8.060e-01  
1.990e-01  8.200e-01  
1.913e-01  8.349e-01  
1.836e-01  8.509e-01  
1.757e-01  8.684e-01  
1.678e-01  8.877e-01  
1.597e-01  9.095e-01  
1.514e-01  9.351e-01  
1.428e-01  9.671e-01  
1.339e-01  1.015e+00  
1.129e+00  8.439e-02  
1.292e-01  1.074e+00  
1.119e+00  8.936e-02  
1.099e+00  9.937e-02  
1.080e+00  1.092e-01  
1.061e+00  1.188e-01  
1.043e+00  1.283e-01  
1.025e+00  1.376e-01  
1.008e+00  1.467e-01  
9.913e-01  1.557e-01  
9.749e-01  1.646e-01  
9.589e-01  1.734e-01  
9.433e-01  1.820e-01  
9.280e-01  1.905e-01  
9.130e-01  1.989e-01  
8.984e-01  2.072e-01  
8.841e-01  2.154e-01  
8.701e-01  2.235e-01  
8.563e-01  2.315e-01  
8.429e-01  2.395e-01  
8.296e-01  2.473e-01  
8.167e-01  2.551e-01  
8.040e-01  2.628e-01  
7.915e-01  2.704e-01  
7.792e-01  2.780e-01  
7.671e-01  2.855e-01  
7.552e-01  2.930e-01  
7.436e-01  3.004e-01  
7.321e-01  3.078e-01  
7.208e-01  3.151e-01  
7.096e-01  3.224e-01  
6.987e-01  3.296e-01  
6.879e-01  3.368e-01  
6.772e-01  3.439e-01  
6.667e-01  3.511e-01  
6.564e-01  3.582e-01  
6.462e-01  3.652e-01  
6.361e-01  3.723e-01  
6.261e-01  3.793e-01  
6.163e-01  3.863e-01  
6.066e-01  3.933e-01  
5.970e-01  4.002e-01  
5.876e-01  4.072e-01  
5.782e-01  4.142e-01  
5.689e-01  4.211e-01  
5.598e-01  4.280e-01  
5.507e-01  4.350e-01  
5.417e-01  4.419e-01  
5.329e-01  4.489e-01  
5.241e-01  4.558e-01  
5.154e-01  4.628e-01  
5.068e-01  4.697e-01  
4.982e-01  4.767e-01  
4.898e-01  4.837e-01  
4.814e-01  4.908e-01  
4.731e-01  4.978e-01  
4.648e-01  5.049e-01  
4.566e-01  5.120e-01  
4.485e-01  5.191e-01  
4.404e-01  5.263e-01  
4.324e-01  5.335e-01  
4.245e-01  5.408e-01  
4.166e-01  5.481e-01  
4.087e-01  5.555e-01  
4.010e-01  5.629e-01  
3.932e-01  5.704e-01  
3.855e-01  5.779e-01  
3.778e-01  5.856e-01  
3.702e-01  5.933e-01  
3.626e-01  6.011e-01  
3.550e-01  6.090e-01  
3.475e-01  6.169e-01  
3.400e-01  6.250e-01  
3.326e-01  6.332e-01  
3.251e-01  6.416e-01  
3.177e-01  6.500e-01  
3.103e-01  6.586e-01  
3.029e-01  6.674e-01  
2.955e-01  6.764e-01  
2.881e-01  6.855e-01  
2.808e-01  6.948e-01  
2.734e-01  7.044e-01  
2.660e-01  7.142e-01  
2.587e-01  7.243e-01  
2.513e-01  7.347e-01  
2.439e-01  7.455e-01  
2.365e-01  7.566e-01  
2.291e-01  7.681e-01  
2.216e-01  7.801e-01  
2.141e-01  7.927e-01  
2.066e-01  8.060e-01  
1.990e-01  8.200e-01  
1.913e-01  8.349e-01  
1.836e-01  8.509e-01  
1.757e-01  8.684e-01  
1.678e-01  8.877e-01  
1.597e-01  9.095e-01  
1.514e-01  9.351e-01  
1.428e-01  9.671e-01  
1.339e-01  1.015e+00  
