5.483e+00  4.763e+00  
5.046e+00  6.972e+00  
5.357e+00  6.339e+00  
6.029e+00  6.097e+00  
6.140e+00  5.847e+00  
7.294e+00  6.716e+00  
6.427e+00  4.967e+00  
5.100e+00  7.670e+00  
6.547e+00  5.821e+00  
7.154e+00  4.639e+00  
6.983e+00  5.345e+00  
7.058e+00  5.410e+00  
5.461e+00  7.686e+00  
6.760e+00  6.445e+00  
6.501e+00  5.806e+00  
5.449e+00  6.264e+00  
5.725e+00  6.508e+00  
5.942e+00  5.449e+00  
5.047e+00  8.555e+00  
5.641e+00  5.628e+00  
7.118e+00  6.156e+00  
5.976e+00  7.048e+00  
7.137e+00  6.312e+00  
5.054e+00  6.208e+00  
5.526e+00  5.630e+00  
6.435e+00  7.238e+00  
7.104e+00  5.787e+00  
5.651e+00  5.584e+00  
6.588e+00  7.768e+00  
5.473e+00  5.488e+00  
6.368e+00  6.548e+00  
5.679e+00  7.235e+00  
6.364e+00  6.201e+00  
7.304e+00  5.822e+00  
6.426e+00  6.076e+00  
6.895e+00  5.038e+00  
7.437e+00  4.925e+00  
5.677e+00  4.650e+00  
5.774e+00  6.143e+00  
7.802e+00  5.858e+00  
5.111e+00  5.305e+00  
4.203e+00  6.399e+00  
7.211e+00  4.247e+00  
6.631e+00  6.021e+00  
5.984e+00  5.261e+00  
7.936e+00  5.560e+00  
6.855e+00  6.708e+00  
7.150e+00  6.360e+00  
7.110e+00  5.324e+00  
7.293e+00  5.485e+00  
7.033e+00  5.354e+00  
6.825e+00  6.256e+00  
7.679e+00  4.710e+00  
7.314e+00  5.126e+00  
6.866e+00  5.038e+00  
6.093e+00  5.401e+00  
7.551e+00  6.526e+00  
6.821e+00  6.802e+00  
6.313e+00  5.821e+00  
7.289e+00  6.018e+00  
6.473e+00  7.449e+00  
6.640e+00  5.270e+00  
5.803e+00  6.610e+00  
5.928e+00  5.811e+00  
6.160e+00  7.109e+00  
5.314e+00  5.832e+00  
6.721e+00  6.035e+00  
8.027e+00  5.219e+00  
6.133e+00  5.721e+00  
6.127e+00  6.203e+00  
6.670e+00  5.281e+00  
5.723e+00  4.813e+00  
6.273e+00  6.728e+00  
7.197e+00  6.703e+00  
5.947e+00  5.976e+00  
8.104e+00  5.790e+00  
5.285e+00  6.504e+00  
6.286e+00  5.957e+00  
5.070e+00  5.426e+00  
6.400e+00  6.730e+00  
4.992e+00  6.110e+00  
6.468e+00  5.749e+00  
7.596e+00  6.083e+00  
6.163e+00  3.997e+00  
5.504e+00  5.693e+00  
6.280e+00  5.135e+00  
6.389e+00  6.022e+00  
5.660e+00  5.023e+00  
7.133e+00  5.685e+00  
6.330e+00  6.712e+00  
7.156e+00  6.167e+00  
7.601e+00  5.695e+00  
6.191e+00  5.090e+00  
6.613e+00  5.004e+00  
5.768e+00  6.564e+00  
5.528e+00  7.212e+00  
4.603e+00  5.391e+00  
5.453e+00  5.900e+00  
5.991e+00  6.118e+00  
6.749e+00  7.304e+00  
1.000e+00  1.739e-04  
2.871e-04  9.920e-01  
9.908e-01  4.974e-03  
9.706e-01  1.518e-02  
9.514e-01  2.495e-02  
9.328e-01  3.463e-02  
9.147e-01  4.392e-02  
8.971e-01  5.333e-02  
8.795e-01  6.244e-02  
8.628e-01  7.147e-02  
8.464e-01  8.032e-02  
8.303e-01  8.915e-02  
8.147e-01  9.790e-02  
7.996e-01  1.065e-01  
7.844e-01  1.146e-01  
7.832e-01  1.153e-01  
7.539e-01  1.340e-01  
7.502e-01  1.349e-01  
7.239e-01  1.516e-01  
7.143e-01  1.554e-01  
7.015e-01  1.628e-01  
6.885e-01  1.711e-01  
6.755e-01  1.786e-01  
6.635e-01  1.858e-01  
6.513e-01  1.934e-01  
6.389e-01  2.012e-01  
6.270e-01  2.088e-01  
6.149e-01  2.163e-01  
6.034e-01  2.237e-01  
5.922e-01  2.309e-01  
5.808e-01  2.385e-01  
5.702e-01  2.454e-01  
5.598e-01  2.528e-01  
5.487e-01  2.600e-01  
5.382e-01  2.671e-01  
5.281e-01  2.743e-01  
5.175e-01  2.811e-01  
5.073e-01  2.883e-01  
4.974e-01  2.952e-01  
4.877e-01  3.023e-01  
4.780e-01  3.095e-01  
4.683e-01  3.163e-01  
4.589e-01  3.232e-01  
4.494e-01  3.302e-01  
4.402e-01  3.373e-01  
4.306e-01  3.441e-01  
4.223e-01  3.504e-01  
4.136e-01  3.584e-01  
4.040e-01  3.649e-01  
3.957e-01  3.724e-01  
3.869e-01  3.794e-01  
3.780e-01  3.858e-01  
3.695e-01  3.930e-01  
3.603e-01  4.003e-01  
3.520e-01  4.072e-01  
3.445e-01  4.148e-01  
3.362e-01  4.207e-01  
3.270e-01  4.286e-01  
3.189e-01  4.359e-01  
3.118e-01  4.424e-01  
3.034e-01  4.496e-01  
2.951e-01  4.572e-01  
2.876e-01  4.643e-01  
2.797e-01  4.721e-01  
2.789e-01  4.721e-01  
2.537e-01  5.000e-01  
2.537e-01  5.000e-01  
2.501e-01  5.000e-01  
2.501e-01  5.000e-01  
2.262e-01  5.284e-01  
2.262e-01  5.284e-01  
2.186e-01  5.328e-01  
2.110e-01  5.411e-01  
2.034e-01  5.492e-01  
1.961e-01  5.573e-01  
1.887e-01  5.658e-01  
1.815e-01  5.743e-01  
1.740e-01  5.833e-01  
1.665e-01  5.925e-01  
1.589e-01  6.015e-01  
1.517e-01  6.109e-01  
1.445e-01  6.205e-01  
1.372e-01  6.309e-01  
1.294e-01  6.408e-01  
1.224e-01  6.511e-01  
1.150e-01  6.612e-01  
1.076e-01  6.725e-01  
1.000e-01  6.847e-01  
9.268e-02  6.967e-01  
8.522e-02  7.088e-01  
7.757e-02  7.223e-01  
7.009e-02  7.372e-01  
6.230e-02  7.522e-01  
5.459e-02  7.677e-01  
4.667e-02  7.856e-01  
3.865e-02  8.047e-01  
3.077e-02  8.258e-01  
2.248e-02  8.519e-01  
1.373e-02  8.846e-01  
4.925e-03  9.331e-01  
9.998e-01  1.399e-04  
9.983e-05  9.901e-01  
9.899e-01  5.116e-03  
9.701e-01  1.512e-02  
9.508e-01  2.493e-02  
9.321e-01  3.456e-02  
9.140e-01  4.403e-02  
8.962e-01  5.333e-02  
8.790e-01  6.248e-02  
8.622e-01  7.149e-02  
8.458e-01  8.037e-02  
8.298e-01  8.911e-02  
8.142e-01  9.773e-02  
7.989e-01  1.062e-01  
7.840e-01  1.146e-01  
7.800e-01  1.169e-01  
7.500e-01  1.340e-01  
7.500e-01  1.340e-01  
7.200e-01  1.515e-01  
7.137e-01  1.552e-01  
7.005e-01  1.631e-01  
6.876e-01  1.708e-01  
6.748e-01  1.785e-01  
6.623e-01  1.862e-01  
6.501e-01  1.938e-01  
6.380e-01  2.013e-01  
6.261e-01  2.088e-01  
6.145e-01  2.162e-01  
6.030e-01  2.235e-01  
5.917e-01  2.308e-01  
5.805e-01  2.381e-01  
5.696e-01  2.453e-01  
5.588e-01  2.525e-01  
5.481e-01  2.597e-01  
5.376e-01  2.668e-01  
5.273e-01  2.739e-01  
5.171e-01  2.810e-01  
5.070e-01  2.880e-01  
4.970e-01  2.950e-01  
4.872e-01  3.020e-01  
4.775e-01  3.090e-01  
4.679e-01  3.160e-01  
4.584e-01  3.229e-01  
4.491e-01  3.299e-01  
4.398e-01  3.368e-01  
4.307e-01  3.438e-01  
4.216e-01  3.507e-01  
4.126e-01  3.577e-01  
4.038e-01  3.646e-01  
3.950e-01  3.716e-01  
3.863e-01  3.785e-01  
3.777e-01  3.855e-01  
3.691e-01  3.925e-01  
3.607e-01  3.995e-01  
3.523e-01  4.065e-01  
3.440e-01  4.136e-01  
3.357e-01  4.206e-01  
3.275e-01  4.277e-01  
3.194e-01  4.349e-01  
3.113e-01  4.421e-01  
3.033e-01  4.493e-01  
2.954e-01  4.565e-01  
2.875e-01  4.639e-01  
2.800e-01  4.709e-01  
2.788e-01  4.721e-01  
2.500e-01  5.000e-01  
2.500e-01  5.000e-01  
2.500e-01  5.000e-01  
2.500e-01  5.000e-01  
2.224e-01  5.284e-01  
2.224e-01  5.284e-01  
2.183e-01  5.328e-01  
2.109e-01  5.408e-01  
2.035e-01  5.490e-01  
1.960e-01  5.573e-01  
1.886e-01  5.658e-01  
1.812e-01  5.744e-01  
1.738e-01  5.832e-01  
1.664e-01  5.921e-01  
1.590e-01  6.012e-01  
1.517e-01  6.106e-01  
1.443e-01  6.202e-01  
1.369e-01  6.300e-01  
1.296e-01  6.401e-01  
1.222e-01  6.505e-01  
1.148e-01  6.612e-01  
1.074e-01  6.723e-01  
9.997e-02  6.838e-01  
9.251e-02  6.959e-01  
8.501e-02  7.085e-01  
7.747e-02  7.217e-01  
6.987e-02  7.357e-01  
6.220e-02  7.506e-01  
5.446e-02  7.667e-01  
4.662e-02  7.841e-01  
3.867e-02  8.034e-01  
3.056e-02  8.252e-01  
2.227e-02  8.508e-01  
1.372e-02  8.829e-01  
4.775e-03  9.309e-01  
9.998e-01  1.316e-04  
9.928e-05  9.901e-01  
9.899e-01  5.108e-03  
9.701e-01  1.511e-02  
9.508e-01  2.492e-02  
9.321e-01  3.456e-02  
9.140e-01  4.402e-02  
8.963e-01  5.332e-02  
8.790e-01  6.247e-02  
8.622e-01  7.148e-02  
8.458e-01  8.036e-02  
8.298e-01  8.910e-02  
8.142e-01  9.773e-02  
7.989e-01  1.062e-01  
7.840e-01  1.146e-01  
7.800e-01  1.169e-01  
7.500e-01  1.340e-01  
7.500e-01  1.340e-01  
7.200e-01  1.515e-01  
7.137e-01  1.552e-01  
7.005e-01  1.631e-01  
6.876e-01  1.708e-01  
6.748e-01  1.785e-01  
6.623e-01  1.862e-01  
6.501e-01  1.938e-01  
6.380e-01  2.013e-01  
6.261e-01  2.087e-01  
6.145e-01  2.162e-01  
6.030e-01  2.235e-01  
5.917e-01  2.308e-01  
5.805e-01  2.381e-01  
5.696e-01  2.453e-01  
5.588e-01  2.525e-01  
5.481e-01  2.597e-01  
5.376e-01  2.668e-01  
5.273e-01  2.739e-01  
5.171e-01  2.810e-01  
5.070e-01  2.880e-01  
4.970e-01  2.950e-01  
4.872e-01  3.020e-01  
4.775e-01  3.090e-01  
4.679e-01  3.160e-01  
4.585e-01  3.229e-01  
4.491e-01  3.299e-01  
4.398e-01  3.368e-01  
4.307e-01  3.438e-01  
4.216e-01  3.507e-01  
4.126e-01  3.577e-01  
4.038e-01  3.646e-01  
3.950e-01  3.716e-01  
3.863e-01  3.785e-01  
3.777e-01  3.855e-01  
3.691e-01  3.925e-01  
3.607e-01  3.995e-01  
3.523e-01  4.065e-01  
3.440e-01  4.136e-01  
3.357e-01  4.206e-01  
3.275e-01  4.277e-01  
3.194e-01  4.349e-01  
3.113e-01  4.421e-01  
3.033e-01  4.493e-01  
2.954e-01  4.565e-01  
2.875e-01  4.639e-01  
2.800e-01  4.709e-01  
2.788e-01  4.721e-01  
2.500e-01  5.000e-01  
2.500e-01  5.000e-01  
2.500e-01  5.000e-01  
2.500e-01  5.000e-01  
2.224e-01  5.284e-01  
2.224e-01  5.284e-01  
2.183e-01  5.328e-01  
2.109e-01  5.408e-01  
2.035e-01  5.490e-01  
1.960e-01  5.573e-01  
1.886e-01  5.658e-01  
1.812e-01  5.744e-01  
1.738e-01  5.832e-01  
1.664e-01  5.921e-01  
1.590e-01  6.012e-01  
1.517e-01  6.106e-01  
1.443e-01  6.202e-01  
1.369e-01  6.300e-01  
1.296e-01  6.401e-01  
1.222e-01  6.505e-01  
1.148e-01  6.612e-01  
1.074e-01  6.723e-01  
9.997e-02  6.838e-01  
9.251e-02  6.959e-01  
8.501e-02  7.085e-01  
7.747e-02  7.217e-01  
6.987e-02  7.357e-01  
6.220e-02  7.506e-01  
5.446e-02  7.667e-01  
4.662e-02  7.841e-01  
3.866e-02  8.034e-01  
3.056e-02  8.252e-01  
2.227e-02  8.508e-01  
1.372e-02  8.829e-01  
4.774e-03  9.309e-01  
9.998e-01  1.314e-04  
9.928e-05  9.901e-01  
9.899e-01  5.108e-03  
9.701e-01  1.511e-02  
9.508e-01  2.492e-02  
9.321e-01  3.456e-02  
9.140e-01  4.402e-02  
8.963e-01  5.332e-02  
8.790e-01  6.247e-02  
8.622e-01  7.148e-02  
8.458e-01  8.036e-02  
8.298e-01  8.910e-02  
8.141e-01  9.773e-02  
7.989e-01  1.062e-01  
7.840e-01  1.146e-01  
7.800e-01  1.169e-01  
7.500e-01  1.340e-01  
7.500e-01  1.340e-01  
7.200e-01  1.515e-01  
7.137e-01  1.552e-01  
7.005e-01  1.631e-01  
6.876e-01  1.708e-01  
6.748e-01  1.785e-01  
6.624e-01  1.862e-01  
6.501e-01  1.938e-01  
6.380e-01  2.013e-01  
6.261e-01  2.087e-01  
6.145e-01  2.162e-01  
6.030e-01  2.235e-01  
5.917e-01  2.308e-01  
5.805e-01  2.381e-01  
5.696e-01  2.453e-01  
5.588e-01  2.525e-01  
5.481e-01  2.597e-01  
5.376e-01  2.668e-01  
5.273e-01  2.739e-01  
5.171e-01  2.810e-01  
5.070e-01  2.880e-01  
4.970e-01  2.950e-01  
4.872e-01  3.020e-01  
4.775e-01  3.090e-01  
4.679e-01  3.160e-01  
4.585e-01  3.229e-01  
4.491e-01  3.299e-01  
4.398e-01  3.368e-01  
4.307e-01  3.438e-01  
4.216e-01  3.507e-01  
4.126e-01  3.577e-01  
4.038e-01  3.646e-01  
3.950e-01  3.716e-01  
3.863e-01  3.785e-01  
3.777e-01  3.855e-01  
3.691e-01  3.925e-01  
3.607e-01  3.995e-01  
3.523e-01  4.065e-01  
3.440e-01  4.136e-01  
3.357e-01  4.206e-01  
3.275e-01  4.277e-01  
3.194e-01  4.349e-01  
3.113e-01  4.421e-01  
3.033e-01  4.493e-01  
2.954e-01  4.565e-01  
2.875e-01  4.639e-01  
2.800e-01  4.709e-01  
2.788e-01  4.721e-01  
2.500e-01  5.000e-01  
2.500e-01  5.000e-01  
2.500e-01  5.000e-01  
2.500e-01  5.000e-01  
2.224e-01  5.284e-01  
2.224e-01  5.284e-01  
2.183e-01  5.328e-01  
2.109e-01  5.408e-01  
2.035e-01  5.490e-01  
1.960e-01  5.573e-01  
1.886e-01  5.658e-01  
1.812e-01  5.744e-01  
1.738e-01  5.832e-01  
1.664e-01  5.921e-01  
1.590e-01  6.012e-01  
1.517e-01  6.106e-01  
1.443e-01  6.202e-01  
1.369e-01  6.300e-01  
1.296e-01  6.401e-01  
1.222e-01  6.505e-01  
1.148e-01  6.612e-01  
1.074e-01  6.723e-01  
9.997e-02  6.838e-01  
9.251e-02  6.959e-01  
8.501e-02  7.085e-01  
7.747e-02  7.217e-01  
6.987e-02  7.357e-01  
6.220e-02  7.506e-01  
5.446e-02  7.667e-01  
4.662e-02  7.841e-01  
3.866e-02  8.034e-01  
3.056e-02  8.252e-01  
2.227e-02  8.508e-01  
1.372e-02  8.829e-01  
4.774e-03  9.309e-01  
9.998e-01  1.314e-04  
9.922e-05  9.901e-01  
9.899e-01  5.108e-03  
9.701e-01  1.511e-02  
9.508e-01  2.492e-02  
9.321e-01  3.456e-02  
9.140e-01  4.402e-02  
8.963e-01  5.332e-02  
8.790e-01  6.247e-02  
8.622e-01  7.148e-02  
8.458e-01  8.036e-02  
8.298e-01  8.910e-02  
8.141e-01  9.773e-02  
7.989e-01  1.062e-01  
7.840e-01  1.146e-01  
7.800e-01  1.169e-01  
7.500e-01  1.340e-01  
7.500e-01  1.340e-01  
7.200e-01  1.515e-01  
7.137e-01  1.552e-01  
7.005e-01  1.631e-01  
6.876e-01  1.708e-01  
6.748e-01  1.785e-01  
6.624e-01  1.862e-01  
6.501e-01  1.938e-01  
6.380e-01  2.013e-01  
6.261e-01  2.087e-01  
6.145e-01  2.162e-01  
6.030e-01  2.235e-01  
5.917e-01  2.308e-01  
5.805e-01  2.381e-01  
5.696e-01  2.453e-01  
5.588e-01  2.525e-01  
5.481e-01  2.597e-01  
5.376e-01  2.668e-01  
5.273e-01  2.739e-01  
5.171e-01  2.810e-01  
5.070e-01  2.880e-01  
4.970e-01  2.950e-01  
4.872e-01  3.020e-01  
4.775e-01  3.090e-01  
4.679e-01  3.160e-01  
4.585e-01  3.229e-01  
4.491e-01  3.299e-01  
4.398e-01  3.368e-01  
4.307e-01  3.438e-01  
4.216e-01  3.507e-01  
4.126e-01  3.577e-01  
4.038e-01  3.646e-01  
3.950e-01  3.716e-01  
3.863e-01  3.785e-01  
3.777e-01  3.855e-01  
3.691e-01  3.925e-01  
3.607e-01  3.995e-01  
3.523e-01  4.065e-01  
3.440e-01  4.136e-01  
3.357e-01  4.206e-01  
3.275e-01  4.277e-01  
3.194e-01  4.349e-01  
3.113e-01  4.421e-01  
3.033e-01  4.493e-01  
2.954e-01  4.565e-01  
2.875e-01  4.639e-01  
2.800e-01  4.709e-01  
2.788e-01  4.721e-01  
2.500e-01  5.000e-01  
2.500e-01  5.000e-01  
2.500e-01  5.000e-01  
2.500e-01  5.000e-01  
2.224e-01  5.284e-01  
2.224e-01  5.284e-01  
2.183e-01  5.328e-01  
2.109e-01  5.408e-01  
2.035e-01  5.490e-01  
1.960e-01  5.573e-01  
1.886e-01  5.658e-01  
1.812e-01  5.744e-01  
1.738e-01  5.832e-01  
1.664e-01  5.921e-01  
1.590e-01  6.012e-01  
1.517e-01  6.106e-01  
1.443e-01  6.202e-01  
1.369e-01  6.300e-01  
1.296e-01  6.401e-01  
1.222e-01  6.505e-01  
1.148e-01  6.612e-01  
1.074e-01  6.723e-01  
9.997e-02  6.838e-01  
9.251e-02  6.959e-01  
8.501e-02  7.085e-01  
7.747e-02  7.217e-01  
6.987e-02  7.357e-01  
6.220e-02  7.506e-01  
5.446e-02  7.667e-01  
4.662e-02  7.841e-01  
3.866e-02  8.034e-01  
3.056e-02  8.252e-01  
2.227e-02  8.508e-01  
1.372e-02  8.829e-01  
4.774e-03  9.309e-01  
9.999e-01  8.856e-05  
9.922e-05  9.900e-01  
9.900e-01  5.056e-03  
9.701e-01  1.508e-02  
9.508e-01  2.489e-02  
9.322e-01  3.452e-02  
9.140e-01  4.397e-02  
8.963e-01  5.329e-02  
8.790e-01  6.245e-02  
8.622e-01  7.146e-02  
8.458e-01  8.032e-02  
8.298e-01  8.908e-02  
8.142e-01  9.770e-02  
7.989e-01  1.062e-01  
7.840e-01  1.146e-01  
7.800e-01  1.169e-01  
7.500e-01  1.340e-01  
7.500e-01  1.340e-01  
7.200e-01  1.515e-01  
7.137e-01  1.552e-01  
7.005e-01  1.630e-01  
6.876e-01  1.708e-01  
6.748e-01  1.785e-01  
6.623e-01  1.862e-01  
6.501e-01  1.937e-01  
6.380e-01  2.013e-01  
6.261e-01  2.087e-01  
6.145e-01  2.161e-01  
6.030e-01  2.235e-01  
5.917e-01  2.308e-01  
5.805e-01  2.381e-01  
5.696e-01  2.453e-01  
5.588e-01  2.525e-01  
5.481e-01  2.596e-01  
5.377e-01  2.668e-01  
5.273e-01  2.739e-01  
5.171e-01  2.809e-01  
5.070e-01  2.880e-01  
4.970e-01  2.950e-01  
4.872e-01  3.020e-01  
4.775e-01  3.090e-01  
4.679e-01  3.159e-01  
4.585e-01  3.229e-01  
4.491e-01  3.299e-01  
4.398e-01  3.368e-01  
4.307e-01  3.438e-01  
4.216e-01  3.507e-01  
4.127e-01  3.576e-01  
4.038e-01  3.646e-01  
3.950e-01  3.715e-01  
3.863e-01  3.785e-01  
3.777e-01  3.855e-01  
3.691e-01  3.924e-01  
3.607e-01  3.994e-01  
3.523e-01  4.065e-01  
3.440e-01  4.135e-01  
3.357e-01  4.206e-01  
3.275e-01  4.277e-01  
3.194e-01  4.348e-01  
3.113e-01  4.420e-01  
3.033e-01  4.492e-01  
2.954e-01  4.565e-01  
2.875e-01  4.638e-01  
2.800e-01  4.709e-01  
2.788e-01  4.721e-01  
2.500e-01  5.000e-01  
2.500e-01  5.000e-01  
2.500e-01  5.000e-01  
2.500e-01  5.000e-01  
2.224e-01  5.284e-01  
2.224e-01  5.284e-01  
2.183e-01  5.327e-01  
2.109e-01  5.407e-01  
2.034e-01  5.489e-01  
1.960e-01  5.573e-01  
1.886e-01  5.657e-01  
1.812e-01  5.744e-01  
1.738e-01  5.831e-01  
1.664e-01  5.921e-01  
1.590e-01  6.012e-01  
1.517e-01  6.106e-01  
1.443e-01  6.201e-01  
1.369e-01  6.299e-01  
1.296e-01  6.400e-01  
1.222e-01  6.504e-01  
1.148e-01  6.612e-01  
1.074e-01  6.723e-01  
9.997e-02  6.838e-01  
9.251e-02  6.958e-01  
8.501e-02  7.084e-01  
7.746e-02  7.217e-01  
6.987e-02  7.357e-01  
6.220e-02  7.506e-01  
5.446e-02  7.666e-01  
4.662e-02  7.841e-01  
3.866e-02  8.034e-01  
3.056e-02  8.252e-01  
2.227e-02  8.508e-01  
1.372e-02  8.829e-01  
4.774e-03  9.309e-01  
9.998e-01  1.002e-04  
9.920e-05  9.900e-01  
9.899e-01  5.076e-03  
9.701e-01  1.508e-02  
9.508e-01  2.489e-02  
9.321e-01  3.452e-02  
9.140e-01  4.399e-02  
8.963e-01  5.329e-02  
8.790e-01  6.244e-02  
8.622e-01  7.145e-02  
8.458e-01  8.033e-02  
8.298e-01  8.907e-02  
8.141e-01  9.770e-02  
7.989e-01  1.062e-01  
7.840e-01  1.146e-01  
7.800e-01  1.169e-01  
7.500e-01  1.340e-01  
7.500e-01  1.340e-01  
7.200e-01  1.515e-01  
7.137e-01  1.552e-01  
7.005e-01  1.630e-01  
6.876e-01  1.708e-01  
6.748e-01  1.785e-01  
6.624e-01  1.862e-01  
6.501e-01  1.937e-01  
6.380e-01  2.012e-01  
6.261e-01  2.087e-01  
6.145e-01  2.161e-01  
6.030e-01  2.235e-01  
5.917e-01  2.308e-01  
5.805e-01  2.381e-01  
5.696e-01  2.453e-01  
5.588e-01  2.525e-01  
5.481e-01  2.596e-01  
5.376e-01  2.668e-01  
5.273e-01  2.739e-01  
5.171e-01  2.809e-01  
5.070e-01  2.880e-01  
4.970e-01  2.950e-01  
4.872e-01  3.020e-01  
4.775e-01  3.090e-01  
4.679e-01  3.159e-01  
4.585e-01  3.229e-01  
4.491e-01  3.299e-01  
4.398e-01  3.368e-01  
4.307e-01  3.437e-01  
4.216e-01  3.507e-01  
4.126e-01  3.576e-01  
4.038e-01  3.646e-01  
3.950e-01  3.715e-01  
3.863e-01  3.785e-01  
3.777e-01  3.855e-01  
3.691e-01  3.924e-01  
3.607e-01  3.994e-01  
3.523e-01  4.065e-01  
3.440e-01  4.135e-01  
3.357e-01  4.206e-01  
3.275e-01  4.277e-01  
3.194e-01  4.348e-01  
3.113e-01  4.420e-01  
3.033e-01  4.492e-01  
2.954e-01  4.565e-01  
2.875e-01  4.638e-01  
2.800e-01  4.709e-01  
2.788e-01  4.721e-01  
2.500e-01  5.000e-01  
2.500e-01  5.000e-01  
2.500e-01  5.000e-01  
2.500e-01  5.000e-01  
2.224e-01  5.284e-01  
2.224e-01  5.284e-01  
2.183e-01  5.327e-01  
2.109e-01  5.407e-01  
2.035e-01  5.489e-01  
1.960e-01  5.573e-01  
1.886e-01  5.657e-01  
1.812e-01  5.744e-01  
1.738e-01  5.831e-01  
1.664e-01  5.921e-01  
1.590e-01  6.012e-01  
1.517e-01  6.106e-01  
1.443e-01  6.201e-01  
1.369e-01  6.299e-01  
1.296e-01  6.400e-01  
1.222e-01  6.504e-01  
1.148e-01  6.612e-01  
1.074e-01  6.723e-01  
9.997e-02  6.838e-01  
9.251e-02  6.958e-01  
8.501e-02  7.084e-01  
7.747e-02  7.217e-01  
6.987e-02  7.357e-01  
6.220e-02  7.506e-01  
5.446e-02  7.666e-01  
4.662e-02  7.841e-01  
3.866e-02  8.034e-01  
3.056e-02  8.252e-01  
2.227e-02  8.508e-01  
1.372e-02  8.829e-01  
4.774e-03  9.309e-01  
9.998e-01  1.002e-04  
9.906e-05  9.900e-01  
9.899e-01  5.076e-03  
9.701e-01  1.508e-02  
9.508e-01  2.489e-02  
9.321e-01  3.452e-02  
9.140e-01  4.399e-02  
8.963e-01  5.329e-02  
8.790e-01  6.244e-02  
8.622e-01  7.145e-02  
8.458e-01  8.033e-02  
8.298e-01  8.907e-02  
8.141e-01  9.770e-02  
7.989e-01  1.062e-01  
7.840e-01  1.146e-01  
7.800e-01  1.168e-01  
7.500e-01  1.340e-01  
7.500e-01  1.340e-01  
7.200e-01  1.515e-01  
7.137e-01  1.552e-01  
7.005e-01  1.630e-01  
6.876e-01  1.708e-01  
6.748e-01  1.785e-01  
6.624e-01  1.862e-01  
6.501e-01  1.937e-01  
6.380e-01  2.012e-01  
6.261e-01  2.087e-01  
6.145e-01  2.161e-01  
6.030e-01  2.235e-01  
5.917e-01  2.308e-01  
5.805e-01  2.381e-01  
5.696e-01  2.453e-01  
5.588e-01  2.525e-01  
5.481e-01  2.596e-01  
5.376e-01  2.668e-01  
5.273e-01  2.739e-01  
5.171e-01  2.809e-01  
5.070e-01  2.880e-01  
4.970e-01  2.950e-01  
4.872e-01  3.020e-01  
4.775e-01  3.090e-01  
4.679e-01  3.159e-01  
4.585e-01  3.229e-01  
4.491e-01  3.299e-01  
4.398e-01  3.368e-01  
4.307e-01  3.437e-01  
4.216e-01  3.507e-01  
4.126e-01  3.576e-01  
4.038e-01  3.646e-01  
3.950e-01  3.715e-01  
3.863e-01  3.785e-01  
3.777e-01  3.855e-01  
3.691e-01  3.924e-01  
3.607e-01  3.994e-01  
3.523e-01  4.065e-01  
3.440e-01  4.135e-01  
3.357e-01  4.206e-01  
3.275e-01  4.277e-01  
3.194e-01  4.348e-01  
3.113e-01  4.420e-01  
3.033e-01  4.492e-01  
2.954e-01  4.565e-01  
2.875e-01  4.638e-01  
2.800e-01  4.709e-01  
2.788e-01  4.720e-01  
2.500e-01  5.000e-01  
2.500e-01  5.000e-01  
2.500e-01  5.000e-01  
2.500e-01  5.000e-01  
2.224e-01  5.284e-01  
2.224e-01  5.284e-01  
2.183e-01  5.327e-01  
2.109e-01  5.407e-01  
2.035e-01  5.489e-01  
1.960e-01  5.573e-01  
1.886e-01  5.657e-01  
1.812e-01  5.744e-01  
1.738e-01  5.831e-01  
1.664e-01  5.921e-01  
1.590e-01  6.012e-01  
1.517e-01  6.106e-01  
1.443e-01  6.201e-01  
1.369e-01  6.299e-01  
1.296e-01  6.400e-01  
1.222e-01  6.504e-01  
1.148e-01  6.612e-01  
1.074e-01  6.723e-01  
9.997e-02  6.838e-01  
9.251e-02  6.958e-01  
8.501e-02  7.084e-01  
7.747e-02  7.217e-01  
6.987e-02  7.357e-01  
6.220e-02  7.506e-01  
5.446e-02  7.666e-01  
4.662e-02  7.841e-01  
3.866e-02  8.034e-01  
3.056e-02  8.252e-01  
2.227e-02  8.508e-01  
1.372e-02  8.829e-01  
4.774e-03  9.309e-01  
9.998e-01  1.002e-04  
9.906e-05  9.900e-01  
9.899e-01  5.076e-03  
9.701e-01  1.508e-02  
9.508e-01  2.489e-02  
9.321e-01  3.452e-02  
9.140e-01  4.399e-02  
8.963e-01  5.329e-02  
8.790e-01  6.244e-02  
8.622e-01  7.145e-02  
8.458e-01  8.033e-02  
8.298e-01  8.907e-02  
8.141e-01  9.770e-02  
7.989e-01  1.062e-01  
7.840e-01  1.146e-01  
7.800e-01  1.168e-01  
7.500e-01  1.340e-01  
7.500e-01  1.340e-01  
7.200e-01  1.515e-01  
7.137e-01  1.552e-01  
7.005e-01  1.630e-01  
6.876e-01  1.708e-01  
6.748e-01  1.785e-01  
6.624e-01  1.862e-01  
6.501e-01  1.937e-01  
6.380e-01  2.012e-01  
6.261e-01  2.087e-01  
6.145e-01  2.161e-01  
6.030e-01  2.235e-01  
5.917e-01  2.308e-01  
5.805e-01  2.381e-01  
5.696e-01  2.453e-01  
5.588e-01  2.525e-01  
5.481e-01  2.596e-01  
5.376e-01  2.668e-01  
5.273e-01  2.739e-01  
5.171e-01  2.809e-01  
5.070e-01  2.880e-01  
4.970e-01  2.950e-01  
4.872e-01  3.020e-01  
4.775e-01  3.090e-01  
4.679e-01  3.159e-01  
4.585e-01  3.229e-01  
4.491e-01  3.299e-01  
4.398e-01  3.368e-01  
4.307e-01  3.437e-01  
4.216e-01  3.507e-01  
4.126e-01  3.576e-01  
4.038e-01  3.646e-01  
3.950e-01  3.715e-01  
3.863e-01  3.785e-01  
3.777e-01  3.855e-01  
3.691e-01  3.924e-01  
3.607e-01  3.994e-01  
3.523e-01  4.065e-01  
3.440e-01  4.135e-01  
3.357e-01  4.206e-01  
3.275e-01  4.277e-01  
3.194e-01  4.348e-01  
3.113e-01  4.420e-01  
3.033e-01  4.492e-01  
2.954e-01  4.565e-01  
2.875e-01  4.638e-01  
2.800e-01  4.709e-01  
2.788e-01  4.720e-01  
2.500e-01  5.000e-01  
2.500e-01  5.000e-01  
2.500e-01  5.000e-01  
2.500e-01  5.000e-01  
2.224e-01  5.284e-01  
2.224e-01  5.284e-01  
2.183e-01  5.327e-01  
2.109e-01  5.407e-01  
2.035e-01  5.489e-01  
1.960e-01  5.573e-01  
1.886e-01  5.657e-01  
1.812e-01  5.744e-01  
1.738e-01  5.831e-01  
1.664e-01  5.921e-01  
1.590e-01  6.012e-01  
1.517e-01  6.106e-01  
1.443e-01  6.201e-01  
1.369e-01  6.299e-01  
1.296e-01  6.400e-01  
1.222e-01  6.504e-01  
1.148e-01  6.612e-01  
1.074e-01  6.723e-01  
9.997e-02  6.838e-01  
9.251e-02  6.958e-01  
8.501e-02  7.084e-01  
7.747e-02  7.217e-01  
6.987e-02  7.357e-01  
6.220e-02  7.506e-01  
5.446e-02  7.666e-01  
4.662e-02  7.841e-01  
3.866e-02  8.034e-01  
3.056e-02  8.252e-01  
2.227e-02  8.508e-01  
1.372e-02  8.829e-01  
4.774e-03  9.309e-01  
9.998e-01  1.002e-04  
9.906e-05  9.900e-01  
9.899e-01  5.076e-03  
9.701e-01  1.508e-02  
9.508e-01  2.489e-02  
9.321e-01  3.452e-02  
9.140e-01  4.399e-02  
8.963e-01  5.329e-02  
8.790e-01  6.244e-02  
8.622e-01  7.145e-02  
8.458e-01  8.033e-02  
8.298e-01  8.907e-02  
8.141e-01  9.770e-02  
7.989e-01  1.062e-01  
7.840e-01  1.146e-01  
7.800e-01  1.168e-01  
7.500e-01  1.340e-01  
7.500e-01  1.340e-01  
7.200e-01  1.515e-01  
7.137e-01  1.552e-01  
7.005e-01  1.630e-01  
6.876e-01  1.708e-01  
6.748e-01  1.785e-01  
6.624e-01  1.862e-01  
6.501e-01  1.937e-01  
6.380e-01  2.012e-01  
6.261e-01  2.087e-01  
6.145e-01  2.161e-01  
6.030e-01  2.235e-01  
5.917e-01  2.308e-01  
5.805e-01  2.381e-01  
5.696e-01  2.453e-01  
5.588e-01  2.525e-01  
5.481e-01  2.596e-01  
5.376e-01  2.668e-01  
5.273e-01  2.739e-01  
5.171e-01  2.809e-01  
5.070e-01  2.880e-01  
4.970e-01  2.950e-01  
4.872e-01  3.020e-01  
4.775e-01  3.090e-01  
4.679e-01  3.159e-01  
4.585e-01  3.229e-01  
4.491e-01  3.299e-01  
4.398e-01  3.368e-01  
4.307e-01  3.437e-01  
4.216e-01  3.507e-01  
4.126e-01  3.576e-01  
4.038e-01  3.646e-01  
3.950e-01  3.715e-01  
3.863e-01  3.785e-01  
3.777e-01  3.855e-01  
3.691e-01  3.924e-01  
3.607e-01  3.994e-01  
3.523e-01  4.065e-01  
3.440e-01  4.135e-01  
3.357e-01  4.206e-01  
3.275e-01  4.277e-01  
3.194e-01  4.348e-01  
3.113e-01  4.420e-01  
3.033e-01  4.492e-01  
2.954e-01  4.565e-01  
2.875e-01  4.638e-01  
2.800e-01  4.709e-01  
2.788e-01  4.720e-01  
2.500e-01  5.000e-01  
2.500e-01  5.000e-01  
2.500e-01  5.000e-01  
2.500e-01  5.000e-01  
2.224e-01  5.284e-01  
2.224e-01  5.284e-01  
2.183e-01  5.327e-01  
2.109e-01  5.407e-01  
2.035e-01  5.489e-01  
1.960e-01  5.573e-01  
1.886e-01  5.657e-01  
1.812e-01  5.744e-01  
1.738e-01  5.831e-01  
1.664e-01  5.921e-01  
1.590e-01  6.012e-01  
1.517e-01  6.106e-01  
1.443e-01  6.201e-01  
1.369e-01  6.299e-01  
1.296e-01  6.400e-01  
1.222e-01  6.504e-01  
1.148e-01  6.612e-01  
1.074e-01  6.723e-01  
9.997e-02  6.838e-01  
9.251e-02  6.958e-01  
8.501e-02  7.084e-01  
7.747e-02  7.217e-01  
6.987e-02  7.357e-01  
6.220e-02  7.506e-01  
5.446e-02  7.666e-01  
4.662e-02  7.841e-01  
3.866e-02  8.034e-01  
3.056e-02  8.252e-01  
2.227e-02  8.508e-01  
1.372e-02  8.829e-01  
4.774e-03  9.309e-01  
