4.692e+00  5.645e+00  
7.039e+00  5.782e+00  
7.302e+00  5.623e+00  
6.882e+00  4.592e+00  
6.350e+00  6.534e+00  
6.895e+00  5.582e+00  
5.390e+00  5.508e+00  
7.202e+00  4.966e+00  
5.827e+00  5.964e+00  
6.368e+00  6.844e+00  
7.031e+00  6.581e+00  
7.311e+00  6.942e+00  
6.462e+00  6.307e+00  
5.909e+00  7.954e+00  
7.837e+00  5.644e+00  
6.736e+00  7.107e+00  
7.140e+00  5.107e+00  
6.454e+00  5.777e+00  
6.577e+00  6.479e+00  
6.182e+00  5.191e+00  
6.803e+00  5.800e+00  
7.188e+00  7.288e+00  
6.254e+00  5.837e+00  
6.545e+00  5.582e+00  
7.607e+00  7.980e+00  
7.766e+00  6.552e+00  
7.557e+00  6.724e+00  
6.691e+00  6.312e+00  
6.278e+00  4.842e+00  
7.924e+00  5.388e+00  
6.559e+00  5.517e+00  
5.808e+00  4.711e+00  
6.882e+00  5.416e+00  
5.938e+00  5.747e+00  
7.335e+00  5.372e+00  
6.146e+00  6.395e+00  
7.087e+00  6.954e+00  
7.368e+00  4.456e+00  
7.324e+00  4.729e+00  
6.755e+00  5.270e+00  
6.162e+00  6.233e+00  
5.714e+00  5.541e+00  
7.278e+00  5.868e+00  
5.921e+00  6.144e+00  
7.907e+00  5.397e+00  
6.616e+00  5.888e+00  
8.206e+00  5.312e+00  
6.407e+00  6.203e+00  
6.840e+00  4.939e+00  
6.890e+00  6.209e+00  
8.284e+00  6.706e+00  
6.087e+00  5.272e+00  
4.423e+00  5.549e+00  
6.181e+00  3.990e+00  
6.211e+00  4.889e+00  
7.027e+00  4.691e+00  
4.747e+00  7.490e+00  
7.297e+00  5.356e+00  
5.845e+00  6.273e+00  
6.968e+00  6.004e+00  
6.145e+00  4.658e+00  
4.620e+00  6.528e+00  
6.376e+00  3.998e+00  
6.252e+00  6.123e+00  
7.068e+00  5.313e+00  
5.882e+00  5.228e+00  
6.209e+00  6.168e+00  
6.310e+00  6.455e+00  
6.302e+00  5.391e+00  
5.970e+00  4.815e+00  
5.766e+00  6.132e+00  
6.996e+00  5.538e+00  
5.306e+00  7.036e+00  
6.300e+00  6.078e+00  
4.901e+00  5.683e+00  
6.343e+00  6.004e+00  
5.841e+00  4.989e+00  
5.468e+00  4.734e+00  
6.161e+00  6.179e+00  
7.143e+00  5.782e+00  
6.027e+00  6.691e+00  
7.162e+00  5.977e+00  
6.590e+00  6.013e+00  
6.632e+00  6.419e+00  
8.141e+00  6.160e+00  
5.177e+00  6.751e+00  
6.584e+00  4.581e+00  
6.555e+00  4.749e+00  
6.853e+00  4.813e+00  
4.812e+00  6.996e+00  
6.260e+00  4.709e+00  
6.491e+00  4.509e+00  
6.985e+00  5.568e+00  
5.253e+00  4.467e+00  
6.284e+00  6.040e+00  
6.349e+00  5.835e+00  
7.088e+00  7.044e+00  
6.490e+00  6.014e+00  
6.507e+00  4.987e+00  
7.913e+00  6.609e+00  
1.260e+00  2.344e-01  
2.578e-01  1.225e+00  
1.249e+00  2.389e-01  
1.230e+00  2.492e-01  
1.210e+00  2.586e-01  
1.191e+00  2.688e-01  
1.172e+00  2.780e-01  
1.155e+00  2.877e-01  
1.139e+00  2.965e-01  
1.124e+00  3.051e-01  
1.106e+00  3.146e-01  
1.088e+00  3.233e-01  
1.073e+00  3.316e-01  
1.058e+00  3.401e-01  
1.042e+00  3.491e-01  
1.030e+00  3.570e-01  
1.015e+00  3.651e-01  
9.999e-01  3.736e-01  
9.862e-01  3.819e-01  
9.736e-01  3.893e-01  
9.603e-01  3.969e-01  
9.462e-01  4.054e-01  
9.344e-01  4.130e-01  
9.218e-01  4.207e-01  
9.099e-01  4.281e-01  
8.968e-01  4.357e-01  
8.861e-01  4.429e-01  
8.739e-01  4.508e-01  
8.612e-01  4.583e-01  
8.506e-01  4.654e-01  
8.393e-01  4.733e-01  
8.277e-01  4.798e-01  
8.175e-01  4.871e-01  
8.080e-01  4.949e-01  
7.956e-01  5.018e-01  
7.869e-01  5.090e-01  
7.744e-01  5.160e-01  
7.660e-01  5.222e-01  
7.562e-01  5.296e-01  
7.461e-01  5.376e-01  
7.367e-01  5.439e-01  
7.262e-01  5.516e-01  
7.161e-01  5.582e-01  
7.077e-01  5.648e-01  
6.990e-01  5.721e-01  
6.893e-01  5.796e-01  
6.804e-01  5.854e-01  
6.701e-01  5.930e-01  
6.612e-01  5.999e-01  
6.543e-01  6.061e-01  
6.443e-01  6.132e-01  
6.361e-01  6.207e-01  
6.280e-01  6.274e-01  
6.194e-01  6.354e-01  
6.112e-01  6.421e-01  
6.034e-01  6.499e-01  
5.938e-01  6.569e-01  
5.865e-01  6.636e-01  
5.775e-01  6.709e-01  
5.699e-01  6.772e-01  
5.610e-01  6.857e-01  
5.543e-01  6.913e-01  
5.458e-01  6.994e-01  
5.384e-01  7.072e-01  
5.309e-01  7.143e-01  
5.216e-01  7.223e-01  
5.145e-01  7.287e-01  
5.067e-01  7.373e-01  
4.988e-01  7.452e-01  
4.910e-01  7.524e-01  
4.830e-01  7.614e-01  
4.769e-01  7.687e-01  
4.684e-01  7.755e-01  
4.606e-01  7.852e-01  
4.532e-01  7.927e-01  
4.464e-01  8.012e-01  
4.397e-01  8.107e-01  
4.316e-01  8.195e-01  
4.238e-01  8.271e-01  
4.166e-01  8.368e-01  
4.099e-01  8.472e-01  
4.014e-01  8.557e-01  
3.949e-01  8.656e-01  
3.870e-01  8.754e-01  
3.796e-01  8.864e-01  
3.727e-01  8.965e-01  
3.650e-01  9.074e-01  
3.577e-01  9.198e-01  
3.506e-01  9.312e-01  
3.422e-01  9.453e-01  
3.350e-01  9.581e-01  
3.266e-01  9.725e-01  
3.200e-01  9.857e-01  
3.116e-01  1.004e+00  
3.040e-01  1.021e+00  
2.963e-01  1.041e+00  
2.883e-01  1.062e+00  
2.800e-01  1.087e+00  
2.716e-01  1.122e+00  
2.619e-01  1.173e+00  
1.117e+00  4.366e-03  
1.166e-01  9.969e-01  
1.107e+00  9.231e-03  
1.087e+00  1.940e-02  
1.069e+00  2.910e-02  
1.049e+00  3.884e-02  
1.031e+00  4.832e-02  
1.013e+00  5.743e-02  
9.963e-01  6.660e-02  
9.798e-01  7.585e-02  
9.630e-01  8.461e-02  
9.474e-01  9.329e-02  
9.311e-01  1.020e-01  
9.157e-01  1.106e-01  
9.007e-01  1.189e-01  
8.862e-01  1.272e-01  
8.719e-01  1.355e-01  
8.580e-01  1.436e-01  
8.441e-01  1.515e-01  
8.310e-01  1.595e-01  
8.171e-01  1.675e-01  
8.043e-01  1.753e-01  
7.921e-01  1.828e-01  
7.795e-01  1.906e-01  
7.677e-01  1.982e-01  
7.547e-01  2.058e-01  
7.430e-01  2.130e-01  
7.313e-01  2.206e-01  
7.200e-01  2.278e-01  
7.091e-01  2.353e-01  
6.980e-01  2.424e-01  
6.868e-01  2.498e-01  
6.757e-01  2.571e-01  
6.653e-01  2.639e-01  
6.552e-01  2.709e-01  
6.442e-01  2.781e-01  
6.343e-01  2.854e-01  
6.241e-01  2.924e-01  
6.139e-01  2.995e-01  
6.043e-01  3.063e-01  
5.948e-01  3.138e-01  
5.849e-01  3.205e-01  
5.749e-01  3.275e-01  
5.658e-01  3.343e-01  
5.567e-01  3.413e-01  
5.477e-01  3.482e-01  
5.383e-01  3.552e-01  
5.292e-01  3.619e-01  
5.207e-01  3.693e-01  
5.117e-01  3.759e-01  
5.031e-01  3.830e-01  
4.943e-01  3.899e-01  
4.858e-01  3.973e-01  
4.773e-01  4.040e-01  
4.691e-01  4.108e-01  
4.606e-01  4.181e-01  
4.525e-01  4.251e-01  
4.443e-01  4.324e-01  
4.361e-01  4.395e-01  
4.280e-01  4.463e-01  
4.200e-01  4.536e-01  
4.119e-01  4.610e-01  
4.042e-01  4.685e-01  
3.963e-01  4.758e-01  
3.886e-01  4.834e-01  
3.807e-01  4.908e-01  
3.732e-01  4.984e-01  
3.654e-01  5.061e-01  
3.577e-01  5.135e-01  
3.499e-01  5.215e-01  
3.422e-01  5.295e-01  
3.348e-01  5.371e-01  
3.275e-01  5.452e-01  
3.200e-01  5.533e-01  
3.125e-01  5.616e-01  
3.051e-01  5.702e-01  
2.978e-01  5.789e-01  
2.903e-01  5.877e-01  
2.829e-01  5.965e-01  
2.755e-01  6.057e-01  
2.681e-01  6.150e-01  
2.608e-01  6.245e-01  
2.534e-01  6.342e-01  
2.461e-01  6.443e-01  
2.386e-01  6.548e-01  
2.312e-01  6.655e-01  
2.239e-01  6.766e-01  
2.164e-01  6.881e-01  
2.090e-01  7.001e-01  
2.013e-01  7.130e-01  
1.939e-01  7.259e-01  
1.863e-01  7.400e-01  
1.787e-01  7.549e-01  
1.709e-01  7.709e-01  
1.631e-01  7.884e-01  
1.551e-01  8.076e-01  
1.469e-01  8.298e-01  
1.387e-01  8.551e-01  
1.302e-01  8.872e-01  
1.212e-01  9.352e-01  
1.089e+00  4.322e-03  
8.871e-02  9.944e-01  
1.079e+00  9.295e-03  
1.059e+00  1.926e-02  
1.040e+00  2.910e-02  
1.021e+00  3.875e-02  
1.003e+00  4.822e-02  
9.850e-01  5.753e-02  
9.677e-01  6.665e-02  
9.509e-01  7.569e-02  
9.347e-01  8.452e-02  
9.185e-01  9.329e-02  
9.029e-01  1.019e-01  
8.876e-01  1.104e-01  
8.728e-01  1.188e-01  
8.580e-01  1.271e-01  
8.437e-01  1.353e-01  
8.297e-01  1.435e-01  
8.159e-01  1.515e-01  
8.025e-01  1.594e-01  
7.893e-01  1.673e-01  
7.763e-01  1.750e-01  
7.635e-01  1.828e-01  
7.510e-01  1.904e-01  
7.387e-01  1.980e-01  
7.266e-01  2.055e-01  
7.148e-01  2.129e-01  
7.032e-01  2.204e-01  
6.917e-01  2.277e-01  
6.804e-01  2.351e-01  
6.693e-01  2.423e-01  
6.582e-01  2.495e-01  
6.475e-01  2.568e-01  
6.368e-01  2.639e-01  
6.263e-01  2.710e-01  
6.159e-01  2.781e-01  
6.057e-01  2.852e-01  
5.957e-01  2.923e-01  
5.857e-01  2.992e-01  
5.759e-01  3.063e-01  
5.661e-01  3.132e-01  
5.566e-01  3.202e-01  
5.471e-01  3.271e-01  
5.377e-01  3.341e-01  
5.285e-01  3.411e-01  
5.194e-01  3.480e-01  
5.103e-01  3.549e-01  
5.013e-01  3.619e-01  
4.924e-01  3.688e-01  
4.836e-01  3.758e-01  
4.749e-01  3.827e-01  
4.663e-01  3.897e-01  
4.578e-01  3.967e-01  
4.493e-01  4.037e-01  
4.409e-01  4.107e-01  
4.326e-01  4.178e-01  
4.244e-01  4.249e-01  
4.162e-01  4.320e-01  
4.081e-01  4.392e-01  
4.000e-01  4.462e-01  
3.920e-01  4.535e-01  
3.840e-01  4.608e-01  
3.761e-01  4.680e-01  
3.683e-01  4.755e-01  
3.605e-01  4.829e-01  
3.527e-01  4.905e-01  
3.450e-01  4.979e-01  
3.373e-01  5.056e-01  
3.297e-01  5.132e-01  
3.221e-01  5.210e-01  
3.146e-01  5.289e-01  
3.070e-01  5.369e-01  
2.996e-01  5.450e-01  
2.921e-01  5.532e-01  
2.846e-01  5.615e-01  
2.772e-01  5.700e-01  
2.698e-01  5.786e-01  
2.624e-01  5.874e-01  
2.550e-01  5.963e-01  
2.477e-01  6.055e-01  
2.403e-01  6.148e-01  
2.329e-01  6.243e-01  
2.256e-01  6.342e-01  
2.182e-01  6.443e-01  
2.108e-01  6.547e-01  
2.034e-01  6.654e-01  
1.960e-01  6.765e-01  
1.886e-01  6.881e-01  
1.811e-01  7.001e-01  
1.736e-01  7.127e-01  
1.661e-01  7.259e-01  
1.585e-01  7.400e-01  
1.508e-01  7.549e-01  
1.431e-01  7.709e-01  
1.352e-01  7.884e-01  
1.273e-01  8.077e-01  
1.192e-01  8.294e-01  
1.109e-01  8.551e-01  
1.023e-01  8.871e-01  
9.339e-02  9.354e-01  
1.019e+00  4.299e-03  
1.943e-02  9.935e-01  
1.009e+00  9.265e-03  
9.897e-01  1.928e-02  
9.705e-01  2.908e-02  
9.516e-01  3.873e-02  
9.336e-01  4.822e-02  
9.157e-01  5.750e-02  
8.984e-01  6.667e-02  
8.817e-01  7.569e-02  
8.652e-01  8.456e-02  
8.493e-01  9.324e-02  
8.336e-01  1.019e-01  
8.184e-01  1.104e-01  
8.034e-01  1.189e-01  
7.887e-01  1.271e-01  
7.744e-01  1.353e-01  
7.604e-01  1.434e-01  
7.466e-01  1.515e-01  
7.331e-01  1.594e-01  
7.200e-01  1.672e-01  
7.069e-01  1.750e-01  
6.943e-01  1.828e-01  
6.818e-01  1.904e-01  
6.696e-01  1.979e-01  
6.574e-01  2.055e-01  
6.455e-01  2.129e-01  
6.339e-01  2.204e-01  
6.224e-01  2.277e-01  
6.111e-01  2.350e-01  
5.999e-01  2.423e-01  
5.890e-01  2.495e-01  
5.782e-01  2.567e-01  
5.676e-01  2.639e-01  
5.570e-01  2.710e-01  
5.466e-01  2.781e-01  
5.364e-01  2.852e-01  
5.264e-01  2.922e-01  
5.163e-01  2.993e-01  
5.066e-01  3.062e-01  
4.968e-01  3.132e-01  
4.873e-01  3.202e-01  
4.779e-01  3.272e-01  
4.685e-01  3.342e-01  
4.592e-01  3.411e-01  
4.501e-01  3.480e-01  
4.410e-01  3.549e-01  
4.320e-01  3.619e-01  
4.232e-01  3.688e-01  
4.143e-01  3.758e-01  
4.056e-01  3.828e-01  
3.970e-01  3.897e-01  
3.885e-01  3.967e-01  
3.800e-01  4.037e-01  
3.717e-01  4.107e-01  
3.634e-01  4.178e-01  
3.551e-01  4.249e-01  
3.469e-01  4.319e-01  
3.387e-01  4.391e-01  
3.307e-01  4.463e-01  
3.227e-01  4.535e-01  
3.147e-01  4.607e-01  
3.068e-01  4.681e-01  
2.990e-01  4.754e-01  
2.912e-01  4.829e-01  
2.834e-01  4.904e-01  
2.757e-01  4.979e-01  
2.680e-01  5.055e-01  
2.604e-01  5.133e-01  
2.529e-01  5.211e-01  
2.453e-01  5.290e-01  
2.377e-01  5.370e-01  
2.302e-01  5.450e-01  
2.228e-01  5.532e-01  
2.154e-01  5.616e-01  
2.079e-01  5.700e-01  
2.005e-01  5.786e-01  
1.931e-01  5.874e-01  
1.857e-01  5.963e-01  
1.784e-01  6.055e-01  
1.710e-01  6.148e-01  
1.636e-01  6.244e-01  
1.563e-01  6.342e-01  
1.489e-01  6.443e-01  
1.415e-01  6.547e-01  
1.341e-01  6.654e-01  
1.267e-01  6.765e-01  
1.193e-01  6.881e-01  
1.118e-01  7.001e-01  
1.043e-01  7.127e-01  
9.680e-02  7.259e-01  
8.919e-02  7.399e-01  
8.153e-02  7.549e-01  
7.377e-02  7.709e-01  
6.595e-02  7.883e-01  
5.799e-02  8.076e-01  
4.989e-02  8.294e-01  
4.160e-02  8.550e-01  
3.305e-02  8.871e-01  
2.407e-02  9.356e-01  
1.019e+00  4.324e-03  
1.940e-02  9.944e-01  
1.009e+00  9.305e-03  
9.895e-01  1.929e-02  
9.703e-01  2.912e-02  
9.515e-01  3.875e-02  
9.334e-01  4.822e-02  
9.156e-01  5.752e-02  
8.984e-01  6.665e-02  
8.816e-01  7.566e-02  
8.651e-01  8.456e-02  
8.492e-01  9.331e-02  
8.335e-01  1.019e-01  
8.182e-01  1.104e-01  
8.032e-01  1.188e-01  
7.886e-01  1.271e-01  
7.743e-01  1.353e-01  
7.603e-01  1.434e-01  
7.466e-01  1.514e-01  
7.331e-01  1.594e-01  
7.199e-01  1.673e-01  
7.069e-01  1.750e-01  
6.942e-01  1.827e-01  
6.817e-01  1.904e-01  
6.694e-01  1.980e-01  
6.573e-01  2.055e-01  
6.454e-01  2.129e-01  
6.338e-01  2.204e-01  
6.223e-01  2.277e-01  
6.110e-01  2.350e-01  
5.999e-01  2.423e-01  
5.889e-01  2.495e-01  
5.781e-01  2.567e-01  
5.674e-01  2.639e-01  
5.569e-01  2.710e-01  
5.466e-01  2.781e-01  
5.364e-01  2.852e-01  
5.263e-01  2.922e-01  
5.163e-01  2.992e-01  
5.065e-01  3.062e-01  
4.968e-01  3.132e-01  
4.872e-01  3.202e-01  
4.778e-01  3.271e-01  
4.684e-01  3.341e-01  
4.591e-01  3.410e-01  
4.500e-01  3.480e-01  
4.409e-01  3.549e-01  
4.320e-01  3.619e-01  
4.231e-01  3.688e-01  
4.143e-01  3.758e-01  
4.056e-01  3.827e-01  
3.970e-01  3.897e-01  
3.884e-01  3.967e-01  
3.800e-01  4.037e-01  
3.716e-01  4.107e-01  
3.633e-01  4.178e-01  
3.550e-01  4.248e-01  
3.468e-01  4.319e-01  
3.387e-01  4.391e-01  
3.306e-01  4.463e-01  
3.226e-01  4.535e-01  
3.147e-01  4.607e-01  
3.068e-01  4.681e-01  
2.990e-01  4.754e-01  
2.911e-01  4.829e-01  
2.834e-01  4.903e-01  
2.757e-01  4.979e-01  
2.680e-01  5.055e-01  
2.604e-01  5.132e-01  
2.528e-01  5.210e-01  
2.452e-01  5.289e-01  
2.377e-01  5.369e-01  
2.302e-01  5.450e-01  
2.228e-01  5.532e-01  
2.153e-01  5.615e-01  
2.079e-01  5.700e-01  
2.005e-01  5.786e-01  
1.931e-01  5.874e-01  
1.857e-01  5.963e-01  
1.783e-01  6.055e-01  
1.710e-01  6.148e-01  
1.636e-01  6.244e-01  
1.562e-01  6.342e-01  
1.489e-01  6.443e-01  
1.415e-01  6.547e-01  
1.341e-01  6.654e-01  
1.267e-01  6.765e-01  
1.193e-01  6.881e-01  
1.118e-01  7.001e-01  
1.043e-01  7.127e-01  
9.677e-02  7.259e-01  
8.917e-02  7.399e-01  
8.150e-02  7.548e-01  
7.375e-02  7.709e-01  
6.591e-02  7.884e-01  
5.797e-02  8.076e-01  
4.987e-02  8.294e-01  
4.157e-02  8.550e-01  
3.303e-02  8.871e-01  
2.408e-02  9.352e-01  
1.019e+00  4.325e-03  
1.940e-02  9.944e-01  
1.009e+00  9.296e-03  
9.894e-01  1.931e-02  
9.702e-01  2.910e-02  
9.515e-01  3.875e-02  
9.333e-01  4.822e-02  
9.156e-01  5.752e-02  
8.983e-01  6.668e-02  
8.815e-01  7.568e-02  
8.651e-01  8.455e-02  
8.491e-01  9.330e-02  
8.335e-01  1.019e-01  
8.182e-01  1.104e-01  
8.033e-01  1.188e-01  
7.886e-01  1.271e-01  
7.743e-01  1.353e-01  
7.603e-01  1.434e-01  
7.465e-01  1.515e-01  
7.331e-01  1.594e-01  
7.198e-01  1.672e-01  
7.069e-01  1.750e-01  
6.942e-01  1.827e-01  
6.817e-01  1.904e-01  
6.694e-01  1.980e-01  
6.573e-01  2.055e-01  
6.454e-01  2.129e-01  
6.338e-01  2.204e-01  
6.223e-01  2.277e-01  
6.110e-01  2.350e-01  
5.998e-01  2.423e-01  
5.889e-01  2.495e-01  
5.781e-01  2.567e-01  
5.674e-01  2.639e-01  
5.569e-01  2.710e-01  
5.466e-01  2.781e-01  
5.364e-01  2.852e-01  
5.263e-01  2.922e-01  
5.163e-01  2.992e-01  
5.065e-01  3.062e-01  
4.968e-01  3.132e-01  
4.872e-01  3.202e-01  
4.778e-01  3.271e-01  
4.684e-01  3.341e-01  
4.591e-01  3.410e-01  
4.500e-01  3.480e-01  
4.409e-01  3.549e-01  
4.320e-01  3.619e-01  
4.231e-01  3.688e-01  
4.143e-01  3.757e-01  
4.056e-01  3.827e-01  
3.970e-01  3.897e-01  
3.884e-01  3.967e-01  
3.800e-01  4.037e-01  
3.716e-01  4.107e-01  
3.633e-01  4.177e-01  
3.550e-01  4.248e-01  
3.468e-01  4.319e-01  
3.387e-01  4.391e-01  
3.306e-01  4.463e-01  
3.226e-01  4.535e-01  
3.147e-01  4.607e-01  
3.068e-01  4.681e-01  
2.990e-01  4.754e-01  
2.912e-01  4.828e-01  
2.834e-01  4.903e-01  
2.757e-01  4.979e-01  
2.680e-01  5.055e-01  
2.604e-01  5.132e-01  
2.528e-01  5.210e-01  
2.453e-01  5.289e-01  
2.377e-01  5.369e-01  
2.302e-01  5.450e-01  
2.228e-01  5.532e-01  
2.153e-01  5.615e-01  
2.079e-01  5.700e-01  
2.005e-01  5.786e-01  
1.931e-01  5.874e-01  
1.857e-01  5.963e-01  
1.783e-01  6.054e-01  
1.710e-01  6.148e-01  
1.636e-01  6.244e-01  
1.562e-01  6.342e-01  
1.489e-01  6.443e-01  
1.415e-01  6.547e-01  
1.341e-01  6.654e-01  
1.267e-01  6.765e-01  
1.193e-01  6.881e-01  
1.118e-01  7.001e-01  
1.043e-01  7.127e-01  
9.677e-02  7.259e-01  
8.917e-02  7.399e-01  
8.150e-02  7.548e-01  
7.376e-02  7.709e-01  
6.590e-02  7.884e-01  
5.797e-02  8.076e-01  
4.987e-02  8.294e-01  
4.157e-02  8.550e-01  
3.302e-02  8.871e-01  
2.408e-02  9.352e-01  
1.019e+00  4.319e-03  
1.940e-02  9.944e-01  
1.009e+00  9.305e-03  
9.894e-01  1.931e-02  
9.702e-01  2.911e-02  
9.514e-01  3.875e-02  
9.333e-01  4.821e-02  
9.156e-01  5.752e-02  
8.983e-01  6.667e-02  
8.815e-01  7.568e-02  
8.651e-01  8.455e-02  
8.491e-01  9.330e-02  
8.334e-01  1.019e-01  
8.182e-01  1.104e-01  
8.032e-01  1.188e-01  
7.886e-01  1.271e-01  
7.743e-01  1.353e-01  
7.603e-01  1.434e-01  
7.465e-01  1.515e-01  
7.331e-01  1.594e-01  
7.198e-01  1.672e-01  
7.069e-01  1.750e-01  
6.942e-01  1.827e-01  
6.817e-01  1.904e-01  
6.694e-01  1.980e-01  
6.573e-01  2.055e-01  
6.454e-01  2.129e-01  
6.338e-01  2.204e-01  
6.223e-01  2.277e-01  
6.110e-01  2.350e-01  
5.998e-01  2.423e-01  
5.889e-01  2.495e-01  
5.781e-01  2.567e-01  
5.674e-01  2.639e-01  
5.569e-01  2.710e-01  
5.466e-01  2.781e-01  
5.364e-01  2.852e-01  
5.263e-01  2.922e-01  
5.163e-01  2.992e-01  
5.065e-01  3.062e-01  
4.968e-01  3.132e-01  
4.872e-01  3.202e-01  
4.778e-01  3.271e-01  
4.684e-01  3.341e-01  
4.591e-01  3.410e-01  
4.500e-01  3.480e-01  
4.409e-01  3.549e-01  
4.319e-01  3.619e-01  
4.231e-01  3.688e-01  
4.143e-01  3.758e-01  
4.056e-01  3.827e-01  
3.970e-01  3.897e-01  
3.884e-01  3.967e-01  
3.800e-01  4.037e-01  
3.716e-01  4.107e-01  
3.633e-01  4.178e-01  
3.550e-01  4.248e-01  
3.468e-01  4.319e-01  
3.387e-01  4.391e-01  
3.306e-01  4.463e-01  
3.226e-01  4.535e-01  
3.147e-01  4.607e-01  
3.068e-01  4.681e-01  
2.989e-01  4.754e-01  
2.912e-01  4.828e-01  
2.834e-01  4.903e-01  
2.757e-01  4.979e-01  
2.680e-01  5.055e-01  
2.604e-01  5.132e-01  
2.528e-01  5.210e-01  
2.453e-01  5.289e-01  
2.377e-01  5.369e-01  
2.302e-01  5.450e-01  
2.228e-01  5.532e-01  
2.153e-01  5.615e-01  
2.079e-01  5.700e-01  
2.005e-01  5.786e-01  
1.931e-01  5.874e-01  
1.857e-01  5.963e-01  
1.783e-01  6.054e-01  
1.710e-01  6.148e-01  
1.636e-01  6.244e-01  
1.562e-01  6.342e-01  
1.489e-01  6.443e-01  
1.415e-01  6.547e-01  
1.341e-01  6.654e-01  
1.267e-01  6.765e-01  
1.193e-01  6.880e-01  
1.118e-01  7.001e-01  
1.043e-01  7.127e-01  
9.677e-02  7.259e-01  
8.917e-02  7.399e-01  
8.150e-02  7.548e-01  
7.376e-02  7.709e-01  
6.591e-02  7.884e-01  
5.797e-02  8.076e-01  
4.986e-02  8.294e-01  
4.157e-02  8.550e-01  
3.302e-02  8.871e-01  
2.407e-02  9.352e-01  
1.019e+00  4.326e-03  
1.940e-02  9.944e-01  
1.009e+00  9.305e-03  
9.894e-01  1.931e-02  
9.702e-01  2.912e-02  
9.515e-01  3.875e-02  
9.333e-01  4.822e-02  
9.156e-01  5.752e-02  
8.983e-01  6.667e-02  
8.815e-01  7.568e-02  
8.651e-01  8.455e-02  
8.491e-01  9.330e-02  
8.334e-01  1.019e-01  
8.182e-01  1.104e-01  
8.032e-01  1.188e-01  
7.886e-01  1.271e-01  
7.743e-01  1.353e-01  
7.603e-01  1.434e-01  
7.465e-01  1.515e-01  
7.331e-01  1.594e-01  
7.199e-01  1.672e-01  
7.069e-01  1.750e-01  
6.942e-01  1.827e-01  
6.817e-01  1.904e-01  
6.694e-01  1.980e-01  
6.573e-01  2.055e-01  
6.454e-01  2.129e-01  
6.338e-01  2.203e-01  
6.223e-01  2.277e-01  
6.110e-01  2.350e-01  
5.998e-01  2.423e-01  
5.889e-01  2.495e-01  
5.781e-01  2.567e-01  
5.674e-01  2.639e-01  
5.569e-01  2.710e-01  
5.466e-01  2.781e-01  
5.364e-01  2.852e-01  
5.263e-01  2.922e-01  
5.163e-01  2.992e-01  
5.065e-01  3.062e-01  
4.968e-01  3.132e-01  
4.872e-01  3.202e-01  
4.778e-01  3.271e-01  
4.684e-01  3.341e-01  
4.591e-01  3.410e-01  
4.500e-01  3.480e-01  
4.409e-01  3.549e-01  
4.319e-01  3.619e-01  
4.231e-01  3.688e-01  
4.143e-01  3.758e-01  
4.056e-01  3.827e-01  
3.970e-01  3.897e-01  
3.884e-01  3.967e-01  
3.800e-01  4.037e-01  
3.716e-01  4.107e-01  
3.633e-01  4.178e-01  
3.550e-01  4.248e-01  
3.468e-01  4.319e-01  
3.387e-01  4.391e-01  
3.306e-01  4.463e-01  
3.226e-01  4.535e-01  
3.147e-01  4.607e-01  
3.068e-01  4.681e-01  
2.989e-01  4.754e-01  
2.911e-01  4.828e-01  
2.834e-01  4.903e-01  
2.757e-01  4.979e-01  
2.680e-01  5.055e-01  
2.604e-01  5.132e-01  
2.528e-01  5.210e-01  
2.452e-01  5.289e-01  
2.377e-01  5.369e-01  
2.302e-01  5.450e-01  
2.228e-01  5.532e-01  
2.153e-01  5.615e-01  
2.079e-01  5.700e-01  
2.005e-01  5.786e-01  
1.931e-01  5.874e-01  
1.857e-01  5.963e-01  
1.783e-01  6.054e-01  
1.710e-01  6.148e-01  
1.636e-01  6.244e-01  
1.562e-01  6.342e-01  
1.489e-01  6.443e-01  
1.415e-01  6.547e-01  
1.341e-01  6.654e-01  
1.267e-01  6.765e-01  
1.193e-01  6.880e-01  
1.118e-01  7.001e-01  
1.043e-01  7.127e-01  
9.677e-02  7.259e-01  
8.917e-02  7.399e-01  
8.150e-02  7.548e-01  
7.376e-02  7.709e-01  
6.591e-02  7.884e-01  
5.797e-02  8.076e-01  
4.986e-02  8.294e-01  
4.157e-02  8.550e-01  
3.302e-02  8.871e-01  
2.407e-02  9.352e-01  
1.019e+00  4.328e-03  
1.940e-02  9.944e-01  
1.009e+00  9.305e-03  
9.894e-01  1.931e-02  
9.701e-01  2.912e-02  
9.514e-01  3.875e-02  
9.333e-01  4.822e-02  
9.156e-01  5.752e-02  
8.983e-01  6.667e-02  
8.815e-01  7.568e-02  
8.651e-01  8.455e-02  
8.491e-01  9.330e-02  
8.334e-01  1.019e-01  
8.182e-01  1.104e-01  
8.032e-01  1.188e-01  
7.886e-01  1.271e-01  
7.743e-01  1.353e-01  
7.603e-01  1.434e-01  
7.465e-01  1.515e-01  
7.331e-01  1.594e-01  
7.198e-01  1.672e-01  
7.069e-01  1.750e-01  
6.942e-01  1.827e-01  
6.817e-01  1.904e-01  
6.694e-01  1.980e-01  
6.573e-01  2.055e-01  
6.454e-01  2.129e-01  
6.338e-01  2.203e-01  
6.223e-01  2.277e-01  
6.110e-01  2.350e-01  
5.998e-01  2.423e-01  
5.889e-01  2.495e-01  
5.781e-01  2.567e-01  
5.674e-01  2.639e-01  
5.569e-01  2.710e-01  
5.466e-01  2.781e-01  
5.364e-01  2.852e-01  
5.263e-01  2.922e-01  
5.163e-01  2.992e-01  
5.065e-01  3.062e-01  
4.968e-01  3.132e-01  
4.872e-01  3.202e-01  
4.778e-01  3.271e-01  
4.684e-01  3.341e-01  
4.591e-01  3.410e-01  
4.500e-01  3.480e-01  
4.409e-01  3.549e-01  
4.319e-01  3.619e-01  
4.231e-01  3.688e-01  
4.143e-01  3.758e-01  
4.056e-01  3.827e-01  
3.970e-01  3.897e-01  
3.884e-01  3.967e-01  
3.800e-01  4.037e-01  
3.716e-01  4.107e-01  
3.633e-01  4.178e-01  
3.550e-01  4.248e-01  
3.468e-01  4.319e-01  
3.387e-01  4.391e-01  
3.306e-01  4.463e-01  
3.226e-01  4.535e-01  
3.147e-01  4.607e-01  
3.068e-01  4.680e-01  
2.989e-01  4.754e-01  
2.911e-01  4.828e-01  
2.834e-01  4.903e-01  
2.757e-01  4.979e-01  
2.680e-01  5.055e-01  
2.604e-01  5.132e-01  
2.528e-01  5.210e-01  
2.452e-01  5.289e-01  
2.377e-01  5.369e-01  
2.302e-01  5.450e-01  
2.228e-01  5.532e-01  
2.153e-01  5.615e-01  
2.079e-01  5.700e-01  
2.005e-01  5.786e-01  
1.931e-01  5.874e-01  
1.857e-01  5.963e-01  
1.783e-01  6.054e-01  
1.710e-01  6.148e-01  
1.636e-01  6.244e-01  
1.562e-01  6.342e-01  
1.489e-01  6.443e-01  
1.415e-01  6.547e-01  
1.341e-01  6.654e-01  
1.267e-01  6.765e-01  
1.193e-01  6.880e-01  
1.118e-01  7.001e-01  
1.043e-01  7.127e-01  
9.677e-02  7.259e-01  
8.917e-02  7.399e-01  
8.150e-02  7.548e-01  
7.376e-02  7.709e-01  
6.591e-02  7.884e-01  
5.797e-02  8.076e-01  
4.986e-02  8.294e-01  
4.157e-02  8.550e-01  
3.302e-02  8.871e-01  
2.407e-02  9.352e-01  
1.019e+00  4.328e-03  
1.940e-02  9.944e-01  
1.009e+00  9.304e-03  
9.894e-01  1.931e-02  
9.701e-01  2.912e-02  
9.514e-01  3.875e-02  
9.333e-01  4.822e-02  
9.156e-01  5.752e-02  
8.983e-01  6.667e-02  
8.815e-01  7.568e-02  
8.651e-01  8.456e-02  
8.491e-01  9.330e-02  
8.334e-01  1.019e-01  
8.182e-01  1.104e-01  
8.032e-01  1.188e-01  
7.886e-01  1.271e-01  
7.743e-01  1.353e-01  
7.603e-01  1.434e-01  
7.465e-01  1.515e-01  
7.331e-01  1.594e-01  
7.198e-01  1.672e-01  
7.069e-01  1.750e-01  
6.941e-01  1.827e-01  
6.817e-01  1.904e-01  
6.694e-01  1.980e-01  
6.573e-01  2.055e-01  
6.454e-01  2.129e-01  
6.338e-01  2.204e-01  
6.223e-01  2.277e-01  
6.110e-01  2.350e-01  
5.998e-01  2.423e-01  
5.889e-01  2.495e-01  
5.781e-01  2.567e-01  
5.674e-01  2.639e-01  
5.569e-01  2.710e-01  
5.466e-01  2.781e-01  
5.364e-01  2.852e-01  
5.263e-01  2.922e-01  
5.163e-01  2.992e-01  
5.065e-01  3.062e-01  
4.968e-01  3.132e-01  
4.872e-01  3.202e-01  
4.778e-01  3.271e-01  
4.684e-01  3.341e-01  
4.591e-01  3.410e-01  
4.500e-01  3.480e-01  
4.409e-01  3.549e-01  
4.319e-01  3.619e-01  
4.231e-01  3.688e-01  
4.143e-01  3.758e-01  
4.056e-01  3.827e-01  
3.970e-01  3.897e-01  
3.884e-01  3.967e-01  
3.800e-01  4.037e-01  
3.716e-01  4.107e-01  
3.633e-01  4.178e-01  
3.550e-01  4.248e-01  
3.468e-01  4.319e-01  
3.387e-01  4.391e-01  
3.306e-01  4.463e-01  
3.226e-01  4.535e-01  
3.147e-01  4.607e-01  
3.068e-01  4.680e-01  
2.989e-01  4.754e-01  
2.912e-01  4.828e-01  
2.834e-01  4.903e-01  
2.757e-01  4.979e-01  
2.680e-01  5.055e-01  
2.604e-01  5.132e-01  
2.528e-01  5.210e-01  
2.452e-01  5.289e-01  
2.377e-01  5.369e-01  
2.302e-01  5.450e-01  
2.228e-01  5.532e-01  
2.153e-01  5.615e-01  
2.079e-01  5.700e-01  
2.005e-01  5.786e-01  
1.931e-01  5.874e-01  
1.857e-01  5.963e-01  
1.783e-01  6.054e-01  
1.710e-01  6.148e-01  
1.636e-01  6.244e-01  
1.562e-01  6.342e-01  
1.489e-01  6.443e-01  
1.415e-01  6.547e-01  
1.341e-01  6.654e-01  
1.267e-01  6.765e-01  
1.193e-01  6.880e-01  
1.118e-01  7.001e-01  
1.043e-01  7.127e-01  
9.677e-02  7.259e-01  
8.917e-02  7.399e-01  
8.151e-02  7.548e-01  
7.376e-02  7.709e-01  
6.592e-02  7.883e-01  
5.796e-02  8.076e-01  
4.986e-02  8.294e-01  
4.157e-02  8.550e-01  
3.302e-02  8.871e-01  
2.407e-02  9.352e-01  
