3.721e+01  3.096e+01  3.215e+01  
3.854e+01  3.992e+01  3.457e+01  
3.715e+01  3.199e+01  3.760e+01  
2.767e+01  4.268e+01  3.031e+01  
3.099e+01  3.748e+01  5.063e+01  
3.842e+01  3.082e+01  4.647e+01  
4.337e+01  3.661e+01  3.958e+01  
4.661e+01  3.682e+01  3.172e+01  
4.522e+01  3.878e+01  3.391e+01  
5.232e+01  2.924e+01  3.131e+01  
3.458e+01  3.413e+01  2.701e+01  
3.545e+01  4.073e+01  3.390e+01  
3.969e+01  4.202e+01  2.016e+01  
4.491e+01  3.168e+01  4.181e+01  
3.615e+01  3.768e+01  2.905e+01  
4.177e+01  3.122e+01  3.752e+01  
3.682e+01  3.631e+01  2.930e+01  
2.891e+01  3.891e+01  3.776e+01  
4.130e+01  3.511e+01  3.581e+01  
2.958e+01  3.198e+01  3.065e+01  
4.715e+01  3.471e+01  3.355e+01  
4.595e+01  2.897e+01  3.236e+01  
3.911e+01  3.600e+01  3.586e+01  
3.619e+01  3.593e+01  2.407e+01  
3.436e+01  3.324e+01  2.661e+01  
2.867e+01  3.585e+01  3.000e+01  
5.127e+01  3.496e+01  4.389e+01  
3.587e+01  2.834e+01  4.242e+01  
4.496e+01  4.438e+01  2.900e+01  
5.183e+01  3.169e+01  4.738e+01  
4.772e+01  4.428e+01  3.357e+01  
4.340e+01  2.404e+01  4.121e+01  
4.289e+01  3.700e+01  2.723e+01  
3.629e+01  4.296e+01  3.439e+01  
3.586e+01  4.301e+01  2.888e+01  
4.576e+01  3.456e+01  2.831e+01  
4.476e+01  2.425e+01  4.074e+01  
3.681e+01  2.963e+01  3.047e+01  
2.683e+01  3.377e+01  5.011e+01  
3.283e+01  3.869e+01  2.964e+01  
4.195e+01  3.526e+01  3.658e+01  
3.224e+01  2.484e+01  3.188e+01  
4.283e+01  3.628e+01  4.173e+01  
4.254e+01  2.743e+01  3.348e+01  
3.317e+01  3.132e+01  2.188e+01  
4.898e+01  3.571e+01  3.797e+01  
5.454e+01  4.297e+01  4.440e+01  
3.455e+01  2.477e+01  4.032e+01  
3.489e+01  2.808e+01  2.999e+01  
3.973e+01  2.268e+01  3.158e+01  
3.909e+01  3.084e+01  3.123e+01  
3.802e+01  2.374e+01  4.042e+01  
4.390e+01  2.777e+01  3.099e+01  
4.947e+01  2.909e+01  3.908e+01  
4.020e+01  3.233e+01  3.972e+01  
4.635e+01  3.604e+01  3.115e+01  
4.473e+01  5.378e+01  3.124e+01  
4.423e+01  3.655e+01  3.154e+01  
3.136e+01  3.798e+01  2.888e+01  
4.783e+01  4.005e+01  4.001e+01  
4.844e+01  3.709e+01  3.715e+01  
3.940e+01  3.808e+01  4.135e+01  
4.018e+01  2.693e+01  4.267e+01  
5.150e+01  2.851e+01  3.520e+01  
4.073e+01  3.124e+01  3.934e+01  
4.235e+01  3.438e+01  3.662e+01  
5.434e+01  3.163e+01  3.929e+01  
3.710e+01  3.149e+01  3.688e+01  
3.867e+01  3.409e+01  4.266e+01  
4.985e+01  3.400e+01  4.408e+01  
3.485e+01  4.589e+01  3.632e+01  
4.629e+01  3.084e+01  3.713e+01  
5.180e+01  4.476e+01  5.013e+01  
3.715e+01  3.490e+01  3.417e+01  
3.855e+01  3.187e+01  4.433e+01  
4.636e+01  2.893e+01  3.335e+01  
2.569e+01  4.420e+01  3.830e+01  
3.241e+01  2.904e+01  3.789e+01  
4.024e+01  2.228e+01  4.153e+01  
3.375e+01  3.879e+01  4.466e+01  
4.433e+01  5.083e+01  4.045e+01  
4.438e+01  3.273e+01  4.602e+01  
4.446e+01  3.677e+01  3.771e+01  
3.550e+01  3.658e+01  3.056e+01  
5.149e+01  4.467e+01  3.733e+01  
4.070e+01  2.689e+01  3.407e+01  
3.662e+01  3.495e+01  3.978e+01  
5.198e+01  3.090e+01  3.712e+01  
4.420e+01  3.750e+01  4.642e+01  
4.293e+01  3.724e+01  2.993e+01  
3.171e+01  3.892e+01  2.962e+01  
3.775e+01  3.845e+01  4.670e+01  
4.434e+01  3.200e+01  2.925e+01  
4.580e+01  3.846e+01  4.350e+01  
5.132e+01  2.540e+01  3.277e+01  
3.265e+01  3.224e+01  4.319e+01  
5.449e+01  4.779e+01  3.936e+01  
3.090e+01  3.077e+01  3.857e+01  
3.954e+01  3.456e+01  3.550e+01  
4.748e+01  4.203e+01  3.896e+01  
1.168e+00  3.908e-01  7.744e-02  
1.689e-01  1.391e+00  3.677e-02  
1.696e-01  3.908e-01  3.040e+00  
1.168e+00  3.908e-01  7.766e-02  
1.167e+00  4.502e-01  6.997e-02  
1.159e+00  3.914e-01  1.782e-01  
1.156e+00  5.513e-01  3.878e-02  
1.154e+00  4.278e-01  2.056e-01  
1.151e+00  5.395e-01  1.517e-01  
1.126e+00  3.910e-01  3.288e-01  
1.122e+00  6.934e-01  5.739e-02  
1.134e+00  5.228e-01  2.638e-01  
1.126e+00  6.491e-01  1.715e-01  
1.098e+00  3.911e-01  4.069e-01  
1.100e+00  7.452e-01  1.238e-01  
1.097e+00  5.011e-01  3.938e-01  
1.101e+00  6.607e-01  2.790e-01  
9.946e-01  3.908e-01  6.017e-01  
1.028e+00  9.031e-01  4.324e-02  
1.075e+00  6.475e-01  3.742e-01  
1.054e+00  8.199e-01  2.195e-01  
1.021e+00  4.843e-01  5.527e-01  
1.008e+00  9.247e-01  1.422e-01  
1.023e+00  5.977e-01  5.135e-01  
1.026e+00  8.022e-01  3.458e-01  
9.343e-01  3.912e-01  6.816e-01  
9.390e-01  1.025e+00  1.056e-01  
9.899e-01  6.844e-01  5.272e-01  
9.766e-01  9.044e-01  3.285e-01  
9.014e-01  4.703e-01  7.136e-01  
9.242e-01  1.020e+00  2.249e-01  
9.158e-01  5.930e-01  6.713e-01  
9.385e-01  8.516e-01  4.798e-01  
1.720e-01  3.908e-01  1.038e+00  
7.966e-01  1.170e+00  4.280e-02  
9.028e-01  8.299e-01  5.560e-01  
8.570e-01  1.070e+00  2.946e-01  
8.208e-01  5.728e-01  7.747e-01  
7.884e-01  1.165e+00  1.694e-01  
8.329e-01  7.278e-01  7.094e-01  
8.290e-01  1.011e+00  4.608e-01  
7.176e-01  4.484e-01  8.713e-01  
7.098e-01  1.229e+00  1.105e-01  
7.879e-01  8.268e-01  6.908e-01  
7.631e-01  1.106e+00  4.061e-01  
6.893e-01  5.231e-01  8.809e-01  
7.000e-01  1.210e+00  2.550e-01  
7.051e-01  6.841e-01  8.292e-01  
7.283e-01  1.015e+00  5.865e-01  
5.912e-01  3.918e-01  9.448e-01  
5.943e-01  1.296e+00  8.175e-02  
6.847e-01  9.145e-01  7.184e-01  
6.483e-01  1.193e+00  3.927e-01  
5.971e-01  5.754e-01  9.235e-01  
5.869e-01  1.281e+00  2.273e-01  
6.100e-01  7.437e-01  8.628e-01  
6.199e-01  1.100e+00  5.798e-01  
5.095e-01  4.213e-01  9.768e-01  
5.200e-01  1.321e+00  1.471e-01  
5.669e-01  8.568e-01  8.283e-01  
5.587e-01  1.185e+00  5.055e-01  
4.833e-01  5.017e-01  9.804e-01  
5.080e-01  1.287e+00  3.238e-01  
4.960e-01  6.731e-01  9.394e-01  
5.105e-01  1.057e+00  7.008e-01  
1.758e-01  3.908e-01  1.038e+00  
4.091e-01  1.362e+00  4.175e-02  
4.821e-01  1.031e+00  7.397e-01  
4.430e-01  1.295e+00  3.651e-01  
4.176e-01  6.468e-01  9.715e-01  
3.980e-01  1.353e+00  1.881e-01  
4.239e-01  8.451e-01  8.910e-01  
4.152e-01  1.203e+00  5.661e-01  
3.605e-01  4.697e-01  1.016e+00  
3.480e-01  1.373e+00  1.063e-01  
3.883e-01  9.513e-01  8.356e-01  
3.703e-01  1.270e+00  4.704e-01  
3.323e-01  5.615e-01  1.009e+00  
3.342e-01  1.347e+00  2.781e-01  
3.313e-01  7.516e-01  9.555e-01  
3.364e-01  1.144e+00  6.741e-01  
2.851e-01  4.068e-01  1.030e+00  
2.812e-01  1.384e+00  7.805e-02  
3.039e-01  1.010e+00  8.112e-01  
2.900e-01  1.305e+00  4.249e-01  
2.666e-01  6.081e-01  1.009e+00  
2.627e-01  1.367e+00  2.359e-01  
2.620e-01  8.071e-01  9.419e-01  
2.583e-01  1.191e+00  6.314e-01  
2.317e-01  4.367e-01  1.034e+00  
2.243e-01  1.383e+00  1.519e-01  
2.263e-01  9.127e-01  8.881e-01  
2.242e-01  1.260e+00  5.293e-01  
2.091e-01  5.196e-01  1.028e+00  
1.695e-01  1.347e+00  3.288e-01  
1.754e-01  7.036e-01  9.871e-01  
1.880e-01  1.111e+00  7.304e-01  
1.758e-01  3.908e-01  1.038e+00  
1.691e-01  1.391e+00  6.170e-02  
1.722e-01  1.041e+00  7.971e-01  
3.180e+00  3.908e-01  7.627e-02  
1.689e-01  1.391e+00  3.664e-02  
1.845e-01  3.908e-01  3.038e+00  
1.168e+00  3.908e-01  7.201e-02  
1.166e+00  4.556e-01  7.195e-02  
1.159e+00  3.909e-01  1.784e-01  
1.156e+00  5.504e-01  6.534e-02  
1.154e+00  4.495e-01  2.006e-01  
1.151e+00  5.407e-01  1.516e-01  
1.125e+00  3.909e-01  3.287e-01  
1.122e+00  6.935e-01  5.623e-02  
1.133e+00  5.268e-01  2.639e-01  
1.125e+00  6.488e-01  1.723e-01  
1.097e+00  4.281e-01  4.066e-01  
1.100e+00  7.454e-01  1.226e-01  
1.096e+00  5.089e-01  3.929e-01  
1.101e+00  6.613e-01  2.790e-01  
1.129e+00  3.908e-01  3.166e-01  
1.028e+00  9.031e-01  5.006e-02  
1.075e+00  6.474e-01  3.738e-01  
1.054e+00  8.195e-01  2.171e-01  
1.020e+00  4.889e-01  5.522e-01  
1.008e+00  9.248e-01  1.430e-01  
1.023e+00  5.991e-01  5.134e-01  
1.026e+00  8.023e-01  3.463e-01  
9.342e-01  3.911e-01  6.813e-01  
9.386e-01  1.026e+00  1.056e-01  
9.897e-01  6.848e-01  5.272e-01  
9.759e-01  9.045e-01  3.284e-01  
9.009e-01  4.726e-01  7.129e-01  
9.246e-01  1.019e+00  2.233e-01  
9.158e-01  5.930e-01  6.713e-01  
9.380e-01  8.517e-01  4.799e-01  
1.886e-01  3.908e-01  1.037e+00  
7.966e-01  1.170e+00  4.280e-02  
9.000e-01  8.348e-01  5.548e-01  
8.564e-01  1.069e+00  2.967e-01  
8.199e-01  5.746e-01  7.731e-01  
7.883e-01  1.165e+00  1.692e-01  
8.297e-01  7.257e-01  7.085e-01  
8.291e-01  1.011e+00  4.607e-01  
7.186e-01  4.429e-01  8.703e-01  
7.092e-01  1.229e+00  1.110e-01  
7.879e-01  8.264e-01  6.903e-01  
7.630e-01  1.106e+00  4.059e-01  
6.892e-01  5.232e-01  8.803e-01  
6.997e-01  1.210e+00  2.558e-01  
7.051e-01  6.827e-01  8.287e-01  
7.283e-01  1.015e+00  5.830e-01  
5.916e-01  3.910e-01  9.435e-01  
5.945e-01  1.295e+00  8.079e-02  
6.841e-01  9.123e-01  7.169e-01  
6.484e-01  1.193e+00  3.927e-01  
5.976e-01  5.754e-01  9.219e-01  
5.866e-01  1.279e+00  2.273e-01  
6.087e-01  7.511e-01  8.594e-01  
6.173e-01  1.098e+00  5.830e-01  
5.084e-01  4.280e-01  9.765e-01  
5.197e-01  1.320e+00  1.556e-01  
5.709e-01  8.549e-01  8.261e-01  
5.583e-01  1.185e+00  5.048e-01  
4.842e-01  4.962e-01  9.798e-01  
5.077e-01  1.287e+00  3.236e-01  
4.955e-01  6.751e-01  9.382e-01  
5.105e-01  1.057e+00  7.008e-01  
1.842e-01  3.908e-01  1.037e+00  
4.091e-01  1.362e+00  4.061e-02  
4.814e-01  1.030e+00  7.392e-01  
4.444e-01  1.294e+00  3.648e-01  
4.242e-01  6.471e-01  9.689e-01  
3.985e-01  1.352e+00  1.901e-01  
4.226e-01  8.450e-01  8.909e-01  
4.183e-01  1.202e+00  5.656e-01  
3.588e-01  4.728e-01  1.015e+00  
3.487e-01  1.372e+00  1.098e-01  
3.883e-01  9.513e-01  8.354e-01  
3.698e-01  1.270e+00  4.701e-01  
3.358e-01  5.587e-01  1.008e+00  
3.339e-01  1.347e+00  2.787e-01  
3.352e-01  7.515e-01  9.546e-01  
3.366e-01  1.144e+00  6.741e-01  
2.841e-01  4.066e-01  1.030e+00  
2.812e-01  1.384e+00  7.805e-02  
3.076e-01  1.011e+00  8.098e-01  
2.886e-01  1.305e+00  4.244e-01  
2.694e-01  6.088e-01  1.007e+00  
2.630e-01  1.366e+00  2.359e-01  
2.590e-01  8.067e-01  9.417e-01  
2.554e-01  1.191e+00  6.313e-01  
2.328e-01  4.430e-01  1.033e+00  
2.243e-01  1.383e+00  1.519e-01  
2.343e-01  9.124e-01  8.880e-01  
2.246e-01  1.259e+00  5.299e-01  
2.095e-01  5.220e-01  1.027e+00  
2.057e-01  1.347e+00  3.277e-01  
1.844e-01  7.048e-01  9.861e-01  
1.874e-01  1.111e+00  7.302e-01  
1.842e-01  3.908e-01  1.037e+00  
1.691e-01  1.391e+00  6.127e-02  
1.692e-01  1.041e+00  7.964e-01  
3.136e+00  3.908e-01  7.600e-02  
1.689e-01  1.391e+00  3.659e-02  
1.693e-01  3.908e-01  1.037e+00  
1.168e+00  3.908e-01  7.584e-02  
1.166e+00  4.556e-01  7.195e-02  
1.159e+00  3.910e-01  1.779e-01  
1.156e+00  5.504e-01  6.534e-02  
1.154e+00  4.496e-01  2.005e-01  
1.151e+00  5.403e-01  1.516e-01  
1.125e+00  3.910e-01  3.288e-01  
1.122e+00  6.933e-01  5.652e-02  
1.133e+00  5.268e-01  2.640e-01  
1.125e+00  6.490e-01  1.727e-01  
1.098e+00  4.297e-01  4.058e-01  
1.100e+00  7.458e-01  1.238e-01  
1.096e+00  5.101e-01  3.927e-01  
1.101e+00  6.613e-01  2.790e-01  
1.168e+00  3.908e-01  7.584e-02  
1.028e+00  9.033e-01  5.047e-02  
1.075e+00  6.475e-01  3.741e-01  
1.054e+00  8.194e-01  2.169e-01  
1.020e+00  4.898e-01  5.522e-01  
1.008e+00  9.247e-01  1.430e-01  
1.023e+00  5.991e-01  5.134e-01  
1.026e+00  8.023e-01  3.458e-01  
9.335e-01  4.053e-01  6.810e-01  
9.386e-01  1.026e+00  1.061e-01  
9.882e-01  6.860e-01  5.285e-01  
9.757e-01  9.055e-01  3.270e-01  
9.009e-01  4.727e-01  7.129e-01  
9.245e-01  1.019e+00  2.229e-01  
9.143e-01  5.973e-01  6.707e-01  
9.379e-01  8.516e-01  4.798e-01  
1.693e-01  3.908e-01  1.037e+00  
7.971e-01  1.169e+00  4.956e-02  
9.000e-01  8.349e-01  5.547e-01  
8.564e-01  1.069e+00  2.965e-01  
8.199e-01  5.747e-01  7.731e-01  
7.881e-01  1.165e+00  1.699e-01  
8.297e-01  7.256e-01  7.084e-01  
8.291e-01  1.011e+00  4.605e-01  
7.186e-01  4.430e-01  8.703e-01  
7.098e-01  1.229e+00  1.108e-01  
7.879e-01  8.262e-01  6.903e-01  
7.627e-01  1.106e+00  4.059e-01  
6.891e-01  5.245e-01  8.801e-01  
6.995e-01  1.210e+00  2.558e-01  
7.054e-01  6.828e-01  8.285e-01  
7.283e-01  1.014e+00  5.830e-01  
5.910e-01  3.911e-01  9.433e-01  
5.938e-01  1.295e+00  8.032e-02  
6.840e-01  9.123e-01  7.169e-01  
6.485e-01  1.193e+00  3.927e-01  
5.977e-01  5.752e-01  9.217e-01  
5.867e-01  1.279e+00  2.274e-01  
6.087e-01  7.512e-01  8.593e-01  
6.176e-01  1.098e+00  5.829e-01  
5.084e-01  4.279e-01  9.765e-01  
5.189e-01  1.320e+00  1.556e-01  
5.706e-01  8.553e-01  8.260e-01  
5.578e-01  1.184e+00  5.049e-01  
4.837e-01  4.990e-01  9.796e-01  
5.077e-01  1.287e+00  3.236e-01  
4.956e-01  6.750e-01  9.381e-01  
5.174e-01  1.054e+00  6.987e-01  
1.693e-01  3.908e-01  1.037e+00  
4.095e-01  1.361e+00  3.661e-02  
4.814e-01  1.030e+00  7.391e-01  
4.448e-01  1.294e+00  3.648e-01  
4.242e-01  6.470e-01  9.689e-01  
3.985e-01  1.352e+00  1.898e-01  
4.225e-01  8.449e-01  8.908e-01  
4.175e-01  1.202e+00  5.656e-01  
3.590e-01  4.753e-01  1.015e+00  
3.487e-01  1.372e+00  1.098e-01  
3.883e-01  9.513e-01  8.353e-01  
3.694e-01  1.270e+00  4.702e-01  
3.357e-01  5.583e-01  1.008e+00  
3.342e-01  1.347e+00  2.787e-01  
3.350e-01  7.516e-01  9.544e-01  
3.361e-01  1.143e+00  6.737e-01  
2.843e-01  4.034e-01  1.030e+00  
2.796e-01  1.384e+00  7.812e-02  
3.064e-01  1.011e+00  8.094e-01  
2.886e-01  1.305e+00  4.244e-01  
2.694e-01  6.088e-01  1.007e+00  
2.635e-01  1.366e+00  2.359e-01  
2.660e-01  8.057e-01  9.415e-01  
2.556e-01  1.190e+00  6.312e-01  
2.328e-01  4.430e-01  1.033e+00  
2.243e-01  1.383e+00  1.519e-01  
2.347e-01  9.127e-01  8.871e-01  
2.239e-01  1.259e+00  5.292e-01  
2.097e-01  5.220e-01  1.027e+00  
2.057e-01  1.347e+00  3.277e-01  
1.688e-01  7.063e-01  9.856e-01  
1.872e-01  1.111e+00  7.301e-01  
1.693e-01  3.908e-01  1.037e+00  
1.689e-01  1.391e+00  6.140e-02  
1.690e-01  1.041e+00  7.964e-01  
1.169e+00  1.008e-01  3.667e-02  
1.296e-01  3.114e+00  3.708e-02  
1.293e-01  1.008e-01  1.038e+00  
1.129e+00  1.377e-01  4.361e-02  
1.123e+00  2.060e-01  7.022e-02  
1.120e+00  1.015e-01  1.767e-01  
1.110e+00  2.955e-01  5.846e-02  
1.114e+00  1.865e-01  1.956e-01  
1.106e+00  2.877e-01  1.439e-01  
1.086e+00  1.039e-01  3.281e-01  
1.071e+00  4.384e-01  5.465e-02  
1.090e+00  2.745e-01  2.594e-01  
1.077e+00  3.967e-01  1.668e-01  
1.059e+00  1.048e-01  4.062e-01  
1.046e+00  4.931e-01  1.267e-01  
1.055e+00  2.598e-01  3.848e-01  
1.050e+00  4.093e-01  2.764e-01  
9.907e-01  1.331e-01  5.449e-01  
9.703e-01  6.430e-01  4.148e-02  
1.027e+00  3.925e-01  3.715e-01  
1.006e+00  5.566e-01  1.981e-01  
9.791e-01  2.421e-01  5.481e-01  
9.533e-01  6.640e-01  1.201e-01  
9.787e-01  3.413e-01  5.100e-01  
9.771e-01  5.456e-01  3.359e-01  
8.937e-01  1.668e-01  6.809e-01  
8.798e-01  7.608e-01  9.903e-02  
9.452e-01  4.253e-01  5.199e-01  
9.236e-01  6.443e-01  3.167e-01  
8.606e-01  2.055e-01  7.123e-01  
8.650e-01  7.558e-01  2.164e-01  
8.699e-01  3.373e-01  6.666e-01  
8.855e-01  5.935e-01  4.702e-01  
7.594e-01  1.042e-01  8.138e-01  
7.379e-01  8.965e-01  4.261e-02  
8.494e-01  5.792e-01  5.428e-01  
7.961e-01  8.034e-01  2.927e-01  
7.780e-01  3.106e-01  7.698e-01  
7.305e-01  8.906e-01  1.630e-01  
7.833e-01  4.747e-01  7.037e-01  
7.749e-01  7.471e-01  4.516e-01  
6.768e-01  1.942e-01  8.706e-01  
6.521e-01  9.507e-01  1.059e-01  
7.382e-01  5.702e-01  6.797e-01  
7.079e-01  8.364e-01  3.949e-01  
6.455e-01  2.673e-01  8.787e-01  
6.420e-01  9.335e-01  2.480e-01  
6.548e-01  4.315e-01  8.230e-01  
6.735e-01  7.483e-01  5.732e-01  
5.513e-01  1.304e-01  9.437e-01  
5.389e-01  1.013e+00  7.219e-02  
6.319e-01  6.533e-01  7.038e-01  
5.934e-01  9.181e-01  3.816e-01  
5.485e-01  3.076e-01  9.215e-01  
5.329e-01  9.986e-01  2.221e-01  
5.615e-01  4.932e-01  8.511e-01  
5.668e-01  8.264e-01  5.693e-01  
4.685e-01  1.705e-01  9.754e-01  
4.679e-01  1.037e+00  1.406e-01  
5.243e-01  5.983e-01  8.138e-01  
5.006e-01  9.121e-01  4.920e-01  
4.432e-01  2.488e-01  9.754e-01  
4.569e-01  1.009e+00  3.033e-01  
4.521e-01  4.159e-01  9.298e-01  
4.640e-01  7.878e-01  6.824e-01  
3.582e-01  1.133e-01  1.011e+00  
3.603e-01  1.074e+00  4.033e-02  
4.335e-01  7.647e-01  7.218e-01  
3.951e-01  1.017e+00  3.453e-01  
3.828e-01  3.959e-01  9.616e-01  
3.506e-01  1.067e+00  1.799e-01  
3.781e-01  5.851e-01  8.778e-01  
3.714e-01  9.294e-01  5.472e-01  
3.195e-01  2.244e-01  1.011e+00  
3.018e-01  1.084e+00  1.107e-01  
3.297e-01  6.907e-01  8.195e-01  
3.235e-01  9.903e-01  4.547e-01  
2.864e-01  3.086e-01  1.003e+00  
2.878e-01  1.062e+00  2.667e-01  
2.786e-01  4.982e-01  9.438e-01  
2.939e-01  8.702e-01  6.543e-01  
2.431e-01  1.528e-01  1.029e+00  
2.374e-01  1.095e+00  5.776e-02  
2.577e-01  7.457e-01  7.920e-01  
2.467e-01  1.022e+00  4.103e-01  
2.208e-01  3.574e-01  9.998e-01  
2.191e-01  1.079e+00  2.280e-01  
2.193e-01  5.505e-01  9.264e-01  
2.033e-01  9.159e-01  6.127e-01  
1.897e-01  1.901e-01  1.032e+00  
1.732e-01  1.095e+00  1.414e-01  
1.897e-01  6.516e-01  8.706e-01  
1.844e-01  9.801e-01  5.131e-01  
1.689e-01  2.693e-01  1.022e+00  
1.313e-01  1.062e+00  3.174e-01  
1.575e-01  4.525e-01  9.728e-01  
1.534e-01  8.404e-01  7.099e-01  
1.393e-01  1.237e-01  1.036e+00  
1.303e-01  1.101e+00  6.041e-02  
1.321e-01  7.750e-01  7.763e-01  
1.129e+00  1.008e-01  3.665e-02  
1.293e-01  1.101e+00  3.662e-02  
1.293e-01  1.008e-01  1.037e+00  
1.128e+00  1.317e-01  7.380e-02  
1.123e+00  2.060e-01  7.022e-02  
1.119e+00  1.393e-01  1.767e-01  
1.109e+00  3.014e-01  6.150e-02  
1.110e+00  2.007e-01  2.047e-01  
1.105e+00  2.913e-01  1.439e-01  
1.085e+00  1.310e-01  3.280e-01  
1.070e+00  4.404e-01  3.704e-02  
1.087e+00  2.765e-01  2.630e-01  
1.076e+00  3.950e-01  1.704e-01  
1.055e+00  1.852e-01  4.050e-01  
1.045e+00  4.916e-01  1.260e-01  
1.051e+00  2.619e-01  3.905e-01  
1.050e+00  4.090e-01  2.763e-01  
9.900e-01  1.328e-01  5.449e-01  
9.696e-01  6.430e-01  4.830e-02  
1.025e+00  3.948e-01  3.704e-01  
9.985e-01  5.619e-01  2.163e-01  
9.760e-01  2.443e-01  5.495e-01  
9.496e-01  6.633e-01  1.400e-01  
9.769e-01  3.476e-01  5.087e-01  
9.717e-01  5.458e-01  3.408e-01  
8.926e-01  1.601e-01  6.803e-01  
8.801e-01  7.597e-01  8.466e-02  
9.387e-01  4.323e-01  5.218e-01  
9.182e-01  6.455e-01  3.215e-01  
8.581e-01  2.253e-01  7.100e-01  
8.639e-01  7.552e-01  2.171e-01  
8.677e-01  3.464e-01  6.650e-01  
8.852e-01  5.913e-01  4.710e-01  
7.581e-01  1.234e-01  8.143e-01  
7.377e-01  8.943e-01  4.834e-02  
8.461e-01  5.783e-01  5.450e-01  
7.978e-01  8.005e-01  2.888e-01  
7.754e-01  3.212e-01  7.677e-01  
7.279e-01  8.918e-01  1.641e-01  
7.806e-01  4.721e-01  6.986e-01  
7.727e-01  7.455e-01  4.499e-01  
6.769e-01  2.019e-01  8.673e-01  
6.520e-01  9.507e-01  1.030e-01  
7.370e-01  5.701e-01  6.798e-01  
7.069e-01  8.348e-01  3.949e-01  
6.464e-01  2.733e-01  8.752e-01  
6.438e-01  9.321e-01  2.480e-01  
6.591e-01  4.300e-01  8.190e-01  
6.732e-01  7.480e-01  5.731e-01  
5.514e-01  1.439e-01  9.421e-01  
5.385e-01  1.012e+00  7.934e-02  
6.303e-01  6.533e-01  7.034e-01  
5.938e-01  9.180e-01  3.799e-01  
5.542e-01  3.244e-01  9.149e-01  
5.322e-01  9.978e-01  2.197e-01  
5.624e-01  4.964e-01  8.465e-01  
5.633e-01  8.293e-01  5.676e-01  
4.690e-01  1.641e-01  9.752e-01  
4.669e-01  1.035e+00  1.509e-01  
5.237e-01  5.937e-01  8.123e-01  
5.060e-01  9.091e-01  4.896e-01  
4.417e-01  2.542e-01  9.746e-01  
4.559e-01  1.005e+00  3.130e-01  
4.515e-01  4.228e-01  9.271e-01  
4.681e-01  7.875e-01  6.806e-01  
3.713e-01  1.073e-01  1.007e+00  
3.605e-01  1.074e+00  3.709e-02  
4.314e-01  7.647e-01  7.218e-01  
3.953e-01  1.012e+00  3.526e-01  
3.817e-01  3.952e-01  9.586e-01  
3.453e-01  1.066e+00  1.843e-01  
3.777e-01  5.867e-01  8.748e-01  
3.713e-01  9.255e-01  5.481e-01  
3.167e-01  2.299e-01  1.010e+00  
3.031e-01  1.083e+00  1.016e-01  
3.332e-01  6.904e-01  8.191e-01  
3.224e-01  9.885e-01  4.549e-01  
2.937e-01  3.117e-01  1.001e+00  
2.864e-01  1.062e+00  2.661e-01  
2.907e-01  4.965e-01  9.411e-01  
2.937e-01  8.702e-01  6.543e-01  
2.461e-01  1.570e-01  1.028e+00  
2.359e-01  1.094e+00  7.665e-02  
2.588e-01  7.453e-01  7.904e-01  
2.461e-01  1.021e+00  4.102e-01  
2.232e-01  3.577e-01  9.992e-01  
2.186e-01  1.079e+00  2.277e-01  
2.241e-01  5.494e-01  9.255e-01  
2.033e-01  9.159e-01  6.127e-01  
1.885e-01  1.906e-01  1.031e+00  
1.873e-01  1.093e+00  1.487e-01  
1.929e-01  6.529e-01  8.694e-01  
1.808e-01  9.789e-01  5.124e-01  
1.692e-01  2.715e-01  1.021e+00  
1.293e-01  1.060e+00  3.175e-01  
1.512e-01  4.520e-01  9.728e-01  
1.534e-01  8.404e-01  7.099e-01  
1.415e-01  1.245e-01  1.036e+00  
1.293e-01  1.100e+00  6.047e-02  
1.306e-01  7.749e-01  7.761e-01  
1.129e+00  1.008e-01  3.664e-02  
1.293e-01  1.101e+00  3.662e-02  
1.293e-01  1.008e-01  1.037e+00  
1.128e+00  1.314e-01  7.368e-02  
1.123e+00  2.060e-01  7.022e-02  
1.119e+00  1.454e-01  1.760e-01  
1.109e+00  3.014e-01  6.150e-02  
1.110e+00  2.013e-01  2.047e-01  
1.105e+00  2.894e-01  1.491e-01  
1.085e+00  1.310e-01  3.280e-01  
1.070e+00  4.404e-01  3.663e-02  
1.087e+00  2.770e-01  2.628e-01  
1.076e+00  3.950e-01  1.704e-01  
1.055e+00  1.858e-01  4.049e-01  
1.045e+00  4.916e-01  1.266e-01  
1.050e+00  2.619e-01  3.911e-01  
1.050e+00  4.090e-01  2.757e-01  
9.900e-01  1.316e-01  5.450e-01  
9.696e-01  6.429e-01  3.682e-02  
1.025e+00  3.953e-01  3.705e-01  
9.983e-01  5.618e-01  2.167e-01  
9.758e-01  2.437e-01  5.493e-01  
9.496e-01  6.632e-01  1.403e-01  
9.764e-01  3.476e-01  5.075e-01  
9.716e-01  5.457e-01  3.409e-01  
8.924e-01  1.603e-01  6.803e-01  
8.799e-01  7.601e-01  8.204e-02  
9.387e-01  4.324e-01  5.221e-01  
9.182e-01  6.455e-01  3.213e-01  
8.581e-01  2.254e-01  7.100e-01  
8.645e-01  7.545e-01  2.164e-01  
8.677e-01  3.464e-01  6.650e-01  
8.848e-01  5.918e-01  4.721e-01  
7.579e-01  1.220e-01  8.141e-01  
7.377e-01  8.943e-01  4.807e-02  
8.465e-01  5.783e-01  5.450e-01  
7.976e-01  8.004e-01  2.894e-01  
7.754e-01  3.220e-01  7.677e-01  
7.279e-01  8.918e-01  1.641e-01  
7.805e-01  4.719e-01  6.986e-01  
7.728e-01  7.455e-01  4.497e-01  
6.769e-01  2.014e-01  8.673e-01  
6.518e-01  9.504e-01  1.077e-01  
7.370e-01  5.701e-01  6.798e-01  
7.068e-01  8.348e-01  3.950e-01  
6.463e-01  2.741e-01  8.749e-01  
6.436e-01  9.318e-01  2.484e-01  
6.591e-01  4.290e-01  8.187e-01  
6.714e-01  7.480e-01  5.731e-01  
5.513e-01  1.451e-01  9.421e-01  
5.382e-01  1.012e+00  8.084e-02  
6.307e-01  6.532e-01  7.034e-01  
5.931e-01  9.180e-01  3.792e-01  
5.533e-01  3.244e-01  9.145e-01  
5.320e-01  9.978e-01  2.200e-01  
5.625e-01  4.964e-01  8.466e-01  
5.633e-01  8.293e-01  5.674e-01  
4.676e-01  1.781e-01  9.746e-01  
4.670e-01  1.035e+00  1.511e-01  
5.237e-01  5.937e-01  8.123e-01  
5.060e-01  9.090e-01  4.895e-01  
4.418e-01  2.518e-01  9.745e-01  
4.560e-01  1.005e+00  3.130e-01  
4.515e-01  4.228e-01  9.269e-01  
4.693e-01  7.862e-01  6.807e-01  
3.714e-01  1.136e-01  1.007e+00  
3.606e-01  1.074e+00  3.680e-02  
4.314e-01  7.647e-01  7.218e-01  
3.954e-01  1.012e+00  3.527e-01  
3.816e-01  3.952e-01  9.584e-01  
3.453e-01  1.066e+00  1.843e-01  
3.785e-01  5.861e-01  8.748e-01  
3.715e-01  9.254e-01  5.480e-01  
3.186e-01  2.297e-01  1.010e+00  
3.030e-01  1.083e+00  1.029e-01  
3.424e-01  6.888e-01  8.171e-01  
3.224e-01  9.885e-01  4.549e-01  
2.906e-01  3.118e-01  1.001e+00  
2.878e-01  1.061e+00  2.671e-01  
2.921e-01  4.967e-01  9.406e-01  
2.939e-01  8.701e-01  6.541e-01  
2.461e-01  1.570e-01  1.028e+00  
2.359e-01  1.094e+00  7.665e-02  
2.610e-01  7.447e-01  7.903e-01  
2.468e-01  1.021e+00  4.105e-01  
2.291e-01  3.568e-01  9.983e-01  
2.184e-01  1.078e+00  2.278e-01  
2.241e-01  5.494e-01  9.255e-01  
2.170e-01  9.152e-01  6.105e-01  
1.933e-01  1.940e-01  1.030e+00  
1.874e-01  1.093e+00  1.485e-01  
1.937e-01  6.521e-01  8.685e-01  
1.809e-01  9.788e-01  5.126e-01  
1.684e-01  2.720e-01  1.021e+00  
1.293e-01  1.060e+00  3.175e-01  
1.566e-01  4.523e-01  9.724e-01  
1.295e-01  8.403e-01  7.099e-01  
1.404e-01  1.246e-01  1.036e+00  
1.293e-01  1.100e+00  6.037e-02  
1.306e-01  7.749e-01  7.761e-01  
1.129e+00  1.008e-01  3.665e-02  
1.293e-01  1.101e+00  3.665e-02  
1.293e-01  1.008e-01  1.037e+00  
1.128e+00  1.355e-01  7.440e-02  
1.123e+00  2.030e-01  7.116e-02  
1.118e+00  1.433e-01  1.772e-01  
1.109e+00  3.014e-01  6.150e-02  
1.110e+00  2.016e-01  2.044e-01  
1.105e+00  2.895e-01  1.487e-01  
1.085e+00  1.350e-01  3.285e-01  
1.070e+00  4.404e-01  3.672e-02  
1.087e+00  2.768e-01  2.629e-01  
1.076e+00  3.950e-01  1.704e-01  
1.055e+00  1.858e-01  4.051e-01  
1.045e+00  4.916e-01  1.266e-01  
1.050e+00  2.619e-01  3.912e-01  
1.050e+00  4.090e-01  2.759e-01  
9.900e-01  1.316e-01  5.450e-01  
9.695e-01  6.429e-01  4.876e-02  
1.025e+00  3.951e-01  3.705e-01  
9.983e-01  5.618e-01  2.168e-01  
9.758e-01  2.443e-01  5.493e-01  
9.496e-01  6.632e-01  1.405e-01  
9.762e-01  3.478e-01  5.075e-01  
9.716e-01  5.457e-01  3.407e-01  
8.927e-01  1.644e-01  6.794e-01  
8.799e-01  7.601e-01  8.204e-02  
9.387e-01  4.322e-01  5.217e-01  
9.181e-01  6.453e-01  3.217e-01  
8.581e-01  2.251e-01  7.099e-01  
8.643e-01  7.548e-01  2.167e-01  
8.679e-01  3.463e-01  6.650e-01  
8.848e-01  5.918e-01  4.721e-01  
7.579e-01  1.234e-01  8.141e-01  
7.377e-01  8.943e-01  4.864e-02  
8.462e-01  5.781e-01  5.447e-01  
7.976e-01  8.003e-01  2.895e-01  
7.754e-01  3.208e-01  7.676e-01  
7.297e-01  8.912e-01  1.592e-01  
7.805e-01  4.721e-01  6.986e-01  
7.727e-01  7.453e-01  4.495e-01  
6.768e-01  2.018e-01  8.673e-01  
6.519e-01  9.504e-01  1.074e-01  
7.371e-01  5.674e-01  6.793e-01  
7.065e-01  8.348e-01  3.948e-01  
6.463e-01  2.737e-01  8.749e-01  
6.435e-01  9.318e-01  2.483e-01  
6.591e-01  4.291e-01  8.187e-01  
6.733e-01  7.476e-01  5.715e-01  
5.513e-01  1.442e-01  9.421e-01  
5.380e-01  1.012e+00  8.073e-02  
6.310e-01  6.527e-01  7.029e-01  
5.931e-01  9.180e-01  3.788e-01  
5.530e-01  3.244e-01  9.144e-01  
5.317e-01  9.976e-01  2.210e-01  
5.625e-01  4.964e-01  8.466e-01  
5.631e-01  8.293e-01  5.674e-01  
4.672e-01  1.779e-01  9.746e-01  
4.670e-01  1.035e+00  1.511e-01  
5.237e-01  5.937e-01  8.123e-01  
5.060e-01  9.087e-01  4.898e-01  
4.416e-01  2.520e-01  9.745e-01  
4.558e-01  1.005e+00  3.130e-01  
4.514e-01  4.227e-01  9.269e-01  
4.690e-01  7.863e-01  6.806e-01  
3.712e-01  1.136e-01  1.007e+00  
3.605e-01  1.074e+00  3.664e-02  
4.299e-01  7.646e-01  7.217e-01  
3.954e-01  1.011e+00  3.529e-01  
3.816e-01  3.951e-01  9.584e-01  
3.456e-01  1.066e+00  1.844e-01  
3.784e-01  5.868e-01  8.747e-01  
3.715e-01  9.254e-01  5.480e-01  
3.173e-01  2.297e-01  1.010e+00  
3.031e-01  1.083e+00  1.015e-01  
3.423e-01  6.888e-01  8.171e-01  
3.218e-01  9.885e-01  4.549e-01  
2.946e-01  3.112e-01  1.000e+00  
2.867e-01  1.060e+00  2.696e-01  
2.917e-01  4.967e-01  9.405e-01  
2.938e-01  8.701e-01  6.541e-01  
2.460e-01  1.572e-01  1.028e+00  
2.359e-01  1.094e+00  7.652e-02  
2.608e-01  7.448e-01  7.903e-01  
2.464e-01  1.021e+00  4.105e-01  
2.291e-01  3.568e-01  9.983e-01  
2.185e-01  1.078e+00  2.278e-01  
2.241e-01  5.494e-01  9.255e-01  
2.170e-01  9.152e-01  6.105e-01  
1.933e-01  1.940e-01  1.030e+00  
1.874e-01  1.093e+00  1.485e-01  
1.937e-01  6.521e-01  8.685e-01  
1.807e-01  9.788e-01  5.126e-01  
1.674e-01  2.716e-01  1.021e+00  
1.293e-01  1.060e+00  3.175e-01  
1.503e-01  4.527e-01  9.724e-01  
1.303e-01  8.402e-01  7.097e-01  
1.404e-01  1.246e-01  1.036e+00  
1.350e-01  1.100e+00  6.029e-02  
1.299e-01  7.740e-01  7.760e-01  
1.052e+00  1.008e-01  3.659e-02  
5.163e-02  1.101e+00  3.665e-02  
5.165e-02  1.008e-01  1.037e+00  
1.050e+00  1.382e-01  7.339e-02  
1.046e+00  2.045e-01  7.112e-02  
1.041e+00  1.343e-01  1.776e-01  
1.031e+00  3.016e-01  3.667e-02  
1.033e+00  1.983e-01  2.037e-01  
1.027e+00  2.898e-01  1.494e-01  
1.007e+00  1.394e-01  3.286e-01  
9.922e-01  4.403e-01  3.716e-02  
1.010e+00  2.753e-01  2.610e-01  
9.983e-01  3.969e-01  1.657e-01  
9.774e-01  1.858e-01  4.052e-01  
9.682e-01  4.910e-01  1.257e-01  
9.732e-01  2.621e-01  3.899e-01  
9.741e-01  4.077e-01  2.710e-01  
9.124e-01  1.321e-01  5.447e-01  
8.919e-01  6.428e-01  4.782e-02  
9.480e-01  3.956e-01  3.692e-01  
9.208e-01  5.621e-01  2.171e-01  
8.985e-01  2.441e-01  5.495e-01  
8.720e-01  6.633e-01  1.403e-01  
8.979e-01  3.477e-01  5.091e-01  
8.940e-01  5.457e-01  3.411e-01  
8.155e-01  1.542e-01  6.801e-01  
8.021e-01  7.592e-01  9.725e-02  
8.609e-01  4.325e-01  5.218e-01  
8.416e-01  6.447e-01  3.211e-01  
7.808e-01  2.228e-01  7.106e-01  
7.864e-01  7.544e-01  2.189e-01  
7.918e-01  3.463e-01  6.639e-01  
8.069e-01  5.931e-01  4.705e-01  
6.804e-01  1.215e-01  8.143e-01  
6.601e-01  8.944e-01  4.814e-02  
7.690e-01  5.781e-01  5.449e-01  
7.199e-01  8.004e-01  2.896e-01  
6.994e-01  3.170e-01  7.676e-01  
6.513e-01  8.907e-01  1.655e-01  
7.036e-01  4.704e-01  6.994e-01  
6.948e-01  7.457e-01  4.499e-01  
5.991e-01  1.958e-01  8.684e-01  
5.741e-01  9.505e-01  1.083e-01  
6.594e-01  5.690e-01  6.782e-01  
6.291e-01  8.345e-01  3.948e-01  
5.692e-01  2.747e-01  8.748e-01  
5.651e-01  9.328e-01  2.483e-01  
5.813e-01  4.304e-01  8.186e-01  
5.955e-01  7.485e-01  5.708e-01  
4.737e-01  1.421e-01  9.423e-01  
4.613e-01  1.012e+00  8.098e-02  
5.557e-01  6.514e-01  7.022e-01  
5.157e-01  9.170e-01  3.810e-01  
4.764e-01  3.240e-01  9.141e-01  
4.544e-01  9.971e-01  2.223e-01  
4.848e-01  4.963e-01  8.466e-01  
4.877e-01  8.280e-01  5.677e-01  
3.915e-01  1.714e-01  9.745e-01  
3.894e-01  1.035e+00  1.509e-01  
4.454e-01  5.970e-01  8.106e-01  
4.283e-01  9.088e-01  4.899e-01  
3.656e-01  2.485e-01  9.747e-01  
3.782e-01  1.005e+00  3.128e-01  
3.743e-01  4.226e-01  9.270e-01  
3.919e-01  7.864e-01  6.810e-01  
2.937e-01  1.046e-01  1.007e+00  
2.829e-01  1.074e+00  3.666e-02  
3.552e-01  7.642e-01  7.214e-01  
3.173e-01  1.012e+00  3.526e-01  
3.043e-01  3.945e-01  9.586e-01  
2.723e-01  1.065e+00  1.841e-01  
3.027e-01  5.850e-01  8.752e-01  
2.931e-01  9.258e-01  5.482e-01  
2.416e-01  2.268e-01  1.010e+00  
2.248e-01  1.083e+00  1.083e-01  
2.649e-01  6.887e-01  8.171e-01  
2.438e-01  9.887e-01  4.548e-01  
2.155e-01  3.119e-01  1.000e+00  
2.105e-01  1.060e+00  2.694e-01  
2.096e-01  4.968e-01  9.419e-01  
2.161e-01  8.704e-01  6.541e-01  
1.681e-01  1.559e-01  1.028e+00  
1.574e-01  1.094e+00  7.568e-02  
1.871e-01  7.447e-01  7.899e-01  
1.690e-01  1.021e+00  4.101e-01  
1.513e-01  3.577e-01  9.980e-01  
1.426e-01  1.078e+00  2.276e-01  
1.458e-01  5.501e-01  9.251e-01  
1.412e-01  9.152e-01  6.122e-01  
1.114e-01  1.938e-01  1.031e+00  
1.075e-01  1.093e+00  1.486e-01  
1.136e-01  6.518e-01  8.688e-01  
1.064e-01  9.787e-01  5.124e-01  
8.894e-02  2.720e-01  1.021e+00  
5.228e-02  1.060e+00  3.176e-01  
6.400e-02  4.529e-01  9.725e-01  
5.234e-02  8.403e-01  7.100e-01  
6.203e-02  1.243e-01  1.036e+00  
5.163e-02  1.100e+00  6.046e-02  
5.335e-02  7.742e-01  7.760e-01  
1.052e+00  1.008e-01  3.665e-02  
5.167e-02  1.101e+00  3.661e-02  
5.164e-02  1.008e-01  1.037e+00  
1.050e+00  1.382e-01  7.339e-02  
1.046e+00  2.045e-01  7.112e-02  
1.041e+00  1.475e-01  1.762e-01  
1.031e+00  3.003e-01  6.237e-02  
1.033e+00  1.983e-01  2.037e-01  
1.027e+00  2.898e-01  1.494e-01  
1.007e+00  1.394e-01  3.286e-01  
9.922e-01  4.403e-01  3.721e-02  
1.010e+00  2.753e-01  2.610e-01  
9.982e-01  3.969e-01  1.655e-01  
9.774e-01  1.858e-01  4.052e-01  
9.682e-01  4.910e-01  1.257e-01  
9.732e-01  2.621e-01  3.899e-01  
9.741e-01  4.077e-01  2.710e-01  
9.124e-01  1.321e-01  5.447e-01  
8.919e-01  6.428e-01  4.858e-02  
9.480e-01  3.956e-01  3.692e-01  
9.208e-01  5.621e-01  2.171e-01  
8.985e-01  2.441e-01  5.495e-01  
8.720e-01  6.633e-01  1.403e-01  
8.979e-01  3.474e-01  5.091e-01  
8.939e-01  5.457e-01  3.410e-01  
8.159e-01  1.534e-01  6.801e-01  
8.012e-01  7.592e-01  1.046e-01  
8.606e-01  4.329e-01  5.218e-01  
8.416e-01  6.449e-01  3.210e-01  
7.808e-01  2.220e-01  7.105e-01  
7.862e-01  7.543e-01  2.193e-01  
7.914e-01  3.449e-01  6.640e-01  
8.065e-01  5.925e-01  4.716e-01  
6.801e-01  1.213e-01  8.143e-01  
6.600e-01  8.943e-01  4.858e-02  
7.690e-01  5.779e-01  5.448e-01  
7.200e-01  8.004e-01  2.896e-01  
6.972e-01  3.240e-01  7.670e-01  
6.515e-01  8.904e-01  1.656e-01  
7.031e-01  4.716e-01  6.986e-01  
6.951e-01  7.452e-01  4.498e-01  
5.993e-01  1.936e-01  8.684e-01  
5.740e-01  9.505e-01  1.084e-01  
6.593e-01  5.690e-01  6.782e-01  
6.291e-01  8.345e-01  3.949e-01  
5.688e-01  2.733e-01  8.753e-01  
5.661e-01  9.318e-01  2.482e-01  
5.813e-01  4.305e-01  8.186e-01  
5.955e-01  7.485e-01  5.708e-01  
4.737e-01  1.435e-01  9.422e-01  
4.613e-01  1.012e+00  8.106e-02  
5.557e-01  6.514e-01  7.022e-01  
5.157e-01  9.170e-01  3.810e-01  
4.765e-01  3.236e-01  9.141e-01  
4.546e-01  9.969e-01  2.225e-01  
4.848e-01  4.960e-01  8.467e-01  
4.878e-01  8.279e-01  5.677e-01  
3.915e-01  1.714e-01  9.745e-01  
3.893e-01  1.035e+00  1.512e-01  
4.455e-01  5.970e-01  8.106e-01  
4.280e-01  9.088e-01  4.899e-01  
3.646e-01  2.524e-01  9.744e-01  
3.783e-01  1.005e+00  3.131e-01  
3.741e-01  4.227e-01  9.269e-01  
3.907e-01  7.865e-01  6.807e-01  
2.937e-01  1.046e-01  1.007e+00  
2.829e-01  1.074e+00  3.669e-02  
3.559e-01  7.638e-01  7.207e-01  
3.177e-01  1.011e+00  3.527e-01  
3.043e-01  3.948e-01  9.586e-01  
2.722e-01  1.065e+00  1.842e-01  
3.029e-01  5.864e-01  8.739e-01  
2.925e-01  9.255e-01  5.483e-01  
2.419e-01  2.268e-01  1.010e+00  
2.244e-01  1.083e+00  1.080e-01  
2.653e-01  6.887e-01  8.171e-01  
2.442e-01  9.886e-01  4.548e-01  
2.170e-01  3.116e-01  1.000e+00  
2.107e-01  1.060e+00  2.693e-01  
2.146e-01  4.957e-01  9.408e-01  
2.159e-01  8.704e-01  6.539e-01  
1.684e-01  1.558e-01  1.028e+00  
1.577e-01  1.094e+00  7.581e-02  
1.868e-01  7.446e-01  7.898e-01  
1.690e-01  1.021e+00  4.106e-01  
1.521e-01  3.572e-01  9.979e-01  
1.425e-01  1.078e+00  2.283e-01  
1.462e-01  5.501e-01  9.250e-01  
1.376e-01  9.150e-01  6.108e-01  
1.136e-01  1.927e-01  1.030e+00  
1.075e-01  1.093e+00  1.486e-01  
1.140e-01  6.519e-01  8.688e-01  
1.070e-01  9.786e-01  5.125e-01  
9.081e-02  2.718e-01  1.021e+00  
7.187e-02  1.060e+00  3.174e-01  
7.753e-02  4.529e-01  9.722e-01  
5.174e-02  8.403e-01  7.099e-01  
6.430e-02  1.245e-01  1.036e+00  
5.165e-02  1.100e+00  6.042e-02  
5.274e-02  7.742e-01  7.760e-01  
1.052e+00  1.008e-01  3.665e-02  
5.167e-02  1.101e+00  3.661e-02  
5.167e-02  1.008e-01  1.037e+00  
1.050e+00  1.382e-01  7.336e-02  
1.046e+00  2.046e-01  7.012e-02  
1.041e+00  1.450e-01  1.779e-01  
1.031e+00  3.015e-01  4.885e-02  
1.033e+00  2.000e-01  2.023e-01  
1.027e+00  2.898e-01  1.494e-01  
1.007e+00  1.393e-01  3.285e-01  
9.922e-01  4.403e-01  3.668e-02  
1.010e+00  2.764e-01  2.620e-01  
9.981e-01  3.968e-01  1.658e-01  
9.774e-01  1.857e-01  4.049e-01  
9.682e-01  4.910e-01  1.257e-01  
9.732e-01  2.621e-01  3.899e-01  
9.741e-01  4.077e-01  2.710e-01  
9.123e-01  1.331e-01  5.448e-01  
8.919e-01  6.428e-01  5.101e-02  
9.480e-01  3.956e-01  3.692e-01  
9.208e-01  5.621e-01  2.171e-01  
8.985e-01  2.441e-01  5.495e-01  
8.720e-01  6.633e-01  1.403e-01  
8.978e-01  3.479e-01  5.090e-01  
8.939e-01  5.456e-01  3.410e-01  
8.152e-01  1.612e-01  6.796e-01  
8.012e-01  7.592e-01  1.045e-01  
8.606e-01  4.329e-01  5.219e-01  
8.405e-01  6.457e-01  3.213e-01  
7.808e-01  2.220e-01  7.105e-01  
7.862e-01  7.542e-01  2.195e-01  
7.914e-01  3.449e-01  6.640e-01  
8.065e-01  5.924e-01  4.715e-01  
6.801e-01  1.213e-01  8.143e-01  
6.600e-01  8.943e-01  4.882e-02  
7.686e-01  5.781e-01  5.447e-01  
7.200e-01  8.004e-01  2.896e-01  
6.972e-01  3.240e-01  7.670e-01  
6.515e-01  8.904e-01  1.657e-01  
7.031e-01  4.715e-01  6.987e-01  
6.951e-01  7.452e-01  4.498e-01  
5.993e-01  1.991e-01  8.676e-01  
5.740e-01  9.505e-01  1.081e-01  
6.593e-01  5.690e-01  6.782e-01  
6.291e-01  8.345e-01  3.948e-01  
5.685e-01  2.743e-01  8.751e-01  
5.660e-01  9.318e-01  2.483e-01  
5.807e-01  4.302e-01  8.186e-01  
5.936e-01  7.483e-01  5.725e-01  
4.737e-01  1.435e-01  9.422e-01  
4.616e-01  1.012e+00  8.128e-02  
5.556e-01  6.513e-01  7.022e-01  
5.157e-01  9.169e-01  3.809e-01  
4.765e-01  3.242e-01  9.140e-01  
4.546e-01  9.969e-01  2.225e-01  
4.848e-01  4.960e-01  8.466e-01  
4.877e-01  8.278e-01  5.673e-01  
3.905e-01  1.781e-01  9.744e-01  
3.893e-01  1.035e+00  1.512e-01  
4.454e-01  5.970e-01  8.105e-01  
4.283e-01  9.088e-01  4.899e-01  
3.649e-01  2.522e-01  9.742e-01  
3.781e-01  1.005e+00  3.130e-01  
3.740e-01  4.227e-01  9.269e-01  
3.906e-01  7.865e-01  6.807e-01  
2.937e-01  1.046e-01  1.007e+00  
2.829e-01  1.074e+00  3.667e-02  
3.565e-01  7.638e-01  7.207e-01  
3.177e-01  1.011e+00  3.528e-01  
3.043e-01  3.945e-01  9.586e-01  
2.726e-01  1.065e+00  1.840e-01  
3.029e-01  5.864e-01  8.739e-01  
2.926e-01  9.255e-01  5.483e-01  
2.420e-01  2.270e-01  1.010e+00  
2.244e-01  1.083e+00  1.077e-01  
2.656e-01  6.887e-01  8.170e-01  
2.442e-01  9.886e-01  4.547e-01  
2.170e-01  3.116e-01  1.000e+00  
2.107e-01  1.060e+00  2.693e-01  
2.146e-01  4.957e-01  9.408e-01  
2.159e-01  8.704e-01  6.538e-01  
1.686e-01  1.557e-01  1.028e+00  
1.578e-01  1.094e+00  7.585e-02  
1.867e-01  7.446e-01  7.898e-01  
1.692e-01  1.021e+00  4.106e-01  
1.522e-01  3.577e-01  9.978e-01  
1.425e-01  1.078e+00  2.283e-01  
1.471e-01  5.502e-01  9.250e-01  
1.386e-01  9.145e-01  6.114e-01  
1.133e-01  1.941e-01  1.030e+00  
1.075e-01  1.093e+00  1.486e-01  
1.140e-01  6.519e-01  8.688e-01  
1.070e-01  9.786e-01  5.125e-01  
8.901e-02  2.723e-01  1.021e+00  
7.187e-02  1.060e+00  3.174e-01  
7.785e-02  4.528e-01  9.722e-01  
5.174e-02  8.403e-01  7.099e-01  
6.430e-02  1.245e-01  1.036e+00  
5.180e-02  1.100e+00  6.050e-02  
5.275e-02  7.742e-01  7.760e-01  
