6.658e+00  5.030e+00  
6.775e+00  4.057e+00  
6.148e+00  3.848e+00  
8.806e+00  6.159e+00  
7.668e+00  5.544e+00  
6.353e+00  5.109e+00  
6.398e+00  6.173e+00  
7.214e+00  5.124e+00  
6.890e+00  4.488e+00  
6.734e+00  5.275e+00  
5.361e+00  5.785e+00  
9.336e+00  6.171e+00  
6.578e+00  5.724e+00  
7.616e+00  6.036e+00  
6.316e+00  6.724e+00  
6.936e+00  5.830e+00  
7.330e+00  4.396e+00  
6.781e+00  5.362e+00  
6.282e+00  5.119e+00  
6.026e+00  4.746e+00  
6.647e+00  5.090e+00  
6.510e+00  6.144e+00  
6.574e+00  6.101e+00  
6.363e+00  5.477e+00  
6.453e+00  4.712e+00  
8.351e+00  5.602e+00  
6.641e+00  5.063e+00  
6.467e+00  5.857e+00  
6.476e+00  4.490e+00  
6.855e+00  5.175e+00  
6.096e+00  4.974e+00  
5.842e+00  5.517e+00  
7.110e+00  5.545e+00  
6.244e+00  6.229e+00  
7.154e+00  5.279e+00  
7.887e+00  4.675e+00  
7.587e+00  5.535e+00  
6.690e+00  4.995e+00  
6.083e+00  5.481e+00  
7.327e+00  5.187e+00  
8.131e+00  4.760e+00  
8.279e+00  5.321e+00  
6.596e+00  4.936e+00  
5.943e+00  5.100e+00  
8.779e+00  6.293e+00  
8.517e+00  6.826e+00  
6.300e+00  5.327e+00  
6.188e+00  5.993e+00  
8.875e+00  5.270e+00  
6.464e+00  5.547e+00  
7.513e+00  6.302e+00  
6.340e+00  5.727e+00  
6.068e+00  5.611e+00  
7.325e+00  5.108e+00  
7.399e+00  5.016e+00  
6.611e+00  5.108e+00  
8.563e+00  5.849e+00  
5.775e+00  6.210e+00  
7.738e+00  4.996e+00  
6.047e+00  5.638e+00  
6.799e+00  4.528e+00  
7.805e+00  5.666e+00  
7.040e+00  5.115e+00  
8.033e+00  5.593e+00  
8.489e+00  5.092e+00  
5.989e+00  5.773e+00  
6.476e+00  6.406e+00  
5.632e+00  6.625e+00  
7.481e+00  6.852e+00  
6.241e+00  5.669e+00  
7.620e+00  5.422e+00  
6.765e+00  6.293e+00  
5.684e+00  4.572e+00  
6.494e+00  5.619e+00  
6.919e+00  4.613e+00  
6.236e+00  4.449e+00  
5.818e+00  5.135e+00  
5.591e+00  5.045e+00  
7.832e+00  4.879e+00  
7.944e+00  5.383e+00  
5.873e+00  4.580e+00  
7.870e+00  5.924e+00  
6.117e+00  5.537e+00  
6.007e+00  5.101e+00  
6.228e+00  5.922e+00  
6.383e+00  5.347e+00  
5.631e+00  4.245e+00  
6.463e+00  5.127e+00  
6.614e+00  5.824e+00  
6.375e+00  6.069e+00  
7.128e+00  4.975e+00  
7.084e+00  5.844e+00  
9.273e+00  5.028e+00  
5.994e+00  4.327e+00  
6.089e+00  4.920e+00  
8.592e+00  5.281e+00  
5.826e+00  5.312e+00  
5.879e+00  5.323e+00  
6.705e+00  6.882e+00  
6.422e+00  5.892e+00  
1.011e+00  5.252e-02  
1.118e-02  1.052e+00  
1.001e+00  5.747e-02  
9.814e-01  6.750e-02  
9.621e-01  7.731e-02  
9.436e-01  8.694e-02  
9.252e-01  9.640e-02  
9.077e-01  1.057e-01  
8.903e-01  1.149e-01  
8.736e-01  1.238e-01  
8.571e-01  1.327e-01  
8.412e-01  1.415e-01  
8.255e-01  1.501e-01  
8.105e-01  1.585e-01  
7.952e-01  1.670e-01  
7.806e-01  1.753e-01  
7.664e-01  1.835e-01  
7.522e-01  1.916e-01  
7.385e-01  1.996e-01  
7.249e-01  2.076e-01  
7.117e-01  2.155e-01  
6.988e-01  2.233e-01  
6.860e-01  2.309e-01  
6.735e-01  2.386e-01  
6.613e-01  2.462e-01  
6.493e-01  2.537e-01  
6.373e-01  2.611e-01  
6.257e-01  2.686e-01  
6.141e-01  2.759e-01  
6.028e-01  2.832e-01  
5.918e-01  2.905e-01  
5.808e-01  2.977e-01  
5.700e-01  3.049e-01  
5.593e-01  3.121e-01  
5.488e-01  3.192e-01  
5.385e-01  3.263e-01  
5.283e-01  3.333e-01  
5.181e-01  3.404e-01  
5.081e-01  3.474e-01  
4.984e-01  3.545e-01  
4.887e-01  3.615e-01  
4.791e-01  3.684e-01  
4.696e-01  3.754e-01  
4.602e-01  3.823e-01  
4.511e-01  3.893e-01  
4.419e-01  3.962e-01  
4.327e-01  4.032e-01  
4.238e-01  4.101e-01  
4.151e-01  4.172e-01  
4.062e-01  4.241e-01  
3.975e-01  4.310e-01  
3.889e-01  4.380e-01  
3.804e-01  4.451e-01  
3.721e-01  4.522e-01  
3.637e-01  4.592e-01  
3.553e-01  4.663e-01  
3.470e-01  4.733e-01  
3.388e-01  4.804e-01  
3.307e-01  4.875e-01  
3.226e-01  4.945e-01  
3.145e-01  5.019e-01  
3.066e-01  5.090e-01  
2.988e-01  5.164e-01  
2.906e-01  5.241e-01  
2.830e-01  5.313e-01  
2.751e-01  5.391e-01  
2.676e-01  5.466e-01  
2.600e-01  5.546e-01  
2.522e-01  5.621e-01  
2.446e-01  5.697e-01  
2.374e-01  5.781e-01  
2.296e-01  5.860e-01  
2.224e-01  5.949e-01  
2.148e-01  6.022e-01  
2.074e-01  6.108e-01  
1.998e-01  6.193e-01  
1.924e-01  6.296e-01  
1.852e-01  6.378e-01  
1.766e-01  6.484e-01  
1.704e-01  6.549e-01  
1.632e-01  6.666e-01  
1.556e-01  6.733e-01  
1.481e-01  6.835e-01  
1.405e-01  6.936e-01  
1.335e-01  7.049e-01  
1.254e-01  7.152e-01  
1.186e-01  7.262e-01  
1.106e-01  7.401e-01  
1.035e-01  7.494e-01  
9.555e-02  7.621e-01  
8.860e-02  7.779e-01  
8.085e-02  7.899e-01  
7.332e-02  8.053e-01  
6.204e-02  8.327e-01  
5.770e-02  8.371e-01  
4.961e-02  8.573e-01  
1.446e-02  1.052e+00  
1.455e-02  1.052e+00  
1.446e-02  1.052e+00  
1.455e-02  1.052e+00  
1.005e+00  1.391e-03  
5.146e-03  1.001e+00  
9.950e-01  6.423e-03  
9.752e-01  1.640e-02  
9.559e-01  2.624e-02  
9.372e-01  3.587e-02  
9.191e-01  4.534e-02  
9.014e-01  5.460e-02  
8.842e-01  6.379e-02  
8.673e-01  7.280e-02  
8.509e-01  8.165e-02  
8.350e-01  9.040e-02  
8.192e-01  9.905e-02  
8.040e-01  1.076e-01  
7.890e-01  1.160e-01  
7.744e-01  1.242e-01  
7.601e-01  1.324e-01  
7.461e-01  1.406e-01  
7.323e-01  1.486e-01  
7.189e-01  1.565e-01  
7.056e-01  1.644e-01  
6.927e-01  1.721e-01  
6.800e-01  1.799e-01  
6.674e-01  1.875e-01  
6.551e-01  1.951e-01  
6.431e-01  2.026e-01  
6.312e-01  2.101e-01  
6.196e-01  2.175e-01  
6.081e-01  2.248e-01  
5.968e-01  2.322e-01  
5.855e-01  2.394e-01  
5.747e-01  2.467e-01  
5.639e-01  2.538e-01  
5.533e-01  2.611e-01  
5.427e-01  2.681e-01  
5.323e-01  2.752e-01  
5.222e-01  2.823e-01  
5.121e-01  2.893e-01  
5.021e-01  2.964e-01  
4.923e-01  3.033e-01  
4.826e-01  3.103e-01  
4.730e-01  3.173e-01  
4.635e-01  3.243e-01  
4.541e-01  3.312e-01  
4.449e-01  3.382e-01  
4.357e-01  3.451e-01  
4.266e-01  3.520e-01  
4.177e-01  3.590e-01  
4.088e-01  3.659e-01  
4.000e-01  3.729e-01  
3.913e-01  3.798e-01  
3.827e-01  3.868e-01  
3.742e-01  3.938e-01  
3.657e-01  4.008e-01  
3.573e-01  4.078e-01  
3.490e-01  4.149e-01  
3.408e-01  4.220e-01  
3.326e-01  4.291e-01  
3.244e-01  4.362e-01  
3.164e-01  4.434e-01  
3.084e-01  4.506e-01  
3.004e-01  4.579e-01  
2.925e-01  4.652e-01  
2.847e-01  4.726e-01  
2.769e-01  4.800e-01  
2.692e-01  4.875e-01  
2.614e-01  4.950e-01  
2.538e-01  5.027e-01  
2.462e-01  5.104e-01  
2.386e-01  5.182e-01  
2.310e-01  5.261e-01  
2.235e-01  5.341e-01  
2.160e-01  5.422e-01  
2.085e-01  5.503e-01  
2.011e-01  5.587e-01  
1.937e-01  5.674e-01  
1.863e-01  5.757e-01  
1.789e-01  5.847e-01  
1.715e-01  5.936e-01  
1.641e-01  6.027e-01  
1.567e-01  6.120e-01  
1.494e-01  6.217e-01  
1.420e-01  6.315e-01  
1.346e-01  6.415e-01  
1.272e-01  6.520e-01  
1.198e-01  6.629e-01  
1.124e-01  6.742e-01  
1.049e-01  6.865e-01  
9.672e-02  6.991e-01  
9.019e-02  7.134e-01  
8.261e-02  7.247e-01  
7.314e-02  7.432e-01  
6.697e-02  7.592e-01  
5.843e-02  7.790e-01  
5.166e-02  7.866e-01  
4.334e-02  8.084e-01  
6.092e-03  1.001e+00  
6.092e-03  1.001e+00  
6.737e-03  1.001e+00  
6.669e-03  1.001e+00  
1.005e+00  1.406e-03  
5.138e-03  1.001e+00  
9.949e-01  6.382e-03  
9.751e-01  1.639e-02  
9.559e-01  2.620e-02  
9.372e-01  3.583e-02  
9.190e-01  4.529e-02  
9.013e-01  5.460e-02  
8.841e-01  6.375e-02  
8.672e-01  7.276e-02  
8.508e-01  8.163e-02  
8.348e-01  9.038e-02  
8.192e-01  9.900e-02  
8.039e-01  1.075e-01  
7.890e-01  1.159e-01  
7.743e-01  1.242e-01  
7.600e-01  1.324e-01  
7.460e-01  1.405e-01  
7.323e-01  1.485e-01  
7.188e-01  1.565e-01  
7.056e-01  1.643e-01  
6.926e-01  1.721e-01  
6.799e-01  1.798e-01  
6.674e-01  1.875e-01  
6.551e-01  1.950e-01  
6.430e-01  2.026e-01  
6.312e-01  2.100e-01  
6.195e-01  2.174e-01  
6.080e-01  2.248e-01  
5.967e-01  2.321e-01  
5.856e-01  2.394e-01  
5.746e-01  2.466e-01  
5.638e-01  2.538e-01  
5.532e-01  2.609e-01  
5.427e-01  2.681e-01  
5.323e-01  2.752e-01  
5.221e-01  2.822e-01  
5.120e-01  2.893e-01  
5.021e-01  2.963e-01  
4.923e-01  3.033e-01  
4.826e-01  3.103e-01  
4.730e-01  3.173e-01  
4.635e-01  3.242e-01  
4.541e-01  3.312e-01  
4.449e-01  3.381e-01  
4.357e-01  3.451e-01  
4.267e-01  3.520e-01  
4.177e-01  3.589e-01  
4.088e-01  3.659e-01  
4.000e-01  3.728e-01  
3.913e-01  3.798e-01  
3.827e-01  3.868e-01  
3.742e-01  3.937e-01  
3.657e-01  4.008e-01  
3.573e-01  4.078e-01  
3.490e-01  4.148e-01  
3.407e-01  4.219e-01  
3.326e-01  4.290e-01  
3.244e-01  4.362e-01  
3.164e-01  4.433e-01  
3.084e-01  4.505e-01  
3.004e-01  4.578e-01  
2.925e-01  4.651e-01  
2.847e-01  4.725e-01  
2.769e-01  4.799e-01  
2.691e-01  4.874e-01  
2.614e-01  4.950e-01  
2.538e-01  5.026e-01  
2.461e-01  5.103e-01  
2.385e-01  5.181e-01  
2.310e-01  5.260e-01  
2.235e-01  5.340e-01  
2.160e-01  5.420e-01  
2.085e-01  5.503e-01  
2.011e-01  5.586e-01  
1.936e-01  5.671e-01  
1.862e-01  5.757e-01  
1.788e-01  5.845e-01  
1.714e-01  5.934e-01  
1.641e-01  6.025e-01  
1.567e-01  6.119e-01  
1.494e-01  6.215e-01  
1.420e-01  6.313e-01  
1.346e-01  6.414e-01  
1.272e-01  6.518e-01  
1.199e-01  6.626e-01  
1.124e-01  6.737e-01  
1.050e-01  6.854e-01  
9.752e-02  6.978e-01  
8.989e-02  7.113e-01  
8.216e-02  7.246e-01  
7.496e-02  7.430e-01  
6.709e-02  7.591e-01  
5.893e-02  7.768e-01  
5.173e-02  7.866e-01  
4.349e-02  8.084e-01  
7.355e-03  1.001e+00  
6.268e-03  1.001e+00  
7.355e-03  1.001e+00  
6.268e-03  1.001e+00  
1.005e+00  1.405e-03  
5.138e-03  1.001e+00  
9.949e-01  6.382e-03  
9.751e-01  1.638e-02  
9.559e-01  2.620e-02  
9.372e-01  3.583e-02  
9.190e-01  4.529e-02  
9.013e-01  5.460e-02  
8.841e-01  6.375e-02  
8.672e-01  7.276e-02  
8.508e-01  8.163e-02  
8.348e-01  9.038e-02  
8.192e-01  9.900e-02  
8.039e-01  1.075e-01  
7.890e-01  1.159e-01  
7.743e-01  1.242e-01  
7.600e-01  1.324e-01  
7.460e-01  1.405e-01  
7.323e-01  1.485e-01  
7.188e-01  1.565e-01  
7.056e-01  1.643e-01  
6.926e-01  1.721e-01  
6.799e-01  1.798e-01  
6.674e-01  1.875e-01  
6.551e-01  1.950e-01  
6.430e-01  2.026e-01  
6.312e-01  2.100e-01  
6.195e-01  2.174e-01  
6.080e-01  2.248e-01  
5.967e-01  2.321e-01  
5.856e-01  2.394e-01  
5.746e-01  2.466e-01  
5.638e-01  2.538e-01  
5.532e-01  2.609e-01  
5.427e-01  2.681e-01  
5.323e-01  2.752e-01  
5.221e-01  2.822e-01  
5.120e-01  2.893e-01  
5.021e-01  2.963e-01  
4.923e-01  3.033e-01  
4.826e-01  3.103e-01  
4.730e-01  3.173e-01  
4.635e-01  3.242e-01  
4.541e-01  3.312e-01  
4.449e-01  3.381e-01  
4.357e-01  3.451e-01  
4.267e-01  3.520e-01  
4.177e-01  3.589e-01  
4.088e-01  3.659e-01  
4.000e-01  3.728e-01  
3.913e-01  3.798e-01  
3.827e-01  3.868e-01  
3.742e-01  3.937e-01  
3.657e-01  4.008e-01  
3.573e-01  4.078e-01  
3.490e-01  4.148e-01  
3.408e-01  4.219e-01  
3.326e-01  4.290e-01  
3.244e-01  4.362e-01  
3.164e-01  4.433e-01  
3.084e-01  4.505e-01  
3.004e-01  4.578e-01  
2.925e-01  4.651e-01  
2.847e-01  4.725e-01  
2.769e-01  4.799e-01  
2.691e-01  4.874e-01  
2.614e-01  4.950e-01  
2.538e-01  5.026e-01  
2.461e-01  5.103e-01  
2.385e-01  5.181e-01  
2.310e-01  5.260e-01  
2.235e-01  5.340e-01  
2.160e-01  5.420e-01  
2.085e-01  5.503e-01  
2.011e-01  5.586e-01  
1.936e-01  5.671e-01  
1.862e-01  5.757e-01  
1.788e-01  5.844e-01  
1.714e-01  5.934e-01  
1.641e-01  6.025e-01  
1.567e-01  6.119e-01  
1.493e-01  6.214e-01  
1.420e-01  6.313e-01  
1.346e-01  6.414e-01  
1.273e-01  6.518e-01  
1.199e-01  6.626e-01  
1.125e-01  6.737e-01  
1.050e-01  6.852e-01  
9.754e-02  6.975e-01  
8.988e-02  7.108e-01  
8.229e-02  7.246e-01  
7.534e-02  7.428e-01  
6.475e-02  7.591e-01  
5.809e-02  7.758e-01  
5.158e-02  7.866e-01  
4.349e-02  8.084e-01  
7.355e-03  1.001e+00  
6.268e-03  1.001e+00  
7.355e-03  1.001e+00  
6.268e-03  1.001e+00  
1.005e+00  1.405e-03  
5.138e-03  1.001e+00  
9.949e-01  6.381e-03  
9.751e-01  1.638e-02  
9.559e-01  2.620e-02  
9.372e-01  3.583e-02  
9.190e-01  4.529e-02  
9.013e-01  5.460e-02  
8.841e-01  6.375e-02  
8.672e-01  7.276e-02  
8.508e-01  8.163e-02  
8.348e-01  9.038e-02  
8.192e-01  9.900e-02  
8.039e-01  1.075e-01  
7.890e-01  1.159e-01  
7.743e-01  1.242e-01  
7.600e-01  1.324e-01  
7.460e-01  1.405e-01  
7.323e-01  1.485e-01  
7.188e-01  1.565e-01  
7.056e-01  1.643e-01  
6.926e-01  1.721e-01  
6.799e-01  1.798e-01  
6.674e-01  1.875e-01  
6.551e-01  1.950e-01  
6.430e-01  2.026e-01  
6.312e-01  2.100e-01  
6.195e-01  2.174e-01  
6.080e-01  2.248e-01  
5.967e-01  2.321e-01  
5.856e-01  2.394e-01  
5.746e-01  2.466e-01  
5.638e-01  2.538e-01  
5.532e-01  2.609e-01  
5.427e-01  2.681e-01  
5.323e-01  2.752e-01  
5.221e-01  2.822e-01  
5.120e-01  2.893e-01  
5.021e-01  2.963e-01  
4.923e-01  3.033e-01  
4.826e-01  3.103e-01  
4.730e-01  3.173e-01  
4.635e-01  3.242e-01  
4.541e-01  3.312e-01  
4.449e-01  3.381e-01  
4.357e-01  3.451e-01  
4.267e-01  3.520e-01  
4.177e-01  3.589e-01  
4.088e-01  3.659e-01  
4.000e-01  3.728e-01  
3.913e-01  3.798e-01  
3.827e-01  3.868e-01  
3.742e-01  3.937e-01  
3.657e-01  4.008e-01  
3.573e-01  4.078e-01  
3.490e-01  4.148e-01  
3.408e-01  4.219e-01  
3.326e-01  4.290e-01  
3.244e-01  4.362e-01  
3.164e-01  4.433e-01  
3.084e-01  4.505e-01  
3.004e-01  4.578e-01  
2.925e-01  4.651e-01  
2.847e-01  4.725e-01  
2.769e-01  4.799e-01  
2.691e-01  4.874e-01  
2.614e-01  4.950e-01  
2.538e-01  5.026e-01  
2.461e-01  5.103e-01  
2.385e-01  5.181e-01  
2.310e-01  5.260e-01  
2.235e-01  5.340e-01  
2.160e-01  5.420e-01  
2.085e-01  5.502e-01  
2.010e-01  5.586e-01  
1.936e-01  5.671e-01  
1.862e-01  5.757e-01  
1.788e-01  5.844e-01  
1.714e-01  5.934e-01  
1.641e-01  6.025e-01  
1.567e-01  6.119e-01  
1.494e-01  6.214e-01  
1.420e-01  6.313e-01  
1.346e-01  6.414e-01  
1.272e-01  6.518e-01  
1.199e-01  6.626e-01  
1.124e-01  6.737e-01  
1.050e-01  6.852e-01  
9.758e-02  6.973e-01  
9.008e-02  7.103e-01  
8.260e-02  7.245e-01  
7.473e-02  7.426e-01  
6.682e-02  7.590e-01  
5.957e-02  7.751e-01  
5.157e-02  7.866e-01  
4.349e-02  8.084e-01  
7.355e-03  1.001e+00  
6.268e-03  1.001e+00  
7.355e-03  1.001e+00  
6.268e-03  1.001e+00  
1.005e+00  1.405e-03  
5.095e-03  1.001e+00  
9.949e-01  6.381e-03  
9.751e-01  1.638e-02  
9.559e-01  2.620e-02  
9.372e-01  3.583e-02  
9.190e-01  4.529e-02  
9.013e-01  5.460e-02  
8.841e-01  6.375e-02  
8.672e-01  7.276e-02  
8.508e-01  8.163e-02  
8.348e-01  9.038e-02  
8.192e-01  9.900e-02  
8.039e-01  1.075e-01  
7.890e-01  1.159e-01  
7.743e-01  1.242e-01  
7.600e-01  1.324e-01  
7.460e-01  1.405e-01  
7.323e-01  1.485e-01  
7.188e-01  1.565e-01  
7.056e-01  1.643e-01  
6.926e-01  1.721e-01  
6.799e-01  1.798e-01  
6.674e-01  1.875e-01  
6.551e-01  1.950e-01  
6.430e-01  2.026e-01  
6.312e-01  2.100e-01  
6.195e-01  2.174e-01  
6.080e-01  2.248e-01  
5.967e-01  2.321e-01  
5.856e-01  2.394e-01  
5.746e-01  2.466e-01  
5.638e-01  2.538e-01  
5.532e-01  2.609e-01  
5.427e-01  2.681e-01  
5.323e-01  2.752e-01  
5.221e-01  2.822e-01  
5.120e-01  2.893e-01  
5.021e-01  2.963e-01  
4.923e-01  3.033e-01  
4.826e-01  3.103e-01  
4.730e-01  3.173e-01  
4.635e-01  3.242e-01  
4.541e-01  3.312e-01  
4.449e-01  3.381e-01  
4.357e-01  3.451e-01  
4.267e-01  3.520e-01  
4.177e-01  3.589e-01  
4.088e-01  3.659e-01  
4.000e-01  3.728e-01  
3.913e-01  3.798e-01  
3.827e-01  3.868e-01  
3.742e-01  3.937e-01  
3.657e-01  4.008e-01  
3.573e-01  4.078e-01  
3.490e-01  4.148e-01  
3.408e-01  4.219e-01  
3.326e-01  4.290e-01  
3.244e-01  4.362e-01  
3.164e-01  4.433e-01  
3.084e-01  4.505e-01  
3.004e-01  4.578e-01  
2.925e-01  4.651e-01  
2.847e-01  4.725e-01  
2.769e-01  4.799e-01  
2.691e-01  4.874e-01  
2.614e-01  4.950e-01  
2.538e-01  5.026e-01  
2.461e-01  5.103e-01  
2.385e-01  5.181e-01  
2.310e-01  5.260e-01  
2.235e-01  5.339e-01  
2.160e-01  5.420e-01  
2.085e-01  5.502e-01  
2.010e-01  5.586e-01  
1.936e-01  5.670e-01  
1.862e-01  5.757e-01  
1.788e-01  5.844e-01  
1.714e-01  5.934e-01  
1.641e-01  6.025e-01  
1.567e-01  6.119e-01  
1.493e-01  6.214e-01  
1.420e-01  6.313e-01  
1.346e-01  6.413e-01  
1.272e-01  6.518e-01  
1.199e-01  6.625e-01  
1.124e-01  6.737e-01  
1.050e-01  6.852e-01  
9.754e-02  6.972e-01  
8.991e-02  7.101e-01  
8.243e-02  7.244e-01  
7.327e-02  7.424e-01  
6.513e-02  7.588e-01  
5.871e-02  7.747e-01  
5.145e-02  7.866e-01  
4.376e-02  8.058e-01  
4.057e-02  8.128e-01  
6.268e-03  1.001e+00  
7.355e-03  1.001e+00  
6.268e-03  1.001e+00  
1.005e+00  1.405e-03  
5.095e-03  1.001e+00  
9.949e-01  6.381e-03  
9.751e-01  1.638e-02  
9.559e-01  2.620e-02  
9.372e-01  3.583e-02  
9.190e-01  4.529e-02  
9.013e-01  5.460e-02  
8.841e-01  6.375e-02  
8.672e-01  7.276e-02  
8.508e-01  8.163e-02  
8.348e-01  9.038e-02  
8.192e-01  9.900e-02  
8.039e-01  1.075e-01  
7.890e-01  1.159e-01  
7.743e-01  1.242e-01  
7.600e-01  1.324e-01  
7.460e-01  1.405e-01  
7.323e-01  1.485e-01  
7.188e-01  1.565e-01  
7.056e-01  1.643e-01  
6.926e-01  1.721e-01  
6.799e-01  1.798e-01  
6.674e-01  1.875e-01  
6.551e-01  1.950e-01  
6.430e-01  2.026e-01  
6.312e-01  2.100e-01  
6.195e-01  2.174e-01  
6.080e-01  2.248e-01  
5.967e-01  2.321e-01  
5.856e-01  2.394e-01  
5.746e-01  2.466e-01  
5.638e-01  2.538e-01  
5.532e-01  2.609e-01  
5.427e-01  2.681e-01  
5.323e-01  2.752e-01  
5.221e-01  2.822e-01  
5.120e-01  2.893e-01  
5.021e-01  2.963e-01  
4.923e-01  3.033e-01  
4.826e-01  3.103e-01  
4.730e-01  3.173e-01  
4.635e-01  3.242e-01  
4.541e-01  3.312e-01  
4.449e-01  3.381e-01  
4.357e-01  3.451e-01  
4.267e-01  3.520e-01  
4.177e-01  3.589e-01  
4.088e-01  3.659e-01  
4.000e-01  3.728e-01  
3.913e-01  3.798e-01  
3.827e-01  3.868e-01  
3.742e-01  3.937e-01  
3.657e-01  4.008e-01  
3.573e-01  4.078e-01  
3.490e-01  4.148e-01  
3.408e-01  4.219e-01  
3.326e-01  4.290e-01  
3.244e-01  4.362e-01  
3.164e-01  4.433e-01  
3.084e-01  4.505e-01  
3.004e-01  4.578e-01  
2.925e-01  4.651e-01  
2.847e-01  4.725e-01  
2.769e-01  4.799e-01  
2.691e-01  4.874e-01  
2.614e-01  4.950e-01  
2.538e-01  5.026e-01  
2.461e-01  5.103e-01  
2.385e-01  5.181e-01  
2.310e-01  5.260e-01  
2.235e-01  5.339e-01  
2.160e-01  5.420e-01  
2.085e-01  5.502e-01  
2.010e-01  5.586e-01  
1.936e-01  5.670e-01  
1.862e-01  5.757e-01  
1.788e-01  5.844e-01  
1.714e-01  5.934e-01  
1.641e-01  6.025e-01  
1.567e-01  6.119e-01  
1.493e-01  6.214e-01  
1.420e-01  6.312e-01  
1.346e-01  6.413e-01  
1.272e-01  6.517e-01  
1.199e-01  6.625e-01  
1.124e-01  6.736e-01  
1.050e-01  6.851e-01  
9.755e-02  6.972e-01  
9.005e-02  7.100e-01  
8.258e-02  7.243e-01  
7.484e-02  7.422e-01  
6.766e-02  7.586e-01  
5.783e-02  7.739e-01  
5.156e-02  7.866e-01  
4.371e-02  8.058e-01  
3.561e-02  8.269e-01  
6.268e-03  1.001e+00  
7.355e-03  1.001e+00  
6.268e-03  1.001e+00  
1.005e+00  1.001e-04  
5.108e-03  1.000e+00  
9.949e-01  5.071e-03  
9.751e-01  1.507e-02  
9.559e-01  2.489e-02  
9.372e-01  3.452e-02  
9.190e-01  4.399e-02  
9.013e-01  5.329e-02  
8.841e-01  6.244e-02  
8.672e-01  7.145e-02  
8.508e-01  8.033e-02  
8.348e-01  8.907e-02  
8.192e-01  9.770e-02  
8.039e-01  1.062e-01  
7.890e-01  1.146e-01  
7.743e-01  1.229e-01  
7.600e-01  1.311e-01  
7.460e-01  1.392e-01  
7.323e-01  1.472e-01  
7.188e-01  1.552e-01  
7.056e-01  1.630e-01  
6.926e-01  1.708e-01  
6.799e-01  1.785e-01  
6.674e-01  1.862e-01  
6.551e-01  1.937e-01  
6.431e-01  2.012e-01  
6.312e-01  2.087e-01  
6.195e-01  2.161e-01  
6.080e-01  2.235e-01  
5.967e-01  2.308e-01  
5.856e-01  2.381e-01  
5.746e-01  2.453e-01  
5.638e-01  2.525e-01  
5.532e-01  2.596e-01  
5.427e-01  2.668e-01  
5.323e-01  2.739e-01  
5.221e-01  2.809e-01  
5.120e-01  2.880e-01  
5.021e-01  2.950e-01  
4.923e-01  3.020e-01  
4.826e-01  3.090e-01  
4.730e-01  3.160e-01  
4.635e-01  3.229e-01  
4.541e-01  3.299e-01  
4.449e-01  3.368e-01  
4.357e-01  3.437e-01  
4.267e-01  3.507e-01  
4.177e-01  3.576e-01  
4.088e-01  3.646e-01  
4.000e-01  3.715e-01  
3.913e-01  3.785e-01  
3.827e-01  3.855e-01  
3.742e-01  3.924e-01  
3.657e-01  3.994e-01  
3.573e-01  4.065e-01  
3.490e-01  4.135e-01  
3.408e-01  4.206e-01  
3.326e-01  4.277e-01  
3.244e-01  4.349e-01  
3.164e-01  4.420e-01  
3.084e-01  4.492e-01  
3.004e-01  4.565e-01  
2.925e-01  4.638e-01  
2.847e-01  4.712e-01  
2.769e-01  4.786e-01  
2.691e-01  4.861e-01  
2.614e-01  4.937e-01  
2.538e-01  5.013e-01  
2.461e-01  5.090e-01  
2.385e-01  5.168e-01  
2.310e-01  5.247e-01  
2.235e-01  5.327e-01  
2.160e-01  5.407e-01  
2.085e-01  5.490e-01  
2.011e-01  5.573e-01  
1.936e-01  5.658e-01  
1.862e-01  5.744e-01  
1.788e-01  5.832e-01  
1.714e-01  5.922e-01  
1.641e-01  6.013e-01  
1.567e-01  6.107e-01  
1.493e-01  6.202e-01  
1.420e-01  6.300e-01  
1.346e-01  6.401e-01  
1.272e-01  6.505e-01  
1.198e-01  6.612e-01  
1.125e-01  6.724e-01  
1.050e-01  6.839e-01  
9.756e-02  6.959e-01  
9.004e-02  7.086e-01  
8.193e-02  7.229e-01  
7.247e-02  7.407e-01  
6.415e-02  7.578e-01  
5.727e-02  7.723e-01  
5.145e-02  7.859e-01  
4.323e-02  8.050e-01  
3.554e-02  8.261e-01  
5.127e-03  1.000e+00  
5.108e-03  1.000e+00  
5.123e-03  1.000e+00  
1.005e+00  1.002e-04  
5.142e-03  1.000e+00  
9.949e-01  5.077e-03  
9.751e-01  1.508e-02  
9.559e-01  2.489e-02  
9.372e-01  3.452e-02  
9.190e-01  4.399e-02  
9.013e-01  5.329e-02  
8.841e-01  6.244e-02  
8.672e-01  7.145e-02  
8.508e-01  8.033e-02  
8.348e-01  8.907e-02  
8.192e-01  9.770e-02  
8.039e-01  1.062e-01  
7.890e-01  1.146e-01  
7.743e-01  1.229e-01  
7.600e-01  1.311e-01  
7.460e-01  1.392e-01  
7.323e-01  1.472e-01  
7.188e-01  1.552e-01  
7.056e-01  1.630e-01  
6.926e-01  1.708e-01  
6.799e-01  1.785e-01  
6.674e-01  1.862e-01  
6.551e-01  1.937e-01  
6.430e-01  2.012e-01  
6.312e-01  2.087e-01  
6.195e-01  2.161e-01  
6.080e-01  2.235e-01  
5.967e-01  2.308e-01  
5.856e-01  2.381e-01  
5.746e-01  2.453e-01  
5.638e-01  2.525e-01  
5.532e-01  2.596e-01  
5.427e-01  2.668e-01  
5.323e-01  2.739e-01  
5.221e-01  2.809e-01  
5.120e-01  2.880e-01  
5.021e-01  2.950e-01  
4.923e-01  3.020e-01  
4.826e-01  3.090e-01  
4.730e-01  3.159e-01  
4.635e-01  3.229e-01  
4.541e-01  3.299e-01  
4.449e-01  3.368e-01  
4.357e-01  3.437e-01  
4.267e-01  3.507e-01  
4.177e-01  3.576e-01  
4.088e-01  3.646e-01  
4.000e-01  3.715e-01  
3.913e-01  3.785e-01  
3.827e-01  3.855e-01  
3.742e-01  3.924e-01  
3.657e-01  3.994e-01  
3.573e-01  4.065e-01  
3.490e-01  4.135e-01  
3.408e-01  4.206e-01  
3.326e-01  4.277e-01  
3.244e-01  4.348e-01  
3.164e-01  4.420e-01  
3.084e-01  4.492e-01  
3.004e-01  4.565e-01  
2.925e-01  4.638e-01  
2.847e-01  4.712e-01  
2.769e-01  4.786e-01  
2.691e-01  4.861e-01  
2.614e-01  4.936e-01  
2.538e-01  5.013e-01  
2.461e-01  5.090e-01  
2.385e-01  5.168e-01  
2.310e-01  5.247e-01  
2.235e-01  5.326e-01  
2.160e-01  5.407e-01  
2.085e-01  5.489e-01  
2.011e-01  5.573e-01  
1.936e-01  5.657e-01  
1.862e-01  5.744e-01  
1.788e-01  5.831e-01  
1.714e-01  5.921e-01  
1.641e-01  6.012e-01  
1.567e-01  6.106e-01  
1.494e-01  6.201e-01  
1.420e-01  6.300e-01  
1.346e-01  6.401e-01  
1.273e-01  6.505e-01  
1.199e-01  6.612e-01  
1.125e-01  6.723e-01  
1.050e-01  6.838e-01  
9.756e-02  6.959e-01  
9.005e-02  7.085e-01  
8.210e-02  7.227e-01  
7.336e-02  7.406e-01  
6.613e-02  7.575e-01  
5.740e-02  7.721e-01  
5.133e-02  7.859e-01  
4.348e-02  8.050e-01  
3.540e-02  8.261e-01  
5.208e-03  1.000e+00  
5.199e-03  1.000e+00  
5.208e-03  1.000e+00  
1.001e+00  9.823e-05  
1.030e-03  1.000e+00  
9.908e-01  5.074e-03  
9.710e-01  1.508e-02  
9.518e-01  2.489e-02  
9.331e-01  3.452e-02  
9.149e-01  4.398e-02  
8.972e-01  5.329e-02  
8.800e-01  6.244e-02  
8.631e-01  7.145e-02  
8.467e-01  8.033e-02  
8.307e-01  8.907e-02  
8.151e-01  9.770e-02  
7.998e-01  1.062e-01  
7.849e-01  1.146e-01  
7.702e-01  1.229e-01  
7.559e-01  1.311e-01  
7.419e-01  1.392e-01  
7.282e-01  1.472e-01  
7.147e-01  1.552e-01  
7.015e-01  1.630e-01  
6.885e-01  1.708e-01  
6.758e-01  1.785e-01  
6.633e-01  1.862e-01  
6.510e-01  1.937e-01  
6.390e-01  2.013e-01  
6.271e-01  2.087e-01  
6.154e-01  2.161e-01  
6.039e-01  2.235e-01  
5.926e-01  2.308e-01  
5.815e-01  2.381e-01  
5.705e-01  2.453e-01  
5.597e-01  2.525e-01  
5.491e-01  2.596e-01  
5.386e-01  2.668e-01  
5.282e-01  2.739e-01  
5.180e-01  2.809e-01  
5.080e-01  2.880e-01  
4.980e-01  2.950e-01  
4.882e-01  3.020e-01  
4.785e-01  3.090e-01  
4.689e-01  3.159e-01  
4.594e-01  3.230e-01  
4.501e-01  3.299e-01  
4.409e-01  3.369e-01  
4.317e-01  3.437e-01  
4.226e-01  3.507e-01  
4.136e-01  3.577e-01  
4.048e-01  3.646e-01  
3.960e-01  3.717e-01  
3.873e-01  3.785e-01  
3.786e-01  3.855e-01  
3.701e-01  3.925e-01  
3.617e-01  3.995e-01  
3.532e-01  4.066e-01  
3.448e-01  4.137e-01  
3.367e-01  4.207e-01  
3.285e-01  4.278e-01  
3.203e-01  4.349e-01  
3.123e-01  4.421e-01  
3.043e-01  4.493e-01  
2.963e-01  4.565e-01  
2.884e-01  4.639e-01  
2.806e-01  4.712e-01  
2.728e-01  4.787e-01  
2.650e-01  4.861e-01  
2.573e-01  4.937e-01  
2.497e-01  5.013e-01  
2.420e-01  5.090e-01  
2.345e-01  5.168e-01  
2.269e-01  5.247e-01  
2.194e-01  5.327e-01  
2.119e-01  5.408e-01  
2.044e-01  5.490e-01  
1.969e-01  5.574e-01  
1.895e-01  5.658e-01  
1.821e-01  5.745e-01  
1.747e-01  5.832e-01  
1.673e-01  5.922e-01  
1.599e-01  6.013e-01  
1.526e-01  6.107e-01  
1.452e-01  6.202e-01  
1.379e-01  6.300e-01  
1.305e-01  6.402e-01  
1.232e-01  6.506e-01  
1.158e-01  6.614e-01  
1.082e-01  6.727e-01  
1.008e-01  6.843e-01  
9.345e-02  6.960e-01  
8.488e-02  7.108e-01  
7.771e-02  7.269e-01  
7.068e-02  7.368e-01  
6.262e-02  7.579e-01  
5.439e-02  7.732e-01  
4.532e-02  7.975e-01  
3.963e-02  8.042e-01  
3.137e-02  8.261e-01  
5.152e-03  1.000e+00  
5.298e-03  1.000e+00  
5.298e-03  1.000e+00  
