2.044e+01  2.297e+01  
1.556e+01  6.445e+00  
2.205e+01  1.203e+01  
2.752e+01  2.050e+01  
2.244e+01  2.202e+01  
1.019e+01  9.038e+00  
2.058e+01  1.088e+01  
2.211e+01  1.598e+01  
1.817e+01  2.386e+01  
1.276e+01  1.186e+01  
1.164e+01  1.489e+01  
1.189e+01  7.604e+00  
1.431e+01  1.133e+01  
2.572e+01  2.364e+01  
1.433e+01  9.906e+00  
1.418e+01  1.828e+01  
1.188e+01  1.421e+01  
9.470e+00  1.153e+01  
1.566e+01  1.542e+01  
1.679e+01  1.390e+01  
2.735e+01  1.226e+01  
2.947e+01  1.512e+01  
1.142e+01  1.144e+01  
1.660e+01  9.773e+00  
9.586e+00  7.943e+00  
1.601e+01  1.408e+01  
6.320e+00  7.276e+00  
1.196e+01  1.284e+01  
8.845e+00  9.160e+00  
8.615e+00  7.786e+00  
1.241e+01  1.464e+01  
1.520e+01  2.087e+01  
1.624e+01  1.558e+01  
1.697e+01  1.176e+01  
9.131e+00  1.152e+01  
1.091e+01  1.302e+01  
8.291e+00  1.646e+01  
1.080e+01  1.263e+01  
1.219e+01  1.245e+01  
1.447e+01  1.827e+01  
1.153e+01  7.203e+00  
1.921e+01  1.814e+01  
9.500e+00  7.820e+00  
2.196e+01  1.964e+01  
2.114e+01  2.081e+01  
9.722e+00  6.582e+00  
7.958e+00  8.832e+00  
1.051e+01  1.436e+01  
1.154e+01  8.840e+00  
1.576e+01  1.341e+01  
1.848e+01  2.405e+01  
2.056e+01  1.542e+01  
1.572e+01  9.120e+00  
9.625e+00  8.962e+00  
8.175e+00  8.977e+00  
6.674e+00  6.430e+00  
2.645e+01  1.936e+01  
1.207e+01  1.450e+01  
1.597e+01  9.239e+00  
9.561e+00  8.355e+00  
2.321e+01  1.557e+01  
8.607e+00  9.576e+00  
1.942e+01  2.397e+01  
8.064e+00  8.003e+00  
1.430e+01  1.929e+01  
1.702e+01  1.752e+01  
1.161e+01  9.307e+00  
1.601e+01  1.654e+01  
2.023e+01  1.782e+01  
2.028e+01  1.117e+01  
1.512e+01  1.543e+01  
2.004e+01  1.113e+01  
1.974e+01  1.564e+01  
9.067e+00  8.032e+00  
1.220e+01  8.482e+00  
1.599e+01  2.227e+01  
9.662e+00  1.018e+01  
8.706e+00  8.044e+00  
7.695e+00  1.126e+01  
2.340e+01  2.422e+01  
1.254e+01  1.494e+01  
8.548e+00  7.254e+00  
1.146e+01  1.112e+01  
1.231e+01  1.254e+01  
9.861e+00  8.587e+00  
2.026e+01  2.379e+01  
1.879e+01  1.518e+01  
1.109e+01  8.894e+00  
1.170e+01  9.926e+00  
9.760e+00  9.554e+00  
7.258e+00  7.337e+00  
1.265e+01  1.001e+01  
2.270e+01  2.389e+01  
2.395e+01  2.074e+01  
2.315e+01  1.794e+01  
7.864e+00  8.061e+00  
2.125e+01  1.775e+01  
2.271e+01  1.902e+01  
3.017e+01  1.547e+01  
2.716e+01  1.469e+01  
8.315e-01  8.877e-02  
7.318e-03  9.212e-01  
8.315e-01  9.292e-02  
8.315e-01  1.014e-01  
8.315e-01  1.045e-01  
8.315e-01  1.045e-01  
8.315e-01  1.140e-01  
8.315e-01  1.289e-01  
8.315e-01  1.123e-01  
8.315e-01  1.140e-01  
8.315e-01  1.385e-01  
8.315e-01  1.289e-01  
8.315e-01  1.772e-01  
8.315e-01  1.530e-01  
8.315e-01  1.091e-01  
8.315e-01  1.530e-01  
8.315e-01  1.385e-01  
8.315e-01  1.123e-01  
8.315e-01  1.772e-01  
8.315e-01  1.091e-01  
8.315e-01  2.788e-01  
8.315e-01  1.983e-01  
8.315e-01  1.813e-01  
8.315e-01  2.957e-01  
8.315e-01  2.575e-01  
8.315e-01  3.289e-01  
8.315e-01  2.575e-01  
8.315e-01  3.768e-01  
8.315e-01  1.579e-01  
8.315e-01  3.289e-01  
8.315e-01  1.579e-01  
8.315e-01  4.253e-01  
8.315e-01  2.957e-01  
8.315e-01  1.813e-01  
8.315e-01  4.253e-01  
8.315e-01  3.768e-01  
8.315e-01  5.189e-01  
8.315e-01  3.414e-01  
8.315e-01  4.858e-01  
8.315e-01  3.685e-01  
8.315e-01  1.195e-01  
8.315e-01  4.307e-01  
8.315e-01  5.189e-01  
8.315e-01  4.307e-01  
8.315e-01  3.937e-01  
8.315e-01  3.685e-01  
8.315e-01  1.195e-01  
8.315e-01  4.858e-01  
8.315e-01  3.395e-01  
8.315e-01  3.937e-01  
8.315e-01  3.414e-01  
6.110e-01  9.032e-01  
6.110e-01  9.032e-01  
7.295e-01  9.032e-01  
1.897e-01  9.032e-01  
5.857e-01  9.032e-01  
5.501e-01  9.032e-01  
6.164e-01  9.032e-01  
4.985e-01  9.032e-01  
4.010e-01  9.032e-01  
5.505e-01  9.032e-01  
4.162e-01  9.032e-01  
4.162e-01  9.032e-01  
4.712e-01  9.032e-01  
1.061e-01  9.032e-01  
4.162e-01  9.032e-01  
4.162e-01  9.032e-01  
1.838e-01  9.032e-01  
3.220e-01  9.032e-01  
1.494e-01  9.032e-01  
2.641e-01  9.032e-01  
3.152e-01  9.032e-01  
3.152e-01  9.032e-01  
1.494e-01  9.032e-01  
2.278e-01  9.032e-01  
2.278e-01  9.032e-01  
1.494e-01  9.032e-01  
1.185e-01  9.032e-01  
1.767e-01  9.032e-01  
1.884e-01  9.032e-01  
1.363e-01  9.032e-01  
1.713e-01  9.032e-01  
1.134e-01  9.032e-01  
1.713e-01  9.032e-01  
1.513e-01  9.032e-01  
1.363e-01  9.032e-01  
1.134e-01  9.032e-01  
1.134e-01  9.032e-01  
6.057e-02  9.032e-01  
6.057e-02  9.032e-01  
8.735e-02  9.032e-01  
7.314e-02  9.032e-01  
6.801e-02  9.032e-01  
6.142e-02  9.032e-01  
5.258e-02  9.032e-01  
4.644e-02  9.032e-01  
2.675e-02  9.032e-01  
2.762e-02  9.049e-01  
1.976e-02  9.059e-01  
1.030e-02  9.212e-01  
8.315e-01  8.878e-02  
6.803e-03  9.210e-01  
8.315e-01  9.292e-02  
8.315e-01  1.014e-01  
8.315e-01  1.045e-01  
8.315e-01  1.045e-01  
8.315e-01  1.140e-01  
8.315e-01  1.289e-01  
8.315e-01  1.123e-01  
8.315e-01  1.140e-01  
8.315e-01  1.385e-01  
8.315e-01  1.289e-01  
8.315e-01  1.772e-01  
8.315e-01  1.530e-01  
8.315e-01  1.091e-01  
8.315e-01  1.530e-01  
8.315e-01  1.385e-01  
8.315e-01  1.123e-01  
8.315e-01  1.772e-01  
8.315e-01  1.091e-01  
8.315e-01  2.788e-01  
8.315e-01  1.983e-01  
8.315e-01  1.813e-01  
8.315e-01  2.957e-01  
8.315e-01  2.575e-01  
8.315e-01  3.289e-01  
8.315e-01  2.575e-01  
8.315e-01  3.768e-01  
8.315e-01  1.579e-01  
8.315e-01  3.289e-01  
8.315e-01  1.579e-01  
8.315e-01  4.253e-01  
8.315e-01  2.957e-01  
8.315e-01  1.813e-01  
8.315e-01  4.253e-01  
8.315e-01  3.768e-01  
8.315e-01  5.189e-01  
8.315e-01  3.414e-01  
8.315e-01  4.858e-01  
8.315e-01  3.685e-01  
8.315e-01  1.195e-01  
8.315e-01  4.307e-01  
8.315e-01  5.189e-01  
8.315e-01  4.307e-01  
8.315e-01  3.937e-01  
8.315e-01  3.685e-01  
8.315e-01  1.195e-01  
8.315e-01  4.858e-01  
8.315e-01  3.395e-01  
8.315e-01  3.937e-01  
7.801e-01  8.923e-01  
7.801e-01  8.923e-01  
6.675e-01  8.923e-01  
6.513e-01  8.923e-01  
6.513e-01  8.923e-01  
6.675e-01  8.923e-01  
5.994e-01  8.923e-01  
5.994e-01  8.923e-01  
5.662e-01  8.923e-01  
5.342e-01  8.923e-01  
5.342e-01  8.923e-01  
4.065e-01  8.923e-01  
4.190e-01  8.923e-01  
4.766e-01  8.923e-01  
4.065e-01  8.923e-01  
4.190e-01  8.923e-01  
3.965e-01  8.923e-01  
4.026e-01  8.923e-01  
3.051e-01  8.923e-01  
3.329e-01  8.923e-01  
3.322e-01  8.923e-01  
3.329e-01  8.923e-01  
2.591e-01  8.923e-01  
2.591e-01  8.923e-01  
2.803e-01  8.923e-01  
2.545e-01  8.923e-01  
1.326e-01  8.923e-01  
2.122e-01  8.923e-01  
1.326e-01  8.923e-01  
2.122e-01  8.923e-01  
9.948e-02  8.923e-01  
9.707e-02  8.923e-01  
9.452e-02  8.923e-01  
1.048e-01  8.923e-01  
9.452e-02  8.923e-01  
9.707e-02  8.923e-01  
1.306e-01  8.923e-01  
9.948e-02  8.923e-01  
8.443e-02  8.923e-01  
6.877e-02  8.923e-01  
7.702e-02  8.923e-01  
7.980e-02  8.923e-01  
6.594e-02  8.923e-01  
5.368e-02  8.923e-01  
5.368e-02  8.923e-01  
4.040e-02  8.923e-01  
3.598e-02  8.931e-01  
2.549e-02  8.934e-01  
1.885e-02  8.949e-01  
1.001e-02  9.210e-01  
8.315e-01  8.879e-02  
6.878e-03  9.210e-01  
8.315e-01  9.292e-02  
8.315e-01  1.014e-01  
8.315e-01  1.045e-01  
8.315e-01  1.045e-01  
8.315e-01  1.140e-01  
8.315e-01  1.289e-01  
8.315e-01  1.123e-01  
8.315e-01  1.140e-01  
8.315e-01  1.385e-01  
8.315e-01  1.289e-01  
8.315e-01  1.772e-01  
8.315e-01  1.530e-01  
8.315e-01  1.091e-01  
8.315e-01  1.530e-01  
8.315e-01  1.385e-01  
8.315e-01  1.123e-01  
8.315e-01  1.772e-01  
8.315e-01  1.091e-01  
8.315e-01  2.788e-01  
8.315e-01  1.983e-01  
8.315e-01  1.813e-01  
8.315e-01  2.957e-01  
8.315e-01  2.575e-01  
8.315e-01  3.289e-01  
8.315e-01  2.575e-01  
8.315e-01  3.768e-01  
8.315e-01  1.579e-01  
8.315e-01  3.289e-01  
8.315e-01  1.579e-01  
8.315e-01  4.253e-01  
8.315e-01  2.957e-01  
8.315e-01  1.813e-01  
8.315e-01  4.253e-01  
8.315e-01  3.768e-01  
8.315e-01  5.189e-01  
8.315e-01  3.414e-01  
8.315e-01  4.858e-01  
8.315e-01  3.685e-01  
8.315e-01  1.195e-01  
8.315e-01  4.307e-01  
8.315e-01  5.189e-01  
8.315e-01  4.307e-01  
8.315e-01  3.937e-01  
8.315e-01  3.685e-01  
8.315e-01  1.195e-01  
8.315e-01  4.858e-01  
8.315e-01  3.395e-01  
8.315e-01  3.937e-01  
7.767e-01  8.790e-01  
5.596e-01  8.790e-01  
7.449e-01  8.790e-01  
5.596e-01  8.790e-01  
4.049e-01  8.790e-01  
5.652e-01  8.790e-01  
4.049e-01  8.790e-01  
5.812e-01  8.790e-01  
5.214e-01  8.790e-01  
2.359e-01  8.790e-01  
5.214e-01  8.790e-01  
5.142e-01  8.790e-01  
4.513e-01  8.790e-01  
3.842e-01  8.790e-01  
3.911e-01  8.790e-01  
3.842e-01  8.790e-01  
3.487e-01  8.790e-01  
3.667e-01  8.790e-01  
3.667e-01  8.790e-01  
3.358e-01  8.790e-01  
3.426e-01  8.790e-01  
2.375e-01  8.790e-01  
2.805e-01  8.790e-01  
1.983e-01  8.790e-01  
2.180e-01  8.790e-01  
2.375e-01  8.790e-01  
2.180e-01  8.790e-01  
1.983e-01  8.790e-01  
1.772e-01  8.790e-01  
2.153e-01  8.790e-01  
1.999e-01  8.790e-01  
1.848e-01  8.790e-01  
1.756e-01  8.790e-01  
1.642e-01  8.790e-01  
1.520e-01  8.790e-01  
1.341e-01  8.791e-01  
9.703e-02  8.791e-01  
9.703e-02  8.791e-01  
1.021e-01  8.791e-01  
8.240e-02  8.791e-01  
8.240e-02  8.791e-01  
7.937e-02  8.792e-01  
6.287e-02  8.791e-01  
5.931e-02  8.791e-01  
4.541e-02  8.793e-01  
3.509e-02  8.793e-01  
3.509e-02  8.793e-01  
2.522e-02  8.795e-01  
1.870e-02  8.821e-01  
9.373e-03  9.210e-01  
8.315e-01  8.846e-02  
6.831e-03  1.060e+00  
8.315e-01  9.196e-02  
8.315e-01  9.790e-02  
8.315e-01  1.045e-01  
8.315e-01  1.045e-01  
8.315e-01  1.140e-01  
8.315e-01  1.289e-01  
8.315e-01  1.123e-01  
8.315e-01  1.140e-01  
8.315e-01  1.385e-01  
8.315e-01  1.289e-01  
8.315e-01  1.772e-01  
8.315e-01  1.530e-01  
8.315e-01  1.091e-01  
8.315e-01  1.530e-01  
8.315e-01  1.385e-01  
8.315e-01  1.123e-01  
8.315e-01  1.772e-01  
8.315e-01  1.091e-01  
8.315e-01  2.788e-01  
8.315e-01  1.983e-01  
8.315e-01  1.813e-01  
8.315e-01  2.957e-01  
8.315e-01  2.575e-01  
8.315e-01  3.289e-01  
8.315e-01  2.575e-01  
8.315e-01  3.768e-01  
8.315e-01  1.579e-01  
8.315e-01  3.289e-01  
8.315e-01  1.579e-01  
8.315e-01  4.253e-01  
8.315e-01  2.957e-01  
8.315e-01  1.813e-01  
8.315e-01  4.253e-01  
8.315e-01  3.768e-01  
8.315e-01  5.189e-01  
8.315e-01  3.414e-01  
8.315e-01  4.858e-01  
8.315e-01  3.685e-01  
8.315e-01  1.195e-01  
8.315e-01  4.307e-01  
8.315e-01  5.189e-01  
8.315e-01  4.307e-01  
8.315e-01  3.937e-01  
8.315e-01  3.685e-01  
8.315e-01  1.195e-01  
8.315e-01  4.858e-01  
8.315e-01  3.395e-01  
8.315e-01  3.937e-01  
7.353e-01  8.732e-01  
5.327e-01  8.732e-01  
3.772e-01  8.732e-01  
5.644e-01  8.732e-01  
3.236e-01  8.732e-01  
5.327e-01  8.732e-01  
5.599e-01  8.732e-01  
5.599e-01  8.732e-01  
5.644e-01  8.732e-01  
3.236e-01  8.732e-01  
4.312e-01  8.732e-01  
3.765e-01  8.732e-01  
1.738e-01  8.732e-01  
3.765e-01  8.732e-01  
3.894e-01  8.732e-01  
3.894e-01  8.732e-01  
1.438e-01  8.732e-01  
8.065e-02  8.732e-01  
3.278e-01  8.732e-01  
6.700e-02  8.732e-01  
3.278e-01  8.732e-01  
1.438e-01  8.732e-01  
1.248e-01  8.732e-01  
1.248e-01  8.732e-01  
1.374e-01  8.732e-01  
6.145e-02  8.732e-01  
7.615e-02  8.732e-01  
6.694e-02  8.732e-01  
6.700e-02  8.732e-01  
6.694e-02  8.732e-01  
8.460e-02  8.732e-01  
7.615e-02  8.732e-01  
1.374e-01  8.732e-01  
8.460e-02  8.732e-01  
6.145e-02  8.732e-01  
1.409e-01  8.732e-01  
1.118e-01  8.732e-01  
8.211e-02  8.732e-01  
8.211e-02  8.732e-01  
8.581e-02  8.732e-01  
8.581e-02  8.732e-01  
6.149e-02  8.732e-01  
6.149e-02  8.732e-01  
5.116e-02  8.732e-01  
5.132e-02  8.732e-01  
4.418e-02  8.732e-01  
3.445e-02  8.732e-01  
2.614e-02  8.732e-01  
1.843e-02  8.816e-01  
1.066e-02  9.209e-01  
8.315e-01  8.846e-02  
6.727e-03  1.036e+00  
8.315e-01  9.196e-02  
8.315e-01  9.790e-02  
8.315e-01  1.045e-01  
8.315e-01  1.045e-01  
8.315e-01  1.140e-01  
8.315e-01  1.289e-01  
8.315e-01  1.123e-01  
8.315e-01  1.140e-01  
8.315e-01  1.385e-01  
8.315e-01  1.289e-01  
8.315e-01  1.772e-01  
8.315e-01  1.530e-01  
8.315e-01  1.091e-01  
8.315e-01  1.530e-01  
8.315e-01  1.385e-01  
8.315e-01  1.123e-01  
8.315e-01  1.772e-01  
8.315e-01  1.091e-01  
8.315e-01  2.788e-01  
8.315e-01  1.983e-01  
8.315e-01  1.813e-01  
8.315e-01  2.957e-01  
8.315e-01  2.575e-01  
8.315e-01  3.289e-01  
8.315e-01  2.575e-01  
8.315e-01  3.768e-01  
8.315e-01  1.579e-01  
8.315e-01  3.289e-01  
8.315e-01  1.579e-01  
8.315e-01  4.253e-01  
8.315e-01  2.957e-01  
8.315e-01  1.813e-01  
8.315e-01  4.253e-01  
8.315e-01  3.768e-01  
8.315e-01  5.189e-01  
8.315e-01  3.414e-01  
8.315e-01  4.858e-01  
8.315e-01  3.685e-01  
8.315e-01  1.195e-01  
8.315e-01  4.307e-01  
8.315e-01  5.189e-01  
8.315e-01  4.307e-01  
8.315e-01  3.937e-01  
8.315e-01  3.685e-01  
8.315e-01  1.195e-01  
8.315e-01  4.858e-01  
8.315e-01  3.395e-01  
8.315e-01  3.937e-01  
3.380e-01  8.732e-01  
2.383e-01  8.732e-01  
3.380e-01  8.732e-01  
5.300e-01  8.732e-01  
2.383e-01  8.732e-01  
4.695e-02  8.732e-01  
4.695e-02  8.732e-01  
5.409e-01  8.732e-01  
7.555e-02  8.732e-01  
5.409e-01  8.732e-01  
7.555e-02  8.732e-01  
4.837e-01  8.732e-01  
4.837e-01  8.732e-01  
1.571e-01  8.732e-01  
3.798e-02  8.732e-01  
1.571e-01  8.732e-01  
3.798e-02  8.732e-01  
2.572e-01  8.732e-01  
3.091e-01  8.732e-01  
2.572e-01  8.732e-01  
3.091e-01  8.732e-01  
3.282e-01  8.732e-01  
5.755e-02  8.732e-01  
4.789e-02  8.732e-01  
2.545e-01  8.732e-01  
1.409e-01  8.732e-01  
1.681e-01  8.732e-01  
4.641e-02  8.732e-01  
4.641e-02  8.732e-01  
1.923e-01  8.732e-01  
1.923e-01  8.732e-01  
3.329e-02  8.732e-01  
4.641e-02  8.732e-01  
6.998e-02  8.732e-01  
5.755e-02  8.732e-01  
5.680e-02  8.732e-01  
5.158e-02  8.732e-01  
3.288e-02  8.732e-01  
5.680e-02  8.732e-01  
4.789e-02  8.732e-01  
5.158e-02  8.732e-01  
6.998e-02  8.732e-01  
4.348e-02  8.732e-01  
3.288e-02  8.732e-01  
4.641e-02  8.732e-01  
3.329e-02  8.732e-01  
3.311e-02  8.732e-01  
2.505e-02  8.732e-01  
1.880e-02  8.816e-01  
1.019e-02  9.209e-01  
8.315e-01  8.846e-02  
6.720e-03  9.366e-01  
8.315e-01  9.196e-02  
8.315e-01  9.790e-02  
8.315e-01  1.045e-01  
8.315e-01  1.045e-01  
8.315e-01  1.140e-01  
8.315e-01  1.289e-01  
8.315e-01  1.123e-01  
8.315e-01  1.140e-01  
8.315e-01  1.385e-01  
8.315e-01  1.289e-01  
8.315e-01  1.772e-01  
8.315e-01  1.530e-01  
8.315e-01  1.091e-01  
8.315e-01  1.530e-01  
8.315e-01  1.385e-01  
8.315e-01  1.123e-01  
8.315e-01  1.772e-01  
8.315e-01  1.091e-01  
8.315e-01  2.788e-01  
8.315e-01  1.983e-01  
8.315e-01  1.813e-01  
8.315e-01  2.957e-01  
8.315e-01  2.575e-01  
8.315e-01  3.289e-01  
8.315e-01  2.575e-01  
8.315e-01  3.768e-01  
8.315e-01  1.579e-01  
8.315e-01  3.289e-01  
8.315e-01  1.579e-01  
8.315e-01  4.253e-01  
8.315e-01  2.957e-01  
8.315e-01  1.813e-01  
8.315e-01  4.253e-01  
8.315e-01  3.768e-01  
8.315e-01  5.189e-01  
8.315e-01  3.414e-01  
8.315e-01  4.858e-01  
8.315e-01  3.685e-01  
8.315e-01  1.195e-01  
8.315e-01  4.307e-01  
8.315e-01  5.189e-01  
8.315e-01  4.307e-01  
8.315e-01  3.937e-01  
8.315e-01  3.685e-01  
8.315e-01  1.195e-01  
8.315e-01  4.858e-01  
8.315e-01  3.395e-01  
8.315e-01  3.937e-01  
3.380e-01  8.732e-01  
2.383e-01  8.732e-01  
3.380e-01  8.732e-01  
5.300e-01  8.732e-01  
2.383e-01  8.732e-01  
4.695e-02  8.732e-01  
4.695e-02  8.732e-01  
5.409e-01  8.732e-01  
7.555e-02  8.732e-01  
5.409e-01  8.732e-01  
7.555e-02  8.732e-01  
4.837e-01  8.732e-01  
4.837e-01  8.732e-01  
1.571e-01  8.732e-01  
3.798e-02  8.732e-01  
1.571e-01  8.732e-01  
3.798e-02  8.732e-01  
2.572e-01  8.732e-01  
3.091e-01  8.732e-01  
2.572e-01  8.732e-01  
3.091e-01  8.732e-01  
3.282e-01  8.732e-01  
5.755e-02  8.732e-01  
4.789e-02  8.732e-01  
2.545e-01  8.732e-01  
1.409e-01  8.732e-01  
1.681e-01  8.732e-01  
4.641e-02  8.732e-01  
4.641e-02  8.732e-01  
1.923e-01  8.732e-01  
1.923e-01  8.732e-01  
3.329e-02  8.732e-01  
4.641e-02  8.732e-01  
6.998e-02  8.732e-01  
5.755e-02  8.732e-01  
5.680e-02  8.732e-01  
5.158e-02  8.732e-01  
3.288e-02  8.732e-01  
5.680e-02  8.732e-01  
4.789e-02  8.732e-01  
5.158e-02  8.732e-01  
6.998e-02  8.732e-01  
4.348e-02  8.732e-01  
3.288e-02  8.732e-01  
4.641e-02  8.732e-01  
3.329e-02  8.732e-01  
3.311e-02  8.732e-01  
2.505e-02  8.732e-01  
1.886e-02  8.816e-01  
7.917e-03  9.209e-01  
8.315e-01  8.846e-02  
6.569e-03  9.310e-01  
8.315e-01  9.196e-02  
8.315e-01  9.790e-02  
8.315e-01  1.045e-01  
8.315e-01  1.045e-01  
8.315e-01  1.140e-01  
8.315e-01  1.289e-01  
8.315e-01  1.123e-01  
8.315e-01  1.140e-01  
8.315e-01  1.385e-01  
8.315e-01  1.289e-01  
8.315e-01  1.772e-01  
8.315e-01  1.530e-01  
8.315e-01  1.091e-01  
8.315e-01  1.530e-01  
8.315e-01  1.385e-01  
8.315e-01  1.123e-01  
8.315e-01  1.772e-01  
8.315e-01  1.091e-01  
8.315e-01  2.788e-01  
8.315e-01  1.983e-01  
8.315e-01  1.813e-01  
8.315e-01  2.957e-01  
8.315e-01  2.575e-01  
8.315e-01  3.289e-01  
8.315e-01  2.575e-01  
8.315e-01  3.768e-01  
8.315e-01  1.579e-01  
8.315e-01  3.289e-01  
8.315e-01  1.579e-01  
8.315e-01  4.253e-01  
8.315e-01  2.957e-01  
8.315e-01  1.813e-01  
8.315e-01  4.253e-01  
8.315e-01  3.768e-01  
8.315e-01  5.189e-01  
8.315e-01  3.414e-01  
8.315e-01  4.858e-01  
8.315e-01  3.685e-01  
7.095e-01  6.119e-01  
6.598e-01  6.119e-01  
4.656e-01  6.119e-01  
7.095e-01  6.119e-01  
4.968e-01  6.119e-01  
4.656e-01  6.119e-01  
4.696e-01  6.119e-01  
4.696e-01  6.119e-01  
4.968e-01  6.119e-01  
4.473e-01  6.119e-01  
4.461e-01  6.119e-01  
4.625e-01  6.119e-01  
4.625e-01  6.119e-01  
4.473e-01  6.119e-01  
2.500e-01  6.119e-01  
3.043e-01  6.119e-01  
2.973e-01  6.119e-01  
3.043e-01  6.119e-01  
2.875e-01  6.119e-01  
2.655e-01  6.119e-01  
2.875e-01  6.119e-01  
2.973e-01  6.119e-01  
2.500e-01  6.119e-01  
3.156e-01  6.119e-01  
2.500e-01  6.119e-01  
2.655e-01  6.119e-01  
2.658e-01  6.119e-01  
2.500e-01  6.119e-01  
2.527e-01  6.119e-01  
2.180e-01  6.119e-01  
2.180e-01  6.119e-01  
2.167e-01  6.119e-01  
2.107e-01  6.119e-01  
1.918e-01  6.119e-01  
1.890e-01  6.119e-01  
1.780e-01  6.119e-01  
1.716e-01  6.119e-01  
1.599e-01  6.119e-01  
1.536e-01  6.119e-01  
1.506e-01  6.269e-01  
1.506e-01  6.508e-01  
1.506e-01  6.906e-01  
1.506e-01  7.273e-01  
1.506e-01  7.702e-01  
1.506e-01  7.702e-01  
5.680e-02  8.732e-01  
5.158e-02  8.732e-01  
3.288e-02  8.732e-01  
5.680e-02  8.732e-01  
4.789e-02  8.732e-01  
5.158e-02  8.732e-01  
6.998e-02  8.732e-01  
4.348e-02  8.732e-01  
3.288e-02  8.732e-01  
4.641e-02  8.732e-01  
3.329e-02  8.732e-01  
3.311e-02  8.732e-01  
2.505e-02  8.732e-01  
1.896e-02  8.816e-01  
7.917e-03  9.209e-01  
8.315e-01  8.846e-02  
6.548e-03  9.263e-01  
8.315e-01  9.196e-02  
8.315e-01  9.790e-02  
8.315e-01  1.045e-01  
8.315e-01  1.045e-01  
8.315e-01  1.140e-01  
8.315e-01  1.289e-01  
8.315e-01  1.123e-01  
8.315e-01  1.140e-01  
8.315e-01  1.385e-01  
8.315e-01  1.289e-01  
8.315e-01  1.772e-01  
8.315e-01  1.530e-01  
8.315e-01  1.091e-01  
8.315e-01  1.530e-01  
8.315e-01  1.385e-01  
8.315e-01  1.123e-01  
8.315e-01  1.772e-01  
8.315e-01  1.091e-01  
8.315e-01  2.788e-01  
8.315e-01  1.983e-01  
8.315e-01  1.813e-01  
8.315e-01  2.957e-01  
8.315e-01  2.575e-01  
8.315e-01  3.289e-01  
8.315e-01  2.575e-01  
8.315e-01  3.768e-01  
8.315e-01  1.579e-01  
8.315e-01  3.289e-01  
8.315e-01  1.579e-01  
8.315e-01  4.253e-01  
8.315e-01  2.957e-01  
8.315e-01  1.813e-01  
8.315e-01  4.253e-01  
8.315e-01  3.768e-01  
8.315e-01  5.189e-01  
8.315e-01  3.414e-01  
8.315e-01  4.858e-01  
8.315e-01  3.685e-01  
7.095e-01  6.119e-01  
6.598e-01  6.119e-01  
4.656e-01  6.119e-01  
7.095e-01  6.119e-01  
4.968e-01  6.119e-01  
4.656e-01  6.119e-01  
4.696e-01  6.119e-01  
4.696e-01  6.119e-01  
4.968e-01  6.119e-01  
4.473e-01  6.119e-01  
4.461e-01  6.119e-01  
4.625e-01  6.119e-01  
4.625e-01  6.119e-01  
4.473e-01  6.119e-01  
2.500e-01  6.119e-01  
3.043e-01  6.119e-01  
2.973e-01  6.119e-01  
3.043e-01  6.119e-01  
2.875e-01  6.119e-01  
2.655e-01  6.119e-01  
2.875e-01  6.119e-01  
2.973e-01  6.119e-01  
2.500e-01  6.119e-01  
3.156e-01  6.119e-01  
2.500e-01  6.119e-01  
2.655e-01  6.119e-01  
2.658e-01  6.119e-01  
2.500e-01  6.119e-01  
2.527e-01  6.119e-01  
2.180e-01  6.119e-01  
2.180e-01  6.119e-01  
2.167e-01  6.119e-01  
2.107e-01  6.119e-01  
1.918e-01  6.119e-01  
1.890e-01  6.119e-01  
1.780e-01  6.119e-01  
1.716e-01  6.119e-01  
1.599e-01  6.119e-01  
1.536e-01  6.119e-01  
1.506e-01  6.327e-01  
1.506e-01  6.598e-01  
1.506e-01  6.966e-01  
1.506e-01  7.090e-01  
1.506e-01  7.806e-01  
1.506e-01  8.543e-01  
5.680e-02  8.732e-01  
5.158e-02  8.732e-01  
3.288e-02  8.732e-01  
5.680e-02  8.732e-01  
4.789e-02  8.732e-01  
5.158e-02  8.732e-01  
6.998e-02  8.732e-01  
4.348e-02  8.732e-01  
3.288e-02  8.732e-01  
4.641e-02  8.732e-01  
3.329e-02  8.732e-01  
3.311e-02  8.732e-01  
2.505e-02  8.732e-01  
1.896e-02  8.816e-01  
7.917e-03  9.209e-01  
8.315e-01  8.846e-02  
6.616e-03  9.263e-01  
8.315e-01  9.196e-02  
8.315e-01  9.790e-02  
8.315e-01  1.045e-01  
8.315e-01  1.045e-01  
8.315e-01  1.140e-01  
8.315e-01  1.289e-01  
8.315e-01  1.123e-01  
8.315e-01  1.140e-01  
8.315e-01  1.385e-01  
8.315e-01  1.289e-01  
8.315e-01  1.772e-01  
8.315e-01  1.530e-01  
8.315e-01  1.091e-01  
8.315e-01  1.530e-01  
8.315e-01  1.385e-01  
8.315e-01  1.123e-01  
8.315e-01  1.772e-01  
8.315e-01  1.091e-01  
8.315e-01  2.788e-01  
8.315e-01  1.983e-01  
8.315e-01  1.813e-01  
8.315e-01  2.957e-01  
8.315e-01  2.575e-01  
8.315e-01  3.289e-01  
8.315e-01  2.575e-01  
8.315e-01  3.768e-01  
8.315e-01  1.579e-01  
8.315e-01  3.289e-01  
8.315e-01  1.579e-01  
8.315e-01  4.253e-01  
8.315e-01  2.957e-01  
8.315e-01  1.813e-01  
8.315e-01  4.253e-01  
8.315e-01  3.768e-01  
8.315e-01  5.189e-01  
8.315e-01  3.414e-01  
8.315e-01  4.858e-01  
8.315e-01  3.685e-01  
7.095e-01  6.119e-01  
6.598e-01  6.119e-01  
4.656e-01  6.119e-01  
7.095e-01  6.119e-01  
4.968e-01  6.119e-01  
4.656e-01  6.119e-01  
4.696e-01  6.119e-01  
4.696e-01  6.119e-01  
4.968e-01  6.119e-01  
4.473e-01  6.119e-01  
4.461e-01  6.119e-01  
4.625e-01  6.119e-01  
4.625e-01  6.119e-01  
4.473e-01  6.119e-01  
2.500e-01  6.119e-01  
3.043e-01  6.119e-01  
2.973e-01  6.119e-01  
3.043e-01  6.119e-01  
2.875e-01  6.119e-01  
2.655e-01  6.119e-01  
2.875e-01  6.119e-01  
2.973e-01  6.119e-01  
2.500e-01  6.119e-01  
3.156e-01  6.119e-01  
2.500e-01  6.119e-01  
2.655e-01  6.119e-01  
2.658e-01  6.119e-01  
2.500e-01  6.119e-01  
2.527e-01  6.119e-01  
2.180e-01  6.119e-01  
2.180e-01  6.119e-01  
2.167e-01  6.119e-01  
2.107e-01  6.119e-01  
1.918e-01  6.119e-01  
1.890e-01  6.119e-01  
1.780e-01  6.119e-01  
1.716e-01  6.119e-01  
1.599e-01  6.119e-01  
1.536e-01  6.119e-01  
1.506e-01  6.286e-01  
1.506e-01  6.601e-01  
1.506e-01  6.946e-01  
1.506e-01  6.946e-01  
1.506e-01  7.413e-01  
1.506e-01  7.413e-01  
5.680e-02  8.732e-01  
5.158e-02  8.732e-01  
3.288e-02  8.732e-01  
5.680e-02  8.732e-01  
4.789e-02  8.732e-01  
5.158e-02  8.732e-01  
6.998e-02  8.732e-01  
4.348e-02  8.732e-01  
3.288e-02  8.732e-01  
4.641e-02  8.732e-01  
3.329e-02  8.732e-01  
3.311e-02  8.732e-01  
2.505e-02  8.732e-01  
1.896e-02  8.816e-01  
1.003e-02  9.209e-01  
8.315e-01  8.846e-02  
6.622e-03  9.261e-01  
8.315e-01  9.196e-02  
8.315e-01  9.790e-02  
8.315e-01  1.045e-01  
8.315e-01  1.045e-01  
8.315e-01  1.140e-01  
8.315e-01  1.289e-01  
8.315e-01  1.123e-01  
8.315e-01  1.140e-01  
8.315e-01  1.385e-01  
8.315e-01  1.289e-01  
8.315e-01  1.772e-01  
8.315e-01  1.530e-01  
8.315e-01  1.091e-01  
8.315e-01  1.530e-01  
8.315e-01  1.385e-01  
8.315e-01  1.123e-01  
8.315e-01  1.772e-01  
8.315e-01  1.091e-01  
8.315e-01  2.788e-01  
8.315e-01  1.983e-01  
8.315e-01  1.813e-01  
8.315e-01  2.957e-01  
8.315e-01  2.575e-01  
8.315e-01  3.289e-01  
8.315e-01  2.575e-01  
8.315e-01  3.768e-01  
8.315e-01  1.579e-01  
8.315e-01  3.289e-01  
8.315e-01  1.579e-01  
8.315e-01  4.253e-01  
8.315e-01  2.957e-01  
8.315e-01  1.813e-01  
8.315e-01  4.253e-01  
8.315e-01  3.768e-01  
8.315e-01  5.189e-01  
8.315e-01  3.414e-01  
8.315e-01  4.858e-01  
8.315e-01  3.685e-01  
7.095e-01  6.119e-01  
6.598e-01  6.119e-01  
4.656e-01  6.119e-01  
7.095e-01  6.119e-01  
4.968e-01  6.119e-01  
4.656e-01  6.119e-01  
4.696e-01  6.119e-01  
4.696e-01  6.119e-01  
4.968e-01  6.119e-01  
4.473e-01  6.119e-01  
4.461e-01  6.119e-01  
4.625e-01  6.119e-01  
4.625e-01  6.119e-01  
4.473e-01  6.119e-01  
2.500e-01  6.119e-01  
3.043e-01  6.119e-01  
2.973e-01  6.119e-01  
3.043e-01  6.119e-01  
2.875e-01  6.119e-01  
2.655e-01  6.119e-01  
2.875e-01  6.119e-01  
2.973e-01  6.119e-01  
2.500e-01  6.119e-01  
3.156e-01  6.119e-01  
2.500e-01  6.119e-01  
2.655e-01  6.119e-01  
2.658e-01  6.119e-01  
2.500e-01  6.119e-01  
2.527e-01  6.119e-01  
2.180e-01  6.119e-01  
2.180e-01  6.119e-01  
2.167e-01  6.119e-01  
2.107e-01  6.119e-01  
1.918e-01  6.119e-01  
1.890e-01  6.119e-01  
1.780e-01  6.119e-01  
1.716e-01  6.119e-01  
1.599e-01  6.119e-01  
1.536e-01  6.119e-01  
1.506e-01  6.264e-01  
1.506e-01  6.591e-01  
1.506e-01  7.058e-01  
1.506e-01  7.058e-01  
1.506e-01  7.774e-01  
1.506e-01  8.139e-01  
5.680e-02  8.732e-01  
5.158e-02  8.732e-01  
3.288e-02  8.732e-01  
5.680e-02  8.732e-01  
4.789e-02  8.732e-01  
5.158e-02  8.732e-01  
6.998e-02  8.732e-01  
4.348e-02  8.732e-01  
3.288e-02  8.732e-01  
4.641e-02  8.732e-01  
3.329e-02  8.732e-01  
3.311e-02  8.732e-01  
2.505e-02  8.732e-01  
1.896e-02  8.816e-01  
1.045e-02  9.209e-01  
