6.367e+00  5.616e+00  
5.642e+00  4.585e+00  
6.192e+00  5.188e+00  
5.952e+00  5.539e+00  
5.853e+00  5.691e+00  
8.437e+00  4.762e+00  
6.511e+00  7.062e+00  
4.912e+00  6.334e+00  
5.731e+00  6.223e+00  
5.275e+00  7.347e+00  
7.641e+00  5.215e+00  
5.924e+00  6.013e+00  
6.678e+00  6.075e+00  
6.255e+00  4.157e+00  
7.366e+00  5.518e+00  
7.371e+00  5.447e+00  
7.479e+00  5.991e+00  
6.794e+00  7.133e+00  
5.057e+00  5.943e+00  
7.183e+00  4.222e+00  
7.996e+00  7.399e+00  
7.466e+00  5.407e+00  
5.483e+00  5.941e+00  
5.199e+00  6.194e+00  
6.233e+00  5.155e+00  
4.797e+00  8.188e+00  
5.857e+00  6.378e+00  
4.786e+00  6.307e+00  
6.962e+00  6.748e+00  
6.577e+00  5.876e+00  
6.428e+00  4.764e+00  
6.478e+00  5.309e+00  
4.985e+00  6.623e+00  
5.767e+00  6.426e+00  
4.908e+00  6.697e+00  
6.016e+00  5.151e+00  
6.709e+00  6.729e+00  
7.772e+00  5.508e+00  
7.805e+00  4.976e+00  
6.228e+00  6.639e+00  
5.966e+00  7.080e+00  
5.306e+00  6.277e+00  
7.062e+00  5.811e+00  
6.272e+00  5.024e+00  
6.669e+00  6.287e+00  
6.147e+00  6.236e+00  
6.259e+00  5.459e+00  
7.090e+00  7.194e+00  
5.499e+00  6.016e+00  
5.492e+00  6.256e+00  
5.678e+00  4.592e+00  
6.645e+00  8.200e+00  
5.678e+00  6.061e+00  
6.023e+00  5.733e+00  
6.121e+00  5.772e+00  
7.888e+00  6.327e+00  
6.152e+00  7.425e+00  
7.960e+00  6.802e+00  
7.472e+00  4.071e+00  
5.633e+00  4.745e+00  
7.238e+00  6.041e+00  
7.353e+00  5.253e+00  
6.773e+00  4.953e+00  
8.678e+00  4.818e+00  
4.864e+00  6.755e+00  
6.588e+00  6.000e+00  
6.617e+00  6.622e+00  
6.530e+00  5.539e+00  
6.664e+00  6.654e+00  
5.019e+00  6.186e+00  
5.495e+00  5.503e+00  
7.081e+00  5.254e+00  
5.093e+00  5.521e+00  
5.426e+00  6.086e+00  
6.803e+00  5.637e+00  
5.166e+00  6.401e+00  
5.627e+00  5.726e+00  
6.681e+00  5.309e+00  
6.815e+00  5.811e+00  
8.092e+00  4.426e+00  
6.849e+00  5.660e+00  
6.171e+00  6.449e+00  
7.428e+00  4.996e+00  
4.084e+00  6.716e+00  
7.506e+00  4.730e+00  
7.056e+00  6.426e+00  
6.592e+00  5.149e+00  
5.627e+00  5.503e+00  
7.356e+00  4.959e+00  
5.942e+00  5.557e+00  
6.579e+00  5.995e+00  
6.702e+00  6.098e+00  
6.461e+00  5.454e+00  
7.150e+00  5.638e+00  
6.198e+00  4.435e+00  
6.465e+00  4.701e+00  
6.230e+00  6.274e+00  
7.563e+00  7.426e+00  
5.221e+00  4.607e+00  
6.706e+00  5.258e+00  
9.999e-01  1.059e-02  
2.251e-04  1.000e+00  
9.900e-01  1.556e-02  
9.702e-01  2.557e-02  
9.510e-01  3.538e-02  
9.323e-01  4.502e-02  
9.141e-01  5.448e-02  
8.964e-01  6.378e-02  
8.792e-01  7.293e-02  
8.623e-01  8.194e-02  
8.460e-01  9.081e-02  
8.299e-01  9.957e-02  
8.143e-01  1.082e-01  
7.996e-01  1.164e-01  
7.841e-01  1.251e-01  
7.801e-01  1.274e-01  
7.502e-01  1.445e-01  
7.501e-01  1.445e-01  
7.203e-01  1.620e-01  
7.139e-01  1.657e-01  
7.007e-01  1.735e-01  
6.877e-01  1.813e-01  
6.751e-01  1.890e-01  
6.625e-01  1.966e-01  
6.502e-01  2.042e-01  
6.382e-01  2.117e-01  
6.263e-01  2.192e-01  
6.147e-01  2.266e-01  
6.031e-01  2.340e-01  
5.919e-01  2.413e-01  
5.807e-01  2.485e-01  
5.697e-01  2.558e-01  
5.589e-01  2.630e-01  
5.483e-01  2.701e-01  
5.378e-01  2.773e-01  
5.274e-01  2.844e-01  
5.172e-01  2.914e-01  
5.071e-01  2.985e-01  
4.972e-01  3.055e-01  
4.873e-01  3.125e-01  
4.776e-01  3.195e-01  
4.680e-01  3.264e-01  
4.586e-01  3.334e-01  
4.492e-01  3.403e-01  
4.399e-01  3.473e-01  
4.308e-01  3.542e-01  
4.217e-01  3.612e-01  
4.128e-01  3.681e-01  
4.039e-01  3.751e-01  
3.951e-01  3.820e-01  
3.864e-01  3.890e-01  
3.778e-01  3.959e-01  
3.692e-01  4.029e-01  
3.608e-01  4.099e-01  
3.524e-01  4.170e-01  
3.441e-01  4.240e-01  
3.358e-01  4.311e-01  
3.276e-01  4.382e-01  
3.195e-01  4.453e-01  
3.115e-01  4.525e-01  
3.035e-01  4.597e-01  
2.955e-01  4.670e-01  
2.876e-01  4.743e-01  
2.801e-01  4.814e-01  
2.789e-01  4.825e-01  
2.502e-01  5.105e-01  
2.502e-01  5.105e-01  
2.501e-01  5.105e-01  
2.501e-01  5.105e-01  
2.227e-01  5.389e-01  
2.227e-01  5.389e-01  
2.186e-01  5.432e-01  
2.111e-01  5.512e-01  
2.036e-01  5.594e-01  
1.961e-01  5.678e-01  
1.887e-01  5.762e-01  
1.813e-01  5.848e-01  
1.739e-01  5.936e-01  
1.665e-01  6.026e-01  
1.592e-01  6.117e-01  
1.518e-01  6.210e-01  
1.444e-01  6.306e-01  
1.371e-01  6.404e-01  
1.297e-01  6.505e-01  
1.223e-01  6.609e-01  
1.149e-01  6.717e-01  
1.075e-01  6.827e-01  
1.001e-01  6.943e-01  
9.263e-02  7.063e-01  
8.514e-02  7.189e-01  
7.759e-02  7.321e-01  
6.999e-02  7.462e-01  
6.233e-02  7.611e-01  
5.459e-02  7.771e-01  
4.674e-02  7.946e-01  
3.878e-02  8.139e-01  
3.069e-02  8.356e-01  
2.240e-02  8.612e-01  
1.385e-02  8.933e-01  
4.899e-03  9.413e-01  
9.999e-01  3.769e-03  
2.124e-04  9.937e-01  
9.900e-01  8.744e-03  
9.702e-01  1.875e-02  
9.509e-01  2.856e-02  
9.322e-01  3.819e-02  
9.141e-01  4.766e-02  
8.964e-01  5.696e-02  
8.791e-01  6.611e-02  
8.623e-01  7.512e-02  
8.459e-01  8.400e-02  
8.299e-01  9.274e-02  
8.143e-01  1.014e-01  
7.990e-01  1.099e-01  
7.841e-01  1.183e-01  
7.801e-01  1.273e-01  
7.501e-01  1.376e-01  
7.501e-01  1.445e-01  
7.202e-01  1.551e-01  
7.138e-01  1.588e-01  
7.008e-01  1.666e-01  
6.877e-01  1.745e-01  
6.750e-01  1.822e-01  
6.625e-01  1.898e-01  
6.502e-01  1.974e-01  
6.381e-01  2.049e-01  
6.262e-01  2.124e-01  
6.146e-01  2.198e-01  
6.031e-01  2.271e-01  
5.918e-01  2.345e-01  
5.807e-01  2.417e-01  
5.697e-01  2.490e-01  
5.589e-01  2.562e-01  
5.482e-01  2.633e-01  
5.377e-01  2.704e-01  
5.274e-01  2.775e-01  
5.172e-01  2.846e-01  
5.071e-01  2.916e-01  
4.971e-01  2.987e-01  
4.873e-01  3.057e-01  
4.776e-01  3.126e-01  
4.680e-01  3.196e-01  
4.586e-01  3.266e-01  
4.492e-01  3.335e-01  
4.399e-01  3.405e-01  
4.308e-01  3.474e-01  
4.217e-01  3.544e-01  
4.128e-01  3.613e-01  
4.039e-01  3.682e-01  
3.951e-01  3.752e-01  
3.864e-01  3.821e-01  
3.778e-01  3.891e-01  
3.692e-01  3.961e-01  
3.608e-01  4.031e-01  
3.524e-01  4.101e-01  
3.441e-01  4.172e-01  
3.358e-01  4.243e-01  
3.276e-01  4.314e-01  
3.195e-01  4.385e-01  
3.114e-01  4.457e-01  
3.034e-01  4.529e-01  
2.955e-01  4.602e-01  
2.876e-01  4.675e-01  
2.801e-01  4.745e-01  
2.789e-01  4.757e-01  
2.501e-01  5.037e-01  
2.501e-01  5.037e-01  
2.501e-01  5.037e-01  
2.501e-01  5.037e-01  
2.225e-01  5.321e-01  
2.225e-01  5.321e-01  
2.184e-01  5.364e-01  
2.110e-01  5.444e-01  
2.036e-01  5.526e-01  
1.961e-01  5.609e-01  
1.887e-01  5.694e-01  
1.813e-01  5.780e-01  
1.739e-01  5.868e-01  
1.665e-01  5.957e-01  
1.591e-01  6.049e-01  
1.518e-01  6.142e-01  
1.444e-01  6.238e-01  
1.371e-01  6.336e-01  
1.297e-01  6.437e-01  
1.223e-01  6.541e-01  
1.149e-01  6.648e-01  
1.075e-01  6.759e-01  
1.001e-01  6.875e-01  
9.262e-02  6.995e-01  
8.512e-02  7.121e-01  
7.758e-02  7.253e-01  
6.998e-02  7.394e-01  
6.232e-02  7.543e-01  
5.457e-02  7.703e-01  
4.673e-02  7.877e-01  
3.878e-02  8.070e-01  
3.067e-02  8.288e-01  
2.238e-02  8.544e-01  
1.384e-02  8.865e-01  
4.887e-03  9.346e-01  
9.999e-01  1.616e-04  
2.112e-04  9.900e-01  
9.900e-01  5.138e-03  
9.702e-01  1.514e-02  
9.509e-01  2.495e-02  
9.323e-01  3.459e-02  
9.141e-01  4.405e-02  
8.964e-01  5.335e-02  
8.791e-01  6.251e-02  
8.623e-01  7.151e-02  
8.459e-01  8.039e-02  
8.299e-01  8.913e-02  
8.143e-01  9.776e-02  
7.990e-01  1.063e-01  
7.841e-01  1.146e-01  
7.801e-01  1.197e-01  
7.501e-01  1.340e-01  
7.501e-01  1.347e-01  
7.202e-01  1.515e-01  
7.138e-01  1.552e-01  
7.006e-01  1.631e-01  
6.877e-01  1.708e-01  
6.750e-01  1.786e-01  
6.625e-01  1.862e-01  
6.502e-01  1.938e-01  
6.381e-01  2.013e-01  
6.262e-01  2.088e-01  
6.146e-01  2.162e-01  
6.031e-01  2.235e-01  
5.918e-01  2.309e-01  
5.807e-01  2.381e-01  
5.697e-01  2.454e-01  
5.589e-01  2.525e-01  
5.482e-01  2.597e-01  
5.377e-01  2.668e-01  
5.274e-01  2.739e-01  
5.172e-01  2.810e-01  
5.071e-01  2.880e-01  
4.971e-01  2.951e-01  
4.873e-01  3.021e-01  
4.776e-01  3.090e-01  
4.680e-01  3.160e-01  
4.586e-01  3.230e-01  
4.492e-01  3.299e-01  
4.399e-01  3.369e-01  
4.308e-01  3.438e-01  
4.217e-01  3.507e-01  
4.128e-01  3.577e-01  
4.039e-01  3.646e-01  
3.951e-01  3.716e-01  
3.864e-01  3.785e-01  
3.778e-01  3.855e-01  
3.692e-01  3.925e-01  
3.608e-01  3.995e-01  
3.524e-01  4.065e-01  
3.441e-01  4.136e-01  
3.358e-01  4.207e-01  
3.276e-01  4.278e-01  
3.195e-01  4.349e-01  
3.114e-01  4.421e-01  
3.034e-01  4.493e-01  
2.955e-01  4.566e-01  
2.876e-01  4.639e-01  
2.801e-01  4.709e-01  
2.789e-01  4.757e-01  
2.502e-01  5.001e-01  
2.502e-01  5.001e-01  
2.501e-01  5.001e-01  
2.501e-01  5.001e-01  
2.226e-01  5.285e-01  
2.226e-01  5.285e-01  
2.185e-01  5.328e-01  
2.110e-01  5.408e-01  
2.036e-01  5.490e-01  
1.961e-01  5.573e-01  
1.887e-01  5.658e-01  
1.813e-01  5.744e-01  
1.739e-01  5.832e-01  
1.665e-01  5.921e-01  
1.591e-01  6.013e-01  
1.518e-01  6.106e-01  
1.444e-01  6.202e-01  
1.371e-01  6.300e-01  
1.297e-01  6.401e-01  
1.223e-01  6.505e-01  
1.149e-01  6.612e-01  
1.075e-01  6.723e-01  
1.001e-01  6.839e-01  
9.262e-02  6.959e-01  
8.512e-02  7.085e-01  
7.758e-02  7.217e-01  
6.998e-02  7.357e-01  
6.232e-02  7.507e-01  
5.457e-02  7.667e-01  
4.673e-02  7.841e-01  
3.878e-02  8.034e-01  
3.067e-02  8.252e-01  
2.238e-02  8.508e-01  
1.384e-02  8.829e-01  
4.880e-03  9.310e-01  
9.999e-01  1.605e-04  
2.110e-04  9.901e-01  
9.900e-01  5.137e-03  
9.702e-01  1.514e-02  
9.509e-01  2.495e-02  
9.323e-01  3.458e-02  
9.141e-01  4.405e-02  
8.964e-01  5.335e-02  
8.791e-01  6.250e-02  
8.623e-01  7.151e-02  
8.459e-01  8.039e-02  
8.299e-01  8.913e-02  
8.143e-01  9.776e-02  
7.990e-01  1.063e-01  
7.841e-01  1.146e-01  
7.801e-01  1.197e-01  
7.501e-01  1.340e-01  
7.501e-01  1.347e-01  
7.202e-01  1.515e-01  
7.139e-01  1.552e-01  
7.006e-01  1.631e-01  
6.877e-01  1.709e-01  
6.750e-01  1.786e-01  
6.625e-01  1.862e-01  
6.502e-01  1.938e-01  
6.381e-01  2.013e-01  
6.262e-01  2.088e-01  
6.146e-01  2.162e-01  
6.031e-01  2.235e-01  
5.918e-01  2.309e-01  
5.807e-01  2.381e-01  
5.697e-01  2.454e-01  
5.589e-01  2.525e-01  
5.482e-01  2.597e-01  
5.377e-01  2.668e-01  
5.274e-01  2.739e-01  
5.172e-01  2.810e-01  
5.071e-01  2.880e-01  
4.971e-01  2.951e-01  
4.873e-01  3.021e-01  
4.776e-01  3.090e-01  
4.680e-01  3.160e-01  
4.586e-01  3.230e-01  
4.492e-01  3.299e-01  
4.399e-01  3.369e-01  
4.308e-01  3.438e-01  
4.217e-01  3.507e-01  
4.128e-01  3.577e-01  
4.039e-01  3.646e-01  
3.951e-01  3.716e-01  
3.864e-01  3.785e-01  
3.778e-01  3.855e-01  
3.692e-01  3.925e-01  
3.608e-01  3.995e-01  
3.524e-01  4.065e-01  
3.441e-01  4.136e-01  
3.358e-01  4.207e-01  
3.276e-01  4.278e-01  
3.195e-01  4.349e-01  
3.114e-01  4.421e-01  
3.034e-01  4.493e-01  
2.955e-01  4.566e-01  
2.876e-01  4.639e-01  
2.801e-01  4.709e-01  
2.789e-01  4.721e-01  
2.502e-01  5.001e-01  
2.502e-01  5.001e-01  
2.501e-01  5.001e-01  
2.501e-01  5.001e-01  
2.225e-01  5.285e-01  
2.225e-01  5.285e-01  
2.185e-01  5.328e-01  
2.110e-01  5.408e-01  
2.036e-01  5.490e-01  
1.961e-01  5.573e-01  
1.887e-01  5.658e-01  
1.813e-01  5.744e-01  
1.739e-01  5.832e-01  
1.665e-01  5.921e-01  
1.591e-01  6.013e-01  
1.518e-01  6.106e-01  
1.444e-01  6.202e-01  
1.371e-01  6.300e-01  
1.297e-01  6.401e-01  
1.223e-01  6.505e-01  
1.149e-01  6.612e-01  
1.075e-01  6.723e-01  
1.001e-01  6.839e-01  
9.262e-02  6.959e-01  
8.512e-02  7.085e-01  
7.758e-02  7.217e-01  
6.998e-02  7.357e-01  
6.232e-02  7.507e-01  
5.457e-02  7.667e-01  
4.673e-02  7.841e-01  
3.878e-02  8.034e-01  
3.067e-02  8.252e-01  
2.238e-02  8.508e-01  
1.384e-02  8.829e-01  
4.886e-03  9.310e-01  
9.999e-01  1.017e-04  
2.101e-04  9.900e-01  
9.900e-01  5.078e-03  
9.702e-01  1.508e-02  
9.509e-01  2.489e-02  
9.323e-01  3.453e-02  
9.141e-01  4.399e-02  
8.964e-01  5.329e-02  
8.791e-01  6.244e-02  
8.623e-01  7.145e-02  
8.459e-01  8.033e-02  
8.299e-01  8.907e-02  
8.143e-01  9.770e-02  
7.990e-01  1.062e-01  
7.841e-01  1.146e-01  
7.801e-01  1.197e-01  
7.501e-01  1.340e-01  
7.501e-01  1.347e-01  
7.201e-01  1.515e-01  
7.138e-01  1.552e-01  
7.006e-01  1.630e-01  
6.877e-01  1.708e-01  
6.750e-01  1.785e-01  
6.625e-01  1.862e-01  
6.502e-01  1.937e-01  
6.381e-01  2.013e-01  
6.262e-01  2.087e-01  
6.146e-01  2.161e-01  
6.031e-01  2.235e-01  
5.918e-01  2.308e-01  
5.807e-01  2.381e-01  
5.697e-01  2.453e-01  
5.589e-01  2.525e-01  
5.482e-01  2.596e-01  
5.377e-01  2.668e-01  
5.274e-01  2.739e-01  
5.172e-01  2.809e-01  
5.071e-01  2.880e-01  
4.971e-01  2.950e-01  
4.873e-01  3.020e-01  
4.776e-01  3.090e-01  
4.680e-01  3.160e-01  
4.586e-01  3.229e-01  
4.492e-01  3.299e-01  
4.399e-01  3.368e-01  
4.308e-01  3.437e-01  
4.217e-01  3.507e-01  
4.128e-01  3.576e-01  
4.039e-01  3.646e-01  
3.951e-01  3.715e-01  
3.864e-01  3.785e-01  
3.778e-01  3.855e-01  
3.692e-01  3.924e-01  
3.608e-01  3.994e-01  
3.524e-01  4.065e-01  
3.441e-01  4.135e-01  
3.358e-01  4.206e-01  
3.276e-01  4.277e-01  
3.195e-01  4.348e-01  
3.114e-01  4.420e-01  
3.034e-01  4.492e-01  
2.955e-01  4.565e-01  
2.876e-01  4.638e-01  
2.801e-01  4.709e-01  
2.789e-01  4.720e-01  
2.501e-01  5.000e-01  
2.501e-01  5.000e-01  
2.501e-01  5.001e-01  
2.501e-01  5.001e-01  
2.225e-01  5.284e-01  
2.225e-01  5.284e-01  
2.184e-01  5.327e-01  
2.110e-01  5.407e-01  
2.036e-01  5.489e-01  
1.961e-01  5.573e-01  
1.887e-01  5.657e-01  
1.813e-01  5.744e-01  
1.739e-01  5.831e-01  
1.665e-01  5.921e-01  
1.591e-01  6.012e-01  
1.518e-01  6.106e-01  
1.444e-01  6.201e-01  
1.371e-01  6.299e-01  
1.297e-01  6.400e-01  
1.223e-01  6.504e-01  
1.149e-01  6.612e-01  
1.075e-01  6.723e-01  
1.001e-01  6.838e-01  
9.262e-02  6.958e-01  
8.512e-02  7.084e-01  
7.758e-02  7.217e-01  
6.998e-02  7.357e-01  
6.231e-02  7.506e-01  
5.457e-02  7.666e-01  
4.673e-02  7.841e-01  
3.878e-02  8.034e-01  
3.067e-02  8.252e-01  
2.238e-02  8.508e-01  
1.383e-02  8.829e-01  
4.885e-03  9.309e-01  
9.999e-01  1.001e-04  
2.101e-04  9.900e-01  
9.900e-01  5.076e-03  
9.702e-01  1.508e-02  
9.509e-01  2.489e-02  
9.323e-01  3.452e-02  
9.141e-01  4.399e-02  
8.964e-01  5.329e-02  
8.791e-01  6.244e-02  
8.623e-01  7.145e-02  
8.459e-01  8.033e-02  
8.299e-01  8.907e-02  
8.143e-01  9.770e-02  
7.990e-01  1.062e-01  
7.841e-01  1.146e-01  
7.801e-01  1.168e-01  
7.501e-01  1.340e-01  
7.501e-01  1.340e-01  
7.201e-01  1.515e-01  
7.138e-01  1.552e-01  
7.006e-01  1.630e-01  
6.877e-01  1.708e-01  
6.750e-01  1.785e-01  
6.625e-01  1.862e-01  
6.502e-01  1.937e-01  
6.381e-01  2.012e-01  
6.262e-01  2.087e-01  
6.146e-01  2.161e-01  
6.031e-01  2.235e-01  
5.918e-01  2.308e-01  
5.807e-01  2.381e-01  
5.697e-01  2.453e-01  
5.589e-01  2.525e-01  
5.482e-01  2.596e-01  
5.377e-01  2.668e-01  
5.274e-01  2.739e-01  
5.172e-01  2.809e-01  
5.071e-01  2.880e-01  
4.971e-01  2.950e-01  
4.873e-01  3.020e-01  
4.776e-01  3.090e-01  
4.680e-01  3.159e-01  
4.586e-01  3.229e-01  
4.492e-01  3.299e-01  
4.399e-01  3.368e-01  
4.308e-01  3.437e-01  
4.217e-01  3.507e-01  
4.128e-01  3.576e-01  
4.039e-01  3.646e-01  
3.951e-01  3.715e-01  
3.864e-01  3.785e-01  
3.778e-01  3.855e-01  
3.692e-01  3.924e-01  
3.608e-01  3.994e-01  
3.524e-01  4.065e-01  
3.441e-01  4.135e-01  
3.358e-01  4.206e-01  
3.276e-01  4.277e-01  
3.195e-01  4.348e-01  
3.114e-01  4.420e-01  
3.034e-01  4.492e-01  
2.955e-01  4.565e-01  
2.876e-01  4.638e-01  
2.801e-01  4.709e-01  
2.789e-01  4.720e-01  
2.501e-01  5.000e-01  
2.501e-01  5.000e-01  
2.501e-01  5.000e-01  
2.501e-01  5.000e-01  
2.225e-01  5.284e-01  
2.225e-01  5.284e-01  
2.184e-01  5.327e-01  
2.110e-01  5.407e-01  
2.036e-01  5.489e-01  
1.961e-01  5.573e-01  
1.887e-01  5.657e-01  
1.813e-01  5.744e-01  
1.739e-01  5.831e-01  
1.665e-01  5.921e-01  
1.591e-01  6.012e-01  
1.518e-01  6.106e-01  
1.444e-01  6.201e-01  
1.371e-01  6.299e-01  
1.297e-01  6.400e-01  
1.223e-01  6.504e-01  
1.149e-01  6.612e-01  
1.075e-01  6.723e-01  
1.001e-01  6.838e-01  
9.262e-02  6.958e-01  
8.512e-02  7.084e-01  
7.758e-02  7.217e-01  
6.998e-02  7.357e-01  
6.231e-02  7.506e-01  
5.457e-02  7.666e-01  
4.673e-02  7.841e-01  
3.878e-02  8.034e-01  
3.067e-02  8.252e-01  
2.238e-02  8.508e-01  
1.383e-02  8.829e-01  
4.885e-03  9.309e-01  
9.999e-01  1.001e-04  
2.100e-04  9.900e-01  
9.900e-01  5.076e-03  
9.702e-01  1.508e-02  
9.509e-01  2.489e-02  
9.323e-01  3.452e-02  
9.141e-01  4.399e-02  
8.964e-01  5.329e-02  
8.791e-01  6.244e-02  
8.623e-01  7.145e-02  
8.459e-01  8.033e-02  
8.299e-01  8.907e-02  
8.143e-01  9.770e-02  
7.990e-01  1.062e-01  
7.841e-01  1.146e-01  
7.801e-01  1.168e-01  
7.501e-01  1.340e-01  
7.501e-01  1.340e-01  
7.201e-01  1.515e-01  
7.138e-01  1.552e-01  
7.006e-01  1.630e-01  
6.877e-01  1.708e-01  
6.750e-01  1.785e-01  
6.625e-01  1.862e-01  
6.502e-01  1.937e-01  
6.381e-01  2.012e-01  
6.262e-01  2.087e-01  
6.146e-01  2.161e-01  
6.031e-01  2.235e-01  
5.918e-01  2.308e-01  
5.807e-01  2.381e-01  
5.697e-01  2.453e-01  
5.589e-01  2.525e-01  
5.482e-01  2.596e-01  
5.377e-01  2.668e-01  
5.274e-01  2.739e-01  
5.172e-01  2.809e-01  
5.071e-01  2.880e-01  
4.971e-01  2.950e-01  
4.873e-01  3.020e-01  
4.776e-01  3.090e-01  
4.680e-01  3.159e-01  
4.586e-01  3.229e-01  
4.492e-01  3.299e-01  
4.399e-01  3.368e-01  
4.308e-01  3.437e-01  
4.217e-01  3.507e-01  
4.128e-01  3.576e-01  
4.039e-01  3.646e-01  
3.951e-01  3.715e-01  
3.864e-01  3.785e-01  
3.778e-01  3.855e-01  
3.692e-01  3.924e-01  
3.608e-01  3.994e-01  
3.524e-01  4.065e-01  
3.441e-01  4.135e-01  
3.358e-01  4.206e-01  
3.276e-01  4.277e-01  
3.195e-01  4.348e-01  
3.114e-01  4.420e-01  
3.034e-01  4.492e-01  
2.955e-01  4.565e-01  
2.876e-01  4.638e-01  
2.801e-01  4.709e-01  
2.789e-01  4.720e-01  
2.501e-01  5.000e-01  
2.501e-01  5.000e-01  
2.501e-01  5.000e-01  
2.501e-01  5.000e-01  
2.225e-01  5.284e-01  
2.225e-01  5.284e-01  
2.184e-01  5.327e-01  
2.110e-01  5.407e-01  
2.036e-01  5.489e-01  
1.961e-01  5.573e-01  
1.887e-01  5.657e-01  
1.813e-01  5.744e-01  
1.739e-01  5.831e-01  
1.665e-01  5.921e-01  
1.591e-01  6.012e-01  
1.518e-01  6.106e-01  
1.444e-01  6.201e-01  
1.371e-01  6.299e-01  
1.297e-01  6.400e-01  
1.223e-01  6.504e-01  
1.149e-01  6.612e-01  
1.075e-01  6.723e-01  
1.001e-01  6.838e-01  
9.262e-02  6.958e-01  
8.512e-02  7.084e-01  
7.758e-02  7.217e-01  
6.998e-02  7.357e-01  
6.231e-02  7.506e-01  
5.457e-02  7.666e-01  
4.673e-02  7.841e-01  
3.878e-02  8.034e-01  
3.067e-02  8.252e-01  
2.238e-02  8.508e-01  
1.383e-02  8.829e-01  
4.885e-03  9.309e-01  
9.999e-01  1.001e-04  
2.100e-04  9.900e-01  
9.900e-01  5.076e-03  
9.702e-01  1.508e-02  
9.509e-01  2.489e-02  
9.323e-01  3.452e-02  
9.141e-01  4.399e-02  
8.964e-01  5.329e-02  
8.791e-01  6.244e-02  
8.623e-01  7.145e-02  
8.459e-01  8.033e-02  
8.299e-01  8.907e-02  
8.143e-01  9.770e-02  
7.990e-01  1.062e-01  
7.841e-01  1.146e-01  
7.801e-01  1.168e-01  
7.501e-01  1.340e-01  
7.501e-01  1.340e-01  
7.201e-01  1.515e-01  
7.138e-01  1.552e-01  
7.006e-01  1.630e-01  
6.877e-01  1.708e-01  
6.750e-01  1.785e-01  
6.625e-01  1.862e-01  
6.502e-01  1.937e-01  
6.381e-01  2.012e-01  
6.262e-01  2.087e-01  
6.146e-01  2.161e-01  
6.031e-01  2.235e-01  
5.918e-01  2.308e-01  
5.807e-01  2.381e-01  
5.697e-01  2.453e-01  
5.589e-01  2.525e-01  
5.482e-01  2.596e-01  
5.377e-01  2.668e-01  
5.274e-01  2.739e-01  
5.172e-01  2.809e-01  
5.071e-01  2.880e-01  
4.971e-01  2.950e-01  
4.873e-01  3.020e-01  
4.776e-01  3.090e-01  
4.680e-01  3.159e-01  
4.586e-01  3.229e-01  
4.492e-01  3.299e-01  
4.399e-01  3.368e-01  
4.308e-01  3.437e-01  
4.217e-01  3.507e-01  
4.128e-01  3.576e-01  
4.039e-01  3.646e-01  
3.951e-01  3.715e-01  
3.864e-01  3.785e-01  
3.778e-01  3.855e-01  
3.692e-01  3.924e-01  
3.608e-01  3.994e-01  
3.524e-01  4.065e-01  
3.441e-01  4.135e-01  
3.358e-01  4.206e-01  
3.276e-01  4.277e-01  
3.195e-01  4.348e-01  
3.114e-01  4.420e-01  
3.034e-01  4.492e-01  
2.955e-01  4.565e-01  
2.876e-01  4.638e-01  
2.801e-01  4.709e-01  
2.789e-01  4.720e-01  
2.501e-01  5.000e-01  
2.501e-01  5.000e-01  
2.501e-01  5.000e-01  
2.501e-01  5.000e-01  
2.225e-01  5.284e-01  
2.225e-01  5.284e-01  
2.184e-01  5.327e-01  
2.110e-01  5.407e-01  
2.036e-01  5.489e-01  
1.961e-01  5.573e-01  
1.887e-01  5.657e-01  
1.813e-01  5.744e-01  
1.739e-01  5.831e-01  
1.665e-01  5.921e-01  
1.591e-01  6.012e-01  
1.518e-01  6.106e-01  
1.444e-01  6.201e-01  
1.371e-01  6.299e-01  
1.297e-01  6.400e-01  
1.223e-01  6.504e-01  
1.149e-01  6.612e-01  
1.075e-01  6.723e-01  
1.001e-01  6.838e-01  
9.262e-02  6.958e-01  
8.512e-02  7.084e-01  
7.758e-02  7.217e-01  
6.998e-02  7.357e-01  
6.231e-02  7.506e-01  
5.457e-02  7.666e-01  
4.673e-02  7.841e-01  
3.878e-02  8.034e-01  
3.067e-02  8.252e-01  
2.238e-02  8.508e-01  
1.383e-02  8.829e-01  
4.885e-03  9.309e-01  
9.999e-01  1.001e-04  
2.099e-04  9.900e-01  
9.900e-01  5.076e-03  
9.702e-01  1.508e-02  
9.509e-01  2.489e-02  
9.323e-01  3.452e-02  
9.141e-01  4.399e-02  
8.964e-01  5.329e-02  
8.791e-01  6.244e-02  
8.623e-01  7.145e-02  
8.459e-01  8.033e-02  
8.299e-01  8.907e-02  
8.143e-01  9.770e-02  
7.990e-01  1.062e-01  
7.841e-01  1.146e-01  
7.801e-01  1.168e-01  
7.501e-01  1.340e-01  
7.501e-01  1.340e-01  
7.201e-01  1.515e-01  
7.138e-01  1.552e-01  
7.006e-01  1.630e-01  
6.877e-01  1.708e-01  
6.750e-01  1.785e-01  
6.625e-01  1.862e-01  
6.502e-01  1.937e-01  
6.381e-01  2.012e-01  
6.262e-01  2.087e-01  
6.146e-01  2.161e-01  
6.031e-01  2.235e-01  
5.918e-01  2.308e-01  
5.807e-01  2.381e-01  
5.697e-01  2.453e-01  
5.589e-01  2.525e-01  
5.482e-01  2.596e-01  
5.377e-01  2.668e-01  
5.274e-01  2.739e-01  
5.172e-01  2.809e-01  
5.071e-01  2.880e-01  
4.971e-01  2.950e-01  
4.873e-01  3.020e-01  
4.776e-01  3.090e-01  
4.680e-01  3.159e-01  
4.586e-01  3.229e-01  
4.492e-01  3.299e-01  
4.399e-01  3.368e-01  
4.308e-01  3.437e-01  
4.217e-01  3.507e-01  
4.128e-01  3.576e-01  
4.039e-01  3.646e-01  
3.951e-01  3.715e-01  
3.864e-01  3.785e-01  
3.778e-01  3.855e-01  
3.692e-01  3.924e-01  
3.608e-01  3.994e-01  
3.524e-01  4.065e-01  
3.441e-01  4.135e-01  
3.358e-01  4.206e-01  
3.276e-01  4.277e-01  
3.195e-01  4.348e-01  
3.114e-01  4.420e-01  
3.034e-01  4.492e-01  
2.955e-01  4.565e-01  
2.876e-01  4.638e-01  
2.801e-01  4.709e-01  
2.789e-01  4.720e-01  
2.501e-01  5.000e-01  
2.501e-01  5.000e-01  
2.501e-01  5.000e-01  
2.501e-01  5.000e-01  
2.225e-01  5.284e-01  
2.225e-01  5.284e-01  
2.184e-01  5.327e-01  
2.110e-01  5.407e-01  
2.036e-01  5.489e-01  
1.961e-01  5.573e-01  
1.887e-01  5.657e-01  
1.813e-01  5.744e-01  
1.739e-01  5.831e-01  
1.665e-01  5.921e-01  
1.591e-01  6.012e-01  
1.518e-01  6.106e-01  
1.444e-01  6.201e-01  
1.371e-01  6.299e-01  
1.297e-01  6.400e-01  
1.223e-01  6.504e-01  
1.149e-01  6.612e-01  
1.075e-01  6.723e-01  
1.001e-01  6.838e-01  
9.262e-02  6.958e-01  
8.512e-02  7.084e-01  
7.758e-02  7.217e-01  
6.998e-02  7.357e-01  
6.231e-02  7.506e-01  
5.457e-02  7.666e-01  
4.673e-02  7.841e-01  
3.878e-02  8.034e-01  
3.067e-02  8.252e-01  
2.238e-02  8.508e-01  
1.383e-02  8.829e-01  
4.885e-03  9.309e-01  
9.998e-01  9.951e-05  
9.281e-05  9.905e-01  
9.899e-01  5.076e-03  
9.701e-01  1.508e-02  
9.508e-01  2.489e-02  
9.321e-01  3.452e-02  
9.140e-01  4.399e-02  
8.963e-01  5.329e-02  
8.790e-01  6.244e-02  
8.622e-01  7.145e-02  
8.458e-01  8.033e-02  
8.298e-01  8.907e-02  
8.142e-01  9.770e-02  
7.989e-01  1.062e-01  
7.840e-01  1.146e-01  
7.800e-01  1.168e-01  
7.501e-01  1.340e-01  
7.500e-01  1.340e-01  
7.201e-01  1.515e-01  
7.138e-01  1.551e-01  
7.005e-01  1.630e-01  
6.876e-01  1.708e-01  
6.749e-01  1.785e-01  
6.624e-01  1.862e-01  
6.501e-01  1.937e-01  
6.380e-01  2.013e-01  
6.261e-01  2.087e-01  
6.145e-01  2.161e-01  
6.030e-01  2.235e-01  
5.917e-01  2.308e-01  
5.805e-01  2.381e-01  
5.696e-01  2.453e-01  
5.588e-01  2.525e-01  
5.481e-01  2.596e-01  
5.376e-01  2.668e-01  
5.273e-01  2.739e-01  
5.171e-01  2.809e-01  
5.070e-01  2.880e-01  
4.970e-01  2.950e-01  
4.872e-01  3.020e-01  
4.775e-01  3.090e-01  
4.679e-01  3.159e-01  
4.585e-01  3.229e-01  
4.491e-01  3.299e-01  
4.398e-01  3.368e-01  
4.307e-01  3.437e-01  
4.216e-01  3.507e-01  
4.126e-01  3.576e-01  
4.038e-01  3.646e-01  
3.950e-01  3.715e-01  
3.863e-01  3.785e-01  
3.777e-01  3.855e-01  
3.691e-01  3.924e-01  
3.607e-01  3.994e-01  
3.523e-01  4.065e-01  
3.440e-01  4.135e-01  
3.357e-01  4.206e-01  
3.275e-01  4.277e-01  
3.194e-01  4.348e-01  
3.113e-01  4.420e-01  
3.033e-01  4.492e-01  
2.954e-01  4.565e-01  
2.875e-01  4.638e-01  
2.800e-01  4.709e-01  
2.788e-01  4.720e-01  
2.501e-01  5.000e-01  
2.501e-01  5.000e-01  
2.500e-01  5.000e-01  
2.500e-01  5.000e-01  
2.225e-01  5.284e-01  
2.225e-01  5.284e-01  
2.184e-01  5.327e-01  
2.109e-01  5.407e-01  
2.034e-01  5.490e-01  
1.960e-01  5.573e-01  
1.886e-01  5.657e-01  
1.812e-01  5.744e-01  
1.738e-01  5.831e-01  
1.664e-01  5.921e-01  
1.590e-01  6.012e-01  
1.517e-01  6.106e-01  
1.443e-01  6.201e-01  
1.369e-01  6.299e-01  
1.296e-01  6.400e-01  
1.222e-01  6.504e-01  
1.148e-01  6.612e-01  
1.074e-01  6.723e-01  
9.997e-02  6.838e-01  
9.251e-02  6.958e-01  
8.502e-02  7.084e-01  
7.747e-02  7.217e-01  
6.987e-02  7.357e-01  
6.221e-02  7.506e-01  
5.446e-02  7.666e-01  
4.662e-02  7.841e-01  
3.867e-02  8.034e-01  
3.056e-02  8.252e-01  
2.227e-02  8.508e-01  
1.372e-02  8.829e-01  
4.776e-03  9.309e-01  
