1.859e+01  1.888e+01  
6.286e+00  1.190e+01  
2.533e+01  1.908e+01  
1.865e+01  1.616e+01  
8.770e+00  1.821e+01  
1.088e+01  1.122e+01  
2.291e+01  1.473e+01  
2.498e+01  2.081e+01  
1.187e+01  8.915e+00  
1.379e+01  1.704e+01  
5.899e+00  8.063e+00  
1.069e+01  9.764e+00  
2.417e+01  2.022e+01  
9.103e+00  9.021e+00  
1.325e+01  7.426e+00  
2.585e+01  2.036e+01  
1.326e+01  8.799e+00  
2.328e+01  1.873e+01  
1.036e+01  7.980e+00  
1.374e+01  9.203e+00  
1.004e+01  9.844e+00  
2.599e+01  1.980e+01  
1.651e+01  1.143e+01  
9.292e+00  5.728e+00  
2.029e+01  1.289e+01  
1.696e+01  2.041e+01  
1.869e+01  1.773e+01  
1.677e+01  1.573e+01  
7.659e+00  7.604e+00  
1.662e+01  2.058e+01  
1.042e+01  7.583e+00  
2.750e+01  1.660e+01  
1.975e+01  1.868e+01  
1.197e+01  1.421e+01  
8.329e+00  1.271e+01  
1.352e+01  8.074e+00  
1.448e+01  1.948e+01  
2.264e+01  8.277e+00  
1.474e+01  1.607e+01  
1.626e+01  1.955e+01  
1.217e+01  1.439e+01  
1.235e+01  2.142e+01  
2.876e+01  2.091e+01  
1.104e+01  1.344e+01  
2.065e+01  1.549e+01  
1.899e+01  2.120e+01  
8.103e+00  8.800e+00  
2.212e+01  2.078e+01  
2.196e+01  1.964e+01  
2.303e+01  2.835e+01  
1.540e+01  1.563e+01  
1.557e+01  1.625e+01  
2.248e+01  1.558e+01  
1.473e+01  1.366e+01  
1.549e+01  2.062e+01  
9.905e+00  6.857e+00  
1.076e+01  9.061e+00  
9.301e+00  7.766e+00  
2.198e+01  1.875e+01  
1.407e+01  2.653e+01  
1.055e+01  1.012e+01  
6.787e+00  7.096e+00  
1.121e+01  1.135e+01  
1.749e+01  1.621e+01  
1.201e+01  9.852e+00  
1.100e+01  9.685e+00  
2.299e+01  2.050e+01  
1.054e+01  9.739e+00  
2.426e+01  2.652e+01  
2.482e+01  1.840e+01  
2.113e+01  1.576e+01  
9.598e+00  1.269e+01  
1.402e+01  2.329e+01  
1.448e+01  1.709e+01  
1.934e+01  1.814e+01  
3.420e+01  2.537e+01  
7.675e+00  8.937e+00  
2.430e+01  1.852e+01  
1.299e+01  1.001e+01  
4.237e+01  2.484e+01  
2.403e+01  2.614e+01  
2.246e+01  1.578e+01  
9.906e+00  9.377e+00  
1.771e+01  1.414e+01  
2.155e+01  2.603e+01  
1.964e+01  1.787e+01  
1.101e+01  6.203e+00  
9.613e+00  8.469e+00  
1.340e+01  1.879e+01  
1.381e+01  1.425e+01  
1.981e+01  2.112e+01  
2.132e+01  1.602e+01  
1.372e+01  1.067e+01  
1.785e+01  1.963e+01  
1.070e+01  1.024e+01  
1.965e+01  1.980e+01  
7.829e+00  7.677e+00  
1.794e+01  2.212e+01  
1.205e+01  1.555e+01  
1.259e+01  1.394e+01  
4.986e-01  2.942e-01  
1.726e-01  5.884e-01  
4.986e-01  2.956e-01  
4.986e-01  2.962e-01  
4.986e-01  3.007e-01  
4.986e-01  3.046e-01  
4.986e-01  3.098e-01  
4.986e-01  3.112e-01  
4.986e-01  3.018e-01  
4.986e-01  3.095e-01  
4.986e-01  3.175e-01  
4.986e-01  3.281e-01  
4.986e-01  3.332e-01  
4.986e-01  3.332e-01  
4.986e-01  3.095e-01  
4.986e-01  3.408e-01  
4.986e-01  3.408e-01  
4.986e-01  3.393e-01  
4.986e-01  3.393e-01  
4.986e-01  3.434e-01  
4.986e-01  3.434e-01  
4.986e-01  3.376e-01  
4.986e-01  3.359e-01  
4.986e-01  3.342e-01  
4.986e-01  3.342e-01  
4.986e-01  3.281e-01  
4.986e-01  3.376e-01  
4.986e-01  3.375e-01  
4.986e-01  3.375e-01  
4.986e-01  3.277e-01  
4.986e-01  3.277e-01  
4.986e-01  3.650e-01  
4.986e-01  3.307e-01  
4.986e-01  3.819e-01  
4.986e-01  3.307e-01  
4.986e-01  3.813e-01  
4.986e-01  3.819e-01  
4.986e-01  3.650e-01  
4.986e-01  4.190e-01  
4.986e-01  3.784e-01  
4.986e-01  3.784e-01  
4.986e-01  3.838e-01  
4.986e-01  5.013e-01  
4.986e-01  5.086e-01  
4.986e-01  4.190e-01  
4.986e-01  5.461e-01  
4.986e-01  5.086e-01  
4.986e-01  5.461e-01  
4.431e-01  5.848e-01  
4.431e-01  5.848e-01  
2.164e-01  5.848e-01  
2.164e-01  5.848e-01  
3.998e-01  5.848e-01  
2.103e-01  5.848e-01  
1.966e-01  5.848e-01  
4.018e-01  5.848e-01  
3.998e-01  5.848e-01  
1.855e-01  5.848e-01  
2.124e-01  5.848e-01  
1.983e-01  5.848e-01  
2.124e-01  5.848e-01  
2.131e-01  5.848e-01  
2.131e-01  5.848e-01  
1.924e-01  5.848e-01  
1.966e-01  5.848e-01  
2.008e-01  5.848e-01  
1.983e-01  5.848e-01  
2.103e-01  5.848e-01  
2.616e-01  5.848e-01  
1.954e-01  5.848e-01  
1.924e-01  5.848e-01  
2.071e-01  5.848e-01  
1.954e-01  5.848e-01  
2.616e-01  5.848e-01  
2.071e-01  5.848e-01  
2.325e-01  5.848e-01  
2.008e-01  5.848e-01  
1.989e-01  5.848e-01  
1.989e-01  5.848e-01  
2.325e-01  5.848e-01  
2.019e-01  5.848e-01  
1.959e-01  5.848e-01  
2.019e-01  5.848e-01  
2.283e-01  5.848e-01  
1.945e-01  5.848e-01  
1.943e-01  5.848e-01  
1.959e-01  5.848e-01  
1.976e-01  5.848e-01  
2.001e-01  5.848e-01  
1.945e-01  5.848e-01  
2.001e-01  5.848e-01  
1.976e-01  5.848e-01  
1.943e-01  5.848e-01  
1.884e-01  5.848e-01  
1.862e-01  5.848e-01  
1.862e-01  5.848e-01  
1.829e-01  5.848e-01  
1.776e-01  5.848e-01  
1.765e-01  5.848e-01  
1.737e-01  5.848e-01  
4.986e-01  2.942e-01  
1.726e-01  5.848e-01  
4.986e-01  2.956e-01  
4.986e-01  2.962e-01  
4.986e-01  3.007e-01  
4.986e-01  3.046e-01  
4.986e-01  3.098e-01  
4.986e-01  3.112e-01  
4.986e-01  3.018e-01  
4.986e-01  3.095e-01  
4.986e-01  3.175e-01  
4.986e-01  3.281e-01  
4.986e-01  3.332e-01  
4.986e-01  3.332e-01  
4.986e-01  3.095e-01  
4.986e-01  3.408e-01  
4.986e-01  3.408e-01  
4.986e-01  3.393e-01  
4.986e-01  3.393e-01  
4.986e-01  3.434e-01  
4.986e-01  3.434e-01  
4.986e-01  3.376e-01  
4.986e-01  3.359e-01  
4.986e-01  3.342e-01  
4.986e-01  3.342e-01  
4.986e-01  3.281e-01  
4.986e-01  3.376e-01  
4.986e-01  3.375e-01  
4.986e-01  3.375e-01  
4.986e-01  3.277e-01  
4.986e-01  3.277e-01  
4.986e-01  3.650e-01  
4.986e-01  3.307e-01  
4.986e-01  3.819e-01  
4.986e-01  3.307e-01  
4.986e-01  3.813e-01  
4.986e-01  3.819e-01  
4.986e-01  3.650e-01  
4.986e-01  4.190e-01  
4.986e-01  3.784e-01  
4.986e-01  3.784e-01  
4.986e-01  3.838e-01  
4.986e-01  5.013e-01  
4.986e-01  5.086e-01  
4.986e-01  4.190e-01  
4.986e-01  5.461e-01  
4.986e-01  5.086e-01  
4.986e-01  5.461e-01  
4.431e-01  5.848e-01  
4.431e-01  5.848e-01  
2.164e-01  5.848e-01  
2.164e-01  5.848e-01  
3.998e-01  5.848e-01  
2.103e-01  5.848e-01  
1.966e-01  5.848e-01  
4.018e-01  5.848e-01  
3.998e-01  5.848e-01  
1.855e-01  5.848e-01  
2.124e-01  5.848e-01  
1.983e-01  5.848e-01  
2.124e-01  5.848e-01  
2.131e-01  5.848e-01  
2.131e-01  5.848e-01  
1.924e-01  5.848e-01  
1.966e-01  5.848e-01  
2.008e-01  5.848e-01  
1.983e-01  5.848e-01  
2.103e-01  5.848e-01  
2.616e-01  5.848e-01  
1.954e-01  5.848e-01  
1.924e-01  5.848e-01  
2.071e-01  5.848e-01  
1.954e-01  5.848e-01  
2.616e-01  5.848e-01  
2.071e-01  5.848e-01  
2.325e-01  5.848e-01  
2.008e-01  5.848e-01  
1.989e-01  5.848e-01  
1.989e-01  5.848e-01  
2.325e-01  5.848e-01  
2.019e-01  5.848e-01  
1.959e-01  5.848e-01  
2.019e-01  5.848e-01  
2.283e-01  5.848e-01  
1.945e-01  5.848e-01  
1.943e-01  5.848e-01  
1.959e-01  5.848e-01  
1.976e-01  5.848e-01  
2.001e-01  5.848e-01  
1.945e-01  5.848e-01  
2.001e-01  5.848e-01  
1.976e-01  5.848e-01  
1.943e-01  5.848e-01  
1.884e-01  5.848e-01  
1.862e-01  5.848e-01  
1.862e-01  5.848e-01  
1.829e-01  5.848e-01  
1.776e-01  5.848e-01  
1.765e-01  5.848e-01  
1.737e-01  5.848e-01  
5.178e-01  2.942e-01  
1.726e-01  5.848e-01  
4.986e-01  2.956e-01  
4.986e-01  2.962e-01  
4.986e-01  3.007e-01  
4.986e-01  3.046e-01  
4.986e-01  3.098e-01  
4.986e-01  3.112e-01  
4.986e-01  3.018e-01  
4.986e-01  3.095e-01  
4.986e-01  3.175e-01  
4.986e-01  3.281e-01  
4.986e-01  3.332e-01  
4.986e-01  3.332e-01  
4.986e-01  3.095e-01  
4.986e-01  3.408e-01  
4.986e-01  3.408e-01  
4.986e-01  3.393e-01  
4.986e-01  3.393e-01  
4.986e-01  3.434e-01  
4.986e-01  3.434e-01  
4.986e-01  3.376e-01  
4.986e-01  3.359e-01  
4.986e-01  3.342e-01  
4.986e-01  3.342e-01  
4.986e-01  3.281e-01  
4.986e-01  3.376e-01  
4.986e-01  3.375e-01  
4.986e-01  3.375e-01  
4.986e-01  3.277e-01  
4.986e-01  3.277e-01  
4.986e-01  3.650e-01  
4.986e-01  3.307e-01  
4.986e-01  3.819e-01  
4.986e-01  3.307e-01  
4.986e-01  3.813e-01  
4.986e-01  3.819e-01  
4.986e-01  3.650e-01  
4.986e-01  4.190e-01  
4.986e-01  3.784e-01  
4.986e-01  3.784e-01  
4.986e-01  3.838e-01  
4.986e-01  5.013e-01  
4.986e-01  5.086e-01  
4.986e-01  4.190e-01  
4.986e-01  5.461e-01  
4.986e-01  5.086e-01  
4.986e-01  5.461e-01  
4.431e-01  5.848e-01  
4.431e-01  5.848e-01  
2.164e-01  5.848e-01  
2.164e-01  5.848e-01  
3.998e-01  5.848e-01  
2.103e-01  5.848e-01  
1.966e-01  5.848e-01  
4.018e-01  5.848e-01  
3.998e-01  5.848e-01  
1.855e-01  5.848e-01  
2.124e-01  5.848e-01  
1.983e-01  5.848e-01  
2.124e-01  5.848e-01  
2.131e-01  5.848e-01  
2.131e-01  5.848e-01  
1.924e-01  5.848e-01  
1.966e-01  5.848e-01  
2.008e-01  5.848e-01  
1.983e-01  5.848e-01  
2.103e-01  5.848e-01  
2.616e-01  5.848e-01  
1.954e-01  5.848e-01  
1.924e-01  5.848e-01  
2.071e-01  5.848e-01  
1.954e-01  5.848e-01  
2.616e-01  5.848e-01  
2.071e-01  5.848e-01  
2.325e-01  5.848e-01  
2.008e-01  5.848e-01  
1.989e-01  5.848e-01  
1.989e-01  5.848e-01  
2.325e-01  5.848e-01  
2.019e-01  5.848e-01  
1.959e-01  5.848e-01  
2.019e-01  5.848e-01  
2.283e-01  5.848e-01  
1.945e-01  5.848e-01  
1.943e-01  5.848e-01  
1.959e-01  5.848e-01  
1.976e-01  5.848e-01  
2.001e-01  5.848e-01  
1.945e-01  5.848e-01  
2.001e-01  5.848e-01  
1.976e-01  5.848e-01  
1.943e-01  5.848e-01  
1.884e-01  5.848e-01  
1.862e-01  5.848e-01  
1.862e-01  5.848e-01  
1.829e-01  5.848e-01  
1.776e-01  5.848e-01  
1.765e-01  5.848e-01  
1.737e-01  5.848e-01  
5.047e-01  2.942e-01  
1.726e-01  5.848e-01  
4.986e-01  2.956e-01  
4.986e-01  2.962e-01  
4.986e-01  3.007e-01  
4.986e-01  3.046e-01  
4.986e-01  3.098e-01  
4.986e-01  3.112e-01  
4.986e-01  3.018e-01  
4.986e-01  3.095e-01  
4.986e-01  3.175e-01  
4.986e-01  3.281e-01  
4.986e-01  3.332e-01  
4.986e-01  3.332e-01  
4.986e-01  3.095e-01  
4.986e-01  3.408e-01  
4.986e-01  3.408e-01  
4.986e-01  3.393e-01  
4.986e-01  3.393e-01  
4.986e-01  3.434e-01  
4.986e-01  3.434e-01  
4.986e-01  3.376e-01  
4.986e-01  3.359e-01  
4.986e-01  3.342e-01  
4.986e-01  3.342e-01  
4.986e-01  3.281e-01  
4.986e-01  3.376e-01  
4.986e-01  3.375e-01  
4.986e-01  3.375e-01  
4.986e-01  3.277e-01  
4.986e-01  3.277e-01  
4.986e-01  3.650e-01  
4.986e-01  3.307e-01  
4.986e-01  3.819e-01  
4.986e-01  3.307e-01  
4.986e-01  3.813e-01  
4.986e-01  3.819e-01  
4.986e-01  3.650e-01  
4.986e-01  4.190e-01  
4.986e-01  3.784e-01  
4.986e-01  3.784e-01  
4.986e-01  3.838e-01  
4.986e-01  5.013e-01  
4.986e-01  5.086e-01  
4.986e-01  4.190e-01  
4.986e-01  5.461e-01  
4.986e-01  5.086e-01  
4.986e-01  5.461e-01  
4.431e-01  5.848e-01  
4.431e-01  5.848e-01  
2.164e-01  5.848e-01  
2.164e-01  5.848e-01  
3.998e-01  5.848e-01  
2.103e-01  5.848e-01  
1.966e-01  5.848e-01  
4.018e-01  5.848e-01  
3.998e-01  5.848e-01  
1.855e-01  5.848e-01  
2.124e-01  5.848e-01  
1.983e-01  5.848e-01  
2.124e-01  5.848e-01  
2.131e-01  5.848e-01  
2.131e-01  5.848e-01  
1.924e-01  5.848e-01  
1.966e-01  5.848e-01  
2.008e-01  5.848e-01  
1.983e-01  5.848e-01  
2.103e-01  5.848e-01  
2.616e-01  5.848e-01  
1.954e-01  5.848e-01  
1.924e-01  5.848e-01  
2.071e-01  5.848e-01  
1.954e-01  5.848e-01  
2.616e-01  5.848e-01  
2.071e-01  5.848e-01  
2.325e-01  5.848e-01  
2.008e-01  5.848e-01  
1.989e-01  5.848e-01  
1.989e-01  5.848e-01  
2.325e-01  5.848e-01  
2.019e-01  5.848e-01  
1.959e-01  5.848e-01  
2.019e-01  5.848e-01  
2.283e-01  5.848e-01  
1.945e-01  5.848e-01  
1.943e-01  5.848e-01  
1.959e-01  5.848e-01  
1.976e-01  5.848e-01  
2.001e-01  5.848e-01  
1.945e-01  5.848e-01  
2.001e-01  5.848e-01  
1.976e-01  5.848e-01  
1.943e-01  5.848e-01  
1.884e-01  5.848e-01  
1.862e-01  5.848e-01  
1.862e-01  5.848e-01  
1.829e-01  5.848e-01  
1.776e-01  5.848e-01  
1.765e-01  5.848e-01  
1.737e-01  5.848e-01  
5.035e-01  2.942e-01  
1.726e-01  6.179e-01  
4.986e-01  2.956e-01  
4.986e-01  2.962e-01  
4.986e-01  3.007e-01  
4.986e-01  3.046e-01  
4.986e-01  3.098e-01  
4.986e-01  3.112e-01  
4.986e-01  3.018e-01  
4.986e-01  3.095e-01  
4.986e-01  3.175e-01  
4.986e-01  3.281e-01  
4.986e-01  3.332e-01  
4.986e-01  3.332e-01  
4.986e-01  3.095e-01  
4.986e-01  3.408e-01  
4.986e-01  3.408e-01  
4.986e-01  3.393e-01  
4.986e-01  3.393e-01  
4.986e-01  3.434e-01  
4.986e-01  3.434e-01  
4.986e-01  3.376e-01  
4.986e-01  3.359e-01  
4.986e-01  3.342e-01  
4.986e-01  3.342e-01  
4.986e-01  3.281e-01  
4.986e-01  3.376e-01  
4.986e-01  3.375e-01  
4.986e-01  3.375e-01  
4.986e-01  3.277e-01  
4.986e-01  3.277e-01  
4.986e-01  3.650e-01  
4.986e-01  3.307e-01  
4.986e-01  3.819e-01  
4.986e-01  3.307e-01  
4.986e-01  3.813e-01  
4.986e-01  3.819e-01  
4.986e-01  3.650e-01  
4.986e-01  4.190e-01  
4.986e-01  3.784e-01  
4.986e-01  3.784e-01  
4.986e-01  3.838e-01  
4.986e-01  5.013e-01  
4.986e-01  5.086e-01  
4.986e-01  4.190e-01  
4.986e-01  5.461e-01  
4.986e-01  5.086e-01  
4.986e-01  5.461e-01  
4.431e-01  5.848e-01  
4.431e-01  5.848e-01  
2.164e-01  5.848e-01  
2.164e-01  5.848e-01  
3.998e-01  5.848e-01  
2.103e-01  5.848e-01  
1.966e-01  5.848e-01  
4.018e-01  5.848e-01  
3.998e-01  5.848e-01  
1.855e-01  5.848e-01  
2.124e-01  5.848e-01  
1.983e-01  5.848e-01  
2.124e-01  5.848e-01  
2.131e-01  5.848e-01  
2.131e-01  5.848e-01  
1.924e-01  5.848e-01  
1.966e-01  5.848e-01  
2.008e-01  5.848e-01  
1.983e-01  5.848e-01  
2.103e-01  5.848e-01  
2.616e-01  5.848e-01  
1.954e-01  5.848e-01  
1.924e-01  5.848e-01  
2.071e-01  5.848e-01  
1.954e-01  5.848e-01  
2.616e-01  5.848e-01  
2.071e-01  5.848e-01  
2.325e-01  5.848e-01  
2.008e-01  5.848e-01  
1.989e-01  5.848e-01  
1.989e-01  5.848e-01  
2.325e-01  5.848e-01  
2.019e-01  5.848e-01  
1.959e-01  5.848e-01  
2.019e-01  5.848e-01  
2.283e-01  5.848e-01  
1.945e-01  5.848e-01  
1.943e-01  5.848e-01  
1.959e-01  5.848e-01  
1.976e-01  5.848e-01  
2.001e-01  5.848e-01  
1.945e-01  5.848e-01  
2.001e-01  5.848e-01  
1.976e-01  5.848e-01  
1.943e-01  5.848e-01  
1.884e-01  5.848e-01  
1.862e-01  5.848e-01  
1.862e-01  5.848e-01  
1.829e-01  5.848e-01  
1.776e-01  5.848e-01  
1.765e-01  5.848e-01  
1.737e-01  5.848e-01  
4.986e-01  2.941e-01  
1.725e-01  5.868e-01  
4.986e-01  2.956e-01  
4.986e-01  2.962e-01  
4.986e-01  3.007e-01  
4.986e-01  3.046e-01  
4.986e-01  3.078e-01  
4.986e-01  3.112e-01  
4.986e-01  3.018e-01  
4.986e-01  3.095e-01  
4.986e-01  3.175e-01  
4.986e-01  3.281e-01  
4.986e-01  3.332e-01  
4.986e-01  3.332e-01  
4.986e-01  3.095e-01  
4.986e-01  3.408e-01  
4.986e-01  3.408e-01  
4.986e-01  3.393e-01  
4.986e-01  3.393e-01  
4.986e-01  3.434e-01  
4.986e-01  3.434e-01  
4.986e-01  3.376e-01  
4.986e-01  3.359e-01  
4.986e-01  3.342e-01  
4.986e-01  3.342e-01  
4.986e-01  3.281e-01  
4.986e-01  3.376e-01  
4.986e-01  3.375e-01  
4.986e-01  3.375e-01  
4.986e-01  3.277e-01  
4.986e-01  3.277e-01  
4.986e-01  3.650e-01  
4.986e-01  3.307e-01  
4.986e-01  3.819e-01  
4.986e-01  3.307e-01  
4.986e-01  3.813e-01  
4.986e-01  3.819e-01  
4.986e-01  3.650e-01  
4.986e-01  4.190e-01  
4.986e-01  3.784e-01  
4.986e-01  3.784e-01  
4.986e-01  3.838e-01  
4.986e-01  5.013e-01  
4.986e-01  5.086e-01  
4.986e-01  4.190e-01  
4.986e-01  5.461e-01  
4.986e-01  5.086e-01  
4.986e-01  5.461e-01  
4.431e-01  5.848e-01  
4.431e-01  5.848e-01  
2.164e-01  5.848e-01  
2.164e-01  5.848e-01  
3.998e-01  5.848e-01  
2.103e-01  5.848e-01  
1.966e-01  5.848e-01  
4.018e-01  5.848e-01  
3.998e-01  5.848e-01  
1.855e-01  5.848e-01  
2.124e-01  5.848e-01  
1.983e-01  5.848e-01  
2.124e-01  5.848e-01  
2.131e-01  5.848e-01  
2.131e-01  5.848e-01  
1.924e-01  5.848e-01  
1.966e-01  5.848e-01  
2.008e-01  5.848e-01  
1.983e-01  5.848e-01  
2.103e-01  5.848e-01  
2.616e-01  5.848e-01  
1.954e-01  5.848e-01  
1.924e-01  5.848e-01  
2.071e-01  5.848e-01  
1.954e-01  5.848e-01  
2.616e-01  5.848e-01  
2.071e-01  5.848e-01  
2.325e-01  5.848e-01  
2.008e-01  5.848e-01  
1.989e-01  5.848e-01  
1.989e-01  5.848e-01  
2.325e-01  5.848e-01  
2.019e-01  5.848e-01  
1.959e-01  5.848e-01  
2.019e-01  5.848e-01  
2.283e-01  5.848e-01  
1.945e-01  5.848e-01  
1.943e-01  5.848e-01  
1.959e-01  5.848e-01  
1.976e-01  5.848e-01  
2.001e-01  5.848e-01  
1.945e-01  5.848e-01  
2.001e-01  5.848e-01  
1.976e-01  5.848e-01  
1.943e-01  5.848e-01  
1.884e-01  5.848e-01  
1.862e-01  5.848e-01  
1.862e-01  5.848e-01  
1.829e-01  5.848e-01  
1.776e-01  5.848e-01  
1.765e-01  5.848e-01  
1.737e-01  5.848e-01  
4.986e-01  2.941e-01  
1.725e-01  5.862e-01  
4.986e-01  2.956e-01  
4.986e-01  2.962e-01  
4.986e-01  3.007e-01  
4.986e-01  3.046e-01  
4.986e-01  3.078e-01  
4.986e-01  3.112e-01  
4.986e-01  3.018e-01  
4.986e-01  3.095e-01  
4.986e-01  3.175e-01  
4.986e-01  3.281e-01  
4.986e-01  3.332e-01  
4.986e-01  3.332e-01  
4.986e-01  3.095e-01  
4.986e-01  3.408e-01  
4.986e-01  3.408e-01  
4.986e-01  3.393e-01  
4.986e-01  3.393e-01  
4.986e-01  3.434e-01  
4.986e-01  3.434e-01  
4.986e-01  3.376e-01  
4.986e-01  3.359e-01  
4.986e-01  3.342e-01  
4.986e-01  3.342e-01  
4.986e-01  3.281e-01  
4.986e-01  3.376e-01  
4.986e-01  3.375e-01  
4.986e-01  3.375e-01  
4.986e-01  3.277e-01  
4.986e-01  3.277e-01  
4.986e-01  3.650e-01  
4.986e-01  3.307e-01  
4.986e-01  3.819e-01  
4.986e-01  3.307e-01  
4.986e-01  3.813e-01  
4.986e-01  3.819e-01  
4.986e-01  3.650e-01  
4.986e-01  4.190e-01  
4.986e-01  3.784e-01  
4.986e-01  3.784e-01  
4.986e-01  3.838e-01  
4.986e-01  5.013e-01  
4.986e-01  5.086e-01  
4.986e-01  4.190e-01  
4.986e-01  5.461e-01  
4.986e-01  5.086e-01  
4.986e-01  5.461e-01  
4.431e-01  5.848e-01  
4.431e-01  5.848e-01  
2.164e-01  5.848e-01  
2.164e-01  5.848e-01  
3.998e-01  5.848e-01  
2.103e-01  5.848e-01  
1.966e-01  5.848e-01  
4.018e-01  5.848e-01  
3.998e-01  5.848e-01  
1.855e-01  5.848e-01  
2.124e-01  5.848e-01  
1.983e-01  5.848e-01  
2.124e-01  5.848e-01  
2.131e-01  5.848e-01  
2.131e-01  5.848e-01  
1.924e-01  5.848e-01  
1.966e-01  5.848e-01  
2.008e-01  5.848e-01  
1.983e-01  5.848e-01  
2.103e-01  5.848e-01  
2.616e-01  5.848e-01  
1.954e-01  5.848e-01  
1.924e-01  5.848e-01  
2.071e-01  5.848e-01  
1.954e-01  5.848e-01  
2.616e-01  5.848e-01  
2.071e-01  5.848e-01  
2.325e-01  5.848e-01  
2.008e-01  5.848e-01  
1.989e-01  5.848e-01  
1.989e-01  5.848e-01  
2.325e-01  5.848e-01  
2.019e-01  5.848e-01  
1.959e-01  5.848e-01  
2.019e-01  5.848e-01  
2.283e-01  5.848e-01  
1.945e-01  5.848e-01  
1.943e-01  5.848e-01  
1.959e-01  5.848e-01  
1.976e-01  5.848e-01  
2.001e-01  5.848e-01  
1.945e-01  5.848e-01  
2.001e-01  5.848e-01  
1.976e-01  5.848e-01  
1.943e-01  5.848e-01  
1.884e-01  5.848e-01  
1.862e-01  5.848e-01  
1.862e-01  5.848e-01  
1.829e-01  5.848e-01  
1.776e-01  5.848e-01  
1.765e-01  5.848e-01  
1.737e-01  5.848e-01  
4.986e-01  2.941e-01  
1.725e-01  5.862e-01  
4.986e-01  2.956e-01  
4.986e-01  2.962e-01  
4.986e-01  3.007e-01  
4.986e-01  3.046e-01  
4.986e-01  3.078e-01  
4.986e-01  3.112e-01  
4.986e-01  3.018e-01  
4.986e-01  3.095e-01  
4.986e-01  3.175e-01  
4.986e-01  3.281e-01  
4.986e-01  3.332e-01  
4.986e-01  3.332e-01  
4.986e-01  3.095e-01  
4.986e-01  3.408e-01  
4.986e-01  3.408e-01  
4.986e-01  3.393e-01  
4.986e-01  3.393e-01  
4.986e-01  3.434e-01  
4.986e-01  3.434e-01  
4.986e-01  3.376e-01  
4.986e-01  3.359e-01  
4.986e-01  3.342e-01  
4.986e-01  3.342e-01  
4.986e-01  3.281e-01  
4.986e-01  3.376e-01  
4.986e-01  3.375e-01  
4.986e-01  3.375e-01  
4.986e-01  3.277e-01  
4.986e-01  3.277e-01  
4.986e-01  3.650e-01  
4.986e-01  3.307e-01  
4.986e-01  3.819e-01  
4.986e-01  3.307e-01  
4.986e-01  3.813e-01  
4.986e-01  3.819e-01  
4.986e-01  3.650e-01  
4.986e-01  4.190e-01  
4.986e-01  3.784e-01  
4.986e-01  3.784e-01  
4.986e-01  3.838e-01  
4.986e-01  5.013e-01  
4.986e-01  5.086e-01  
4.986e-01  4.190e-01  
4.986e-01  5.461e-01  
4.986e-01  5.086e-01  
4.986e-01  5.461e-01  
4.431e-01  5.848e-01  
4.431e-01  5.848e-01  
2.164e-01  5.848e-01  
2.164e-01  5.848e-01  
3.998e-01  5.848e-01  
2.103e-01  5.848e-01  
1.966e-01  5.848e-01  
4.018e-01  5.848e-01  
3.998e-01  5.848e-01  
1.855e-01  5.848e-01  
2.124e-01  5.848e-01  
1.983e-01  5.848e-01  
2.124e-01  5.848e-01  
2.131e-01  5.848e-01  
2.131e-01  5.848e-01  
1.924e-01  5.848e-01  
1.966e-01  5.848e-01  
2.008e-01  5.848e-01  
1.983e-01  5.848e-01  
2.103e-01  5.848e-01  
2.616e-01  5.848e-01  
1.954e-01  5.848e-01  
1.924e-01  5.848e-01  
2.071e-01  5.848e-01  
1.954e-01  5.848e-01  
2.616e-01  5.848e-01  
2.071e-01  5.848e-01  
2.325e-01  5.848e-01  
2.008e-01  5.848e-01  
1.989e-01  5.848e-01  
1.989e-01  5.848e-01  
2.325e-01  5.848e-01  
2.019e-01  5.848e-01  
1.959e-01  5.848e-01  
2.019e-01  5.848e-01  
2.283e-01  5.848e-01  
1.945e-01  5.848e-01  
1.943e-01  5.848e-01  
1.959e-01  5.848e-01  
1.976e-01  5.848e-01  
2.001e-01  5.848e-01  
1.945e-01  5.848e-01  
2.001e-01  5.848e-01  
1.976e-01  5.848e-01  
1.943e-01  5.848e-01  
1.884e-01  5.848e-01  
1.862e-01  5.848e-01  
1.862e-01  5.848e-01  
1.829e-01  5.848e-01  
1.776e-01  5.848e-01  
1.765e-01  5.848e-01  
1.737e-01  5.848e-01  
4.986e-01  2.941e-01  
1.725e-01  5.848e-01  
4.986e-01  2.956e-01  
4.986e-01  2.962e-01  
4.986e-01  3.007e-01  
4.986e-01  3.046e-01  
4.986e-01  3.078e-01  
4.986e-01  3.112e-01  
4.986e-01  3.018e-01  
4.986e-01  3.095e-01  
4.986e-01  3.175e-01  
4.986e-01  3.281e-01  
4.986e-01  3.332e-01  
4.986e-01  3.332e-01  
4.986e-01  3.095e-01  
4.986e-01  3.408e-01  
4.986e-01  3.408e-01  
4.986e-01  3.393e-01  
4.986e-01  3.393e-01  
4.986e-01  3.434e-01  
4.986e-01  3.434e-01  
4.986e-01  3.376e-01  
4.986e-01  3.359e-01  
4.986e-01  3.342e-01  
4.986e-01  3.342e-01  
4.986e-01  3.281e-01  
4.986e-01  3.376e-01  
4.986e-01  3.375e-01  
4.986e-01  3.375e-01  
4.986e-01  3.277e-01  
4.986e-01  3.277e-01  
4.986e-01  3.650e-01  
4.986e-01  3.307e-01  
4.986e-01  3.819e-01  
4.986e-01  3.307e-01  
4.986e-01  3.813e-01  
4.986e-01  3.819e-01  
4.986e-01  3.650e-01  
4.986e-01  4.190e-01  
4.986e-01  3.784e-01  
4.986e-01  3.784e-01  
4.986e-01  3.838e-01  
4.986e-01  5.013e-01  
4.986e-01  5.086e-01  
4.986e-01  4.190e-01  
4.986e-01  5.461e-01  
4.986e-01  5.086e-01  
4.986e-01  5.461e-01  
4.431e-01  5.848e-01  
4.431e-01  5.848e-01  
2.164e-01  5.848e-01  
2.164e-01  5.848e-01  
3.998e-01  5.848e-01  
2.103e-01  5.848e-01  
1.966e-01  5.848e-01  
4.018e-01  5.848e-01  
3.998e-01  5.848e-01  
1.855e-01  5.848e-01  
2.124e-01  5.848e-01  
1.983e-01  5.848e-01  
2.124e-01  5.848e-01  
2.131e-01  5.848e-01  
2.131e-01  5.848e-01  
1.924e-01  5.848e-01  
1.966e-01  5.848e-01  
2.008e-01  5.848e-01  
1.983e-01  5.848e-01  
2.103e-01  5.848e-01  
2.616e-01  5.848e-01  
1.954e-01  5.848e-01  
1.924e-01  5.848e-01  
2.071e-01  5.848e-01  
1.954e-01  5.848e-01  
2.616e-01  5.848e-01  
2.071e-01  5.848e-01  
2.325e-01  5.848e-01  
2.008e-01  5.848e-01  
1.989e-01  5.848e-01  
1.989e-01  5.848e-01  
2.325e-01  5.848e-01  
2.019e-01  5.848e-01  
1.959e-01  5.848e-01  
2.019e-01  5.848e-01  
2.283e-01  5.848e-01  
1.945e-01  5.848e-01  
1.943e-01  5.848e-01  
1.959e-01  5.848e-01  
1.976e-01  5.848e-01  
2.001e-01  5.848e-01  
1.945e-01  5.848e-01  
2.001e-01  5.848e-01  
1.976e-01  5.848e-01  
1.943e-01  5.848e-01  
1.884e-01  5.848e-01  
1.862e-01  5.848e-01  
1.862e-01  5.848e-01  
1.829e-01  5.848e-01  
1.776e-01  5.848e-01  
1.765e-01  5.848e-01  
1.737e-01  5.848e-01  
4.986e-01  2.941e-01  
1.725e-01  5.848e-01  
4.986e-01  2.956e-01  
4.986e-01  2.962e-01  
4.986e-01  3.007e-01  
4.986e-01  3.046e-01  
4.986e-01  3.078e-01  
4.986e-01  3.112e-01  
4.986e-01  3.018e-01  
4.986e-01  3.095e-01  
4.986e-01  3.175e-01  
4.986e-01  3.281e-01  
4.986e-01  3.332e-01  
4.986e-01  3.332e-01  
4.986e-01  3.095e-01  
4.986e-01  3.408e-01  
4.986e-01  3.408e-01  
4.986e-01  3.393e-01  
4.986e-01  3.393e-01  
4.986e-01  3.434e-01  
4.986e-01  3.434e-01  
4.986e-01  3.376e-01  
4.986e-01  3.359e-01  
4.986e-01  3.342e-01  
4.986e-01  3.342e-01  
4.986e-01  3.281e-01  
4.986e-01  3.376e-01  
4.986e-01  3.375e-01  
4.986e-01  3.375e-01  
4.986e-01  3.277e-01  
4.986e-01  3.277e-01  
4.986e-01  3.650e-01  
4.986e-01  3.307e-01  
4.986e-01  3.819e-01  
4.986e-01  3.307e-01  
4.986e-01  3.813e-01  
4.986e-01  3.819e-01  
4.986e-01  3.650e-01  
4.986e-01  4.190e-01  
4.986e-01  3.784e-01  
4.986e-01  3.784e-01  
4.986e-01  3.838e-01  
4.986e-01  5.013e-01  
4.986e-01  5.086e-01  
4.986e-01  4.190e-01  
4.986e-01  5.461e-01  
4.986e-01  5.086e-01  
4.986e-01  5.461e-01  
4.431e-01  5.848e-01  
4.431e-01  5.848e-01  
2.164e-01  5.848e-01  
2.164e-01  5.848e-01  
3.998e-01  5.848e-01  
2.103e-01  5.848e-01  
1.966e-01  5.848e-01  
4.018e-01  5.848e-01  
3.998e-01  5.848e-01  
1.855e-01  5.848e-01  
2.124e-01  5.848e-01  
1.983e-01  5.848e-01  
2.124e-01  5.848e-01  
2.131e-01  5.848e-01  
2.131e-01  5.848e-01  
1.924e-01  5.848e-01  
1.966e-01  5.848e-01  
2.008e-01  5.848e-01  
1.983e-01  5.848e-01  
2.103e-01  5.848e-01  
2.616e-01  5.848e-01  
1.954e-01  5.848e-01  
1.924e-01  5.848e-01  
2.071e-01  5.848e-01  
1.954e-01  5.848e-01  
2.616e-01  5.848e-01  
2.071e-01  5.848e-01  
2.325e-01  5.848e-01  
2.008e-01  5.848e-01  
1.989e-01  5.848e-01  
1.989e-01  5.848e-01  
2.325e-01  5.848e-01  
2.019e-01  5.848e-01  
1.959e-01  5.848e-01  
2.019e-01  5.848e-01  
2.283e-01  5.848e-01  
1.945e-01  5.848e-01  
1.943e-01  5.848e-01  
1.959e-01  5.848e-01  
1.976e-01  5.848e-01  
2.001e-01  5.848e-01  
1.945e-01  5.848e-01  
2.001e-01  5.848e-01  
1.976e-01  5.848e-01  
1.943e-01  5.848e-01  
1.884e-01  5.848e-01  
1.862e-01  5.848e-01  
1.862e-01  5.848e-01  
1.829e-01  5.848e-01  
1.776e-01  5.848e-01  
1.765e-01  5.848e-01  
1.737e-01  5.848e-01  
