0.994397763392221
0.994348657466449
0.994515051471261
0.994637197974259
0.994569302193459
0.9944696003883
0.994496170631124
0.99447785616265
0.994542688006482
0.994564036198215
0.994468712613659
0.994475479033529
0.99436852578169
0.994426097197278
0.994593658983199
0.994589926604942
0.994436287590433
0.994453155415333
0.994524453986091
0.994553470635572
0.994422752165894
0.994629606645203
0.994463863323668
0.994464596825366
0.994484202003223
0.994444892102848
0.994597778492504
0.994579262223934
0.994472876157038
0.994519815185513
0.994561779622893
0.99470664614162
0.99442421903098
0.994250240703725
0.994616060396514
