0.061796 0.889026
0.0193296 0.998583
0.754984 0.268716
0.980582 0.147371
0.591673 0.368411
0.0306657 0.962498
0.44854 0.467883
0.662352 0.323764
0.714411 0.292386
0.580547 0.375677
0.00376778 1.07623
0.999804 0.137712
0.700539 0.300632
0.497124 0.432544
0.845798 0.217941
0.913867 0.18165
0.0259438 0.976543
0.038727 0.940822
0.558779 0.390099
0.0696083 0.87378
0.61447 0.353733
0.0142298 1.01833
0.949932 0.162969
0.879011 0.200058
0.00915925 1.04191
0.0541836 0.90484
0.122425 0.787722
0.815601 0.234508
0.831516 0.225739
9.80272e-05 1.12771
0.52728 0.411473
0.783923 0.25222
0.0917403 0.834727
0.68908 0.307506
0.202881 0.68719
0.72722 0.284842
0.537633 0.404379
0.676292 0.315244
0.145247 0.756501
0.517072 0.418537
0.569583 0.382907
0.107406 0.809885
0.0770265 0.860078
0.863401 0.20842
0.369957 0.529373
0.224843 0.663438
0.89647 0.190793
0.458452 0.460523
0.476808 0.447101
0.467925 0.453564
0.0850096 0.84605
0.507306 0.42536
0.769303 0.260515
0.798863 0.243823
0.548129 0.397257
0.295383 0.594123
0.173781 0.720744
0.412643 0.495241
0.378774 0.522168
0.233505 0.654391
0.352275 0.544086
0.931796 0.172318
0.360661 0.537063
0.439827 0.47442
0.626139 0.346325
0.159026 0.738833
0.968798 0.153339
0.487689 0.439267
0.129572 0.777653
0.650067 0.331347
0.0465271 0.921913
0.248724 0.638891
0.099972 0.821431
0.403771 0.502184
0.603283 0.360901
0.210925 0.678349
0.638002 0.338864
0.343953 0.551139
0.430673 0.481357
0.166401 0.729691
0.303333 0.586858
0.741775 0.27635
0.13694 0.767559
0.421608 0.488301
0.394985 0.509136
0.271848 0.616224
0.279645 0.608799
0.114804 0.798787
0.319398 0.572461
0.264099 0.623709
0.188581 0.703355
0.151667 0.748169
0.241099 0.646596
0.335708 0.558211
0.196006 0.694889
0.287489 0.601434
0.311337 0.579638
0.25639 0.631264
0.327519 0.565321
0.181173 0.71197
