0.0696028 0.736177
0.00376401 0.938648
0.195973 0.557312
0.0925111 0.695844
0.395229 0.371327
0.0339835 0.815654
0.00190754 0.956325
0.537633 0.266765
0.114812 0.661161
0.144306 0.620124
0.83717 0.0850301
0.085012 0.708432
0.548131 0.259641
0.335707 0.420598
0.278756 0.472027
0.318206 0.435903
0.650071 0.19373
9.89523e-05 0.990053
0.662351 0.186151
0.0176445 0.867167
0.303088 0.449466
0.188573 0.56575
0.137272 0.629497
0.295453 0.456445
0.210818 0.540851
0.421616 0.350681
0.287431 0.463874
0.688568 0.1702
0.638003 0.201249
0.78202 0.115681
0.809776 0.100124
0.130159 0.639224
0.0225264 0.849912
0.0108266 0.895949
0.497039 0.29499
0.0572351 0.760761
0.988168 0.00593346
0.00737061 0.914148
0.9998 9.9985e-05
0.439215 0.337267
0.824923 0.0917474
0.457719 0.323451
0.107405 0.672274
0.700581 0.162993
0.715036 0.154402
0.850467 0.0777924
0.797751 0.106831
0.906894 0.0476902
0.97007 0.0150788
0.122201 0.650427
0.310292 0.442961
0.412645 0.357626
0.614465 0.216122
0.0464751 0.784419
0.430589 0.343807
0.517067 0.280926
0.151781 0.610409
0.15907 0.601164
0.953825 0.0233601
0.626136 0.208712
0.0628934 0.749214
0.88295 0.0603456
0.377667 0.385454
0.0988604 0.685579
0.676148 0.177718
0.404261 0.364185
0.942865 0.0289874
0.370244 0.391523
0.386285 0.378482
0.203336 0.549072
0.327438 0.427778
0.0274119 0.834435
0.361436 0.398804
0.896258 0.0532909
0.181171 0.574358
0.166549 0.591896
0.0511193 0.773904
0.467925 0.315949
0.488987 0.300724
0.220023 0.530934
0.558779 0.252485
0.920878 0.0403759
0.93176 0.0347229
0.477512 0.308978
0.352276 0.406472
0.0143029 0.880405
0.52728 0.273859
0.449087 0.32986
0.0386647 0.803367
0.581464 0.237462
0.25 0.5
0.591914 0.230641
0.0774674 0.72167
0.570512 0.244678
0.603172 0.223358
0.873017 0.0656464
0.173778 0.583133
0.859787 0.0727529
0.343958 0.413521
0.50753 0.287589
