0.534678 0.218981
0.0350204 0.937786
0.0119481 0.984349
0.241924 0.725777
0.735152 0.127699
0.0567753 0.889753
0.237474 0.751991
0.0236716 0.962673
0.521104 0.235457
0.0387189 0.929298
0.0532088 0.896979
0.495514 0.350113
0.0274976 0.954584
0.5001 0.322653
0.719693 0.207582
0.252684 0.662747
0.262624 0.608262
0.280612 0.530507
0.00598907 0.993063
0.502148 0.311235
0.230793 0.790493
0.726345 0.170367
0.260462 0.619611
0.0312678 0.946279
0.742405 0.0992767
0.0198013 0.970407
0.489329 0.390774
0.497599 0.337317
0.0496196 0.90464
0.0768323 0.860283
0.478133 0.471938
0.761886 0.0572124
0.283396 0.521788
0.959938 0.0215916
0.288655 0.508193
0.239284 0.741361
0.72436 0.18107
0.285363 0.516255
0.75632 0.0639812
0.234698 0.768161
0.768379 0.0545037
0.504397 0.299352
0.950693 0.0375225
0.0460142 0.912632
0.974978 0.00587901
0.969947 0.0097974
0.529955 0.220969
0.0423814 0.920883
0.525602 0.226342
0.483086 0.435116
0.268868 0.57757
0.0603671 0.882958
9.74779e-05 0.999902
0.254796 0.650734
0.272199 0.562669
0.224548 0.824738
0.994304 9.82645e-05
0.509165 0.276563
0.946848 0.0455587
0.517169 0.246352
0.29608 0.49579
0.751814 0.0725436
0.721734 0.195772
0.983038 0.00196941
0.221861 0.838746
0.247153 0.694908
0.277757 0.540478
0.748245 0.0812892
0.227749 0.807446
0.266362 0.589488
0.0891 0.854851
0.50678 0.28754
0.737432 0.118065
0.0675708 0.871136
0.511723 0.265774
0.491392 0.376796
0.9551 0.0293197
0.292095 0.501431
0.48726 0.405149
0.264299 0.599712
0.739834 0.1086
0.493453 0.363239
0.964379 0.0156724
0.257381 0.636312
0.72836 0.159885
0.480471 0.454416
0.730679 0.148331
0.732959 0.137535
0.274474 0.553163
0.514449 0.255436
0.0712049 0.866242
0.0158872 0.977677
0.485172 0.419995
0.0826003 0.85639
0.250023 0.678114
0.303377 0.491711
0.74517 0.0901982
0.0639672 0.876721
0.244429 0.710968
0.232768 0.779273
