0.0387189 0.929297
0.0119522 0.984342
0.280713 0.530173
0.969989 0.00976012
0.253394 0.658686
0.511679 0.265952
0.520844 0.236096
0.732924 0.137693
0.274473 0.553166
0.261942 0.611809
0.303376 0.491711
0.0621679 0.879761
0.076836 0.86028
0.517394 0.245658
0.266398 0.589312
0.042383 0.920879
0.288655 0.508194
9.97881e-05 0.9999
0.276389 0.545608
0.735151 0.1277
0.0158555 0.977733
0.248636 0.686207
0.0532095 0.896977
0.728368 0.159845
0.2298 0.796077
0.483068 0.435247
0.0657698 0.87384
0.525086 0.227207
0.983043 0.00196925
0.962986 0.0174101
0.737436 0.118052
0.272197 0.562685
0.278878 0.536441
0.0350091 0.937811
0.74517 0.0901993
0.751816 0.0725408
0.48092 0.451076
0.974962 0.00588437
0.285368 0.516239
0.726567 0.169194
0.0826213 0.85638
0.485172 0.419997
0.491394 0.376787
0.951707 0.0355402
0.283423 0.521708
0.0885671 0.854861
0.478545 0.468836
0.269065 0.57666
0.264005 0.601196
0.0312743 0.946264
0.222248 0.83676
0.742395 0.0993146
0.241048 0.730951
0.239286 0.741351
0.497446 0.338242
0.534679 0.218981
0.504506 0.298797
0.514492 0.255283
0.292083 0.501451
0.730472 0.149343
0.500124 0.322518
0.722554 0.191118
0.227742 0.807486
0.493452 0.363247
0.243069 0.719005
0.502326 0.31027
0.237472 0.752003
0.75626 0.0640788
0.48726 0.405156
0.720565 0.202499
0.0712066 0.86624
0.257164 0.637509
0.259112 0.626857
0.232582 0.780333
0.946808 0.0456478
0.00599423 0.993056
0.761742 0.0573359
0.0496211 0.904637
0.739835 0.108598
0.255501 0.646767
0.495525 0.350047
0.489353 0.390609
0.0197948 0.97042
0.994279 9.93202e-05
0.509162 0.276581
0.957354 0.0255563
0.0236632 0.96269
0.25104 0.672212
0.0460146 0.912631
0.529078 0.221778
0.748242 0.081298
0.224547 0.824743
0.0568103 0.889685
0.724016 0.182963
0.246115 0.701015
0.0274984 0.954582
0.29743 0.494422
0.76838 0.0545037
0.23474 0.767921
0.506772 0.287576
