0.024657 0.851739
0.671166 0.188275
0.484392 0.313044
0.659289 0.191318
0.0663279 0.758304
0.769797 0.126675
0.841029 0.0869534
0.472963 0.314192
0.479246 0.313125
0.998677 0.0045845
0.652738 0.193206
0.770869 0.122828
0.1958 0.558585
0.80543 0.105117
0.0079481 0.912486
0.436575 0.34251
0.998927 0.00103175
0.540214 0.265343
0.848957 0.0799526
0.375623 0.389415
0.769628 0.128295
0.515885 0.29241
0.436512 0.351593
0.341314 0.417611
0.347439 0.41605
0.629358 0.20838
0.341069 0.424704
0.862713 0.0718916
0.730075 0.151679
0.166287 0.601922
0.345089 0.416562
0.462538 0.323548
0.0464601 0.788302
0.548787 0.26532
0.397107 0.374702
0.439933 0.339468
0.515709 0.295141
0.472734 0.315954
0.460986 0.323616
0.960233 0.0218411
0.318261 0.438872
0.516502 0.286392
0.293538 0.469633
0.0239926 0.855094
0.960222 0.0240846
0.651489 0.19908
0.210181 0.545666
0.539784 0.267101
0.437053 0.341014
0.444138 0.339395
0.528273 0.27645
0.628223 0.209345
0.295798 0.458244
0.730031 0.159073
0.317279 0.452867
0.397063 0.378788
0.998646 0.00546329
0.324494 0.436041
0.770712 0.122918
0.144768 0.625782
0.199658 0.55851
0.400156 0.369959
0.10323 0.689685
0.293586 0.459864
0.177719 0.582598
0.516611 0.28633
0.0132835 0.912417
0.207348 0.545718
0.841107 0.0858598
0.657307 0.193014
0.530793 0.273307
0.293544 0.461688
1.02414 0.000980025
0.730326 0.146602
0.0268926 0.851719
0.163449 0.60498
0.320714 0.437498
0.457914 0.326902
0.665967 0.189306
0.666313 0.188293
0.12651 0.652761
0.195 0.561503
0.0663808 0.748175
0.163922 0.602378
0.174578 0.590042
0.299819 0.458226
0.322786 0.436078
0.176545 0.584276
0.381693 0.387305
0.39855 0.370539
0.121093 0.652929
0.148782 0.619711
0.174627 0.588296
0.106881 0.678804
0.626889 0.210769
0.120877 0.65302
0.0505213 0.785496
0.103782 0.679061
0.178599 0.582433
0.147667 0.621702
