0.989173365083077
0.98949445632288
0.989994581058027
0.988937144120271
0.987211912417909
0.988375455500518
0.989180275011168
0.986212476452345
0.988333254343357
0.987964513704006
0.989022483992065
0.989197104113529
0.985727116458282
0.98609622874224
0.988582041840496
0.986458701436973
0.989408882304255
0.986860347587149
0.989956301617759
0.988971221392466
0.988061558383596
0.988638753253152
0.989295615500742
0.989322708782998
0.989117043268379
0.989467584552771
0.985560678521664
0.988820881972157
0.988733747176292
0.987955351960212
0.988473054200159
0.988887145799428
0.986516671855373
0.98698527763069
0.988584793428145
