0.166396 0.592085
0.95051 0.0250619
0.527292 0.273853
0.0466212 0.784083
0.458455 0.322909
0.00912935 0.904455
0.144639 0.619688
0.714698 0.154604
0.603499 0.22315
0.0055769 0.925324
0.814189 0.0976782
0.548133 0.259642
0.754988 0.131102
0.498067 0.294264
0.327515 0.427713
0.249105 0.500898
0.210925 0.540736
0.3194 0.434847
0.421613 0.350685
0.106631 0.673459
0.159174 0.601037
0.151666 0.610558
0.412638 0.357633
0.430666 0.34375
0.846556 0.0799174
0.741831 0.138706
0.913984 0.0439774
0.351658 0.406995
0.303334 0.449245
0.021122 0.854668
0.829788 0.0890751
0.0621657 0.750672
0.517076 0.280922
0.689484 0.169651
0.57044 0.244727
0.287316 0.463983
0.225575 0.525056
0.264097 0.486098
0.970089 0.0150719
0.9998 0.000102427
0.1233 0.648861
0.18858 0.565744
0.196002 0.557282
0.448809 0.33007
0.233499 0.516785
0.980316 0.00989298
0.311337 0.442026
0.360665 0.399448
0.537641 0.266762
0.506988 0.287972
0.478395 0.308341
0.0850084 0.70844
0.650076 0.19373
0.181171 0.574361
0.386288 0.378482
0.614593 0.216043
0.0275046 0.834157
0.626148 0.208707
0.592286 0.230401
0.394989 0.371521
0.896557 0.0531362
0.403774 0.36457
0.863074 0.0709844
0.0143152 0.880356
0.129571 0.640042
0.377655 0.385466
0.662361 0.186147
0.798864 0.10621
0.0999697 0.683822
0.932181 0.0345071
0.0925106 0.695847
0.241101 0.508982
0.727237 0.14722
0.00190065 0.956406
0.638004 0.201251
0.218422 0.532646
0.077468 0.721671
0.114805 0.661173
0.271849 0.478611
0.769262 0.122927
0.0697832 0.735837
0.0386628 0.803374
0.783918 0.114611
0.43983 0.336805
0.295387 0.456507
0.700548 0.163015
0.467928 0.31595
0.0339754 0.815678
0.0541625 0.767274
0.581481 0.237453
0.173775 0.583139
0.203451 0.548947
0.335705 0.420602
0.136944 0.629943
0.676234 0.177668
0.879796 0.0620284
0.369123 0.392447
9.71422e-05 0.990146
0.488365 0.301171
0.558576 0.252623
