0.129571 0.640707
0.00191435 0.956914
0.43982 0.337478
0.569579 0.245963
0.558719 0.253192
0.0091356 0.905087
0.814153 0.0983627
0.403775 0.365234
0.449041 0.330562
0.352272 0.407142
0.412644 0.358293
0.210919 0.541408
0.225946 0.525329
9.36469e-05 0.99099
0.0544603 0.7673
0.931814 0.035362
0.0999614 0.6845
0.537683 0.267399
0.603004 0.224134
0.241072 0.509676
0.1222 0.651096
0.637996 0.20192
0.394982 0.372191
0.430676 0.344408
0.846708 0.0804995
0.2031 0.550001
0.0227086 0.849973
0.181166 0.575031
0.831038 0.0890543
0.506986 0.288637
0.377648 0.386137
0.069864 0.736349
0.027541 0.834712
0.614481 0.216779
0.862252 0.072092
0.159029 0.601883
0.626088 0.20941
0.062185 0.751298
0.783429 0.115552
0.580549 0.23873
0.279644 0.471853
0.591651 0.231479
0.984206 0.00859706
0.327521 0.428372
0.913965 0.0446521
0.727265 0.147869
0.8008 0.105793
0.0126085 0.88838
0.0767803 0.723574
0.487212 0.302662
0.517065 0.281595
0.294974 0.457552
0.0925009 0.696527
0.715624 0.154721
0.421612 0.351351
0.0176398 0.867852
0.0465168 0.78499
0.173784 0.583793
0.166412 0.592731
0.152418 0.61026
0.999806 0.000764188
0.970061 0.0157502
0.0841348 0.710607
0.548133 0.260307
0.248727 0.501942
0.649324 0.194861
0.114813 0.661826
0.256391 0.494316
0.769312 0.123563
0.754985 0.131768
0.303333 0.449911
0.107402 0.672945
0.343298 0.41475
0.386281 0.379152
0.0386464 0.80408
0.497523 0.295314
0.896257 0.0539588
0.00558617 0.92593
0.218419 0.533314
0.26409 0.48677
0.6747 0.179266
0.662353 0.186817
0.311339 0.44269
0.36913 0.393107
0.271837 0.479287
0.469673 0.31534
0.188582 0.566407
0.527262 0.274539
0.195981 0.55797
0.701574 0.163067
0.87969 0.0627494
0.360664 0.400114
0.478462 0.308958
0.13694 0.630613
0.740953 0.139881
0.0340635 0.816104
0.950027 0.0259785
0.145058 0.619803
0.458448 0.323579
0.687574 0.171466
