0.335752 0.420595
0.829858 0.0890573
0.517138 0.280907
0.0226621 0.849602
0.188612 0.565754
0.100013 0.683819
0.00193411 0.956501
0.0125558 0.888138
0.386328 0.378481
0.458486 0.322916
0.228367 0.522167
0.0620461 0.750996
0.395032 0.371518
0.0340501 0.815588
0.580851 0.237892
0.986152 0.00696913
0.369186 0.392429
0.0921887 0.696446
0.914049 0.0439629
0.295431 0.456503
0.241142 0.508981
0.421652 0.350686
0.497107 0.294971
0.649478 0.194125
0.713791 0.155163
0.845828 0.080334
0.319441 0.434846
0.106627 0.673529
0.137794 0.628851
0.54816 0.25965
0.673055 0.179626
0.256446 0.493636
0.0543918 0.766872
0.210955 0.540748
0.700579 0.163019
0.0177099 0.867103
0.487946 0.3015
0.279694 0.471179
0.755078 0.131072
0.60317 0.223387
0.144349 0.620122
0.961997 0.0192068
0.862929 0.0710828
0.932001 0.0346198
0.159181 0.601079
0.430708 0.343749
0.00561495 0.925348
0.196048 0.557274
0.0699002 0.735693
0.00916917 0.904479
0.181189 0.574386
0.626178 0.208713
0.638042 0.201252
0.352319 0.40647
0.17382 0.583133
0.248727 0.501317
0.129394 0.640346
0.507033 0.287967
0.36072 0.399435
0.449131 0.329859
0.687624 0.170794
0.478377 0.308383
0.527319 0.273862
0.815136 0.0971744
0.741053 0.13918
0.0465366 0.784378
0.946672 0.027051
0.166389 0.592144
0.769138 0.123019
0.727281 0.147217
0.264113 0.486122
0.591729 0.230788
0.311214 0.442173
0.558821 0.252485
0.569989 0.245052
0.027613 0.833961
0.218469 0.532638
0.662391 0.186152
0.377709 0.385454
0.0850572 0.708426
0.0387744 0.803194
0.412858 0.357493
0.537671 0.266768
0.614527 0.216109
0.999883 7.96145e-05
0.467938 0.315971
0.800732 0.105187
0.114852 0.661166
0.896541 0.0531636
0.271873 0.478626
0.1523 0.609798
0.879483 0.0622147
0.0774644 0.721753
0.203495 0.548943
0.121491 0.651509
0.439877 0.336799
0.403814 0.36457
0.783971 0.114602
0.973481 0.01337
0.000140014 0.990283
