0.745364 0.0902077
0.283634 0.521667
0.0497797 0.904721
0.477219 0.480328
0.75652 0.0639782
0.0199878 0.970428
0.49999 0.32441
0.0238637 0.962683
0.511876 0.265952
0.249692 0.681187
0.303576 0.491711
0.285566 0.516239
0.256959 0.639731
0.733166 0.137488
0.724567 0.181017
0.24466 0.710767
0.272395 0.562676
0.529131 0.221923
0.947038 0.0455753
0.493651 0.363234
0.0276868 0.954601
0.082769 0.856403
0.481074 0.451394
0.0533738 0.897046
0.495723 0.350041
0.735353 0.127679
0.502343 0.311247
0.478876 0.467829
0.268414 0.580608
0.262743 0.608669
0.483155 0.436054
0.0314773 0.946251
0.768577 0.0545037
0.255123 0.65
0.728561 0.159867
0.0352179 0.937786
0.228968 0.801808
0.50936 0.276575
0.00618996 0.993058
0.740032 0.108598
0.298056 0.494045
0.062345 0.879796
0.722596 0.191991
0.016078 0.977689
0.485309 0.420428
0.292308 0.501404
0.252622 0.664231
0.970245 0.00970614
0.234903 0.768116
0.280841 0.530401
0.239482 0.741351
0.000269193 0.999928
0.737661 0.117934
0.983245 0.00196704
0.0659566 0.873856
0.994485 9.90019e-05
0.232966 0.779264
0.012151 0.98434
0.506977 0.28754
0.0389189 0.929291
0.288851 0.508195
0.487456 0.405161
0.720618 0.203335
0.752018 0.0725293
0.957563 0.025533
0.742591 0.0993126
0.951979 0.0353947
0.491592 0.376781
0.0587731 0.88628
0.518251 0.243668
0.525256 0.227252
0.265341 0.595481
0.237666 0.752023
0.0714409 0.866194
0.761933 0.0573404
0.230983 0.790535
0.497778 0.337427
0.730265 0.151323
0.0462102 0.912635
0.534878 0.218981
0.0425707 0.920901
0.521653 0.234614
0.0770427 0.860272
0.260653 0.619645
0.270787 0.569729
0.220629 0.845993
0.0892943 0.854851
0.489554 0.390582
0.504594 0.299352
0.223723 0.830123
0.748437 0.0813038
0.72654 0.170383
0.242123 0.72577
0.975158 0.00588476
0.277266 0.543032
0.514587 0.255647
0.226898 0.813176
0.27469 0.553087
0.964648 0.0155872
0.247191 0.695841
