0.568905 0.278566
0.438768 0.33868
0.437525 0.338867
0.438131 0.338744
0.641217 0.20051
0.502474 0.291485
0.502961 0.290984
0.861147 0.0721516
0.521715 0.284731
0.503726 0.290864
0.506049 0.289648
0.439374 0.33804
0.522642 0.284407
0.52498 0.278865
0.639743 0.200516
0.768914 0.123138
0.440064 0.337975
0.638409 0.201853
0.506523 0.289648
0.860764 0.0737011
0.505077 0.290059
0.523855 0.280233
0.638404 0.204295
0.771141 0.123105
0.439936 0.338039
0.644294 0.200216
0.768327 0.130884
0.768327 0.125555
0.877246 0.071823
0.768327 0.127402
0.94505 0.071823
0.768333 0.124149
0.642102 0.200221
0.638404 0.205704
0.638398 0.206496
0.87161 0.0718516
0.860715 0.0748827
1.43757 0.937148
0.768327 0.124604
0.504235 0.290059
0.441638 0.337975
0.860697 0.0757782
1.43757 0.0331384
0.436955 0.339004
0.506927 0.289648
0.861075 0.072965
0.638985 0.201081
0.860696 0.0761797
0.775163 0.123079
2.35809 0.0577927
0.638402 0.207401
4.57343 0.0331384
0.645626 0.200216
0.768327 0.162509
2.75575 0.86659
3.80175 4.58674
0.638476 0.222642
1.67589 0.0331509
1.67567 0.0379848
0.861133 0.0729618
1.67563 0.0432375
1.67567 0.0347654
0.638986 0.200943
0.775817 0.12308
0.916702 0.071823
2.51026 1.24067
0.436948 0.33901
0.768332 0.130955
0.860741 0.0755958
0.768358 0.125942
0.638631 0.205139
2.48436 1.16292
5.98398 0.0331509
0.652948 0.200223
1.67589 0.469591
21.1557 18.8815
22.4156 19.7563
19.2877 19.3691
33.2205 29.3973
26.1483 27.9292
15.9098 16.9833
25.8879 30.1476
30.501 29.0571
16.2166 16.8463
20.9247 20.3889
15.9446 14.8393
18.9509 14.8377
40.8447 28.1388
39.4006 25.3312
24.0771 21.9991
34.4991 17.4638
18.5833 17.1331
19.5391 16.2628
12.5769 9.61597
22.0464 30.4284
21.2957 15.7506
25.4314 23.6096
22.9104 23.0696
28.3085 25.535
17.7501 15.4843
