0.833788 0.55215 6.80545e-05
0.38804 0.921714 3.90543e-05
0.498581 0.774817 0.389219
0.925342 0.241935 0.291974
0.882469 0.30485 0.358318
8.86838e-05 0.19587 0.980636
0.679317 0.680479 0.27484
6.9897e-05 0.673201 0.739486
0.406234 0.0421472 0.912807
0.679705 1.38503e-05 0.733502
0.867872 0.496845 7.34165e-05
0.342963 0.572118 0.74516
2.78771e-05 0.707103 0.707119
0.795006 0.606669 5.95692e-05
0.794382 8.63377e-05 0.607504
0.970238 6.37424e-05 0.242183
0.944304 2.35306e-05 0.329097
0.326723 0.438622 0.837246
0.57181 0.745698 0.342059
0.342538 0.74513 0.572298
0.287202 6.87389e-05 0.957905
9.33415e-05 0.607135 0.794639
0.912779 0.0350543 0.406957
0.447392 0.894355 6.04254e-05
0.507351 5.73369e-05 0.861756
0.490233 0.871631 5.96773e-05
0.194871 5.08763e-05 0.980885
0.59202 0.805969 3.53179e-05
0.000104552 0.862046 0.506861
0.83217 9.47345e-05 0.554545
2.15257e-05 0.920853 0.389951
0.607105 6.56441e-05 0.794638
0.743888 0.57311 0.343869
0.470169 0.705359 0.530537
0.894406 9.42331e-05 0.447327
0.471264 0.59341 0.652624
0.632779 0.575469 0.518564
4.51976e-05 0.299296 0.954175
0.848853 0.423809 0.316252
0.507658 0.451676 0.733757
0.744099 0.340659 0.574877
4.78058e-05 0.388857 0.92132
0.895255 0.44565 2.60101e-05
3.40679e-05 0.962267 0.272124
0.308536 0.88047 0.360282
0.424316 0.848395 0.316804
0.861677 3.70604e-05 0.507509
0.0461222 0.732101 0.679674
0.000113861 0.755909 0.654736
0.707342 0.706925 6.75713e-05
4.71791e-05 0.555594 0.831494
0.755929 3.66864e-05 0.654688
0.685382 0.570152 0.453224
0.583744 0.407348 0.702658
0.291562 0.926228 0.239362
0.732202 0.0349412 0.680214
0.574553 0.022806 0.818193
0.243047 0.970072 3.59419e-05
0.262864 0.841319 0.472534
0.36405 0.311982 0.877891
0.753275 0.657797 2.84595e-05
0.476664 0.264889 0.838386
4.26286e-05 0.795671 0.605742
0.799107 0.395198 0.453195
0.644429 0.645544 0.409947
0.000119591 0.93984 0.341902
0.841283 0.262877 0.472441
6.01035e-05 0.832073 0.554679
0.921674 0.388027 5.96401e-05
0.570679 0.68504 0.453196
0.385435 0.622738 0.680939
0.553868 0.83264 1.84159e-05
0.62949 0.457354 0.628306
0.631564 0.21218 0.745842
0.330123 0.943973 2.32912e-05
0.447245 6.60345e-05 0.894494
5.67101e-05 8.84077e-05 1
8.68134e-05 0.89386 0.448361
5.78125e-05 0.499228 0.866485
0.679764 0.387653 0.622722
0.90007 0.354841 0.25301
0.449112 0.39452 0.801672
0.774293 0.499494 0.388803
0.538759 0.650431 0.5355
0.70798 7.59859e-05 0.706258
0.246039 0.35058 0.903665
9.15693e-05 0.986532 0.163612
0.388853 0.500031 0.773849
0.343361 0.69246 0.634663
0.598567 0.532538 0.59851
6.9532e-05 0.44722 0.894433
0.95797 0.286918 1.96464e-05
0.98048 0.196633 3.43391e-05
1 6.75971e-05 8.31899e-05
0.658604 0.752548 5.12489e-05
7.2191e-05 1 6.0344e-05
0.706409 0.470259 0.529112
0.396695 0.798293 0.453183
0.343903 0.000101316 0.939059
0.988309 4.54334e-05 0.152468
