1.66412 2.21875 6
2 0.974613 4.87307
1.60035 4 2.40084
1.83575 4 1.37685
1.53638 2.56089 6
2 0.740526 5.18368
2 4 0
1.75112 4 2.04291
2 1.07102 4.81964
1.95544 4 0.977026
2 1.95603 3.91207
2 0.000817238 6
0.894422 3.57771 6
1.60459 2.88737 5.1328
1.27443 3.83563 4.45202
2 2.77994 3.12863
2 0.604547 5.44092
2 0.469384 5.6863
1.52486 3.66631 3.98248
1.34138 4 3.35321
0.484458 3.88091 6.00002
0.370264 4 5.18368
2 3.56784 1.78392
1.29227 3.55319 4.84706
0.000884451 4 6
1.81532 3.02257 4.22672
2 2.68271 3.35332
1.93688 0.997092 6.00001
2 0.553747 5.53749
2 2.60815 3.47751
2 1.80763 4.21784
1.78392 4 1.78392
2 1.74211 4.35527
1.70867 4 2.27817
1.86894 1.85559 5.57557
1.41419 2.82849 6.00001
1.74421 3.76396 3.17687
1.64495 2.63055 5.58877
1.89738 1.26483 6
0.777401 4 4.66445
1.82269 2.41991 4.85059
1.19971 4 3.59914
1.52717 4 2.49119
0.920994 4 4.14421
1.58184 3.47746 4.42859
2 3.6474 1.45894
2 3.07814 2.4625
1.30407 4 3.47752
2 3.4877 2.09262
2 2.10832 3.68956
1.59992 3.19885 4.79987
2 3.03075 2.52562
2 3.20103 2.40081
1.24939 3.12348 6
0.978017 4 3.91206
1.71503 2.05809 6.00006
2 0.837649 5.02589
0.487318 4.00001 4.87308
2 3.72852 1.24284
2 1.20005 4.80021
1.8389 2.14264 5.20992
0.991981 3.47331 6
1.86426 4 1.24284
2 2.97653 2.62621
2.00001 2.05221 3.75585
0.332726 4 5.3234
1.49196 4.00002 2.61094
0.357751 3.93549 6
1.60003 2.39992 6
2 2.28826 3.60182
2 1.55481 4.66444
2 1.67896 4.47725
1.78901 1.78823 6
2 2.1802 3.63367
1.1093 3.32833 6
0.631982 3.79505 6
1.39011 4 3.12789
2 3.41733 2.27817
2 3.91078 0.977655
1.84828 2.75874 4.62659
0.418851 4 5.02581
1.43741 4 2.87481
0.600014 4 4.80022
2 0.38719 5.80787
1.33368 3.32628 5.34618
1.19973 3.20041 6
2 1.86319 4.09901
2 2.72299 3.26756
2 0.665429 5.32345
1.77838 3.25857 3.82701
1.78231 3.56509 3.56722
2 0.281864 5.91916
1.92791 3.60261 2.42663
2.00003 3.92487 0.87067
1.05426 4 3.68935
0.870989 4 4.35554
2 3.53307 1.92693
0.742703 3.714 6
2 2.87481 2.87481
1.00678 3.70588 5.37547
