0.485797 1.46101 5.07257
1.56155 0.973082 2.30476
0.0034294 3.99961 5.64878
1.97623 0.67011 2.67637
2 3.88744 0.00237623
0.504265 4 2.01691
1.97137 1.5786 1.22502
0.0107395 3.58603 6
0.787071 2.67796 1.66103
0.00822267 4 5.45649
2 2.11761 0.705912
1.36654 3.60485 0.339855
2 1.17134 1.75771
1.19614 2.73505 0.844032
2 3.7546 0.0113023
1.99372 0.00246644 5.79017
1.92683 2.4301 0.485789
0.00104031 3.871 6
2 0.00567866 5.6804
0.00378615 3.75399 6
1.09876 3.45265 0.707008
0.585783 1.17158 6
0.237804 2.38471 4.52305
1.99837 0.799995 2.40001
0.255051 3.99999 3.06804
0.00109346 3.99783 5.80165
0.747952 1.49583 3.21039
1.18247 1.35775 2.22159
0.9823 1.80186 2.0242
1.98159 0.000793168 5.89406
1.52033 0.215086 4.69743
1.19347 0.39643 5.0368
0.961605 0.962242 3.64783
1.9564 0.363539 3.50416
1.5874 0.388395 3.73736
1.51226 2.50371 0.631437
1.89356 0.005669 6
1.97493 2.29413 0.573507
1.97215 1.86107 0.930565
0.800026 0.799961 6
1.95312 1.26484 1.62419
0.445233 4 2.22584
2 2.61147 0.373104
1.47493 4 0.210468
1.34762 1.47417 1.77922
1.30067 3.19673 0.509403
0.432831 1.94145 3.91165
0.914892 3.21599 1.09899
0.711764 1.95175 2.59052
1.29259 0.25857 6
0.691678 1.0168 5.24446
2 3.03185 0.178398
2 0.287349 3.76695
0.410947 3.3309 2.49759
1.02192 0.51095 6
2 0.416965 3.33276
1.58512 3.52267 0.174349
0.85568 2.18057 1.9053
1.1839 1.97516 1.4414
2 0.879187 2.24684
1.65499 2.96732 0.296559
0.329799 3.99006 2.69945
1.31107 2.30537 0.973383
1.42727 1.69643 1.40563
0.962576 0.646339 4.99605
1.38577 0.870527 2.74902
1.92381 0.202962 4.12693
0.235357 3.06345 3.55035
0.640127 4 1.60037
0.896098 1.61806 2.49759
2 1.00839 2.01715
1.99878 2.00263 0.801575
1.01027 2.50696 1.29168
0.930312 4 0.930296
2 1.41773 1.41778
0.404961 2.60684 3.04439
1.91225 4 0.00577737
0.799958 4 1.20009
1.91323 0.579869 2.89946
1.27908 0.737983 3.28323
1.57823 2.03657 0.928003
0.709619 3.91509 1.41764
0.567889 2.16818 2.83907
0.282311 1.95105 6
1.98164 3.95445 0.00064176
1.07818 1.07369 2.98588
0.348727 1.74319 6
1.63102 1.12663 1.97532
0.570863 2.72554 2.26322
2 0.510908 3.06589
1.99997 0.0163355 5.4583
0.601467 3.39395 1.80828
0.0157778 4 5.24783
1.26441 4 0.420563
1.20111 0.593829 3.96249
0.864566 0.857763 4.52305
2 2.77703 0.287315
1.99993 1.67782 1.11463
1.14676 4 0.573414
0.635156 1.28983 4.35423
