1095.63 310.521
23.0528 1948.79
645 660.675
1342.16 185.91
1629.64 85.4693
37.3404 1848.97
859.617 470.417
70.2064 1688.63
144.11 1446.91
1894.04 30.3115
1206.77 249.525
50.7329 1776.13
659.417 646.246
2180.06 7.61452
103.436 1567.54
15.489 2022.33
594.573 713.326
1759.41 54.1659
1181.55 262.644
11.5425 2075.9
1558.5 106.218
769.565 544.228
158.25 1409.7
1231.03 237.292
1948.8 23.0523
976.727 385.504
907.926 433.962
1848.97 37.3401
891.541 446.094
1257.33 224.451
44.0861 1810.56
1072.93 324.028
1810.18 44.1568
2075.9 11.5424
1115.25 299.142
198.371 1313.68
828.719 494.852
115.14 1530.39
300.755 1112.44
1715.48 63.8338
91.5421 1607.87
925.302 421.35
875.443 458.244
286.956 1136.79
7.61444 2180.07
1486.34 129.958
1051.9 336.871
507.123 813.622
438.331 901.99
397.617 958.998
185.723 1342.6
1137.72 286.439
1013.4 361.235
2022.33 15.4892
494.398 829.282
1410.36 157.994
129.959 1486.34
1313.67 198.373
82.8491 1639.3
798.739 519.438
325.927 1069.79
171.651 1376.18
1446.91 144.11
275.184 1158.16
470.416 859.618
60.4927 1730.18
958.996 397.619
1284.83 211.483
1663.94 76.3832
569.258 741.12
1158.15 275.185
1032.41 349.067
312.361 1092.5
421.843 924.616
224.451 1257.33
261.822 1183.1
237.292 1231.03
994.855 373.378
458.242 875.446
336.872 1051.9
752.608 559.044
349.067 1032.41
844.049 482.616
385.501 976.731
361.234 1013.41
727.147 581.876
713.327 594.572
1522.27 117.81
1597.17 94.6167
686.12 620.213
531.806 784.055
373.377 994.855
250.018 1205.81
1376.18 171.651
556.709 755.258
942.893 408.843
620.219 686.113
30.3121 1894.04
409.73 941.634
211.481 1284.83
