1.94351 0.365143
1.07801 0.97335
1.48103 0.641023
1.62803 0.542679
0.00658393 3.28542
0.0584295 2.86314
0.0475606 2.92497
1.82776 0.425329
1.37873 0.716081
0.304269 2.07266
1.53959 0.60055
2.28639 0.217142
2.41718 0.171712
0.566113 1.59152
0.217141 2.2864
2.22832 0.239199
0.171712 2.41718
2.55686 0.129467
0.482267 1.72707
0.32467 2.02783
0.444389 1.79318
0.239198 2.22832
3.28542 0.00658397
0.124007 2.5766
0.148192 2.49234
1.75715 0.464795
0.385359 1.90344
0.000344946 3.45086
3.03758 0.0306814
1.90344 0.385357
0.0248668 3.08353
3.13645 0.0189321
0.0128524 3.20033
0.194669 2.349
1.7976 0.441923
0.260886 2.17405
2.34901 0.194666
1.56839 0.58129
0.282249 2.12302
0.0363955 2.99657
1.98528 0.344748
2.17405 0.260887
1.40759 0.694325
2.83501 0.0637547
0.109966 2.63093
0.405413 1.86491
0.365143 1.94351
0.464796 1.75715
1.86491 0.405411
0.425326 1.82776
1.32886 0.754795
0.757485 1.32546
0.344745 1.98528
0.500674 1.6961
0.0949537 2.69027
2.07478 0.303323
0.60055 1.53959
1.69079 0.503879
0.542678 1.62804
0.716083 1.37873
2.75833 0.0794856
2.95932 0.0420151
1.35359 0.735417
0.85265 1.21056
0.523307 1.659
2.71272 0.0896933
3.45085 0.000345066
0.910185 1.14567
2.12302 0.282248
0.619795 1.51143
1.30356 0.774995
0.639028 1.48386
0.658268 1.45683
0.696787 1.40429
0.793718 1.28053
0.677519 1.43031
1.72118 0.485732
0.0741775 2.78324
1.59785 0.562003
0.735414 1.35359
1.14318 0.91245
1.43524 0.673914
1.0109 1.03943
0.818324 1.25086
0.872477 1.18783
1.18783 0.872477
1.51143 0.619794
1.22942 0.83646
1.25873 0.812837
1.65737 0.524313
2.89325 0.0529926
0.932614 1.12123
2.63096 0.109607
0.97335 1.07801
2.49234 0.148191
2.02895 0.324151
1.12123 0.932615
1.03561 1.01469
1.16538 0.892406
0.952913 1.09951
